0 0 0 0 0 0 0 0 0 0 0 0 0 0 0 0 0 0 0 0 0 0 0 0 0 0 0 0 0 0 0 0 0 0 0 0 0 0 0 0 0
0 0 0 0 0 0 0 0 0 0 0 0 0 0 0 0 0 0 0 0 0 0 0 0 0 0 0 0 0 0 0 0 0 0 0 0 0 0 0 0 0
0 0 0 0 0 0 0 0 0 0 0 0 0 0 0 0 0 0 0 0 0 0 0 0 0 0 0 0 0 0 0 0 0 0 0 0 0 0 0 0 0
0 0 0 0 0 0 0 0 0 0 0 0 0 0 0 0 0 0 0 0 0 0 0 0 0 0 0 0 0 0 0 0 0 0 0 0 0 0 0 0 0
0 0 0 0 0 0 0 0 0 0 0 0 0 0 0 0 0 0 0 0 0 0 0 0 0 0 0 0 0 0 0 0 0 0 0 0 0 0 0 0 0
0 0 0 0 0 0 0 0 0 0 0 0 0 0 0 0 0 0 0 0 0 0 0 0 0 0 0 0 0 0 0 0 0 0 0 0 0 0 0 0 0
0 0 0 0 0 0 0 0 0 0 0 0 0 0 0 0 0 0 0 0 0 0 0 0 0 0 0 0 0 0 0 0 0 0 0 0 0 0 0 0 0
0 0 0 0 0 0 0 0 0 0 0 0 0 0 0 0 0 0 0 0 0 0 0 0 0 0 0 0 0 0 0 0 0 0 0 0 0 0 0 0 0
0 0 0 0 0 0 0 0 0 0 0 0 0 0 0 0 0 0 0 0 0 0 0 0 0 0 0 0 0 0 0 0 0 0 0 0 0 0 0 0 0
0 0 0 0 0 0 0 0 0 0 0 0 0 0 0 0 0 0 0 0 0 0 0 0 0 0 0 0 0 0 0 0 0 0 0 0 0 0 0 0 0
0 0 0 0 0 0 0 0 0 0 0 0 0 0 0 0 0 0 0 0 0 0 0 0 0 0 0 0 0 0 0 0 0 0 0 0 0 0 0 0 0
0 0 0 0 0 0 0 0 0 0 0 0 0 0 0 0 0 0 0 0 0 0 0 0 0 0 0 0 0 0 0 0 0 0 0 0 0 0 0 0 0
0 0 0 0 0 0 0 0 0 0 0 0 0 0 0 0 0 0 0 0 0 0 0 0 0 0 0 0 0 0 0 0 0 0 0 0 0 0 0 0 0
0 0 0 0 0 0 0 0 0 0 0 0 0 0 0 0 0 0 0 0 0 0 0 0 0 0 0 0 0 0 0 0 0 0 0 0 0 0 0 0 0
0 0 0 0 0 0 0 0 0 0 0 0 0 0 0 0 0 0 0 0 0 0 0 0 0 0 0 0 0 0 0 0 0 0 0 0 0 0 0 0 0
8 8 8 8 8 8 8 8 8 8 8 8 8 8 8 8 8 8 8 8 8 8 8 8 8 8 8 8 8 8 8 8 8 8 8 8 8 8 8 8 8
8 8 8 8 8 8 8 8 8 8 8 8 8 8 8 8 8 8 8 8 8 8 8 8 8 8 8 8 8 8 8 8 8 8 8 8 8 8 8 8 8
8 8 8 8 8 8 8 8 8 8 8 8 8 8 8 8 8 8 8 8 8 8 8 8 8 8 8 8 8 8 8 8 8 8 8 8 8 8 8 8 8
8 8 8 8 8 8 8 8 8 8 8 8 8 8 8 8 8 8 8 8 8 8 8 8 8 8 8 8 8 8 8 8 8 8 8 8 8 8 8 8 8
8 8 8 8 8 8 8 8 8 8 8 8 8 8 8 8 8 8 8 8 8 8 8 8 8 8 8 8 8 8 8 8 8 8 8 8 8 8 8 8 8
8 8 8 8 8 8 8 8 8 8 8 8 8 8 8 8 8 8 8 8 8 8 8 8 8 8 8 8 8 8 8 8 8 8 8 8 8 8 8 8 8
8 8 8 8 8 8 8 8 8 8 8 8 8 8 8 8 8 8 8 8 8 8 8 8 8 8 8 8 8 8 8 8 8 8 8 8 8 8 8 8 8
8 8 8 8 8 8 8 8 8 8 8 8 8 8 8 8 8 8 8 8 8 8 8 8 8 8 8 8 8 8 8 8 8 8 8 8 8 8 8 8 8
8 8 8 8 8 8 8 8 8 8 8 8 8 8 8 8 8 8 8 8 8 8 8 8 8 8 8 8 8 8 8 8 8 8 8 8 8 8 8 8 8
8 8 8 8 8 8 8 8 8 8 8 8 8 8 8 8 8 8 8 8 8 8 8 8 8 8 8 8 8 8 8 8 8 8 8 8 8 8 8 8 8
8 8 8 8 8 8 8 8 8 8 8 8 8 8 8 8 8 8 8 8 8 8 8 8 8 8 8 8 8 8 8 8 8 8 8 8 8 8 8 8 8
8 8 8 8 8 8 8 8 8 8 8 8 8 8 8 8 8 8 8 8 8 8 8 8 8 8 8 8 8 8 8 8 8 8 8 8 8 8 8 8 8
8 8 8 8 8 8 8 8 8 8 8 8 8 8 8 8 8 8 8 8 8 8 8 8 8 8 8 8 8 8 8 8 8 8 8 8 8 8 8 8 8
8 8 8 8 8 8 8 8 8 8 8 8 8 8 8 8 8 8 8 8 8 8 8 8 8 8 8 8 8 8 8 8 8 8 8 8 8 8 8 8 8
8 8 8 8 8 8 8 8 8 8 8 8 8 8 8 8 8 8 8 8 8 8 8 8 8 8 8 8 8 8 8 8 8 8 8 8 8 8 8 8 8
10 10 10 15 11 11 5 5 11 15 17 15 15 15 15 15 15 15 15 15 15 15 15 15 15 15 15 15 15 15 15 15 15 17 17 5 5 15 17 17 15
10 10 10 15 11 11 5 5 11 15 17 15 15 15 15 15 15 15 15 15 15 15 15 15 15 15 15 15 15 15 15 15 15 17 17 5 5 15 17 17 15
10 10 10 15 11 11 5 5 11 15 17 15 15 15 15 15 15 15 15 15 15 15 15 15 15 15 15 15 15 15 15 15 15 17 17 5 5 15 17 17 15
10 10 10 15 11 11 5 5 11 15 17 15 15 15 15 15 15 15 15 15 15 15 15 15 15 15 15 15 15 15 15 15 15 17 17 5 5 15 17 17 15
10 10 10 15 11 11 5 5 11 15 17 15 15 15 15 15 15 15 15 15 15 15 15 15 15 15 15 15 15 15 15 15 15 17 17 5 5 15 17 17 15
10 10 10 15 11 11 5 5 11 15 17 15 15 15 15 15 15 15 15 15 15 15 15 15 15 15 15 15 15 15 15 15 15 17 17 5 5 15 17 17 15
10 10 10 15 11 11 5 5 11 15 17 15 15 15 15 15 15 15 15 15 15 15 15 15 15 15 15 15 15 15 15 15 15 17 17 5 5 15 17 17 15
10 10 10 15 11 11 5 5 11 15 17 15 15 15 15 15 15 15 15 15 15 15 15 15 15 15 15 15 15 15 15 15 15 17 17 5 5 15 17 17 15
10 10 10 15 11 11 5 5 11 15 17 15 15 15 15 15 15 15 15 15 15 15 15 15 15 15 15 15 15 15 15 15 15 17 17 5 5 15 17 17 15
10 10 10 11 15 11 5 17 11 15 11 15 15 15 15 15 15 15 15 15 15 15 15 15 15 15 15 15 15 15 15 15 15 17 17 5 5 15 17 17 15
10 10 10 15 11 11 5 5 11 15 17 15 15 15 15 15 15 15 15 15 15 15 15 15 15 15 15 15 15 15 15 15 15 17 17 5 5 15 17 17 15
10 10 10 11 15 11 5 17 11 15 11 15 15 15 15 15 15 15 15 15 15 15 15 15 15 15 15 15 15 15 15 15 15 17 17 5 5 15 17 17 15
10 10 10 15 11 11 5 5 11 15 17 15 15 15 15 15 15 15 15 15 15 15 15 15 15 15 15 15 15 15 15 15 15 17 17 5 5 15 17 17 15
10 10 10 11 15 11 5 17 11 15 11 15 15 15 15 15 15 15 15 15 15 15 15 15 15 15 15 15 15 15 15 15 15 17 17 5 5 15 17 17 15
10 10 10 15 11 11 5 5 11 15 17 15 15 15 15 15 15 15 15 15 15 15 15 15 15 15 15 15 15 15 15 15 15 17 17 5 5 15 17 17 15
12 12 12 2 12 12 2 2 12 2 12 12 2 12 2 2 2 2 2 2 2 2 2 2 2 2 2 2 2 2 2 2 2 2 12 12 2 2 2 12 2
12 12 12 2 12 12 2 2 12 2 12 12 2 12 2 2 2 2 2 2 2 2 2 2 2 2 2 2 2 2 2 2 2 2 12 12 2 2 2 12 2
12 12 12 2 12 12 2 2 12 2 12 12 2 12 2 2 2 2 2 2 2 2 2 2 2 2 2 2 2 2 2 2 2 2 12 12 2 2 2 12 2
12 12 12 2 12 12 2 2 12 2 12 12 2 12 2 2 2 2 2 2 2 2 2 2 2 2 2 2 2 2 2 2 2 2 12 12 2 2 2 12 2
12 12 12 2 12 12 2 2 12 2 12 12 2 12 2 2 2 2 2 2 2 2 2 2 2 2 2 2 2 2 2 2 2 2 12 12 2 2 2 12 2
12 12 12 2 12 12 2 2 12 2 12 12 2 12 2 2 2 2 2 2 2 2 2 2 2 2 2 2 2 2 2 2 2 2 12 12 2 2 2 12 2
12 12 12 2 12 12 2 2 12 2 12 12 2 12 2 2 2 2 2 2 2 2 2 2 2 2 2 2 2 2 2 2 2 2 12 12 2 2 2 12 2
12 12 12 2 12 12 2 2 12 2 12 12 2 12 2 2 2 2 2 2 2 2 2 2 2 2 2 2 2 2 2 2 2 2 12 12 2 2 2 12 2
12 12 12 2 12 12 2 2 12 2 12 12 2 12 2 2 2 2 2 2 2 2 2 2 2 2 2 2 2 2 2 2 2 2 12 12 2 2 2 12 2
12 12 12 2 12 12 2 2 12 2 12 12 2 12 2 2 2 2 2 2 2 2 2 2 2 2 2 2 2 2 2 2 2 2 12 12 2 2 2 12 2
12 12 12 2 12 12 2 2 12 2 12 12 2 12 2 2 2 2 2 2 2 2 2 2 2 2 2 2 2 2 2 2 2 2 12 12 2 2 2 12 2
12 12 12 2 12 12 2 2 12 2 12 12 2 12 2 2 2 2 2 2 2 2 2 2 2 2 2 2 2 2 2 2 2 2 12 12 2 2 2 12 2
12 12 12 2 12 12 2 2 12 2 12 12 2 12 2 2 2 2 2 2 2 2 2 2 2 2 2 2 2 2 2 2 2 2 12 12 2 2 2 12 2
12 12 12 2 12 12 2 2 12 2 12 12 2 12 2 2 2 2 2 2 2 2 2 2 2 2 2 2 2 2 2 2 2 2 12 12 2 2 2 12 2
12 12 12 2 12 12 2 2 12 2 12 12 2 12 2 2 2 2 2 2 2 2 2 2 2 2 2 2 2 2 2 2 2 2 12 12 2 2 2 12 2
16 16 16 6 16 16 6 6 16 6 16 16 6 16 16 6 16 6 6 6 6 6 6 6 6 6 6 6 6 6 6 6 6 6 6 6 16 6 6 6 6
16 16 16 6 16 16 6 6 16 6 16 16 6 16 16 6 16 6 6 6 6 6 6 6 6 6 6 6 6 6 6 6 6 6 6 6 16 6 6 6 6
16 16 16 6 16 16 6 6 16 6 16 16 6 16 16 6 16 6 6 6 6 6 6 6 6 6 6 6 6 6 6 6 6 6 6 6 16 6 6 6 6
16 16 16 6 16 16 6 6 16 6 16 16 6 16 16 6 16 6 6 6 6 6 6 6 6 6 6 6 6 6 6 6 6 6 6 6 16 6 6 6 6
16 16 16 6 16 16 6 6 16 6 16 16 6 16 16 6 16 6 6 6 6 6 6 6 6 6 6 6 6 6 6 6 6 6 6 6 16 6 6 6 6
16 16 16 6 16 16 6 6 16 6 16 16 6 16 16 6 16 6 6 6 6 6 6 6 6 6 6 6 6 6 6 6 6 6 6 6 16 6 6 6 6
16 16 16 6 16 16 6 6 16 6 16 16 6 16 16 6 16 6 6 6 6 6 6 6 6 6 6 6 6 6 6 6 6 6 6 6 16 6 6 6 6
16 16 16 6 16 16 6 6 16 6 16 16 6 16 16 6 16 6 6 6 6 6 6 6 6 6 6 6 6 6 6 6 6 6 6 6 16 6 6 6 6
16 16 16 6 16 16 6 6 16 6 16 16 6 16 16 6 16 6 6 6 6 6 6 6 6 6 6 6 6 6 6 6 6 6 6 6 16 6 6 6 6
16 16 16 6 16 16 6 6 16 6 16 16 6 16 16 6 16 6 6 6 6 6 6 6 6 6 6 6 6 6 6 6 6 6 6 6 16 6 6 6 6
16 16 16 6 16 16 6 6 16 6 16 16 6 16 16 6 16 6 6 6 6 6 6 6 6 6 6 6 6 6 6 6 6 6 6 6 16 6 6 6 6
16 16 16 6 16 16 6 6 16 6 16 16 6 16 16 6 16 6 6 6 6 6 6 6 6 6 6 6 6 6 6 6 6 6 6 6 16 6 6 6 6
16 16 16 6 16 16 6 6 16 6 16 16 6 16 16 6 16 6 6 6 6 6 6 6 6 6 6 6 6 6 6 6 6 6 6 6 16 6 6 6 6
16 16 16 6 16 16 6 6 16 6 16 16 6 16 16 6 16 6 6 6 6 6 6 6 6 6 6 6 6 6 6 6 6 6 6 6 16 6 6 6 6
16 16 16 6 16 16 6 6 16 6 16 16 6 16 16 6 16 6 6 6 6 6 6 6 6 6 6 6 6 6 6 6 6 6 6 6 16 6 6 6 6
7 7 7 7 7 7 7 7 7 7 7 7 7 7 7 7 7 7 7 7 7 7 7 7 7 7 7 7 7 7 7 7 7 7 7 7 7 7 7 7 7
7 7 7 7 7 7 7 7 7 7 7 7 7 7 7 7 7 7 7 7 7 7 7 7 7 7 7 7 7 7 7 7 7 7 7 7 7 7 7 7 7
7 7 7 7 7 7 7 7 7 7 7 7 7 7 7 7 7 7 7 7 7 7 7 7 7 7 7 7 7 7 7 7 7 7 7 7 7 7 7 7 7
7 7 7 7 7 7 7 7 7 7 7 7 7 7 7 7 7 7 7 7 7 7 7 7 7 7 7 7 7 7 7 7 7 7 7 7 7 7 7 7 7
7 7 7 7 7 7 7 7 7 7 7 7 7 7 7 7 7 7 7 7 7 7 7 7 7 7 7 7 7 7 7 7 7 7 7 7 7 7 7 7 7
7 7 7 7 7 7 7 7 7 7 7 7 7 7 7 7 7 7 7 7 7 7 7 7 7 7 7 7 7 7 7 7 7 7 7 7 7 7 7 7 7
7 7 7 7 7 7 7 7 7 7 7 7 7 7 7 7 7 7 7 7 7 7 7 7 7 7 7 7 7 7 7 7 7 7 7 7 7 7 7 7 7
7 7 7 7 7 7 7 7 7 7 7 7 7 7 7 7 7 7 7 7 7 7 7 7 7 7 7 7 7 7 7 7 7 7 7 7 7 7 7 7 7
7 7 7 7 7 7 7 7 7 7 7 7 7 7 7 7 7 7 7 7 7 7 7 7 7 7 7 7 7 7 7 7 7 7 7 7 7 7 7 7 7
7 7 7 7 7 7 7 7 7 7 7 7 7 7 7 7 7 7 7 7 7 7 7 7 7 7 7 7 7 7 7 7 7 7 7 7 7 7 7 7 7
7 7 7 7 7 7 7 7 7 7 7 7 7 7 7 7 7 7 7 7 7 7 7 7 7 7 7 7 7 7 7 7 7 7 7 7 7 7 7 7 7
7 7 7 7 7 7 7 7 7 7 7 7 7 7 7 7 7 7 7 7 7 7 7 7 7 7 7 7 7 7 7 7 7 7 7 7 7 7 7 7 7
7 7 7 7 7 7 7 7 7 7 7 7 7 7 7 7 7 7 7 7 7 7 7 7 7 7 7 7 7 7 7 7 7 7 7 7 7 7 7 7 7
7 7 7 7 7 7 7 7 7 7 7 7 7 7 7 7 7 7 7 7 7 7 7 7 7 7 7 7 7 7 7 7 7 7 7 7 7 7 7 7 7
7 7 7 7 7 7 7 7 7 7 7 7 7 7 7 7 7 7 7 7 7 7 7 7 7 7 7 7 7 7 7 7 7 7 7 7 7 7 7 7 7
14 14 14 4 14 14 4 14 14 4 14 14 4 14 14 4 14 14 4 14 14 4 14 14 4 14 14 14 14 14 14 14 14 14 14 14 14 14 14 14 4
14 14 14 4 14 14 4 14 14 4 14 14 4 14 14 4 14 14 4 14 14 4 14 14 4 14 14 14 14 14 14 14 14 14 14 14 14 14 14 14 4
14 14 14 4 14 14 4 14 14 4 14 14 4 14 14 4 14 14 4 14 14 4 14 14 4 14 14 14 14 14 14 14 14 14 14 14 14 14 14 14 4
14 14 14 4 14 14 4 14 14 4 14 14 4 14 14 4 14 14 4 14 14 4 14 14 4 14 14 14 14 14 14 14 14 14 14 14 14 14 14 14 4
14 14 14 4 14 14 4 14 14 4 14 14 4 14 14 4 14 14 4 14 14 4 14 14 4 14 14 14 14 14 14 14 14 14 14 14 14 14 14 14 4
14 14 14 4 14 14 4 14 14 4 14 14 4 14 14 4 14 14 4 14 14 4 14 14 4 14 14 14 14 14 14 14 14 14 14 14 14 14 14 14 4
14 14 14 4 14 14 4 14 14 4 14 14 4 14 14 4 14 14 4 14 14 4 14 14 4 14 14 14 14 14 14 14 14 14 14 14 14 14 14 14 4
14 14 14 4 14 14 4 14 14 4 14 14 4 14 14 4 14 14 4 14 14 4 14 14 4 14 14 14 14 14 14 14 14 14 14 14 14 14 14 14 4
14 14 14 4 14 14 4 14 14 4 14 14 4 14 14 4 14 14 4 14 14 4 14 14 4 14 14 14 14 14 14 14 14 14 14 14 14 14 14 14 4
14 14 14 4 14 14 4 14 14 4 14 14 4 14 14 4 14 14 4 14 14 4 14 14 4 14 14 14 14 14 14 14 14 14 14 14 14 14 14 14 4
14 14 14 4 14 14 4 14 14 4 14 14 4 14 14 4 14 14 4 14 14 4 14 14 4 14 14 14 14 14 14 14 14 14 14 14 14 14 14 14 4
14 14 14 4 14 14 4 14 14 4 14 14 4 14 14 4 14 14 4 14 14 4 14 14 4 14 14 14 14 14 14 14 14 14 14 14 14 14 14 14 4
14 14 14 4 14 14 4 14 14 4 14 14 4 14 14 4 14 14 4 14 14 4 14 14 4 14 14 14 14 14 14 14 14 14 14 14 14 14 14 14 4
14 14 14 4 14 14 4 14 14 4 14 14 4 14 14 4 14 14 4 14 14 4 14 14 4 14 14 14 14 14 14 14 14 14 14 14 14 14 14 14 4
14 14 14 4 14 14 4 14 14 4 14 14 4 14 14 4 14 14 4 14 14 4 14 14 4 14 14 14 14 14 14 14 14 14 14 14 14 14 14 14 4
7 7 7 7 7 7 7 7 7 7 7 7 7 7 7 7 7 7 7 7 7 7 7 7 7 7 7 7 7 7 7 7 7 7 7 7 7 7 7 7 7
7 7 7 7 7 7 7 7 7 7 7 7 7 7 7 7 7 7 7 7 7 7 7 7 7 7 7 7 7 7 7 7 7 7 7 7 7 7 7 7 7
7 7 7 7 7 7 7 7 7 7 7 7 7 7 7 7 7 7 7 7 7 7 7 7 7 7 7 7 7 7 7 7 7 7 7 7 7 7 7 7 7
7 7 7 7 7 7 7 7 7 7 7 7 7 7 7 7 7 7 7 7 7 7 7 7 7 7 7 7 7 7 7 7 7 7 7 7 7 7 7 7 7
7 7 7 7 7 7 7 7 7 7 7 7 7 7 7 7 7 7 7 7 7 7 7 7 7 7 7 7 7 7 7 7 7 7 7 7 7 7 7 7 7
7 7 7 7 7 7 7 7 7 7 7 7 7 7 7 7 7 7 7 7 7 7 7 7 7 7 7 7 7 7 7 7 7 7 7 7 7 7 7 7 7
7 7 7 7 7 7 7 7 7 7 7 7 7 7 7 7 7 7 7 7 7 7 7 7 7 7 7 7 7 7 7 7 7 7 7 7 7 7 7 7 7
7 7 7 7 7 7 7 7 7 7 7 7 7 7 7 7 7 7 7 7 7 7 7 7 7 7 7 7 7 7 7 7 7 7 7 7 7 7 7 7 7
7 7 7 7 7 7 7 7 7 7 7 7 7 7 7 7 7 7 7 7 7 7 7 7 7 7 7 7 7 7 7 7 7 7 7 7 7 7 7 7 7
7 7 7 7 7 7 7 7 7 7 7 7 7 7 7 7 7 7 7 7 7 7 7 7 7 7 7 7 7 7 7 7 7 7 7 7 7 7 7 7 7
7 7 7 7 7 7 7 7 7 7 7 7 7 7 7 7 7 7 7 7 7 7 7 7 7 7 7 7 7 7 7 7 7 7 7 7 7 7 7 7 7
7 7 7 7 7 7 7 7 7 7 7 7 7 7 7 7 7 7 7 7 7 7 7 7 7 7 7 7 7 7 7 7 7 7 7 7 7 7 7 7 7
7 7 7 7 7 7 7 7 7 7 7 7 7 7 7 7 7 7 7 7 7 7 7 7 7 7 7 7 7 7 7 7 7 7 7 7 7 7 7 7 7
7 7 7 7 7 7 7 7 7 7 7 7 7 7 7 7 7 7 7 7 7 7 7 7 7 7 7 7 7 7 7 7 7 7 7 7 7 7 7 7 7
7 7 7 7 7 7 7 7 7 7 7 7 7 7 7 7 7 7 7 7 7 7 7 7 7 7 7 7 7 7 7 7 7 7 7 7 7 7 7 7 7
1 1 1 9 9 9 1 1 9 9 1 9 9 1 9 9 1 9 9 1 9 9 1 9 9 1 9 9 1 9 9 1 9 9 1 1 9 9 9 9 9
1 1 1 9 9 9 1 1 9 9 1 9 9 1 9 9 1 9 9 1 9 9 1 9 9 1 9 9 1 9 9 1 9 9 1 1 9 9 9 9 9
1 1 1 9 9 9 1 1 9 9 1 9 9 1 9 9 1 9 9 1 9 9 1 9 9 1 9 9 1 9 9 1 9 9 1 1 9 9 9 9 9
1 1 1 9 9 9 1 1 9 9 1 9 9 1 9 9 1 9 9 1 9 9 1 9 9 1 9 9 1 9 9 1 9 9 1 1 9 9 9 9 9
1 1 1 9 9 9 1 1 9 9 1 9 9 1 9 9 1 9 9 1 9 9 1 9 9 1 9 9 1 9 9 1 9 9 1 1 9 9 9 9 9
1 1 1 9 9 9 1 1 9 9 1 9 9 1 9 9 1 9 9 1 9 9 1 9 9 1 9 9 1 9 9 1 9 9 1 1 9 9 9 9 9
1 1 1 9 9 9 1 1 9 9 1 9 9 1 9 9 1 9 9 1 9 9 1 9 9 1 9 9 1 9 9 1 9 9 1 1 9 9 9 9 9
1 1 1 9 9 9 1 1 9 9 1 9 9 1 9 9 1 9 9 1 9 9 1 9 9 1 9 9 1 9 9 1 9 9 1 1 9 9 9 9 9
1 1 1 9 9 9 1 1 9 9 1 9 9 1 9 9 1 9 9 1 9 9 1 9 9 1 9 9 1 9 9 1 9 9 1 1 9 9 9 9 9
1 1 1 9 9 9 1 1 9 9 1 9 9 1 9 9 1 9 9 1 9 9 1 9 9 1 9 9 1 9 9 1 9 9 1 1 9 9 9 9 9
1 1 1 9 9 9 1 1 9 9 1 9 9 1 9 9 1 9 9 1 9 9 1 9 9 1 9 9 1 9 9 1 9 9 1 1 9 9 9 9 9
1 1 1 9 9 9 1 1 9 9 1 9 9 1 9 9 1 9 9 1 9 9 1 9 9 1 9 9 1 9 9 1 9 9 1 1 9 9 9 9 9
1 1 1 9 9 9 1 1 9 9 1 9 9 1 9 9 1 9 9 1 9 9 1 9 9 1 9 9 1 9 9 1 9 9 1 1 9 9 9 9 9
1 1 1 9 9 9 1 1 9 9 1 9 9 1 9 9 1 9 9 1 9 9 1 9 9 1 9 9 1 9 9 1 9 9 1 1 9 9 9 9 9
1 1 1 9 9 9 1 1 9 9 1 9 9 1 9 9 1 9 9 1 9 9 1 9 9 1 9 9 1 9 9 1 9 9 1 1 9 9 9 9 9
3 3 3 13 13 13 3 3 13 13 3 13 13 3 13 13 3 13 13 3 13 13 3 13 13 13 13 13 13 13 13 13 13 13 13 13 13 13 13 3 13
3 3 3 13 13 13 3 3 13 13 3 13 13 3 13 13 3 13 13 3 13 13 3 13 13 13 13 13 13 13 13 13 13 13 13 13 13 13 13 3 13
3 3 3 13 13 13 3 3 13 13 3 13 13 3 13 13 3 13 13 3 13 13 3 13 13 13 13 13 13 13 13 13 13 13 13 13 13 13 13 3 13
3 3 3 13 13 13 3 3 13 13 3 13 13 3 13 13 3 13 13 3 13 13 3 13 13 13 13 13 13 13 13 13 13 13 13 13 13 13 13 3 13
3 3 3 13 13 13 3 3 13 13 3 13 13 3 13 13 3 13 13 3 13 13 3 13 13 13 13 13 13 13 13 13 13 13 13 13 13 13 13 3 13
3 3 3 13 13 13 3 3 13 13 3 13 13 3 13 13 3 13 13 3 13 13 3 13 13 13 13 13 13 13 13 13 13 13 13 13 13 13 13 3 13
3 3 3 13 13 13 3 3 13 13 3 13 13 3 13 13 3 13 13 3 13 13 3 13 13 13 13 13 13 13 13 13 13 13 13 13 13 13 13 3 13
3 3 3 13 13 13 3 3 13 13 3 13 13 3 13 13 3 13 13 3 13 13 3 13 13 13 13 13 13 13 13 13 13 13 13 13 13 13 13 3 13
3 3 3 13 13 13 3 3 13 13 3 13 13 3 13 13 3 13 13 3 13 13 3 13 13 13 13 13 13 13 13 13 13 13 13 13 13 13 13 3 13
3 3 3 13 13 13 3 3 13 13 3 13 13 3 13 13 3 13 13 3 13 13 3 13 13 13 13 13 13 13 13 13 13 13 13 13 13 13 13 3 13
3 3 3 13 13 13 3 3 13 13 3 13 13 3 13 13 3 13 13 3 13 13 3 13 13 13 13 13 13 13 13 13 13 13 13 13 13 13 13 3 13
3 3 3 13 13 13 3 3 13 13 3 13 13 3 13 13 3 13 13 3 13 13 3 13 13 13 13 13 13 13 13 13 13 13 13 13 13 13 13 3 13
3 3 3 13 13 13 3 3 13 13 3 13 13 3 13 13 3 13 13 3 13 13 3 13 13 13 13 13 13 13 13 13 13 13 13 13 13 13 13 3 13
3 3 3 13 13 13 3 3 13 13 3 13 13 3 13 13 3 13 13 3 13 13 3 13 13 13 13 13 13 13 13 13 13 13 13 13 13 13 13 3 13
3 3 3 13 13 13 3 3 13 13 3 13 13 3 13 13 3 13 13 3 13 13 3 13 13 13 13 13 13 13 13 13 13 13 13 13 13 13 13 3 13