55 55 55 57 54 58 62 69 71 77 93 0 0 0 0 0 0 0 0 0 0 0 0 0 0 0 0 0 0 0 0 0 0 0 0 0 0 0 0 0 61
55 55 55 56 61 58 62 69 71 77 93 0 0 0 0 0 0 0 0 0 0 0 0 0 0 0 0 0 0 0 0 0 0 0 0 0 0 0 0 0 61
55 55 55 57 54 58 62 69 71 77 93 0 0 0 0 0 0 0 0 0 0 0 0 0 0 0 0 0 0 0 0 0 0 0 0 0 0 0 0 0 61
55 55 55 56 61 58 62 69 71 77 93 0 0 0 0 0 0 0 0 0 0 0 0 0 0 0 0 0 0 0 0 0 0 0 0 0 0 0 0 0 61
55 55 55 57 54 58 62 69 71 77 93 0 0 0 0 0 0 0 0 0 0 0 0 0 0 0 0 0 0 0 0 0 0 0 0 0 0 0 0 0 61
55 55 55 54 57 58 62 69 71 77 93 0 0 0 0 0 0 0 0 0 0 0 0 0 0 0 0 0 0 0 0 0 0 0 0 0 0 0 0 0 61
55 55 55 57 54 58 62 69 71 77 93 0 0 0 0 0 0 0 0 0 0 0 0 0 0 0 0 0 0 0 0 0 0 0 0 0 0 0 0 0 61
55 55 55 56 61 58 62 69 71 77 93 0 0 0 0 0 0 0 0 0 0 0 0 0 0 0 0 0 0 0 0 0 0 0 0 0 0 0 0 0 61
55 55 55 57 54 58 62 69 71 77 93 0 0 0 0 0 0 0 0 0 0 0 0 0 0 0 0 0 0 0 0 0 0 0 0 0 0 0 0 0 61
55 55 55 56 61 58 62 69 71 77 93 0 0 0 0 0 0 0 0 0 0 0 0 0 0 0 0 0 0 0 0 0 0 0 0 0 0 0 0 0 61
55 55 55 57 54 58 62 69 71 77 93 0 0 0 0 0 0 0 0 0 0 0 0 0 0 0 0 0 0 0 0 0 0 0 0 0 0 0 0 0 61
55 55 55 54 57 58 62 69 71 77 93 0 0 0 0 0 0 0 0 0 0 0 0 0 0 0 0 0 0 0 0 0 0 0 0 0 0 0 0 0 61
55 55 55 57 54 58 62 69 71 77 93 0 0 0 0 0 0 0 0 0 0 0 0 0 0 0 0 0 0 0 0 0 0 0 0 0 0 0 0 0 61
55 55 55 56 61 58 62 69 71 77 93 0 0 0 0 0 0 0 0 0 0 0 0 0 0 0 0 0 0 0 0 0 0 0 0 0 0 0 0 0 61
55 55 55 57 54 58 62 69 71 77 93 0 0 0 0 0 0 0 0 0 0 0 0 0 0 0 0 0 0 0 0 0 0 0 0 0 0 0 0 0 61
59 59 60 67 59 59 68 24 68 78 78 24 24 24 24 24 24 24 24 24 24 24 24 24 24 24 24 24 24 24 24 24 24 24 24 24 24 24 24 24 67
59 59 60 67 59 59 68 24 68 78 78 24 24 24 24 24 24 24 24 24 24 24 24 24 24 24 24 24 24 24 24 24 24 24 24 24 24 24 24 24 67
59 59 60 67 59 59 68 24 68 78 78 24 24 24 24 24 24 24 24 24 24 24 24 24 24 24 24 24 24 24 24 24 24 24 24 24 24 24 24 24 67
59 59 60 59 67 59 68 24 68 78 78 24 24 24 24 24 24 24 24 24 24 24 24 24 24 24 24 24 24 24 24 24 24 24 24 24 24 24 24 24 67
59 59 60 59 67 59 68 24 68 78 78 24 24 24 24 24 24 24 24 24 24 24 24 24 24 24 24 24 24 24 24 24 24 24 24 24 24 24 24 24 67
59 59 60 59 67 59 68 24 68 78 78 24 24 24 24 24 24 24 24 24 24 24 24 24 24 24 24 24 24 24 24 24 24 24 24 24 24 24 24 24 67
59 59 60 67 59 59 68 24 68 78 78 24 24 24 24 24 24 24 24 24 24 24 24 24 24 24 24 24 24 24 24 24 24 24 24 24 24 24 24 24 67
59 59 60 67 59 59 68 24 68 78 78 24 24 24 24 24 24 24 24 24 24 24 24 24 24 24 24 24 24 24 24 24 24 24 24 24 24 24 24 24 67
59 59 60 67 59 59 68 67 68 78 78 24 24 24 24 24 24 24 24 24 24 24 24 24 24 24 24 24 24 24 24 24 24 24 24 24 24 24 24 24 24
59 59 60 59 67 59 68 24 68 78 78 24 24 24 24 24 24 24 24 24 24 24 24 24 24 24 24 24 24 24 24 24 24 24 24 24 24 24 24 24 67
59 59 60 59 67 59 68 67 68 78 78 24 24 24 24 24 24 24 24 24 24 24 24 24 24 24 24 24 24 24 24 24 24 24 24 24 24 24 24 24 24
59 59 60 59 67 59 68 24 68 78 78 24 24 24 24 24 24 24 24 24 24 24 24 24 24 24 24 24 24 24 24 24 24 24 24 24 24 24 24 24 67
59 59 60 67 59 59 68 67 68 78 78 24 24 24 24 24 24 24 24 24 24 24 24 24 24 24 24 24 24 24 24 24 24 24 24 24 24 24 24 24 24
59 59 60 67 59 59 68 24 68 78 78 24 24 24 24 24 24 24 24 24 24 24 24 24 24 24 24 24 24 24 24 24 24 24 24 24 24 24 24 24 67
59 59 60 67 59 59 68 67 68 78 78 24 24 24 24 24 24 24 24 24 24 24 24 24 24 24 24 24 24 24 24 24 24 24 24 24 24 24 24 24 24
63 63 64 70 63 63 76 11 63 74 12 75 10 15 13 17 86 13 13 16 13 13 13 15 13 13 15 15 13 13 16 16 13 13 14 17 86 86 13 17 70
63 63 64 70 63 63 76 11 63 74 12 75 10 15 13 17 86 13 13 16 13 13 13 15 13 13 15 15 13 13 16 16 13 13 14 17 86 86 13 17 70
63 63 64 70 63 63 76 11 63 74 12 75 10 15 13 17 86 13 13 16 13 13 13 15 13 13 15 15 13 13 16 16 13 13 14 17 86 86 13 17 70
63 63 64 70 63 63 76 11 63 74 12 75 10 15 13 17 86 13 13 16 13 13 13 15 13 13 15 15 13 13 16 16 13 13 14 17 86 86 13 17 70
63 63 64 70 63 63 76 11 63 74 12 75 10 15 13 17 86 13 13 16 13 13 13 15 13 13 15 15 13 13 16 16 13 13 14 17 86 86 13 17 70
63 63 64 70 63 63 76 11 63 74 12 75 10 15 13 17 86 13 13 16 13 13 13 15 13 13 15 15 13 13 16 16 13 13 14 17 86 86 13 17 70
63 63 64 70 63 63 76 11 63 74 12 75 10 15 13 17 86 13 13 16 13 13 13 15 13 13 15 15 13 13 16 16 13 13 14 17 86 86 13 17 70
63 63 64 70 63 63 76 11 63 74 12 75 10 15 13 17 86 13 13 16 13 13 13 15 13 13 15 15 13 13 16 16 13 13 14 17 86 86 13 17 70
63 63 64 70 63 63 76 11 63 74 12 75 10 15 13 17 86 13 13 16 13 13 13 15 13 13 15 15 13 13 16 16 13 13 14 17 86 86 13 17 70
63 63 64 63 70 63 76 11 63 74 12 75 10 15 13 17 86 13 13 16 13 13 13 15 13 13 15 13 13 13 16 13 13 13 14 15 86 86 13 16 70
63 63 64 70 63 63 76 11 63 74 12 75 10 15 13 17 86 13 13 16 13 13 13 15 13 13 15 15 13 13 16 16 13 13 14 17 86 86 13 17 70
63 63 64 63 70 63 76 11 63 74 12 75 10 15 13 17 86 13 13 16 13 13 13 15 13 13 15 13 13 13 16 13 13 13 14 15 86 86 13 16 70
63 63 64 70 63 63 76 11 63 74 12 75 10 15 13 17 86 13 13 16 13 13 13 15 13 13 15 15 13 13 16 16 13 13 14 17 86 86 13 17 70
63 63 64 63 70 63 76 11 63 74 12 75 10 15 13 17 86 13 13 16 13 13 13 15 13 13 15 13 13 13 16 13 13 13 14 15 86 86 13 16 70
63 63 64 70 63 63 76 11 63 74 12 75 10 15 13 17 86 13 13 16 13 13 13 15 13 13 15 15 13 13 16 16 13 13 14 17 86 86 13 17 70
66 66 65 73 66 66 50 50 66 50 50 66 50 49 50 73 51 51 51 51 52 52 52 52 52 53 53 53 53 52 53 53 52 52 51 52 52 51 51 51 73
66 66 65 73 66 66 50 50 66 50 50 66 50 49 50 73 51 51 51 51 52 52 52 52 52 53 53 53 53 52 53 53 52 52 51 52 52 51 51 51 73
66 66 65 73 66 66 50 50 66 50 50 66 50 49 50 73 51 51 51 51 52 52 52 52 52 53 53 53 53 52 53 53 52 52 51 52 52 51 51 51 73
66 66 65 73 66 66 50 50 66 50 50 66 50 49 50 73 51 51 51 51 52 52 52 52 52 53 53 53 53 52 53 53 52 52 51 52 52 51 51 51 73
66 66 65 73 66 66 50 50 66 50 50 66 50 49 50 73 51 51 51 51 52 52 52 52 52 53 53 53 53 52 53 53 52 52 51 52 52 51 51 51 73
66 66 65 73 66 66 50 50 66 50 50 66 50 49 50 73 51 51 51 51 52 52 52 52 52 53 53 53 53 52 53 53 52 52 51 52 52 51 51 51 73
66 66 65 73 66 66 50 50 66 50 50 66 50 49 50 73 51 51 51 51 52 52 52 52 52 53 53 53 53 52 53 53 52 52 51 52 52 51 51 51 73
66 66 65 73 66 66 50 50 66 50 50 66 50 49 50 73 51 51 51 51 52 52 52 52 52 53 53 53 53 52 53 53 52 52 51 52 52 51 51 51 73
66 66 65 73 66 66 50 50 66 50 50 66 50 49 50 73 51 51 51 51 52 52 52 52 52 53 53 53 53 52 53 53 52 52 51 52 52 51 51 51 73
66 66 65 73 66 66 50 50 66 50 50 66 50 49 50 73 51 51 51 51 52 52 52 52 52 53 53 53 53 52 53 53 52 52 51 52 52 51 51 51 73
66 66 65 73 66 66 50 50 66 50 50 66 50 49 50 73 51 51 51 51 52 52 52 52 52 53 53 53 53 52 53 53 52 52 51 52 52 51 51 51 73
66 66 65 73 66 66 50 50 66 50 50 66 50 49 50 73 51 51 51 51 52 52 52 52 52 53 53 53 53 52 53 53 52 52 51 52 52 51 51 51 73
66 66 65 73 66 66 50 50 66 50 50 66 50 49 50 73 51 51 51 51 52 52 52 52 52 53 53 53 53 52 53 53 52 52 51 52 52 51 51 51 73
66 66 65 73 66 66 50 50 66 50 50 66 50 49 50 73 51 51 51 51 52 52 52 52 52 53 53 53 53 52 53 53 52 52 51 52 52 51 51 51 73
66 66 65 73 66 66 50 50 66 50 50 66 50 49 50 73 51 51 51 51 52 52 52 52 52 53 53 53 53 52 53 53 52 52 51 52 52 51 51 51 73
72 72 72 84 72 72 37 37 72 38 39 72 41 42 72 44 72 85 84 38 38 41 43 41 38 38 38 40 38 38 41 41 44 41 38 38 38 41 44 85 84
72 72 72 84 72 72 37 37 72 38 39 72 41 42 72 44 72 85 84 38 38 41 43 41 38 38 38 40 38 38 41 41 44 41 38 38 38 41 44 85 84
72 72 72 84 72 72 37 37 72 38 39 72 41 42 72 44 72 85 84 38 38 41 43 41 38 38 38 40 38 38 41 41 44 41 38 38 38 41 44 85 84
72 72 72 84 72 72 37 37 72 38 39 72 41 42 72 44 72 85 84 38 38 41 43 41 38 38 38 40 38 38 41 41 44 41 38 38 38 41 44 85 84
72 72 72 84 72 72 37 37 72 38 39 72 41 42 72 44 72 85 84 38 38 41 43 41 38 38 38 40 38 38 41 41 44 41 38 38 38 41 44 85 84
72 72 72 84 72 72 37 37 72 38 39 72 41 42 72 44 72 85 84 38 38 41 43 41 38 38 38 40 38 38 41 41 44 41 38 38 38 41 44 85 84
72 72 72 84 72 72 37 37 72 38 39 72 41 42 72 44 72 85 84 38 38 41 43 41 38 38 38 40 38 38 41 41 44 41 38 38 38 41 44 85 84
72 72 72 84 72 72 37 37 72 38 39 72 41 42 72 44 72 85 84 38 38 41 43 41 38 38 38 40 38 38 41 41 44 41 38 38 38 41 44 85 84
72 72 72 84 72 72 37 37 72 38 39 72 41 42 72 44 72 85 84 38 38 41 43 41 38 38 38 40 38 38 41 41 44 41 38 38 38 41 44 85 84
72 72 72 84 72 72 37 37 72 38 39 72 41 42 72 44 72 85 84 38 38 41 43 41 38 38 38 40 38 38 41 41 44 41 38 38 38 41 44 85 84
72 72 72 84 72 72 37 37 72 38 39 72 41 42 72 44 72 85 84 38 38 41 43 41 38 38 38 40 38 38 41 41 44 41 38 38 38 41 44 85 84
72 72 72 84 72 72 37 37 72 38 39 72 41 42 72 44 72 85 84 38 38 41 43 41 38 38 38 40 38 38 41 41 44 41 38 38 38 41 44 85 84
72 72 72 84 72 72 37 37 72 38 39 72 41 42 72 44 72 85 84 38 38 41 43 41 38 38 38 40 38 38 41 41 44 41 38 38 38 41 44 85 84
72 72 72 84 72 72 37 37 72 38 39 72 41 42 72 44 72 85 84 38 38 41 43 41 38 38 38 40 38 38 41 41 44 41 38 38 38 41 44 85 84
72 72 72 84 72 72 37 37 72 38 39 72 41 42 72 44 72 85 84 38 38 41 43 41 38 38 38 40 38 38 41 41 44 41 38 38 38 41 44 85 84
28 28 28 92 28 28 25 25 28 26 26 28 27 27 28 28 28 28 92 28 28 28 28 28 92 28 92 92 26 27 28 92 92 27 28 92 92 28 92 92 92
28 28 28 92 28 28 25 25 28 26 26 28 27 27 28 28 28 28 92 28 28 28 28 28 92 28 92 92 26 27 28 92 92 27 28 92 92 28 92 92 92
28 28 28 92 28 28 25 25 28 26 26 28 27 27 28 28 28 28 92 28 28 28 28 28 92 28 92 92 26 27 28 92 92 27 28 92 92 28 92 92 92
28 28 28 92 28 28 25 25 28 26 26 28 27 27 28 28 28 28 92 28 28 28 28 28 92 28 92 92 26 27 28 92 92 27 28 92 92 28 92 92 92
28 28 28 92 28 28 25 25 28 26 26 28 27 27 28 28 28 28 92 28 28 28 28 28 92 28 92 92 26 27 28 92 92 27 28 92 92 28 92 92 92
28 28 28 92 28 28 25 25 28 26 26 28 27 27 28 28 28 28 92 28 28 28 28 28 92 28 92 92 26 27 28 92 92 27 28 92 92 28 92 92 92
28 28 28 92 28 28 25 25 28 26 26 28 27 27 28 28 28 28 92 28 28 28 28 28 92 28 92 92 26 27 28 92 92 27 28 92 92 28 92 92 92
28 28 28 92 28 28 25 25 28 26 26 28 27 27 28 28 28 28 92 28 28 28 28 28 92 28 92 92 26 27 28 92 92 27 28 92 92 28 92 92 92
28 28 28 92 28 28 25 25 28 26 26 28 27 27 28 28 28 28 92 28 28 28 28 28 92 28 92 92 26 27 28 92 92 27 28 92 92 28 92 92 92
28 28 28 92 28 28 25 25 28 26 26 28 27 27 28 28 28 28 92 28 28 28 28 28 92 28 92 92 26 27 28 92 92 27 28 92 92 28 92 92 92
28 28 28 92 28 28 25 25 28 26 26 28 27 27 28 28 28 28 92 28 28 28 28 28 92 28 92 92 26 27 28 92 92 27 28 92 92 28 92 92 92
28 28 28 92 28 28 25 25 28 26 26 28 27 27 28 28 28 28 92 28 28 28 28 28 92 28 92 92 26 27 28 92 92 27 28 92 92 28 92 92 92
28 28 28 92 28 28 25 25 28 26 26 28 27 27 28 28 28 28 92 28 28 28 28 28 92 28 92 92 26 27 28 92 92 27 28 92 92 28 92 92 92
28 28 28 92 28 28 25 25 28 26 26 28 27 27 28 28 28 28 92 28 28 28 28 28 92 28 92 92 26 27 28 92 92 27 28 92 92 28 92 92 92
28 28 28 92 28 28 25 25 28 26 26 28 27 27 28 28 28 28 92 28 28 28 28 28 92 28 92 92 26 27 28 92 92 27 28 92 92 28 92 92 92
23 23 23 18 23 23 21 18 23 18 20 23 20 23 23 20 23 20 23 23 22 20 23 23 19 23 23 20 23 23 23 23 87 87 88 20 20 23 23 20 19
23 23 23 18 23 23 21 18 23 18 20 23 20 23 23 20 23 20 23 23 22 20 23 23 19 23 23 20 23 23 23 23 87 87 88 20 20 23 23 20 19
23 23 23 18 23 23 21 18 23 18 20 23 20 23 23 20 23 20 23 23 22 20 23 23 19 23 23 20 23 23 23 23 87 87 88 20 20 23 23 20 19
23 23 23 18 23 23 21 18 23 18 20 23 20 23 23 20 23 20 23 23 22 20 23 23 19 23 23 20 23 23 23 23 87 87 88 20 20 23 23 20 19
23 23 23 18 23 23 21 18 23 18 20 23 20 23 23 20 23 20 23 23 22 20 23 23 19 23 23 20 23 23 23 23 87 87 88 20 20 23 23 20 19
23 23 23 18 23 23 21 18 23 18 20 23 20 23 23 20 23 20 23 23 22 20 23 23 19 23 23 20 23 23 23 23 87 87 88 20 20 23 23 20 19
23 23 23 18 23 23 21 18 23 18 20 23 20 23 23 20 23 20 23 23 22 20 23 23 19 23 23 20 23 23 23 23 87 87 88 20 20 23 23 20 19
23 23 23 18 23 23 21 18 23 18 20 23 20 23 23 20 23 20 23 23 22 20 23 23 19 23 23 20 23 23 23 23 87 87 88 20 20 23 23 20 19
23 23 23 18 23 23 21 18 23 18 20 23 20 23 23 20 23 20 23 23 22 20 23 23 19 23 23 20 23 23 23 23 87 87 88 20 20 23 23 20 19
23 23 23 18 23 23 21 18 23 18 20 23 20 23 23 20 23 20 23 23 22 20 23 23 19 23 23 20 23 23 23 23 87 87 88 20 20 23 23 20 19
23 23 23 18 23 23 21 18 23 18 20 23 20 23 23 20 23 20 23 23 22 20 23 23 19 23 23 20 23 23 23 23 87 87 88 20 20 23 23 20 19
23 23 23 18 23 23 21 18 23 18 20 23 20 23 23 20 23 20 23 23 22 20 23 23 19 23 23 20 23 23 23 23 87 87 88 20 20 23 23 20 19
23 23 23 18 23 23 21 18 23 18 20 23 20 23 23 20 23 20 23 23 22 20 23 23 19 23 23 20 23 23 23 23 87 87 88 20 20 23 23 20 19
23 23 23 18 23 23 21 18 23 18 20 23 20 23 23 20 23 20 23 23 22 20 23 23 19 23 23 20 23 23 23 23 87 87 88 20 20 23 23 20 19
23 23 23 18 23 23 21 18 23 18 20 23 20 23 23 20 23 20 23 23 22 20 23 23 19 23 23 20 23 23 23 23 87 87 88 20 20 23 23 20 19
46 46 46 45 46 46 45 45 46 45 46 46 45 46 47 45 47 47 46 48 48 47 48 48 48 48 47 48 47 47 47 46 46 48 46 47 47 46 46 46 45
46 46 46 45 46 46 45 45 46 45 46 46 45 46 47 45 47 47 46 48 48 47 48 48 48 48 47 48 47 47 47 46 46 48 46 47 47 46 46 46 45
46 46 46 45 46 46 45 45 46 45 46 46 45 46 47 45 47 47 46 48 48 47 48 48 48 48 47 48 47 47 47 46 46 48 46 47 47 46 46 46 45
46 46 46 45 46 46 45 45 46 45 46 46 45 46 47 45 47 47 46 48 48 47 48 48 48 48 47 48 47 47 47 46 46 48 46 47 47 46 46 46 45
46 46 46 45 46 46 45 45 46 45 46 46 45 46 47 45 47 47 46 48 48 47 48 48 48 48 47 48 47 47 47 46 46 48 46 47 47 46 46 46 45
46 46 46 45 46 46 45 45 46 45 46 46 45 46 47 45 47 47 46 48 48 47 48 48 48 48 47 48 47 47 47 46 46 48 46 47 47 46 46 46 45
46 46 46 45 46 46 45 45 46 45 46 46 45 46 47 45 47 47 46 48 48 47 48 48 48 48 47 48 47 47 47 46 46 48 46 47 47 46 46 46 45
46 46 46 45 46 46 45 45 46 45 46 46 45 46 47 45 47 47 46 48 48 47 48 48 48 48 47 48 47 47 47 46 46 48 46 47 47 46 46 46 45
46 46 46 45 46 46 45 45 46 45 46 46 45 46 47 45 47 47 46 48 48 47 48 48 48 48 47 48 47 47 47 46 46 48 46 47 47 46 46 46 45
46 46 46 45 46 46 45 45 46 45 46 46 45 46 47 45 47 47 46 48 48 47 48 48 48 48 47 48 47 47 47 46 46 48 46 47 47 46 46 46 45
46 46 46 45 46 46 45 45 46 45 46 46 45 46 47 45 47 47 46 48 48 47 48 48 48 48 47 48 47 47 47 46 46 48 46 47 47 46 46 46 45
46 46 46 45 46 46 45 45 46 45 46 46 45 46 47 45 47 47 46 48 48 47 48 48 48 48 47 48 47 47 47 46 46 48 46 47 47 46 46 46 45
46 46 46 45 46 46 45 45 46 45 46 46 45 46 47 45 47 47 46 48 48 47 48 48 48 48 47 48 47 47 47 46 46 48 46 47 47 46 46 46 45
46 46 46 45 46 46 45 45 46 45 46 46 45 46 47 45 47 47 46 48 48 47 48 48 48 48 47 48 47 47 47 46 46 48 46 47 47 46 46 46 45
46 46 46 45 46 46 45 45 46 45 46 46 45 46 47 45 47 47 46 48 48 47 48 48 48 48 47 48 47 47 47 46 46 48 46 47 47 46 46 46 45
79 79 1 79 81 79 2 80 79 79 82 79 81 2 79 83 2 79 9 2 5 9 2 7 9 6 9 9 8 4 4 9 3 2 9 6 6 9 8 4 79
79 79 1 79 81 79 2 80 79 79 82 79 81 2 79 83 2 79 9 2 5 9 2 7 9 6 9 9 8 4 4 9 3 2 9 6 6 9 8 4 79
79 79 1 79 81 79 2 80 79 79 82 79 81 2 79 83 2 79 9 2 5 9 2 7 9 6 9 9 8 4 4 9 3 2 9 6 6 9 8 4 79
79 79 1 79 81 79 2 80 79 79 82 79 81 2 79 83 2 79 9 2 5 9 2 7 9 6 9 9 8 4 4 9 3 2 9 6 6 9 8 4 79
79 79 1 79 81 79 2 80 79 79 82 79 81 2 79 83 2 79 9 2 5 9 2 7 9 6 9 9 8 4 4 9 3 2 9 6 6 9 8 4 79
79 79 1 79 81 79 2 80 79 79 82 79 81 2 79 83 2 79 9 2 5 9 2 7 9 6 9 9 8 4 4 9 3 2 9 6 6 9 8 4 79
79 79 1 79 81 79 2 80 79 79 82 79 81 2 79 83 2 79 9 2 5 9 2 7 9 6 9 9 8 4 4 9 3 2 9 6 6 9 8 4 79
79 79 1 79 81 79 2 80 79 79 82 79 81 2 79 83 2 79 9 2 5 9 2 7 9 6 9 9 8 4 4 9 3 2 9 6 6 9 8 4 79
79 79 1 79 81 79 2 80 79 79 82 79 81 2 79 83 2 79 9 2 5 9 2 7 9 6 9 9 8 4 4 9 3 2 9 6 6 9 8 4 79
79 79 1 79 81 79 2 80 79 79 82 79 81 2 79 83 2 79 9 2 5 9 2 7 9 6 9 9 8 4 4 9 3 2 9 6 6 9 8 4 79
79 79 1 79 81 79 2 80 79 79 82 79 81 2 79 83 2 79 9 2 5 9 2 7 9 6 9 9 8 4 4 9 3 2 9 6 6 9 8 4 79
79 79 1 79 81 79 2 80 79 79 82 79 81 2 79 83 2 79 9 2 5 9 2 7 9 6 9 9 8 4 4 9 3 2 9 6 6 9 8 4 79
79 79 1 79 81 79 2 80 79 79 82 79 81 2 79 83 2 79 9 2 5 9 2 7 9 6 9 9 8 4 4 9 3 2 9 6 6 9 8 4 79
79 79 1 79 81 79 2 80 79 79 82 79 81 2 79 83 2 79 9 2 5 9 2 7 9 6 9 9 8 4 4 9 3 2 9 6 6 9 8 4 79
79 79 1 79 81 79 2 80 79 79 82 79 81 2 79 83 2 79 9 2 5 9 2 7 9 6 9 9 8 4 4 9 3 2 9 6 6 9 8 4 79
33 33 29 36 33 33 30 34 33 33 30 33 33 30 33 33 30 35 36 32 36 36 32 36 36 33 89 36 36 90 89 33 91 33 36 33 35 31 36 30 33
33 33 29 36 33 33 30 34 33 33 30 33 33 30 33 33 30 35 36 32 36 36 32 36 36 33 89 36 36 90 89 33 91 33 36 33 35 31 36 30 33
33 33 29 36 33 33 30 34 33 33 30 33 33 30 33 33 30 35 36 32 36 36 32 36 36 33 89 36 36 90 89 33 91 33 36 33 35 31 36 30 33
33 33 29 36 33 33 30 34 33 33 30 33 33 30 33 33 30 35 36 32 36 36 32 36 36 33 89 36 36 90 89 33 91 33 36 33 35 31 36 30 33
33 33 29 36 33 33 30 34 33 33 30 33 33 30 33 33 30 35 36 32 36 36 32 36 36 33 89 36 36 90 89 33 91 33 36 33 35 31 36 30 33
33 33 29 36 33 33 30 34 33 33 30 33 33 30 33 33 30 35 36 32 36 36 32 36 36 33 89 36 36 90 89 33 91 33 36 33 35 31 36 30 33
33 33 29 36 33 33 30 34 33 33 30 33 33 30 33 33 30 35 36 32 36 36 32 36 36 33 89 36 36 90 89 33 91 33 36 33 35 31 36 30 33
33 33 29 36 33 33 30 34 33 33 30 33 33 30 33 33 30 35 36 32 36 36 32 36 36 33 89 36 36 90 89 33 91 33 36 33 35 31 36 30 33
33 33 29 36 33 33 30 34 33 33 30 33 33 30 33 33 30 35 36 32 36 36 32 36 36 33 89 36 36 90 89 33 91 33 36 33 35 31 36 30 33
33 33 29 36 33 33 30 34 33 33 30 33 33 30 33 33 30 35 36 32 36 36 32 36 36 33 89 36 36 90 89 33 91 33 36 33 35 31 36 30 33
33 33 29 36 33 33 30 34 33 33 30 33 33 30 33 33 30 35 36 32 36 36 32 36 36 33 89 36 36 90 89 33 91 33 36 33 35 31 36 30 33
33 33 29 36 33 33 30 34 33 33 30 33 33 30 33 33 30 35 36 32 36 36 32 36 36 33 89 36 36 90 89 33 91 33 36 33 35 31 36 30 33
33 33 29 36 33 33 30 34 33 33 30 33 33 30 33 33 30 35 36 32 36 36 32 36 36 33 89 36 36 90 89 33 91 33 36 33 35 31 36 30 33
33 33 29 36 33 33 30 34 33 33 30 33 33 30 33 33 30 35 36 32 36 36 32 36 36 33 89 36 36 90 89 33 91 33 36 33 35 31 36 30 33
33 33 29 36 33 33 30 34 33 33 30 33 33 30 33 33 30 35 36 32 36 36 32 36 36 33 89 36 36 90 89 33 91 33 36 33 35 31 36 30 33