0 0 0 0 0 0 0 0 0 0 0 0 0 0 0 0 0 0 0 0 0 0 0 0 0 0 0 0 0 0 0 0 0 0 0 0 0 0 0 0 0
0 0 0 0 0 0 0 0 0 0 0 0 0 0 0 0 0 0 0 0 0 0 0 0 0 0 0 0 0 0 0 0 0 0 0 0 0 0 0 0 0
0 0 0 0 0 0 0 0 0 0 0 0 0 0 0 0 0 0 0 0 0 0 0 0 0 0 0 0 0 0 0 0 0 0 0 0 0 0 0 0 0
0 0 0 0 0 0 0 0 0 0 0 0 0 0 0 0 0 0 0 0 0 0 0 0 0 0 0 0 0 0 0 0 0 0 0 0 0 0 0 0 0
0 0 0 0 0 0 0 0 0 0 0 0 0 0 0 0 0 0 0 0 0 0 0 0 0 0 0 0 0 0 0 0 0 0 0 0 0 0 0 0 0
0 0 0 0 0 0 0 0 0 0 0 0 0 0 0 0 0 0 0 0 0 0 0 0 0 0 0 0 0 0 0 0 0 0 0 0 0 0 0 0 0
0 0 0 0 0 0 0 0 0 0 0 0 0 0 0 0 0 0 0 0 0 0 0 0 0 0 0 0 0 0 0 0 0 0 0 0 0 0 0 0 0
0 0 0 0 0 0 0 0 0 0 0 0 0 0 0 0 0 0 0 0 0 0 0 0 0 0 0 0 0 0 0 0 0 0 0 0 0 0 0 0 0
0 0 0 0 0 0 0 0 0 0 0 0 0 0 0 0 0 0 0 0 0 0 0 0 0 0 0 0 0 0 0 0 0 0 0 0 0 0 0 0 0
0 0 0 0 0 0 0 0 0 0 0 0 0 0 0 0 0 0 0 0 0 0 0 0 0 0 0 0 0 0 0 0 0 0 0 0 0 0 0 0 0
0 0 0 0 0 0 0 0 0 0 0 0 0 0 0 0 0 0 0 0 0 0 0 0 0 0 0 0 0 0 0 0 0 0 0 0 0 0 0 0 0
0 0 0 0 0 0 0 0 0 0 0 0 0 0 0 0 0 0 0 0 0 0 0 0 0 0 0 0 0 0 0 0 0 0 0 0 0 0 0 0 0
0 0 0 0 0 0 0 0 0 0 0 0 0 0 0 0 0 0 0 0 0 0 0 0 0 0 0 0 0 0 0 0 0 0 0 0 0 0 0 0 0
0 0 0 0 0 0 0 0 0 0 0 0 0 0 0 0 0 0 0 0 0 0 0 0 0 0 0 0 0 0 0 0 0 0 0 0 0 0 0 0 0
0 0 0 0 0 0 0 0 0 0 0 0 0 0 0 0 0 0 0 0 0 0 0 0 0 0 0 0 0 0 0 0 0 0 0 0 0 0 0 0 0
11 11 11 11 11 11 11 11 11 11 11 11 11 11 11 11 11 11 11 11 11 11 11 11 11 11 11 11 11 11 11 11 11 11 11 11 11 11 11 11 11
11 11 11 11 11 11 11 11 11 11 11 11 11 11 11 11 11 11 11 11 11 11 11 11 11 11 11 11 11 11 11 11 11 11 11 11 11 11 11 11 11
11 11 11 11 11 11 11 11 11 11 11 11 11 11 11 11 11 11 11 11 11 11 11 11 11 11 11 11 11 11 11 11 11 11 11 11 11 11 11 11 11
11 11 11 11 11 11 11 11 11 11 11 11 11 11 11 11 11 11 11 11 11 11 11 11 11 11 11 11 11 11 11 11 11 11 11 11 11 11 11 11 11
11 11 11 11 11 11 11 11 11 11 11 11 11 11 11 11 11 11 11 11 11 11 11 11 11 11 11 11 11 11 11 11 11 11 11 11 11 11 11 11 11
11 11 11 11 11 11 11 11 11 11 11 11 11 11 11 11 11 11 11 11 11 11 11 11 11 11 11 11 11 11 11 11 11 11 11 11 11 11 11 11 11
11 11 11 11 11 11 11 11 11 11 11 11 11 11 11 11 11 11 11 11 11 11 11 11 11 11 11 11 11 11 11 11 11 11 11 11 11 11 11 11 11
11 11 11 11 11 11 11 11 11 11 11 11 11 11 11 11 11 11 11 11 11 11 11 11 11 11 11 11 11 11 11 11 11 11 11 11 11 11 11 11 11
11 11 11 11 11 11 11 11 11 11 11 11 11 11 11 11 11 11 11 11 11 11 11 11 11 11 11 11 11 11 11 11 11 11 11 11 11 11 11 11 11
11 11 11 11 11 11 11 11 11 11 11 11 11 11 11 11 11 11 11 11 11 11 11 11 11 11 11 11 11 11 11 11 11 11 11 11 11 11 11 11 11
11 11 11 11 11 11 11 11 11 11 11 11 11 11 11 11 11 11 11 11 11 11 11 11 11 11 11 11 11 11 11 11 11 11 11 11 11 11 11 11 11
11 11 11 11 11 11 11 11 11 11 11 11 11 11 11 11 11 11 11 11 11 11 11 11 11 11 11 11 11 11 11 11 11 11 11 11 11 11 11 11 11
11 11 11 11 11 11 11 11 11 11 11 11 11 11 11 11 11 11 11 11 11 11 11 11 11 11 11 11 11 11 11 11 11 11 11 11 11 11 11 11 11
11 11 11 11 11 11 11 11 11 11 11 11 11 11 11 11 11 11 11 11 11 11 11 11 11 11 11 11 11 11 11 11 11 11 11 11 11 11 11 11 11
11 11 11 11 11 11 11 11 11 11 11 11 11 11 11 11 11 11 11 11 11 11 11 11 11 11 11 11 11 11 11 11 11 11 11 11 11 11 11 11 11
13 13 13 59 14 14 3 10 14 23 60 23 23 43 43 59 59 59 59 59 59 59 59 59 59 59 59 59 59 59 59 59 59 60 60 57 57 59 44 60 26
13 13 13 59 14 14 3 10 14 23 60 23 23 43 43 59 59 59 59 59 59 59 59 59 59 59 59 59 59 59 59 59 59 60 60 57 57 59 44 60 26
13 13 13 59 14 14 3 10 14 23 60 23 23 43 43 59 59 59 59 59 59 59 59 59 59 59 59 59 59 59 59 59 59 60 60 57 57 59 44 60 26
13 13 13 59 14 14 3 10 14 23 60 23 23 43 43 59 59 59 59 59 59 59 59 59 59 59 59 59 59 59 59 59 59 60 60 57 57 59 44 60 26
13 13 13 59 14 14 3 10 14 23 60 23 23 43 43 59 59 59 59 59 59 59 59 59 59 59 59 59 59 59 59 59 59 60 60 57 57 59 44 60 26
13 13 13 59 14 14 3 10 14 23 60 23 23 43 43 59 59 59 59 59 59 59 59 59 59 59 59 59 59 59 59 59 59 60 60 57 57 59 44 60 26
13 13 13 59 14 14 3 10 14 23 60 23 23 43 43 59 59 59 59 59 59 59 59 59 59 59 59 59 59 59 59 59 59 60 60 57 57 59 44 60 26
13 13 13 59 14 14 3 10 14 23 60 23 23 43 43 59 59 59 59 59 59 59 59 59 59 59 59 59 59 59 59 59 59 60 60 57 57 59 44 60 26
13 13 13 59 14 14 3 10 14 23 60 23 23 43 43 59 59 59 59 59 59 59 59 59 59 59 59 59 59 59 59 59 59 60 60 57 57 59 44 60 26
13 13 13 14 59 14 3 60 14 23 15 23 23 43 43 59 59 59 59 59 59 59 59 59 59 59 59 59 59 59 59 59 59 60 60 57 57 43 60 27 59
13 13 13 59 14 14 3 10 14 23 60 23 23 43 43 59 59 59 59 59 59 59 59 59 59 59 59 59 59 59 59 59 59 60 60 57 57 59 44 60 26
13 13 13 14 59 14 3 60 14 23 15 23 23 43 43 59 59 59 59 59 59 59 59 59 59 59 59 59 59 59 59 59 59 60 60 57 57 43 60 27 59
13 13 13 59 14 14 3 10 14 23 60 23 23 43 43 59 59 59 59 59 59 59 59 59 59 59 59 59 59 59 59 59 59 60 60 57 57 59 44 60 26
13 13 13 14 59 14 3 60 14 23 15 23 23 43 43 59 59 59 59 59 59 59 59 59 59 59 59 59 59 59 59 59 59 60 60 57 57 43 60 27 59
13 13 13 59 14 14 3 10 14 23 60 23 23 43 43 59 59 59 59 59 59 59 59 59 59 59 59 59 59 59 59 59 59 60 60 57 57 59 44 60 26
16 16 16 56 16 16 8 30 16 31 32 16 31 32 31 33 33 33 33 33 56 56 56 56 56 56 56 56 56 56 56 56 56 56 34 34 56 33 33 34 33
16 16 16 56 16 16 8 30 16 31 32 16 31 32 31 33 33 33 33 33 56 56 56 56 56 56 56 56 56 56 56 56 56 56 34 34 56 33 33 34 33
16 16 16 56 16 16 8 30 16 31 32 16 31 32 31 33 33 33 33 33 56 56 56 56 56 56 56 56 56 56 56 56 56 56 34 34 56 33 33 34 33
16 16 16 56 16 16 8 30 16 31 32 16 31 32 31 33 33 33 33 33 56 56 56 56 56 56 56 56 56 56 56 56 56 56 34 34 56 33 33 34 33
16 16 16 56 16 16 8 30 16 31 32 16 31 32 31 33 33 33 33 33 56 56 56 56 56 56 56 56 56 56 56 56 56 56 34 34 56 33 33 34 33
16 16 16 56 16 16 8 30 16 31 32 16 31 32 31 33 33 33 33 33 56 56 56 56 56 56 56 56 56 56 56 56 56 56 34 34 56 33 33 34 33
16 16 16 56 16 16 8 30 16 31 32 16 31 32 31 33 33 33 33 33 56 56 56 56 56 56 56 56 56 56 56 56 56 56 34 34 56 33 33 34 33
16 16 16 56 16 16 8 30 16 31 32 16 31 32 31 33 33 33 33 33 56 56 56 56 56 56 56 56 56 56 56 56 56 56 34 34 56 33 33 34 33
16 16 16 56 16 16 8 30 16 31 32 16 31 32 31 33 33 33 33 33 56 56 56 56 56 56 56 56 56 56 56 56 56 56 34 34 56 33 33 34 33
16 16 16 56 16 16 8 30 16 31 32 16 31 32 31 33 33 33 33 33 56 56 56 56 56 56 56 56 56 56 56 56 56 56 34 34 56 33 33 34 33
16 16 16 56 16 16 8 30 16 31 32 16 31 32 31 33 33 33 33 33 56 56 56 56 56 56 56 56 56 56 56 56 56 56 34 34 56 33 33 34 33
16 16 16 56 16 16 8 30 16 31 32 16 31 32 31 33 33 33 33 33 56 56 56 56 56 56 56 56 56 56 56 56 56 56 34 34 56 33 33 34 33
16 16 16 56 16 16 8 30 16 31 32 16 31 32 31 33 33 33 33 33 56 56 56 56 56 56 56 56 56 56 56 56 56 56 34 34 56 33 33 34 33
16 16 16 56 16 16 8 30 16 31 32 16 31 32 31 33 33 33 33 33 56 56 56 56 56 56 56 56 56 56 56 56 56 56 34 34 56 33 33 34 33
16 16 16 56 16 16 8 30 16 31 32 16 31 32 31 33 33 33 33 33 56 56 56 56 56 56 56 56 56 56 56 56 56 56 34 34 56 33 33 34 33
24 24 24 28 25 25 7 53 25 53 54 25 53 52 25 53 52 53 53 28 28 28 28 28 28 28 28 28 28 28 28 28 28 28 28 28 29 28 53 53 53
24 24 24 28 25 25 7 53 25 53 54 25 53 52 25 53 52 53 53 28 28 28 28 28 28 28 28 28 28 28 28 28 28 28 28 28 29 28 53 53 53
24 24 24 28 25 25 7 53 25 53 54 25 53 52 25 53 52 53 53 28 28 28 28 28 28 28 28 28 28 28 28 28 28 28 28 28 29 28 53 53 53
24 24 24 28 25 25 7 53 25 53 54 25 53 52 25 53 52 53 53 28 28 28 28 28 28 28 28 28 28 28 28 28 28 28 28 28 29 28 53 53 53
24 24 24 28 25 25 7 53 25 53 54 25 53 52 25 53 52 53 53 28 28 28 28 28 28 28 28 28 28 28 28 28 28 28 28 28 29 28 53 53 53
24 24 24 28 25 25 7 53 25 53 54 25 53 52 25 53 52 53 53 28 28 28 28 28 28 28 28 28 28 28 28 28 28 28 28 28 29 28 53 53 53
24 24 24 28 25 25 7 53 25 53 54 25 53 52 25 53 52 53 53 28 28 28 28 28 28 28 28 28 28 28 28 28 28 28 28 28 29 28 53 53 53
24 24 24 28 25 25 7 53 25 53 54 25 53 52 25 53 52 53 53 28 28 28 28 28 28 28 28 28 28 28 28 28 28 28 28 28 29 28 53 53 53
24 24 24 28 25 25 7 53 25 53 54 25 53 52 25 53 52 53 53 28 28 28 28 28 28 28 28 28 28 28 28 28 28 28 28 28 29 28 53 53 53
24 24 24 28 25 25 7 53 25 53 54 25 53 52 25 53 52 53 53 28 28 28 28 28 28 28 28 28 28 28 28 28 28 28 28 28 29 28 53 53 53
24 24 24 28 25 25 7 53 25 53 54 25 53 52 25 53 52 53 53 28 28 28 28 28 28 28 28 28 28 28 28 28 28 28 28 28 29 28 53 53 53
24 24 24 28 25 25 7 53 25 53 54 25 53 52 25 53 52 53 53 28 28 28 28 28 28 28 28 28 28 28 28 28 28 28 28 28 29 28 53 53 53
24 24 24 28 25 25 7 53 25 53 54 25 53 52 25 53 52 53 53 28 28 28 28 28 28 28 28 28 28 28 28 28 28 28 28 28 29 28 53 53 53
24 24 24 28 25 25 7 53 25 53 54 25 53 52 25 53 52 53 53 28 28 28 28 28 28 28 28 28 28 28 28 28 28 28 28 28 29 28 53 53 53
24 24 24 28 25 25 7 53 25 53 54 25 53 52 25 53 52 53 53 28 28 28 28 28 28 28 28 28 28 28 28 28 28 28 28 28 29 28 53 53 53
45 45 45 46 46 46 5 45 46 38 46 46 46 46 46 46 46 46 46 46 46 46 46 46 46 46 46 46 38 38 46 46 46 46 46 46 46 46 46 46 46
45 45 45 46 46 46 5 45 46 38 46 46 46 46 46 46 46 46 46 46 46 46 46 46 46 46 46 46 38 38 46 46 46 46 46 46 46 46 46 46 46
45 45 45 46 46 46 5 45 46 38 46 46 46 46 46 46 46 46 46 46 46 46 46 46 46 46 46 46 38 38 46 46 46 46 46 46 46 46 46 46 46
45 45 45 46 46 46 5 45 46 38 46 46 46 46 46 46 46 46 46 46 46 46 46 46 46 46 46 46 38 38 46 46 46 46 46 46 46 46 46 46 46
45 45 45 46 46 46 5 45 46 38 46 46 46 46 46 46 46 46 46 46 46 46 46 46 46 46 46 46 38 38 46 46 46 46 46 46 46 46 46 46 46
45 45 45 46 46 46 5 45 46 38 46 46 46 46 46 46 46 46 46 46 46 46 46 46 46 46 46 46 38 38 46 46 46 46 46 46 46 46 46 46 46
45 45 45 46 46 46 5 45 46 38 46 46 46 46 46 46 46 46 46 46 46 46 46 46 46 46 46 46 38 38 46 46 46 46 46 46 46 46 46 46 46
45 45 45 46 46 46 5 45 46 38 46 46 46 46 46 46 46 46 46 46 46 46 46 46 46 46 46 46 38 38 46 46 46 46 46 46 46 46 46 46 46
45 45 45 46 46 46 5 45 46 38 46 46 46 46 46 46 46 46 46 46 46 46 46 46 46 46 46 46 38 38 46 46 46 46 46 46 46 46 46 46 46
45 45 45 46 46 46 5 45 46 38 46 46 46 46 46 46 46 46 46 46 46 46 46 46 46 46 46 46 38 38 46 46 46 46 46 46 46 46 46 46 46
45 45 45 46 46 46 5 45 46 38 46 46 46 46 46 46 46 46 46 46 46 46 46 46 46 46 46 46 38 38 46 46 46 46 46 46 46 46 46 46 46
45 45 45 46 46 46 5 45 46 38 46 46 46 46 46 46 46 46 46 46 46 46 46 46 46 46 46 46 38 38 46 46 46 46 46 46 46 46 46 46 46
45 45 45 46 46 46 5 45 46 38 46 46 46 46 46 46 46 46 46 46 46 46 46 46 46 46 46 46 38 38 46 46 46 46 46 46 46 46 46 46 46
45 45 45 46 46 46 5 45 46 38 46 46 46 46 46 46 46 46 46 46 46 46 46 46 46 46 46 46 38 38 46 46 46 46 46 46 46 46 46 46 46
45 45 45 46 46 46 5 45 46 38 46 46 46 46 46 46 46 46 46 46 46 46 46 46 46 46 46 46 38 38 46 46 46 46 46 46 46 46 46 46 46
20 20 20 41 22 22 9 19 22 37 21 55 37 22 55 37 55 55 37 55 55 37 55 55 41 55 22 42 55 22 21 22 21 22 58 42 42 42 42 42 41
20 20 20 41 22 22 9 19 22 37 21 55 37 22 55 37 55 55 37 55 55 37 55 55 41 55 22 42 55 22 21 22 21 22 58 42 42 42 42 42 41
20 20 20 41 22 22 9 19 22 37 21 55 37 22 55 37 55 55 37 55 55 37 55 55 41 55 22 42 55 22 21 22 21 22 58 42 42 42 42 42 41
20 20 20 41 22 22 9 19 22 37 21 55 37 22 55 37 55 55 37 55 55 37 55 55 41 55 22 42 55 22 21 22 21 22 58 42 42 42 42 42 41
20 20 20 41 22 22 9 19 22 37 21 55 37 22 55 37 55 55 37 55 55 37 55 55 41 55 22 42 55 22 21 22 21 22 58 42 42 42 42 42 41
20 20 20 41 22 22 9 19 22 37 21 55 37 22 55 37 55 55 37 55 55 37 55 55 41 55 22 42 55 22 21 22 21 22 58 42 42 42 42 42 41
20 20 20 41 22 22 9 19 22 37 21 55 37 22 55 37 55 55 37 55 55 37 55 55 41 55 22 42 55 22 21 22 21 22 58 42 42 42 42 42 41
20 20 20 41 22 22 9 19 22 37 21 55 37 22 55 37 55 55 37 55 55 37 55 55 41 55 22 42 55 22 21 22 21 22 58 42 42 42 42 42 41
20 20 20 41 22 22 9 19 22 37 21 55 37 22 55 37 55 55 37 55 55 37 55 55 41 55 22 42 55 22 21 22 21 22 58 42 42 42 42 42 41
20 20 20 41 22 22 9 19 22 37 21 55 37 22 55 37 55 55 37 55 55 37 55 55 41 55 22 42 55 22 21 22 21 22 58 42 42 42 42 42 41
20 20 20 41 22 22 9 19 22 37 21 55 37 22 55 37 55 55 37 55 55 37 55 55 41 55 22 42 55 22 21 22 21 22 58 42 42 42 42 42 41
20 20 20 41 22 22 9 19 22 37 21 55 37 22 55 37 55 55 37 55 55 37 55 55 41 55 22 42 55 22 21 22 21 22 58 42 42 42 42 42 41
20 20 20 41 22 22 9 19 22 37 21 55 37 22 55 37 55 55 37 55 55 37 55 55 41 55 22 42 55 22 21 22 21 22 58 42 42 42 42 42 41
20 20 20 41 22 22 9 19 22 37 21 55 37 22 55 37 55 55 37 55 55 37 55 55 41 55 22 42 55 22 21 22 21 22 58 42 42 42 42 42 41
20 20 20 41 22 22 9 19 22 37 21 55 37 22 55 37 55 55 37 55 55 37 55 55 41 55 22 42 55 22 21 22 21 22 58 42 42 42 42 42 41
47 47 47 35 50 50 4 47 36 35 50 36 35 50 36 35 50 50 36 50 50 50 50 50 50 50 50 50 36 50 50 36 50 50 36 50 50 36 36 36 35
47 47 47 35 50 50 4 47 36 35 50 36 35 50 36 35 50 50 36 50 50 50 50 50 50 50 50 50 36 50 50 36 50 50 36 50 50 36 36 36 35
47 47 47 35 50 50 4 47 36 35 50 36 35 50 36 35 50 50 36 50 50 50 50 50 50 50 50 50 36 50 50 36 50 50 36 50 50 36 36 36 35
47 47 47 35 50 50 4 47 36 35 50 36 35 50 36 35 50 50 36 50 50 50 50 50 50 50 50 50 36 50 50 36 50 50 36 50 50 36 36 36 35
47 47 47 35 50 50 4 47 36 35 50 36 35 50 36 35 50 50 36 50 50 50 50 50 50 50 50 50 36 50 50 36 50 50 36 50 50 36 36 36 35
47 47 47 35 50 50 4 47 36 35 50 36 35 50 36 35 50 50 36 50 50 50 50 50 50 50 50 50 36 50 50 36 50 50 36 50 50 36 36 36 35
47 47 47 35 50 50 4 47 36 35 50 36 35 50 36 35 50 50 36 50 50 50 50 50 50 50 50 50 36 50 50 36 50 50 36 50 50 36 36 36 35
47 47 47 35 50 50 4 47 36 35 50 36 35 50 36 35 50 50 36 50 50 50 50 50 50 50 50 50 36 50 50 36 50 50 36 50 50 36 36 36 35
47 47 47 35 50 50 4 47 36 35 50 36 35 50 36 35 50 50 36 50 50 50 50 50 50 50 50 50 36 50 50 36 50 50 36 50 50 36 36 36 35
47 47 47 35 50 50 4 47 36 35 50 36 35 50 36 35 50 50 36 50 50 50 50 50 50 50 50 50 36 50 50 36 50 50 36 50 50 36 36 36 35
47 47 47 35 50 50 4 47 36 35 50 36 35 50 36 35 50 50 36 50 50 50 50 50 50 50 50 50 36 50 50 36 50 50 36 50 50 36 36 36 35
47 47 47 35 50 50 4 47 36 35 50 36 35 50 36 35 50 50 36 50 50 50 50 50 50 50 50 50 36 50 50 36 50 50 36 50 50 36 36 36 35
47 47 47 35 50 50 4 47 36 35 50 36 35 50 36 35 50 50 36 50 50 50 50 50 50 50 50 50 36 50 50 36 50 50 36 50 50 36 36 36 35
47 47 47 35 50 50 4 47 36 35 50 36 35 50 36 35 50 50 36 50 50 50 50 50 50 50 50 50 36 50 50 36 50 50 36 50 50 36 36 36 35
47 47 47 35 50 50 4 47 36 35 50 36 35 50 36 35 50 50 36 50 50 50 50 50 50 50 50 50 36 50 50 36 50 50 36 50 50 36 36 36 35
1 1 1 12 12 12 1 1 12 12 1 12 12 1 12 12 1 12 12 1 12 12 1 12 12 1 12 12 1 12 12 1 12 12 1 1 12 12 12 12 12
1 1 1 12 12 12 1 1 12 12 1 12 12 1 12 12 1 12 12 1 12 12 1 12 12 1 12 12 1 12 12 1 12 12 1 1 12 12 12 12 12
1 1 1 12 12 12 1 1 12 12 1 12 12 1 12 12 1 12 12 1 12 12 1 12 12 1 12 12 1 12 12 1 12 12 1 1 12 12 12 12 12
1 1 1 12 12 12 1 1 12 12 1 12 12 1 12 12 1 12 12 1 12 12 1 12 12 1 12 12 1 12 12 1 12 12 1 1 12 12 12 12 12
1 1 1 12 12 12 1 1 12 12 1 12 12 1 12 12 1 12 12 1 12 12 1 12 12 1 12 12 1 12 12 1 12 12 1 1 12 12 12 12 12
1 1 1 12 12 12 1 1 12 12 1 12 12 1 12 12 1 12 12 1 12 12 1 12 12 1 12 12 1 12 12 1 12 12 1 1 12 12 12 12 12
1 1 1 12 12 12 1 1 12 12 1 12 12 1 12 12 1 12 12 1 12 12 1 12 12 1 12 12 1 12 12 1 12 12 1 1 12 12 12 12 12
1 1 1 12 12 12 1 1 12 12 1 12 12 1 12 12 1 12 12 1 12 12 1 12 12 1 12 12 1 12 12 1 12 12 1 1 12 12 12 12 12
1 1 1 12 12 12 1 1 12 12 1 12 12 1 12 12 1 12 12 1 12 12 1 12 12 1 12 12 1 12 12 1 12 12 1 1 12 12 12 12 12
1 1 1 12 12 12 1 1 12 12 1 12 12 1 12 12 1 12 12 1 12 12 1 12 12 1 12 12 1 12 12 1 12 12 1 1 12 12 12 12 12
1 1 1 12 12 12 1 1 12 12 1 12 12 1 12 12 1 12 12 1 12 12 1 12 12 1 12 12 1 12 12 1 12 12 1 1 12 12 12 12 12
1 1 1 12 12 12 1 1 12 12 1 12 12 1 12 12 1 12 12 1 12 12 1 12 12 1 12 12 1 12 12 1 12 12 1 1 12 12 12 12 12
1 1 1 12 12 12 1 1 12 12 1 12 12 1 12 12 1 12 12 1 12 12 1 12 12 1 12 12 1 12 12 1 12 12 1 1 12 12 12 12 12
1 1 1 12 12 12 1 1 12 12 1 12 12 1 12 12 1 12 12 1 12 12 1 12 12 1 12 12 1 12 12 1 12 12 1 1 12 12 12 12 12
1 1 1 12 12 12 1 1 12 12 1 12 12 1 12 12 1 12 12 1 12 12 1 12 12 1 12 12 1 12 12 1 12 12 1 1 12 12 12 12 12
6 6 6 17 40 40 2 48 51 40 39 51 51 39 51 51 39 51 51 39 49 51 39 49 49 51 49 18 51 51 40 40 51 40 51 40 51 40 51 39 51
6 6 6 17 40 40 2 48 51 40 39 51 51 39 51 51 39 51 51 39 49 51 39 49 49 51 49 18 51 51 40 40 51 40 51 40 51 40 51 39 51
6 6 6 17 40 40 2 48 51 40 39 51 51 39 51 51 39 51 51 39 49 51 39 49 49 51 49 18 51 51 40 40 51 40 51 40 51 40 51 39 51
6 6 6 17 40 40 2 48 51 40 39 51 51 39 51 51 39 51 51 39 49 51 39 49 49 51 49 18 51 51 40 40 51 40 51 40 51 40 51 39 51
6 6 6 17 40 40 2 48 51 40 39 51 51 39 51 51 39 51 51 39 49 51 39 49 49 51 49 18 51 51 40 40 51 40 51 40 51 40 51 39 51
6 6 6 17 40 40 2 48 51 40 39 51 51 39 51 51 39 51 51 39 49 51 39 49 49 51 49 18 51 51 40 40 51 40 51 40 51 40 51 39 51
6 6 6 17 40 40 2 48 51 40 39 51 51 39 51 51 39 51 51 39 49 51 39 49 49 51 49 18 51 51 40 40 51 40 51 40 51 40 51 39 51
6 6 6 17 40 40 2 48 51 40 39 51 51 39 51 51 39 51 51 39 49 51 39 49 49 51 49 18 51 51 40 40 51 40 51 40 51 40 51 39 51
6 6 6 17 40 40 2 48 51 40 39 51 51 39 51 51 39 51 51 39 49 51 39 49 49 51 49 18 51 51 40 40 51 40 51 40 51 40 51 39 51
6 6 6 17 40 40 2 48 51 40 39 51 51 39 51 51 39 51 51 39 49 51 39 49 49 51 49 18 51 51 40 40 51 40 51 40 51 40 51 39 51
6 6 6 17 40 40 2 48 51 40 39 51 51 39 51 51 39 51 51 39 49 51 39 49 49 51 49 18 51 51 40 40 51 40 51 40 51 40 51 39 51
6 6 6 17 40 40 2 48 51 40 39 51 51 39 51 51 39 51 51 39 49 51 39 49 49 51 49 18 51 51 40 40 51 40 51 40 51 40 51 39 51
6 6 6 17 40 40 2 48 51 40 39 51 51 39 51 51 39 51 51 39 49 51 39 49 49 51 49 18 51 51 40 40 51 40 51 40 51 40 51 39 51
6 6 6 17 40 40 2 48 51 40 39 51 51 39 51 51 39 51 51 39 49 51 39 49 49 51 49 18 51 51 40 40 51 40 51 40 51 40 51 39 51
6 6 6 17 40 40 2 48 51 40 39 51 51 39 51 51 39 51 51 39 49 51 39 49 49 51 49 18 51 51 40 40 51 40 51 40 51 40 51 39 51