0 0 0 4 1 3 6 12 20 44 44 44 44 44 44 44 44 44 44 44 44 44 44 44 44 44 44 44 44 44 44 44 44 44 44 44 44 44 44 44 9
0 0 0 2 9 3 6 12 20 44 44 44 44 44 44 44 44 44 44 44 44 44 44 44 44 44 44 44 44 44 44 44 44 44 44 44 44 44 44 44 9
0 0 0 4 1 3 6 12 20 44 44 44 44 44 44 44 44 44 44 44 44 44 44 44 44 44 44 44 44 44 44 44 44 44 44 44 44 44 44 44 9
0 0 0 2 9 3 6 12 20 44 44 44 44 44 44 44 44 44 44 44 44 44 44 44 44 44 44 44 44 44 44 44 44 44 44 44 44 44 44 44 9
0 0 0 4 1 3 6 12 20 44 44 44 44 44 44 44 44 44 44 44 44 44 44 44 44 44 44 44 44 44 44 44 44 44 44 44 44 44 44 44 9
0 0 0 1 4 3 6 12 20 44 44 44 44 44 44 44 44 44 44 44 44 44 44 44 44 44 44 44 44 44 44 44 44 44 44 44 44 44 44 44 9
0 0 0 4 1 3 6 12 20 44 44 44 44 44 44 44 44 44 44 44 44 44 44 44 44 44 44 44 44 44 44 44 44 44 44 44 44 44 44 44 9
0 0 0 2 9 3 6 12 20 44 44 44 44 44 44 44 44 44 44 44 44 44 44 44 44 44 44 44 44 44 44 44 44 44 44 44 44 44 44 44 9
0 0 0 4 1 3 6 12 20 44 44 44 44 44 44 44 44 44 44 44 44 44 44 44 44 44 44 44 44 44 44 44 44 44 44 44 44 44 44 44 9
0 0 0 2 9 3 6 12 20 44 44 44 44 44 44 44 44 44 44 44 44 44 44 44 44 44 44 44 44 44 44 44 44 44 44 44 44 44 44 44 9
0 0 0 4 1 3 6 12 20 44 44 44 44 44 44 44 44 44 44 44 44 44 44 44 44 44 44 44 44 44 44 44 44 44 44 44 44 44 44 44 9
0 0 0 1 4 3 6 12 20 44 44 44 44 44 44 44 44 44 44 44 44 44 44 44 44 44 44 44 44 44 44 44 44 44 44 44 44 44 44 44 9
0 0 0 4 1 3 6 12 20 44 44 44 44 44 44 44 44 44 44 44 44 44 44 44 44 44 44 44 44 44 44 44 44 44 44 44 44 44 44 44 9
0 0 0 2 9 3 6 12 20 44 44 44 44 44 44 44 44 44 44 44 44 44 44 44 44 44 44 44 44 44 44 44 44 44 44 44 44 44 44 44 9
0 0 0 4 1 3 6 12 20 44 44 44 44 44 44 44 44 44 44 44 44 44 44 44 44 44 44 44 44 44 44 44 44 44 44 44 44 44 44 44 9
5 5 5 11 5 5 11 45 11 45 45 45 45 45 45 45 45 45 45 45 45 45 45 45 45 45 45 45 45 45 45 45 45 45 45 45 45 45 45 45 11
5 5 5 11 5 5 11 45 11 45 45 45 45 45 45 45 45 45 45 45 45 45 45 45 45 45 45 45 45 45 45 45 45 45 45 45 45 45 45 45 11
5 5 5 11 5 5 11 45 11 45 45 45 45 45 45 45 45 45 45 45 45 45 45 45 45 45 45 45 45 45 45 45 45 45 45 45 45 45 45 45 11
5 5 5 5 11 5 11 45 11 45 45 45 45 45 45 45 45 45 45 45 45 45 45 45 45 45 45 45 45 45 45 45 45 45 45 45 45 45 45 45 11
5 5 5 5 11 5 11 45 11 45 45 45 45 45 45 45 45 45 45 45 45 45 45 45 45 45 45 45 45 45 45 45 45 45 45 45 45 45 45 45 11
5 5 5 5 11 5 11 45 11 45 45 45 45 45 45 45 45 45 45 45 45 45 45 45 45 45 45 45 45 45 45 45 45 45 45 45 45 45 45 45 11
5 5 5 11 5 5 11 45 11 45 45 45 45 45 45 45 45 45 45 45 45 45 45 45 45 45 45 45 45 45 45 45 45 45 45 45 45 45 45 45 11
5 5 5 11 5 5 11 45 11 45 45 45 45 45 45 45 45 45 45 45 45 45 45 45 45 45 45 45 45 45 45 45 45 45 45 45 45 45 45 45 11
5 5 5 11 5 5 11 11 11 45 45 45 45 45 45 45 45 45 45 45 45 45 45 45 45 45 45 45 45 45 45 45 45 45 45 45 45 45 45 45 45
5 5 5 5 11 5 11 45 11 45 45 45 45 45 45 45 45 45 45 45 45 45 45 45 45 45 45 45 45 45 45 45 45 45 45 45 45 45 45 45 11
5 5 5 5 11 5 11 11 11 45 45 45 45 45 45 45 45 45 45 45 45 45 45 45 45 45 45 45 45 45 45 45 45 45 45 45 45 45 45 45 45
5 5 5 5 11 5 11 45 11 45 45 45 45 45 45 45 45 45 45 45 45 45 45 45 45 45 45 45 45 45 45 45 45 45 45 45 45 45 45 45 11
5 5 5 11 5 5 11 11 11 45 45 45 45 45 45 45 45 45 45 45 45 45 45 45 45 45 45 45 45 45 45 45 45 45 45 45 45 45 45 45 45
5 5 5 11 5 5 11 45 11 45 45 45 45 45 45 45 45 45 45 45 45 45 45 45 45 45 45 45 45 45 45 45 45 45 45 45 45 45 45 45 11
5 5 5 11 5 5 11 11 11 45 45 45 45 45 45 45 45 45 45 45 45 45 45 45 45 45 45 45 45 45 45 45 45 45 45 45 45 45 45 45 45
7 7 8 18 7 7 27 27 7 33 23 40 18 33 33 40 33 33 33 39 33 33 33 33 33 33 33 33 33 33 39 39 33 33 40 40 33 33 33 40 18
7 7 8 18 7 7 27 27 7 33 23 40 18 33 33 40 33 33 33 39 33 33 33 33 33 33 33 33 33 33 39 39 33 33 40 40 33 33 33 40 18
7 7 8 18 7 7 27 27 7 33 23 40 18 33 33 40 33 33 33 39 33 33 33 33 33 33 33 33 33 33 39 39 33 33 40 40 33 33 33 40 18
7 7 8 18 7 7 27 27 7 33 23 40 18 33 33 40 33 33 33 39 33 33 33 33 33 33 33 33 33 33 39 39 33 33 40 40 33 33 33 40 18
7 7 8 18 7 7 27 27 7 33 23 40 18 33 33 40 33 33 33 39 33 33 33 33 33 33 33 33 33 33 39 39 33 33 40 40 33 33 33 40 18
7 7 8 18 7 7 27 27 7 33 23 40 18 33 33 40 33 33 33 39 33 33 33 33 33 33 33 33 33 33 39 39 33 33 40 40 33 33 33 40 18
7 7 8 18 7 7 27 27 7 33 23 40 18 33 33 40 33 33 33 39 33 33 33 33 33 33 33 33 33 33 39 39 33 33 40 40 33 33 33 40 18
7 7 8 18 7 7 27 27 7 33 23 40 18 33 33 40 33 33 33 39 33 33 33 33 33 33 33 33 33 33 39 39 33 33 40 40 33 33 33 40 18
7 7 8 18 7 7 27 27 7 33 23 40 18 33 33 40 33 33 33 39 33 33 33 33 33 33 33 33 33 33 39 39 33 33 40 40 33 33 33 40 18
7 7 8 7 18 7 27 27 7 33 23 40 18 33 33 40 33 33 33 39 33 33 33 33 33 33 33 33 33 33 39 33 33 33 40 33 33 33 33 39 18
7 7 8 18 7 7 27 27 7 33 23 40 18 33 33 40 33 33 33 39 33 33 33 33 33 33 33 33 33 33 39 39 33 33 40 40 33 33 33 40 18
7 7 8 7 18 7 27 27 7 33 23 40 18 33 33 40 33 33 33 39 33 33 33 33 33 33 33 33 33 33 39 33 33 33 40 33 33 33 33 39 18
7 7 8 18 7 7 27 27 7 33 23 40 18 33 33 40 33 33 33 39 33 33 33 33 33 33 33 33 33 33 39 39 33 33 40 40 33 33 33 40 18
7 7 8 7 18 7 27 27 7 33 23 40 18 33 33 40 33 33 33 39 33 33 33 33 33 33 33 33 33 33 39 33 33 33 40 33 33 33 33 39 18
7 7 8 18 7 7 27 27 7 33 23 40 18 33 33 40 33 33 33 39 33 33 33 33 33 33 33 33 33 33 39 39 33 33 40 40 33 33 33 40 18
10 10 10 22 10 10 22 22 10 22 22 10 22 10 22 22 22 22 22 22 22 22 22 22 22 22 22 22 22 22 22 22 22 22 22 22 22 22 22 22 22
10 10 10 22 10 10 22 22 10 22 22 10 22 10 22 22 22 22 22 22 22 22 22 22 22 22 22 22 22 22 22 22 22 22 22 22 22 22 22 22 22
10 10 10 22 10 10 22 22 10 22 22 10 22 10 22 22 22 22 22 22 22 22 22 22 22 22 22 22 22 22 22 22 22 22 22 22 22 22 22 22 22
10 10 10 22 10 10 22 22 10 22 22 10 22 10 22 22 22 22 22 22 22 22 22 22 22 22 22 22 22 22 22 22 22 22 22 22 22 22 22 22 22
10 10 10 22 10 10 22 22 10 22 22 10 22 10 22 22 22 22 22 22 22 22 22 22 22 22 22 22 22 22 22 22 22 22 22 22 22 22 22 22 22
10 10 10 22 10 10 22 22 10 22 22 10 22 10 22 22 22 22 22 22 22 22 22 22 22 22 22 22 22 22 22 22 22 22 22 22 22 22 22 22 22
10 10 10 22 10 10 22 22 10 22 22 10 22 10 22 22 22 22 22 22 22 22 22 22 22 22 22 22 22 22 22 22 22 22 22 22 22 22 22 22 22
10 10 10 22 10 10 22 22 10 22 22 10 22 10 22 22 22 22 22 22 22 22 22 22 22 22 22 22 22 22 22 22 22 22 22 22 22 22 22 22 22
10 10 10 22 10 10 22 22 10 22 22 10 22 10 22 22 22 22 22 22 22 22 22 22 22 22 22 22 22 22 22 22 22 22 22 22 22 22 22 22 22
10 10 10 22 10 10 22 22 10 22 22 10 22 10 22 22 22 22 22 22 22 22 22 22 22 22 22 22 22 22 22 22 22 22 22 22 22 22 22 22 22
10 10 10 22 10 10 22 22 10 22 22 10 22 10 22 22 22 22 22 22 22 22 22 22 22 22 22 22 22 22 22 22 22 22 22 22 22 22 22 22 22
10 10 10 22 10 10 22 22 10 22 22 10 22 10 22 22 22 22 22 22 22 22 22 22 22 22 22 22 22 22 22 22 22 22 22 22 22 22 22 22 22
10 10 10 22 10 10 22 22 10 22 22 10 22 10 22 22 22 22 22 22 22 22 22 22 22 22 22 22 22 22 22 22 22 22 22 22 22 22 22 22 22
10 10 10 22 10 10 22 22 10 22 22 10 22 10 22 22 22 22 22 22 22 22 22 22 22 22 22 22 22 22 22 22 22 22 22 22 22 22 22 22 22
10 10 10 22 10 10 22 22 10 22 22 10 22 10 22 22 22 22 22 22 22 22 22 22 22 22 22 22 22 22 22 22 22 22 22 22 22 22 22 22 22
19 19 19 41 19 19 41 41 19 41 42 19 42 43 19 43 19 42 41 41 41 42 42 42 41 41 41 41 41 41 42 42 43 42 41 41 41 42 43 42 41
19 19 19 41 19 19 41 41 19 41 42 19 42 43 19 43 19 42 41 41 41 42 42 42 41 41 41 41 41 41 42 42 43 42 41 41 41 42 43 42 41
19 19 19 41 19 19 41 41 19 41 42 19 42 43 19 43 19 42 41 41 41 42 42 42 41 41 41 41 41 41 42 42 43 42 41 41 41 42 43 42 41
19 19 19 41 19 19 41 41 19 41 42 19 42 43 19 43 19 42 41 41 41 42 42 42 41 41 41 41 41 41 42 42 43 42 41 41 41 42 43 42 41
19 19 19 41 19 19 41 41 19 41 42 19 42 43 19 43 19 42 41 41 41 42 42 42 41 41 41 41 41 41 42 42 43 42 41 41 41 42 43 42 41
19 19 19 41 19 19 41 41 19 41 42 19 42 43 19 43 19 42 41 41 41 42 42 42 41 41 41 41 41 41 42 42 43 42 41 41 41 42 43 42 41
19 19 19 41 19 19 41 41 19 41 42 19 42 43 19 43 19 42 41 41 41 42 42 42 41 41 41 41 41 41 42 42 43 42 41 41 41 42 43 42 41
19 19 19 41 19 19 41 41 19 41 42 19 42 43 19 43 19 42 41 41 41 42 42 42 41 41 41 41 41 41 42 42 43 42 41 41 41 42 43 42 41
19 19 19 41 19 19 41 41 19 41 42 19 42 43 19 43 19 42 41 41 41 42 42 42 41 41 41 41 41 41 42 42 43 42 41 41 41 42 43 42 41
19 19 19 41 19 19 41 41 19 41 42 19 42 43 19 43 19 42 41 41 41 42 42 42 41 41 41 41 41 41 42 42 43 42 41 41 41 42 43 42 41
19 19 19 41 19 19 41 41 19 41 42 19 42 43 19 43 19 42 41 41 41 42 42 42 41 41 41 41 41 41 42 42 43 42 41 41 41 42 43 42 41
19 19 19 41 19 19 41 41 19 41 42 19 42 43 19 43 19 42 41 41 41 42 42 42 41 41 41 41 41 41 42 42 43 42 41 41 41 42 43 42 41
19 19 19 41 19 19 41 41 19 41 42 19 42 43 19 43 19 42 41 41 41 42 42 42 41 41 41 41 41 41 42 42 43 42 41 41 41 42 43 42 41
19 19 19 41 19 19 41 41 19 41 42 19 42 43 19 43 19 42 41 41 41 42 42 42 41 41 41 41 41 41 42 42 43 42 41 41 41 42 43 42 41
19 19 19 41 19 19 41 41 19 41 42 19 42 43 19 43 19 42 41 41 41 42 42 42 41 41 41 41 41 41 42 42 43 42 41 41 41 42 43 42 41
28 28 28 28 28 28 28 28 28 28 28 28 28 28 28 28 28 28 28 28 28 28 28 28 28 28 28 28 28 28 28 28 28 28 28 28 28 28 28 28 28
28 28 28 28 28 28 28 28 28 28 28 28 28 28 28 28 28 28 28 28 28 28 28 28 28 28 28 28 28 28 28 28 28 28 28 28 28 28 28 28 28
28 28 28 28 28 28 28 28 28 28 28 28 28 28 28 28 28 28 28 28 28 28 28 28 28 28 28 28 28 28 28 28 28 28 28 28 28 28 28 28 28
28 28 28 28 28 28 28 28 28 28 28 28 28 28 28 28 28 28 28 28 28 28 28 28 28 28 28 28 28 28 28 28 28 28 28 28 28 28 28 28 28
28 28 28 28 28 28 28 28 28 28 28 28 28 28 28 28 28 28 28 28 28 28 28 28 28 28 28 28 28 28 28 28 28 28 28 28 28 28 28 28 28
28 28 28 28 28 28 28 28 28 28 28 28 28 28 28 28 28 28 28 28 28 28 28 28 28 28 28 28 28 28 28 28 28 28 28 28 28 28 28 28 28
28 28 28 28 28 28 28 28 28 28 28 28 28 28 28 28 28 28 28 28 28 28 28 28 28 28 28 28 28 28 28 28 28 28 28 28 28 28 28 28 28
28 28 28 28 28 28 28 28 28 28 28 28 28 28 28 28 28 28 28 28 28 28 28 28 28 28 28 28 28 28 28 28 28 28 28 28 28 28 28 28 28
28 28 28 28 28 28 28 28 28 28 28 28 28 28 28 28 28 28 28 28 28 28 28 28 28 28 28 28 28 28 28 28 28 28 28 28 28 28 28 28 28
28 28 28 28 28 28 28 28 28 28 28 28 28 28 28 28 28 28 28 28 28 28 28 28 28 28 28 28 28 28 28 28 28 28 28 28 28 28 28 28 28
28 28 28 28 28 28 28 28 28 28 28 28 28 28 28 28 28 28 28 28 28 28 28 28 28 28 28 28 28 28 28 28 28 28 28 28 28 28 28 28 28
28 28 28 28 28 28 28 28 28 28 28 28 28 28 28 28 28 28 28 28 28 28 28 28 28 28 28 28 28 28 28 28 28 28 28 28 28 28 28 28 28
28 28 28 28 28 28 28 28 28 28 28 28 28 28 28 28 28 28 28 28 28 28 28 28 28 28 28 28 28 28 28 28 28 28 28 28 28 28 28 28 28
28 28 28 28 28 28 28 28 28 28 28 28 28 28 28 28 28 28 28 28 28 28 28 28 28 28 28 28 28 28 28 28 28 28 28 28 28 28 28 28 28
28 28 28 28 28 28 28 28 28 28 28 28 28 28 28 28 28 28 28 28 28 28 28 28 28 28 28 28 28 28 28 28 28 28 28 28 28 28 28 28 28
37 37 37 26 37 37 26 26 37 26 31 37 31 37 37 31 37 31 37 37 31 31 37 37 26 37 37 31 37 37 37 37 16 16 31 31 31 37 37 31 26
37 37 37 26 37 37 26 26 37 26 31 37 31 37 37 31 37 31 37 37 31 31 37 37 26 37 37 31 37 37 37 37 16 16 31 31 31 37 37 31 26
37 37 37 26 37 37 26 26 37 26 31 37 31 37 37 31 37 31 37 37 31 31 37 37 26 37 37 31 37 37 37 37 16 16 31 31 31 37 37 31 26
37 37 37 26 37 37 26 26 37 26 31 37 31 37 37 31 37 31 37 37 31 31 37 37 26 37 37 31 37 37 37 37 16 16 31 31 31 37 37 31 26
37 37 37 26 37 37 26 26 37 26 31 37 31 37 37 31 37 31 37 37 31 31 37 37 26 37 37 31 37 37 37 37 16 16 31 31 31 37 37 31 26
37 37 37 26 37 37 26 26 37 26 31 37 31 37 37 31 37 31 37 37 31 31 37 37 26 37 37 31 37 37 37 37 16 16 31 31 31 37 37 31 26
37 37 37 26 37 37 26 26 37 26 31 37 31 37 37 31 37 31 37 37 31 31 37 37 26 37 37 31 37 37 37 37 16 16 31 31 31 37 37 31 26
37 37 37 26 37 37 26 26 37 26 31 37 31 37 37 31 37 31 37 37 31 31 37 37 26 37 37 31 37 37 37 37 16 16 31 31 31 37 37 31 26
37 37 37 26 37 37 26 26 37 26 31 37 31 37 37 31 37 31 37 37 31 31 37 37 26 37 37 31 37 37 37 37 16 16 31 31 31 37 37 31 26
37 37 37 26 37 37 26 26 37 26 31 37 31 37 37 31 37 31 37 37 31 31 37 37 26 37 37 31 37 37 37 37 16 16 31 31 31 37 37 31 26
37 37 37 26 37 37 26 26 37 26 31 37 31 37 37 31 37 31 37 37 31 31 37 37 26 37 37 31 37 37 37 37 16 16 31 31 31 37 37 31 26
37 37 37 26 37 37 26 26 37 26 31 37 31 37 37 31 37 31 37 37 31 31 37 37 26 37 37 31 37 37 37 37 16 16 31 31 31 37 37 31 26
37 37 37 26 37 37 26 26 37 26 31 37 31 37 37 31 37 31 37 37 31 31 37 37 26 37 37 31 37 37 37 37 16 16 31 31 31 37 37 31 26
37 37 37 26 37 37 26 26 37 26 31 37 31 37 37 31 37 31 37 37 31 31 37 37 26 37 37 31 37 37 37 37 16 16 31 31 31 37 37 31 26
37 37 37 26 37 37 26 26 37 26 31 37 31 37 37 31 37 31 37 37 31 31 37 37 26 37 37 31 37 37 37 37 16 16 31 31 31 37 37 31 26
21 21 21 21 21 21 21 21 21 21 21 21 21 21 21 21 21 21 21 21 21 21 21 21 21 21 21 21 21 21 21 21 21 21 21 21 21 21 21 21 21
21 21 21 21 21 21 21 21 21 21 21 21 21 21 21 21 21 21 21 21 21 21 21 21 21 21 21 21 21 21 21 21 21 21 21 21 21 21 21 21 21
21 21 21 21 21 21 21 21 21 21 21 21 21 21 21 21 21 21 21 21 21 21 21 21 21 21 21 21 21 21 21 21 21 21 21 21 21 21 21 21 21
21 21 21 21 21 21 21 21 21 21 21 21 21 21 21 21 21 21 21 21 21 21 21 21 21 21 21 21 21 21 21 21 21 21 21 21 21 21 21 21 21
21 21 21 21 21 21 21 21 21 21 21 21 21 21 21 21 21 21 21 21 21 21 21 21 21 21 21 21 21 21 21 21 21 21 21 21 21 21 21 21 21
21 21 21 21 21 21 21 21 21 21 21 21 21 21 21 21 21 21 21 21 21 21 21 21 21 21 21 21 21 21 21 21 21 21 21 21 21 21 21 21 21
21 21 21 21 21 21 21 21 21 21 21 21 21 21 21 21 21 21 21 21 21 21 21 21 21 21 21 21 21 21 21 21 21 21 21 21 21 21 21 21 21
21 21 21 21 21 21 21 21 21 21 21 21 21 21 21 21 21 21 21 21 21 21 21 21 21 21 21 21 21 21 21 21 21 21 21 21 21 21 21 21 21
21 21 21 21 21 21 21 21 21 21 21 21 21 21 21 21 21 21 21 21 21 21 21 21 21 21 21 21 21 21 21 21 21 21 21 21 21 21 21 21 21
21 21 21 21 21 21 21 21 21 21 21 21 21 21 21 21 21 21 21 21 21 21 21 21 21 21 21 21 21 21 21 21 21 21 21 21 21 21 21 21 21
21 21 21 21 21 21 21 21 21 21 21 21 21 21 21 21 21 21 21 21 21 21 21 21 21 21 21 21 21 21 21 21 21 21 21 21 21 21 21 21 21
21 21 21 21 21 21 21 21 21 21 21 21 21 21 21 21 21 21 21 21 21 21 21 21 21 21 21 21 21 21 21 21 21 21 21 21 21 21 21 21 21
21 21 21 21 21 21 21 21 21 21 21 21 21 21 21 21 21 21 21 21 21 21 21 21 21 21 21 21 21 21 21 21 21 21 21 21 21 21 21 21 21
21 21 21 21 21 21 21 21 21 21 21 21 21 21 21 21 21 21 21 21 21 21 21 21 21 21 21 21 21 21 21 21 21 21 21 21 21 21 21 21 21
21 21 21 21 21 21 21 21 21 21 21 21 21 21 21 21 21 21 21 21 21 21 21 21 21 21 21 21 21 21 21 21 21 21 21 21 21 21 21 21 21
14 14 25 14 17 14 30 15 14 14 30 14 17 30 14 38 30 14 38 30 14 38 30 35 38 30 38 38 36 38 38 38 32 30 38 30 30 38 36 38 14
14 14 25 14 17 14 30 15 14 14 30 14 17 30 14 38 30 14 38 30 14 38 30 35 38 30 38 38 36 38 38 38 32 30 38 30 30 38 36 38 14
14 14 25 14 17 14 30 15 14 14 30 14 17 30 14 38 30 14 38 30 14 38 30 35 38 30 38 38 36 38 38 38 32 30 38 30 30 38 36 38 14
14 14 25 14 17 14 30 15 14 14 30 14 17 30 14 38 30 14 38 30 14 38 30 35 38 30 38 38 36 38 38 38 32 30 38 30 30 38 36 38 14
14 14 25 14 17 14 30 15 14 14 30 14 17 30 14 38 30 14 38 30 14 38 30 35 38 30 38 38 36 38 38 38 32 30 38 30 30 38 36 38 14
14 14 25 14 17 14 30 15 14 14 30 14 17 30 14 38 30 14 38 30 14 38 30 35 38 30 38 38 36 38 38 38 32 30 38 30 30 38 36 38 14
14 14 25 14 17 14 30 15 14 14 30 14 17 30 14 38 30 14 38 30 14 38 30 35 38 30 38 38 36 38 38 38 32 30 38 30 30 38 36 38 14
14 14 25 14 17 14 30 15 14 14 30 14 17 30 14 38 30 14 38 30 14 38 30 35 38 30 38 38 36 38 38 38 32 30 38 30 30 38 36 38 14
14 14 25 14 17 14 30 15 14 14 30 14 17 30 14 38 30 14 38 30 14 38 30 35 38 30 38 38 36 38 38 38 32 30 38 30 30 38 36 38 14
14 14 25 14 17 14 30 15 14 14 30 14 17 30 14 38 30 14 38 30 14 38 30 35 38 30 38 38 36 38 38 38 32 30 38 30 30 38 36 38 14
14 14 25 14 17 14 30 15 14 14 30 14 17 30 14 38 30 14 38 30 14 38 30 35 38 30 38 38 36 38 38 38 32 30 38 30 30 38 36 38 14
14 14 25 14 17 14 30 15 14 14 30 14 17 30 14 38 30 14 38 30 14 38 30 35 38 30 38 38 36 38 38 38 32 30 38 30 30 38 36 38 14
14 14 25 14 17 14 30 15 14 14 30 14 17 30 14 38 30 14 38 30 14 38 30 35 38 30 38 38 36 38 38 38 32 30 38 30 30 38 36 38 14
14 14 25 14 17 14 30 15 14 14 30 14 17 30 14 38 30 14 38 30 14 38 30 35 38 30 38 38 36 38 38 38 32 30 38 30 30 38 36 38 14
14 14 25 14 17 14 30 15 14 14 30 14 17 30 14 38 30 14 38 30 14 38 30 35 38 30 38 38 36 38 38 38 32 30 38 30 30 38 36 38 14
29 29 24 34 29 29 24 24 29 29 24 29 29 24 29 29 24 29 34 24 34 34 24 34 34 29 13 34 34 29 13 29 34 29 34 29 29 29 34 24 29
29 29 24 34 29 29 24 24 29 29 24 29 29 24 29 29 24 29 34 24 34 34 24 34 34 29 13 34 34 29 13 29 34 29 34 29 29 29 34 24 29
29 29 24 34 29 29 24 24 29 29 24 29 29 24 29 29 24 29 34 24 34 34 24 34 34 29 13 34 34 29 13 29 34 29 34 29 29 29 34 24 29
29 29 24 34 29 29 24 24 29 29 24 29 29 24 29 29 24 29 34 24 34 34 24 34 34 29 13 34 34 29 13 29 34 29 34 29 29 29 34 24 29
29 29 24 34 29 29 24 24 29 29 24 29 29 24 29 29 24 29 34 24 34 34 24 34 34 29 13 34 34 29 13 29 34 29 34 29 29 29 34 24 29
29 29 24 34 29 29 24 24 29 29 24 29 29 24 29 29 24 29 34 24 34 34 24 34 34 29 13 34 34 29 13 29 34 29 34 29 29 29 34 24 29
29 29 24 34 29 29 24 24 29 29 24 29 29 24 29 29 24 29 34 24 34 34 24 34 34 29 13 34 34 29 13 29 34 29 34 29 29 29 34 24 29
29 29 24 34 29 29 24 24 29 29 24 29 29 24 29 29 24 29 34 24 34 34 24 34 34 29 13 34 34 29 13 29 34 29 34 29 29 29 34 24 29
29 29 24 34 29 29 24 24 29 29 24 29 29 24 29 29 24 29 34 24 34 34 24 34 34 29 13 34 34 29 13 29 34 29 34 29 29 29 34 24 29
29 29 24 34 29 29 24 24 29 29 24 29 29 24 29 29 24 29 34 24 34 34 24 34 34 29 13 34 34 29 13 29 34 29 34 29 29 29 34 24 29
29 29 24 34 29 29 24 24 29 29 24 29 29 24 29 29 24 29 34 24 34 34 24 34 34 29 13 34 34 29 13 29 34 29 34 29 29 29 34 24 29
29 29 24 34 29 29 24 24 29 29 24 29 29 24 29 29 24 29 34 24 34 34 24 34 34 29 13 34 34 29 13 29 34 29 34 29 29 29 34 24 29
29 29 24 34 29 29 24 24 29 29 24 29 29 24 29 29 24 29 34 24 34 34 24 34 34 29 13 34 34 29 13 29 34 29 34 29 29 29 34 24 29
29 29 24 34 29 29 24 24 29 29 24 29 29 24 29 29 24 29 34 24 34 34 24 34 34 29 13 34 34 29 13 29 34 29 34 29 29 29 34 24 29
29 29 24 34 29 29 24 24 29 29 24 29 29 24 29 29 24 29 34 24 34 34 24 34 34 29 13 34 34 29 13 29 34 29 34 29 29 29 34 24 29