0 0 0 4 1 3 6 12 14 50 76 76 76 76 76 76 76 76 76 76 76 76 76 76 76 76 76 76 76 76 76 76 76 76 76 76 76 76 76 76 9
0 0 0 2 9 3 6 12 14 50 76 76 76 76 76 76 76 76 76 76 76 76 76 76 76 76 76 76 76 76 76 76 76 76 76 76 76 76 76 76 9
0 0 0 4 1 3 6 12 14 50 76 76 76 76 76 76 76 76 76 76 76 76 76 76 76 76 76 76 76 76 76 76 76 76 76 76 76 76 76 76 9
0 0 0 2 9 3 6 12 14 50 76 76 76 76 76 76 76 76 76 76 76 76 76 76 76 76 76 76 76 76 76 76 76 76 76 76 76 76 76 76 9
0 0 0 4 1 3 6 12 14 50 76 76 76 76 76 76 76 76 76 76 76 76 76 76 76 76 76 76 76 76 76 76 76 76 76 76 76 76 76 76 9
0 0 0 1 4 3 6 12 14 50 76 76 76 76 76 76 76 76 76 76 76 76 76 76 76 76 76 76 76 76 76 76 76 76 76 76 76 76 76 76 9
0 0 0 4 1 3 6 12 14 50 76 76 76 76 76 76 76 76 76 76 76 76 76 76 76 76 76 76 76 76 76 76 76 76 76 76 76 76 76 76 9
0 0 0 2 9 3 6 12 14 50 76 76 76 76 76 76 76 76 76 76 76 76 76 76 76 76 76 76 76 76 76 76 76 76 76 76 76 76 76 76 9
0 0 0 4 1 3 6 12 14 50 76 76 76 76 76 76 76 76 76 76 76 76 76 76 76 76 76 76 76 76 76 76 76 76 76 76 76 76 76 76 9
0 0 0 2 9 3 6 12 14 50 76 76 76 76 76 76 76 76 76 76 76 76 76 76 76 76 76 76 76 76 76 76 76 76 76 76 76 76 76 76 9
0 0 0 4 1 3 6 12 14 50 76 76 76 76 76 76 76 76 76 76 76 76 76 76 76 76 76 76 76 76 76 76 76 76 76 76 76 76 76 76 9
0 0 0 1 4 3 6 12 14 50 76 76 76 76 76 76 76 76 76 76 76 76 76 76 76 76 76 76 76 76 76 76 76 76 76 76 76 76 76 76 9
0 0 0 4 1 3 6 12 14 50 76 76 76 76 76 76 76 76 76 76 76 76 76 76 76 76 76 76 76 76 76 76 76 76 76 76 76 76 76 76 9
0 0 0 2 9 3 6 12 14 50 76 76 76 76 76 76 76 76 76 76 76 76 76 76 76 76 76 76 76 76 76 76 76 76 76 76 76 76 76 76 9
0 0 0 4 1 3 6 12 14 50 76 76 76 76 76 76 76 76 76 76 76 76 76 76 76 76 76 76 76 76 76 76 76 76 76 76 76 76 76 76 9
5 5 5 11 5 5 11 51 11 51 51 51 51 51 51 51 51 51 51 51 51 51 51 51 51 51 51 51 51 51 51 51 51 51 51 51 51 51 51 51 11
5 5 5 11 5 5 11 51 11 51 51 51 51 51 51 51 51 51 51 51 51 51 51 51 51 51 51 51 51 51 51 51 51 51 51 51 51 51 51 51 11
5 5 5 11 5 5 11 51 11 51 51 51 51 51 51 51 51 51 51 51 51 51 51 51 51 51 51 51 51 51 51 51 51 51 51 51 51 51 51 51 11
5 5 5 5 11 5 11 51 11 51 51 51 51 51 51 51 51 51 51 51 51 51 51 51 51 51 51 51 51 51 51 51 51 51 51 51 51 51 51 51 11
5 5 5 5 11 5 11 51 11 51 51 51 51 51 51 51 51 51 51 51 51 51 51 51 51 51 51 51 51 51 51 51 51 51 51 51 51 51 51 51 11
5 5 5 5 11 5 11 51 11 51 51 51 51 51 51 51 51 51 51 51 51 51 51 51 51 51 51 51 51 51 51 51 51 51 51 51 51 51 51 51 11
5 5 5 11 5 5 11 51 11 51 51 51 51 51 51 51 51 51 51 51 51 51 51 51 51 51 51 51 51 51 51 51 51 51 51 51 51 51 51 51 11
5 5 5 11 5 5 11 51 11 51 51 51 51 51 51 51 51 51 51 51 51 51 51 51 51 51 51 51 51 51 51 51 51 51 51 51 51 51 51 51 11
5 5 5 11 5 5 11 11 11 51 51 51 51 51 51 51 51 51 51 51 51 51 51 51 51 51 51 51 51 51 51 51 51 51 51 51 51 51 51 51 51
5 5 5 5 11 5 11 51 11 51 51 51 51 51 51 51 51 51 51 51 51 51 51 51 51 51 51 51 51 51 51 51 51 51 51 51 51 51 51 51 11
5 5 5 5 11 5 11 11 11 51 51 51 51 51 51 51 51 51 51 51 51 51 51 51 51 51 51 51 51 51 51 51 51 51 51 51 51 51 51 51 51
5 5 5 5 11 5 11 51 11 51 51 51 51 51 51 51 51 51 51 51 51 51 51 51 51 51 51 51 51 51 51 51 51 51 51 51 51 51 51 51 11
5 5 5 11 5 5 11 11 11 51 51 51 51 51 51 51 51 51 51 51 51 51 51 51 51 51 51 51 51 51 51 51 51 51 51 51 51 51 51 51 51
5 5 5 11 5 5 11 51 11 51 51 51 51 51 51 51 51 51 51 51 51 51 51 51 51 51 51 51 51 51 51 51 51 51 51 51 51 51 51 51 11
5 5 5 11 5 5 11 11 11 51 51 51 51 51 51 51 51 51 51 51 51 51 51 51 51 51 51 51 51 51 51 51 51 51 51 51 51 51 51 51 51
7 7 8 13 7 7 36 25 7 24 35 30 13 62 37 64 62 37 37 63 37 37 37 62 37 37 62 62 37 37 63 63 37 37 38 64 62 62 37 64 13
7 7 8 13 7 7 36 25 7 24 35 30 13 62 37 64 62 37 37 63 37 37 37 62 37 37 62 62 37 37 63 63 37 37 38 64 62 62 37 64 13
7 7 8 13 7 7 36 25 7 24 35 30 13 62 37 64 62 37 37 63 37 37 37 62 37 37 62 62 37 37 63 63 37 37 38 64 62 62 37 64 13
7 7 8 13 7 7 36 25 7 24 35 30 13 62 37 64 62 37 37 63 37 37 37 62 37 37 62 62 37 37 63 63 37 37 38 64 62 62 37 64 13
7 7 8 13 7 7 36 25 7 24 35 30 13 62 37 64 62 37 37 63 37 37 37 62 37 37 62 62 37 37 63 63 37 37 38 64 62 62 37 64 13
7 7 8 13 7 7 36 25 7 24 35 30 13 62 37 64 62 37 37 63 37 37 37 62 37 37 62 62 37 37 63 63 37 37 38 64 62 62 37 64 13
7 7 8 13 7 7 36 25 7 24 35 30 13 62 37 64 62 37 37 63 37 37 37 62 37 37 62 62 37 37 63 63 37 37 38 64 62 62 37 64 13
7 7 8 13 7 7 36 25 7 24 35 30 13 62 37 64 62 37 37 63 37 37 37 62 37 37 62 62 37 37 63 63 37 37 38 64 62 62 37 64 13
7 7 8 13 7 7 36 25 7 24 35 30 13 62 37 64 62 37 37 63 37 37 37 62 37 37 62 62 37 37 63 63 37 37 38 64 62 62 37 64 13
7 7 8 7 13 7 36 25 7 24 35 30 13 62 37 64 62 37 37 63 37 37 37 62 37 37 62 37 37 37 63 37 37 37 38 62 62 62 37 63 13
7 7 8 13 7 7 36 25 7 24 35 30 13 62 37 64 62 37 37 63 37 37 37 62 37 37 62 62 37 37 63 63 37 37 38 64 62 62 37 64 13
7 7 8 7 13 7 36 25 7 24 35 30 13 62 37 64 62 37 37 63 37 37 37 62 37 37 62 37 37 37 63 37 37 37 38 62 62 62 37 63 13
7 7 8 13 7 7 36 25 7 24 35 30 13 62 37 64 62 37 37 63 37 37 37 62 37 37 62 62 37 37 63 63 37 37 38 64 62 62 37 64 13
7 7 8 7 13 7 36 25 7 24 35 30 13 62 37 64 62 37 37 63 37 37 37 62 37 37 62 37 37 37 63 37 37 37 38 62 62 62 37 63 13
7 7 8 13 7 7 36 25 7 24 35 30 13 62 37 64 62 37 37 63 37 37 37 62 37 37 62 62 37 37 63 63 37 37 38 64 62 62 37 64 13
10 10 10 20 10 10 19 19 10 19 19 10 19 10 19 20 20 20 20 20 21 21 21 21 21 75 75 75 75 21 75 75 21 21 20 21 21 20 20 20 20
10 10 10 20 10 10 19 19 10 19 19 10 19 10 19 20 20 20 20 20 21 21 21 21 21 75 75 75 75 21 75 75 21 21 20 21 21 20 20 20 20
10 10 10 20 10 10 19 19 10 19 19 10 19 10 19 20 20 20 20 20 21 21 21 21 21 75 75 75 75 21 75 75 21 21 20 21 21 20 20 20 20
10 10 10 20 10 10 19 19 10 19 19 10 19 10 19 20 20 20 20 20 21 21 21 21 21 75 75 75 75 21 75 75 21 21 20 21 21 20 20 20 20
10 10 10 20 10 10 19 19 10 19 19 10 19 10 19 20 20 20 20 20 21 21 21 21 21 75 75 75 75 21 75 75 21 21 20 21 21 20 20 20 20
10 10 10 20 10 10 19 19 10 19 19 10 19 10 19 20 20 20 20 20 21 21 21 21 21 75 75 75 75 21 75 75 21 21 20 21 21 20 20 20 20
10 10 10 20 10 10 19 19 10 19 19 10 19 10 19 20 20 20 20 20 21 21 21 21 21 75 75 75 75 21 75 75 21 21 20 21 21 20 20 20 20
10 10 10 20 10 10 19 19 10 19 19 10 19 10 19 20 20 20 20 20 21 21 21 21 21 75 75 75 75 21 75 75 21 21 20 21 21 20 20 20 20
10 10 10 20 10 10 19 19 10 19 19 10 19 10 19 20 20 20 20 20 21 21 21 21 21 75 75 75 75 21 75 75 21 21 20 21 21 20 20 20 20
10 10 10 20 10 10 19 19 10 19 19 10 19 10 19 20 20 20 20 20 21 21 21 21 21 75 75 75 75 21 75 75 21 21 20 21 21 20 20 20 20
10 10 10 20 10 10 19 19 10 19 19 10 19 10 19 20 20 20 20 20 21 21 21 21 21 75 75 75 75 21 75 75 21 21 20 21 21 20 20 20 20
10 10 10 20 10 10 19 19 10 19 19 10 19 10 19 20 20 20 20 20 21 21 21 21 21 75 75 75 75 21 75 75 21 21 20 21 21 20 20 20 20
10 10 10 20 10 10 19 19 10 19 19 10 19 10 19 20 20 20 20 20 21 21 21 21 21 75 75 75 75 21 75 75 21 21 20 21 21 20 20 20 20
10 10 10 20 10 10 19 19 10 19 19 10 19 10 19 20 20 20 20 20 21 21 21 21 21 75 75 75 75 21 75 75 21 21 20 21 21 20 20 20 20
10 10 10 20 10 10 19 19 10 19 19 10 19 10 19 20 20 20 20 20 21 21 21 21 21 75 75 75 75 21 75 75 21 21 20 21 21 20 20 20 20
15 15 15 59 15 15 44 44 15 45 46 15 48 49 15 61 15 60 59 45 45 48 60 48 45 45 45 47 45 45 48 48 61 48 45 45 45 48 61 60 59
15 15 15 59 15 15 44 44 15 45 46 15 48 49 15 61 15 60 59 45 45 48 60 48 45 45 45 47 45 45 48 48 61 48 45 45 45 48 61 60 59
15 15 15 59 15 15 44 44 15 45 46 15 48 49 15 61 15 60 59 45 45 48 60 48 45 45 45 47 45 45 48 48 61 48 45 45 45 48 61 60 59
15 15 15 59 15 15 44 44 15 45 46 15 48 49 15 61 15 60 59 45 45 48 60 48 45 45 45 47 45 45 48 48 61 48 45 45 45 48 61 60 59
15 15 15 59 15 15 44 44 15 45 46 15 48 49 15 61 15 60 59 45 45 48 60 48 45 45 45 47 45 45 48 48 61 48 45 45 45 48 61 60 59
15 15 15 59 15 15 44 44 15 45 46 15 48 49 15 61 15 60 59 45 45 48 60 48 45 45 45 47 45 45 48 48 61 48 45 45 45 48 61 60 59
15 15 15 59 15 15 44 44 15 45 46 15 48 49 15 61 15 60 59 45 45 48 60 48 45 45 45 47 45 45 48 48 61 48 45 45 45 48 61 60 59
15 15 15 59 15 15 44 44 15 45 46 15 48 49 15 61 15 60 59 45 45 48 60 48 45 45 45 47 45 45 48 48 61 48 45 45 45 48 61 60 59
15 15 15 59 15 15 44 44 15 45 46 15 48 49 15 61 15 60 59 45 45 48 60 48 45 45 45 47 45 45 48 48 61 48 45 45 45 48 61 60 59
15 15 15 59 15 15 44 44 15 45 46 15 48 49 15 61 15 60 59 45 45 48 60 48 45 45 45 47 45 45 48 48 61 48 45 45 45 48 61 60 59
15 15 15 59 15 15 44 44 15 45 46 15 48 49 15 61 15 60 59 45 45 48 60 48 45 45 45 47 45 45 48 48 61 48 45 45 45 48 61 60 59
15 15 15 59 15 15 44 44 15 45 46 15 48 49 15 61 15 60 59 45 45 48 60 48 45 45 45 47 45 45 48 48 61 48 45 45 45 48 61 60 59
15 15 15 59 15 15 44 44 15 45 46 15 48 49 15 61 15 60 59 45 45 48 60 48 45 45 45 47 45 45 48 48 61 48 45 45 45 48 61 60 59
15 15 15 59 15 15 44 44 15 45 46 15 48 49 15 61 15 60 59 45 45 48 60 48 45 45 45 47 45 45 48 48 61 48 45 45 45 48 61 60 59
15 15 15 59 15 15 44 44 15 45 46 15 48 49 15 61 15 60 59 45 45 48 60 48 45 45 45 47 45 45 48 48 61 48 45 45 45 48 61 60 59
73 73 73 73 73 73 23 23 73 29 29 73 43 43 73 73 73 73 73 73 73 73 73 73 73 73 73 73 29 43 73 73 73 43 73 73 73 73 73 73 73
73 73 73 73 73 73 23 23 73 29 29 73 43 43 73 73 73 73 73 73 73 73 73 73 73 73 73 73 29 43 73 73 73 43 73 73 73 73 73 73 73
73 73 73 73 73 73 23 23 73 29 29 73 43 43 73 73 73 73 73 73 73 73 73 73 73 73 73 73 29 43 73 73 73 43 73 73 73 73 73 73 73
73 73 73 73 73 73 23 23 73 29 29 73 43 43 73 73 73 73 73 73 73 73 73 73 73 73 73 73 29 43 73 73 73 43 73 73 73 73 73 73 73
73 73 73 73 73 73 23 23 73 29 29 73 43 43 73 73 73 73 73 73 73 73 73 73 73 73 73 73 29 43 73 73 73 43 73 73 73 73 73 73 73
73 73 73 73 73 73 23 23 73 29 29 73 43 43 73 73 73 73 73 73 73 73 73 73 73 73 73 73 29 43 73 73 73 43 73 73 73 73 73 73 73
73 73 73 73 73 73 23 23 73 29 29 73 43 43 73 73 73 73 73 73 73 73 73 73 73 73 73 73 29 43 73 73 73 43 73 73 73 73 73 73 73
73 73 73 73 73 73 23 23 73 29 29 73 43 43 73 73 73 73 73 73 73 73 73 73 73 73 73 73 29 43 73 73 73 43 73 73 73 73 73 73 73
73 73 73 73 73 73 23 23 73 29 29 73 43 43 73 73 73 73 73 73 73 73 73 73 73 73 73 73 29 43 73 73 73 43 73 73 73 73 73 73 73
73 73 73 73 73 73 23 23 73 29 29 73 43 43 73 73 73 73 73 73 73 73 73 73 73 73 73 73 29 43 73 73 73 43 73 73 73 73 73 73 73
73 73 73 73 73 73 23 23 73 29 29 73 43 43 73 73 73 73 73 73 73 73 73 73 73 73 73 73 29 43 73 73 73 43 73 73 73 73 73 73 73
73 73 73 73 73 73 23 23 73 29 29 73 43 43 73 73 73 73 73 73 73 73 73 73 73 73 73 73 29 43 73 73 73 43 73 73 73 73 73 73 73
73 73 73 73 73 73 23 23 73 29 29 73 43 43 73 73 73 73 73 73 73 73 73 73 73 73 73 73 29 43 73 73 73 43 73 73 73 73 73 73 73
73 73 73 73 73 73 23 23 73 29 29 73 43 43 73 73 73 73 73 73 73 73 73 73 73 73 73 73 29 43 73 73 73 43 73 73 73 73 73 73 73
73 73 73 73 73 73 23 23 73 29 29 73 43 43 73 73 73 73 73 73 73 73 73 73 73 73 73 73 29 43 73 73 73 43 73 73 73 73 73 73 73
72 72 72 27 72 72 68 27 72 27 42 72 42 72 72 42 72 42 72 72 70 42 72 72 40 72 72 42 72 72 72 72 66 66 70 42 42 72 72 42 40
72 72 72 27 72 72 68 27 72 27 42 72 42 72 72 42 72 42 72 72 70 42 72 72 40 72 72 42 72 72 72 72 66 66 70 42 42 72 72 42 40
72 72 72 27 72 72 68 27 72 27 42 72 42 72 72 42 72 42 72 72 70 42 72 72 40 72 72 42 72 72 72 72 66 66 70 42 42 72 72 42 40
72 72 72 27 72 72 68 27 72 27 42 72 42 72 72 42 72 42 72 72 70 42 72 72 40 72 72 42 72 72 72 72 66 66 70 42 42 72 72 42 40
72 72 72 27 72 72 68 27 72 27 42 72 42 72 72 42 72 42 72 72 70 42 72 72 40 72 72 42 72 72 72 72 66 66 70 42 42 72 72 42 40
72 72 72 27 72 72 68 27 72 27 42 72 42 72 72 42 72 42 72 72 70 42 72 72 40 72 72 42 72 72 72 72 66 66 70 42 42 72 72 42 40
72 72 72 27 72 72 68 27 72 27 42 72 42 72 72 42 72 42 72 72 70 42 72 72 40 72 72 42 72 72 72 72 66 66 70 42 42 72 72 42 40
72 72 72 27 72 72 68 27 72 27 42 72 42 72 72 42 72 42 72 72 70 42 72 72 40 72 72 42 72 72 72 72 66 66 70 42 42 72 72 42 40
72 72 72 27 72 72 68 27 72 27 42 72 42 72 72 42 72 42 72 72 70 42 72 72 40 72 72 42 72 72 72 72 66 66 70 42 42 72 72 42 40
72 72 72 27 72 72 68 27 72 27 42 72 42 72 72 42 72 42 72 72 70 42 72 72 40 72 72 42 72 72 72 72 66 66 70 42 42 72 72 42 40
72 72 72 27 72 72 68 27 72 27 42 72 42 72 72 42 72 42 72 72 70 42 72 72 40 72 72 42 72 72 72 72 66 66 70 42 42 72 72 42 40
72 72 72 27 72 72 68 27 72 27 42 72 42 72 72 42 72 42 72 72 70 42 72 72 40 72 72 42 72 72 72 72 66 66 70 42 42 72 72 42 40
72 72 72 27 72 72 68 27 72 27 42 72 42 72 72 42 72 42 72 72 70 42 72 72 40 72 72 42 72 72 72 72 66 66 70 42 42 72 72 42 40
72 72 72 27 72 72 68 27 72 27 42 72 42 72 72 42 72 42 72 72 70 42 72 72 40 72 72 42 72 72 72 72 66 66 70 42 42 72 72 42 40
72 72 72 27 72 72 68 27 72 27 42 72 42 72 72 42 72 42 72 72 70 42 72 72 40 72 72 42 72 72 72 72 66 66 70 42 42 72 72 42 40
17 17 17 16 17 17 16 16 17 16 17 17 16 17 18 16 18 18 17 74 74 18 74 74 74 74 18 74 18 18 18 17 17 74 17 18 18 17 17 17 16
17 17 17 16 17 17 16 16 17 16 17 17 16 17 18 16 18 18 17 74 74 18 74 74 74 74 18 74 18 18 18 17 17 74 17 18 18 17 17 17 16
17 17 17 16 17 17 16 16 17 16 17 17 16 17 18 16 18 18 17 74 74 18 74 74 74 74 18 74 18 18 18 17 17 74 17 18 18 17 17 17 16
17 17 17 16 17 17 16 16 17 16 17 17 16 17 18 16 18 18 17 74 74 18 74 74 74 74 18 74 18 18 18 17 17 74 17 18 18 17 17 17 16
17 17 17 16 17 17 16 16 17 16 17 17 16 17 18 16 18 18 17 74 74 18 74 74 74 74 18 74 18 18 18 17 17 74 17 18 18 17 17 17 16
17 17 17 16 17 17 16 16 17 16 17 17 16 17 18 16 18 18 17 74 74 18 74 74 74 74 18 74 18 18 18 17 17 74 17 18 18 17 17 17 16
17 17 17 16 17 17 16 16 17 16 17 17 16 17 18 16 18 18 17 74 74 18 74 74 74 74 18 74 18 18 18 17 17 74 17 18 18 17 17 17 16
17 17 17 16 17 17 16 16 17 16 17 17 16 17 18 16 18 18 17 74 74 18 74 74 74 74 18 74 18 18 18 17 17 74 17 18 18 17 17 17 16
17 17 17 16 17 17 16 16 17 16 17 17 16 17 18 16 18 18 17 74 74 18 74 74 74 74 18 74 18 18 18 17 17 74 17 18 18 17 17 17 16
17 17 17 16 17 17 16 16 17 16 17 17 16 17 18 16 18 18 17 74 74 18 74 74 74 74 18 74 18 18 18 17 17 74 17 18 18 17 17 17 16
17 17 17 16 17 17 16 16 17 16 17 17 16 17 18 16 18 18 17 74 74 18 74 74 74 74 18 74 18 18 18 17 17 74 17 18 18 17 17 17 16
17 17 17 16 17 17 16 16 17 16 17 17 16 17 18 16 18 18 17 74 74 18 74 74 74 74 18 74 18 18 18 17 17 74 17 18 18 17 17 17 16
17 17 17 16 17 17 16 16 17 16 17 17 16 17 18 16 18 18 17 74 74 18 74 74 74 74 18 74 18 18 18 17 17 74 17 18 18 17 17 17 16
17 17 17 16 17 17 16 16 17 16 17 17 16 17 18 16 18 18 17 74 74 18 74 74 74 74 18 74 18 18 18 17 17 74 17 18 18 17 17 17 16
17 17 17 16 17 17 16 16 17 16 17 17 16 17 18 16 18 18 17 74 74 18 74 74 74 74 18 74 18 18 18 17 17 74 17 18 18 17 17 17 16
52 52 31 52 54 52 32 53 52 52 55 52 54 32 52 58 32 52 58 32 52 58 32 56 58 55 58 58 57 34 34 58 33 32 58 55 55 58 57 34 52
52 52 31 52 54 52 32 53 52 52 55 52 54 32 52 58 32 52 58 32 52 58 32 56 58 55 58 58 57 34 34 58 33 32 58 55 55 58 57 34 52
52 52 31 52 54 52 32 53 52 52 55 52 54 32 52 58 32 52 58 32 52 58 32 56 58 55 58 58 57 34 34 58 33 32 58 55 55 58 57 34 52
52 52 31 52 54 52 32 53 52 52 55 52 54 32 52 58 32 52 58 32 52 58 32 56 58 55 58 58 57 34 34 58 33 32 58 55 55 58 57 34 52
52 52 31 52 54 52 32 53 52 52 55 52 54 32 52 58 32 52 58 32 52 58 32 56 58 55 58 58 57 34 34 58 33 32 58 55 55 58 57 34 52
52 52 31 52 54 52 32 53 52 52 55 52 54 32 52 58 32 52 58 32 52 58 32 56 58 55 58 58 57 34 34 58 33 32 58 55 55 58 57 34 52
52 52 31 52 54 52 32 53 52 52 55 52 54 32 52 58 32 52 58 32 52 58 32 56 58 55 58 58 57 34 34 58 33 32 58 55 55 58 57 34 52
52 52 31 52 54 52 32 53 52 52 55 52 54 32 52 58 32 52 58 32 52 58 32 56 58 55 58 58 57 34 34 58 33 32 58 55 55 58 57 34 52
52 52 31 52 54 52 32 53 52 52 55 52 54 32 52 58 32 52 58 32 52 58 32 56 58 55 58 58 57 34 34 58 33 32 58 55 55 58 57 34 52
52 52 31 52 54 52 32 53 52 52 55 52 54 32 52 58 32 52 58 32 52 58 32 56 58 55 58 58 57 34 34 58 33 32 58 55 55 58 57 34 52
52 52 31 52 54 52 32 53 52 52 55 52 54 32 52 58 32 52 58 32 52 58 32 56 58 55 58 58 57 34 34 58 33 32 58 55 55 58 57 34 52
52 52 31 52 54 52 32 53 52 52 55 52 54 32 52 58 32 52 58 32 52 58 32 56 58 55 58 58 57 34 34 58 33 32 58 55 55 58 57 34 52
52 52 31 52 54 52 32 53 52 52 55 52 54 32 52 58 32 52 58 32 52 58 32 56 58 55 58 58 57 34 34 58 33 32 58 55 55 58 57 34 52
52 52 31 52 54 52 32 53 52 52 55 52 54 32 52 58 32 52 58 32 52 58 32 56 58 55 58 58 57 34 34 58 33 32 58 55 55 58 57 34 52
52 52 31 52 54 52 32 53 52 52 55 52 54 32 52 58 32 52 58 32 52 58 32 56 58 55 58 58 57 34 34 58 33 32 58 55 55 58 57 34 52
41 41 22 71 41 41 26 67 41 41 26 41 41 26 41 41 26 69 71 39 71 71 39 71 71 41 65 71 71 69 65 41 71 41 71 41 69 28 71 26 41
41 41 22 71 41 41 26 67 41 41 26 41 41 26 41 41 26 69 71 39 71 71 39 71 71 41 65 71 71 69 65 41 71 41 71 41 69 28 71 26 41
41 41 22 71 41 41 26 67 41 41 26 41 41 26 41 41 26 69 71 39 71 71 39 71 71 41 65 71 71 69 65 41 71 41 71 41 69 28 71 26 41
41 41 22 71 41 41 26 67 41 41 26 41 41 26 41 41 26 69 71 39 71 71 39 71 71 41 65 71 71 69 65 41 71 41 71 41 69 28 71 26 41
41 41 22 71 41 41 26 67 41 41 26 41 41 26 41 41 26 69 71 39 71 71 39 71 71 41 65 71 71 69 65 41 71 41 71 41 69 28 71 26 41
41 41 22 71 41 41 26 67 41 41 26 41 41 26 41 41 26 69 71 39 71 71 39 71 71 41 65 71 71 69 65 41 71 41 71 41 69 28 71 26 41
41 41 22 71 41 41 26 67 41 41 26 41 41 26 41 41 26 69 71 39 71 71 39 71 71 41 65 71 71 69 65 41 71 41 71 41 69 28 71 26 41
41 41 22 71 41 41 26 67 41 41 26 41 41 26 41 41 26 69 71 39 71 71 39 71 71 41 65 71 71 69 65 41 71 41 71 41 69 28 71 26 41
41 41 22 71 41 41 26 67 41 41 26 41 41 26 41 41 26 69 71 39 71 71 39 71 71 41 65 71 71 69 65 41 71 41 71 41 69 28 71 26 41
41 41 22 71 41 41 26 67 41 41 26 41 41 26 41 41 26 69 71 39 71 71 39 71 71 41 65 71 71 69 65 41 71 41 71 41 69 28 71 26 41
41 41 22 71 41 41 26 67 41 41 26 41 41 26 41 41 26 69 71 39 71 71 39 71 71 41 65 71 71 69 65 41 71 41 71 41 69 28 71 26 41
41 41 22 71 41 41 26 67 41 41 26 41 41 26 41 41 26 69 71 39 71 71 39 71 71 41 65 71 71 69 65 41 71 41 71 41 69 28 71 26 41
41 41 22 71 41 41 26 67 41 41 26 41 41 26 41 41 26 69 71 39 71 71 39 71 71 41 65 71 71 69 65 41 71 41 71 41 69 28 71 26 41
41 41 22 71 41 41 26 67 41 41 26 41 41 26 41 41 26 69 71 39 71 71 39 71 71 41 65 71 71 69 65 41 71 41 71 41 69 28 71 26 41
41 41 22 71 41 41 26 67 41 41 26 41 41 26 41 41 26 69 71 39 71 71 39 71 71 41 65 71 71 69 65 41 71 41 71 41 69 28 71 26 41