0 0 0 0 0 0 0 0 0 0 0 0 0 0 0 0 0 0 0 0 0 0 0 0 0 0 0 0 0 0 0 0 0 0 0 0 0 0 0 0 0
0 0 0 0 0 0 0 0 0 0 0 0 0 0 0 0 0 0 0 0 0 0 0 0 0 0 0 0 0 0 0 0 0 0 0 0 0 0 0 0 0
0 0 0 0 0 0 0 0 0 0 0 0 0 0 0 0 0 0 0 0 0 0 0 0 0 0 0 0 0 0 0 0 0 0 0 0 0 0 0 0 0
0 0 0 0 0 0 0 0 0 0 0 0 0 0 0 0 0 0 0 0 0 0 0 0 0 0 0 0 0 0 0 0 0 0 0 0 0 0 0 0 0
0 0 0 0 0 0 0 0 0 0 0 0 0 0 0 0 0 0 0 0 0 0 0 0 0 0 0 0 0 0 0 0 0 0 0 0 0 0 0 0 0
0 0 0 0 0 0 0 0 0 0 0 0 0 0 0 0 0 0 0 0 0 0 0 0 0 0 0 0 0 0 0 0 0 0 0 0 0 0 0 0 0
0 0 0 0 0 0 0 0 0 0 0 0 0 0 0 0 0 0 0 0 0 0 0 0 0 0 0 0 0 0 0 0 0 0 0 0 0 0 0 0 0
0 0 0 0 0 0 0 0 0 0 0 0 0 0 0 0 0 0 0 0 0 0 0 0 0 0 0 0 0 0 0 0 0 0 0 0 0 0 0 0 0
0 0 0 0 0 0 0 0 0 0 0 0 0 0 0 0 0 0 0 0 0 0 0 0 0 0 0 0 0 0 0 0 0 0 0 0 0 0 0 0 0
0 0 0 0 0 0 0 0 0 0 0 0 0 0 0 0 0 0 0 0 0 0 0 0 0 0 0 0 0 0 0 0 0 0 0 0 0 0 0 0 0
0 0 0 0 0 0 0 0 0 0 0 0 0 0 0 0 0 0 0 0 0 0 0 0 0 0 0 0 0 0 0 0 0 0 0 0 0 0 0 0 0
0 0 0 0 0 0 0 0 0 0 0 0 0 0 0 0 0 0 0 0 0 0 0 0 0 0 0 0 0 0 0 0 0 0 0 0 0 0 0 0 0
0 0 0 0 0 0 0 0 0 0 0 0 0 0 0 0 0 0 0 0 0 0 0 0 0 0 0 0 0 0 0 0 0 0 0 0 0 0 0 0 0
0 0 0 0 0 0 0 0 0 0 0 0 0 0 0 0 0 0 0 0 0 0 0 0 0 0 0 0 0 0 0 0 0 0 0 0 0 0 0 0 0
0 0 0 0 0 0 0 0 0 0 0 0 0 0 0 0 0 0 0 0 0 0 0 0 0 0 0 0 0 0 0 0 0 0 0 0 0 0 0 0 0
11 11 11 11 11 11 11 11 11 11 11 11 11 11 11 11 11 11 11 11 11 11 11 11 11 11 11 11 11 11 11 11 11 11 11 11 11 11 11 11 11
11 11 11 11 11 11 11 11 11 11 11 11 11 11 11 11 11 11 11 11 11 11 11 11 11 11 11 11 11 11 11 11 11 11 11 11 11 11 11 11 11
11 11 11 11 11 11 11 11 11 11 11 11 11 11 11 11 11 11 11 11 11 11 11 11 11 11 11 11 11 11 11 11 11 11 11 11 11 11 11 11 11
11 11 11 11 11 11 11 11 11 11 11 11 11 11 11 11 11 11 11 11 11 11 11 11 11 11 11 11 11 11 11 11 11 11 11 11 11 11 11 11 11
11 11 11 11 11 11 11 11 11 11 11 11 11 11 11 11 11 11 11 11 11 11 11 11 11 11 11 11 11 11 11 11 11 11 11 11 11 11 11 11 11
11 11 11 11 11 11 11 11 11 11 11 11 11 11 11 11 11 11 11 11 11 11 11 11 11 11 11 11 11 11 11 11 11 11 11 11 11 11 11 11 11
11 11 11 11 11 11 11 11 11 11 11 11 11 11 11 11 11 11 11 11 11 11 11 11 11 11 11 11 11 11 11 11 11 11 11 11 11 11 11 11 11
11 11 11 11 11 11 11 11 11 11 11 11 11 11 11 11 11 11 11 11 11 11 11 11 11 11 11 11 11 11 11 11 11 11 11 11 11 11 11 11 11
11 11 11 11 11 11 11 11 11 11 11 11 11 11 11 11 11 11 11 11 11 11 11 11 11 11 11 11 11 11 11 11 11 11 11 11 11 11 11 11 11
11 11 11 11 11 11 11 11 11 11 11 11 11 11 11 11 11 11 11 11 11 11 11 11 11 11 11 11 11 11 11 11 11 11 11 11 11 11 11 11 11
11 11 11 11 11 11 11 11 11 11 11 11 11 11 11 11 11 11 11 11 11 11 11 11 11 11 11 11 11 11 11 11 11 11 11 11 11 11 11 11 11
11 11 11 11 11 11 11 11 11 11 11 11 11 11 11 11 11 11 11 11 11 11 11 11 11 11 11 11 11 11 11 11 11 11 11 11 11 11 11 11 11
11 11 11 11 11 11 11 11 11 11 11 11 11 11 11 11 11 11 11 11 11 11 11 11 11 11 11 11 11 11 11 11 11 11 11 11 11 11 11 11 11
11 11 11 11 11 11 11 11 11 11 11 11 11 11 11 11 11 11 11 11 11 11 11 11 11 11 11 11 11 11 11 11 11 11 11 11 11 11 11 11 11
11 11 11 11 11 11 11 11 11 11 11 11 11 11 11 11 11 11 11 11 11 11 11 11 11 11 11 11 11 11 11 11 11 11 11 11 11 11 11 11 11
13 13 13 35 14 14 3 9 14 22 36 22 22 35 35 35 35 35 35 35 35 35 35 35 35 35 35 35 35 35 35 35 35 36 36 31 31 35 36 36 22
13 13 13 35 14 14 3 9 14 22 36 22 22 35 35 35 35 35 35 35 35 35 35 35 35 35 35 35 35 35 35 35 35 36 36 31 31 35 36 36 22
13 13 13 35 14 14 3 9 14 22 36 22 22 35 35 35 35 35 35 35 35 35 35 35 35 35 35 35 35 35 35 35 35 36 36 31 31 35 36 36 22
13 13 13 35 14 14 3 9 14 22 36 22 22 35 35 35 35 35 35 35 35 35 35 35 35 35 35 35 35 35 35 35 35 36 36 31 31 35 36 36 22
13 13 13 35 14 14 3 9 14 22 36 22 22 35 35 35 35 35 35 35 35 35 35 35 35 35 35 35 35 35 35 35 35 36 36 31 31 35 36 36 22
13 13 13 35 14 14 3 9 14 22 36 22 22 35 35 35 35 35 35 35 35 35 35 35 35 35 35 35 35 35 35 35 35 36 36 31 31 35 36 36 22
13 13 13 35 14 14 3 9 14 22 36 22 22 35 35 35 35 35 35 35 35 35 35 35 35 35 35 35 35 35 35 35 35 36 36 31 31 35 36 36 22
13 13 13 35 14 14 3 9 14 22 36 22 22 35 35 35 35 35 35 35 35 35 35 35 35 35 35 35 35 35 35 35 35 36 36 31 31 35 36 36 22
13 13 13 35 14 14 3 9 14 22 36 22 22 35 35 35 35 35 35 35 35 35 35 35 35 35 35 35 35 35 35 35 35 36 36 31 31 35 36 36 22
13 13 13 14 35 14 3 36 14 22 15 22 22 35 35 35 35 35 35 35 35 35 35 35 35 35 35 35 35 35 35 35 35 36 36 31 31 35 36 23 35
13 13 13 35 14 14 3 9 14 22 36 22 22 35 35 35 35 35 35 35 35 35 35 35 35 35 35 35 35 35 35 35 35 36 36 31 31 35 36 36 22
13 13 13 14 35 14 3 36 14 22 15 22 22 35 35 35 35 35 35 35 35 35 35 35 35 35 35 35 35 35 35 35 35 36 36 31 31 35 36 23 35
13 13 13 35 14 14 3 9 14 22 36 22 22 35 35 35 35 35 35 35 35 35 35 35 35 35 35 35 35 35 35 35 35 36 36 31 31 35 36 36 22
13 13 13 14 35 14 3 36 14 22 15 22 22 35 35 35 35 35 35 35 35 35 35 35 35 35 35 35 35 35 35 35 35 36 36 31 31 35 36 23 35
13 13 13 35 14 14 3 9 14 22 36 22 22 35 35 35 35 35 35 35 35 35 35 35 35 35 35 35 35 35 35 35 35 36 36 31 31 35 36 36 22
16 16 16 26 16 16 5 26 16 26 27 16 26 27 26 26 26 26 26 26 26 26 26 26 26 26 26 26 26 26 26 26 26 26 27 27 26 26 26 27 26
16 16 16 26 16 16 5 26 16 26 27 16 26 27 26 26 26 26 26 26 26 26 26 26 26 26 26 26 26 26 26 26 26 26 27 27 26 26 26 27 26
16 16 16 26 16 16 5 26 16 26 27 16 26 27 26 26 26 26 26 26 26 26 26 26 26 26 26 26 26 26 26 26 26 26 27 27 26 26 26 27 26
16 16 16 26 16 16 5 26 16 26 27 16 26 27 26 26 26 26 26 26 26 26 26 26 26 26 26 26 26 26 26 26 26 26 27 27 26 26 26 27 26
16 16 16 26 16 16 5 26 16 26 27 16 26 27 26 26 26 26 26 26 26 26 26 26 26 26 26 26 26 26 26 26 26 26 27 27 26 26 26 27 26
16 16 16 26 16 16 5 26 16 26 27 16 26 27 26 26 26 26 26 26 26 26 26 26 26 26 26 26 26 26 26 26 26 26 27 27 26 26 26 27 26
16 16 16 26 16 16 5 26 16 26 27 16 26 27 26 26 26 26 26 26 26 26 26 26 26 26 26 26 26 26 26 26 26 26 27 27 26 26 26 27 26
16 16 16 26 16 16 5 26 16 26 27 16 26 27 26 26 26 26 26 26 26 26 26 26 26 26 26 26 26 26 26 26 26 26 27 27 26 26 26 27 26
16 16 16 26 16 16 5 26 16 26 27 16 26 27 26 26 26 26 26 26 26 26 26 26 26 26 26 26 26 26 26 26 26 26 27 27 26 26 26 27 26
16 16 16 26 16 16 5 26 16 26 27 16 26 27 26 26 26 26 26 26 26 26 26 26 26 26 26 26 26 26 26 26 26 26 27 27 26 26 26 27 26
16 16 16 26 16 16 5 26 16 26 27 16 26 27 26 26 26 26 26 26 26 26 26 26 26 26 26 26 26 26 26 26 26 26 27 27 26 26 26 27 26
16 16 16 26 16 16 5 26 16 26 27 16 26 27 26 26 26 26 26 26 26 26 26 26 26 26 26 26 26 26 26 26 26 26 27 27 26 26 26 27 26
16 16 16 26 16 16 5 26 16 26 27 16 26 27 26 26 26 26 26 26 26 26 26 26 26 26 26 26 26 26 26 26 26 26 27 27 26 26 26 27 26
16 16 16 26 16 16 5 26 16 26 27 16 26 27 26 26 26 26 26 26 26 26 26 26 26 26 26 26 26 26 26 26 26 26 27 27 26 26 26 27 26
16 16 16 26 16 16 5 26 16 26 27 16 26 27 26 26 26 26 26 26 26 26 26 26 26 26 26 26 26 26 26 26 26 26 27 27 26 26 26 27 26
20 20 20 24 21 21 4 24 21 24 25 21 24 21 21 24 21 24 24 24 24 24 24 24 24 24 24 24 24 24 24 24 24 24 24 24 25 24 24 24 24
20 20 20 24 21 21 4 24 21 24 25 21 24 21 21 24 21 24 24 24 24 24 24 24 24 24 24 24 24 24 24 24 24 24 24 24 25 24 24 24 24
20 20 20 24 21 21 4 24 21 24 25 21 24 21 21 24 21 24 24 24 24 24 24 24 24 24 24 24 24 24 24 24 24 24 24 24 25 24 24 24 24
20 20 20 24 21 21 4 24 21 24 25 21 24 21 21 24 21 24 24 24 24 24 24 24 24 24 24 24 24 24 24 24 24 24 24 24 25 24 24 24 24
20 20 20 24 21 21 4 24 21 24 25 21 24 21 21 24 21 24 24 24 24 24 24 24 24 24 24 24 24 24 24 24 24 24 24 24 25 24 24 24 24
20 20 20 24 21 21 4 24 21 24 25 21 24 21 21 24 21 24 24 24 24 24 24 24 24 24 24 24 24 24 24 24 24 24 24 24 25 24 24 24 24
20 20 20 24 21 21 4 24 21 24 25 21 24 21 21 24 21 24 24 24 24 24 24 24 24 24 24 24 24 24 24 24 24 24 24 24 25 24 24 24 24
20 20 20 24 21 21 4 24 21 24 25 21 24 21 21 24 21 24 24 24 24 24 24 24 24 24 24 24 24 24 24 24 24 24 24 24 25 24 24 24 24
20 20 20 24 21 21 4 24 21 24 25 21 24 21 21 24 21 24 24 24 24 24 24 24 24 24 24 24 24 24 24 24 24 24 24 24 25 24 24 24 24
20 20 20 24 21 21 4 24 21 24 25 21 24 21 21 24 21 24 24 24 24 24 24 24 24 24 24 24 24 24 24 24 24 24 24 24 25 24 24 24 24
20 20 20 24 21 21 4 24 21 24 25 21 24 21 21 24 21 24 24 24 24 24 24 24 24 24 24 24 24 24 24 24 24 24 24 24 25 24 24 24 24
20 20 20 24 21 21 4 24 21 24 25 21 24 21 21 24 21 24 24 24 24 24 24 24 24 24 24 24 24 24 24 24 24 24 24 24 25 24 24 24 24
20 20 20 24 21 21 4 24 21 24 25 21 24 21 21 24 21 24 24 24 24 24 24 24 24 24 24 24 24 24 24 24 24 24 24 24 25 24 24 24 24
20 20 20 24 21 21 4 24 21 24 25 21 24 21 21 24 21 24 24 24 24 24 24 24 24 24 24 24 24 24 24 24 24 24 24 24 25 24 24 24 24
20 20 20 24 21 21 4 24 21 24 25 21 24 21 21 24 21 24 24 24 24 24 24 24 24 24 24 24 24 24 24 24 24 24 24 24 25 24 24 24 24
10 10 10 32 32 32 10 10 32 32 32 32 32 32 32 32 32 32 32 32 32 32 32 32 32 32 32 32 32 32 32 32 32 32 32 32 32 32 32 32 32
10 10 10 32 32 32 10 10 32 32 32 32 32 32 32 32 32 32 32 32 32 32 32 32 32 32 32 32 32 32 32 32 32 32 32 32 32 32 32 32 32
10 10 10 32 32 32 10 10 32 32 32 32 32 32 32 32 32 32 32 32 32 32 32 32 32 32 32 32 32 32 32 32 32 32 32 32 32 32 32 32 32
10 10 10 32 32 32 10 10 32 32 32 32 32 32 32 32 32 32 32 32 32 32 32 32 32 32 32 32 32 32 32 32 32 32 32 32 32 32 32 32 32
10 10 10 32 32 32 10 10 32 32 32 32 32 32 32 32 32 32 32 32 32 32 32 32 32 32 32 32 32 32 32 32 32 32 32 32 32 32 32 32 32
10 10 10 32 32 32 10 10 32 32 32 32 32 32 32 32 32 32 32 32 32 32 32 32 32 32 32 32 32 32 32 32 32 32 32 32 32 32 32 32 32
10 10 10 32 32 32 10 10 32 32 32 32 32 32 32 32 32 32 32 32 32 32 32 32 32 32 32 32 32 32 32 32 32 32 32 32 32 32 32 32 32
10 10 10 32 32 32 10 10 32 32 32 32 32 32 32 32 32 32 32 32 32 32 32 32 32 32 32 32 32 32 32 32 32 32 32 32 32 32 32 32 32
10 10 10 32 32 32 10 10 32 32 32 32 32 32 32 32 32 32 32 32 32 32 32 32 32 32 32 32 32 32 32 32 32 32 32 32 32 32 32 32 32
10 10 10 32 32 32 10 10 32 32 32 32 32 32 32 32 32 32 32 32 32 32 32 32 32 32 32 32 32 32 32 32 32 32 32 32 32 32 32 32 32
10 10 10 32 32 32 10 10 32 32 32 32 32 32 32 32 32 32 32 32 32 32 32 32 32 32 32 32 32 32 32 32 32 32 32 32 32 32 32 32 32
10 10 10 32 32 32 10 10 32 32 32 32 32 32 32 32 32 32 32 32 32 32 32 32 32 32 32 32 32 32 32 32 32 32 32 32 32 32 32 32 32
10 10 10 32 32 32 10 10 32 32 32 32 32 32 32 32 32 32 32 32 32 32 32 32 32 32 32 32 32 32 32 32 32 32 32 32 32 32 32 32 32
10 10 10 32 32 32 10 10 32 32 32 32 32 32 32 32 32 32 32 32 32 32 32 32 32 32 32 32 32 32 32 32 32 32 32 32 32 32 32 32 32
10 10 10 32 32 32 10 10 32 32 32 32 32 32 32 32 32 32 32 32 32 32 32 32 32 32 32 32 32 32 32 32 32 32 32 32 32 32 32 32 32
18 18 18 30 19 19 8 18 19 30 19 19 30 19 19 30 19 19 30 19 19 30 19 19 30 19 19 34 19 19 19 19 19 19 34 34 34 34 34 34 30
18 18 18 30 19 19 8 18 19 30 19 19 30 19 19 30 19 19 30 19 19 30 19 19 30 19 19 34 19 19 19 19 19 19 34 34 34 34 34 34 30
18 18 18 30 19 19 8 18 19 30 19 19 30 19 19 30 19 19 30 19 19 30 19 19 30 19 19 34 19 19 19 19 19 19 34 34 34 34 34 34 30
18 18 18 30 19 19 8 18 19 30 19 19 30 19 19 30 19 19 30 19 19 30 19 19 30 19 19 34 19 19 19 19 19 19 34 34 34 34 34 34 30
18 18 18 30 19 19 8 18 19 30 19 19 30 19 19 30 19 19 30 19 19 30 19 19 30 19 19 34 19 19 19 19 19 19 34 34 34 34 34 34 30
18 18 18 30 19 19 8 18 19 30 19 19 30 19 19 30 19 19 30 19 19 30 19 19 30 19 19 34 19 19 19 19 19 19 34 34 34 34 34 34 30
18 18 18 30 19 19 8 18 19 30 19 19 30 19 19 30 19 19 30 19 19 30 19 19 30 19 19 34 19 19 19 19 19 19 34 34 34 34 34 34 30
18 18 18 30 19 19 8 18 19 30 19 19 30 19 19 30 19 19 30 19 19 30 19 19 30 19 19 34 19 19 19 19 19 19 34 34 34 34 34 34 30
18 18 18 30 19 19 8 18 19 30 19 19 30 19 19 30 19 19 30 19 19 30 19 19 30 19 19 34 19 19 19 19 19 19 34 34 34 34 34 34 30
18 18 18 30 19 19 8 18 19 30 19 19 30 19 19 30 19 19 30 19 19 30 19 19 30 19 19 34 19 19 19 19 19 19 34 34 34 34 34 34 30
18 18 18 30 19 19 8 18 19 30 19 19 30 19 19 30 19 19 30 19 19 30 19 19 30 19 19 34 19 19 19 19 19 19 34 34 34 34 34 34 30
18 18 18 30 19 19 8 18 19 30 19 19 30 19 19 30 19 19 30 19 19 30 19 19 30 19 19 34 19 19 19 19 19 19 34 34 34 34 34 34 30
18 18 18 30 19 19 8 18 19 30 19 19 30 19 19 30 19 19 30 19 19 30 19 19 30 19 19 34 19 19 19 19 19 19 34 34 34 34 34 34 30
18 18 18 30 19 19 8 18 19 30 19 19 30 19 19 30 19 19 30 19 19 30 19 19 30 19 19 34 19 19 19 19 19 19 34 34 34 34 34 34 30
18 18 18 30 19 19 8 18 19 30 19 19 30 19 19 30 19 19 30 19 19 30 19 19 30 19 19 34 19 19 19 19 19 19 34 34 34 34 34 34 30
6 6 6 28 28 28 6 6 28 28 28 28 28 28 28 28 28 28 28 28 28 28 28 28 28 28 28 28 28 28 28 28 28 28 28 28 28 28 28 28 28
6 6 6 28 28 28 6 6 28 28 28 28 28 28 28 28 28 28 28 28 28 28 28 28 28 28 28 28 28 28 28 28 28 28 28 28 28 28 28 28 28
6 6 6 28 28 28 6 6 28 28 28 28 28 28 28 28 28 28 28 28 28 28 28 28 28 28 28 28 28 28 28 28 28 28 28 28 28 28 28 28 28
6 6 6 28 28 28 6 6 28 28 28 28 28 28 28 28 28 28 28 28 28 28 28 28 28 28 28 28 28 28 28 28 28 28 28 28 28 28 28 28 28
6 6 6 28 28 28 6 6 28 28 28 28 28 28 28 28 28 28 28 28 28 28 28 28 28 28 28 28 28 28 28 28 28 28 28 28 28 28 28 28 28
6 6 6 28 28 28 6 6 28 28 28 28 28 28 28 28 28 28 28 28 28 28 28 28 28 28 28 28 28 28 28 28 28 28 28 28 28 28 28 28 28
6 6 6 28 28 28 6 6 28 28 28 28 28 28 28 28 28 28 28 28 28 28 28 28 28 28 28 28 28 28 28 28 28 28 28 28 28 28 28 28 28
6 6 6 28 28 28 6 6 28 28 28 28 28 28 28 28 28 28 28 28 28 28 28 28 28 28 28 28 28 28 28 28 28 28 28 28 28 28 28 28 28
6 6 6 28 28 28 6 6 28 28 28 28 28 28 28 28 28 28 28 28 28 28 28 28 28 28 28 28 28 28 28 28 28 28 28 28 28 28 28 28 28
6 6 6 28 28 28 6 6 28 28 28 28 28 28 28 28 28 28 28 28 28 28 28 28 28 28 28 28 28 28 28 28 28 28 28 28 28 28 28 28 28
6 6 6 28 28 28 6 6 28 28 28 28 28 28 28 28 28 28 28 28 28 28 28 28 28 28 28 28 28 28 28 28 28 28 28 28 28 28 28 28 28
6 6 6 28 28 28 6 6 28 28 28 28 28 28 28 28 28 28 28 28 28 28 28 28 28 28 28 28 28 28 28 28 28 28 28 28 28 28 28 28 28
6 6 6 28 28 28 6 6 28 28 28 28 28 28 28 28 28 28 28 28 28 28 28 28 28 28 28 28 28 28 28 28 28 28 28 28 28 28 28 28 28
6 6 6 28 28 28 6 6 28 28 28 28 28 28 28 28 28 28 28 28 28 28 28 28 28 28 28 28 28 28 28 28 28 28 28 28 28 28 28 28 28
6 6 6 28 28 28 6 6 28 28 28 28 28 28 28 28 28 28 28 28 28 28 28 28 28 28 28 28 28 28 28 28 28 28 28 28 28 28 28 28 28
1 1 1 12 12 12 1 1 12 12 1 12 12 1 12 12 1 12 12 1 12 12 1 12 12 1 12 12 1 12 12 1 12 12 1 1 12 12 12 12 12
1 1 1 12 12 12 1 1 12 12 1 12 12 1 12 12 1 12 12 1 12 12 1 12 12 1 12 12 1 12 12 1 12 12 1 1 12 12 12 12 12
1 1 1 12 12 12 1 1 12 12 1 12 12 1 12 12 1 12 12 1 12 12 1 12 12 1 12 12 1 12 12 1 12 12 1 1 12 12 12 12 12
1 1 1 12 12 12 1 1 12 12 1 12 12 1 12 12 1 12 12 1 12 12 1 12 12 1 12 12 1 12 12 1 12 12 1 1 12 12 12 12 12
1 1 1 12 12 12 1 1 12 12 1 12 12 1 12 12 1 12 12 1 12 12 1 12 12 1 12 12 1 12 12 1 12 12 1 1 12 12 12 12 12
1 1 1 12 12 12 1 1 12 12 1 12 12 1 12 12 1 12 12 1 12 12 1 12 12 1 12 12 1 12 12 1 12 12 1 1 12 12 12 12 12
1 1 1 12 12 12 1 1 12 12 1 12 12 1 12 12 1 12 12 1 12 12 1 12 12 1 12 12 1 12 12 1 12 12 1 1 12 12 12 12 12
1 1 1 12 12 12 1 1 12 12 1 12 12 1 12 12 1 12 12 1 12 12 1 12 12 1 12 12 1 12 12 1 12 12 1 1 12 12 12 12 12
1 1 1 12 12 12 1 1 12 12 1 12 12 1 12 12 1 12 12 1 12 12 1 12 12 1 12 12 1 12 12 1 12 12 1 1 12 12 12 12 12
1 1 1 12 12 12 1 1 12 12 1 12 12 1 12 12 1 12 12 1 12 12 1 12 12 1 12 12 1 12 12 1 12 12 1 1 12 12 12 12 12
1 1 1 12 12 12 1 1 12 12 1 12 12 1 12 12 1 12 12 1 12 12 1 12 12 1 12 12 1 12 12 1 12 12 1 1 12 12 12 12 12
1 1 1 12 12 12 1 1 12 12 1 12 12 1 12 12 1 12 12 1 12 12 1 12 12 1 12 12 1 12 12 1 12 12 1 1 12 12 12 12 12
1 1 1 12 12 12 1 1 12 12 1 12 12 1 12 12 1 12 12 1 12 12 1 12 12 1 12 12 1 12 12 1 12 12 1 1 12 12 12 12 12
1 1 1 12 12 12 1 1 12 12 1 12 12 1 12 12 1 12 12 1 12 12 1 12 12 1 12 12 1 12 12 1 12 12 1 1 12 12 12 12 12
1 1 1 12 12 12 1 1 12 12 1 12 12 1 12 12 1 12 12 1 12 12 1 12 12 1 12 12 1 12 12 1 12 12 1 1 12 12 12 12 12
7 7 7 17 33 33 2 7 33 33 29 33 33 29 33 33 29 33 33 29 17 33 29 17 17 33 17 17 33 33 33 33 33 33 33 33 33 33 33 29 33
7 7 7 17 33 33 2 7 33 33 29 33 33 29 33 33 29 33 33 29 17 33 29 17 17 33 17 17 33 33 33 33 33 33 33 33 33 33 33 29 33
7 7 7 17 33 33 2 7 33 33 29 33 33 29 33 33 29 33 33 29 17 33 29 17 17 33 17 17 33 33 33 33 33 33 33 33 33 33 33 29 33
7 7 7 17 33 33 2 7 33 33 29 33 33 29 33 33 29 33 33 29 17 33 29 17 17 33 17 17 33 33 33 33 33 33 33 33 33 33 33 29 33
7 7 7 17 33 33 2 7 33 33 29 33 33 29 33 33 29 33 33 29 17 33 29 17 17 33 17 17 33 33 33 33 33 33 33 33 33 33 33 29 33
7 7 7 17 33 33 2 7 33 33 29 33 33 29 33 33 29 33 33 29 17 33 29 17 17 33 17 17 33 33 33 33 33 33 33 33 33 33 33 29 33
7 7 7 17 33 33 2 7 33 33 29 33 33 29 33 33 29 33 33 29 17 33 29 17 17 33 17 17 33 33 33 33 33 33 33 33 33 33 33 29 33
7 7 7 17 33 33 2 7 33 33 29 33 33 29 33 33 29 33 33 29 17 33 29 17 17 33 17 17 33 33 33 33 33 33 33 33 33 33 33 29 33
7 7 7 17 33 33 2 7 33 33 29 33 33 29 33 33 29 33 33 29 17 33 29 17 17 33 17 17 33 33 33 33 33 33 33 33 33 33 33 29 33
7 7 7 17 33 33 2 7 33 33 29 33 33 29 33 33 29 33 33 29 17 33 29 17 17 33 17 17 33 33 33 33 33 33 33 33 33 33 33 29 33
7 7 7 17 33 33 2 7 33 33 29 33 33 29 33 33 29 33 33 29 17 33 29 17 17 33 17 17 33 33 33 33 33 33 33 33 33 33 33 29 33
7 7 7 17 33 33 2 7 33 33 29 33 33 29 33 33 29 33 33 29 17 33 29 17 17 33 17 17 33 33 33 33 33 33 33 33 33 33 33 29 33
7 7 7 17 33 33 2 7 33 33 29 33 33 29 33 33 29 33 33 29 17 33 29 17 17 33 17 17 33 33 33 33 33 33 33 33 33 33 33 29 33
7 7 7 17 33 33 2 7 33 33 29 33 33 29 33 33 29 33 33 29 17 33 29 17 17 33 17 17 33 33 33 33 33 33 33 33 33 33 33 29 33
7 7 7 17 33 33 2 7 33 33 29 33 33 29 33 33 29 33 33 29 17 33 29 17 17 33 17 17 33 33 33 33 33 33 33 33 33 33 33 29 33