6 6 6 6 6 6 6 6 6 6 6 6 11 11 11 11 11 11 11 11 11 11 11 11 11 11 11 11 11 11
6 6 6 6 6 6 6 6 6 6 6 6 11 11 11 11 11 11 11 11 11 11 11 11 11 11 11 11 11 11
6 6 6 6 6 6 6 6 6 6 6 6 11 11 11 11 11 11 11 11 11 11 11 11 11 11 11
6 6 6 6 6 6 6 6 6 6 6 6 11 11 11 11 11 11 11 11 11 11 11 11 11 11 11 11 11 11 11 11 11 11
6 6 6 6 6 6 6 6 6 6 6 6 11 11 11 11 11 6 6 6 6 6 6 11 11 11 11 11 11 11 11 11 11 11 11 11 11 11 11 11
6 6 6 6 6 6 6 6 6 6 6 6 11 11 11 11 11 11 11 6 6 6 6 6 6 11 11 11 11 11 11 11 11 11 11 11 11 11 11 11 11
6 6 6 6 6 6 6 6 6 6 6 6 11 11 11 11 11 6 6 6 6 6 6 11 11 11 11 11 11 11 11 11 11 11 11 11 11 11
6 6 6 6 6 6 6 6 6 6 6 6 11 11 11 11 11 6 6 6 6 9 9 6 6 6 6 11 11 11 11 11 11 11 11 11 11 11 11 11 11 11 11 11
6 6 6 6 6 6 6 6 6 6 6 6 11 11 11 11 11 6 6 6 6 9 9 6 6 6 6 11 11 11 11 11 11 11 11 11 11 11 11 11 11 11 11 11
6 6 6 6 6 6 6 6 6 6 6 6 11 11 11 11 11 11 11 11 11 11 11 11 11 11 11 11
6 6 6 6 6 6 6 6 6 6 6 6 11 11 11 11 11 11 11 11 11 11 11 11 11 11 11
6 6 6 6 6 6 6 6 6 6 6 6 11 11 11 11 11 6 6 6 6 6 6 11 11 11 11 11 11 11 11 11 11 11 11 11 11 11 11 11 11
6 6 6 6 6 6 6 6 6 6 6 6 11 11 11 11 11 11 11 11 11 11 11 11 11 11 11 11 11 11 11 11
6 6 6 6 6 6 6 6 6 6 6 6 11 11 11 11 11 11 11 11 11 11 11 11 11 11 11 11 11 11 11 11
6 6 6 6 6 6 6 6 6 6 6 6 11 11 6 11 11 11 11 11 6 6 6 6 6 11 11 11 11 11 11 11 11 11 11 11 11 11 11 11 11 11 11 11 11 11 11
6 6 6 6 6 6 6 6 6 6 6 6 11 11 11 11 11 11 11 11 11 11 11 11 11 11 11 11 11 11 11
6 6 6 6 6 6 6 6 6 6 6 6 11 11 11 11 11 11 11 11 11 11 11 11 11 11 11 11 11 11 11 11 11 11 11 11 11 11 11 11
6 6 6 6 6 6 6 6 6 6 6 6 11 11 11 11 11 11 11 11 11 11 11 11 11 11 11 11 11 11 11 11 11 11 11 11 11 11 11 11 11
6 6 6 6 6 6 6 6 6 6 6 6 11 11 6 11 11 6 6 6 6 6 11 11 11 11 11 11 11 11 11 11 11 11 11 11 11 11 11 11 11 11 11 11 11
6 6 6 6 6 6 6 6 6 6 6 6 11 11 11 11 11 11 11 6 6 6 6 6 6 11 11 11 11 11 11 11 11 11 11 11 11 11 11 11 11 11 11 11 11 11 11 11 11 11
6 6 6 6 6 6 6 6 6 6 6 6 11 11 11 11 11 11 11 6 6 6 6 6 6 11 11 11 11 11 11 11 11 11 11 11 11 11 11 11 11 11 11 11 11 11 11 11 11 11
6 6 6 6 6 6 6 6 6 6 6 6 11 11 11 11 11 11 6 6 6 6 6 6 11 11 11 11 11 11 11 11 11 11 11 11 11 11 11 11 11 11 11 11 11 11 11 11 11 11 11 11 11
6 6 6 6 6 6 6 6 6 6 6 6 11 11 11 11 11 11 11 11 6 6 6 6 6 6 11 11 11 11 11 11 11 11 11 11 11 11 11 11 11 11 11 11 11
6 6 6 6 6 6 6 6 6 6 6 6 11 11 11 11 11 11 11 11 11 11 11 11 11 11 11 11 11 11 11 11 11 11 11 11 11 11 11 11 11 11
6 6 6 6 6 6 6 6 6 6 6 6 11 11 11 11 11 11 11 11 11 6 11 11 11 11 11 6 6 6 6 6 11 11 11 11 11 11 11 11 11 11 11 11 11 11 11 11 11 11 11 11 11 11 11 11 11 11 11
6 6 6 6 6 6 6 6 6 6 6 6 11 11 11 11 11 1 1 1 1 1 11 6 6 6 6 6 6 11 11 11 11 11 11 11 11 11 11 11 11 11 11 11 11 11 11 11 11
6 6 6 6 6 6 6 6 6 6 6 6 11 11 11 11 11 1 1 1 1 1 6 6 6 6 6 6 11 11 11 11 11 11 11 11 11 11 11 11 11 11 11 11 11 11
6 6 6 6 6 6 6 6 6 6 6 6 11 11 11 11 11 1 1 1 1 1 11 11 11 11 11 11 11 11 11 11 11 11 11 11
6 6 6 6 6 6 6 6 6 6 6 6 11 11 11 11 11 1 1 1 1 1 11 6 6 6 6 6 6 11 11 11 11 11 11 11 11 11 11 11 11 11 11 11 11 11 11 11 11 11 11 11
6 6 6 6 6 6 6 6 6 6 6 6 11 11 11 11 11 11 11 11 6 6 6 6 6 6 11 11 11 11 11 11 11 11 11 11 11 11 11 11 11 11 11 11
6 6 6 6 6 6 6 6 6 6 6 6 11 11 11 11 11 11 11 11 6 6 6 6 6 6 11 11 11 11 11 11 11 11 11 11 11 11 11 11 11 11 11 11 11 11 11 11 11 11 11 11 11 11 11 11
6 6 6 6 6 6 6 6 6 6 6 6 11 11 11 11 11 11 11 6 6 6 6 6 6 11 11 11 11 11 11 11 11 11 11 11 11 11 11 11 11 11 11 11 11
6 6 6 6 6 6 6 6 6 6 6 6 11 11 11 11 11 11 11 6 6 6 6 6 6 11 11 11 11 11 11 11 11 11 11 11 11 11 11 11 11 11 11 11 11 11 11 11 11 11 11 11 11 11 11 11 11 11 11 11
6 6 6 6 6 6 6 6 6 6 6 6 11 11 11 11 11 11 6 6 6 6 6 6 11 11 11 11 11 11 11 11 11 11 11 11 11 11 11 11 11 11 11 11 11 11 11
6 6 6 6 6 6 6 6 6 6 6 6 11 11 11 11 11 11 6 6 6 6 6 6 11 11 11 11 11 11 11 11 11 11 11 11 11 11 11 11 11 11 11 11 11 11 11 11 11 11
6 6 6 6 6 6 6 6 6 6 6 6 11 11 11 11 11 11 11 11 11 11 11 11 11 11 11 11 11 11 11 11
6 6 6 6 6 6 6 6 6 6 6 6 11 11 11 11 11 11 6 6 6 6 6 6 11 11 11 11 11 11 11 11 11 11 11 11 11 11 11 11 11 11 11 11 11 11 11 11 11 11
6 6 6 6 6 6 6 6 6 6 6 6 11 11 11 11 11 11 6 6 6 6 6 6 11 11 11 11 11 11 11 11 11 11 11 11 11 11 11 11 11 11 11 11 11 11 11 11 11 11 11 11 11
6 6 6 6 6 6 6 6 6 6 6 6 11 11 11 11 11 11 6 6 6 6 6 6 11 11 11 11 11 11 11 11 11 11 11 11 11 11 11 11 11 11 11 11 11 11 11 11 11 11 11 11 11 11 11 11 11
6 6 6 6 6 6 6 6 6 6 6 6 11 11 11 11 11 11 6 6 6 6 6 6 11 11 11 1 11 1 1 1 1 11 11 11 11 11 11 11 11 11 11 11 11 11 11 11 11 11 11 11 11 11 11 11 11 11 11 11 11 11 11 11
6 6 6 6 6 6 6 6 6 6 6 6 11 11 11 11 11 11 6 6 6 6 6 6 11 11 11 1 1 1 1 1 11 11 11 11 11 11 11 11 11 11 11 11 11 11 11 11 11 11 11 11 11 11 11 11
6 6 6 6 6 6 6 6 6 6 6 6 11 11 11 11 11 11 6 6 6 6 6 6 11 11 11 11 11 11 11 11 11 11 11 11 11 11 11 11 11 11 11 11 11 11 11 11 11 11 11
6 6 6 6 6 6 6 6 6 6 6 6 11 11 11 11 11 11 6 6 6 6 6 6 11 11 11 11 11 11 11 11 11 11 11 11 11 11 11 11 11 11 11 11 11 11 11 11 11 11 11 11 11 11
6 6 6 6 6 6 6 6 6 6 6 6 11 11 11 11 11 11 6 6 6 6 6 6 11 11 11 11 11 6 6 6 6 6 6 11 11 11 11 11 11 11 11 11 11 11 11 11 11 11 11 11 11 11 11 11 11 11 11 11 11 11 11 11
6 6 6 6 6 6 6 6 6 6 6 6 11 11 11 11 11 11 6 6 6 6 6 6 11 11 11 11 11 11 11 11 11 11 11 11 11 11 11 11 11 11 11 11 11 11 11 11 11 11 11 11 11 11 11 11 11
6 6 6 6 6 6 6 6 6 6 6 6 11 11 11 11 11 11 11 11 11 11 11 11 11 11 11 11 11 11 11 11 11 11 11 11 11 11 11 11
6 6 6 6 6 6 6 6 6 6 6 6 11 11 11 11 11 11 11 11 11 11 11 11 11 11 11 11 11 11 11 11 11 11 11 11 11 11 11 11 11
6 6 6 6 6 6 6 6 6 6 6 6 11 11 11 11 11 11 11 11 11 11 11 11 11 11 11 11 11 11 11 11 11 11 11 11 11
6 6 6 6 6 6 6 6 6 6 6 6 11 11 11 11 11 11 11 11 11 11 11 11 11 11 11 11 11 11 11 11 11 11 11 11 11 11 11 11 11 11 11
6 6 6 6 6 6 6 6 6 6 6 6 11 11 11 11 11 11 11 11 11 11 11 11 11 11 11 11 11 11 11 11 11 11 11 11 11 11 11 11 11 11 11 11 11 11
6 6 6 6 6 6 6 6 6 6 6 6 11 11 11 11 11 11 11 11 11 11 6 6 6 6 6 6 11 11 11 11 11 11 11 11 11 11 11 11 11 11 11 11 11 11 11 11 11 11
6 6 6 6 6 6 6 6 6 6 6 6 11 11 11 11 11 11 11 11 11 11 11 11 11 11 11 11 11 11 11 11 11 11 11 11 11 11 11 11 11 11 11 11 11 11 11 11 11 11 11 11 11 11 11 11 11
6 6 6 6 6 6 6 6 6 6 6 6 11 11 11 11 11 11 11 11 11 11 11 11 11 11 11 11 11 11 11 11 11 11 11 11 11 11 11 11 11 11 11 11 11 11
6 6 6 6 6 6 6 6 6 6 6 6 11 11 11 11 11 11 11 11 11 11 11 11 11 11 11 11 11 11 11 11 11 11 11 11 11 11 11 11 11 11 11 11 11 11 11 11 11 11 11 11 11 11 11 11 11 11
6 6 6 6 6 6 6 6 6 6 6 6 11 11 11 11 11 11 11 1 1 1 1 1 11 11 11 11 11 11 11 11 11 11 11 11 11 11 11 11 11 11 11 11
6 6 6 6 6 6 6 6 6 6 6 6 11 11 11 11 11 11 11 6 6 6 6 6 6 11 11 11 11 11 11 11 11 11 11 11 11 11 11 11 11 11 11 11 11 11 11
6 6 6 6 6 6 6 6 6 6 6 6 11 11 11 11 11 11 11 6 6 6 6 6 6 11 11 11 11 11 11 11 11 11 11 11 11 11 11 11 11 11 11 11 11 11 11 11 11
6 6 6 6 6 6 6 6 6 6 6 6 11 11 11 11 11 11 11 6 6 6 6 6 6 11 11 11 11 11 11 11 11 11 11 11 11 11 11 11 11 11 11 11 11 11 11 11
6 6 6 6 6 6 6 6 6 6 6 6 11 11 11 11 11 11 11 6 6 6 6 6 6 11 11 11 11 11 11 11 11 11 11 11 11 11 11 11 11 11 11 11 11
6 6 6 6 6 6 6 6 6 6 6 6 11 11 11 11 11 11 11 11 11 11 11 11 11 11 11 11 11 11 11 11 11 11 11 11 11 11 11 11 11 11 11 11
6 6 6 6 6 6 6 6 6 6 6 6 11 11 11 11 11 11 11 11 11 11 11 11 11 11 11 11 11 11 11 11 11 11 11 11 11 11 11 11 11 11 11 11 11 11 11
6 6 6 6 6 6 6 6 6 6 6 6 11 11 11 11 11 11 11 11 11 11 11 11 11 11 11 11 11 11 11 11 11 11 11 11 11 11 11 11 11 11 11 11 11 11 11 11 11 11
6 6 6 6 6 6 6 6 6 6 6 6 11 11 11 11 11 11 11 11 11 11 11 11 11 11 11 11 11 11 11 11 11 11 11 11 11 11 11 11 11 11 11 11 11 11 11 11 11 11 11 11 11
6 6 6 6 6 6 6 6 6 6 6 6 11 11 11 11 11 11 11 11 11 11 11 11 6 6 6 6 6 6 11 11 11 11 11 11 11 11 11 11 11 11 11 11 11 11 11 11 11 11 11 11 11 11
6 6 6 6 6 6 6 6 6 6 6 6 11 11 11 11 11 11 11 11 11 11 11 11 11 11 11 11 11 11 11 11 11 11 11 11 11 11 11 11 11 11 11 11 11 11 11 11
6 6 6 6 6 6 6 6 6 6 6 6 11 11 11 11 11 11 11 11 11 11 11 11 11 11 11 11 11 11 11 11 11 11 11 11 11 11 11 11 11 11 11 11 11 11 11 11 11 11 11 11 11 11
6 6 6 6 6 6 6 6 6 6 6 6 11 11 11 11 11 11 11 11 11 11 1 1 1 1 1 11 11 11 11 11 11 11 11 11 11 11 11 11 11 11 11 11 11 11 11 11 11
6 6 6 6 6 6 6 6 6 6 6 6 11 11 11 11 11 11 11 6 6 6 9 9 6 6 6 6 6 11 11 11 11 11 11 11 11 11 11 11 11 11 11 11 11 11 11 11 11 11 11
6 6 6 6 6 6 6 6 6 6 6 6 11 11 11 11 11 11 11 11 11 11 6 6 6 6 6 6 11 11 11 11 11 11 11 11 11 11 11 11 11 11 11 11 11 11 11 11 11 11 11 11 11 11 11 11 11 11 11
6 6 6 6 6 6 6 6 6 6 6 6 11 11 11 11 11 11 11 11 11 11 11 6 6 6 6 6 6 11 11 11 11 11 11 11 11 11 11 11 11 11 11 11 11 11 11 11 11 11 11 11 11 11 11 11 11 11 11 11 11 11 11 11 11 11 11
6 6 6 6 6 6 6 6 6 6 6 6 11 11 11 11 11 11 11 11 11 11 11 6 6 6 6 6 6 11 11 11 11 11 11 11 11 11 11 11 11 11 11 11 11 11 11 11 11 11 11 11 11 11 11 11 11 11 11 11 11 11 11 11 11 11 11
6 6 6 6 6 6 6 6 6 6 6 6 11 11 11 11 11 11 11 11 11 11 11 6 6 6 6 6 6 11 11 11 11 11 11 11 11 11 11 11 11 11 11 11 11 11 11 11 11 11 11 11 11 11 11 11 11 11 11 11 11 11 11 11 11 11 11 11 11 11 11
6 6 6 6 6 6 6 6 6 6 6 6 11 11 11 11 11 11 11 11 11 11 11 6 6 6 6 6 6 11 11 11 11 11 11 11 11 11 11 11 11 11 11 11 11 11 11 11 11 11 11 11 11 11 11 11 11 11 11
6 6 6 6 6 6 6 6 6 6 6 6 11 11 11 11 11 11 11 11 11 11 11 6 6 6 6 6 6 11 11 11 11 11 11 11 11 11 11 11 11 11 11 11 11 11 11 11 11 11 11 11 11 11 11 11 11 11 11
6 6 6 6 6 6 6 6 6 6 6 6 11 11 11 11 11 11 11 11 11 11 11 6 6 6 6 6 6 11 11 11 11 11 11 11 11 11 11 11 11 11 11 11 11 11 11 11 11 11 11 11 11 11 11 11 11 11 11
6 6 6 6 6 6 6 6 6 6 6 6 11 11 11 11 11 11 11 11 11 11 11 6 6 6 6 6 6 11 11 11 11 11 11 11 11 11 11 11 11 11 11 11 11 11 11 11 11 11 11 11 11 11 11 11 11 11 11
6 6 6 6 6 6 6 6 6 6 6 6 11 11 11 11 11 11 11 11 11 11 11 6 6 6 6 6 6 11 11 11 11 11 11 11 11 11 11 11 11 11 11 11 11 11 11 11 11 11 11 11 11 11 11 11 11 11 11
6 6 6 6 6 6 6 6 6 6 6 6 11 11 11 11 11 11 11 11 11 11 11 6 6 6 6 6 6 11 11 11 11 11 11 11 11 11 11 11 11 11 11 11 11 11 11 11 11 11 11 11 11 11 11 11 11 11 11
6 6 6 6 6 6 6 6 6 6 6 6 11 11 11 11 11 11 11 11 11 11 11 6 6 6 6 6 6 11 11 11 11 11 11 11 11 11 11 11 11 11 11 11 11 11 11 11 11 11 11 11 11 11 11 11 11 11 11 11 11 11
6 6 6 6 6 6 6 6 6 6 6 6 11 11 11 11 11 11 11 11 11 11 11 6 6 6 6 6 6 11 11 11 11 11 11 11 11 11 11 11 11 11 11 11 11 11 11 11 11 11 11 11 11 11 11 11 11 11 11 11 11 11
6 6 6 6 6 6 6 6 6 6 6 6 11 11 11 11 11 11 11 11 11 11 11 6 6 6 6 6 6 11 11 11 11 11 11 11 11 11 11 11 11 11 11 11 11 11 11 11 11 11 11 11 11 11 11 11 11 11 11 11 11 11
6 6 6 6 6 6 6 6 6 6 6 6 11 11 11 11 11 11 11 11 11 11 11 6 6 6 6 6 6 11 11 11 11 11 11 11 11 11 11 11 11 11 11 11 11 11 11 11 11 11 11 11 11 11 11 11 11 11 11 11 11 11
6 6 6 6 6 6 6 6 6 6 6 6 11 11 11 11 11 11 11 11 11 11 11 6 6 6 6 6 6 11 11 11 11 11 11 11 11 11 11 11 11 11 11 11 11 11 11 11 11 11 11 11 11 11 11 11 11 11 11 11 11
6 6 6 6 6 6 6 6 6 6 6 6 11 11 11 11 11 11 11 11 11 11 11 6 9 9 6 6 6 11 11 11 11 6 6 6 6 11 11 11 11 11 11 11 11 11 11 11 11 11 11 11 11 11 11 11 11 11 11 11 11 11 11 11 11
6 6 6 6 6 6 6 6 6 6 6 6 11 11 11 11 11 11 11 11 11 11 11 6 9 9 6 6 6 11 11 11 11 6 6 6 6 11 11 11 11 11 11 11 11 11 11 11 11 11 11 11 11 11 11 11 11 11 11 11 11 11 11 11 11
6 6 6 6 6 6 6 6 6 6 6 6 11 11 11 11 11 11 11 11 11 11 11 6 6 6 6 6 6 11 11 11 11 11 11 11 11 11 11 11 11 11 11 11 11 11 11 11 11 11 11 11 11 11 11 11 11 11
6 6 6 6 6 6 6 6 6 6 6 6 11 11 11 11 11 11 11 11 11 11 11 6 6 6 6 6 6 11 11 11 11 11 11 11 11 11 11 11 11 11 11 11 11 11 11 11 11 11 11 11 11 11 11 11 11 11 11 11 11
6 6 6 6 6 6 6 6 6 6 6 6 11 11 11 11 11 11 11 11 11 11 11 6 6 6 6 6 6 11 11 11 11 11 11 11 11 11 11 11 11 11 11 11 11 11 11 11 11 11 11 11 11 11 11 11 11
6 6 6 6 6 6 6 6 6 6 6 6 11 11 11 11 11 11 11 11 11 11 11 6 6 6 6 6 6 11 11 11 11 11 11 11 11 11 11 11 11 11 11 11 11 11 11 11 11 11 11 11 11 11 11 11 11
6 6 6 6 6 6 6 6 6 6 6 6 11 11 11 11 11 11 11 11 11 11 11 11 6 6 6 6 6 6 11 11 11 11 11 11 11 11 11 11 11 11 11 11 11 11 11 11 11 11 11 11 11 11 11 11 11
6 6 6 6 6 6 6 6 6 6 6 6 11 11 11 11 11 11 11 11 11 11 11 6 6 6 6 6 6 11 11 11 11 11 11 11 11 11 11 11 11 11 11 11 11 11 11 11 11 11 11 11 11 11 11 11 11 11 11 11 11 11
6 6 6 6 6 6 6 6 6 6 6 6 11 11 11 11 11 11 11 11 11 11 11 6 6 6 6 6 6 11 11 11 11 11 11 11 11 11 11 11 11 11 11 11 11 11 11 11 11 11 11 11 11 11 11 11 11 11 11 11 11 11 11 11 11
6 6 6 6 6 6 6 6 6 6 6 6 11 11 11 11 11 11 11 11 11 11 11 6 6 6 6 6 6 11 11 11 6 6 6 6 6 6 11 11 11 11 11 11 11 11 11 11 11 11 11 11 11 11 11 11 11 11 11 11 11 11 11 11 11 11
6 6 6 6 6 6 6 6 6 6 6 6 11 11 11 11 11 11 11 11 11 11 11 6 6 6 6 6 6 11 11 11 11 11 11 11 11 11 11 11 11 11 11 11 11 11 11 11 11 11 11 11 11 11 11 11 11 11 11 11 11 11 11
6 6 6 6 6 6 6 11 11 6 6 6 6 6 11 11 11 11 11 11 11 11 11 11 11 11 11 11 11 11 11 11 11 11
6 6 6 6 6 6 6 11 11 6 6 6 6 6 11 11 11 11 11 11 11 11 11 11 11 11 11 11 11 11 11
6 6 6 6 6 6 6 11 11 6 6 6 6 6 11 11 11 11 11 11 11 11 11 11 11 11 11 11 11 11 11 11 11 11 11 11 11
6 6 6 6 6 6 6 11 11 6 6 6 9 9 11 11 6 6 6 6 11 11 11 11 11 11 11 11 11 11 11 11 11 11 11 11 11
6 6 6 6 6 6 6 11 11 6 6 6 6 6 11 11 11 11 6 6 6 6 6 6 11 11 11 11 11 11 11 11 11 11 11 11 11 11 11 11 11 11 11 11 11 11 11 11 11 11 11 11 11
6 6 6 6 6 6 6 11 11 6 6 6 6 6 11 11 11 11 11 11 6 6 6 6 6 6 11 11 11 11 11 11 11 11 11 11 11 11 11 11 11 11 11 11 11 11 11 11 11 11 11 11 11
6 6 6 6 6 6 6 11 11 6 6 6 6 6 11 11 11 11 6 6 6 6 6 6 11 11 11 11 11 11 11 11 11 11 11 11 11 11 11 11 11 11 11 11 11 11 11 11 11 11 11 11 11 11
6 6 6 6 6 6 6 11 11 6 6 6 6 6 11 11 11 11 6 6 6 6 6 6 11 11 11 11 11 11 11 11 11 11 11 11 11 11 11 11 11 11 11 11 11 11 11
6 6 6 6 6 6 6 11 11 6 6 6 6 6 11 11 11 11 6 6 6 6 6 6 11 11 11 11 11 11 11 11 11 11 11 11 11 11 11 11 11 11 11 11 11 11 11 11 11 11 11
6 6 6 6 6 6 6 11 11 6 6 6 6 6 11 11 11 11 11 11 11 6 6 6 6 6 6 11 11 11 11 11 11 11 11 11 11 11 11 11 11 11 11 11 11 11 11 11 11 11 11 11 11 11
6 6 6 6 6 6 6 11 11 6 6 6 6 6 11 11 11 11 11 11 11 11 11 11 11 11 11 11 11 11 11 11
6 6 6 6 6 6 6 11 11 6 6 6 6 6 11 11 11 11 11 11 6 6 6 6 6 6 11 11 11 11 11 11 11 11 11 11 11 11 11 11 11 11 11 11 11 11 11 11 11 11 11 11
6 6 6 6 6 6 6 11 11 6 6 6 6 6 11 11 11 6 6 6 6 6 6 11 11 11 11 11 11 11 11 11 11 11 11 11 11 11 11 11 11 11 11 11 11 11 11 11 11 11 11 11 11 11 11 11
6 6 6 6 6 6 6 11 11 6 6 6 6 6 11 11 6 6 6 6 6 6 11 11 11 11 11 11 11 11 11 11 11 11 11 11 11 11 11 11 11 11 11 11 11 11 11 11 11 11 11 11 11
6 6 6 6 6 6 6 11 11 6 6 6 6 6 11 11 6 6 6 6 6 6 11 11 11 11 11 11 11 11 11 11 11 11 11 11 11 11 11 11 11 11 11 11 11 11 11
6 6 6 6 6 6 6 11 11 6 6 6 6 6 11 11 6 6 6 6 6 6 11 11 11 11 11 11 11 11 11 11 11 11 11 11 11 11 11 11 11 11 11 11 11 11 11
6 6 6 6 6 6 6 11 11 6 6 6 6 6 11 11 6 6 6 6 6 6 11 11 11 11 11 11 11 11 11 11 11 11 11 11 11 11 11 11 11 11 11 11 11 11 11 11 11 11 11 11 11 11
6 6 6 6 6 6 6 11 11 6 6 6 6 6 11 11 11 11 11 11 11 11 11 11 11 11 11 11 11 11 11 11 11
6 6 6 6 6 6 6 11 11 6 6 6 6 6 11 11 11 11 11 11 6 6 6 6 6 6 11 11 11 11 11 11 11 11 11 11 11 11 11 11 11 11 11 11 11 11 11 11 11
6 6 6 6 6 6 6 11 11 6 6 6 6 6 11 11 11 11 11 11 6 6 6 6 6 6 11 11 11 11 11 11 11 11 11 11 11 11 11 11 11 11 11 11 11 11 11 11
6 6 6 6 6 6 6 11 11 6 6 6 6 6 11 11 11 11 11 11 11 11 11 11 11 11 11 11 11 11 11 11 11 11 11 11 11 11 11 11 11 11 11
6 6 6 6 6 6 6 11 11 6 6 6 6 6 11 11 11 11 11 11 6 6 6 6 6 6 11 11 11 11 11 11 11 11 11 11 11 11 11 11 11 11 11 11 11 11 11 11 11 11 11 11 11 11
6 6 6 6 6 6 6 11 11 6 6 6 6 6 11 11 11 11 11 11 11 11 11 11 11 11 11 11 11 11 11 11 11 11 11 11 11
6 6 6 6 6 6 6 11 11 6 6 6 6 6 11 11 11 11 11 11 11 11 11 11 11 11 11 11 11 11 11 11 11 11 11 11 11 11 11
6 6 6 6 6 6 6 11 11 6 6 6 6 6 11 11 11 11 11 11 11 11 11 11 11 11 11 11 11 11 11 11 11 11 11 11 11 11 11 11 11 11 11
6 6 6 6 6 6 6 11 11 6 6 6 6 6 11 11 11 11 11 11 11 11 11 11 11 11 11 11 11 11 11 11 11 11 11 11 11 11 11
6 6 6 6 6 6 6 11 11 6 6 6 6 6 11 11 11 11 11 11 11 11 11 11 11 11 11 11 11 11 11 11 11 11 11 11 11 11 11
6 6 6 6 6 6 6 11 11 6 6 6 6 6 11 11 11 11 11 11 11 11 11 11 11 11 11 11 11 11 11 11 11 11 11 11 11 11 11 11 11 11 11
6 6 6 6 6 6 6 11 11 6 9 9 6 6 11 11 6 6 6 6 11 11 11 11 11 11 11 11 11 11 11 11 11 11 11 11 11
6 6 6 6 6 6 6 11 11 6 9 9 6 6 11 11 6 6 6 6 11 11 11 11 11 11 11 11 11 11 11 11 11 11 11 11 11
6 6 6 6 6 6 6 11 11 6 9 9 6 6 11 11 6 6 6 6 11 11 11 11 11 11 11 11 11 11 11 11 11 11 11 11 11
6 6 6 9 9 6 9 9 6 6 6 6 11 11 6 6 11 11 11 11 11 11 11 11 11 11 11 11 11 11 11 11
6 6 6 9 9 6 9 9 6 6 6 6 11 11 6 6 11 11 11 11 11 11 11 11 11 11 11 11 11 11 11 11 11 11
6 6 6 9 9 6 9 9 6 6 6 6 11 11 6 6 11 11 11 11 11 11 11 11 11 11 11 11
6 6 6 9 9 6 9 9 6 6 6 6 11 11 6 6 11 11 11 11 11 11 11 11 11 11
6 6 6 9 9 6 9 9 6 6 6 6 11 11 6 6 11 11 11 11 11 11 11 11 11 11 11 11 11
6 6 6 9 9 6 6 6 9 9 6 6 6 6 11 11 11 11 11 11 11 11 11 11 11 11 11 11 11 11 11 11
6 6 6 9 9 6 6 6 9 9 6 6 6 6 11 11 11 11 11 11 11 11 11 11 11 11 11 11 11 11 11 11 11 11 11
6 6 6 9 9 6 6 6 9 9 6 6 6 6 11 11 11 11 11 11 11 11 11 11 11 11 11 11 11 11 11 11 11
6 6 6 9 9 6 6 6 9 9 6 6 6 6 11 11 6 6 6 6 6 6 11 11 11 11 11 11 11 11 11 11 11 11 11 11 11 11 11
6 6 6 9 9 6 6 6 9 9 6 6 6 6 11 11 11 11 11 11 11 11 11 11 11 11 11 11 11
6 6 6 4 4 6 1 0 0 11 11 6 6 6 6 11 6 6 6 6 6 6 11 11 11 11 11 11 11 11 11 11 11 11 11 11 11 11 11
6 6 6 4 4 6 1 0 0 11 11 6 6 6 6 11 6 6 6 6 6 6 11 11 11 11 11 11 11 11 11 11 11 11 11 11 11 11 11 11 11 11 11 11 11 11 11 11 11 11 11
6 6 6 4 4 6 1 0 0 11 11 6 6 6 6 11 6 6 6 6 6 6 11 11 11 11 11 11 11 11 11 11 11 11 11 11 11 11 11 11 11 11 11 11 11 11 11
6 6 6 4 4 6 1 0 0 11 11 6 6 6 6 11 6 6 6 6 6 6 11 11 11 11 11 11 11 11 11 11 11 11 11 11 11 11 11
6 6 6 4 4 6 1 0 0 11 11 6 6 6 6 11 6 6 6 6 6 6 11 11 11 11 11 11 11 11 11 11 11 11 11 11 11 11 11
6 6 6 4 4 6 1 0 0 11 11 6 6 6 6 11 6 6 6 6 6 6 11 11 11 11 11 11 11 11 11 11 11 11 11 11 11 11 11
6 6 6 4 4 6 1 0 0 11 11 6 6 6 6 11 6 6 6 6 6 6 11 11 11 11 11 11 11 11 11 11 11 11 11 11 11 11 11 11 11 11 11 11 11 11 11 11 11 11 11 11 11 11 11 11 11 11
6 6 6 9 9 6 6 6 6 6 11 11 6 6 6 6 6 6 11 11 11 11 11 11 11 11 11 11 11 11 11 11 11 11 11 11 11 11 11 11 11 11 11 11 11 11 11 11 11 11 11 11 11 11 11
6 6 6 9 9 6 6 6 6 6 11 11 6 6 6 6 6 6 11 11 11 11 11 11 11 11 11 11 11 11 11 11 11 11 11 11 11 11 11 11 11 11 11 11 11 11 11 11 11 11 11 11 11 11 11
6 6 6 9 9 6 6 6 6 6 11 11 6 6 6 6 6 6 11 11 11 11 11 11 11 11 11 11 11 11 11 11 11 11 11 11 11 11 11 11 11 11 11 11 11 11 11 11 11
6 6 6 9 9 6 6 6 6 6 11 11 6 6 6 6 6 6 11 11 11 11 11 11 11 11 11 11 11 11 11 11 11 11 11 11 11 11 11 11 11 11 11 11 11 11 11 11 11 11 11 11 11 11 11
6 6 6 9 9 6 6 6 6 6 11 11 6 6 6 6 6 6 11 11 11 11 11 11 11 11 11 11 11 11 11 11 11 11 11 11 11 11 11 11 11 11 11 11 11 11 11 11 11 11 11 11 11 11 11
6 6 6 9 9 6 6 6 6 6 11 11 6 6 6 6 6 6 11 11 11 11 11 11 11 11 11 11 11 11 11 11 11 11 11 11 11 11 11 11 11 11 11 11 11 11 11 11 11 11 11 11 11 11 11
6 6 6 9 9 6 6 6 6 6 11 11 6 6 6 6 6 6 11 11 11 11 11 11 11 11 11 11 11 11 11 11 11 11 11 11 11 11 11 11 11 11 11 11 11 11 11 11 11 11 11 11 11 11 11
6 6 6 9 9 6 6 6 6 6 11 11 6 6 6 6 6 6 11 11 11 11 11 11 11 11 11 11 11 11 11 11 11 11 11 11 11 11 11 11 11 11 11 11 11 11 11 11 11 11 11 11 11 11 11 11 11 11 11 11
6 6 6 9 9 6 6 6 6 6 11 11 6 6 6 6 6 6 11 11 11 11 11 11 11 11 11 11 11 11 11 11 11 11 11 11 11 11 11
6 6 6 9 9 6 6 6 6 6 11 11 6 6 6 6 6 6 11 11 11 11 11 11 11 11 11 11 11 11 11 11 11 11 11 11 11 11 11 11 11 11 11 11 11 11 11 11 11 11 11 11 11 11 11
6 6 6 9 9 6 6 6 6 6 11 11 6 6 6 6 6 6 11 11 11 11 11 11 11 11 11 11 11 11 11 11 11 11 11 11 11 11 11 11 11 11 11 11 11 11 11 11 11 11 11 11 11 11 11
6 6 6 9 9 6 6 6 6 6 11 11 6 6 6 6 6 6 11 11 11 11 11 11 11 11 11 11 11 11 11 11 11 11 11 11 11 11 11 11 11 11 11 11 11
6 6 6 9 9 6 6 6 6 6 11 11 6 6 6 6 6 6 11 11 11 11 11 11 11 11 11 11 11 11 11 11 11 11 11 11 11 11 11 11 11 11 11 11 11 11 11 11 11 11 11 11 11 11 11 11 11 11
6 6 6 9 9 6 6 6 6 6 11 11 6 6 6 6 6 6 11 11 11 11 11 11 11 11 11 11 11 11 11 11 11 11 11 11 11 11 11 11 11 11 11 11 11 11 11 11 11 11 11 11 11 11 11 11 11 11 11
6 6 6 9 9 6 6 6 6 6 11 11 6 6 6 6 6 6 11 11 11 11 11 11 11 11 11 11 11 11 11 11 11 11 11 11 11 11 11 11 11 11 11 11 11 11 11 11 11 11 11 11 11 11 11 11 11 11
6 6 6 9 9 6 6 6 6 6 11 11 6 6 6 6 6 6 11 11 11 11 11 11 11 11 11 11 11 11 11 11 11 11 11 11 11
6 6 6 9 9 6 6 6 6 6 11 11 6 6 6 6 6 6 11 11 11 11 11 11 11 11 11 11 11 11 11 11 11 11 11 11
6 6 6 9 9 6 6 6 6 6 11 11 6 6 6 6 6 6 11 11 11 11 11 11 11 11 11 11 11 11 11 11 11 11 11 11 11 11 11 11
6 6 6 9 9 6 6 6 6 6 11 11 6 6 6 6 6 6 11 11 11 11 11 11 11 11 11 11 11 11 11 11 11 11 11 11 11 11
6 6 6 9 9 6 6 6 6 6 11 11 6 6 6 6 6 6 11 11 11 11 11 11 11 11 11 11 11 11 11 11 11 11 11 11 11 11 11 11 11 11 11
6 6 6 9 9 6 6 6 6 6 11 11 6 6 6 6 6 6 11 11 11 11 11 11 11 11 11 11 11 11 11 11 11 11 11 11 11 11 11 11 11 11 11 11 11 11
6 6 6 9 9 6 6 6 6 6 11 11 6 6 6 6 6 6 11 11 11 11 11 11 11 11 11 11 11 11 11 11
6 6 6 9 9 6 6 6 6 6 11 11 6 6 6 6 9 9 11 11 6 6 6 6 11 11 11 11 11 11 11 11 11 11 11 11 11 11 11
6 6 6 9 9 6 6 6 6 6 11 11 6 6 6 6 9 9 11 11 6 6 6 6 11 11 11 11 11 11 11 11 11 11 11 11 11 11
6 6 6 9 9 6 6 6 6 6 11 11 6 6 6 6 6 6 11 11 11 11 11 11 11 11 11 11 11 11 11 11 11 11 11
6 6 6 9 9 6 6 6 6 6 11 11 6 6 6 6 6 6 11 11 11 11 11 11 11 11 11 11 11 11 11 11 11 11 11
6 6 6 9 9 6 6 6 6 6 11 11 6 6 6 6 6 6 11 11 11 11 11 11 11 11 11 11 11 11 11 11 11 11 11 11
6 6 6 9 9 6 6 6 6 6 11 11 6 6 6 6 6 6 11 11 11 11 11 11 11 11 11 11 11 11 11 11 11 11 11 11 11 11 11 11
6 6 6 9 9 6 6 6 6 6 11 11 6 6 6 6 6 6 11 11 11 11 11 11 11 11 11 11 11 11 11 11
6 6 6 9 9 6 6 6 6 6 11 11 6 6 6 6 6 6 11 11 11 11 11 11 11 11 11 11 11 11 11 11
6 6 6 9 9 6 6 6 6 6 11 11 6 6 6 6 6 6 11 11 11 11 11 11 11 11 11 11 11 11 11 11 11
6 6 6 9 9 6 6 6 6 6 11 11 6 6 6 6 6 6 11 11 11 11 11 11 11 11 11 11 11 11 11 11 11 11 11 11 11 11 11 11
6 6 6 9 9 6 6 6 6 6 11 11 6 6 6 6 6 6 11 11 11 11 11 11 11 11 11 11 11 11 11 11 11 11 11 11 11 11 11 11
6 6 6 9 9 6 6 6 6 6 11 11 6 6 6 6 6 6 11 11 11 11 11 11 11 11 11 11 11 11 11 11 11 11 11 11 11 11 11 11 11
6 6 6 9 9 6 6 6 6 6 11 11 6 6 6 6 6 6 11 11 11 11 11 11 11 11 11 11 11 11 11 11 11 11 11 11 11 11 11 11 11 11 11 11
6 6 6 9 9 6 6 6 6 6 11 11 6 6 6 6 6 6 11 11 11 11 11 11 11 11 11 11 11 11 11 11 11 11 11 11 11 11 11 11 11
6 6 6 9 9 6 6 6 6 6 11 11 6 6 6 6 6 6 11 11 11 11 11 11 11 11 11 11 11 11 11 11 11 11 11 11 11 11 11 11 11 11 11 11 11
6 6 6 9 9 6 6 6 6 6 11 11 6 6 6 6 6 6 11 11 11 11 11 11 11 11 11 11 11 11 11 11 11 11 11 11 11 11 11 11
6 6 6 9 9 6 6 6 6 6 11 11 6 6 6 6 6 6 11 11 11 11 11 11 11 11 11 11 11 11 11 11 11 11 11 11 11 11 11 11
6 6 6 9 9 6 6 6 6 6 11 11 6 6 6 6 9 9 11 11 6 6 6 6 11 11 11 11 11 11 11 11 11 11 11 11 11 11 11 11
6 6 6 9 9 6 6 6 6 6 11 11 6 6 6 6 6 6 11 11 11 11 11 11 11 11 11 11 11 11 11 11 11 11 11 11 11 11 11 11 11 11
6 6 6 9 9 6 6 6 6 6 11 6 6 6 6 6 6 11 11 11 11 11 11 11 11 11 11 11 11 11 11 11 11 11
6 6 6 9 9 6 6 6 6 6 11 11 6 6 6 6 6 6 11 11 11 11 11 11 11 11 11 11 11 11 11 11 11 11 11 11
6 6 6 9 9 6 6 6 6 6 11 6 6 6 6 6 6 11 11 11 11 11 11 11 11 11 11 11 11 11 11 11 11 11 11 11 11
6 6 6 9 9 6 6 6 6 6 11 6 6 6 6 6 6 11 11 11 11 11 11 11 11 11 11 11 11 11 11 11 11 11 11
6 6 6 9 9 6 6 6 6 6 11 11 11 11 11 11 11 11 11 11 11
6 6 6 9 9 6 6 6 6 6 11 11 6 6 6 6 9 9 11 11 11 11 11 11 11 11 11 11 11 11 11 11 11 6 6 6 6 11 11 11 11 11 11 11 11 11 11 11 11 11 11 11 11 11 11 11 11 11 11 11 11
6 6 6 9 9 6 6 6 6 6 11 11 11 11 6 6 6 6 6 6 11 11 11 11 11 11 11 11 11 11 11 11
6 6 6 9 9 6 6 6 6 6 11 11 11 11 6 6 6 6 6 6 11 11 11 11 11 11 11 11 11 11 11 11 11
6 6 6 9 9 6 6 6 6 6 11 11 11 11 6 6 6 6 6 6 11 11 11 11 11 11 11 11 11 11 11 11
6 6 6 9 9 6 6 6 6 6 11 11 6 6 6 6 9 9 11 11 6 6 6 6 11 11 11 11 11 11 11 11 11 11 11 11 11 11 11
6 6 6 9 9 6 6 6 6 6 6 11 11 6 6 6 6 6 6 6 6 6 6 6 11 11 11 11 11 11 11 11 11 11 11 11 11 11 11 11 11 11 11 11 11 11 11 11 11 11 11 11 11 11 11 11 11 11 11 11 11 11 11 11 11 11 11 11
6 6 6 9 9 6 6 6 6 6 6 11 11 6 6 6 6 6 6 6 6 6 6 6 11 11 11 11 11 11 11 11 11 11 11 11 11 11 11 11 11 11 11 11 11 11 11 11 11 11
6 6 6 9 9 6 6 6 6 6 6 11 11 6 6 6 6 6 6 6 6 6 6 6 11 11 11 11 11 11 11 11 11 11 11 11 11 11 11 11 11 11 11 11
6 6 6 9 9 6 6 6 6 6 6 11 11 6 6 6 6 6 6 6 6 6 6 6 11 11 11 11 11 11 11 11 11 11 11 11 11 11 11 11 11 11 11 11
6 6 6 9 9 6 6 6 6 6 11 11 6 6 6 6 6 6 6 6 6 6 6 6 11 11 11 11 11 11 11 11 11 11 11 11 11 11 11 11 11 11 11 11 11 11 11 11 11 11
6 6 6 9 9 6 6 6 6 6 11 11 6 6 6 6 6 6 6 6 6 6 6 6 11 11 11 11 11 11 11 11 11 11 11 11 11 11 11 11 11 11 11 11 11 11 11 11 11 11 11 11 11 11 11 11
6 6 6 9 9 6 6 6 6 6 6 11 11 6 6 6 6 6 6 6 6 6 6 6 11 11 11 11 11 11 11 11 11 11 11 11 11 11 11 11 11 11 11 11 11 11 11 11 11 11 11 11 11 11 11 11
6 6 6 9 9 6 6 6 6 6 6 11 11 6 11 11 6 6 9 9 6 6 6 9 9 6 6 6 6 6 6 6 6 6 11 11 11 11 11 11 11 11 11 11 11 11 11 11 11 11 11 11 11 11 11 11
6 6 6 6 9 6 9 9 6 9 6 6 9 6 6 6 6 9 11 11 11 11 11 11 11 11 11 11 11 11
6 6 6 9 9 6 6 6 6 6 11 11 11 11 11 11 11 11 11 11 11 11 11 11 11 11 11 11 11 11 11 11 11 11 11 11 11 11 11 11 11 11
6 6 6 9 9 6 6 6 6 6 11 11 11 11 11 11 11 11 11 11 11 11 11 11 11 11 11 11 11 11 11 11 11 11 11 11
6 6 6 9 9 6 6 6 6 6 11 11 11 11 11 11 11 11 11 11 11 11 11 11 11 11 11 11 11 11
6 6 6 9 9 6 6 6 6 6 11 11 11 11 11 11 11 11 11 11 11 11 11 11 11 11 11 11 11 11 11 11 11 11 11 11 11 11 11 11 11 11 11 11 11 11 11 11
6 6 6 9 9 6 6 6 6 6 11 11 6 11 6 6 6 6 6 11 11 11 11 11 11 11 11 11 11 11 11 11 11 11 11 11 11 11
6 6 6 9 9 6 6 6 6 6 11 11 11 11 6 6 6 6 6 6 6 6 6 6 6 6 11 11 11 11 11 11 11 11 11 11 11 11 11 11 11 11 11 11 11 11 11 11 11 11 11 11 11 11 11 11
6 6 6 9 9 6 6 6 6 6 11 11 11 11 11 11 11 11 11 11 11 11 11 11 11 11 11 11 11 11 11 11 11 11 11 11 11 11 11 11 11 11 11 11 11 11 11 11 11 11 11 11 11 11
6 6 6 9 9 6 6 6 6 6 11 11 11 11 6 6 6 6 6 6 6 6 6 6 6 6 11 11 11 11 11 11 11 11 11 11 11 11 11 11 11 11 11 11 11 11 11
6 6 6 9 9 6 6 6 6 6 11 11 11 6 9 9 9 9 6 6 6 6 6 6 6 6 6 11 11 11 11 11 11 11 11 11 11 11 11 11 11 11
6 6 6 9 9 6 6 6 6 6 11 11 11 11 6 6 6 6 6 6 6 6 6 6 6 6 11 11 11 11 11 11 11 11 11 11 11 11 11 11 11 11 11
6 6 6 9 9 6 6 6 6 6 11 11 11 6 9 9 9 9 6 6 6 6 6 6 6 6 6 11 11 11 11 11 11 11 11 11 11 11 11 11 11 11 11 11
6 6 6 9 9 6 6 6 6 6 11 11 11 6 9 9 9 9 6 6 6 6 6 6 6 6 6 11 11 11 11 11 11 11 11 11 11 11 11 11 11 11
6 6 6 9 9 6 6 6 6 6 11 11 11 1 0 0 0 0 6 6 6 6 6 6 6 6 11 11 11 11 11 11 11 11 11 11 11 11 11 11 11
6 6 6 9 9 6 6 6 6 6 11 11 11 11 6 6 6 6 6 6 6 6 6 6 6 6 11 11 11 11 11 11 11 11 11 11 11 11 11 11 11 11 11 11 11
6 6 6 9 9 6 6 6 6 6 11 11 11 11 11 11 11 11 11 11 11 11
6 6 6 9 9 6 6 6 6 6 11 11 6 6 6 6 6 6 11 11 11 11 11 11 11 11 11 11 11 11 11 11 11 11 11 11 11 11 11 11 11 11 11 11 11 11 11 11 11 11 11 11 11 11
6 6 6 9 9 6 6 6 6 6 11 11 6 6 6 6 6 6 11 11 11 11 11 11 11 11 11 11 11 11 11 11 11 11 11 11 11 11 11 11 11 11 11 11 11 11 11 11 11 11
6 6 6 9 9 6 6 6 6 6 11 11 6 6 6 6 6 6 11 11 11 11 11 11 11 11 11 11 11 11 11 11 11 11 11 11 11 11 11 11 11 11 11 11 11 11 11 11 11 11 11 11 11 11 11 11 11
6 6 6 9 9 6 6 6 6 6 11 11 6 6 6 6 6 6 11 11 11 11 11 11 11 11 11 11 11 11 11 11 11 11 11 11 11 11 11 11 11 11 11 11 11 11 11 11 11 11 11 11 11 11
6 6 6 9 9 6 6 6 6 6 11 11 6 6 6 6 6 6 11 11 11 11 11 11 11 11 11 11 11 11 11 11 11 11 11 11 11 11 11 11 11 11 11 11 11 11 11 11 11 11 11 11 11 11 11 11 11
6 6 6 9 9 6 6 6 6 6 11 6 6 6 6 6 6 11 11 11 11 11 11 11 11 11 11 11 11 11 11 11 11 11 11 11 11 11 11 11 11 11 11 11
6 6 6 9 9 6 6 6 6 6 11 6 6 6 6 6 6 11 11 11 11 11 11 11 11 11 11 11 11 11 11 11 11 11 11 11 11 11 11 11 11 11 11
6 6 6 9 9 6 6 6 6 6 11 6 6 6 6 6 6 11 11 11 11 11 11 11 11 11 11 11 11 11 11 11 11 11 11 11 11 11 11 11 11 11 11 11 11 11 11
6 6 6 9 9 6 6 6 6 6 11 6 6 6 6 6 6 11 11 11 11 11 11 11 11 11 11 11 11 11 11 11 11 11 11 11 11 11 11 11 11 11 11 11 11 11 11 11 11 11
6 6 6 9 9 6 6 6 6 6 11 6 6 6 6 6 6 11 11 11 11 11 11 11 11 11 11 11 11 11 11 11 11 11 11 11 11 11 11 11 11 11 11
6 6 6 9 9 6 6 6 6 6 11 6 6 6 6 6 6 11 11 11 11 11 11 11 11 11 11 11 11 11 11 11 11 11 11 11 11 11 11 11 11 11 11 11 11 11
6 6 6 9 9 6 6 6 6 6 11 6 6 6 6 6 6 11 11 11 11 11 11 11 11 11 11 11 11 11 11 11 11 11 11 11 11 11 11 11 11 11 11 11 11 11 11 11 11
6 6 6 9 9 6 6 6 6 6 11 6 6 6 6 6 6 11 11 11 11 11 11 11 11 11 11 11 11 11 11 11 11 11 11 11 11 11 11 11 11 11 11 11 11 11 11
6 6 6 9 9 6 6 6 6 6 11 6 6 6 6 6 6 11 11 11 11 11 11 11 11 11 11 11 11 11 11 11 11 11 11 11 11 11 11 11 11 11 11 11 11 11 11 11 11 11
6 6 6 9 9 6 6 6 6 6 11 6 6 6 6 6 6 11 11 11 11 11 11 11 11 11 11 11 11 11 11 11 11 11 11 11 11 11 11 11 11 11 11 11 11 11 11 11 11 11 11 11 11
6 6 6 9 9 6 6 6 6 6 11 6 6 6 6 6 6 11 11 11 11 11 11 11 11 11 11 11 11 11 11 11 11 11 11 11 11 11 11 11 11 11 11 11 11 11 11 11 11 11
6 6 6 9 9 6 6 6 6 6 11 11 6 6 6 6 6 6 11 11 11 11 11 11 11 11 11 11 11 11 11 11 11 11 11 11 11 11 11 11 11 11 11
6 6 6 9 9 6 6 6 6 6 11 11 6 6 6 6 6 6 11 11 11 11 11 11 11 11 11 11 11 11 11 11 11 11 11 11 11 11 11 11 11 11 11 11 11 11 11
6 6 6 9 9 6 6 6 6 6 11 11 6 6 6 6 6 6 11 11 11 11 11 11 11 11 11 11 11 11 11 11 11 11 11 11 11 11 11 11 11 11 11 11 11 11 11 11 11 11
6 6 6 9 9 6 6 6 6 6 11 11 6 6 6 6 9 9 11 11 6 6 6 6 11 11 11 11 11 11 11 11 11 11 11 11 11 11 11 11 11
6 6 6 9 9 6 6 6 6 6 11 11 6 6 6 6 6 6 11 11 11 11 11 11 11 11 11 11 11 11 11 11 11 11 11
6 6 6 9 9 6 6 6 6 6 11 11 6 6 6 6 6 6 11 11 11 11 11 11 11 11 11 11 11 11 11 11 11 11 11 11 11 11
6 6 6 9 9 6 6 6 6 6 11 6 6 6 6 6 6 11 11 11 11 11 11 11 11 11 11 11 11 11 11 11 11 11 11 11 11 11 11 11 11 11 11
6 6 6 9 9 6 6 6 6 6 11 6 6 6 6 6 6 11 11 11 11 11 11 11 11 11 11 11 11 11 11 11 11 11 11 11 11 11 11 11 11 11 11
6 6 6 9 9 6 6 6 6 6 11 6 6 6 6 6 6 11 11 11 11 11 11 11 11 11 11 11 11 11 11 11 11 11 11 11 11 11 11 11 11 11 11
6 6 6 9 9 6 6 6 6 6 11 6 6 6 6 6 6 11 11 11 11 11 11 11 11 11 11 11 11 11 11 11 11 11 11
6 6 6 9 9 6 6 6 6 6 11 6 6 6 6 6 6 11 11 11 11 11 11 11 11 11 11 11 11 11 11 11 11 11 11 11 11 11 11 11 11 11 11 11 11 11 11
6 6 6 9 9 6 6 6 6 6 11 6 6 6 6 6 6 11 11 11 11 11 11 11 11 11 11 11 11 11 11 11 11 11 11 11 11 11 11 11 11 11 11 11 11 11 11
6 6 6 9 9 6 6 6 6 6 11 6 6 6 6 6 6 11 11 11 11 11 11 11 11 11 11 11 11 11 11 11 11 11 11 11 11 11 11 11 11 11 11 11 11 11 11
6 6 6 9 9 6 6 6 6 6 11 6 6 6 6 6 6 11 11 11 11 11 11 11 11 11 11 11 11 11 11 11 11 11 11 11 11 11 11 11 11 11 11 11 11 11 11
6 6 6 9 9 6 6 6 6 6 11 6 9 9 6 6 6 11 11 11 6 6 6 6 11 11 11 11 11 11 11 11 11 11 11 11 11 11 11 11 11
6 6 6 9 9 6 6 6 6 6 11 6 6 6 6 6 6 11 11 11 11 11 11 11 11 11 11 11 11 11 11 11 11 11 11 11
6 6 6 9 9 6 6 6 6 6 11 6 6 6 6 6 6 11 11 11 11 11 11 11 11 11 11 11 11 11 11 11 11 11 11 11
6 6 6 9 9 6 6 6 6 6 11 6 6 6 6 6 6 11 11 11 11 11 11 11 11 11 11 11 11 11 11 11 11 11 11 11 11 11 11 11 11 11 11 11 11 11 11 11
6 6 6 9 9 6 6 6 6 6 11 6 6 6 6 6 6 11 11 11 11 11 11 11 11 11 11 11 11 11 11 11 11 11 11 11 11 11 11 11 11 11 11 11
6 6 6 9 9 6 6 6 6 6 11 6 6 6 6 6 6 11 11 11 11 11 11 11 11 11 11 11 11 11 11 11 11 11 11 11 11 11 11 11 11 11 11 11 11 11 11 11
6 6 6 9 9 6 6 6 6 6 11 6 6 6 6 6 6 11 11 11 11 11 11 11 11 11 11 11 11 11 11 11 11 11 11 11 11 11 11 11 11 11 11 11
6 6 6 9 9 6 6 6 6 6 11 11 6 6 6 6 6 6 11 11 11 11 11 11 11 11 11 11 11 11 11 11 11 11 11 11 11 11 11 11 11 11 11 11 11 11 11
6 6 6 9 9 6 6 6 6 6 11 11 6 6 6 6 6 6 11 11 11 11 11 11 11 11 11 11 11 11 11 11 11 11 11 11 11 11 11 11 11 11 11 11 11 11 11
6 6 6 9 9 6 6 6 6 6 11 6 6 6 6 6 6 11 11 11 11 11 11 11 11 11 11 11 11 11 11 11 11 11 11 11 11 11 11 11 11 11 11 11 11 11
6 6 6 9 9 6 6 6 6 6 11 6 6 6 6 6 6 11 11 11 11 11 11 11 11 11 11 11 11 11 11 11 11 11 11 11 11 11 11 11 11 11 11 11 11 11
6 6 6 9 9 6 6 6 6 6 11 6 6 6 6 6 6 11 11 11 11 11 11 11 11 11 11 11 11 11 11 11 11 11 11 11 11 11 11 11 11 11 11 11 11 11
6 6 6 9 9 6 6 6 6 6 11 6 6 6 6 6 6 11 11 11 11 11 11 11 11 11 11 11 11 11 11 11 11 11 11 11 11 11 11 11 11 11 11 11 11 11 11 11 11 11
6 6 6 9 9 6 6 6 6 6 11 6 9 9 6 6 6 11 11 11 6 6 6 6 11 11 11 11 11 11 11 11 11 11 11 11 11 11 11 11 11 11 11 11
6 6 6 9 9 6 6 6 6 6 11 6 6 6 6 6 6 11 11 11 11 11 11 11 11 11 11 11 11 11 11 11 11 11 11 11 11 11 11 11 11 11 11 11
6 6 6 9 9 6 6 6 6 6 11 6 6 6 6 6 6 11 11 11 11 11 11 11 11 11 11 11 11 11 11 11 11 11 11 11 11 11 11
6 6 6 9 9 6 6 6 6 6 11 11 6 6 6 6 6 6 11 11 11 11 11 11 11 11 11 11 11 11 11 11 11 11 11
6 6 6 9 9 6 6 6 6 6 11 11 6 6 6 6 6 6 11 11 11 11 11 11 11 11 11 11 11 11 11 11 11 11 11 11 11 11
6 6 6 9 9 6 6 6 6 6 11 11 11 11 11 11 11 11 11 11 11 11 11
6 6 6 9 9 6 6 6 6 6 11 11 11 11 11 11 11 11 11 11 11 11 11
6 6 6 9 9 6 6 6 6 6 11 11 11 11 11 11 11 11 11 11
6 6 6 9 9 6 6 6 6 6 11 11 11 11 11 11 11 11 11 11
6 6 6 9 9 6 6 6 6 6 11 11 11 11 11 11 11 11 11 11
6 6 6 9 9 6 6 6 6 6 11 11 11 11 11 11 11 11 11 11
6 6 6 9 9 6 6 6 6 6 11 11 11 11 11 11 11 11 11 11 11 11 11 11
6 6 6 9 9 6 6 6 6 6 11 11 11 11 11 11 11 11 11 11 11 11 11 11 11 11 11
6 6 6 9 9 6 6 6 6 6 11 11 11 11 11 11 11 11 11 11 11 11 11 11 11 11 11 11 11 11
6 6 6 9 9 6 6 6 6 6 11 11 11 11 11 11 11 11 11 11 11 11 11 11 11 11 11
6 6 6 9 9 6 6 6 6 6 11 11 11 11 11 11 11 11 11 11 11 11 11 11 11 11 11 11 11 11
6 6 6 9 9 6 6 6 6 6 11 11 11 11 11 11 11 11 11 11 11 11 11 11 11 11 11 11 11 11 11 11 11
6 6 6 9 9 6 6 6 6 6 11 11 11 11 11 11 11 11 11 11 11 11 11 11
6 6 6 9 9 6 6 6 6 6 11 11 11 11 11 11 11 11 11 11 11 11 11
6 6 6 9 9 6 6 6 6 6 11 11 11 11 11 11 11 11 11 11 11 11 11
6 6 6 9 9 6 6 6 6 6 11 11 11 11 11 11 11 11 11 11
6 6 6 9 9 6 6 6 6 6 11 11 11 11 11 11 11 11 11 11
6 6 6 9 9 6 6 6 6 6 11 11 11 11 11 11 11 11 11 11
6 6 6 9 9 6 6 6 6 6 11 11 11 11 11 11 11 11 11 11
6 6 6 9 9 6 6 6 6 6 11 11 11 11 11 11 11 11 11 11 11 11 11 11
6 6 6 9 9 6 6 6 6 6 11 11 11 11 11 11 11 11 11 11 11 11 11
6 6 6 9 9 6 6 6 6 6 11 11 11 11 11 11 11 11 11 11 11 11 11
6 6 6 9 9 6 6 6 6 6 11 11 11 11 11 11 11 11 11 11
6 6 6 9 9 6 6 6 6 6 11 11 11 11 11 11 11 11 11 11
6 6 6 9 9 6 6 6 6 6 11 11 11 11 11 11 11 11 11 11
6 6 6 9 9 6 6 6 6 6 11 11 11 11 11 11 11 11 11 11
6 6 6 9 9 6 6 6 6 6 11 11 11 11 11 11 11 11 11 11
6 6 6 9 9 6 6 6 6 6 11 11 11 11 11 11 11 11 11 11 11 11 11 11 11 11
6 6 6 9 9 6 6 6 6 6 11 11 11 11 6 6 6 6 6 6 11 11 11 11 11 11 11 11 11 11 11 11
6 6 6 9 9 6 6 6 6 6 11 11 11 11 6 6 6 6 6 6 11 11 11 11 11 11 11 11 11 11 11 11 11 11
6 6 6 9 9 6 6 6 6 6 11 11 11 11 6 6 6 6 6 6 11 11 11 11 11 11 11 11 11 11 11 11 11 11 11 11
6 6 6 9 9 6 6 6 6 6 11 11 11 11 6 6 6 6 6 6 11 11 11 11 11 11 11 11 11 11 11 11 11 11 11 11 11 11 11 11 11 11 11
6 6 6 9 9 6 6 6 6 6 11 11 11 11 6 6 6 6 6 6 11 11 11 11 11 11 11 11 11 11 11 11 11 11 11 11 11 11 11 11 11 11 11 11 11 11
6 6 6 9 9 6 6 6 6 6 11 11 11 11 6 6 6 6 6 6 11 11 11 11 11 11 11 11 11 11 11 11 11 11 11 11 11 11 11 11 11 11 11 11
6 6 6 9 9 6 6 6 6 6 11 11 11 11 6 6 6 6 6 6 11 11 11 11 11 11 11 11 11 11 11 11 11 11 11 11 11 11 11 11
6 6 6 9 9 6 6 6 6 6 11 11 11 11 6 6 6 6 6 6 11 11 11 11 11 11 11 11 11 11 11 11 11 11 11 11 11 11 11 11 11 11 11 11 11 11 11
6 6 6 9 9 6 6 6 6 6 11 11 11 11 6 6 6 6 6 6 11 11 11 11 11 11 11 11 11 11 11 11 11 11 11 11 11 11 11 11 11 11 11 11 11 11 11 11 11 11
6 6 6 9 9 6 6 6 6 6 11 11 11 11 6 6 6 6 6 6 11 11 11 11 11 11 11 11 11 11 11 11 11 11 11 11 11 11 11 11 11 11 11 11 11 11 11 11
6 6 6 9 9 6 11 11 6 6 6 6 11 11 6 6 11 11 6 6 6 6 6 6 6 6 6 6 11 11 11 11 11 11 11 11 11 11 11 11 11 11 11 11 11 11 11
6 6 6 9 9 6 11 11 6 6 6 6 11 11 6 6 11 11 6 6 6 6 6 6 6 6 6 6 11 11 11 11 11 11 11 11 11 11 11 11 11 11 11 11 11 11 11 11 11
6 6 6 9 9 6 6 6 6 6 11 11 11 11 11 11 11 11 11 11 11 11 11
6 6 6 9 9 6 6 6 6 6 11 11 11 11 11 11 11 11 11 11 11 11 11 11
6 6 6 9 9 6 6 6 6 6 11 11 6 6 6 6 6 6 11 11 11 11 11 11 11 11 11 11 11 11 11 11 11 11 11 11 11 11 11 11 11 11 11 11 11 11 11 11 11 11 11
6 6 6 9 9 6 6 6 6 6 11 11 6 6 6 6 6 6 11 11 11 11 11 11 11 11 11 11 11 11 11 11 11 11 11 11 11 11 11 11 11 11 11 11 11 11 11 11 11 11 11 11 11 11
6 6 6 9 9 6 6 6 6 6 11 11 6 6 6 6 6 6 11 11 11 11 11 11 11 11 11 11 11 11 11 11 11 11 11 11 11 11 11 11 11 11 11 11 11 11 11 11 11 11 11 11 11
6 6 6 9 9 6 6 6 6 6 11 11 6 6 6 6 6 6 11 11 11 11 11 11 11 11 11 11 11 11 11 11 11 11 11 11 11 11 11 11 11 11 11 11 11 11 11
6 6 6 9 9 6 6 6 6 6 11 11 6 6 6 6 6 6 11 11 11 11 11 11 11 11 11 11 11 11 11 11 11 11 11 11 11 11 11 11 11 11 11 11 11 11 11 11 11 11
6 6 6 9 9 6 6 6 6 6 11 11 6 6 6 6 6 6 11 11 11 11 11 11 11 11 11 11 11 11 11 11 11 11 11 11 11 11 11 11 11 11 11 11 11 11 11 11 11 11 11 11 11
6 6 6 9 9 6 6 6 6 6 11 11 6 6 6 6 6 6 11 11 11 11 11 11 11 11 11 11 11 11 11 11 11 11 11 11 11 11 11 11 11 11 11 11 11 11 11 11 11 11 11 11 11
6 6 6 9 9 6 6 6 6 6 11 11 6 6 6 6 6 6 11 11 11 11 11 11 11 11 11 11 11 11 11 11 11 11 11 11 11 11 11 11 11 11 11 11 11 11 11 11 11 11 11 11 11 11 11 11
6 6 6 9 9 6 6 6 6 6 11 11 6 6 6 6 6 6 11 11 11 11 11 11 11 11 11 11 11 11 11 11 11 11 11 11 11 11 11
6 6 6 9 9 6 6 6 6 6 11 11 6 6 6 6 6 6 11 11 11 11 11 11 11 11 11 11 11 11 11 11 11 11 11 11 11 11 11 11 11 11
6 6 6 9 9 6 6 6 6 6 11 11 6 6 6 6 6 6 11 11 11 11 11 11 11 11 11 11 11 11 11 11 11 11 11 11 11 11 11
6 6 6 9 9 6 6 6 6 6 11 11 6 6 6 6 6 6 11 11 11 11 11 11 11 11 11 11 11 11 11 11 11 11 11 11 11 11 11
6 6 6 9 9 6 6 6 6 6 11 11 6 6 6 6 6 6 11 11 11 11 11 11 11 11 11 11 11 11 11 11 11 11 11 11 11 11 11
6 6 6 9 9 6 6 6 6 6 11 11 6 6 6 6 6 6 11 11 11 11 11 11 11 11 11 11 11 11 11 11 11 11 11 11 11 11 11 11 11 11
6 6 6 9 9 6 6 6 6 6 11 11 6 6 6 6 6 6 11 11 11 11 11 11 11 11 11 11 11 11 11 11 11 11 11 11 11 11 11
6 6 6 9 9 6 6 6 6 6 11 11 6 6 6 6 6 6 11 11 11 11 11 11 11 11 11 11 11 11 11 11 11 11 11 11 11 11 11 11 11 11 11 11 11 11 11 11 11 11 11 11 11 11
6 6 6 9 9 6 6 6 6 6 11 11 6 6 6 6 6 6 11 11 11 11 11 11 11 11 11 11 11 11 11 11 11 11 11 11 11 11 11 11 11 11 11 11 11 11 11 11 11 11 11 11 11 11 11 11 11
6 6 6 9 9 6 6 6 6 6 11 1 0 6 6 6 6 0 11 11 1 1 11 11 11 11 11 11 11 11 11 11 11 11 11 11 11 11 11 11 11 11 11
6 6 6 9 9 6 6 6 6 6 11 11 6 6 6 6 9 9 11 11 6 6 6 6 11 11 11 11 11 11 11 11 11 11 11 11 11 11 11 11 11 11 11 11 11
6 6 6 9 9 6 6 6 6 6 11 11 6 6 6 6 9 9 11 11 6 6 6 6 11 11 11 11 11 11 11 11 11 11 11 11 11 11 11 11 11 11 11 11 11 11 11 11
6 6 6 9 9 6 6 6 6 6 11 6 6 6 6 6 6 11 11 11 11 11 11 11 11 11 11 11 11 11 11 11 11 11 11 11 11
6 6 6 9 9 6 6 6 6 6 11 6 6 6 6 6 6 11 11 11 11 11 11 11 11 11 11 11 11 11 11 11 11 11 11 11 11 11 11 11
6 6 6 9 9 6 6 6 6 6 11 6 6 6 6 6 6 11 11 11 11 11 11 11 11 11 11 11 11 11 11 11 11 11 11 11 11 11 11 11
6 6 6 9 9 6 6 6 6 6 11 6 6 6 6 6 6 11 11 11 11 11 11 11 11 11 11 11 11 11 11 11 11 11 11 11 11 11 11 11 11
6 6 6 9 9 6 6 6 6 6 11 6 6 6 6 6 6 11 11 11 11 11 11 11 11 11 11 11 11 11 11 11 11 11 11 11 11 11 11 11 11
6 6 6 9 9 6 6 6 6 6 11 6 6 6 6 6 6 11 11 11 11 11 11 11 11 11 11 11 11 11 11 11 11 11 11 11 11 11 11 11 11
6 6 6 9 9 6 6 6 6 6 11 6 6 6 6 6 6 11 11 11 11 11 11 11 11 11 11 11 11 11 11 11 11 11 11 11 11 11 11 11
6 6 6 9 9 6 6 6 6 6 11 6 6 6 6 6 6 11 11 11 11 11 11 11 11 11 11 11 11 11 11 11 11 11 11 11 11 11 11 11 11
6 6 6 9 9 6 6 6 6 6 11 6 6 6 6 6 6 11 11 11 11 11 11 11 11 11 11 11 11 11 11 11 11 11 11 11 11 11 11 11 11
6 6 6 9 9 6 6 6 6 6 11 6 6 6 6 6 6 11 11 11 11 11 11 11 11 11 11 11 11 11 11 11 11 11 11 11 11 11 11 11 11 11 11 11 11
6 6 6 9 9 6 6 6 6 6 11 6 6 6 6 6 6 11 11 11 11 11 11 11 11 11 11 11 11 11 11 11 11 11 11 11 11 11 11 11 11 11 11 11 11
6 6 6 9 9 6 6 6 6 6 11 6 6 6 6 6 6 11 11 11 11 11 11 11 11 11 11 11 11 11 11 11 11 11 11 11 11 11 11 11 11 11 11 11 11 11 11 11 11
6 6 6 9 9 6 6 6 6 6 11 6 6 6 6 6 6 11 11 11 11 11 11 11 11 11 11 11 11 11 11 11 11 11 11 11 11
6 6 6 9 9 6 6 6 6 6 11 11 11 11 11 11 11 11 11 11 11 11 11 11 11 11 11 11 11 11
6 6 6 9 9 6 6 6 6 6 11 11 11 11 11 11 11 11 11 11 11 11 11 11 11 11 11 11 11 11 11 11 11 11 11 11
6 6 6 9 9 6 6 6 6 6 6 11 11 6 6 6 6 6 11 11 11 11 11 11 11 11 11 11 11 11 11 11 11 11
6 6 6 9 9 6 6 6 6 6 11 11 11 1 1 1 1 1 11 11 11 11 11 11 11 11 11 11 11 11 11 11 11 11
6 6 6 9 9 6 6 6 6 6 11 11 11 1 1 1 1 1 11 11 11 11 11 11 11 11 11 11 11 11 11 11 11 11
6 6 6 9 9 6 6 6 6 6 11 11 11 1 1 1 1 1 11 11 11 11 11 11 11 11 11 11 11 11 11 11 11 11 11 11 11 11
6 6 6 9 9 6 6 6 6 6 11 11 6 6 6 6 6 6 11 11 11 11 11 11 11 11 11 11 11 11 11 11 11
6 6 6 9 9 6 6 6 6 6 11 11 6 6 6 6 9 9 11 11 6 6 6 6 11 11 11 11 11 11 11 11 11 11 11 11 11 11 11
6 6 6 9 9 6 6 6 6 6 11 11 6 6 6 9 9 6 11 11 6 6 6 6 11 11 11 11 11 11 11 11 11 11 11 11 11 11 11
6 6 6 9 9 6 6 6 6 6 11 11 6 6 6 6 6 6 11 11 11 11 11 11 11 11 11 11 11 11 11 11 11 11 11 11 11 11 11 11 11 11
6 6 6 9 9 6 6 6 6 6 11 11 6 6 6 6 6 6 11 11 11 11 11 11 11 11 11 11 11 11 11 11 11 11 11 11 11 11 11 11 11 11 11 11 11 11
6 6 6 9 9 6 6 6 6 6 11 11 6 6 6 6 6 6 11 11 11 11 11 11 11 11 11 11 11 11 11 11 11 11 11 11 11 11 11 11 11 11 11 11 11 11 11 11 11
6 6 6 9 9 6 6 6 6 6 11 11 6 6 6 6 6 6 11 11 11 11 11 11 11 11 11 11 11 11 11 11 11 11 11 11 11
6 6 6 9 9 6 6 6 6 6 11 11 6 6 6 6 6 6 11 11 11 11 11 11 11 11 11 11 11 11 11 11 11 11 11 11 11
6 6 6 9 9 6 6 6 6 6 11 11 6 6 6 6 6 6 11 11 11 11 11 11 11 11 11 11 11 11 11 11 11 11 11 11 11
6 6 6 9 9 6 6 6 6 6 11 11 6 6 6 6 6 6 11 11 11 11 11 11 11 11 11 11 11 11 11 11 11
6 6 6 9 9 6 6 6 6 6 11 11 6 6 6 6 6 6 11 11 11 11 11 11 11 11 11 11 11 11 11 11 11 11
6 6 6 9 9 6 6 6 6 6 11 11 6 6 6 6 6 6 11 11 11 11 11 11 11 11 11 11 11 11 11 11 11 11 11 11 11
6 6 6 9 9 6 6 6 6 6 11 11 6 6 6 6 6 6 11 11 11 11 11 11 11 11 11 11 11 11 11 11 11 11 11 11 11 11
6 6 6 9 9 6 6 6 6 6 11 11 6 6 6 6 6 6 11 11 11 11 11 11 11 11 11 11 11 11 11 11 11 11 11 11 11 11 11 11 11
6 6 6 9 9 6 6 6 6 6 11 11 6 6 6 6 6 6 11 11 11 11 11 11 11 11 11 11 11 11 11 11 11 11 11 11 11 11
6 6 6 9 9 6 6 6 6 6 11 11 6 6 6 6 6 6 11 11 11 11 11 11 11 11 11 11 11 11 11 11 11 11 11 11 11 11 11 11 11
6 6 6 9 9 6 6 6 6 6 11 11 6 6 6 6 6 6 11 11 11 11 11 11 11 11 11 11 11 11 11 11 11 11 11 11 11 11
6 6 6 9 9 6 6 6 6 6 11 11 6 6 6 6 6 6 11 11 11 11 11 11 11 11 11 11 11 11 11 11 11 11 11 11 11 11 11 11 11
6 6 6 9 9 6 6 6 6 6 11 11 6 6 6 6 6 6 11 11 11 11 11 11 11 11 11 11 11 11 11 11 11 11
6 6 6 9 9 6 6 6 6 6 11 11 6 6 6 6 6 6 11 11 11 11 11 11 11 11 11 11 11 11 11 11 11 11 11 11 11
6 6 6 9 9 6 6 6 6 6 11 11 6 6 6 6 6 6 11 11 11 11 11 11 11 11 11 11 11 11 11 11 11 11
6 6 6 9 9 6 6 6 6 6 11 11 6 6 6 6 6 6 11 11 11 11 11 11 11 11 11 11 11 11 11 11 11 11 11 11 11 11 11 11 11 11
6 6 6 9 9 6 6 6 6 6 11 11 6 6 6 6 6 6 11 11 11 11 11 11 11 11 11 11 11 11 11 11 11 11 11 11 11 11 11 11 11 11 11 11 11
6 6 6 9 9 6 6 6 6 6 11 11 6 6 6 6 6 6 11 11 11 11 11 11 11 11 11 11 11 11 11 11 11 11 11 11 11 11 11 11 11 11
6 6 6 9 9 6 6 6 6 6 11 11 6 6 6 6 6 6 11 11 11 11 11 11 11 11 11 11 11 11 11 11 11 11 11 11 11 11 11 11 11 11 11 11 11
6 6 6 9 9 6 6 6 6 6 11 11 6 6 6 6 6 6 11 11 11 11 11 11 11 11 11 11 11 11 11 11 11 11 11 11 11 11 11 11 11 11
6 6 6 9 9 6 6 6 6 6 11 11 6 6 6 6 6 6 11 11 11 11 11 11 11 11 11 11 11 11 11 11 11 11 11 11 11 11 11 11 11 11 11 11 11
6 6 6 9 9 6 6 6 6 6 11 11 6 6 6 6 6 6 11 11 11 11 11 11 11 11 11 11 11 11 11 11 11 11
6 6 6 9 9 6 6 6 6 6 11 11 6 6 6 6 6 6 11 11 11 11 11 11 11 11 11 11 11 11 11 11 11 11 11 11 11
6 6 6 9 9 6 6 6 6 6 11 11 6 6 6 6 6 6 11 11 11 11 11 11 11 11 11 11 11 11 11 11 11 11
6 6 6 9 9 6 6 6 6 6 11 11 6 6 6 6 6 6 11 11 11 11 11 11 11 11 11 11 11 11 11 11 11 11 11 11 11
6 6 6 9 9 6 6 6 6 6 11 11 6 6 6 6 6 6 11 11 11 11 11 11 11 11 11 11 11 11 11 11 11 11
6 6 6 9 9 6 6 6 6 6 11 11 6 6 6 6 6 6 11 11 11 11 11 11 11 11 11 11 11 11 11 11 11 11 11 11 11
6 6 6 9 9 6 6 6 6 6 11 11 6 6 6 6 6 6 11 11 11 11 11 11 11 11 11 11 11 11 11 11 11 11
6 6 6 9 9 6 6 6 6 6 11 11 6 6 6 6 6 6 11 11 11 11 11 11 11 11 11 11 11 11 11 11 11 11 11 11 11
6 6 6 9 9 6 6 6 6 6 11 11 6 6 6 6 6 6 11 11 11 11 11 11 11 11 11 11 11 11 11 11 11 11 11 11 11 11 11 11 11 11 11 11 11 11
6 6 6 9 9 6 6 6 6 6 11 11 6 6 6 6 6 6 11 11 11 11 11 11 11 11 11 11 11 11 11 11 11 11
6 6 6 9 9 6 6 6 6 6 11 11 6 6 6 6 6 6 11 11 11 11 11 11 11 11 11 11 11 11 11 11 11 11 11 11 11
6 6 6 9 9 6 6 6 6 6 11 11 6 6 6 6 6 6 11 11 11 11 11 11 11 11 11 11 11 11 11 11 11 11
6 6 6 9 9 6 6 6 6 6 11 11 6 6 6 6 6 6 11 11 11 11 11 11 11 11 11 11 11 11 11 11 11 11 11 11 11
6 6 6 9 9 6 6 6 6 6 11 11 6 6 6 6 9 9 11 11 6 6 6 6 11 11 11 11 11 11 11 11 11 11 11 11 11 11 11
6 6 6 9 9 6 6 6 6 6 11 11 6 6 6 9 9 6 11 11 6 6 6 6 11 11 11 11 11 11 11 11 11 11 11 11 11 11 11
6 6 6 9 9 6 6 6 6 6 11 11 6 6 6 6 9 9 11 11 6 6 6 6 11 11 11 11 11 11 11 11 11 11 11 11 11 11 11 11
6 6 6 9 9 6 6 6 6 6 11 11 6 6 6 9 9 6 11 11 6 6 6 6 11 11 11 11 11 11 11 11 11 11 11 11 11 11 11 11
6 6 6 9 9 6 6 6 6 6 11 11 6 6 6 6 9 9 11 11 6 6 6 6 11 11 11 11 11 11 11 11 11 11 11 11 11 11 11 11 11 11 11
6 6 6 9 9 6 6 6 6 6 11 11 6 6 6 9 9 6 11 11 6 6 6 6 11 11 11 11 11 11 11 11 11 11 11 11 11 11 11 11 11 11 11
6 6 6 9 9 6 6 6 6 6 11 11 6 6 6 6 6 6 11 11 11 11 11 11 11 11 11 11 11 11 11 11 11 11 11 11 11 11 11
6 6 6 9 9 6 6 6 6 6 11 11 6 6 6 6 6 6 11 11 11 11 11 11 11 11 11 11 11 11 11 11 11 11 11 11 11 11 11 11 11 11
6 6 6 9 9 6 6 6 6 6 11 11 6 6 6 6 6 6 11 11 11 11 11 11 11 11 11 11 11 11 11 11 11 11 11 11 11 11 11 11 11
6 6 6 9 9 6 6 6 6 6 11 11 6 6 6 6 6 6 11 11 11 11 11 11 11 11 11 11 11 11 11 11 11 11 11 11 11 11 11 11 11 11
6 6 6 9 9 6 6 6 6 6 11 11 6 6 6 6 6 6 11 11 11 11 11 11 11 11 11 11 11 11 11 11 11 11 11 11 11 11 11 11 11
6 6 6 9 9 6 6 6 6 6 11 11 11 6 6 6 6 6 6 11 11 11 11 11 11 11 11 11 11 11 11 11 11 11
6 6 6 9 9 6 6 6 6 6 11 11 11 6 6 6 6 6 6 11 11 11 11 11 11 11 11 11 11 11 11 11 11 11
6 6 6 9 9 6 6 6 6 6 11 11 11 6 6 6 6 6 6 11 11 11 11 11 11 11 11 11 11 11 11 11 11 11 11 11 11 11
6 6 6 9 9 6 6 6 6 6 11 11 6 6 6 6 6 6 11 11 11 11 11 11 11 11 11 11 11 11 11 11 11 11 11 11
6 6 6 9 9 6 6 6 6 6 11 11 6 6 6 6 6 6 11 11 11 11 11 11 11 11 11 11 11 11 11 11 11 11 11 11
6 6 6 9 9 6 6 6 6 6 11 11 6 6 6 6 6 6 11 11 11 11 11 11 11 11 11 11 11 11 11 11 11 11 11 11 11 11 11 11
6 6 6 9 9 6 6 6 6 6 11 11 11 6 6 6 6 6 6 11 11 11 11 11 11 11 11 11 11 11 11 11 11 11 11
6 6 6 9 9 6 6 6 6 6 11 11 11 6 6 6 6 6 6 11 11 11 11 11 11 11 11 11 11 11 11 11 11 11 11
6 6 6 9 9 6 6 6 6 6 11 11 11 6 6 6 6 6 6 11 11 11 11 11 11 11 11 11 11 11 11 11 11 11 11 11 11 11 11
6 6 6 9 9 6 6 6 6 6 11 11 11 6 6 6 6 6 6 11 11 11 11 11 11 11 11 11 11 11 11 11 11 11 11 11 11 11
6 6 6 9 9 6 6 6 6 6 11 11 11 6 6 6 6 6 6 11 11 11 11 11 11 11 11 11 11 11 11 11 11 11 11 11 11 11 11 11 11 11
6 6 6 9 9 6 6 6 6 6 11 11 11 6 6 6 6 6 6 11 11 11 11 11 11 11 11 11 11 11 11 11 11 11 11 11 11 11 11
6 6 6 9 9 6 6 6 6 6 11 11 11 6 6 6 6 6 6 11 11 11 11 11 11 11 11 11 11 11 11 11 11 11 11 11 11 11 11 11 11 11
6 6 6 9 9 6 6 6 6 6 11 11 11 6 6 6 6 6 6 11 11 11 11 11 11 11 11 11 11 11 11 11 11 11 11 11 11 11 11 11 11 11 11
6 6 6 9 9 6 6 6 6 6 11 11 11 6 6 6 6 6 6 11 11 11 11 11 11 11 11 11 11 11 11 11 11 11 11 11 11 11 11 11 11 11 11 11 11 11
6 6 6 9 9 6 6 6 6 6 11 11 11 6 6 6 6 9 9 6 6 6 6 11 11 11 11 11 11 11 11 11 11 11 11 11 11 11 11 11
6 6 6 9 9 6 6 6 6 6 11 11 11 6 6 6 9 9 6 6 6 6 6 11 11 11 11 11 11 11 11 11 11 11 11 11 11
6 6 6 9 9 6 6 6 6 6 11 11 11 6 6 6 9 9 6 6 6 6 6 11 11 11 11 11 11 11 11 11 11 11 11 11 11 11 11 11
6 6 6 9 9 6 6 6 6 6 11 11 11 6 6 6 6 6 6 11 11 11 11 11 11 11 11 11 11 11 11
6 6 6 9 9 6 6 6 6 6 11 11 11 6 6 6 6 6 6 11 11 11 11 11 11 11 11 11 11 11 11 11 11 11
6 6 6 9 9 6 6 6 6 6 11 11 11 6 6 6 6 6 6 11 11 11 11 11 11 11 11 11 11 11 11
6 6 6 9 9 6 6 6 6 6 11 11 11 6 6 6 6 6 6 11 11 11 11 11 11 11 11 11 11 11 11 11 11 11 11 11 11 11 11 11 11 11 11 11 11 11
6 6 6 9 9 6 11 11 6 6 6 6 11 11 6 6 11 11 6 6 6 6 6 6 6 6 6 6 11 11 11 11 11 11 11 11 11 11 11 11 11 11 11 11 11 11
6 6 6 9 9 6 6 6 6 6 11 11 6 6 6 6 6 6 11 11 11 11 11 11 11 11 11 11 11 11 11 11 11
6 6 6 9 9 6 6 6 6 6 11 11 6 6 6 6 9 9 11 11 6 6 6 6 11 11 11 11 11 11 11 11 11 11 11 11 11 11 11
6 6 6 9 9 6 6 6 6 6 11 11 6 6 6 9 9 6 11 11 6 6 6 6 11 11 11 11 11 11 11 11 11 11 11 11 11 11 11
6 6 6 9 9 6 6 6 6 6 11 11 6 6 6 6 6 6 11 11 11 11 11 11 11 11 11 11 11 11 11 11 11
6 6 6 9 9 6 6 6 6 6 11 11 6 6 6 6 6 6 11 11 11 11 11 11 11 11 11 11 11 11 11 11 11
6 6 6 9 9 6 6 6 6 6 11 11 6 6 6 6 6 6 11 11 11 11 11 11 11 11 11 11 11 11 11 11 11 11 11 11 11 11 11 11 11
6 6 6 9 9 6 6 6 6 6 11 11 6 6 6 6 6 6 11 11 11 11 11 11 11 11 11 11 11 11 11 11 11 11 11 11 11 11 11 11 11 11 11 11 11 11 11 11 11
6 6 6 9 9 6 6 6 6 6 11 11 6 6 6 6 6 6 11 11 11 11 11 11 11 11 11 11 11 11 11 11 11 11 11 11 11 11 11 11 11 11 11 11 11 11 11 11 11 11 11 11
6 6 6 9 9 6 6 6 6 6 11 11 6 6 6 6 6 6 11 11 11 11 11 11 11 11 11 11 11 11 11 11 11 11 11 11 11 11 11 11 11 11 11 11 11 11 11 11 11 11 11
6 6 6 9 9 6 6 6 6 6 11 11 6 6 6 6 6 6 11 11 11 11 11 11 11 11 11 11 11 11 11 11 11 11 11 11 11
6 6 6 9 9 6 6 6 6 6 11 11 6 6 6 6 6 6 11 11 11 11 11 11 11 11 11 11 11 11 11 11 11 11 11 11 11 11 11 11
6 6 6 9 9 6 6 6 6 6 11 11 6 6 6 6 6 6 11 11 11 11 11 11 11 11 11 11 11 11 11 11 11 11 11 11 11 11 11
6 6 6 9 9 6 6 6 6 6 11 11 6 6 6 6 6 6 11 11 11 11 11 11 11 11 11 11 11 11 11 11 11 11 11 11 11
6 6 6 9 9 6 6 6 6 6 11 11 6 6 6 6 6 6 11 11 11 11 11 11 11 11 11 11 11 11 11 11 11 11 11 11 11 11 11 11
6 6 6 9 9 6 6 6 6 6 11 6 6 6 6 6 6 11 11 11 11 11 11 11 11 11 11 11 11 11 11 11 11 11 11 11 11 11 11
6 6 6 9 9 6 6 6 6 6 11 11 6 6 6 6 6 6 11 11 11 11 11 11 11 11 11 11 11 11 11 11 11 11 11 11 11 11 11 11 11 11 11 11 11
6 6 6 9 9 6 6 6 6 6 11 11 6 6 6 6 6 6 11 11 11 11 11 11 11 11 11 11 11 11 11 11 11 11 11 11 11 11 11 11 11 11 11 11 11
6 6 6 9 9 6 6 6 6 6 11 11 6 6 6 6 6 6 11 11 11 11 11 11 11 11 11 11 11 11 11 11 11 11 11 11 11 11 11 11 11 11 11 11 11
6 6 6 9 9 6 6 6 6 6 11 11 6 6 6 6 6 6 11 11 11 11 11 11 11 11 11 11 11 11 11 11 11 11 11 11 11 11 11 11 11 11 11 11 11
6 6 6 9 9 6 6 6 6 6 11 11 6 6 6 6 6 6 11 11 11 11 11 11 11 11 11 11 11 11 11 11 11 11 11 11 11 11 11 11 11 11 11 11 11 11 11 11 11 11 11
6 6 6 9 9 6 6 6 6 6 11 11 6 6 6 6 6 6 11 11 11 11 11 11 11 11 11 11 11 11 11 11 11 11 11 11 11 11 11 11 11 11 11 11 11 11 11 11
6 6 6 9 9 6 6 6 6 6 11 11 6 6 6 6 6 6 11 11 11 11 11 11 11 11 11 11 11 11 11 11 11 11 11 11 11 11 11 11 11 11 11 11 11 11 11 11
6 6 6 9 9 6 6 6 6 6 11 11 6 6 6 6 6 6 11 11 11 11 11 11 11 11 11 11 11 11 11 11 11 11 11 11 11 11 11 11 11 11 11 11 11 11 11 11
6 6 6 9 9 6 6 6 6 6 11 11 6 6 6 6 6 6 11 11 11 11 11 11 11 11 11 11 11 11 11 11 11 11 11 11 11 11 11 11 11 11 11 11 11 11 11 11 11 11 11 11 11 11
6 6 6 9 9 6 6 6 6 6 11 11 6 6 6 6 6 6 11 11 11 11 11 11 11 11 11 11 11 11 11 11 11 11 11 11 11 11 11 11 11 11 11 11 11 11 11 11 11 11 11 11 11 11
6 6 6 9 9 6 6 6 6 6 11 11 6 6 6 6 6 6 11 11 11 11 11 11 11 11 11 11 11 11 11 11 11 11 11 11 11 11 11 11 11 11 11 11 11 11 11 11 11 11 11 11 11 11 11 11 11 11
6 6 6 9 9 6 6 6 6 6 11 11 6 6 6 6 6 6 11 11 11 11 11 11 11 11 11 11 11 11 11 11 11 11 11 11 11 11 11 11 11 11 11 11 11 11 11 11 11 11 11 11 11 11 11
6 6 6 9 9 6 6 6 6 6 11 11 6 6 6 6 9 9 11 11 6 11 6 6 6 11 11 11 11 11 11 11 11 11 11 11 11 11 11 11 11 11 11
6 6 6 9 9 6 6 6 6 6 11 11 6 6 6 6 9 9 11 11 6 11 6 6 6 11 11 11 11 11 11 11 11 11 11 11 11 11 11 11 11 11 11 11 11 11 11
6 6 6 9 9 6 6 6 6 6 11 11 6 6 6 6 6 6 11 11 11 11 11 11 11 11 11 11 11 11 11 11 11 11 11 11 11 11 11 11 11 11 11 11 11 11 11 11 11
6 6 6 9 9 6 6 6 6 6 11 11 6 6 6 6 6 6 11 11 11 11 11 11 11 11 11 11 11 11 11 11 11 11 11 11 11 11 11 11 11 11 11 11 11 11 11 11 11 11 11 11
6 6 6 9 9 6 6 6 6 6 11 11 6 6 6 6 6 6 11 11 11 11 11 11 11 11 11 11 11 11 11 11 11 11 11 11 11 11 11 11
6 6 6 9 9 6 6 6 6 6 11 11 6 6 6 6 9 9 11 11 6 6 6 6 11 11 11 11 11 11 11 11 11 11 11 11 11 11 11 11 11 11 11
6 6 6 9 9 6 6 6 6 6 11 11 6 6 6 6 6 6 11 11 11 11 11 11 11 11 11 11 11 11 11 11 11 11 11 11
6 6 6 9 9 6 6 6 6 6 11 11 6 6 6 6 9 9 11 11 6 6 6 6 11 11 11 11 11 11 11 11 11 11 11 11 11 11 11 11 11 11
6 6 6 9 9 6 6 6 6 6 11 11 6 6 6 6 6 6 11 11 11 11 11 11 11 11 11 11 11 11 11 11 11 11 11 11 11 11 11
6 6 6 9 9 6 6 6 6 6 11 11 6 6 6 6 6 6 11 11 11 11 11 11 11 11 11 11 11 11 11 11 11 11 11 11 11 11 11
6 6 6 9 9 6 6 6 6 6 11 11 6 6 6 6 6 6 11 11 11 11 11 11 11 11 11 11 11 11 11 11 11 11 11 11 11 11 11 11
6 6 6 9 9 6 6 6 6 6 11 11 6 6 6 6 6 6 11 11 11 11 11 11 11 11 11 11 11 11 11 11 11 11 11 11 11 11 11 11
6 6 6 9 9 6 6 6 6 6 11 11 6 6 6 6 6 6 11 11 11 11 11 11 11 11 11 11 11 11 11 11 11 11 11 11 11 11 11 11 11 11 11 11
6 6 6 9 9 6 6 6 6 6 11 11 6 6 6 6 6 6 11 11 11 11 11 11 11 11 11 11 11 11 11 11 11 11 11 11
6 6 6 9 9 6 6 6 6 6 11 11 6 6 6 6 6 6 11 11 11 11 11 11 11 11 11 11 11 11 11 11 11 11 11 11
6 6 6 9 9 6 6 6 6 6 11 11 6 6 6 6 6 6 11 11 11 11 11 11 11 11 11 11 11 11 11 11 11 11 11 11 11
6 6 6 9 9 6 6 6 6 6 11 11 6 6 6 6 6 6 11 11 11 11 11 11 11 11 11 11 11 11 11 11 11 11 11 11 11 11 11 11 11 11 11 11
6 6 6 9 9 6 6 6 6 6 11 11 6 6 6 6 6 6 11 11 11 11 11 11 11 11 11 11 11 11 11 11 11 11 11 11 11 11 11 11 11 11 11 11
6 6 6 9 9 6 6 6 6 6 11 11 6 6 6 6 6 6 11 11 11 11 11 11 11 11 11 11 11 11 11 11 11 11 11 11 11 11 11 11 11 11 11 11 11
6 6 6 9 9 6 6 6 6 6 11 11 6 6 6 6 6 6 11 11 11 11 11 11 11 11 11 11 11 11 11 11 11 11 11 11 11 11 11 11 11 11 11 11 11 11 11 11
6 6 6 9 9 6 6 6 6 6 11 11 6 6 6 6 6 6 11 11 11 11 11 11 11 11 11 11 11 11 11 11 11 11 11 11 11 11 11 11 11 11 11 11 11
6 6 6 9 9 6 6 6 6 6 11 11 6 6 6 6 6 6 11 11 11 11 11 11 11 11 11 11 11 11 11 11 11 11 11 11 11 11 11 11 11 11 11 11 11 11 11 11 11
6 6 6 9 9 6 6 6 6 6 11 11 6 6 6 6 6 6 11 11 11 11 11 11 11 11 11 11 11 11 11 11 11 11 11 11 11 11 11 11 11 11 11 11
6 6 6 9 9 6 6 6 6 6 11 11 6 6 6 6 6 6 11 11 11 11 11 11 11 11 11 11 11 11 11 11 11 11 11 11 11 11 11 11 11 11 11 11
6 6 6 9 9 6 6 6 6 6 11 11 6 6 6 6 9 9 11 11 6 6 6 6 11 11 11 11 11 11 11 11 11 11 11 11 11 11 11 11 11 11 11 11
6 6 6 9 9 6 6 6 6 6 11 11 6 6 6 6 6 6 11 11 11 11 11 11 11 11 11 11 11 11 11 11 11 11 11 11 11 11 11 11 11 11 11 11 11 11
6 6 6 9 9 6 6 6 6 6 11 11 6 6 6 6 6 6 11 11 11 11 11 11 11 11 11 11 11 11 11 11 11 11 11 11 11 11 11 11 11 11 11
6 6 6 9 9 6 6 6 6 6 11 11 6 6 6 6 6 6 11 11 11 11 11 11 11 11 11 11 11 11 11 11 11 11 11 11 11 11 11 11 11 11 11 11
6 6 6 9 9 6 6 6 6 6 11 11 6 6 6 6 6 6 11 11 11 11 11 11 11 11 11 11 11 11 11 11 11 11 11 11 11 11 11 11 11 11 11 11
6 6 6 9 9 6 6 6 6 6 11 11 6 6 6 6 6 6 11 11 11 11 11 11 11 11 11 11 11 11 11 11 11 11 11 11 11 11 11 11 11 11 11 11 11
6 6 6 9 9 6 6 6 6 6 11 11 6 6 6 6 6 6 11 11 11 11 11 11 11 11 11 11 11 11 11 11 11 11 11 11 11 11 11 11 11 11 11 11 11 11 11 11
6 6 6 9 9 6 6 6 6 6 11 11 6 6 6 6 6 6 11 11 11 11 11 11 11 11 11 11 11 11 11 11 11 11 11 11 11 11 11 11 11 11 11 11 11 11 11 11
6 6 6 9 9 6 6 6 6 6 11 11 6 6 6 6 6 6 11 11 11 11 11 11 11 11 11 11 11 11 11 11 11 11 11 11 11 11 11 11 11 11 11 11 11
6 6 6 9 9 6 6 6 6 6 11 11 6 6 6 6 6 6 11 11 11 11 11 11 11 11 11 11 11 11 11 11 11 11 11 11 11 11 11 11 11 11 11 11 11 11 11 11
6 6 6 9 9 6 6 6 6 6 11 11 6 6 6 6 6 6 11 11 11 11 11 11 11 11 11 11 11 11 11 11 11 11 11 11 11 11 11 11 11 11 11 11 11 11 11 11 11 11 11
6 6 6 9 9 6 6 6 6 6 11 11 6 6 6 6 6 6 11 11 11 11 11 11 11 11 11 11 11 11 11 11 11 11 11 11 11 11 11 11 11 11 11 11 11 11 11 11 11 11 11 11 11 11
6 6 6 9 9 6 6 6 6 6 11 11 6 6 6 6 6 6 11 11 11 11 11 11 11 11 11 11 11 11 11 11 11 11 11 11 11 11 11 11 11 11 11 11 11 11 11
6 6 6 9 9 6 6 6 6 6 11 11 6 6 6 6 9 9 11 11 11 6 6 6 6 11 11 11 11 11 11 11 11 11 11 11 11 11 11 11 11 11 11
6 6 6 9 9 6 6 6 6 6 11 11 6 6 6 6 9 9 11 11 11 6 6 6 6 11 11 11 11 11 11 11 11 11 11 11 11 11 11 11 11 11 11 11 11 11
6 6 6 9 9 6 6 6 6 6 11 11 6 6 6 6 9 9 11 11 6 6 6 6 11 11 11 11 11 11 11 11 11 11 11 11 11 11 11 11
6 6 6 9 9 6 6 6 6 6 11 11 6 6 6 6 6 6 11 11 11 11 11 11 11 11 11 11 11 11 11 11 11 11
6 6 6 9 9 6 6 6 6 6 11 11 6 6 6 6 6 6 11 11 11 11 11 11 11 11 11 11 11 11 11 11 11 11 11 11 11 11 11 11 11 11 11 11 11 11
6 6 6 9 9 6 6 6 6 6 11 11 6 6 6 6 6 6 11 11 11 11 11 11 11 11 11 11 11 11 11 11 11 11 11 11 11 11 11 11 11 11
6 6 6 9 9 6 6 6 6 6 11 11 6 6 6 6 6 6 11 11 11 11 11 11 11 11 11 11 11 11 11 11 11 11
6 6 6 9 9 6 6 6 6 6 11 11 6 6 6 6 6 6 11 11 11 11 11 11 11 11 11 11 11 11 11 11 11 11 11 11 11
6 6 6 9 9 6 6 6 6 6 11 11 6 6 6 6 6 6 11 11 11 11 11 11 11 11 11 11 11 11 11 11 11 11 11 11 11 11 11 11 11 11 11 11 11 11
6 6 6 9 9 6 6 6 6 6 11 11 6 6 6 6 6 6 11 11 11 11 11 11 11 11 11 11 11 11 11 11 11 11 11 11 11 11 11 11 11 11 11 11 11 11 11 11 11
6 6 6 9 9 6 6 6 6 6 11 11 6 6 6 6 6 6 11 11 11 11 11 11 11 11 11 11 11 11 11 11 11 11 11 11 11 11 11 11 11 11 11 11 11 11 11 11 11
6 6 6 9 9 6 6 6 6 6 11 11 6 6 6 6 6 6 11 11 11 11 11 11 11 11 11 11 11 11 11 11 11 11 11 11 11 11 11 11 11 11 11 11 11 11
6 6 6 9 9 6 6 6 6 6 11 11 6 6 6 6 6 6 11 11 11 11 11 11 11 11 11 11 11 11 11 11 11 11 11 11 11 11 11 11 11 11 11 11 11 11 11 11 11
6 6 6 9 9 6 6 6 6 6 11 11 6 6 6 6 6 6 11 11 11 11 11 11 11 11 11 11 11 11 11 11 11 11 11 11 11 11 11 11 11 11 11 11 11 11
6 6 6 9 9 6 6 6 6 6 11 11 6 6 6 6 6 6 11 11 11 11 11 11 11 11 11 11 11 11 11 11 11 11 11 11 11 11 11 11 11 11 11 11 11 11
6 6 6 9 9 6 6 6 6 6 11 11 6 6 6 6 6 6 11 11 11 11 11 11 11 11 11 11 11 11 11 11 11 11 11 11 11 11 11 11 11 11
6 6 6 9 9 6 6 6 6 6 11 11 6 6 6 6 6 6 11 11 11 11 11 11 11 11 11 11 11 11 11 11 11 11 11 11 11 11 11 11 11 11
6 6 6 9 9 6 6 6 6 6 11 11 6 6 6 6 6 6 11 11 11 11 11 11 11 11 11 11 11 11 11 11 11 11 11 11 11 11 11 11 11 11 11 11 11
6 6 6 9 9 6 6 6 6 6 11 11 6 6 6 6 6 6 11 11 11 11 11 11 11 11 11 11 11 11 11 11 11 11 11 11 11 11 11 11 11 11
6 6 6 9 9 6 6 6 6 6 11 11 6 6 6 6 6 6 11 11 11 11 11 11 11 11 11 11 11 11 11 11 11 11 11 11 11 11 11 11 11 11 11 11 11
6 6 6 9 9 6 6 6 6 6 11 11 6 6 6 6 9 9 11 11 6 6 6 6 11 11 11 11 11 11 11 11 11 11 11 11 11 11 11 11
6 6 6 9 9 6 6 6 6 6 11 11 6 6 6 6 9 9 11 11 6 6 6 6 11 11 11 11 11 11 11 11 11 11 11 11 11 11 11 11 11 11 11 11
6 6 6 9 9 6 6 6 6 6 11 11 6 6 6 6 9 9 11 11 6 6 6 6 11 11 11 11 11 11 11 11 11 11 11 11 11 11 11 11 11 11 11 11
6 6 6 9 9 6 6 6 6 6 11 11 6 6 6 6 6 6 11 11 11 6 6 6 6 6 6 11 11 11 11 11 11 11 11 11 11 11 11 11 11 11 11 11 11
6 6 6 9 9 6 6 6 6 6 11 6 6 6 6 6 6 11 11 11 11 11 11 11 11 11 11 11 11 11 11 11 11 11 11 11 11
6 6 6 9 9 6 6 6 6 6 11 6 6 6 6 6 6 11 11 11 11 11 11 11 11 11 11 11 11 11 11 11 11 11 11 11 11 11 11 11
6 6 6 9 9 6 6 6 6 6 11 11 11 11 11 6 6 6 6 6 6 1 1 1 1 1 11 11 11 11 11 11 11 11 11 11 11 11 11 11 11 11 11 11 11 11 11 11 11 11 11 11 11
6 6 6 9 9 6 6 6 6 6 11 11 11 11 11 6 6 6 6 6 6 1 1 1 1 1 11 11 11 11 11 11 11 11 11 11 11 11 11 11 11 11 11 11 11 11 11 11 11 11 11 11 11
6 6 6 9 9 6 6 6 6 6 11 11 11 11 11 6 6 6 6 6 6 1 1 1 1 1 11 11 11 11 11 11 11 11 11 11 11 11 11 11 11 11 11 11 11 11 11 11 11 11 11 11 11 11 11 11 11
6 6 6 9 9 6 6 6 6 6 11 11 11 11 11 6 6 6 6 6 6 11 11 6 6 6 6 6 6 11 11 11 11 11 11 11 11 11 11 11 11 11 11 11 11 11 11 11 11 11 11
6 6 6 9 9 6 6 6 6 6 11 11 6 6 6 6 6 6 11 11 11 11 11 11 11 11 11 11 11 11 11 11 11 11 11 11 11
6 6 6 9 9 6 6 6 6 6 11 11 6 6 6 6 6 6 11 11 11 11 11 11 11 11 11 11 11 11 11 11 11 11 11 11 11 11 11 11 11
6 6 6 9 9 6 6 6 6 6 11 11 6 6 6 6 6 6 11 11 11 11 11 11 11 11 11 11 11 11 11 11 11 11 11 11 11 11 11 11 11
6 6 6 9 9 6 6 6 6 6 11 11 6 6 6 6 6 6 11 11 11 11 11 11 11 11 11 11 11 11 11 11 11 11 11 11 11 11 11 11 11
6 6 6 9 9 6 6 6 6 6 11 11 6 6 6 6 6 6 11 11 11 11 11 11 11 11 11 11 11 11 11 11 11 11 11 11 11
6 6 6 9 9 6 6 6 6 6 11 11 6 6 6 6 6 6 11 11 11 11 11 11 11 11 11 11 11 11 11 11 11 11 11 11 11
6 6 6 9 9 6 6 6 6 6 11 11 6 6 6 6 6 6 11 11 11 11 11 11 11 11 11 11 11 11 11 11 11 11 11 11 11
6 6 6 9 9 6 6 6 6 6 11 11 6 6 6 6 6 6 11 11 11 11 11 11 11 11 11 11 11 11 11 11 11 11 11 11 11
6 6 6 9 9 6 6 6 6 6 11 11 6 6 6 6 6 6 11 11 11 11 11 11 11 11 11 11 11 11 11 11 11 11 11 11 11 11 11 11 11 11 11 11
6 6 6 9 9 6 6 6 6 6 11 11 6 6 6 6 6 6 11 11 11 11 11 11 11 11 11 11 11 11 11 11 11 11 11 11 11 11 11 11 11 11 11 11
6 6 6 9 9 6 6 6 6 6 11 11 6 6 6 6 6 6 11 11 11 11 11 11 11 11 11 11 11 11 11 11 11 11 11 11 11 11 11 11
6 6 6 9 9 6 6 6 6 6 11 11 6 6 6 6 6 6 11 11 11 11 11 11 11 11 11 11 11 11 11 11 11 11 11 11 11 11 11 11
6 6 6 9 9 6 6 6 6 6 11 11 6 6 6 6 6 6 11 11 11 11 11 11 11 11 11 11 11 11 11 11 11 11 11 11 11 11 11 11
6 6 6 9 9 6 6 6 6 6 11 6 6 6 6 6 6 11 11 11 11 11 11 11 11 11 11 11 11 11 11 11 11 11 11
6 6 6 9 9 6 6 6 6 6 11 6 6 6 6 6 6 11 11 11 11 11 11 11 11 11 11 11 11 11 11 11 11 11 11 11 11 11
6 6 6 9 9 6 6 6 6 6 11 11 6 6 6 6 6 6 11 11 11 11 11 11 11 11 11 11 11 11 11 11 11 11 11 11 11 11 11 11 11 11 11 11 11 11 11 11 11
6 6 6 9 9 6 6 6 6 6 11 11 6 6 6 6 6 6 11 11 11 11 11 11 11 11 11 11 11 11 11 11 11 11 11 11 11 11 11 11 11 11 11 11 11 11 11 11 11 11 11 11
6 6 6 9 9 6 6 6 6 6 11 11 6 6 6 6 6 6 11 11 11 11 11 11 11 11 11 11 11 11 11 11 11 11 11 11 11 11 11 11 11 11 11 11 11 11 11 11
6 6 6 9 9 6 6 6 6 6 11 11 6 6 6 6 6 6 11 11 11 11 11 11 11 11 11 11 11 11 11 11 11 11 11 11 11 11 11 11 11 11 11 11 11
6 6 6 9 9 6 6 6 6 6 11 11 6 6 6 6 6 6 11 11 11 11 11 11 11 11 11 11 11 11 11 11 11 11 11 11 11 11 11 11 11
6 6 6 9 9 6 6 6 6 6 11 11 6 6 6 6 6 6 11 11 11 11 11 11 11 11 11 11 11 11 11 11 11 11 11 11 11
6 6 6 9 9 6 6 6 6 6 11 11 6 6 6 6 6 6 11 11 11 11 11 11 11 11 11 11 11 11 11 11 11 11 11 11 11 11 11 11 11 11 11 11 11 11 11
6 6 6 9 9 6 6 6 6 6 11 11 6 6 6 6 6 6 11 11 11 11 11 11 11 11 11 11 11 11 11 11 11 11 11 11 11 11 11 11 11 11 11
6 6 6 9 9 6 6 6 6 6 11 11 6 6 6 6 6 6 11 11 11 11 11 11 11 11 11 11 11 11 11 11 11 11 11 11 11 11 11
6 6 6 9 9 6 6 6 6 6 11 11 11 11 6 6 6 6 6 6 11 11 11 11 11 11 11 11 11 11 11 11 11 11 11 11 11 11 11 11 11 11 11
6 6 6 9 9 6 6 6 6 6 11 11 11 11 1 1 1 0 0 6 6 6 6 11 11 11 11 11 11 11 11 11 11 11 11 11 11 11 11 11 11 11 11 11 11 11 11 11 11 11
6 6 6 9 9 6 6 6 6 6 11 11 11 11 1 1 1 0 0 6 6 6 6 11 11 11 11 11 11 11 11 11 11 11 11 11 11 11 11 11 11 11 11 11
6 6 6 9 9 6 6 6 6 6 11 11 11 11 6 6 6 9 9 6 6 6 6 6 11 11 11 11 11 11 11 11 11 11 11 11 11 11 11 11 11 11 11 11 11 11 11 11 11 11 11 11
6 6 6 9 9 6 6 6 6 6 11 11 11 11 1 0 0 1 1 6 6 6 6 11 11 11 11 11 11 11 11 11 11 11 11 11 11 11 11 11 11 11 11 11 11
6 6 6 9 9 6 6 6 6 6 11 11 11 11 1 0 0 1 1 6 6 6 6 11 11 11 11 11 11 11 11 11 11 11 11 11 11 11 11 11 11 11 11 11 11
6 6 6 9 9 6 6 6 6 6 11 11 11 11 1 0 0 1 1 6 6 6 6 11 11 11 11 11 11 11 11 11 11 11 11 11 11 11 11 11 11 11 11 11 11 11 11 11 11
6 6 6 9 9 6 11 11 6 6 6 6 11 11 6 6 11 11 6 6 6 6 6 6 6 6 6 6 11 11 11 11 11 11 11 11 11 11 11 11 11 11 11 11 11 11
6 6 6 9 9 6 6 6 6 6 11 11 11 11 1 1 1 0 0 6 6 6 6 11 11 11 11 11 11 11 11 11 11 11 11 11 11 11 11 11 11 11 11 11 11 11
6 6 6 9 9 6 6 6 6 6 11 11 11 11 1 1 1 0 0 6 6 6 6 11 11 11 11 11 11 11 11 11 11 11 11 11 11 11 11 11 11 11 11 11 11 11
6 6 6 9 9 6 6 6 6 6 11 11 11 11 11 11 11 11 11 11 11 11 11
6 6 6 9 9 6 6 6 6 6 11 11 11 11 11 11 11 11 11 11 11 11 11 11 11 11
6 6 6 9 9 6 6 9 9 6 11 11 6 6 6 6 11 6 6 6 6 6 6 11 11 11 11 11 11 11 11 11 11 11 11 11 11 11 11 11 11
6 6 6 9 9 6 6 9 9 6 11 11 6 6 6 6 11 6 6 6 6 6 6 11 11 11 11 11 11 11 11 11 11 11 11 11 11 11 11 11 11 11 11 11 11 11 11 11 11 11 11 11 11 11 11 11 11 11 11 11
6 6 6 9 9 6 6 9 9 6 11 11 6 6 6 6 11 6 6 6 6 6 6 11 11 11 11 11 11 11 11 11 11 11 11 11 11 11 11 11 11 11 11 11 11
6 6 6 9 9 6 6 9 9 6 11 11 6 6 6 6 11 6 6 6 6 6 6 11 11 11 11 11 11 11 11 11 11 11 11 11 11 11 11 11 11 11 11 11 11 11 11 11 11
6 6 6 9 9 6 6 9 9 6 11 11 6 6 6 6 11 6 6 6 6 6 6 11 11 11 11 11 11 11 11 11 11 11 11 11 11 11 11 11 11
6 6 6 9 9 6 6 9 9 6 11 11 6 6 6 6 11 6 6 6 6 6 6 11 11 11 11 11 11 11 11 11 11 11 11 11 11 11 11 11 11
6 6 6 9 9 6 6 9 9 6 11 11 6 6 6 6 11 11 11 6 6 6 6 6 6 11 11 11 11 11 11 11 11 11 11 11 11 11 11 11 11 11 11 11
6 6 6 9 9 6 6 6 6 6 11 6 6 6 6 6 6 11 11 11 11 11 11 11 11 11 11 11 11 11 11 11 11 11 11 11 11 11 11 11 11 11 11 11 11 11 11 11 11 11 11 11 11
6 6 6 9 9 6 6 6 6 6 11 6 6 6 6 6 6 11 11 11 11 11 11 11 11 11 11 11 11 11 11 11 11 11 11 11 11 11 11 11 11 11 11 11 11 11 11 11 11 11 11 11 11 11 11
6 6 6 9 9 6 6 6 6 6 11 6 6 6 6 6 6 11 11 11 11 11 11 11 11 11 11 11 11 11 11 11 11 11 11 11 11 11 11 11 11 11 11 11 11 11 11 11 11 11 11 11 11
6 6 6 9 9 6 6 6 6 6 11 11 6 6 6 6 6 6 11 11 11 11 11 11 11 11 11 11 11 11 11 11 11 11 11 11 11 11 11 11 11 11 11 11 11 11 11 11 11 11 11
6 6 6 9 9 6 6 6 6 6 11 11 6 6 6 6 6 6 11 11 11 11 11 11 11 11 11 11 11 11 11 11 11 11 11 11 11 11 11 11 11 11 11 11 11 11 11
6 6 6 9 9 6 6 6 6 6 11 6 11 11 6 6 6 6 6 11 11 11 11 11 11 11 11 11 11 11 11 11 11 11 11 11 11 11 11 11 11 11 11 11
6 6 6 9 9 6 6 6 6 6 11 6 11 11 6 6 6 6 6 11 11 11 11 11 11 11 11 11 11 11 11 11 11 11 11 11 11 11 11 11 11 11 11 11 11 11 11 11
6 6 6 9 9 6 6 6 6 6 11 6 11 11 6 6 6 6 6 11 11 11 11 11 11 11 11 11 11 11 11 11 11 11 11 11 11 11 11 11 11 11 11 11 11 11 11 11
6 6 6 9 9 6 6 6 6 6 6 11 11 6 6 6 6 6 11 11 11 11 11 11 11 11 11 11 11 11 11 11 11 11 11 11 11 11 11 11 11 11 11 11 11 11 11 11 11 11 11
6 6 6 9 9 6 6 6 6 6 6 11 11 6 6 6 6 6 11 11 11 11 11 11 11 11 11 11 11 11 11 11 11 11 11 11 11 11 11 11 11 11 11 11 11 11 11 11 11 11 11 11 11 11
6 6 6 4 4 6 1 1 1 11 6 11 11 6 6 6 6 6 11 11 11 11 11 11 11 11 11 11 11 11 11 11 11 11 11 11 11 11 11 11 11 11 11 11 11 11 11 11 11 11 11
6 6 6 4 4 6 1 1 1 11 6 11 11 6 6 6 6 6 11 11 11 11 11 11 11 11 11 11 11 11 11 11 11 11 11 11 11 11 11 11 11 11 11 11 11 11 11 11 11 11 11 11 11 11
6 6 6 4 4 6 1 1 1 11 6 11 11 6 6 6 6 6 11 11 11 11 11 11 11 11 11 11 11 11 11 11 11 11 11 11 11 11 11 11 11 11 11 11
6 6 6 4 4 6 1 1 1 11 6 11 11 6 6 6 6 6 11 11 11 11 11 11 11 11 11 11 11 11 11 11
6 6 6 4 4 6 1 1 1 11 6 11 11 6 6 6 6 6 11 11 11 11 11 11 11 11 11 11 11 11 11 11
6 6 6 4 4 6 1 1 1 11 6 11 11 6 6 6 6 6 11 11 11 11 11 11 11 11 11 11 11 11 11 11 11 11 11 11 11 11 11 11
6 6 6 4 4 6 1 1 1 11 6 11 11 6 6 6 6 6 11 11 11 11 11 11 11 11 11 11 11 11 11 11 11 11 11 11 11 11 11 11 11 11 11 11 11
6 6 6 4 4 6 1 1 1 11 6 11 11 6 6 6 6 6 11 11 11 11 11 11 11 11 11 11 11 11 11 11 11 11 11 11 11 11 11 11 11
6 6 6 4 4 6 1 1 1 11 6 11 11 6 6 6 6 6 11 11 11 11 11 11 11 11 11 11 11 11 11 11 11 11 11 11 11
6 6 6 4 4 6 1 1 1 11 6 11 11 6 6 6 6 6 11 11 11 11 11 11 11 11 11 11 11 11 11 11 11 11 11 11 11 11 11 11 11
6 6 6 4 4 6 1 1 1 11 6 11 11 6 6 6 6 6 11 11 11 11 11 11 11 11 11 11 11 11 11 11 11 11 11 11 11 11 11 11 11 11 11 11 11 11 11
6 6 6 4 4 6 1 1 1 11 6 11 11 6 6 6 6 6 11 11 11 11 11 11 11 11 11 11 11 11 11 11 11
6 6 6 4 4 6 1 1 1 11 6 11 11 6 6 6 9 9 11 6 6 6 6 11 11 11 11 11 11 11 11 11 11 11 11 11 11 11 11
6 6 6 4 4 6 1 1 1 11 6 11 11 6 6 6 6 6 11 11 11 11 11 11 11 11 11 11 11 11 11 11 11
6 6 6 4 4 6 1 1 1 11 6 11 11 6 6 6 6 6 11 11 11 11 11 11 11 11 11 11 11 11 11 11 11 11 11 11 11 11 11 11 11 11 11 11 11 11 11 11 11
6 6 6 4 4 6 1 1 1 11 6 11 11 6 6 6 6 6 11 11 11 11 11 11 11 11 11 11 11 11 11 11 11 11 11 11 11 11 11 11 11 11 11 11
6 6 6 4 4 6 1 1 1 11 6 11 11 6 6 6 6 6 11 11 11 11 11 11 11 11 11 11 11 11 11 11 11 11 11 11
6 6 6 4 4 6 1 1 1 11 6 11 11 6 6 6 9 9 11 6 6 6 6 11 11 11 11 11 11 11 11 11 11 11 11 11 11 11 11 11 11 11
6 6 6 4 4 6 1 1 1 11 6 11 11 6 6 6 6 6 11 11 11 11 11 11 11 11 11 11 11 11 11 11 11 11 11 11 11 11 11 11
6 6 6 4 4 6 1 1 1 11 6 11 11 6 6 6 6 6 11 11 11 11 11 11 11 11 11 11 11 11 11 11
6 6 6 4 4 6 1 1 1 11 6 11 11 6 6 6 9 9 11 6 6 6 6 11 11 11 11 11 11 11 11 11 11 11 11 11 11 11
6 6 6 4 4 6 1 1 1 11 6 11 11 6 6 9 9 6 11 6 6 6 6 11 11 11 11 11 11 11 11 11 11 11 11 11 11 11
6 6 6 4 4 6 1 1 1 11 6 11 11 6 6 6 6 6 11 11 11 11 11 11 11 11 11 11 11 11 11 11 11 11 11 11 11 11 11 11 11 11 11 11 11 11 11 11 11 11 11 11
6 6 6 4 4 6 1 1 1 11 11 11 11 6 6 6 6 6 6 11 11 11 11 11 11 11 11 11 11 11 11 11 11 11 11 11 11 11 11 11 11 11 11 11
6 6 6 4 4 6 1 1 1 11 11 11 11 6 6 6 6 6 6 11 11 11 11 11 11 11 11 11 11 11 11 11 11 11 11 11 11 11 11 11
6 6 6 4 4 6 1 1 1 11 11 11 11 6 6 6 6 6 6 11 11 11 11 11 11 11 11 11 11 11 11 11 11 11 11 11 11 11 11 11 11 11 11 11 11 11 11
6 6 6 4 4 6 1 1 1 11 11 11 11 6 6 6 6 6 6 11 11 11 11 11 11 11 11 11 11 11 11 11 11 11 11 11 11 11 11 11 11 11 11
6 6 6 4 4 6 1 1 1 11 11 11 11 6 6 6 6 6 6 11 11 1 1 1 1 1 11 11 11 11 11 11 11 11 11 11 11 11 11 11
6 6 6 4 4 6 1 1 1 6 11 11 6 6 6 6 6 11 11 11 11 11 11 11 11 11 11 11 11 11 11
6 6 6 4 4 6 1 1 1 11 11 11 11 6 6 6 6 6 6 11 11 11 11 11 11 11 11 11 11 11 11
6 6 6 4 4 6 1 1 1 11 11 11 11 6 9 9 6 6 6 6 6 6 6 11 11 11 11 11 11 11 11 11 11 11 11 11 11
6 6 6 4 4 6 1 1 1 11 11 11 11 6 6 9 9 6 6 6 6 6 6 11 11 11 11 11 11 11 11 11 11 11 11 11 11
6 6 6 4 4 6 1 1 1 11 11 11 11 6 9 9 6 6 6 6 6 6 6 11 11 11 11 11 11 11 11 11 11 11 11 11 11 11
6 6 6 4 4 6 1 1 1 11 11 11 11 6 6 9 9 6 6 6 6 6 6 11 11 11 11 11 11 11 11 11 11 11 11 11 11 11
6 6 6 4 4 6 1 1 1 11 11 11 11 6 6 9 9 6 6 6 6 6 6 11 11 11 11 11 11 11 11 11 11 11 11 11 11
6 6 6 4 4 6 1 1 1 11 11 11 11 6 6 6 6 6 6 11 6 6 6 6 6 6 11 11 11 11 11 11 11 11 11 11 11 11 11 11 11 11 11
6 6 6 4 4 6 1 1 1 11 11 11 11 6 6 6 6 6 6 11 6 6 6 6 6 6 11 11 11 11 11 11 11 11 11 11 11 11 11 11 11 11 11
6 6 6 4 4 6 1 1 1 11 11 11 11 6 6 6 6 6 6 6 6 6 6 6 6 11 11 11 11 11 11 11 11 11 11 11 11 11 11 11 11 11
6 6 6 4 4 6 1 1 1 11 11 11 11 6 6 9 9 6 6 6 6 6 6 11 11 11 11 11 11 11 11 11 11 11 11 11 11 11 11 11 11
6 6 6 4 4 6 1 1 1 11 11 11 11 6 6 6 6 6 6 11 11 11 11 11 11 11 11 11 11 11 11 11
6 6 6 4 4 6 1 1 1 11 11 11 11 6 6 6 6 6 6 11 11 11 11 11 11 11 11 11 11 11 11 11 11 11 11
6 6 6 4 4 6 1 1 1 11 11 11 11 6 6 6 6 6 6 11 11 11 11 11 11 11 11 11 11 11 11 11 11 11 11
6 6 6 4 4 6 1 1 1 11 11 11 11 6 6 6 6 6 6 11 11 11 11 11 11 11 11 11 11 11 11 11 11 11 11 11
6 6 6 4 4 6 1 1 1 11 11 11 11 6 6 6 6 6 6 11 11 11 11 11 11 11 11 11 11 11 11 11 11 11 11 11 11 11 11 11 11 11 11
6 6 6 4 4 6 1 1 1 11 6 11 11 6 6 6 6 6 11 11 11 11 11 11 11 11 11 11 11 11 11 11 11 11 11 11 11 11 11 11 11 11 11 11 11 11 11 11 11 11 11 11 11
6 6 6 4 4 6 1 1 1 11 6 11 11 6 6 6 6 6 11 11 11 11 11 11 11 11 11 11 11 11 11 6 6 6 6 6 6 11 11 11 11 11 11 11 11 11 11 11 11 11 11 11 11 11 11 11 11 11 11 11 11 11 11
6 6 6 4 4 6 1 1 1 11 11 11 6 6 6 6 6 6 11 11 11 11 11 11 11 11 11 11 11 11 11 11 11 11 11 11 11 11
6 6 6 4 4 6 1 1 1 11 11 11 6 6 6 6 6 6 11 11 11 11 11 11 11 11 11 11 11 11 11 11 11 11 11 11 11 11 11 11 11
6 6 6 4 4 6 1 1 1 11 11 11 6 6 6 6 6 6 11 11 11 11 11 11 11 11 11 11 11 11 11 11 11 11 11 11 11 11 11 11 11 11 11 11
6 6 6 4 4 6 1 1 1 11 11 11 6 6 6 6 6 6 11 11 11 11 11 11 11 11 11 11 11 11 11 11 11 11 11 11 11 11 11 11 11 11
6 6 6 4 4 6 1 1 1 11 11 11 6 6 6 6 6 6 11 11 11 11 11 11 11 11 11 11 11 11 11 11 11 11 11 11 11 11 11 11 11 11 11 11 11
6 6 6 4 4 6 1 1 1 11 11 11 6 6 6 6 6 6 11 11 11 11 11 11 11 11 11 11 11 11 11 11 11 11 11 11 11 11 11 11 11 11 11 11 11 11 11 11
6 6 6 4 4 6 1 1 1 11 11 6 6 6 6 6 6 11 11 11 11 11 11 11 11 11 11 11 11 11 11 11 11 11 11 11 11 11 11 11 11
6 6 6 4 4 6 1 1 1 11 11 6 6 6 6 6 6 11 11 11 11 11 11 11 11 11 11 11 11 11 11 11 11 11 11 11 11 11 11 11 11 11 11 11
6 6 6 4 4 6 1 1 1 11 11 11 6 6 6 6 6 6 11 11 11 11 11 11 11 11 11 11 11 11
6 6 6 4 4 6 1 1 1 11 11 11 6 6 6 6 6 6 11 11 11 11 11 11 11 11 11 11 11 11
6 6 6 4 4 6 1 1 1 11 11 11 6 6 6 6 6 6 11 11 11 11 11 11 11 11 11 11 11 11 11 11 11
6 6 6 4 4 6 1 1 1 11 11 6 6 6 6 6 6 11 11 11 11 11 11 11 11 11 11 11 11 11
6 6 6 4 4 6 1 1 1 11 11 6 6 6 6 6 6 11 11 11 11 11 11 11 11 11 11 11 11 11 11 11 11
6 6 6 4 4 6 1 0 0 11 11 6 6 6 6 11 11 11 11 11 11 11 11 11 11 11 11
6 6 6 4 4 6 1 1 1 11 11 11 11 11 11 11 11 11 11 11 11 11 11 11 11 11 11 11 11 11
6 6 6 4 4 6 1 1 1 11 11 11 11 11 11 11 11 11 11 11 11 11 11 11 11 11 11 11 11 11 11 11 11
6 6 6 4 4 6 1 1 1 11 11 11 11 11 11 11 11 11 11 11 11 11 11 11 11 11 11 11 11 11 11 11 11 11 11 11 11 11 11 11 11 11 11 11 11
6 6 6 4 4 6 1 0 0 11 11 6 6 6 6 6 6 6 6 6 6 11 11 11 11 11 11 11 11 11 11 11 11 11 11 11
6 6 6 4 4 6 1 1 1 11 11 11 11 6 6 6 6 6 6 11 11 11 11 11 11 11 11 11 11 11 11 11 11 11 11 11 11 11 11 11 11 11 11 11 11
6 6 6 4 4 6 1 1 1 11 11 6 6 6 6 6 6 11 11 11 11 11 11 11 11 11 11 11 11 11 11 11 11 11 11 11 11 11 11 11 11 11 11 11 11
6 6 6 4 4 6 1 1 1 11 11 6 6 6 6 6 6 11 11 11 11 11 11 11 11 11 11 11 11 11 11 11 11 11 11 11 11 11 11 11 11 11 11 11
6 6 6 4 4 6 1 1 1 11 11 11 11 11 6 6 6 6 6 6 11 11 11 11 11 11 11 11 11 11 11 11 11 11 11 11 11 11 11 11 11 11 11 11
6 6 6 4 4 6 1 1 1 11 11 11 11 11 6 6 6 6 6 6 11 11 11 11 11 11 11 11 11 11 11 11 11 11 11 11 11 11 11 11
6 6 6 4 4 6 1 1 1 11 11 11 11 11 6 6 6 6 6 6 11 11 11 11 11 11 11 11 11 11 11 11 11 11 11 11 11 11 11 11 11 11 11 11 11 11 11
6 6 6 4 4 6 1 1 1 11 11 11 11 11 6 6 6 6 6 6 11 11 11 11 11 11 11 11 11 11 11 11 11 11 11 11 11 11 11 11 11 11 11
6 6 6 4 4 6 1 1 1 11 11 11 11 11 6 6 6 6 6 6 11 11 1 1 1 1 1 11 11 11 11 11 11 11 11 11 11 11 11 11
6 6 6 4 4 6 1 1 1 6 11 11 6 6 6 6 6 11 11 11 11 11 11 11 11 11 11 11
6 6 6 4 4 6 1 1 1 6 11 11 6 6 6 6 6 11 11 11 11 11 11 11 11 11 11 11
6 6 6 4 4 6 1 1 1 6 11 11 6 6 6 6 6 11 11 11 11 11 11 11 11 11 11 11
6 6 6 4 4 6 1 1 1 6 11 11 6 6 6 6 6 11 11 11 11 11 11 11 11 11 11 11 11 11 11 11 11 11 11 11 11 11 11 11
6 6 6 4 4 6 1 1 1 11 11 11 11 6 9 9 6 6 6 6 9 9 6 6 6 6 6 11 11 11 11 11 11 11 11 11 11 11 11 11 11 11 11 11
6 6 6 4 4 6 1 1 1 11 11 11 11 6 6 9 9 6 6 6 9 9 6 6 6 6 6 11 11 11 11 11 11 11 11 11 11 11 11 11 11 11 11 11
6 6 6 4 4 6 1 1 1 11 11 11 11 6 4 4 6 6 6 1 0 0 6 6 6 6 11 11 11 11 11 11 11 11 11 11 11 11 11 11 11 11 11
6 6 6 4 4 6 1 1 1 11 11 11 11 6 4 4 6 6 6 1 0 0 6 6 6 6 11 11 11 11 11 11 11 11 11 11 11 11 11 11 11 11 11
6 6 6 4 4 6 1 1 1 11 11 11 11 6 4 4 6 6 6 1 0 0 6 6 6 6 11 11 11 11 11 11 11 11 11 11 11 11 11 11 11 11 11 11 11
6 6 6 4 4 6 1 1 1 11 11 11 11 6 4 4 6 6 6 1 0 0 6 6 6 6 11 11 11 11 11 11 11 11 11 11 11 11 11 11 11 11 11 11 11 11 11 11
6 6 6 4 4 6 1 1 1 11 11 11 11 6 4 4 6 6 6 1 0 0 6 6 6 6 11 11 11 11 11 11 11 11 11 11 11 11 11 11 11 11 11 11
6 6 6 4 4 6 1 1 1 11 11 11 11 6 4 4 6 6 6 1 0 0 6 6 6 6 11 11 11 11 11 11 11 11 11 11 11 11 11 11 11 11
6 6 6 4 4 6 1 1 1 11 11 11 11 6 4 4 6 6 6 1 0 0 6 6 6 6 11 11 11 11 11 11 11 11 11 11 11 11 11 11 11 11
6 6 6 4 4 6 1 1 1 11 11 11 11 6 4 4 6 6 6 1 0 0 6 6 6 6 11 11 11 11 11 11 11 11 11 11 11 11 11 11 11 11 11 11 11 11 11 11
6 6 6 4 4 6 1 1 1 11 11 11 11 6 4 4 6 6 6 1 0 0 6 6 6 6 11 11 11 11 11 11 11 11 11 11 11 11 11 11 11 11 11 11 11 11 11 11 11 11 11
6 6 6 4 4 6 1 1 1 11 11 11 11 6 6 6 6 6 6 6 6 6 6 6 6 11 11 11 11 11 11 11 11 11 11 11 11 11 11 11 11
6 6 6 4 4 6 1 1 1 11 11 11 11 6 6 6 6 6 6 6 6 6 6 6 6 11 11 11 11 11 11 11 11 11 11 11 11 11 11 11 11
6 6 6 4 4 6 1 1 1 11 11 11 11 6 6 6 6 6 6 6 6 6 6 6 6 11 11 11 11 11 11 11 11 11 11 11 11 11 11 11 11
6 6 6 4 4 6 1 1 1 11 11 11 11 6 6 6 6 6 6 6 6 6 6 6 6 11 11 11 11 11 11 11 11 11 11 11 11 11 11 11 11 11
6 6 6 4 4 6 1 1 1 11 11 11 11 6 6 6 6 6 6 6 6 6 6 6 6 11 11 11 11 11 11 11 11 11 11 11 11 11 11 11 11 11
6 6 6 4 4 6 1 1 1 11 11 11 11 6 6 6 6 6 6 6 6 6 6 6 6 11 11 11 11 11 11 11 11 11 11 11 11 11 11 11 11 11
6 6 6 4 4 6 1 1 1 11 11 11 6 11 6 6 6 6 6 11 11 11 11 11 11 11 11 11 11 11 11
6 6 6 4 4 6 1 1 1 11 11 11 6 11 6 6 6 6 6 11 11 11 11 11 11 11 11 11 11 11 11
6 6 6 4 4 6 1 1 1 11 11 11 6 11 6 6 6 6 6 11 11 11 11 11 11 11 11 11 11 11 11 11 11
6 6 6 4 4 6 1 1 1 11 11 11 6 11 6 6 6 6 6 11 11 11 11 11 11 11 11 11 11 11 11 11 11 11 11 11 11 11 11
6 6 6 4 4 6 1 1 1 11 11 6 11 6 6 6 6 6 11 11 11 11 11 11 11 11 11 11 11 11 11 11 11 11 11 11 11 11 11 11 11 11 11
6 6 6 4 4 6 1 1 1 11 11 6 11 6 6 6 6 6 11 11 11 11 11 11 11 11 11 11 11 11 11 11 11 11 11 11 11 11 11 11 11 11 11
6 6 6 4 4 6 1 1 1 11 11 6 11 6 6 6 6 6 11 11 11 11 11 11 11 11 11 11 11 11 11 11 11 11 11 11 11 11 11 11 11 11 11
6 6 6 4 4 6 1 1 1 11 11 6 11 6 6 6 6 6 11 11 11 11 11 11 11 11 11 11 11 11 11 11 11 11 11 11 11 11 11 11 11 11 11 11 11 11 11
6 6 6 4 4 6 1 1 1 11 11 6 11 6 6 6 6 6 11 11 11 11 11 11 11 11 11 11 11 11 11 11 11 11 11
6 6 6 4 4 6 1 1 1 11 11 6 11 6 6 6 6 6 11 11 11 11 11 11 11 11 11 11 11 11 11 11 11 11 11
6 6 6 4 4 6 1 1 1 11 11 6 11 6 6 6 6 6 11 11 11 11 11 11 11 11 11 11 11 11 11 11 11 11 11
6 6 6 4 4 6 1 1 1 11 11 6 11 6 6 6 6 6 11 11 11 11 11 11 11 11 11 11 11 11 11 11 11 11 11
6 6 6 4 4 6 1 1 1 11 11 6 11 6 6 6 6 6 11 11 11 11 11 11 11 11 11 11 11 11 11 11 11 11 11 11 11 11 11 11 11 11 11 11 11 11
6 6 6 4 4 6 1 1 1 11 11 6 11 6 6 6 6 6 11 11 11 11 11 11 11 11 11 11 11 11 11 11 11 11 11 11 11 11 11 11 11 11 11 11 11 11
6 6 6 4 4 6 1 1 1 11 11 6 11 6 6 6 6 6 11 11 11 11 11 11 11 11 11 11 11 11 11 11 11 11 11 11 11 11 11 11 11 11 11 11 11 11 11 11 11 11
6 6 6 4 4 6 1 1 1 11 11 6 6 6 6 6 6 11 11 11 11 11 11 11 11 11 11
6 6 6 4 4 6 1 1 1 11 11 6 6 6 6 6 6 11 11 11 11 11 11 11 11 11 11 11 11 11 11 11 11 11 11 11 11 11 11
6 6 6 4 4 6 1 1 1 11 11 6 6 6 6 6 6 11 11 11 11 11 11 11 11 11 11 11 11 11 11 11 11 11 11 11 11 11 11
6 6 6 4 4 6 1 1 1 11 11 6 6 6 6 6 6 11 11 11 11 11 11 11 11 11 11 11 11 11 11 11 11 11 11 11 11 11 11
6 6 6 4 4 6 1 1 1 11 11 6 6 6 6 6 6 11 11 11 11 11 11 11 11 11 11 11 11 11 11 11 11 11 11 11 11 11 11
6 6 6 4 4 6 1 1 1 11 11 6 6 6 6 6 6 11 11 11 11 11 11 11 11 11 11 11 11 11 11 11 11 11 11
6 6 6 4 4 6 1 1 1 11 11 6 6 6 6 6 6 11 11 11 11 11 11 11 11 11 11 11 11 11 11 11 11 11 11
6 6 6 4 4 6 1 1 1 11 11 6 6 6 6 6 6 11 11 11 11 11 11 11 11 11 11 11 11 11 11 11 11 11 11
6 6 6 4 4 6 1 1 1 11 11 6 6 6 6 6 6 11 11 11 11 11 11 11 11 11 11 11 11 11 11 11 11 11 11
6 6 6 4 4 6 1 1 1 11 11 6 6 6 6 6 6 11 11 11 11 11 11 11 11 11 11
6 6 6 4 4 6 1 1 1 11 11 6 6 6 6 6 6 11 11 11 11 11 11 11 11 11 11
6 6 6 4 4 6 1 1 1 11 11 6 6 6 6 6 6 11 11 11 11 11 11 11 11 11 11 11 11 11 11 11 11 11 11 11
6 6 6 4 4 6 1 1 1 11 11 6 6 6 6 6 6 11 11 11 11 11 11 11 11 11 11 11 11 11 11 11 11 11 11 11 11
6 6 6 4 4 6 1 1 1 11 11 6 6 6 6 6 6 6 6 6 6 6 6 11 11 11 11 11 11 11 11 11 11 11 11 11 11
6 6 6 4 4 6 1 1 1 11 11 6 6 6 6 6 6 11 11 11 11 11 11 11 11 11
6 6 6 4 4 6 1 1 1 11 11 6 6 6 9 9 6 6 6 6 6 11 11 11 11 11 11 11 11 11 11 11 11
6 6 6 4 4 6 1 1 1 11 11 6 6 6 6 9 9 6 6 6 6 11 11 11 11 11 11 11 11 11 11 11 11 11 11 11 11
1 1 1 0 6 6 6 6 0 1 0 6 6 6 6 0 0 6 6 6 6 0 11 11 11 11 11 11 11 11 11 11 11 11 11 11 11 11 11 11 11 11
6 6 6 4 4 6 1 1 1 11 11 6 6 6 6 6 6 11 11 11 11 11 11 11 11 11 11 11 11 11
6 6 6 4 4 6 1 1 1 11 11 6 6 6 6 6 6 11 11 11 11 11 11 11 11 11 11 11 11 11 11 11 11 11 11 11 11 11 11 11 11 11 11 11
6 6 6 4 4 6 1 1 1 11 11 6 6 6 6 6 6 11 11 11 11 11 11 11 11 11 11 11 11 11 11 11 11 11 11 11 11 11 11 11
6 6 6 4 4 6 1 1 1 11 11 6 6 6 9 9 6 11 11 6 6 6 6 11 11 11 11 11 11 11 11 11 11 11 11 11 11
6 6 6 4 4 6 1 1 1 11 6 11 11 6 6 6 6 6 11 11 11 11 11 11 11 11 11 11 11 11 11 11 11 11 11 11 11 11 11 11 11 11 11 11 11 11
6 6 6 4 4 6 1 1 1 6 11 11 6 6 6 6 6 11 11 11 11 11 11 11 11 11 11 11 11 11 11 11 11 11 11 11 11 11 11 11 11 11 11 11 11 11 11 11 11
6 6 6 4 4 6 1 1 1 6 11 11 6 6 6 6 6 11 11 11 11 11 11 11 11 11 11 11 11 11 11 11 11 11 11 11 11 11 11 11 11 11 11 11 11 11 11 11 11 11 11 11
6 6 6 6 6 6 11 6 6 6 6 6 6 11 11 11 11 1 11 11 1 1 1 1 11 11 11 11 11 11 11 11 11 11 11 11 11 11 11 11 11 11 11
6 6 6 6 6 6 11 6 6 6 6 6 6 11 11 11 11 1 11 11 1 1 1 1 11 11 11 11 11 11 11 11 11 11 11 11 11 11 11 11 11 11 11 11 11 11 11
6 6 6 6 6 6 11 6 6 6 6 6 6 11 11 11 1 11 1 1 1 1 11 11 11 11 11 11 11 11 11 11 11 11 11
6 6 6 6 6 6 11 6 6 6 6 6 6 11 11 11 11 1 11 11 1 1 1 1 11 11 11 11 11 11 11 11 11 11 11 11 11 11 11 11 11 11 11
6 6 6 6 6 6 11 6 6 6 6 6 6 11 11 11 11 1 1 1 1 1 11 11 11 11 11 11 11 11 11 11 11 11 11 11 11 11 11 11 11 11 11
6 6 6 6 6 6 11 6 6 6 6 6 6 11 11 1 1 1 1 1 1 11 1 1 1 1 11 11 11 11 11 11 11 11 11 11 11 11 11 11 11 11 11 11 11 11 11 11 11 11 11 11 11 11 11 11 11 11
6 6 6 6 6 6 11 6 6 6 6 6 6 11 11 1 1 1 1 1 1 1 1 1 1 11 11 11 11 11 11 11 11 11 11 11 11 11 11 11 11 11 11 11 11 11 11
6 6 6 6 6 6 11 6 6 6 6 6 6 11 11 11 11 1 11 11 1 1 1 1 6 6 6 6 6 6 11 11 11 11 11 11 11 11 11 11 11 11 11 11 11 11 11 11 11 11 11 11 11
6 6 6 6 6 6 11 6 6 6 6 6 6 11 11 11 11 1 11 11 1 1 1 1 11 11 11 11 11 11 11 11 11 11 11 11 11 11 11 11 11 11 11 11 11 11 11 11 11
6 6 6 6 6 6 11 6 6 6 6 6 6 11 11 11 11 11 11 11 11 11 11 11 11 11 11 11 11 11 11 11 11 11 11 11 11 11 11
6 6 6 6 6 6 11 6 6 6 6 9 9 11 11 6 11 11 6 11 11 6 6 11 11 11 11 11 11 11 11 11 11 11 11 11 11 11 11 11 11
6 6 6 6 6 6 11 6 6 6 6 6 6 11 11 11 11 11 11 11 11 11 11 11 11 11 11 11 11 11 11 11 11 11 11 11 11 11 11
6 6 6 6 6 6 11 6 6 6 6 6 6 11 11 11 11 11 11 11 11 11 11 11 11 11 11 11 11 11 11 11 11 11 11 11 11 11 11 11 11 11 11 11 11 11 11
6 6 6 6 6 6 11 6 6 6 6 6 6 11 11 11 11 11 11 11 11 11 11 11 11 11 11 11 11 11 11 11 11 11 11 11 11 11 11 11 11 11 11 11 11 11 11 11 11 11
6 6 6 6 6 6 11 6 6 6 6 6 6 11 11 11 11 11 11 11 11 11 11 11 11 11 11 11 11 11 11 11 11 11 11 11 11 11 11 11 11 11 11 11 11 11 11 11 11 11 11 11 11
6 6 6 6 6 6 11 6 6 6 6 6 6 11 11 11 11 11 11 11 11 11 11 11 11 11 11 11 11 11 11 11 11 11 11 11 11 11 11 11 11 11 11 11 11 11 11 11 11 11 11 11 11 11 11 11
6 6 6 6 6 6 11 6 6 6 6 6 6 11 11 11 11 11 11 11 11 11 11 11 11 11 11 11 11 11 11 11 11 11 11 11 11 11 11 11 11 11 11 11 11 11 11 11 11 11 11 11 11 11 11 11 11 11 11
6 6 6 6 6 6 11 6 6 6 6 6 6 11 11 11 11 11 11 11 11 11 11 11 11 11 11 11 11 11 11 11 11 11 11 11 11 11 11 11 11 11 11 11 11 11 11
6 6 6 6 6 6 11 6 6 6 6 6 6 11 11 11 11 11 11 11 11 11 11 11 11 11 11 11 11 11 11 11 11 11 11 11 11 11 11 11 11 11 11 11 11 11 11 11 11 11 11 11 11
6 6 6 6 6 6 11 6 6 6 6 6 6 11 11 11 11 11 11 11 11 11 11 11 11 11 11 11 11 11 11 11 11 11 11 11 11 11 11 11 11 11 11 11 11 11 11 11 11 11
6 6 6 6 6 6 11 6 6 6 6 6 6 11 11 11 11 11 11 11 11 11 11 11 11 11 11 11 11 11 11 11 11 11 11 11 11 11 11 11 11 11 11 11 11 11 11 11 11 11 11 11 11 11 11 11
6 6 6 6 6 6 11 6 6 6 6 6 6 11 11 11 11 11 11 11 11 11 11 11 11 11 11 11 11 11 11 11 11 11 11 11 11 11 11 11 11 11 11 11 11 11 11 11 11 11 11 11 11 11 11 11 11 11 11
6 6 6 6 6 6 11 6 6 6 6 6 6 11 11 11 11 11 11 11 11 11 11 11 11 11 11 11 11 11 11 11 11 11 11 11 11 11 11 11 11 11 11 11
6 6 6 6 6 6 11 6 6 6 6 6 6 11 11 11 11 11 11 11 11 11 11 11 11 11 11 11 11 11 11 11 11 11 11 11 11 11 11
6 6 9 9 9 6 6 6 6 9 6 6 6 6 11 6 6 6 6 6 6 11 11 11 11 11 11 11 11 11 11 11 11 11 11 11 11 11 11 11 11 11 11 11 11 11 11 11 11 11 11
6 6 9 9 9 6 6 6 6 9 6 6 6 6 11 6 6 6 6 6 6 11 11 11 11 11 11 11 11 11 11 11 11 11 11 11 11 11 11 11 11 11 11 11 11 11 11 11 11
6 6 9 9 9 6 6 6 6 9 6 6 6 6 11 6 6 6 6 6 6 11 11 11 11 11 11 11 11 11 11 11 11 11 11 11 11 11 11 11 11 11 11 11 11 11 11
6 6 9 9 9 6 6 6 6 9 6 6 6 6 6 6 6 6 6 6 11 11 11 11 11 11 11 11 11 11 11 11 11 11 11 11 11 11 11 11 11 11 11 11 11 11 11 11 11 11
6 6 9 9 9 6 6 6 6 9 6 6 6 6 6 6 6 6 6 6 11 11 11 11 11 11 11 11 11 11 11 11 11 11 11 11 11 11 11 11 11 11 11 11 11 11 11 11
6 6 9 9 9 6 6 6 6 9 6 6 6 6 6 6 6 6 6 6 11 11 11 11 11 11 11 11 11 11 11 11 11 11 11 11 11 11 11 11 11 11 11 11 11 11 11 11 11 11 11 11 11 11
6 6 6 9 9 6 6 9 9 6 11 11 6 9 9 6 6 6 6 6 11 11 11 11 11 11 11 11 11 11 11 11 11 11 11
6 6 9 9 4 1 1 1 4 6 6 6 6 11 6 6 6 6 6 6 11 11 11 11 11 11 11 11 11 11 11 11 11 11 11 11 11 11 11 11 11 11 11 11 11 11 11 11 11 11 11
6 6 9 9 4 1 1 1 4 6 6 6 6 11 6 6 6 6 6 6 11 11 11 11 11 11 11 11 11 11 11 11 11 11 11 11 11 11 11 11 11 11 11 11 11 11 11 11 11
6 6 9 9 4 1 1 1 4 6 6 6 6 6 6 6 6 6 6 11 11 11 11 11 11 11 11 11 11 11 11 11 11 11 11 11 11 11 11 11 11 11 11 11 11 11 11 11 11 11
6 6 6 9 9 6 6 6 4 4 11 11 11 1 1 1 11 6 6 6 6 6 6 11 11 11 11 11 11 11 11 11 11 11 11 11 11 11 11 11 11 11 11 11 11 11 11 11 11 11 11
6 6 6 9 9 6 6 6 4 4 11 11 11 1 1 1 11 6 6 6 6 6 6 11 11 11 11 11 11 11 11 11 11 11 11 11 11 11 11 11 11 11 11 11 11 11 11 11 11
6 6 6 9 9 6 6 6 4 4 11 11 1 1 1 11 6 6 6 6 6 6 11 11 11 11 11 11 11 11 11 11 11 11 11 11 11 11 11 11 11 11 11 11 11 11 11 11 11 11
6 6 6 9 9 6 4 4 4 6 11 11 1 1 11 11 11 11 11 11 11 11 11 11 11 11 11 11
6 6 6 8 8 6 5 4 4 5 11 11 2 11 11 11 11 11 11 11 11 11 11 11 11
6 6 6 10 10 6 7 3 7 9 11 11 3 11 11 11 11 11 11 11 11 11 11 11 11 11 11 11 11 11 11
6 6 6 10 10 6 10 9 9 10 11 11 9 9 11 11 11 11 11 11 11 11 11 11 11 11 11
6 6 6 9 9 6 6 9 9 9 11 11 6 6 11 6 11 11 11 11 11 11 11 11 11 11 11 11 11 11
6 6 6 4 4 6 11 11 1 1 1 11 11 11 11 11 11 11 11 11 11 11 11 11 11 11 11 11 11 11 11 11 11 11 11
6 6 6 9 9 6 4 4 6 6 11 11 1 1 1 11 11 11 11 11 11 11 11 11 11
6 6 6 4 4 6 11 11 0 0 1 6 6 6 6 11 11 11 11 11 11 11 11 11 11
6 6 6 9 9 6 6 9 9 6 11 11 9 6 6 9 6 6 6 6 11 11 11 11 11 11 11 11 11 11 11 11 11
6 6 6 9 9 6 6 9 9 6 11 11 9 6 6 9 6 6 6 6 11 11 11 11 11 11 11 11 11 11 11 11 11 11 11 11 11
6 6 6 9 9 6 6 9 9 6 11 11 9 6 6 9 6 6 6 6 11 11 11 11 11 11 11 11 11 11 11 11 11 11 11 11 11
6 6 6 9 9 6 6 9 9 6 11 11 9 6 6 9 6 6 6 6 11 11 11 11 11 11 11 11 11 11 11
6 6 6 9 9 6 6 9 9 6 11 11 9 6 6 9 6 6 6 6 11 11 11 11 11 11 11 11 11 11 11 11 11 11 11
6 6 6 9 9 6 6 9 9 6 11 11 6 9 9 6 6 6 6 6 11 11 11 11 11 11 11 11 11 11 11 11 11
6 6 6 9 9 6 6 9 9 6 11 11 6 9 9 6 6 6 6 6 11 11 11 11 11 11 11 11 11 11 11 11 11 11 11 11 11
6 6 6 9 9 6 6 9 9 6 11 11 6 9 9 6 6 6 6 6 11 11 11 11 11 11 11 11 11 11 11 11 11 11 11 11 11
6 6 6 9 9 6 6 9 9 6 11 11 6 9 9 6 6 6 6 6 11 11 11 11 11 11 11 11 11 11 11 11 11 11 11 11 11
6 6 6 9 9 6 6 9 9 6 11 11 6 9 9 6 6 6 6 6 11 11 11 11 11 11 11 11 11 11 11
6 6 6 6 6 6 6 6 6 6 6 6 11 11 11 11 11 11 11 11 11 11 11 11 11 11 11 11 11 11 11 11 11 11 11 11 11 11 11