9 35 58 60 65 52 325 19 11 22 11 19 5 10 3 54 61 4 3 3 4 2 2 1 1 14 14 14 26 26
9 35 58 60 65 52 325 19 11 22 11 19 5 10 3 54 61 3 4 3 4 2 2 1 1 14 14 14 26 26
9 35 873 874 875 52 325 19 11 22 11 19 5 10 3 743 3 4 3 4 2 2 1 1 247 247 247
9 35 570 1209 571 52 325 19 11 22 11 19 5 10 3 3 1210 1211 1212 1213 4 3 4 2 2 1 1 876 876 94 94 94 877 877
9 35 570 744 571 52 325 19 11 22 11 19 5 10 3 745 267 193 100 430 467 430 100 352 96 96 4 3 3 4 2 2 1 1 122 122 6 4 4 6
9 21 38 1214 746 402 468 19 11 22 11 19 5 10 3 3 1215 1216 878 326 53 34 22 34 53 4 3 4 2 2 1 1 1217 879 17 17 12 3 3 3 12
9 35 570 744 571 52 325 19 11 22 11 19 5 10 3 745 267 193 108 59 22 59 108 3 4 3 4 2 2 1 1 122 122 6 3 3 3 6
9 35 570 744 571 52 325 19 11 22 11 19 5 10 3 745 3 403 216 76 19 268 404 19 11 11 281 624 4 3 4 2 2 1 1 122 122 6 3 4 4 3 3 4
9 21 38 431 746 402 468 19 11 22 11 19 5 10 3 152 3 625 747 97 121 154 248 19 11 11 19 469 4 3 4 2 2 1 1 6 43 4 4 4 3 3 4 4
9 35 570 1218 571 52 325 19 11 22 11 19 5 10 3 1219 880 572 4 3 3 4 2 2 1 1 626 626
9 35 873 874 875 52 325 19 11 22 11 19 5 10 3 743 247 247 247 4 3 3 4 2 2 1 1
9 35 1220 1221 1222 52 325 19 11 22 11 19 5 10 3 1223 172 109 115 627 467 627 115 352 96 96 4 3 3 4 2 2 1 1 66 66 25 4 4 4 4
9 35 58 60 65 52 194 881 882 628 158 19 5 10 4 352 96 96 54 61 43 3 4 2 2 1 1 14 14 14 26 26
9 35 58 60 65 52 102 110 1224 104 76 19 5 10 6 54 61 1225 1226 629 16 3 4 2 2 1 1 14 14 14 26 26
9 35 58 60 65 52 194 327 573 1227 513 121 5 10 1228 54 61 282 96 96 514 515 574 515 514 43 4 4 2 2 1 1 14 14 14 26 26 220 220 46 46 41 41 46 46 220 220
9 35 58 60 65 52 102 1229 883 884 76 19 5 10 6 54 61 885 748 16 3 4 2 2 1 1 14 14 14 26 26
9 35 58 60 65 52 102 110 112 104 76 19 5 10 6 54 61 116 886 887 630 630 16 3 4 2 2 1 1 14 14 14 26 26 166 166 166 166 166 166
9 35 58 60 65 52 102 888 889 226 76 19 5 10 6 54 61 890 891 892 631 631 16 3 4 2 2 1 1 14 14 14 26 26 893 13 13 13 13 13 13
9 35 58 60 65 52 325 121 149 1230 149 121 5 10 1231 54 61 514 515 574 515 514 4 4 4 4 2 2 1 1 14 14 14 26 26 220 220 46 46 41 41 46 46 220 220
9 35 58 60 65 52 194 749 894 750 751 121 5 10 54 61 432 47 287 433 53 34 22 34 53 282 96 96 43 4 4 2 2 1 1 14 14 14 26 26 13 13 13 32 32 12 3 3 3 12
9 35 58 60 65 52 194 749 894 750 751 121 5 10 54 61 432 47 287 433 53 34 22 34 53 282 43 4 4 2 2 1 1 14 14 14 26 26 13 13 13 32 32 12 3 3 3 12 96 96
9 35 58 60 65 52 194 749 1232 750 751 121 5 10 54 61 1233 1234 433 53 34 22 34 53 282 96 96 575 632 43 4 4 2 2 1 1 14 14 14 26 26 32 32 12 3 3 3 12 14 14 14 377 377
9 35 58 60 65 52 1235 1236 1237 1238 1239 121 5 10 54 61 895 1240 96 96 633 53 34 22 34 53 55 4 4 2 2 1 1 14 14 14 26 26 69 69 12 3 3 3 12
1241 1242 1243 60 1244 1245 325 19 11 22 11 19 3 54 61 1246 1247 516 516 752 1248 1249 516 516 752 4 3 3 4 14 14 14 26 26 1250 14 14 14 517 14 14 14
9 35 58 60 65 52 102 110 112 104 76 19 5 10 6 54 61 116 180 195 201 240 202 217 227 228 229 53 34 22 34 53 230 16 3 4 2 2 1 1 14 14 14 26 26 91 91 77 77 113 113 84 84 84 12 3 3 3 12
9 35 58 60 65 52 194 634 753 249 158 19 5 10 4 54 61 1251 1252 1253 1254 1255 1256 378 53 34 22 34 53 43 3 4 2 2 1 1 14 14 14 26 26 518 98 98 12 3 3 3 12
9 35 58 60 65 52 194 634 753 249 158 19 5 10 4 54 61 896 1257 896 635 635 1258 249 11 22 11 249 43 3 4 2 2 1 1 14 14 14 26 26 83 4 3 3 3 4
9 35 58 60 65 52 194 634 753 249 158 19 5 10 4 54 61 1259 1260 1261 1262 1263 43 3 4 2 2 1 1 14 14 14 26 26 1264 1265
9 35 58 60 65 52 194 1266 1267 1268 158 19 5 10 4 54 61 1269 1270 1271 1272 1273 1274 240 53 34 22 34 53 43 3 4 2 2 1 1 14 14 14 26 26 106 106 328 328 91 91 12 3 3 3 12
9 35 58 60 65 52 194 625 747 283 158 19 5 10 4 54 61 97 97 4 754 283 11 22 11 283 43 3 4 2 2 1 1 14 14 14 26 26 4 4 3 3 3 4
9 35 58 60 65 52 194 625 747 283 158 19 5 10 4 54 61 97 97 4 755 434 39 49 39 434 18 7 44 7 18 7 43 3 4 2 2 1 1 14 14 14 26 26 4 16 16 0 0 0 0 0 0 0 0 0
9 35 58 60 65 52 194 576 250 70 158 19 5 10 4 54 61 78 181 326 53 34 22 34 53 43 3 4 2 2 1 1 14 14 14 26 26 25 17 17 12 3 3 3 12
9 35 58 60 65 52 194 756 379 105 158 19 5 10 4 54 61 145 287 470 114 72 49 72 114 47 18 7 44 7 18 7 43 3 4 2 2 1 1 14 14 14 26 26 32 32 27 27 13 13 13 0 0 0 0 0 0 0 0 0
9 35 58 60 65 52 194 327 471 472 473 121 5 10 241 54 61 181 326 53 34 22 34 53 282 96 96 43 4 4 2 2 1 1 25 14 14 14 26 26 17 17 12 3 3 3 12
9 35 58 60 65 52 194 327 573 636 513 121 5 10 432 54 61 287 433 53 34 22 34 53 282 96 96 47 43 4 4 2 2 1 1 14 14 14 26 26 32 32 12 3 3 3 12 13 13 13
9 35 58 60 65 52 194 881 882 628 158 19 5 10 4 54 61 352 96 96 43 3 4 2 2 1 1 14 14 14 26 26
9 35 58 60 65 52 194 327 471 472 473 121 5 10 241 54 61 181 326 182 637 577 637 182 282 96 96 474 475 476 43 4 4 2 2 1 1 25 14 14 14 26 26 17 17 12 4 4 12 477
9 35 58 60 65 52 194 327 573 636 513 121 5 10 432 54 61 287 433 182 637 577 637 182 282 96 96 474 475 476 47 43 4 4 2 2 1 1 14 14 14 26 26 32 32 12 4 4 12 477 13 13 13
9 35 58 60 65 52 194 327 573 636 513 121 5 10 432 54 61 287 433 182 235 173 235 182 282 96 96 757 146 47 758 759 43 4 4 2 2 1 1 14 14 14 26 26 32 32 12 4 4 12 13 13 13 760 183 183 183
9 35 58 60 65 52 194 327 573 636 513 121 5 10 432 54 61 287 433 182 897 1275 897 182 282 96 96 1276 47 1277 1278 1279 1280 898 898 43 4 4 2 2 1 1 14 14 14 26 26 32 32 12 4 4 12 13 13 13 899 899 519 519 519 519 519 519
9 35 58 60 65 52 194 327 471 472 473 121 5 10 241 54 61 181 326 380 900 1281 900 380 282 96 96 1282 901 902 902 901 43 4 4 2 2 1 1 25 14 14 14 26 26 17 17 12 12 12 12 1283 435 435 435 435
9 35 58 60 65 52 194 327 471 472 473 121 5 10 241 54 61 181 326 182 235 903 235 182 282 96 96 904 905 906 43 4 4 2 2 1 1 25 14 14 14 26 26 17 17 12 4 4 12 638 638
9 35 58 60 65 52 194 327 471 472 473 121 5 10 241 54 61 181 326 182 235 173 235 182 282 96 96 757 146 758 759 43 4 4 2 2 1 1 25 14 14 14 26 26 17 17 12 4 4 12 760 183 183 183
9 35 58 60 65 52 194 327 471 472 473 121 5 10 241 54 61 181 326 182 235 761 235 182 282 96 96 1284 578 1285 907 907 515 574 515 43 4 4 2 2 1 1 25 14 14 14 26 26 17 17 12 4 4 12 220 220 220 220 46 46 41 41 46 46
9 35 58 60 65 52 194 327 471 472 473 121 5 10 241 54 61 181 326 182 235 761 235 182 282 96 96 908 578 909 639 639 43 4 4 2 2 1 1 25 14 14 14 26 26 17 17 12 4 4 12 13 13 13 13 13 13
9 35 58 60 65 52 102 110 112 104 76 19 5 10 6 54 61 116 886 887 630 630 16 3 4 2 2 1 1 14 14 14 26 26 166 166 166 166 166 166
9 35 58 60 65 52 102 888 889 226 76 19 5 10 6 54 61 890 891 892 631 631 16 3 4 2 2 1 1 14 14 14 26 26 893 13 13 13 13 13 13
9 35 58 60 65 52 102 110 112 104 76 19 5 10 6 54 61 1286 1287 1288 1289 16 3 4 2 2 1 1 14 14 14 26 26 1290 84 84 84
9 35 58 60 65 52 102 110 112 104 76 19 5 10 6 54 61 116 579 1291 580 1292 640 16 3 4 2 2 1 1 14 14 14 26 26 166 166 166 436 436 14 14 14
9 35 58 60 65 52 102 110 112 104 76 19 5 10 6 54 61 116 579 1293 580 1294 910 762 16 3 4 2 2 1 1 14 14 14 26 26 166 166 166 251 251 520 520 103 103 103
9 35 58 60 65 52 102 110 112 104 76 19 5 10 6 54 61 116 1295 1296 1297 1298 240 53 34 22 34 53 16 3 4 2 2 1 1 14 14 14 26 26 166 166 166 91 91 12 3 3 3 12
9 35 58 60 65 52 102 110 112 104 76 19 5 10 6 54 61 116 579 1299 580 1300 1301 1302 911 911 912 912 16 3 4 2 2 1 1 14 14 14 26 26 166 166 166 328 328 123 123 641 641 641 641 14 14 14 14 14 14
9 35 58 60 65 52 102 110 112 104 76 19 5 10 6 54 61 116 353 1303 763 763 640 640 16 3 4 2 2 1 1 14 14 14 26 26 436 436 436 436 14 14 14 14 14 14
9 35 58 60 65 52 102 110 112 104 76 19 5 10 6 54 61 116 1304 1305 913 913 405 405 405 405 405 405 16 3 4 2 2 1 1 14 14 14 26 26 184 184 184 184 184 184 184 184 184 184 184 184 184 184 184 184 184 184
9 35 58 60 65 52 102 110 112 104 76 19 5 10 6 54 61 116 353 764 642 914 914 642 16 3 4 2 2 1 1 14 14 14 26 26 251 251 46 46 46 46 251 251
9 35 58 60 65 52 102 110 112 104 76 19 5 10 6 54 61 116 353 764 642 915 642 915 574 16 3 4 2 2 1 1 14 14 14 26 26 251 251 46 46 251 251 46 46 41 41
9 35 58 60 65 52 102 110 112 104 76 19 5 10 6 54 61 116 353 1306 916 917 916 917 1307 1308 16 3 4 2 2 1 1 14 14 14 26 26 328 328 123 123 328 328 123 123 521 521 521
9 35 58 60 65 52 102 110 112 104 76 19 5 10 6 54 61 116 353 764 918 919 918 919 1309 1310 16 3 4 2 2 1 1 14 14 14 26 26 251 251 643 643 251 251 643 643 1311 1312
9 35 58 60 65 52 102 110 112 104 76 19 5 10 6 54 61 116 353 765 644 920 644 920 1313 16 3 4 2 2 1 1 14 14 14 26 26 77 77 437 437 77 77 437 437
9 35 58 60 65 52 102 110 112 104 76 19 5 10 6 54 61 116 579 1314 580 1315 406 407 16 3 4 2 2 1 1 14 14 14 26 26 166 166 166 77 77 252 252 381
9 35 58 60 65 52 102 110 112 104 76 19 5 10 6 54 61 116 353 1316 763 581 406 407 640 16 3 4 2 2 1 1 14 14 14 26 26 436 436 77 77 252 252 381 14 14 14
9 35 58 60 65 52 102 110 112 104 76 19 5 10 6 54 61 116 353 1317 1318 581 406 407 910 762 16 3 4 2 2 1 1 14 14 14 26 26 251 251 77 77 252 252 381 520 520 103 103 103
9 35 58 60 65 52 102 110 112 104 76 19 5 10 6 54 61 116 1319 1320 1321 1322 406 407 405 405 405 16 3 4 2 2 1 1 14 14 14 26 26 77 77 252 252 381 184 184 184 184 184 184 184 184 184
9 35 58 60 65 52 102 110 112 104 76 19 5 10 6 54 61 116 180 195 201 1323 406 407 240 53 34 22 34 53 16 3 4 2 2 1 1 14 14 14 26 26 91 91 77 77 252 252 381 12 3 3 3 12
9 35 58 60 65 52 102 110 112 104 76 19 5 10 6 54 61 116 353 765 581 581 406 407 406 407 16 3 4 2 2 1 1 14 14 14 26 26 77 77 77 77 252 252 381 252 252 381
9 35 58 60 65 52 102 110 112 104 76 19 5 10 6 54 61 116 353 765 644 644 921 922 921 922 923 923 16 3 4 2 2 1 1 14 14 14 26 26 77 77 77 77 437 437 437 437 522 522 522 522 522 522
9 35 58 60 65 52 102 110 112 104 76 19 5 10 6 54 61 116 579 1324 580 1325 1326 924 925 925 924 16 3 4 2 2 1 1 14 14 14 26 26 166 166 166 926 926 1327 435 435 435 435
9 35 58 60 65 52 102 110 112 104 76 19 5 10 6 54 61 116 180 1328 1329 1330 1331 1332 927 645 34 34 928 16 3 4 2 2 1 1 14 14 14 26 26 328 328 33 33 91 91 12 3 3 12
9 35 58 60 65 52 102 110 112 104 76 19 5 10 6 54 61 116 180 195 201 202 240 53 34 22 34 53 217 227 228 230 229 16 3 4 2 2 1 1 14 14 14 26 26 91 91 77 77 12 3 3 3 12 113 113 84 84 84
9 35 58 60 65 52 102 110 112 104 76 19 5 10 6 54 61 116 180 195 201 227 228 1333 203 329 218 354 114 202 217 230 229 18 7 18 7 16 3 4 2 2 1 1 14 14 14 26 26 91 91 12 6 27 77 77 113 113 84 84 84 0 0 0 0 0 0
9 35 58 60 65 52 102 110 112 104 76 19 5 10 6 54 61 116 180 195 201 227 228 929 253 269 231 269 253 202 217 230 229 37 7 37 7 16 3 4 2 2 1 1 14 14 14 26 26 91 91 27 83 27 77 77 113 113 84 84 84 0 0 0 0 0 0
9 35 58 60 65 52 102 110 112 104 76 19 5 10 6 54 61 116 180 195 201 227 228 929 114 72 49 72 114 202 217 230 229 18 7 18 7 44 7 16 3 4 2 2 1 1 14 14 14 26 26 91 91 27 27 77 77 113 113 84 84 84 0 0 0 0 0 0 0 0 0
9 35 58 60 65 52 102 110 112 104 76 19 5 10 6 54 61 116 180 195 201 227 228 240 53 34 22 34 53 202 217 230 229 12 16 3 4 2 2 1 1 14 14 14 26 26 91 91 3 3 3 12 77 77 113 113 84 84 84
9 35 58 60 65 52 102 110 112 104 76 19 5 10 6 54 61 116 180 195 201 227 228 240 53 34 22 34 53 202 217 230 229 3 16 3 4 2 2 1 1 14 14 14 26 26 91 91 12 3 3 12 77 77 113 113 84 84 84
9 35 58 60 65 52 102 110 112 104 76 19 5 10 6 54 61 116 180 195 201 227 228 240 53 34 22 34 53 202 217 230 229 3 16 3 4 2 2 1 1 14 14 14 26 26 91 91 12 3 3 12 77 77 113 113 84 84 84
9 35 58 60 65 52 102 110 112 104 76 19 5 10 6 54 61 116 180 195 201 227 228 240 53 34 22 34 53 202 217 230 229 12 16 3 4 2 2 1 1 14 14 14 26 26 91 91 3 3 3 12 77 77 113 113 84 84 84
9 35 58 60 65 52 102 110 112 104 76 19 5 10 6 54 61 116 180 195 201 227 228 240 53 34 22 34 53 202 217 230 229 3 16 3 4 2 2 1 1 14 14 14 26 26 91 91 12 3 3 12 77 77 113 113 84 84 84
9 35 58 60 65 52 102 110 112 104 76 19 5 10 6 54 61 116 180 195 201 227 228 240 53 34 22 34 53 202 217 230 229 3 16 3 4 2 2 1 1 14 14 14 26 26 91 91 12 3 3 12 77 77 113 113 84 84 84
9 35 58 60 65 52 102 110 112 104 76 19 5 10 6 54 61 116 180 195 927 227 228 1334 1335 930 34 34 928 202 217 230 229 270 16 3 4 2 2 1 1 14 14 14 26 26 91 91 12 3 3 12 77 77 113 113 84 84 84 8 8 8
9 35 58 60 65 52 102 110 112 104 76 19 5 10 6 54 61 116 180 195 201 227 228 1336 646 523 408 478 53 202 217 230 229 176 16 3 4 2 2 1 1 14 14 14 26 26 91 91 438 12 3 12 77 77 113 113 84 84 84 8 8 8
9 35 58 60 65 52 102 110 112 104 76 19 5 10 6 54 61 116 180 195 201 227 228 240 380 582 583 582 380 202 217 230 229 176 16 3 4 2 2 1 1 14 14 14 26 26 91 91 12 12 12 12 77 77 113 113 84 84 84 8 8 8
9 35 58 60 65 52 102 110 112 104 76 19 5 10 6 54 61 116 180 195 201 227 228 240 380 582 583 582 380 202 217 230 229 176 8 8 8 16 3 4 2 2 1 1 14 14 14 26 26 91 91 12 12 12 12 77 77 113 113 84 84 84
9 35 58 60 65 52 102 110 112 104 76 19 5 10 6 54 61 116 180 195 201 227 228 931 1337 932 628 316 53 202 217 230 229 352 96 96 16 3 4 2 2 1 1 14 14 14 26 26 91 91 55 4 3 12 77 77 113 113 84 84 84
9 35 58 60 65 52 102 110 112 104 76 19 5 10 6 54 61 116 180 195 1338 227 228 1339 647 317 19 316 318 202 217 230 229 188 11 11 19 16 3 4 2 2 1 1 14 14 14 26 26 91 91 4 3 12 77 77 113 113 84 84 84 4 3 3 4
9 35 58 60 65 52 102 110 112 104 76 19 5 10 6 54 61 116 180 195 201 227 228 766 767 154 584 182 931 202 217 230 229 19 11 11 19 16 3 4 2 2 1 1 14 14 14 26 26 91 91 55 4 12 77 77 113 113 84 84 84 4 3 3 4
9 35 58 60 65 52 102 110 112 104 76 19 5 10 6 54 61 116 180 195 201 227 228 1340 933 768 934 768 933 202 217 230 229 16 3 4 2 2 1 1 14 14 14 26 26 91 91 769 439 439 769 77 77 113 113 84 84 84
9 35 58 60 65 52 102 110 112 104 76 19 5 10 6 54 61 116 180 195 201 227 228 240 182 935 467 935 182 202 217 230 229 352 96 96 16 3 4 2 2 1 1 14 14 14 26 26 91 91 12 4 4 12 77 77 113 113 84 84 84
9 35 58 60 65 52 102 110 112 104 76 19 5 10 6 54 61 116 180 1341 201 1342 1343 240 53 34 22 34 53 1344 1345 16 3 4 2 2 1 1 14 14 14 26 26 91 91 936 936 381 12 3 3 3 12 251 251 648 648
9 35 58 60 65 52 102 110 112 104 76 19 5 10 6 54 61 116 353 1346 581 406 407 132 34 22 34 132 319 1347 1348 16 3 4 2 2 1 1 14 14 14 26 26 77 77 252 252 381 12 3 3 3 12 328 328 33 33
9 35 58 60 65 52 102 110 112 104 76 19 5 10 6 54 61 116 1349 1350 1351 1352 406 407 1353 937 34 22 34 937 1354 16 3 4 2 2 1 1 14 14 14 26 26 1355 77 77 252 252 381 12 3 3 3 12 409 409 409
9 35 58 60 65 52 102 110 112 104 76 19 5 10 6 54 61 116 180 195 201 1356 1357 240 53 34 22 34 53 202 217 1358 1359 1360 16 3 4 2 2 1 1 14 14 14 26 26 91 91 12 3 3 3 12 77 77 113 113 938 938 14 14 14
9 35 58 60 65 52 102 110 112 104 76 19 5 10 6 54 61 116 180 195 201 1361 1362 240 53 34 22 34 53 202 217 1363 1364 939 939 16 3 4 2 2 1 1 14 14 14 26 26 91 91 12 3 3 3 12 77 77 113 113 1365 167 167 167 167 167 167
9 35 58 60 65 52 102 110 112 104 76 19 5 10 6 54 61 116 180 195 201 1366 1367 240 53 34 22 34 53 202 1368 330 524 382 11 22 11 382 16 3 4 2 2 1 1 14 14 14 26 26 91 91 12 3 3 3 12 77 77 113 113 4 3 3 3 4
9 35 58 60 65 52 102 110 112 104 76 19 5 10 6 54 61 116 180 195 201 227 228 240 203 196 254 196 203 202 217 230 229 37 7 16 3 4 2 2 1 1 14 14 14 26 26 91 91 12 6 6 12 77 77 113 113 84 84 84 0 0 0
159 160 161 162 189 163 355 40 164 383 356 577 356 383 86 86 474 475 476 1 1 2 2 4 4 4 4 24 24 24 24 24 24 477
159 160 161 162 189 163 355 40 164 221 11 22 11 221 86 86 3 3 1 1 2 2 4 3 4 24 24 24 24 24 24
159 160 161 162 1369 163 1370 40 164 940 479 478 479 940 86 86 255 255 1 1 2 2 12 3 12 24 24 24 24 24 24 8 8 8 8 8 8
159 160 161 162 1371 163 1372 40 164 188 158 19 197 941 86 86 19 11 11 168 1 1 2 2 4 3 4 24 24 24 24 24 24 4 3 3 4
159 160 161 162 189 163 649 40 164 770 942 132 316 221 86 86 357 357 384 132 34 22 34 132 12 3 271 271 1 1 2 2 55 12 3 4 24 24 24 24 24 24 71 71 71 71 3 3 12 46 46 46 46
159 160 161 162 189 163 355 40 164 385 331 384 331 385 86 86 357 271 271 357 384 132 34 22 34 132 12 3 1 1 2 2 4 12 12 4 24 24 24 24 24 24 71 71 46 46 46 46 71 71 3 3 12
159 160 161 162 189 163 650 40 164 525 410 108 76 221 86 86 299 299 651 100 430 467 430 100 352 943 943 1373 1 1 2 2 16 6 3 4 24 24 24 24 24 24 6 4 4 6 96 96 153 153 153 153 944 944
159 160 161 162 189 163 650 40 164 525 411 108 76 221 86 86 204 945 440 1374 932 628 316 480 352 1 1 2 2 16 6 3 4 24 24 24 24 24 24 62 62 55 4 3 12 96 96
159 160 161 162 189 163 650 40 164 525 410 108 76 221 86 86 946 946 651 100 430 467 430 100 352 947 947 1 1 2 2 16 6 3 4 24 24 24 24 24 24 6 4 4 6 96 96 652 652 652 652
159 160 161 162 189 163 355 40 164 385 331 319 331 385 86 86 771 1375 1376 948 949 173 235 585 583 585 235 176 8 8 8 1 1 2 2 4 12 12 4 24 24 24 24 24 24 33 33 441 441 146 4 12 12 4
159 160 161 162 189 163 650 40 164 1377 883 884 76 221 86 86 885 748 1 1 2 2 16 6 3 4 24 24 24 24 24 24
159 160 161 162 189 163 355 40 164 412 100 193 100 412 86 86 772 773 774 950 951 1378 413 408 316 283 775 176 8 8 8 1 1 2 2 4 6 6 4 24 24 24 24 24 24 442 442 146 55 12 3 4
159 160 161 162 189 163 355 40 164 412 100 651 100 412 86 86 1379 1380 646 523 408 478 53 176 8 8 8 6 952 653 653 1381 1382 1383 1 1 2 2 4 6 4 24 24 24 24 24 24 953 438 12 3 12 113 113 954 954
159 160 161 162 189 163 355 40 164 385 331 384 331 385 86 86 384 132 34 22 34 132 357 271 271 357 1 1 2 2 4 12 12 4 24 24 24 24 24 24 12 3 3 3 12 71 71 46 46 46 46 71 71
159 160 161 162 189 163 649 40 164 770 1384 132 316 221 86 86 319 132 34 22 34 132 332 332 1 1 2 2 55 12 3 4 24 24 24 24 24 24 12 3 3 3 12 33 33 33 33
159 160 161 162 189 163 355 40 164 385 331 319 331 385 86 86 319 132 34 22 34 132 332 332 1 1 2 2 4 12 12 4 24 24 24 24 24 24 12 3 3 3 12 33 33 33 33
159 160 161 162 189 163 649 40 164 770 942 132 316 221 86 86 651 108 59 22 59 108 299 333 955 1385 357 1 1 2 2 55 12 3 4 24 24 24 24 24 24 6 3 3 3 6 153 153 190 190 46 46 71 71
159 160 161 162 189 163 355 40 164 383 627 467 627 383 86 86 352 1 1 2 2 4 4 4 4 24 24 24 24 24 24 96 96
159 160 161 162 189 163 355 40 164 412 100 193 100 412 86 86 772 773 774 950 173 283 11 22 11 283 775 6 1 1 2 2 4 6 4 24 24 24 24 24 24 442 442 146 4 3 3 3 4
159 160 161 162 189 163 649 40 164 1386 358 53 316 221 86 86 878 1387 879 1388 173 283 11 22 11 283 1 1 2 2 55 12 3 4 24 24 24 24 24 24 17 17 146 4 3 3 3 4
159 160 161 162 189 163 776 40 164 242 39 49 39 242 86 86 18 7 44 7 18 7 1 1 2 2 16 16 24 24 24 24 24 24 0 0 0 0 0 0 0 0 0
159 160 161 162 189 163 355 40 164 385 956 1389 956 385 86 86 1390 1391 1392 357 384 132 34 22 34 132 1393 1394 1 1 2 2 4 12 12 4 24 24 24 24 24 24 1395 957 957 46 46 71 71 12 3 3 3 12
159 160 161 162 189 163 1396 40 164 958 959 1397 959 958 86 86 176 8 8 8 176 8 8 8 1 1 2 2 55 438 55 24 24 24 24 24 24
159 160 161 162 777 163 1398 40 164 778 124 57 126 960 86 86 73 7 37 7 1 1 2 2 16 6 6 24 24 24 24 24 24 0 0 0 0 0 0
159 160 161 162 777 163 1399 40 164 300 301 443 654 1400 86 86 655 7 44 7 18 7 1 1 2 2 4 6 24 24 24 24 24 24 0 0 0 0 0 0 0 0 0
159 160 161 162 777 163 1401 40 164 300 100 302 359 1402 86 86 73 7 37 7 1 1 2 2 4 6 83 24 24 24 24 24 24 0 0 0 0 0 0
159 160 161 162 189 163 776 40 164 525 236 231 236 525 86 86 37 7 37 7 1 1 2 2 16 83 16 24 24 24 24 24 24 0 0 0 0 0 0
159 160 161 162 189 163 776 40 164 242 39 49 39 242 86 86 18 7 18 7 44 7 1 1 2 2 16 16 24 24 24 24 24 24 0 0 0 0 0 0 0 0 0
159 160 161 162 189 163 779 40 164 656 248 154 121 383 86 86 19 11 11 19 3 1 1 2 2 43 4 4 24 24 24 24 24 24 4 3 4
159 160 161 162 189 163 779 40 164 656 248 154 121 383 86 86 19 11 11 19 3 4 1 1 2 2 43 4 4 24 24 24 24 24 24 4 3
159 160 161 162 189 163 779 40 164 656 248 154 121 383 86 86 19 11 11 19 4 3 1 1 2 2 43 4 4 24 24 24 24 24 24 4 3
9 35 58 780 781 52 961 962 657 191 100 963 5 10 481 482 37 7 27 6 4 2 2 1 1 33 33 106 106 0 0 0
9 35 58 780 781 52 1403 1404 1405 1406 964 1407 5 10 481 482 270 270 438 55 2 2 1 1 33 33 106 106 8 8 8 8 8 8
9 35 58 780 781 52 961 586 360 34 11 188 5 10 481 482 3 12 3 4 2 2 1 1 33 33 106 106
9 21 38 431 526 402 527 197 19 11 11 168 5 10 256 152 3 4 3 4 2 2 1 1 4 6
9 21 38 431 526 402 527 1408 1409 413 585 1410 5 10 256 152 176 55 12 4 2 2 1 1 4 6 8 8 8
9 15 20 232 528 28 965 1411 1412 966 967 271 271 587 10 5 968 71 71 46 46 46 46 71 71 1 1 2 2 247 247 247
9 15 20 232 528 28 303 1413 1414 966 967 271 271 587 10 5 1415 54 71 71 46 46 46 46 71 71 1 1 2 2 26 26 14 14 14
9 15 20 1416 528 28 1417 1418 1419 1420 1421 271 271 587 10 5 1422 1423 71 71 46 46 46 46 71 71 1 1 2 2 0 0 0
9 15 20 588 528 28 414 1424 1425 1426 1427 271 271 587 10 5 782 249 11 22 11 249 71 71 46 46 46 46 71 71 1 1 2 2 4 3 3 3 4
9 15 20 36 528 28 31 483 1428 1429 1430 271 271 587 10 5 23 71 71 46 46 46 46 71 71 1 1 2 2
9 15 20 232 334 28 335 484 444 10 5 485 486 445 487 288 386 53 34 22 34 53 1 1 2 2 304 304 123 123 33 33 63 63 12 3 3 3 12
9 15 20 232 334 28 335 484 444 10 5 485 486 445 487 288 387 114 72 49 72 114 18 7 44 7 18 7 1 1 2 2 304 304 123 123 33 33 63 63 27 27 0 0 0 0 0 0 0 0 0
9 15 20 232 334 28 335 484 444 10 5 485 486 445 487 288 387 253 269 231 269 253 37 7 37 7 1 1 2 2 304 304 123 123 33 33 63 63 27 83 27 0 0 0 0 0 0
9 15 20 232 334 28 335 484 444 10 5 485 486 445 487 288 386 53 34 22 34 53 12 3 1 1 2 2 304 304 123 123 33 33 63 63 12 3 3
9 15 20 232 334 28 335 484 444 10 5 485 486 445 487 288 386 53 34 22 34 53 3 3 1 1 2 2 304 304 123 123 33 33 63 63 12 3 12
9 15 20 232 334 28 335 484 444 10 5 485 486 445 487 288 386 53 34 22 34 53 12 12 1 1 2 2 304 304 123 123 33 33 63 63 3 3 3
9 15 20 232 334 28 335 484 444 10 5 485 486 445 487 288 386 182 235 173 235 182 205 146 243 257 244 258 198 199 259 206 156 157 1 1 2 2 304 304 123 123 33 33 63 63 12 4 4 12 192 245 147 147 95 118 118 95
29 15 74 89 81 75 92 127 272 128 284 174 138 149 97 173 97 149 30 5 205 146 243 257 244 199 198 258 259 206 157 156 47 93 67 67 4 4 4 4 1 1 2 2 192 245 95 147 147 118 118 95 13 13 13
29 15 74 89 81 75 92 127 272 128 284 174 138 149 97 173 97 149 30 5 205 146 243 257 244 199 198 258 259 206 157 156 47 4 4 93 67 67 4 4 1 1 2 2 192 245 95 147 147 118 118 95 13 13 13
29 15 74 89 81 75 92 127 273 128 274 172 109 115 97 173 97 115 30 5 205 146 529 530 531 199 198 532 533 157 156 93 66 66 25 4 4 4 4 1 1 2 2 192 534 95 336 336 95
29 15 74 89 81 75 92 127 272 128 284 174 138 149 97 173 97 149 30 5 205 146 243 257 244 199 198 258 259 206 157 156 47 4 4 93 67 67 4 4 1 1 2 2 192 245 95 147 147 118 118 95 13 13 13
29 15 74 89 81 75 92 127 272 128 284 174 138 149 97 173 97 149 30 5 205 146 243 257 244 199 198 258 259 206 157 156 47 4 93 67 67 4 4 4 1 1 2 2 192 245 95 147 147 118 118 95 13 13 13
29 15 74 89 81 75 92 127 272 128 284 174 138 149 97 173 97 149 30 5 205 146 243 257 244 199 198 258 259 206 157 156 47 4 93 67 67 4 4 4 1 1 2 2 192 245 95 147 147 118 118 95 13 13 13
29 15 74 89 81 75 92 127 272 128 284 174 138 149 97 173 97 149 30 5 205 146 243 257 244 199 198 258 259 206 157 156 47 93 67 67 4 4 4 4 1 1 2 2 192 245 95 147 147 118 118 95 13 13 13
29 15 74 89 81 75 92 127 272 128 284 174 138 149 97 173 97 149 30 5 205 146 243 1431 244 199 198 47 1432 1433 1434 1435 1436 93 67 67 4 4 4 4 1 1 2 2 192 245 95 13 13 13 969 969 41 41 46 46 970 970 971 971
29 15 74 89 81 75 92 127 272 128 284 174 138 149 356 577 356 149 30 5 474 475 476 47 93 67 67 4 4 4 4 1 1 2 2 477 13 13 13
29 15 74 89 81 75 92 127 272 128 284 174 138 149 97 173 97 149 30 5 205 146 243 257 244 199 198 258 259 206 157 156 47 4 93 67 67 4 4 4 1 1 2 2 192 245 95 147 147 118 118 95 13 13 13
29 15 74 89 81 75 92 127 272 128 284 174 138 149 97 173 97 149 30 5 205 146 243 257 244 199 198 258 259 206 157 156 47 4 4 93 67 67 4 4 1 1 2 2 192 245 95 147 147 118 118 95 13 13 13
29 15 74 89 81 75 92 127 272 128 284 1437 1438 972 973 1439 973 972 30 5 474 475 476 47 255 255 93 67 67 55 55 1 1 2 2 477 13 13 13 8 8 8 8 8 8
29 15 74 89 81 75 92 127 272 128 284 1440 1441 1442 97 951 1443 1444 30 5 205 146 243 257 244 199 198 258 259 206 157 156 47 255 8 8 8 93 67 67 4 4 55 1 1 2 2 192 245 95 147 147 118 118 95 13 13 13
29 15 74 89 81 75 92 127 272 128 284 589 590 1445 97 1446 1447 974 30 5 205 146 243 257 244 199 198 258 259 206 157 156 47 73 7 93 67 67 4 4 16 1 1 2 2 192 245 95 147 147 118 118 95 13 13 13 0 0 0
29 15 74 89 81 75 92 127 272 128 1448 1449 975 149 97 173 97 149 30 5 205 146 243 257 244 199 198 258 259 206 157 156 632 575 93 67 67 4 4 4 4 1 1 2 2 192 245 95 147 147 118 118 95 377 377 14 14 14
29 15 74 89 81 75 92 127 273 128 274 172 109 115 97 903 97 115 30 5 904 905 906 93 66 66 25 4 4 4 4 1 1 2 2 638 638
29 15 74 89 81 75 92 127 272 128 284 174 138 105 11 22 11 105 30 5 47 93 67 67 4 3 3 3 4 1 1 2 2 13 13 13
29 15 74 89 81 75 92 127 273 128 274 172 109 115 97 173 97 115 30 5 757 758 760 759 93 66 66 25 4 4 4 4 1 1 2 2 146 183 183 183
29 15 74 89 81 75 92 127 273 128 274 172 109 115 115 535 115 115 30 5 536 537 538 93 66 66 25 4 4 4 4 1 1 2 2 183 183 183
29 15 74 89 81 75 92 127 273 128 274 172 109 115 97 761 97 115 30 5 908 578 909 639 639 93 66 66 25 4 4 4 4 1 1 2 2 13 13 13 13 13 13
29 15 74 89 81 75 92 127 273 128 274 172 109 115 97 173 97 115 30 5 949 146 1450 762 1451 1452 93 66 66 25 4 4 4 4 1 1 2 2 948 103 103 103 520 520 539 539
29 15 74 89 81 75 92 305 320 306 361 267 193 108 59 22 59 108 30 5 93 122 122 6 3 3 3 6 1 1 2 2
29 15 74 89 81 75 92 127 273 128 274 783 321 307 158 19 197 337 30 5 19 11 11 168 93 66 66 25 4 3 4 1 1 2 2 4 3 3 4
29 15 74 89 81 75 92 305 320 306 361 624 403 216 76 19 268 404 30 5 19 11 11 281 93 122 122 6 3 4 1 1 2 2 4 3 3 4
29 15 74 89 81 75 92 305 320 306 361 267 976 108 289 408 658 659 30 5 176 93 122 122 6 3 12 27 1 1 2 2 8 8 8
29 15 74 89 81 75 92 305 320 306 361 267 193 196 388 583 388 196 30 5 176 93 122 122 6 12 12 6 1 1 2 2 8 8 8
29 15 74 89 81 75 92 305 320 306 361 267 193 57 57 254 57 57 30 5 37 7 93 122 122 6 6 6 6 1 1 2 2 0 0 0
29 15 74 89 81 75 92 305 320 306 361 267 488 57 489 218 415 660 30 5 18 7 18 7 93 122 122 6 6 83 1 1 2 2 0 0 0 0 0 0
29 15 74 89 81 75 92 305 320 306 361 267 193 108 59 22 59 108 30 5 3 93 122 122 6 3 3 6 1 1 2 2
29 15 74 89 81 75 92 305 320 306 361 267 193 108 59 22 59 108 30 5 3 93 122 122 6 3 3 6 1 1 2 2
29 15 74 89 81 75 92 127 273 128 274 172 109 70 11 22 11 70 30 5 3 93 66 66 25 4 3 3 4 1 1 2 2
29 15 74 89 81 75 92 127 273 128 274 1453 977 978 124 196 979 661 30 5 255 37 7 93 66 66 25 16 6 12 1 1 2 2 8 8 8 0 0 0
29 15 74 89 81 75 92 127 273 128 274 1454 980 981 216 289 479 982 30 5 255 73 7 93 66 66 25 6 3 12 1 1 2 2 8 8 8 0 0 0
29 15 74 89 81 75 92 127 273 128 274 490 237 238 124 57 126 222 30 5 37 7 73 7 93 66 66 25 16 6 6 1 1 2 2 0 0 0 0 0 0
29 15 74 89 81 75 92 127 272 128 284 589 322 290 124 57 126 308 30 5 37 7 73 7 47 93 67 67 16 6 6 1 1 2 2 0 0 0 0 0 0 13 13 13
29 15 74 89 81 75 92 127 273 128 274 172 207 338 236 231 236 338 30 5 37 7 37 7 93 66 66 25 16 83 16 1 1 2 2 0 0 0 0 0 0
29 15 74 89 81 75 92 127 273 128 274 172 207 119 39 49 39 119 30 5 18 7 18 7 44 7 93 66 66 25 16 16 1 1 2 2 0 0 0 0 0 0 0 0 0
29 15 74 89 81 75 92 127 273 128 274 490 784 785 413 388 591 222 30 5 176 8 8 8 73 7 93 66 66 25 55 12 6 1 1 2 2 0 0 0
29 15 74 89 81 75 92 127 273 128 274 172 983 984 985 659 986 338 30 5 176 8 8 8 37 7 93 66 66 25 55 27 16 1 1 2 2 0 0 0
29 15 74 89 81 75 92 987 988 989 990 481 586 360 316 19 317 991 30 5 19 11 11 188 93 106 106 33 33 12 3 4 1 1 2 2 4 3 3 4
29 15 74 89 81 75 92 987 988 989 990 992 540 416 191 57 177 389 30 5 129 7 37 7 93 106 106 33 33 27 6 6 1 1 2 2 0 0 0 0 0 0
29 15 74 89 81 75 92 305 320 306 1455 524 382 11 22 11 382 30 5 1456 417 330 93 122 122 4 3 3 3 4 1 1 2 2
29 15 74 89 81 75 92 305 320 306 361 267 488 108 339 108 302 231 30 5 37 7 93 122 122 6 3 6 83 1 1 2 2 0 0 0
29 15 74 89 81 75 92 305 320 306 1457 1458 53 34 22 34 53 30 5 1459 1460 1461 1462 93 122 122 12 3 3 3 12 1 1 2 2 993 993
29 15 74 89 786 75 1463 1464 1465 1466 1467 1468 226 59 22 59 226 30 5 1469 1470 1471 439 1472 6 6 3 3 3 6 1 1 2 2 994
29 15 74 89 81 75 92 1473 1474 1475 1476 30 5 93 247 247 247 1 1 2 2
29 15 74 89 81 75 92 127 272 128 284 995 662 513 121 1477 787 1478 30 5 1479 146 243 257 244 199 198 258 259 206 157 156 47 168 11 11 168 93 67 67 4 4 1 1 2 2 192 245 95 147 147 118 118 95 13 13 13 4 3 3 4
29 15 74 89 81 75 92 305 320 306 30 5 361 267 193 108 59 22 59 108 93 1 1 2 2 122 122 6 3 3 3 6
29 15 74 89 81 75 92 127 273 128 30 5 274 172 109 70 11 22 11 70 93 1 1 2 2 66 66 25 4 3 3 3 4
29 15 74 89 81 75 92 305 320 306 30 5 361 267 193 108 59 22 59 108 93 1 1 2 2 122 122 6 3 3 3 6
29 15 74 89 81 75 92 127 273 128 274 783 321 307 158 19 197 337 30 5 19 11 11 168 93 66 66 25 4 3 4 1 1 2 2 4 3 3 4
29 15 74 291 81 75 592 593 594 595 378 30 5 378 380 663 384 663 380 380 663 384 663 380 357 996 997 340 357 996 997 340 390 390 1 1 2 2 12 12 12 12 12 12 12 12 71 71 46 46 208 208 103 103 103 71 71 46 46 208 208 103 103 103 98 98 98 98
29 15 74 291 81 75 592 593 594 595 998 30 5 998 53 478 408 523 646 646 523 408 478 53 176 8 8 8 176 8 8 8 390 390 1 1 2 2 12 3 12 438 438 12 3 12 98 98 98 98
29 15 74 291 81 75 592 593 594 595 378 30 5 378 53 34 22 34 53 53 34 22 34 53 3 3 390 390 1 1 2 2 12 3 3 12 12 3 3 12 98 98 98 98
29 15 74 291 81 75 592 593 594 595 378 30 5 378 53 34 22 34 53 53 34 22 34 53 3 3 3 3 390 390 1 1 2 2 12 3 12 12 3 12 98 98 98 98
29 15 74 291 81 75 446 1480 1481 447 30 5 319 319 132 34 22 34 132 132 34 22 34 132 999 788 999 788 1 1 2 2 12 3 3 3 12 12 3 3 3 12 106 106 33 33 106 106 33 33
29 15 74 291 81 75 446 789 790 447 30 5 384 384 132 34 22 34 132 132 34 22 34 132 664 664 1000 1001 1000 1001 1 1 2 2 12 3 3 3 12 12 3 3 3 12 71 71 71 71 45 45 341 341 45 45 341 341
29 15 74 291 81 75 446 791 792 447 665 30 5 665 448 449 275 449 448 448 449 275 449 448 666 666 491 1 1 2 2 491 260 260 41 41 41 41 41 41 260 260 260 260 41 41 41 41 41 41 260 260 261 261 261 261
29 15 74 291 81 75 592 593 594 595 1002 30 5 1002 390 390 182 584 154 767 766 182 584 154 767 766 19 11 11 19 19 11 11 19 1 1 2 2 98 98 98 98 12 4 55 12 4 55 4 3 3 4 4 3 3 4
74 15 29 75 786 1482 1483 1484 1485 1486 1487 256 268 19 11 11 281 1488 30 5 6 4 4 3 3 4 1 1 2 2
29 15 74 291 81 75 446 791 792 447 30 5 1003 1004 667 667 1003 1004 667 667 1 1 2 2 261 261 1005 342 342 342 342 342 342 261 261 1005 342 342 342 342 342 342
29 15 74 291 81 75 1489 1490 1491 1492 30 5 1006 668 668 1006 668 668 1 1 2 2 1007 167 167 167 167 167 167 1007 167 167 167 167 167 167
29 15 74 291 81 75 446 1493 1494 447 30 5 1008 54 1008 54 1 1 2 2 26 26 14 14 14 26 26 14 14 14
29 15 74 291 81 75 446 789 790 447 30 5 669 669 492 1009 418 340 492 1009 418 340 1 1 2 2 45 45 45 45 46 46 41 41 208 208 103 103 103 46 46 41 41 208 208 103 103 103
29 15 74 291 786 75 1495 1496 1497 1498 30 5 1499 1500 793 216 59 11 309 73 7 54 1 1 2 2 26 26 6 3 3 4 0 0 0 14 14 14
29 15 74 291 81 75 446 791 792 447 30 5 666 666 665 665 448 449 275 449 448 448 449 275 449 448 1 1 2 2 261 261 261 261 491 491 260 260 41 41 41 41 41 41 260 260 260 260 41 41 41 41 41 41 260 260
29 15 74 291 81 75 446 789 790 447 30 5 669 492 419 541 418 340 669 492 419 541 418 340 1 1 2 2 45 45 46 46 41 41 41 41 208 208 103 103 103 45 45 46 46 41 41 41 41 208 208 103 103 103
29 15 74 89 81 75 92 127 493 128 494 30 5 1010 1011 1012 1012 1011 360 34 11 670 670 11 34 360 343 343 93 98 98 1 1 2 2 12 3 3 4 4 3 3 12 33 33 33 33
29 15 74 89 81 75 92 127 493 128 494 30 5 1013 671 672 672 671 133 59 11 495 495 11 59 133 673 93 98 98 1 1 2 2 6 3 3 4 4 3 3 6
29 15 74 89 81 75 92 127 493 128 494 30 5 1501 1014 221 221 1014 11 22 11 221 221 11 22 11 93 98 98 1 1 2 2 4 4 3 3 3 4 4 3 3 3
29 15 74 89 81 75 92 127 493 128 494 30 5 1010 1015 1016 1016 1015 318 34 11 670 670 11 34 318 1017 93 98 98 1 1 2 2 12 3 3 4 4 3 3 12 69 69
29 15 74 89 81 75 92 127 493 128 494 30 5 1013 671 672 672 671 133 59 11 495 495 11 59 133 673 93 98 98 1 1 2 2 6 3 3 4 4 3 3 6
29 15 74 89 81 75 92 127 493 128 494 30 5 794 1018 674 674 1018 168 11 11 188 188 11 11 168 93 98 98 1 1 2 2 4 3 3 4 4 3 3 4
29 15 74 89 81 75 92 127 493 128 494 30 5 794 542 317 317 542 19 11 11 188 188 11 11 19 121 121 93 98 98 1 1 2 2 4 3 3 4 4 3 3 4 4 4
29 15 74 89 81 75 92 305 1502 306 30 5 1503 880 93 1 1 2 2 626 626 572
9 21 38 144 596 139 111 420 675 597 598 78 109 115 97 173 97 115 10 5 205 146 529 530 531 199 198 532 533 157 156 48 6 12 17 17 25 4 4 4 4 1 1 2 2 192 534 95 336 336 95 8 8 8
9 21 38 144 596 139 111 420 675 597 598 78 207 119 39 49 39 119 10 5 48 18 7 44 7 18 7 6 12 17 17 25 16 16 1 1 2 2 8 8 8 0 0 0 0 0 0 0 0 0
9 21 38 144 596 139 111 420 675 597 598 78 109 115 97 173 97 115 10 5 1504 146 1505 1506 1019 157 156 1020 1019 157 156 48 1020 6 12 17 17 25 4 4 4 4 1 1 2 2 599 1507 95 676 676 95 8 8 8 676 676
9 21 38 144 596 139 111 420 675 597 598 78 250 1508 1509 283 158 70 10 5 48 4 205 146 529 530 531 199 198 532 533 157 156 6 12 17 17 25 43 3 4 1 1 2 2 8 8 8 192 534 95 336 336 95
9 21 38 144 1021 139 111 420 1510 1511 598 78 109 115 97 173 97 115 10 5 205 146 529 530 531 199 198 532 533 157 156 1512 795 6 12 17 17 25 4 4 4 4 1 1 2 2 192 534 95 336 336 95 543 543 14 14 14
9 21 38 144 596 139 111 420 1513 597 1514 421 253 269 231 269 253 10 5 48 37 7 37 7 6 12 69 69 27 83 27 1 1 2 2 8 8 8 0 0 0 0 0 0
9 21 38 87 209 85 111 203 358 323 181 237 238 124 57 126 222 10 5 55 37 7 73 7 210 6 12 17 17 16 6 6 1 1 2 2 0 0 0 0 0 0 25
9 21 38 87 209 85 111 203 358 323 181 207 119 39 49 39 119 10 5 55 18 7 78 44 7 18 7 6 12 17 17 16 16 1 1 2 2 0 0 0 25 0 0 0 0 0 0
9 21 38 87 209 85 111 203 796 323 287 324 140 39 49 39 140 10 5 55 18 7 145 44 7 18 7 47 6 12 32 32 16 16 1 1 2 2 0 0 0 0 0 0 0 0 0 13 13 13
9 21 38 87 200 85 152 165 250 276 78 600 246 191 57 177 239 10 5 43 37 7 129 7 450 6 4 25 27 6 6 1 1 2 2 0 0 0 0 0 0 17 17
9 21 38 87 200 85 152 165 677 276 1022 540 416 191 57 177 389 10 5 43 37 7 129 7 797 1515 6 4 292 27 6 6 1 1 2 2 0 0 0 0 0 0 441 441 33 33
9 21 38 87 200 85 152 165 677 276 1023 1024 416 191 57 177 389 10 5 43 37 7 129 7 1025 1026 1027 6 4 292 27 6 6 1 1 2 2 0 0 0 0 0 0 539 539 71 71 341 341
9 21 38 87 200 85 152 165 250 276 78 544 114 72 49 72 114 10 5 43 18 7 181 44 7 18 7 6 4 25 27 27 1 1 2 2 0 0 0 17 17 0 0 0 0 0 0
9 21 38 87 200 85 152 165 677 276 1022 545 175 72 49 72 175 10 5 43 18 7 44 7 18 7 797 771 6 4 292 27 27 1 1 2 2 0 0 0 0 0 0 0 0 0 441 441 33 33
9 21 38 87 200 85 152 165 677 276 1023 601 175 72 49 72 175 10 5 43 18 7 44 7 18 7 1025 664 1027 6 4 292 27 27 1 1 2 2 0 0 0 0 0 0 0 0 0 539 539 71 71 341 341
9 21 38 87 200 85 152 344 379 546 145 470 114 72 49 72 114 10 5 43 18 7 287 44 7 18 7 47 6 4 27 27 1 1 2 2 0 0 0 32 32 0 0 0 0 0 0 13 13 13
9 21 38 87 209 85 111 203 358 323 181 210 237 238 124 57 126 222 10 5 55 73 7 37 7 6 12 17 17 25 16 6 6 1 1 2 2 0 0 0 0 0 0
9 21 38 87 209 85 111 203 358 323 181 78 207 119 39 49 39 119 10 5 55 18 7 18 7 44 7 6 12 17 17 25 16 16 1 1 2 2 0 0 0 0 0 0 0 0 0
9 21 38 87 209 85 111 203 796 323 287 145 324 140 39 49 39 140 10 5 55 18 7 18 7 44 7 47 6 12 32 32 16 16 1 1 2 2 0 0 0 0 0 0 0 0 0 13 13 13
9 21 38 87 209 85 111 203 358 323 181 241 321 307 158 19 197 337 10 5 19 11 11 168 6 12 55 17 17 25 4 3 4 1 1 2 2 4 3 3 4
9 21 38 87 209 85 111 203 358 323 181 78 109 70 11 22 11 70 10 5 3 6 12 55 17 17 25 4 3 3 4 1 1 2 2
9 21 38 87 209 85 111 203 358 323 181 602 1028 1029 11 34 479 661 10 5 3 255 6 12 55 17 17 25 4 3 12 1 1 2 2 8 8 8
9 21 38 87 200 85 152 165 250 276 78 600 246 191 57 177 239 10 5 37 7 450 129 7 6 4 43 25 27 6 6 1 1 2 2 0 0 0 17 17 0 0 0
9 21 38 87 200 85 152 165 250 276 78 544 253 269 231 269 253 10 5 37 7 181 37 7 6 4 43 25 27 83 27 1 1 2 2 0 0 0 17 17 0 0 0
9 21 38 87 200 85 152 165 250 276 78 1516 496 196 302 547 678 10 5 450 129 7 37 7 6 4 43 25 12 6 83 1 1 2 2 17 17 0 0 0 0 0 0
9 21 38 87 200 85 152 165 250 276 78 326 53 34 22 34 53 10 5 181 6 4 43 25 12 3 3 3 12 1 1 2 2 17 17
9 21 38 87 200 85 152 165 250 276 78 544 114 72 49 72 114 10 5 18 7 181 18 7 44 7 6 4 43 25 27 27 1 1 2 2 0 0 0 17 17 0 0 0 0 0 0
9 21 38 87 200 85 152 165 250 276 78 1030 496 329 443 603 604 10 5 450 44 7 18 7 548 7 6 4 43 25 12 6 1 1 2 2 17 17 0 0 0 0 0 0 0 0 0
9 21 38 87 200 85 152 165 250 276 78 600 1031 354 415 1032 678 10 5 450 18 7 129 7 18 7 6 4 43 25 27 83 1 1 2 2 17 17 0 0 0 0 0 0 0 0 0
9 21 38 87 200 85 152 165 250 276 78 1033 679 547 798 547 679 10 5 1034 37 7 129 7 129 7 6 4 43 25 83 83 1 1 2 2 17 17 0 0 0 0 0 0 0 0 0
9 21 38 87 200 85 152 165 250 276 78 799 647 317 19 316 318 10 5 310 19 11 11 188 6 4 43 25 4 3 12 1 1 2 2 17 17 4 3 3 4
9 21 38 87 200 85 152 800 1517 1035 417 801 480 34 22 34 480 10 5 391 330 422 6 4 43 12 3 3 3 12 1 1 2 2 62 62
9 21 38 87 209 85 111 451 440 452 422 524 382 11 22 11 382 10 5 391 417 330 6 12 55 62 62 4 3 3 3 4 1 1 2 2
9 21 38 87 209 85 111 451 440 452 422 1036 802 39 49 39 802 10 5 391 417 330 18 7 44 7 18 7 6 12 55 62 62 16 16 1 1 2 2 0 0 0 0 0 0 0 0 0
9 21 38 87 209 85 111 451 440 452 422 1518 1519 126 57 124 1520 10 5 391 1037 330 37 7 73 7 6 12 55 62 62 6 6 16 1 1 2 2 0 0 0 0 0 0
9 21 38 87 209 85 111 451 440 452 422 1521 1522 654 443 301 1523 10 5 391 1037 330 655 7 44 7 18 7 6 12 55 62 62 6 4 1 1 2 2 0 0 0 0 0 0 0 0 0
9 21 38 87 209 85 111 451 440 452 422 1036 1038 236 231 236 1038 10 5 391 417 330 37 7 37 7 6 12 55 62 62 16 83 16 1 1 2 2 0 0 0 0 0 0
9 21 38 87 209 85 111 203 358 323 181 78 207 119 39 49 39 119 10 5 55 18 7 44 7 18 7 16 6 12 17 17 25 16 1 1 2 2 0 0 0 0 0 0 0 0 0
9 21 38 87 209 85 111 203 358 323 181 78 207 119 39 49 39 119 10 5 18 7 44 7 18 7 16 6 12 55 17 17 25 16 1 1 2 2 0 0 0 0 0 0 0 0 0
9 21 38 87 200 85 152 344 379 546 145 1039 246 191 57 177 239 10 5 37 7 605 129 7 47 6 4 43 27 6 6 1 1 2 2 0 0 0 32 32 0 0 0 13 13 13
9 21 38 87 200 85 152 344 379 546 145 470 253 269 231 269 253 10 5 37 7 287 37 7 47 6 4 43 27 83 27 1 1 2 2 0 0 0 32 32 0 0 0 13 13 13
9 21 38 87 200 85 152 344 379 546 145 1524 496 196 302 547 678 10 5 605 129 7 37 7 47 6 4 43 12 6 83 1 1 2 2 32 32 0 0 0 0 0 0 13 13 13
9 21 38 87 200 85 152 344 379 546 145 1040 496 329 443 603 604 10 5 605 44 7 18 7 548 7 47 6 4 43 12 6 1 1 2 2 32 32 0 0 0 0 0 0 0 0 0 13 13 13
9 21 38 87 200 85 152 344 379 546 145 1525 647 317 19 316 318 10 5 497 19 11 11 188 47 6 4 43 4 3 12 1 1 2 2 32 32 4 3 3 4 13 13 13
9 21 38 87 209 85 111 451 440 452 422 1526 802 277 218 301 800 10 5 391 417 330 18 7 18 7 6 12 55 62 62 16 6 4 1 1 2 2 0 0 0 0 0 0
9 21 38 87 209 85 111 451 440 452 422 524 356 356 577 356 356 10 5 391 417 330 474 475 476 6 12 55 62 62 4 4 4 4 1 1 2 2 477
9 21 38 87 209 85 111 203 358 323 181 78 109 70 11 22 11 70 10 5 6 12 55 17 17 25 4 3 3 3 4 1 1 2 2
9 21 38 87 209 85 111 203 796 323 287 145 138 105 11 22 11 105 10 5 47 6 12 55 32 32 4 3 3 3 4 1 1 2 2 13 13 13
9 21 38 144 1041 139 133 289 479 1042 10 5 255 6 3 12 1 1 2 2 8 8 8
9 21 38 144 1041 139 133 289 479 1042 10 5 255 8 8 8 6 3 12 1 1 2 2
9 21 38 87 293 85 133 59 11 309 10 5 4 6 3 3 1 1 2 2
9 21 38 87 293 85 133 59 11 309 10 5 4 6 3 3 1 1 2 2
9 21 38 87 293 85 133 59 11 309 10 5 4 6 3 3 1 1 2 2
9 21 38 87 293 85 133 59 11 309 10 5 4 6 3 3 1 1 2 2
9 21 38 423 498 424 133 339 216 1043 10 5 73 7 6 3 6 1 1 2 2 0 0 0
9 21 38 423 498 424 133 339 216 606 10 5 362 262 263 6 3 6 1 1 2 2 148 148 94 94 94
9 21 38 423 498 424 133 339 216 606 10 5 803 1044 1045 1046 6 3 6 1 1 2 2 153 153 680 680 103 103 103
9 21 38 423 498 424 133 339 216 606 10 5 362 262 263 94 94 94 6 3 6 1 1 2 2 148 148
9 21 38 423 498 424 133 339 216 606 10 5 803 1044 1045 1046 680 680 103 103 103 6 3 6 1 1 2 2 153 153
9 21 38 423 498 424 133 339 216 606 10 5 803 333 1527 1528 190 190 208 208 340 103 103 103 6 3 6 1 1 2 2 153 153
9 21 38 423 498 424 133 339 216 1043 10 5 73 7 6 3 6 1 1 2 2 0 0 0
9 21 38 87 209 85 111 388 413 1047 10 5 176 6 12 55 1 1 2 2 8 8 8
9 21 38 87 209 85 111 388 413 1047 10 5 176 8 8 8 6 12 55 1 1 2 2
9 21 38 87 293 85 133 59 11 309 10 5 3 6 3 4 1 1 2 2
9 21 38 87 293 85 133 59 11 309 10 5 3 6 3 4 1 1 2 2
9 21 38 87 293 85 133 59 11 309 10 5 3 6 3 4 1 1 2 2
9 21 38 87 293 85 133 59 11 309 10 5 3 6 3 4 1 1 2 2
9 21 38 87 1529 85 1530 57 124 804 10 5 37 7 6 6 16 1 1 2 2 0 0 0
9 21 38 805 293 85 1048 658 585 1049 10 5 176 27 12 4 1 1 2 2 8 8 8
9 21 38 805 293 85 1048 658 585 1049 10 5 176 8 8 8 27 12 4 1 1 2 2
9 21 38 87 293 85 133 59 11 309 10 5 3 6 3 4 1 1 2 2
9 21 38 87 293 85 133 59 11 309 10 5 3 6 3 4 1 1 2 2
9 21 38 87 293 85 133 59 11 309 10 5 3 6 3 4 1 1 2 2
9 21 38 87 293 85 133 59 11 309 10 5 4 3 6 3 1 1 2 2
9 21 38 87 293 85 133 59 11 309 10 5 4 3 6 3 1 1 2 2
9 21 38 805 209 85 345 1531 964 1532 10 5 270 270 27 55 1 1 2 2 8 8 8 8 8 8
9 21 38 423 1050 424 133 339 1051 1052 10 5 635 1533 1534 104 59 22 59 104 6 3 6 1 1 2 2 6 3 3 3 6
9 21 38 431 746 402 133 76 19 468 10 5 121 97 754 283 11 22 11 283 6 3 4 1 1 2 2 4 4 4 3 3 3 4
9 21 38 144 681 139 133 289 360 682 10 5 343 332 319 132 34 22 34 132 6 3 12 1 1 2 2 33 33 33 33 12 3 3 3 12
9 21 38 144 264 139 133 289 318 363 10 5 310 210 237 238 124 57 126 222 73 7 37 7 6 3 12 1 1 2 2 17 17 25 16 6 6 0 0 0 0 0 0
9 21 38 144 264 139 133 289 318 549 10 5 497 311 322 290 124 57 126 308 73 7 37 7 47 6 3 12 1 1 2 2 32 32 16 6 6 0 0 0 0 0 0 13 13 13
9 21 38 144 681 139 133 289 360 682 10 5 343 499 540 416 191 57 177 389 129 7 37 7 6 3 12 1 1 2 2 33 33 33 33 27 6 6 0 0 0 0 0 0
9 21 38 423 1050 424 133 339 1051 1052 10 5 635 1535 1536 1537 302 57 489 1538 18 7 37 7 6 3 6 1 1 2 2 83 6 6 0 0 0 0 0 0
9 21 38 144 264 139 133 289 318 363 10 5 310 78 207 119 39 49 39 119 18 7 18 7 44 7 6 3 12 1 1 2 2 17 17 25 16 16 0 0 0 0 0 0 0 0 0
9 21 38 144 264 139 133 289 318 549 10 5 497 145 324 140 39 49 39 140 18 7 18 7 44 7 47 6 3 12 1 1 2 2 32 32 16 16 0 0 0 0 0 0 0 0 0 13 13 13
9 21 38 144 681 139 133 289 360 682 10 5 343 332 545 175 72 49 72 175 18 7 18 7 44 7 6 3 12 1 1 2 2 33 33 33 33 27 27 0 0 0 0 0 0 0 0 0
9 21 38 87 200 85 10 5 152 165 1053 276 1054 1539 1055 1056 383 383 1056 1055 1057 34 11 221 221 11 34 1057 1 1 2 2 6 4 43 1058 1059 4 4 12 3 3 4 4 3 3 12
9 21 38 87 200 85 10 5 152 165 1053 276 1054 1540 1060 1061 1062 1062 1061 1060 1063 34 34 645 645 34 34 1063 1 1 2 2 6 4 43 1058 1059 33 33 33 33 12 3 3 12 12 3 3 12
9 21 38 87 200 85 152 800 1541 1035 10 5 474 475 476 6 4 43 1 1 2 2 477
9 21 38 87 209 85 111 451 1542 452 10 5 1543 806 6 12 55 1 1 2 2 550 550 572
64 35 120 134 141 130 142 150 364 151 425 500 1064 119 39 49 39 119 40 5 18 7 18 7 44 7 45 45 68 68 143 42 42 169 169 292 16 16 1 1 2 2 0 0 0 0 0 0 0 0 0
64 35 120 134 141 130 142 150 453 151 551 807 1544 140 39 49 39 140 40 5 18 7 18 7 44 7 501 45 45 68 68 143 42 42 265 265 16 16 1 1 2 2 0 0 0 0 0 0 0 0 0 13 13 13
64 35 120 134 141 130 142 150 1065 151 1545 1546 1547 1066 39 49 39 1066 40 5 18 7 18 7 44 7 1548 808 45 45 68 68 143 42 42 261 261 16 16 1 1 2 2 0 0 0 0 0 0 0 0 0 629
64 35 120 134 141 130 142 150 364 151 425 1067 1068 238 124 57 126 222 40 5 37 7 73 7 45 45 68 68 143 42 42 169 169 292 16 6 6 1 1 2 2 0 0 0 0 0 0
64 35 120 134 141 130 142 150 453 151 551 1069 1070 290 124 57 126 308 40 5 37 7 73 7 501 45 45 68 68 143 42 42 265 265 16 6 6 1 1 2 2 0 0 0 0 0 0 13 13 13
64 35 120 134 141 130 142 150 453 151 1071 1549 1550 290 124 57 126 308 40 5 37 7 73 7 1551 575 45 45 68 68 143 42 42 265 265 16 6 6 1 1 2 2 0 0 0 0 0 0 377 377 14 14 14
64 35 120 134 141 130 142 150 364 151 425 1067 1068 238 410 57 126 683 40 5 502 262 362 262 263 263 45 45 68 68 143 42 42 169 169 292 16 6 6 1 1 2 2 148 148 148 148 94 94 94 94 94 94
64 35 120 134 141 130 142 150 453 151 551 1069 1070 290 410 57 126 809 40 5 502 262 362 262 263 263 501 45 45 68 68 143 42 42 265 265 16 6 6 1 1 2 2 148 148 148 148 94 94 94 94 94 94 13 13 13
64 35 120 134 141 130 142 150 364 151 425 500 607 70 11 22 11 70 40 5 3 3 45 45 68 68 143 42 42 169 169 292 4 3 4 1 1 2 2
64 35 120 134 141 130 142 150 453 151 551 807 1072 105 11 22 11 105 40 5 3 3 501 45 45 68 68 143 42 42 265 265 4 3 4 1 1 2 2 13 13 13
64 35 120 134 141 130 142 150 364 151 425 500 607 70 11 22 11 70 40 5 3 4 45 45 68 68 143 42 42 169 169 292 4 3 3 1 1 2 2
64 35 120 134 141 130 142 150 364 151 425 500 607 70 11 22 11 70 40 5 4 4 45 45 68 68 143 42 42 169 169 292 3 3 3 1 1 2 2
64 35 120 134 141 130 142 150 364 151 425 500 607 70 11 22 11 70 40 5 3 45 45 68 68 143 42 42 169 169 292 4 3 3 4 1 1 2 2
64 35 120 134 141 130 142 150 453 151 551 807 1072 105 11 22 11 105 40 5 3 501 45 45 68 68 143 42 42 265 265 4 3 3 4 1 1 2 2 13 13 13
64 35 120 134 141 130 142 150 364 151 425 500 607 70 11 22 11 70 40 5 3 45 45 68 68 143 42 42 169 169 292 4 3 3 4 1 1 2 2
64 35 120 134 141 130 142 150 1552 151 1553 1554 1555 114 72 49 72 114 40 5 952 18 7 44 7 18 7 45 45 68 68 143 42 42 684 684 953 27 27 1 1 2 2 653 653 0 0 0 0 0 0 0 0 0
64 35 120 134 141 130 142 150 1556 151 1557 1558 387 114 72 49 72 114 40 5 1559 18 7 44 7 18 7 1560 45 45 68 68 143 42 42 1073 1073 27 27 1 1 2 2 63 63 0 0 0 0 0 0 0 0 0 521 521 521
64 35 120 134 141 130 142 150 453 151 1071 1561 1562 1074 11 34 360 1563 40 5 810 1564 45 45 68 68 143 42 42 265 265 4 3 3 12 1 1 2 2 33 33 266 266
64 35 120 134 141 130 142 150 364 151 425 1565 1566 307 158 19 197 337 40 5 19 11 11 168 45 45 68 68 143 42 42 169 169 292 4 3 4 1 1 2 2 4 3 3 4
64 35 120 134 141 130 142 150 453 151 551 1567 1568 685 158 19 197 686 40 5 19 11 11 168 501 45 45 68 68 143 42 42 265 265 4 3 4 1 1 2 2 4 3 3 4 13 13 13
64 35 120 134 141 130 142 150 312 151 392 687 132 34 22 34 132 40 5 45 45 68 68 143 42 42 42 42 12 3 3 3 12 1 1 2 2
64 35 120 134 141 130 142 150 312 151 1569 1570 645 34 34 930 1571 40 5 270 45 45 68 68 143 42 42 42 42 12 3 3 12 1 1 2 2 8 8 8
64 35 120 134 141 130 142 150 312 151 392 1075 132 478 408 523 1076 40 5 176 45 45 68 68 143 42 42 42 42 12 3 12 438 1 1 2 2 8 8 8
64 35 120 134 141 130 142 150 312 151 1077 1572 1573 34 59 688 389 40 5 129 7 45 45 68 68 143 42 42 42 42 12 3 3 6 1 1 2 2 0 0 0
64 35 120 134 141 130 142 150 312 151 392 811 132 289 108 191 1078 40 5 37 7 45 45 68 68 143 42 42 42 42 12 3 6 27 1 1 2 2 0 0 0
64 35 120 134 141 130 142 150 312 151 392 687 426 196 254 196 426 40 5 37 7 45 45 68 68 143 42 42 42 42 12 6 6 12 1 1 2 2 0 0 0
64 35 120 134 141 130 142 150 312 151 392 1075 132 478 408 523 1076 40 5 176 8 8 8 45 45 68 68 143 42 42 42 42 12 3 12 438 1 1 2 2
64 35 120 134 141 130 142 150 312 151 392 811 132 289 108 191 1078 40 5 7 0 0 0 37 45 45 68 68 143 42 42 42 42 12 3 6 27 1 1 2 2
64 35 120 134 141 130 142 150 312 151 392 687 426 196 254 196 426 40 5 7 0 0 0 37 45 45 68 68 143 42 42 42 42 12 6 6 12 1 1 2 2
64 35 120 134 141 130 142 150 312 151 1077 1574 416 191 57 177 389 40 5 129 7 37 7 45 45 68 68 143 42 42 42 42 27 6 6 1 1 2 2 0 0 0 0 0 0
64 35 120 134 141 130 142 150 312 151 392 811 426 329 218 354 175 40 5 18 7 18 7 45 45 68 68 143 42 42 42 42 12 6 27 1 1 2 2 0 0 0 0 0 0
64 35 120 134 141 130 142 150 312 151 392 1575 175 72 49 72 175 40 5 18 7 44 7 18 7 45 45 68 68 143 42 42 42 42 27 27 1 1 2 2 0 0 0 0 0 0 0 0 0
64 35 120 134 141 130 142 150 312 151 392 687 132 34 22 34 132 40 5 3 3 45 45 68 68 143 42 42 42 42 12 3 12 1 1 2 2
64 35 120 134 141 130 142 1079 1576 812 1577 1578 40 5 45 45 68 68 491 42 42 1080 1080 103 103 103 1 1 2 2
64 35 120 134 141 130 142 1579 1580 1081 1581 40 5 813 813 813 45 45 68 68 1082 42 42 1 1 2 2 294 294 294 294 294 294 294 294 294
64 35 120 134 1582 130 689 1083 1583 1584 1585 40 5 1084 34 22 34 1084 45 45 223 223 552 393 393 1 1 2 2 12 3 3 3 12
64 35 120 134 141 130 142 150 1065 151 1586 40 5 1587 1588 1589 1590 1591 45 45 68 68 143 42 42 261 261 1 1 2 2 99 994 439
64 35 120 134 141 130 142 150 312 151 1592 40 5 1593 1594 768 1595 1596 45 45 68 68 143 42 42 42 42 1 1 2 2 769 439 23
64 35 120 134 141 130 142 1079 1597 812 1598 40 5 1599 1600 1601 1602 1603 45 45 68 68 491 42 42 1085 1085 1 1 2 2 1604 1086 1086 190 190 1087 1087
29 21 50 79 90 51 101 553 554 503 504 267 193 108 59 22 59 108 30 5 6 99 122 122 6 3 3 3 6 1 1 2 2
29 21 50 79 90 51 101 553 554 503 504 624 403 216 76 19 268 404 30 5 19 11 11 281 6 99 122 122 6 3 4 1 1 2 2 4 3 3 4
29 21 50 79 90 51 101 553 554 503 504 267 411 100 256 154 454 455 30 5 19 11 11 19 6 99 122 122 6 4 16 1 1 2 2 4 3 3 4
29 21 50 79 90 51 101 117 233 107 219 490 237 238 124 57 126 222 30 5 73 7 37 7 6 99 66 66 25 16 6 6 1 1 2 2 0 0 0 0 0 0
29 21 50 79 90 51 101 117 233 107 219 172 207 119 39 49 39 119 30 5 18 7 18 7 44 7 6 99 66 66 25 16 16 1 1 2 2 0 0 0 0 0 0 0 0 0
29 21 50 79 90 51 101 117 224 107 225 174 324 140 39 49 39 140 30 5 18 7 18 7 44 7 47 6 99 67 67 16 16 1 1 2 2 0 0 0 0 0 0 0 0 0 13 13 13
29 21 50 79 90 51 101 117 224 107 225 174 138 105 11 22 11 105 30 5 3 47 6 99 67 67 4 3 3 4 1 1 2 2 13 13 13
29 21 50 79 90 51 101 117 224 107 225 174 138 105 11 22 11 105 30 5 47 3 6 99 67 67 4 3 3 4 1 1 2 2 13 13 13
29 21 50 79 90 51 101 117 224 107 225 174 138 105 11 22 11 105 30 5 47 3 3 6 99 67 67 4 3 4 1 1 2 2 13 13 13
29 21 50 79 90 51 101 553 554 503 504 267 193 108 59 22 59 108 30 5 6 99 122 122 6 3 3 3 6 1 1 2 2
29 21 50 79 90 51 101 117 233 107 219 172 109 70 11 22 11 70 30 5 6 99 66 66 25 4 3 3 3 4 1 1 2 2
29 21 50 79 90 51 101 117 224 107 225 174 138 105 11 22 11 105 30 5 47 6 99 67 67 4 3 3 3 4 1 1 2 2 13 13 13
29 21 50 79 90 51 101 117 233 107 219 490 555 814 11 59 216 222 30 5 73 7 6 99 66 66 25 4 3 3 6 1 1 2 2 0 0 0
29 21 50 79 90 51 101 117 224 107 225 589 590 1605 11 59 216 308 30 5 73 7 47 6 99 67 67 4 3 3 6 1 1 2 2 0 0 0 13 13 13
29 21 50 79 90 51 101 117 233 107 219 172 556 70 76 108 124 338 30 5 37 7 6 99 66 66 25 4 3 6 16 1 1 2 2 0 0 0
29 21 50 79 90 51 101 117 224 107 225 174 690 105 76 108 124 456 30 5 37 7 47 6 99 67 67 4 3 6 16 1 1 2 2 0 0 0 13 13 13
29 21 50 79 90 51 101 117 233 107 219 172 109 165 100 254 100 165 30 5 37 7 6 99 66 66 25 4 6 6 4 1 1 2 2 0 0 0
29 21 50 79 90 51 101 117 224 107 225 174 138 344 100 254 100 344 30 5 37 7 47 6 99 67 67 4 6 6 4 1 1 2 2 0 0 0 13 13 13
29 21 50 79 90 51 101 117 233 107 219 172 109 70 11 22 11 70 30 5 4 6 99 66 66 25 4 3 3 3 1 1 2 2
29 21 50 79 90 51 101 117 224 107 225 174 138 105 11 22 11 105 30 5 4 47 6 99 67 67 4 3 3 3 1 1 2 2 13 13 13
29 21 50 79 90 51 101 117 233 107 219 172 109 70 11 22 11 70 30 5 3 6 99 66 66 25 4 3 3 4 1 1 2 2
29 21 50 79 90 51 101 117 233 107 219 490 555 691 100 302 359 692 30 5 73 7 37 7 6 99 66 66 25 4 6 83 1 1 2 2 0 0 0 0 0 0
29 21 50 79 90 51 101 117 224 107 225 589 590 815 100 302 359 816 30 5 73 7 37 7 47 6 99 67 67 4 6 83 1 1 2 2 0 0 0 0 0 0 13 13 13
29 21 50 79 90 51 101 117 233 107 219 490 237 238 124 57 126 222 30 5 73 7 37 7 6 99 66 66 25 16 6 6 1 1 2 2 0 0 0 0 0 0
29 21 50 79 90 51 101 117 224 107 225 589 322 290 124 57 126 308 30 5 73 7 37 7 47 6 99 67 67 16 6 6 1 1 2 2 0 0 0 0 0 0 13 13 13
29 21 50 79 90 51 101 117 233 107 219 172 556 165 301 218 277 119 30 5 18 7 18 7 6 99 66 66 25 4 6 16 1 1 2 2 0 0 0 0 0 0
29 21 50 79 90 51 101 117 224 107 225 174 690 344 301 218 277 140 30 5 18 7 18 7 47 6 99 67 67 4 6 16 1 1 2 2 0 0 0 0 0 0 13 13 13
29 21 50 79 90 51 101 117 233 107 219 172 109 70 11 22 11 70 30 5 4 3 6 99 66 66 25 4 3 3 1 1 2 2
29 21 50 79 90 51 101 117 224 107 225 174 138 105 11 22 11 105 30 5 4 3 47 6 99 67 67 4 3 3 1 1 2 2 13 13 13
29 21 50 79 90 51 101 117 233 107 219 172 109 70 11 22 11 70 30 5 4 3 6 99 66 66 25 4 3 3 1 1 2 2
29 21 50 79 90 51 101 117 224 107 225 174 138 105 11 22 11 105 30 5 4 3 47 6 99 67 67 4 3 3 1 1 2 2 13 13 13
29 21 50 79 90 51 101 117 233 107 219 172 109 70 11 22 11 70 30 5 4 4 6 99 66 66 25 3 3 3 1 1 2 2
29 21 50 79 90 51 101 117 224 107 225 174 138 105 11 22 11 105 30 5 4 4 47 6 99 67 67 3 3 3 1 1 2 2 13 13 13
29 21 50 79 90 51 101 117 233 107 219 172 109 70 11 22 11 70 30 5 3 3 6 99 66 66 25 4 3 4 1 1 2 2
29 21 50 79 90 51 101 117 224 107 225 174 138 105 11 22 11 105 30 5 3 3 47 6 99 67 67 4 3 4 1 1 2 2 13 13 13
29 21 50 79 90 51 101 117 233 107 219 172 207 119 39 49 39 119 30 5 18 7 44 7 18 7 6 99 66 66 25 16 16 1 1 2 2 0 0 0 0 0 0 0 0 0
29 21 50 79 90 51 101 117 233 107 219 172 109 70 11 22 11 70 30 5 3 3 3 6 99 66 66 25 4 4 1 1 2 2
29 21 50 79 90 51 101 117 224 107 225 174 138 105 11 22 11 105 30 5 3 3 3 47 6 99 67 67 4 4 1 1 2 2 13 13 13
29 21 50 79 90 51 101 117 233 107 219 172 109 70 11 22 11 70 30 5 3 4 4 6 99 66 66 25 3 3 1 1 2 2
29 21 50 79 90 51 101 117 224 107 225 174 138 105 11 22 11 105 30 5 3 4 4 47 6 99 67 67 3 3 1 1 2 2 13 13 13
29 21 50 79 90 51 101 553 554 503 504 624 403 216 76 19 268 404 30 5 19 11 11 281 6 99 122 122 6 3 4 1 1 2 2 4 3 3 4
29 21 50 79 90 51 101 553 554 503 504 267 411 100 256 154 454 455 30 5 19 11 11 19 6 99 122 122 6 4 16 1 1 2 2 4 3 3 4
29 21 50 79 90 51 101 117 233 107 219 783 321 307 158 19 197 337 30 5 19 11 11 168 6 99 66 66 25 4 3 4 1 1 2 2 4 3 3 4
29 21 50 79 90 51 101 117 233 107 219 172 250 115 121 154 248 576 30 5 19 11 11 19 6 99 66 66 25 4 4 43 1 1 2 2 4 3 3 4
29 21 50 79 90 51 101 117 224 107 225 995 662 685 158 19 197 686 30 5 19 11 11 168 47 6 99 67 67 4 3 4 1 1 2 2 4 3 3 4 13 13 13
29 21 50 79 90 51 101 117 224 107 225 174 379 149 121 154 248 756 30 5 19 11 11 19 47 6 99 67 67 4 4 43 1 1 2 2 4 3 3 4 13 13 13
29 21 50 79 90 51 101 117 233 107 219 172 109 115 115 535 115 115 30 5 536 537 538 6 99 66 66 25 4 4 4 4 1 1 2 2 183 183 183
29 21 50 79 90 51 101 117 224 107 225 174 138 149 115 535 115 149 30 5 536 537 538 47 6 99 67 67 4 4 4 4 1 1 2 2 183 183 183 13 13 13
29 21 50 79 90 51 101 117 1088 107 1089 1090 1091 693 115 535 115 693 30 5 536 537 538 1092 808 6 99 694 694 4 4 4 4 1 1 2 2 183 183 183 629
29 21 50 79 90 51 101 117 224 107 225 174 138 149 115 535 115 149 30 5 536 537 47 538 183 183 183 6 99 67 67 4 4 4 4 1 1 2 2 13 13 13
29 21 50 79 90 51 101 117 1088 107 1089 1090 1091 693 115 535 115 693 30 5 536 537 1092 808 538 183 183 183 6 99 694 694 4 4 4 4 1 1 2 2 629
29 21 50 79 817 51 818 819 820 821 30 5 1606 1607 1093 59 59 1094 1608 18 7 6 822 1 1 2 2 6 3 3 6 0 0 0
29 21 50 79 817 51 818 819 820 821 30 5 1095 1609 313 57 254 57 313 37 7 6 822 1 1 2 2 6 6 6 6 0 0 0
29 21 50 79 817 51 818 819 820 821 30 5 1095 1610 313 489 218 415 1096 18 7 18 7 6 822 1 1 2 2 6 6 83 0 0 0 0 0 0
29 21 50 79 90 51 101 117 695 107 30 5 1611 1612 34 59 688 239 129 7 1097 98 98 6 99 1 1 2 2 12 3 3 6 0 0 0
29 21 50 79 90 51 101 117 695 107 30 5 378 203 196 254 196 203 37 7 823 98 98 6 99 1 1 2 2 12 6 6 12 0 0 0
29 21 50 79 90 51 101 117 695 107 30 5 1613 203 329 218 354 114 18 7 18 7 823 98 98 6 99 1 1 2 2 12 6 27 0 0 0 0 0 0
29 21 50 79 155 51 285 313 457 458 30 5 1098 1614 249 11 59 216 1099 73 7 6 6 1 1 2 2 16 4 3 3 6 0 0 0
29 21 50 79 155 51 285 313 457 458 30 5 557 696 469 100 254 100 469 37 7 6 6 1 1 2 2 16 4 6 6 4 0 0 0
29 21 50 79 155 51 285 313 457 458 30 5 557 755 469 301 218 277 434 18 7 18 7 6 6 1 1 2 2 16 4 6 16 0 0 0 0 0 0
29 21 50 79 155 51 285 505 506 507 30 5 608 1100 412 100 254 100 412 37 7 365 6 6 1 1 2 2 4 6 6 4 0 0 0 8 8 8
29 21 50 79 155 51 285 505 506 507 30 5 608 1615 412 301 218 277 242 18 7 18 7 365 6 6 1 1 2 2 4 6 16 0 0 0 0 0 0 8 8 8
29 21 50 79 155 51 285 313 457 458 30 5 1098 1616 824 124 57 126 1099 73 7 37 7 6 6 1 1 2 2 16 16 6 6 0 0 0 0 0 0
29 21 50 79 155 51 285 505 506 507 30 5 1617 1618 778 124 57 126 960 73 7 37 7 365 6 6 1 1 2 2 16 6 6 0 0 0 0 0 0 8 8 8
29 21 50 79 155 51 285 313 457 458 30 5 557 1619 434 39 49 39 434 18 7 18 7 44 7 6 6 1 1 2 2 16 16 16 0 0 0 0 0 0 0 0 0
29 21 50 79 155 51 285 505 506 507 30 5 608 1620 242 39 49 39 242 18 7 18 7 44 7 365 6 6 1 1 2 2 16 16 0 0 0 0 0 0 0 0 0 8 8 8
29 21 50 79 155 51 285 505 506 507 30 5 1621 1622 188 158 19 197 941 19 11 11 168 365 6 6 1 1 2 2 4 3 4 4 3 3 4 8 8 8
29 21 50 79 155 51 285 313 457 458 30 5 557 1623 97 121 154 248 625 19 11 11 19 6 6 1 1 2 2 16 4 4 43 4 3 3 4
29 21 50 79 155 51 285 505 506 507 30 5 608 1624 383 121 154 248 656 19 11 11 19 365 6 6 1 1 2 2 4 4 43 4 3 3 4 8 8 8
29 21 50 79 155 51 285 313 457 458 30 5 557 696 283 11 22 11 283 6 6 1 1 2 2 16 4 3 3 3 4
29 21 50 79 155 51 285 505 506 507 30 5 608 1100 221 11 22 11 221 365 6 6 1 1 2 2 4 3 3 3 4 8 8 8
29 21 50 79 155 51 285 313 457 458 30 5 557 696 283 11 22 11 283 3 6 6 1 1 2 2 16 4 3 3 4
29 21 50 79 155 51 285 1625 1626 1627 30 5 1628 544 114 72 49 72 114 18 7 18 7 44 7 1629 6 6 1 1 2 2 1630 27 27 0 0 0 0 0 0 0 0 0 17 17
29 21 50 79 90 51 30 5 101 117 695 107 1631 794 542 317 121 121 317 542 188 11 11 19 19 11 11 188 1 1 2 2 6 99 98 98 4 4 4 3 3 4 4 3 3 4
9 15 20 125 170 88 31 459 508 460 558 204 193 108 59 22 59 108 10 5 23 55 62 62 6 3 3 3 6 1 1 2 2
9 15 20 125 170 88 31 459 508 460 558 559 403 216 76 19 268 404 10 5 19 11 11 281 23 55 62 62 6 3 4 1 1 2 2 4 3 3 4
9 15 20 125 170 88 31 459 508 460 558 204 411 100 256 154 454 455 10 5 19 11 11 19 23 55 62 62 6 4 16 1 1 2 2 4 3 3 4
9 15 20 125 170 88 31 459 508 460 558 204 193 108 59 22 59 108 10 5 6 3 23 55 62 62 6 3 3 1 1 2 2
9 15 20 125 170 88 31 459 508 460 558 204 193 108 59 22 59 108 10 5 3 3 23 55 62 62 6 3 6 1 1 2 2
9 15 20 125 170 88 31 459 508 460 558 204 488 57 489 218 415 660 10 5 18 7 18 7 23 55 62 62 6 6 83 1 1 2 2 0 0 0 0 0 0
9 15 20 36 56 28 31 80 135 82 136 78 207 119 39 49 39 119 10 5 18 7 44 7 48 18 7 23 17 17 25 16 16 1 1 2 2 0 0 0 0 0 0 8 8 8 0 0 0
9 15 20 36 56 28 31 80 185 82 234 145 324 140 39 49 39 140 10 5 18 7 44 7 48 18 7 47 23 32 32 16 16 1 1 2 2 0 0 0 0 0 0 8 8 8 0 0 0 13 13 13
9 15 20 36 56 28 31 80 697 82 825 698 826 242 39 49 39 242 10 5 18 7 44 7 48 18 7 609 346 23 69 69 16 16 1 1 2 2 0 0 0 0 0 0 8 8 8 0 0 0 346
9 15 20 36 56 28 31 80 135 82 136 78 109 70 11 22 11 70 10 5 3 3 48 23 17 17 25 4 3 4 1 1 2 2 8 8 8
9 15 20 36 56 28 31 80 185 82 234 145 138 105 11 22 11 105 10 5 3 3 48 47 23 32 32 4 3 4 1 1 2 2 8 8 8 13 13 13
9 15 20 36 56 28 31 80 697 82 825 698 1101 221 11 22 11 221 10 5 3 3 48 609 346 23 69 69 4 3 4 1 1 2 2 8 8 8 346
9 15 20 36 56 28 31 80 135 82 136 78 109 70 11 22 11 70 10 5 3 3 48 3 23 17 17 25 4 4 1 1 2 2 8 8 8
9 15 20 36 56 28 31 80 185 82 234 145 138 105 11 22 11 105 10 5 3 3 48 3 47 23 32 32 4 4 1 1 2 2 8 8 8 13 13 13
9 15 20 36 56 28 31 80 697 82 698 1101 221 11 22 11 221 10 5 3 3 48 609 346 825 3 23 4 4 1 1 2 2 8 8 8 346 69 69
9 15 20 36 56 28 31 80 135 82 136 210 237 238 124 57 126 222 10 5 48 37 7 73 7 23 17 17 25 16 6 6 1 1 2 2 8 8 8 0 0 0 0 0 0
9 15 20 36 56 28 31 80 135 82 136 78 207 338 236 231 236 338 10 5 48 37 7 37 7 23 17 17 25 16 83 16 1 1 2 2 8 8 8 0 0 0 0 0 0
9 15 20 36 56 28 31 80 135 82 136 210 555 691 100 302 359 692 10 5 48 73 7 37 7 23 17 17 25 4 6 83 1 1 2 2 8 8 8 0 0 0 0 0 0
9 15 20 36 56 28 31 80 135 82 136 78 556 165 301 218 277 119 10 5 48 18 7 18 7 23 17 17 25 4 6 16 1 1 2 2 8 8 8 0 0 0 0 0 0
9 15 20 36 56 28 31 80 135 82 136 210 237 238 410 57 126 683 10 5 48 502 262 362 262 263 263 23 17 17 25 16 6 6 1 1 2 2 8 8 8 148 148 148 148 94 94 94 94 94 94
9 15 20 36 56 28 31 80 185 82 234 311 322 290 124 57 126 308 10 5 48 37 7 73 7 47 23 32 32 16 6 6 1 1 2 2 8 8 8 0 0 0 0 0 0 13 13 13
9 15 20 36 56 28 31 80 185 82 234 145 324 456 236 231 236 456 10 5 48 37 7 37 7 47 23 32 32 16 83 16 1 1 2 2 8 8 8 0 0 0 0 0 0 13 13 13
9 15 20 36 56 28 31 80 185 82 234 311 590 815 100 302 359 816 10 5 48 73 7 37 7 47 23 32 32 4 6 83 1 1 2 2 8 8 8 0 0 0 0 0 0 13 13 13
9 15 20 36 56 28 31 80 185 82 234 311 322 290 410 57 126 809 10 5 48 502 262 362 262 263 263 47 23 32 32 16 6 6 1 1 2 2 8 8 8 148 148 148 148 94 94 94 94 94 94 13 13 13
9 15 20 36 56 28 31 80 185 82 1632 1633 1634 140 39 49 39 140 10 5 18 7 44 7 48 18 7 1635 1636 1637 23 32 32 16 16 1 1 2 2 0 0 0 0 0 0 8 8 8 0 0 0 1102 1102 1638
9 15 20 36 56 28 31 80 185 82 1639 1640 1641 140 39 49 39 140 10 5 18 7 44 7 48 18 7 1642 1103 1103 23 32 32 16 16 1 1 2 2 0 0 0 0 0 0 8 8 8 0 0 0 1643 167 167 167 167 167 167
9 15 20 36 56 28 31 80 185 82 610 1104 699 140 39 49 39 140 10 5 18 7 44 7 48 18 7 632 575 23 32 32 16 16 1 1 2 2 0 0 0 0 0 0 8 8 8 0 0 0 377 377 14 14 14
9 15 20 36 56 28 31 80 135 82 136 241 321 307 158 19 197 337 10 5 19 48 11 11 168 23 17 17 25 4 3 4 1 1 2 2 4 8 8 8 3 3 4
9 15 20 36 56 28 31 80 135 82 136 241 321 1644 827 828 1105 1645 10 5 281 48 11 11 168 73 7 23 17 17 25 4 6 1 1 2 2 4 8 8 8 3 3 4 0 0 0
9 15 20 36 56 28 31 80 135 82 136 78 207 119 39 49 39 119 10 5 48 18 7 44 7 18 7 23 17 17 25 16 16 1 1 2 2 8 8 8 0 0 0 0 0 0 0 0 0
9 15 20 36 56 28 31 80 185 82 234 145 324 140 39 49 39 140 10 5 48 18 7 44 7 18 7 47 23 32 32 16 16 1 1 2 2 8 8 8 0 0 0 0 0 0 0 0 0 13 13 13
9 15 20 36 56 28 31 80 185 82 234 145 138 105 11 22 11 105 10 5 48 3 3 47 23 32 32 4 3 4 1 1 2 2 8 8 8 13 13 13
9 15 20 36 56 28 31 80 135 82 136 241 321 307 158 19 197 337 10 5 19 11 11 168 48 23 17 17 25 4 3 4 1 1 2 2 4 3 3 4 8 8 8
9 15 20 36 56 28 31 366 394 367 427 204 193 108 59 22 59 108 10 5 48 23 62 62 6 3 3 3 6 1 1 2 2 8 8 8
9 15 20 36 56 28 31 366 394 367 427 559 403 216 76 19 268 404 10 5 19 11 11 281 48 23 62 62 6 3 4 1 1 2 2 4 3 3 4 8 8 8
9 15 20 36 56 28 31 366 394 367 427 204 976 108 289 408 658 659 10 5 176 48 23 62 62 6 3 12 27 1 1 2 2 8 8 8 8 8 8
9 15 20 36 56 28 31 366 394 367 427 204 193 196 388 583 388 196 10 5 176 48 23 62 62 6 12 12 6 1 1 2 2 8 8 8 8 8 8
9 15 20 36 56 28 31 366 394 367 427 204 488 108 339 108 302 231 10 5 37 7 48 23 62 62 6 3 6 83 1 1 2 2 0 0 0 8 8 8
9 15 20 36 56 28 31 366 394 367 427 204 193 57 57 254 57 57 10 5 37 7 48 23 62 62 6 6 6 6 1 1 2 2 0 0 0 8 8 8
9 15 20 36 56 28 31 366 394 367 427 204 488 57 489 218 415 660 10 5 18 7 18 7 48 23 62 62 6 6 83 1 1 2 2 0 0 0 0 0 0 8 8 8
9 15 20 36 56 28 31 366 394 367 427 204 193 108 59 22 59 108 10 5 3 48 23 62 62 6 3 3 6 1 1 2 2 8 8 8
9 15 20 36 56 28 31 366 394 367 427 204 193 108 59 22 59 108 10 5 3 48 23 62 62 6 3 3 6 1 1 2 2 8 8 8
9 15 20 36 56 28 31 80 135 82 136 78 109 70 11 22 11 70 10 5 3 48 23 17 17 25 4 3 3 4 1 1 2 2 8 8 8
9 15 20 36 56 28 31 80 135 82 136 602 977 978 124 196 979 661 10 5 255 37 7 48 23 17 17 25 16 6 12 1 1 2 2 8 8 8 0 0 0 8 8 8
9 15 20 36 56 28 31 80 135 82 136 1646 980 981 216 289 479 982 10 5 255 73 7 48 23 17 17 25 6 3 12 1 1 2 2 8 8 8 0 0 0 8 8 8
9 15 20 36 56 28 31 80 135 82 136 210 237 238 124 57 126 222 10 5 37 7 73 7 48 23 17 17 25 16 6 6 1 1 2 2 0 0 0 0 0 0 8 8 8
9 15 20 36 56 28 31 80 185 82 234 311 322 290 124 57 126 308 10 5 37 7 73 7 47 48 23 32 32 16 6 6 1 1 2 2 0 0 0 0 0 0 13 13 13 8 8 8
9 15 20 36 56 28 31 80 135 82 136 78 207 338 236 231 236 338 10 5 37 7 37 7 48 23 17 17 25 16 83 16 1 1 2 2 0 0 0 0 0 0 8 8 8
9 15 20 36 56 28 31 80 135 82 136 78 207 119 39 49 39 119 10 5 18 7 18 7 44 7 48 23 17 17 25 16 16 1 1 2 2 0 0 0 0 0 0 0 0 0 8 8 8
9 15 20 36 56 28 31 80 135 82 136 210 784 785 413 388 591 222 10 5 176 8 8 8 48 73 7 23 17 17 25 55 12 6 1 1 2 2 8 8 8 0 0 0
9 15 20 36 56 28 31 80 135 82 136 78 983 984 985 659 986 338 10 5 176 8 8 8 37 7 48 23 17 17 25 55 27 16 1 1 2 2 0 0 0 8 8 8
9 15 20 36 56 28 31 483 1106 560 1107 343 586 360 316 19 317 991 10 5 19 11 11 188 48 23 33 33 33 33 12 3 4 1 1 2 2 4 3 3 4 8 8 8
9 15 20 36 56 28 31 483 1106 560 1107 499 540 416 191 57 177 389 10 5 129 7 37 7 48 23 33 33 33 33 27 6 6 1 1 2 2 0 0 0 0 0 0 8 8 8
9 15 20 36 56 28 31 80 135 82 136 602 1647 1648 413 582 611 661 10 5 255 176 48 23 17 17 25 55 12 12 1 1 2 2 8 8 8 8 8 8 8 8 8
9 15 20 36 56 28 31 80 135 82 136 602 1028 1649 100 191 1650 1651 10 5 255 48 37 7 23 17 17 25 4 6 27 1 1 2 2 8 8 8 8 8 8 0 0 0
9 15 20 36 56 28 31 80 135 82 136 210 784 785 413 388 591 222 10 5 48 73 7 176 23 17 17 25 55 12 6 1 1 2 2 8 8 8 0 0 0 8 8 8
9 15 20 36 56 28 31 80 135 82 136 210 555 691 100 302 359 692 10 5 48 73 7 37 7 23 17 17 25 4 6 83 1 1 2 2 8 8 8 0 0 0 0 0 0
9 15 20 36 56 28 31 80 185 82 234 311 590 815 100 302 359 816 10 5 48 73 7 37 7 47 23 32 32 4 6 83 1 1 2 2 8 8 8 0 0 0 0 0 0 13 13 13
9 15 20 36 56 28 31 80 185 82 234 145 324 456 236 231 236 456 10 5 48 47 37 7 37 7 23 32 32 16 83 16 1 1 2 2 8 8 8 13 13 13 0 0 0 0 0 0
9 15 20 36 56 28 31 80 135 82 136 78 556 165 301 218 277 119 10 5 48 18 7 18 7 23 17 17 25 4 6 16 1 1 2 2 8 8 8 0 0 0 0 0 0
9 15 20 36 56 28 31 80 185 82 234 145 690 344 301 218 277 140 10 5 48 18 7 18 7 47 23 32 32 4 6 16 1 1 2 2 8 8 8 0 0 0 0 0 0 13 13 13
9 15 20 36 56 28 31 80 135 82 136 210 237 238 410 57 126 683 10 5 48 362 263 262 502 263 262 23 17 17 25 16 6 6 1 1 2 2 8 8 8 94 94 94 148 148 94 94 94 148 148
9 15 20 36 56 28 31 80 185 82 234 311 322 290 410 57 126 809 10 5 48 362 263 262 502 263 262 47 23 32 32 16 6 6 1 1 2 2 8 8 8 94 94 94 148 148 94 94 94 148 148 13 13 13
9 15 20 36 56 28 31 80 185 82 234 311 1652 1653 413 388 591 308 10 5 48 73 7 176 8 8 8 47 23 32 32 55 12 6 1 1 2 2 8 8 8 0 0 0 13 13 13
9 15 20 36 56 28 31 80 135 82 136 241 321 307 158 19 197 337 10 5 48 19 11 11 168 23 17 17 25 4 3 4 1 1 2 2 8 8 8 4 3 3 4
9 15 20 36 56 28 31 80 185 82 234 432 662 685 158 19 197 686 10 5 48 19 11 11 168 47 23 32 32 4 3 4 1 1 2 2 8 8 8 4 3 3 4 13 13 13
9 15 20 125 170 88 31 461 700 462 701 241 321 307 158 19 197 337 10 5 19 11 11 168 23 55 17 17 25 4 3 4 1 1 2 2 4 3 3 4
9 15 20 125 170 88 31 461 700 462 701 78 109 70 11 22 11 70 10 5 3 23 55 17 17 25 4 3 3 4 1 1 2 2
9 15 20 125 170 88 31 461 700 462 701 78 207 119 39 49 39 119 10 5 18 7 18 7 44 7 23 55 17 17 25 16 16 1 1 2 2 0 0 0 0 0 0 0 0 0
9 15 20 125 170 88 31 461 700 462 701 210 237 238 124 57 126 222 10 5 37 7 73 7 23 55 17 17 25 16 6 6 1 1 2 2 0 0 0 0 0 0
9 15 20 125 171 88 186 314 347 315 348 181 326 53 34 22 34 53 10 5 187 43 25 17 17 12 3 3 3 12 1 1 2 2
9 15 20 125 171 88 186 561 612 562 613 287 433 53 34 22 34 53 10 5 47 187 43 32 32 12 3 3 3 12 1 1 2 2 13 13 13
9 15 20 125 171 88 186 314 347 315 348 181 544 114 72 49 72 114 10 5 18 7 44 7 18 7 187 43 25 17 17 27 27 1 1 2 2 0 0 0 0 0 0 0 0 0
9 15 20 125 171 88 186 561 612 562 613 287 470 114 72 49 72 114 10 5 18 7 44 7 18 7 47 187 43 32 32 27 27 1 1 2 2 0 0 0 0 0 0 0 0 0 13 13 13
9 15 20 125 171 88 186 314 1654 315 1655 1656 1657 1108 72 49 72 1108 10 5 18 7 44 7 18 7 1658 187 43 1659 1660 27 27 1 1 2 2 0 0 0 0 0 0 0 0 0 409 409 409
9 15 20 125 171 88 186 314 347 315 348 450 1030 496 329 443 603 604 10 5 18 7 44 7 548 7 187 43 25 17 17 12 6 1 1 2 2 0 0 0 0 0 0 0 0 0
9 15 20 125 171 88 186 561 612 562 613 605 1040 496 329 443 603 604 10 5 18 7 44 7 548 7 47 187 43 32 32 12 6 1 1 2 2 0 0 0 0 0 0 0 0 0 13 13 13
9 15 20 125 171 88 186 314 347 315 348 1034 1033 679 547 798 547 679 10 5 37 7 129 7 129 7 187 43 25 17 17 83 83 1 1 2 2 0 0 0 0 0 0 0 0 0
9 15 20 125 171 88 186 314 347 315 348 450 600 1031 354 415 1032 678 10 5 18 7 129 7 18 7 187 43 25 17 17 27 83 1 1 2 2 0 0 0 0 0 0 0 0 0
9 15 20 125 171 88 186 314 347 315 348 181 1661 203 329 218 354 114 10 5 18 7 18 7 187 43 25 17 17 12 6 27 1 1 2 2 0 0 0 0 0 0
9 15 20 125 171 88 186 314 347 315 348 181 544 253 269 231 269 253 10 5 37 7 37 7 187 43 25 17 17 27 83 27 1 1 2 2 0 0 0 0 0 0
9 15 20 125 171 88 186 561 612 562 613 287 470 253 269 231 269 253 10 5 37 7 37 7 47 187 43 32 32 27 83 27 1 1 2 2 0 0 0 0 0 0 13 13 13
9 15 20 125 171 88 186 314 347 315 348 450 600 246 191 57 177 239 10 5 129 7 37 7 187 43 25 17 17 27 6 6 1 1 2 2 0 0 0 0 0 0
9 15 20 125 171 88 186 561 612 562 613 605 1039 246 191 57 177 239 10 5 129 7 37 7 47 187 43 32 32 27 6 6 1 1 2 2 0 0 0 0 0 0 13 13 13
9 15 20 125 171 88 186 314 347 315 348 310 799 318 316 19 317 647 10 5 19 11 11 188 187 43 25 17 17 12 3 4 1 1 2 2 4 3 3 4
9 15 20 125 171 88 186 314 347 315 348 310 799 295 591 828 1662 1663 10 5 281 11 11 188 73 7 187 43 25 17 17 12 6 1 1 2 2 4 3 3 4 0 0 0
9 15 20 125 171 88 186 314 347 315 348 1664 1665 1666 1667 256 317 1668 10 5 19 11 11 188 129 7 187 43 25 17 17 6 4 1 1 2 2 4 3 3 4 0 0 0
9 15 20 125 171 88 186 314 347 315 348 181 326 203 1109 349 1109 203 10 5 702 349 226 59 22 59 226 187 43 25 17 17 12 6 6 12 1 1 2 2 6 3 3 3 6
9 15 20 125 171 88 186 314 1669 315 1670 319 132 34 22 34 132 10 5 797 771 187 43 292 12 3 3 3 12 1 1 2 2 441 441 33 33
9 15 20 125 171 88 186 561 1671 562 1672 319 132 34 22 34 132 10 5 1673 1674 501 187 43 12 3 3 3 12 1 1 2 2 266 266 33 33 13 13 13
9 15 20 36 56 28 31 80 135 82 136 10 5 48 210 237 1675 1676 1677 829 1110 268 19 11 11 19 73 7 73 7 23 17 17 1 1 2 2 8 8 8 25 16 16 4 3 3 4 0 0 0 0 0 0
9 15 20 36 56 28 31 80 135 82 136 10 5 48 241 1678 1679 277 277 1680 1681 197 19 11 11 19 18 7 18 7 23 17 17 1 1 2 2 8 8 8 25 16 16 4 3 3 4 0 0 0 0 0 0
9 15 20 36 56 28 31 80 135 82 136 10 5 48 1682 1683 1111 1112 1684 1112 1111 1685 19 11 11 19 48 48 48 48 23 17 17 1 1 2 2 8 8 8 25 4 3 3 4 8 8 8 8 8 8 8 8 8 8 8 8
9 15 20 36 56 28 31 80 135 82 136 10 5 48 210 1686 1687 248 256 827 222 73 7 154 19 11 22 11 19 23 17 17 1 1 2 2 8 8 8 25 43 4 6 0 0 0 4 3 3 3 4
9 15 20 36 56 28 31 80 135 82 136 78 109 70 11 22 11 70 10 5 48 23 17 17 25 4 3 3 3 4 1 1 2 2 8 8 8
9 15 20 36 56 28 31 80 135 82 136 210 555 814 11 59 216 222 10 5 48 73 7 23 17 17 25 4 3 3 6 1 1 2 2 8 8 8 0 0 0
9 15 20 36 56 28 31 80 135 82 136 78 556 70 76 108 124 338 10 5 48 37 7 23 17 17 25 4 3 6 16 1 1 2 2 8 8 8 0 0 0
9 15 20 36 56 28 31 80 135 82 136 78 109 165 100 254 100 165 10 5 48 37 7 23 17 17 25 4 6 6 4 1 1 2 2 8 8 8 0 0 0
9 15 20 36 56 28 31 80 135 82 136 78 109 70 11 22 11 70 10 5 48 4 23 17 17 25 4 3 3 3 1 1 2 2 8 8 8
9 15 20 36 56 28 31 80 135 82 136 78 109 70 11 22 11 70 10 5 48 3 23 17 17 25 4 3 3 4 1 1 2 2 8 8 8
9 15 20 36 56 28 31 80 135 82 136 78 109 70 11 22 11 70 10 5 48 3 23 17 17 25 4 3 3 4 1 1 2 2 8 8 8
9 15 20 36 56 28 31 80 135 82 136 78 109 70 11 22 11 70 10 5 48 3 23 17 17 25 4 3 3 4 1 1 2 2 8 8 8
9 15 20 36 56 28 31 80 185 82 234 145 690 105 76 108 124 456 10 5 48 37 7 47 23 32 32 4 3 6 16 1 1 2 2 8 8 8 0 0 0 13 13 13
9 15 20 36 56 28 31 80 185 82 234 145 138 344 100 254 100 344 10 5 48 37 7 47 23 32 32 4 6 6 4 1 1 2 2 8 8 8 0 0 0 13 13 13
9 15 20 36 56 28 31 80 185 82 234 145 138 105 11 22 11 105 10 5 48 4 47 23 32 32 4 3 3 3 1 1 2 2 8 8 8 13 13 13
9 15 20 36 56 28 31 80 185 82 234 145 138 105 11 22 11 105 10 5 48 3 47 23 32 32 4 3 3 4 1 1 2 2 8 8 8 13 13 13
9 15 20 36 56 28 31 80 185 82 234 145 138 105 11 22 11 105 10 5 48 3 47 23 32 32 4 3 3 4 1 1 2 2 8 8 8 13 13 13
9 15 20 125 170 88 31 459 508 460 1688 524 382 11 22 11 382 10 5 391 417 330 23 55 62 62 4 3 3 3 4 1 1 2 2
9 15 20 36 56 28 31 366 394 367 1689 524 382 11 22 11 382 10 5 391 417 330 48 23 62 62 4 3 3 3 4 1 1 2 2 8 8 8
9 15 20 125 170 88 31 461 1113 462 1690 145 324 140 39 49 39 140 10 5 18 7 18 7 44 7 47 23 55 32 32 16 16 1 1 2 2 0 0 0 0 0 0 0 0 0 13 13 13
9 15 20 125 170 88 31 461 1113 462 1691 1104 699 140 39 49 39 140 10 5 18 7 18 7 44 7 632 575 23 55 32 32 16 16 1 1 2 2 0 0 0 0 0 0 0 0 0 377 377 14 14 14
9 15 20 125 170 88 31 461 1114 462 1692 698 826 242 39 49 39 242 10 5 18 7 18 7 44 7 609 346 23 55 69 69 16 16 1 1 2 2 0 0 0 0 0 0 0 0 0 346
9 15 20 125 171 88 186 830 831 832 356 97 755 434 39 49 39 434 10 5 18 7 18 7 44 7 187 43 4 4 16 16 1 1 2 2 0 0 0 0 0 0 0 0 0
9 15 20 125 171 88 186 830 831 832 356 97 696 469 301 218 277 434 10 5 18 7 18 7 187 43 4 4 4 6 16 1 1 2 2 0 0 0 0 0 0
9 15 20 125 171 88 186 830 831 832 356 97 754 469 100 254 100 469 10 5 37 7 187 43 4 4 4 6 6 4 1 1 2 2 0 0 0
9 15 20 125 170 88 31 833 834 835 836 332 545 175 72 49 72 175 10 5 18 7 18 7 44 7 23 55 33 33 33 33 27 27 1 1 2 2 0 0 0 0 0 0 0 0 0
9 15 20 125 170 88 31 833 834 835 836 332 1693 426 329 218 354 175 10 5 18 7 18 7 23 55 33 33 33 33 12 6 27 1 1 2 2 0 0 0 0 0 0
9 15 20 125 170 88 31 833 834 835 836 332 319 426 196 254 196 426 10 5 37 7 23 55 33 33 33 33 12 6 6 12 1 1 2 2 0 0 0
9 15 20 36 56 28 31 80 697 82 1694 10 5 48 350 246 191 57 177 239 129 7 37 7 23 69 69 1 1 2 2 8 8 8 27 6 6 0 0 0 0 0 0
9 15 20 36 56 28 31 483 837 560 838 10 5 48 1695 839 840 1696 1697 1115 329 1698 1699 18 7 548 7 23 393 393 1 1 2 2 8 8 8 552 223 223 71 71 12 6 0 0 0 0 0 0
9 15 20 36 56 28 31 483 1700 560 1701 10 5 48 1702 1703 1704 1705 1706 525 124 196 1707 37 7 23 1116 1116 1 1 2 2 8 8 8 1708 192 146 16 6 12 0 0 0
9 15 20 36 56 28 31 80 1709 82 1710 10 5 48 395 445 1711 1712 1713 1714 1715 354 354 1716 18 7 18 7 23 63 63 1 1 2 2 8 8 8 123 123 33 33 63 63 27 27 0 0 0 0 0 0
9 15 20 36 56 28 31 80 185 82 610 10 5 48 841 1717 1117 810 563 1718 100 191 657 37 7 23 32 32 1 1 2 2 8 8 8 33 33 266 266 4 6 27 0 0 0
9 15 20 36 56 28 31 80 185 82 610 10 5 48 841 1719 1720 1721 563 1074 76 688 1118 129 7 23 32 32 1 1 2 2 8 8 8 33 33 266 266 4 3 6 0 0 0
9 15 20 36 56 28 31 80 185 82 610 10 5 48 841 1722 1117 810 563 1723 277 354 1724 18 7 18 7 23 32 32 1 1 2 2 8 8 8 33 33 266 266 16 27 0 0 0 0 0 0
9 15 20 125 170 88 10 5 31 461 1114 462 1725 1726 542 317 121 121 317 542 188 11 11 19 19 11 11 188 1 1 2 2 23 55 69 69 4 4 4 3 3 4 4 3 3 4
9 15 20 36 56 28 31 483 837 560 838 10 5 48 1119 839 840 1727 1728 1729 191 196 1730 37 7 23 393 393 1 1 2 2 8 8 8 552 223 223 71 71 27 6 12 0 0 0
9 15 20 36 56 28 31 483 837 560 838 10 5 48 1119 839 840 1731 1732 1115 196 191 1733 37 7 23 393 393 1 1 2 2 8 8 8 552 223 223 71 71 12 6 27 0 0 0
9 15 20 125 170 88 31 459 1734 460 10 5 1735 806 23 55 1 1 2 2 550 550 572
9 15 20 36 56 28 31 366 1736 367 10 5 1737 806 48 23 1 1 2 2 550 550 572 8 8 8
9 15 20 368 170 88 303 509 564 510 10 5 369 428 395 565 288 386 53 34 22 34 53 55 1 1 2 2 106 106 123 123 63 63 63 63 12 3 3 3 12
9 15 20 368 170 88 303 509 564 510 10 5 369 428 395 565 288 386 182 235 173 235 182 205 146 243 257 244 258 198 199 259 206 156 157 55 1 1 2 2 106 106 123 123 63 63 63 63 12 4 4 12 192 245 147 147 95 118 118 95
9 15 20 368 170 88 303 509 564 510 10 5 369 428 395 565 288 386 203 196 254 196 203 37 7 55 1 1 2 2 106 106 123 123 63 63 63 63 12 6 6 12 0 0 0
9 15 20 368 170 88 303 509 564 510 10 5 369 428 395 565 288 387 253 269 231 269 253 37 7 37 7 55 1 1 2 2 106 106 123 123 63 63 63 63 27 83 27 0 0 0 0 0 0
9 15 20 368 170 88 303 509 564 510 10 5 369 428 395 565 288 386 53 34 22 34 53 3 12 55 1 1 2 2 106 106 123 123 63 63 63 63 12 3 3
9 15 20 368 170 88 303 509 564 510 10 5 369 428 395 565 288 386 53 34 22 34 53 3 3 55 1 1 2 2 106 106 123 123 63 63 63 63 12 3 12
9 15 20 368 170 88 303 509 1738 510 10 5 1739 1740 1741 1742 1743 1744 422 801 480 34 22 34 480 1745 55 1 1 2 2 106 106 266 266 32 32 62 62 12 3 3 3 12
64 21 1746 1747 1748 1749 1750 1751 1752 1753 1754 826 242 39 49 39 242 40 5 1755 609 346 1756 18 7 44 7 18 7 6 1757 1758 16 16 1 1 2 2 409 409 409 346 32 32 0 0 0 0 0 0 0 0 0
64 21 614 842 1120 843 615 844 1759 1121 1760 1761 242 39 49 39 242 40 5 1122 1762 346 1763 18 7 44 7 18 7 517 169 169 845 1123 16 16 1 1 2 2 167 167 167 346 42 42 0 0 0 0 0 0 0 0 0
64 21 614 842 1120 843 615 844 1764 1121 500 1064 119 39 49 39 119 40 5 1122 1765 18 7 44 7 18 7 517 169 169 845 1123 292 16 16 1 1 2 2 167 167 167 169 169 0 0 0 0 0 0 0 0 0
64 21 614 1124 1125 846 615 1126 364 1127 1128 1129 601 175 72 49 72 175 40 5 18 7 18 7 44 7 517 169 169 143 42 42 68 68 71 71 27 27 1 1 2 2 0 0 0 0 0 0 0 0 0
64 21 614 1124 1125 846 615 1126 364 1127 1128 1129 1766 426 329 218 354 175 40 5 18 7 18 7 517 169 169 143 42 42 68 68 71 71 12 6 27 1 1 2 2 0 0 0 0 0 0
64 35 120 616 617 618 369 428 395 847 1767 1768 40 5 246 191 57 177 239 129 7 37 7 106 106 123 123 63 63 63 63 1 1 2 2 27 6 6 0 0 0 0 0 0
64 35 120 616 617 618 369 428 395 847 288 387 40 5 114 72 49 72 114 18 7 18 7 44 7 106 106 123 123 63 63 63 63 1 1 2 2 27 27 0 0 0 0 0 0 0 0 0
64 35 120 616 617 618 369 428 395 847 288 387 40 5 114 72 49 72 114 18 7 18 7 44 7 27 106 106 123 123 63 63 63 63 1 1 2 2 27 0 0 0 0 0 0 0 0 0
64 35 120 616 617 618 369 1130 1769 1131 545 40 5 175 72 49 72 175 18 7 18 7 44 7 1770 1771 106 106 123 123 63 63 1 1 2 2 27 27 0 0 0 0 0 0 0 0 0 123 123 33 33
64 35 120 616 617 618 369 1130 1772 1131 601 40 5 175 72 49 72 175 18 7 18 7 44 7 664 1773 1774 106 106 123 123 63 63 1 1 2 2 27 27 0 0 0 0 0 0 0 0 0 71 71 1132 1132 341 341
9 15 20 36 137 28 31 131 178 179 109 10 5 115 97 173 97 115 78 205 146 243 257 244 199 198 258 259 206 157 156 23 17 17 1 1 2 2 4 4 4 4 25 192 245 95 147 147 118 118 95
9 15 20 36 137 28 31 131 370 371 138 10 5 149 97 173 97 149 145 205 146 243 257 244 199 198 258 259 206 157 156 47 23 32 32 1 1 2 2 4 4 4 4 192 245 95 147 147 118 118 95 13 13 13
9 15 20 36 137 28 31 131 178 179 207 10 5 119 39 49 39 119 78 18 7 44 7 18 7 23 17 17 1 1 2 2 16 16 25 0 0 0 0 0 0 0 0 0
9 15 20 36 137 28 31 131 178 179 109 10 5 70 11 22 11 70 78 3 3 3 23 17 17 1 1 2 2 4 4 25
9 15 20 36 137 28 31 131 178 179 109 10 5 70 11 22 11 70 78 3 3 23 17 17 1 1 2 2 4 3 4 25
9 15 20 36 137 28 31 131 178 179 237 10 5 238 124 57 126 222 210 37 7 73 7 23 17 17 1 1 2 2 16 6 6 25 0 0 0 0 0 0
9 21 38 144 264 139 111 295 363 310 207 10 5 119 39 49 39 119 78 18 7 18 7 44 7 6 12 17 17 1 1 2 2 16 16 25 0 0 0 0 0 0 0 0 0
9 21 38 144 264 139 111 295 363 310 556 10 5 165 301 218 277 119 78 18 7 18 7 6 12 17 17 1 1 2 2 4 6 16 25 0 0 0 0 0 0
9 21 38 144 264 139 111 295 363 310 109 10 5 165 100 254 100 165 78 37 7 6 12 17 17 1 1 2 2 4 6 6 4 25 0 0 0
9 21 38 144 264 139 111 295 363 310 237 10 5 238 124 57 126 222 210 73 7 37 7 6 12 17 17 1 1 2 2 16 6 6 25 0 0 0 0 0 0
9 21 38 144 264 139 111 295 363 310 237 10 5 238 410 57 126 683 210 362 262 502 262 263 263 6 12 17 17 1 1 2 2 16 6 6 25 148 148 148 148 94 94 94 94 94 94
9 21 38 144 264 139 111 295 363 310 109 10 5 70 11 22 11 70 78 3 3 6 12 17 17 1 1 2 2 4 3 4 25
9 21 38 144 264 139 111 295 363 310 321 10 5 307 158 19 197 337 241 19 11 11 168 6 12 17 17 1 1 2 2 4 3 4 25 4 3 3 4
9 21 38 144 264 139 111 295 363 310 109 10 5 70 11 22 11 70 78 6 12 17 17 1 1 2 2 4 3 3 3 4 25
9 21 38 144 264 139 111 295 363 310 109 10 5 115 97 173 97 115 78 205 146 529 530 532 533 157 156 531 199 198 6 12 17 17 1 1 2 2 4 4 4 4 25 192 534 336 336 95 95
9 21 38 144 264 139 111 295 549 497 322 10 5 290 124 57 126 308 311 73 7 37 7 47 6 12 32 32 1 1 2 2 16 6 6 0 0 0 0 0 0 13 13 13
9 21 38 144 264 139 111 295 549 497 138 10 5 105 11 22 11 105 145 3 3 47 6 12 32 32 1 1 2 2 4 3 4 13 13 13
9 21 38 144 264 139 111 295 549 497 662 10 5 685 158 19 197 686 432 19 11 11 168 47 6 12 32 32 1 1 2 2 4 3 4 4 3 3 4 13 13 13
9 21 38 144 703 139 111 704 705 706 488 10 5 57 489 218 415 660 204 18 7 18 7 6 12 62 62 1 1 2 2 6 6 83 0 0 0 0 0 0
9 21 38 144 703 139 111 704 705 706 193 10 5 108 59 22 59 108 204 3 3 6 12 62 62 1 1 2 2 6 3 6
9 21 38 144 703 139 111 704 705 706 403 10 5 216 76 19 268 404 559 19 11 11 281 6 12 62 62 1 1 2 2 6 3 4 4 3 3 4
9 21 38 144 703 139 111 704 705 706 411 10 5 100 256 154 454 455 204 19 11 11 19 6 12 62 62 1 1 2 2 6 4 16 4 3 3 4
9 21 38 144 264 139 111 295 549 497 138 10 5 149 97 173 97 149 145 205 146 529 530 532 533 157 156 531 199 198 47 6 12 32 32 1 1 2 2 4 4 4 4 192 534 336 336 95 95 13 13 13
9 15 20 36 137 28 31 131 178 179 10 5 78 207 119 39 49 39 119 18 7 44 7 18 7 23 17 17 1 1 2 2 25 16 16 0 0 0 0 0 0 0 0 0
9 15 20 36 137 28 31 131 178 179 10 5 210 237 222 126 57 124 238 37 7 73 7 23 17 17 1 1 2 2 25 6 6 16 0 0 0 0 0 0
9 15 20 36 137 28 31 131 370 371 10 5 145 324 140 39 49 39 140 18 7 44 7 18 7 47 23 32 32 1 1 2 2 16 16 0 0 0 0 0 0 0 0 0 13 13 13
9 15 20 36 137 28 31 131 370 371 10 5 311 322 308 126 57 124 290 37 7 73 7 47 23 32 32 1 1 2 2 6 6 16 0 0 0 0 0 0 13 13 13
9 15 20 36 137 28 31 131 178 179 10 5 78 109 115 121 154 121 115 4 4 154 19 11 11 19 23 17 17 1 1 2 2 25 4 4 4 3 3 4
9 21 38 144 264 139 111 295 1775 633 10 5 53 34 22 34 53 895 6 12 1 1 2 2 12 3 3 3 12 69 69
9 15 20 36 396 28 31 397 398 399 10 5 204 193 108 59 22 59 108 23 62 62 1 1 2 2 6 3 3 3 6
9 15 20 36 396 28 31 397 398 399 10 5 559 403 404 268 19 76 216 19 11 11 281 23 62 62 1 1 2 2 4 3 6 4 3 3 4
9 15 20 36 396 28 31 397 398 399 10 5 204 411 455 454 154 256 100 19 11 11 19 23 62 62 1 1 2 2 16 4 6 4 3 3 4
9 15 20 36 137 28 31 131 178 179 10 5 241 321 337 197 19 158 307 19 11 11 168 23 17 17 1 1 2 2 25 4 3 4 4 3 3 4
9 15 20 36 137 28 31 131 178 179 10 5 78 250 576 248 154 121 115 19 11 11 19 23 17 17 1 1 2 2 25 43 4 4 4 3 3 4
9 15 20 36 396 28 31 397 398 399 10 5 204 411 455 454 154 256 100 19 11 11 19 23 62 62 1 1 2 2 16 4 6 4 3 3 4
9 15 20 36 137 28 31 131 178 179 10 5 210 1776 814 11 59 133 1777 1778 349 226 59 22 59 226 23 17 17 1 1 2 2 25 4 3 3 6 6 3 3 3 6
9 15 20 36 137 28 31 131 178 179 10 5 78 109 165 707 349 707 165 702 349 226 59 22 59 226 23 17 17 1 1 2 2 25 4 6 6 4 6 3 3 3 6
9 15 20 36 137 28 31 131 178 179 10 5 241 321 307 11 11 168 337 197 19 11 22 11 19 23 17 17 1 1 2 2 25 4 3 3 4 4 3 3 3 4
9 15 20 36 137 28 31 131 370 371 10 5 145 379 756 248 154 121 149 19 11 11 19 47 23 32 32 1 1 2 2 43 4 4 4 3 3 4 13 13 13
9 15 20 36 137 28 31 131 178 179 10 5 78 109 70 11 22 11 70 4 3 23 17 17 1 1 2 2 25 3 3 4
9 15 20 36 137 28 31 131 370 371 10 5 145 138 105 11 22 11 105 47 3 3 23 32 32 1 1 2 2 4 3 4 13 13 13
9 15 20 36 137 28 31 131 370 371 10 5 145 138 105 11 22 11 105 47 3 3 3 23 32 32 1 1 2 2 4 4 13 13 13
9 15 20 36 137 28 31 131 178 179 10 5 78 109 165 100 254 100 165 37 7 23 17 17 1 1 2 2 25 4 6 6 4 0 0 0
9 15 20 36 137 28 31 131 370 371 10 5 311 322 308 126 57 124 290 47 73 7 37 7 23 32 32 1 1 2 2 6 6 16 13 13 13 0 0 0 0 0 0
9 21 38 144 681 139 111 848 682 343 319 10 5 331 235 173 235 331 332 205 146 243 257 244 258 198 199 259 206 156 157 6 12 33 33 1 1 2 2 12 4 4 12 33 33 192 245 147 147 95 118 118 95
9 21 1779 1780 1781 139 1782 1783 1784 343 319 10 5 331 235 173 235 331 332 205 146 243 257 244 258 198 199 259 206 156 157 268 19 11 22 11 19 55 33 33 1 1 2 2 12 4 4 12 33 33 192 245 147 147 95 118 118 95 4 3 3 3 4
9 15 20 588 708 28 414 1785 709 365 10 5 1786 804 124 57 126 793 73 7 37 7 8 8 8 1 1 2 2 16 6 6 0 0 0 0 0 0
9 15 20 232 566 28 335 710 711 567 10 5 1787 246 191 57 177 239 129 7 37 7 1788 8 8 8 1 1 2 2 27 6 6 0 0 0 0 0 0 98 98
9 15 20 232 566 28 303 1133 1134 567 10 5 540 416 191 57 177 389 129 7 37 7 1135 992 8 8 8 1 1 2 2 27 6 6 0 0 0 0 0 0 106 106 33 33
9 15 20 588 708 28 414 849 709 365 10 5 1789 511 39 49 39 511 18 7 18 7 44 7 8 8 8 1 1 2 2 16 16 0 0 0 0 0 0 0 0 0
9 15 20 232 566 28 335 710 711 567 10 5 1136 114 72 49 72 114 18 7 18 7 44 7 850 8 8 8 1 1 2 2 27 27 0 0 0 0 0 0 0 0 0 98 98
9 15 20 232 566 28 303 1133 1134 567 10 5 545 175 72 49 72 175 18 7 18 7 44 7 1135 788 8 8 8 1 1 2 2 27 27 0 0 0 0 0 0 0 0 0 106 106 33 33
9 15 20 36 851 28 31 852 1137 10 5 540 416 191 57 177 389 129 7 37 7 1138 499 23 1 1 2 2 27 6 6 0 0 0 0 0 0 33 33 33 33
9 15 20 36 851 28 31 852 1790 10 5 1024 416 191 57 177 389 129 7 37 7 1026 1791 1792 23 1 1 2 2 27 6 6 0 0 0 0 0 0 71 71 341 341 71 71
9 15 20 588 708 28 414 849 709 365 10 5 782 249 11 22 11 249 8 8 8 1 1 2 2 4 3 3 3 4
9 15 20 588 708 28 414 849 709 365 10 5 782 249 11 22 11 249 3 3 8 8 8 1 1 2 2 4 3 4
9 15 20 232 566 28 335 710 711 567 10 5 378 53 34 22 34 53 850 8 8 8 1 1 2 2 12 3 3 3 12 98 98
9 15 20 1793 1794 853 1795 1796 1797 10 5 1798 19 11 22 11 19 743 3 1 1 2 2 4 3 3 4 247 247 247
9 15 20 232 1799 28 965 1800 1801 10 5 633 53 34 22 34 53 968 1802 1 1 2 2 12 3 3 3 12 247 247 247 69 69
9 15 20 232 334 28 303 712 713 10 5 714 715 1803 271 1 1 2 2 71 71 45 45 46 46 46 46
9 15 20 232 334 28 303 712 713 10 5 715 492 574 854 714 1 1 2 2 45 45 46 46 41 41 46 46 71 71
9 15 20 232 334 28 303 712 713 10 5 714 715 492 419 419 854 1 1 2 2 71 71 45 45 46 46 41 41 41 41 46 46
9 15 20 232 334 28 303 712 713 10 5 714 854 419 275 275 275 275 419 492 715 1 1 2 2 71 71 46 46 41 41 41 41 41 41 41 41 41 41 41 41 46 46 45 45
9 15 20 232 334 28 335 1804 444 10 5 1805 1806 1807 563 975 105 11 22 11 105 1 1 2 2 33 33 67 67 266 266 4 3 3 3 4
9 15 20 232 566 28 335 710 711 10 5 567 850 1136 114 72 49 72 114 27 18 7 44 7 18 7 1 1 2 2 8 8 8 98 98 27 0 0 0 0 0 0 0 0 0
9 15 20 36 851 28 31 852 1137 10 5 545 175 72 49 72 175 27 18 7 44 7 18 7 1138 332 23 1 1 2 2 27 0 0 0 0 0 0 0 0 0 33 33 33 33
9 15 20 36 137 28 31 131 178 10 5 207 119 39 49 39 119 16 18 7 44 7 18 7 179 78 23 1 1 2 2 16 0 0 0 0 0 0 0 0 0 17 17 25
9 15 20 36 137 28 31 131 178 179 10 5 78 23 207 119 39 49 39 119 18 7 44 7 18 7 17 17 1 1 2 2 25 16 16 0 0 0 0 0 0 0 0 0
9 15 20 36 137 28 31 131 178 179 10 5 210 23 237 222 126 57 124 238 37 7 73 7 17 17 1 1 2 2 25 6 6 16 0 0 0 0 0 0
9 15 20 36 137 28 31 131 370 371 10 5 145 23 324 140 39 49 39 140 18 7 44 7 18 7 47 32 32 1 1 2 2 16 16 0 0 0 0 0 0 0 0 0 13 13 13
9 15 20 36 137 28 31 131 370 371 10 5 311 23 322 308 126 57 124 290 37 7 73 7 47 32 32 1 1 2 2 6 6 16 0 0 0 0 0 0 13 13 13
9 15 20 36 137 28 31 131 178 179 10 5 78 23 109 115 121 154 121 115 4 4 154 19 11 11 19 17 17 1 1 2 2 25 4 4 4 3 3 4
9 21 38 431 526 402 152 716 527 197 10 5 19 11 22 11 19 6 4 1 1 2 2 4 3 3 3 4
9 21 38 431 526 402 152 716 527 197 10 5 19 11 22 11 19 3 6 4 1 1 2 2 4 3 3 4
9 21 38 431 526 402 152 716 527 197 10 5 19 11 22 11 19 3 3 6 4 1 1 2 2 4 3 4
9 21 38 431 526 402 152 716 527 1808 10 5 717 39 49 39 717 44 7 18 7 18 7 6 4 1 1 2 2 16 16 0 0 0 0 0 0 0 0 0
9 15 20 36 137 28 31 131 178 179 10 5 241 321 1809 855 19 158 307 1810 248 248 619 19 11 11 19 23 17 17 1 1 2 2 25 4 3 4 43 43 4 3 3 4
9 15 20 36 137 28 31 131 178 179 10 5 78 250 576 1811 248 121 115 619 248 248 619 19 11 11 19 23 17 17 1 1 2 2 25 43 4 4 43 43 4 3 3 4
9 15 20 36 137 28 31 131 178 179 10 5 602 1812 1813 1814 188 158 1029 1815 1139 856 318 34 11 188 23 17 17 1 1 2 2 25 4 3 4 69 69 12 3 3 4
9 15 20 36 137 28 31 131 178 179 10 5 78 1816 1817 856 718 115 1140 1017 1139 856 318 34 11 188 23 17 17 1 1 2 2 25 55 4 4 69 69 12 3 3 4
9 15 20 36 137 28 31 131 178 179 10 5 210 1818 1141 1142 829 1110 237 673 1143 1144 133 59 11 281 73 7 23 17 17 1 1 2 2 25 16 16 6 3 3 4 0 0 0
9 15 20 36 137 28 31 131 178 179 10 5 78 718 719 1145 1819 250 115 1146 719 674 188 11 11 168 1147 795 23 17 17 1 1 2 2 25 4 43 4 4 3 3 4 543 543 14 14 14
9 15 20 36 137 28 31 131 178 179 10 5 78 1820 1821 1148 718 115 1140 1822 1823 1148 1824 34 11 188 1825 23 17 17 1 1 2 2 25 55 4 4 1826 12 3 3 4 1827
9 15 20 36 137 28 31 131 178 179 10 5 78 576 1828 787 1149 115 250 619 855 787 19 11 11 168 43 23 17 17 1 1 2 2 25 43 4 4 4 3 3 4
9 15 20 36 137 28 31 131 178 179 10 5 241 19 1829 1830 1831 307 158 619 855 1832 19 11 11 168 43 23 17 17 1 1 2 2 25 4 4 3 4 3 3 4
9 15 20 36 137 28 31 131 370 371 10 5 311 1833 1141 1142 829 974 322 673 1143 1144 133 59 11 281 73 7 47 23 32 32 1 1 2 2 16 16 6 3 3 4 0 0 0 13 13 13
9 15 20 36 137 28 31 131 370 371 10 5 145 718 719 1145 1834 379 149 1146 719 674 188 11 11 168 1147 795 47 23 32 32 1 1 2 2 4 43 4 4 3 3 4 543 543 14 14 14 13 13 13
9 15 20 36 396 28 31 397 398 399 10 5 559 403 404 281 11 59 216 268 19 11 22 11 19 23 62 62 1 1 2 2 4 3 3 6 4 3 3 3 4
9 15 20 36 396 28 31 397 398 399 10 5 204 411 455 454 19 76 108 154 19 11 22 11 19 23 62 62 1 1 2 2 16 4 3 6 4 3 3 3 4
9 15 20 36 396 28 31 397 398 399 10 5 204 193 100 256 154 256 100 154 19 11 22 11 19 23 62 62 1 1 2 2 6 4 4 6 4 3 3 3 4
9 15 20 36 396 28 31 397 398 399 10 5 204 488 1835 1150 226 339 108 349 226 59 22 59 226 702 23 62 62 1 1 2 2 83 6 3 6 6 3 3 3 6
9 15 20 36 396 28 31 397 398 399 10 5 1836 1837 1838 1093 59 59 1094 349 226 59 22 59 226 1839 23 62 62 1 1 2 2 6 3 3 6 6 3 3 3 6
9 15 20 36 396 28 31 397 398 399 10 5 204 193 57 313 349 313 57 349 226 59 22 59 226 702 23 62 62 1 1 2 2 6 6 6 6 6 3 3 3 6
296 297 298 720 721 568 722 723 724 725 4 286 349 726 226 59 22 59 226 3 6 27 1 1 8 8 8 6 3 3 6
296 297 298 720 721 568 722 723 724 725 4 286 349 726 226 59 22 59 226 3 3 6 27 1 1 8 8 8 6 3 6
296 297 298 720 721 568 722 723 724 725 4 286 349 726 707 430 467 430 707 352 96 96 6 27 1 1 8 8 8 6 4 4 6
296 297 298 720 721 568 722 723 724 725 4 286 1150 726 313 489 218 415 1096 18 7 18 7 6 27 1 1 8 8 8 6 6 83 0 0 0 0 0 0
296 297 298 372 373 300 345 374 463 4 286 237 270 222 126 57 124 238 464 210 73 7 37 7 6 27 1 1 8 8 8 6 6 16 17 17 25 0 0 0 0 0 0
296 297 298 372 373 300 345 374 463 4 286 207 270 338 236 231 236 338 464 78 37 7 37 7 6 27 1 1 8 8 8 16 83 16 17 17 25 0 0 0 0 0 0
296 297 298 372 373 300 345 374 463 4 286 555 270 692 359 302 100 691 464 210 73 7 37 7 6 27 1 1 8 8 8 83 6 4 17 17 25 0 0 0 0 0 0
296 297 298 372 373 300 345 374 463 4 286 207 270 119 39 49 39 119 464 78 44 7 18 7 18 7 6 27 1 1 8 8 8 16 16 17 17 25 0 0 0 0 0 0 0 0 0
296 297 298 372 373 300 345 374 463 4 286 109 270 70 11 22 11 70 464 78 4 3 6 27 1 1 8 8 8 3 3 4 17 17 25
296 297 298 372 373 300 345 374 463 4 286 109 270 70 11 22 11 70 464 78 3 3 6 27 1 1 8 8 8 4 3 4 17 17 25
296 297 298 372 373 300 345 374 463 4 286 109 270 70 11 22 11 70 464 78 4 3 6 27 1 1 8 8 8 3 3 4 17 17 25
296 297 298 372 373 300 345 374 463 4 286 109 270 70 11 22 11 70 464 78 3 6 27 1 1 8 8 8 4 3 3 4 17 17 25
296 297 298 372 373 300 345 374 857 4 286 322 270 308 126 57 124 290 858 311 73 7 37 7 47 6 27 1 1 8 8 8 6 6 16 32 32 0 0 0 0 0 0 13 13 13
296 297 298 372 373 300 345 374 857 4 286 324 270 456 236 231 236 456 858 145 37 7 37 7 47 6 27 1 1 8 8 8 16 83 16 32 32 0 0 0 0 0 0 13 13 13
296 297 298 372 373 300 345 374 857 4 286 324 270 140 39 49 39 140 858 145 44 7 18 7 18 7 47 6 27 1 1 8 8 8 16 16 32 32 0 0 0 0 0 0 0 0 0 13 13 13
29 21 50 278 155 51 279 400 280 30 5 727 249 11 22 11 249 83 1 1 2 2 4 3 3 3 4
29 21 50 278 155 51 279 400 280 30 5 859 511 39 49 39 511 18 7 44 7 18 7 83 1 1 2 2 16 16 0 0 0 0 0 0 0 0 0
29 21 50 278 155 51 279 728 280 30 5 1840 568 301 443 654 1841 44 7 18 7 655 7 83 1 1 2 2 4 6 0 0 0 0 0 0 0 0 0
29 21 50 278 155 51 279 1842 280 30 5 1843 1151 359 798 359 1151 37 7 73 7 73 7 83 1 1 2 2 83 83 0 0 0 0 0 0 0 0 0
29 21 50 278 155 51 279 728 280 30 5 1152 1844 277 415 1845 1153 18 7 73 7 18 7 83 1 1 2 2 16 83 0 0 0 0 0 0 0 0 0
29 21 50 278 155 51 279 728 280 30 5 1152 804 124 57 126 793 73 7 37 7 83 1 1 2 2 16 6 6 0 0 0 0 0 0
29 21 50 278 155 51 279 400 280 30 5 859 824 236 231 236 824 37 7 37 7 83 1 1 2 2 16 83 16 0 0 0 0 0 0
29 21 50 278 155 51 279 400 280 30 5 1846 1847 301 218 277 511 18 7 18 7 83 1 1 2 2 4 6 16 0 0 0 0 0 0
29 21 50 278 155 51 279 728 280 30 5 1848 568 100 302 359 1153 37 7 73 7 83 1 1 2 2 4 6 83 0 0 0 0 0 0
29 21 50 278 155 51 279 400 280 30 5 727 249 11 22 11 249 3 3 83 1 1 2 2 4 3 4
29 21 50 278 155 51 279 400 280 30 5 727 249 11 22 11 249 4 4 83 1 1 2 2 3 3 3
29 21 50 278 155 51 279 400 280 30 5 859 511 1154 1849 1154 511 18 7 1850 18 7 83 1 1 2 2 16 16 0 0 0 748 0 0 0
29 21 50 278 155 51 279 1155 280 30 5 1851 1852 277 277 1853 1854 18 7 18 7 282 96 96 83 1 1 2 2 16 16 0 0 0 0 0 0
29 21 50 278 155 51 279 400 280 30 5 727 620 121 154 121 620 154 19 11 22 11 19 83 1 1 2 2 4 4 4 4 4 3 3 3 4
29 21 50 278 155 51 279 400 280 30 5 1855 1156 1157 934 1157 1156 83 1 1 2 2 860 439 439 860
29 21 50 278 155 51 279 400 280 30 5 1856 620 121 154 248 634 19 11 11 19 83 1 1 2 2 4 4 43 4 3 3 4
29 21 50 278 155 51 279 1155 280 30 5 1857 1858 827 828 1105 1859 281 11 11 168 73 7 83 1 1 2 2 4 6 4 3 3 4 0 0 0
1860 1861 1862 368 20 15 9 88 1863 1864 1158 729 730 730 729 1159 1159 729 730 730 729 1158 10 5 1865 1866 731 599 732 732 599 731 731 599 732 732 599 731 1 1 2 2
29 21 50 733 90 51 861 1867 107 30 5 378 53 34 22 34 53 823 518 1 1 2 2 12 3 3 3 12 98 98
29 21 50 733 90 51 861 1160 107 30 5 207 119 39 49 39 119 219 172 18 7 44 7 18 7 518 1 1 2 2 16 16 66 66 25 0 0 0 0 0 0 0 0 0
29 21 50 733 90 51 861 1160 107 30 5 237 238 124 57 126 222 219 490 37 7 73 7 518 1 1 2 2 16 6 6 66 66 25 0 0 0 0 0 0
29 21 50 733 90 51 1868 1869 503 30 5 411 100 256 154 454 455 504 267 19 11 11 19 518 1 1 2 2 6 4 16 122 122 4 3 3 4
64 35 120 862 1161 621 689 1083 1870 1871 1872 40 5 175 72 49 72 175 18 7 44 7 18 7 45 45 223 223 552 393 393 1 1 2 2 27 27 0 0 0 0 0 0 0 0 0
64 35 120 862 1162 621 689 1163 1873 601 40 5 175 72 49 72 175 18 7 44 7 18 7 1874 1875 45 45 223 223 863 1 1 2 2 27 27 0 0 0 0 0 0 0 0 0 223 223 71 71
64 35 120 862 1162 621 689 1163 1876 601 40 5 175 72 49 72 175 18 7 44 7 18 7 357 1877 1878 45 45 223 223 863 1 1 2 2 27 27 0 0 0 0 0 0 0 0 0 71 71 465 465 46 46
64 211 212 213 214 215 351 421 401 622 734 622 401 40 5 73 7 468 73 7 19 11 11 19 23 69 69 27 27 1 1 2 2 0 0 0 0 0 0 4 3 3 4
64 211 212 213 214 215 351 421 401 1164 1879 1164 401 40 5 73 7 1880 73 7 514 1165 1165 514 23 69 69 27 27 1 1 2 2 0 0 0 0 0 0 220 220 46 46 46 46 220 220
64 211 212 213 214 215 351 633 182 584 154 584 182 40 5 4 154 4 19 11 11 19 23 69 69 12 12 1 1 2 2 4 3 3 4
64 211 212 213 214 215 351 421 401 622 734 622 401 40 5 73 7 468 73 7 19 11 11 19 23 69 69 27 27 1 1 2 2 0 0 0 0 0 0 4 3 3 4
64 211 212 213 214 215 351 1881 864 1882 1883 1884 114 40 5 18 7 268 19 11 11 19 655 7 23 69 69 55 27 1 1 2 2 0 0 0 4 3 3 4 0 0 0
64 211 212 213 214 215 351 1166 1167 1168 1885 1168 1167 40 5 1169 1169 735 611 611 735 1886 735 611 611 735 255 255 255 255 23 69 69 55 55 1 1 2 2 12 12 8 8 8 12 12 8 8 8 8 8 8 8 8 8 8 8 8
64 211 212 213 214 215 351 1166 864 1170 1887 1170 864 40 5 268 268 19 11 11 19 19 11 11 19 1888 7 23 69 69 55 55 1 1 2 2 4 3 3 4 4 3 3 4 0 0 0
64 211 212 213 214 215 351 421 401 1889 734 622 401 40 5 73 7 468 559 945 19 11 11 19 801 480 34 22 34 480 23 69 69 27 27 1 1 2 2 0 0 0 62 62 4 3 3 4 12 3 3 3 12
64 211 212 213 214 215 351 421 401 1171 734 1171 401 40 5 362 262 468 362 262 19 11 11 19 263 263 23 69 69 27 27 1 1 2 2 148 148 148 148 4 3 3 4 94 94 94 94 94 94
64 211 212 213 214 215 351 421 114 72 49 72 114 40 5 18 7 18 7 27 44 7 23 69 69 27 1 1 2 2 0 0 0 0 0 0 0 0 0
64 211 212 213 214 215 1890 1891 1892 72 654 1893 1894 40 5 1895 18 7 1896 44 7 772 773 23 69 69 27 1 1 2 2 0 0 0 146 0 0 0 442 442 774
64 211 212 213 214 215 351 421 114 72 49 72 114 40 5 18 7 44 7 18 7 23 69 69 27 27 1 1 2 2 0 0 0 0 0 0 0 0 0
64 211 212 213 214 215 375 350 246 376 57 177 239 40 5 299 333 429 1897 418 340 129 7 23 69 69 27 6 6 1 1 2 2 153 153 190 190 41 41 208 208 103 103 103 0 0 0
64 211 212 213 214 215 375 350 246 376 57 177 239 40 5 299 333 429 512 541 418 129 7 340 23 69 69 27 6 6 1 1 2 2 153 153 190 190 41 41 41 41 208 208 0 0 0 103 103 103
64 211 212 213 214 215 375 350 246 376 57 177 239 40 5 299 333 429 512 275 541 129 7 418 340 23 69 69 27 6 6 1 1 2 2 153 153 190 190 41 41 41 41 41 41 0 0 0 208 208 103 103 103
64 211 212 213 214 215 375 350 246 376 57 177 239 40 5 299 333 429 512 275 275 129 7 541 418 340 23 69 69 27 6 6 1 1 2 2 153 153 190 190 41 41 41 41 41 41 0 0 0 41 41 208 208 103 103 103
64 211 212 213 214 215 375 350 246 376 57 177 239 40 5 299 333 429 512 275 275 129 7 275 541 418 340 23 69 69 27 6 6 1 1 2 2 153 153 190 190 41 41 41 41 41 41 0 0 0 41 41 41 41 208 208 103 103 103
64 211 212 213 214 215 375 350 246 376 57 177 239 40 5 299 333 955 1898 623 129 7 206 157 156 23 69 69 27 6 6 1 1 2 2 153 153 190 190 46 46 118 118 0 0 0 95
64 211 212 213 214 215 375 350 246 376 57 177 239 40 5 299 419 736 623 129 7 206 157 156 512 333 429 23 69 69 27 6 6 1 1 2 2 41 41 46 46 118 118 0 0 0 95 41 41 153 153 190 190
64 211 212 213 214 215 375 350 246 376 57 177 239 40 5 299 1899 736 623 129 7 206 157 156 333 429 23 69 69 27 6 6 1 1 2 2 41 41 46 46 118 118 0 0 0 95 153 153 190 190
64 211 212 213 214 215 375 350 246 376 57 177 239 40 5 299 419 736 623 129 7 206 157 156 275 333 512 429 23 69 69 27 6 6 1 1 2 2 41 41 46 46 118 118 0 0 0 95 41 41 153 153 41 41 190 190
64 211 212 213 214 215 375 350 246 376 57 177 239 40 5 299 419 736 623 129 7 206 157 156 275 275 512 333 429 23 69 69 27 6 6 1 1 2 2 41 41 46 46 118 118 0 0 0 95 41 41 41 41 41 41 153 153 190 190
64 211 212 213 214 215 375 350 246 376 57 177 239 40 5 299 1900 1901 1902 129 7 206 157 156 23 69 69 27 6 6 1 1 2 2 153 153 648 648 118 118 0 0 0 95
64 211 212 213 214 215 351 421 253 1903 231 269 253 40 5 37 7 83 775 1904 1905 1906 1907 23 69 69 27 27 1 1 2 2 0 0 0 1172 1172 442 442
420 111 144 1021 1908 1173 563 1174 1909 1910 21 38 139 9 12 699 140 39 49 39 140 18 7 44 7 18 7 5 10 6 33 33 266 266 32 32 16 16 0 0 0 0 0 0 0 0 0 2 2 1 1
865 186 36 1911 1912 1913 343 1914 1915 1916 15 20 28 9 187 1917 242 39 49 39 242 18 7 44 7 18 7 5 10 33 33 33 33 55 16 16 0 0 0 0 0 0 0 0 0 2 2 1 1
1918 186 1175 1919 1920 1149 121 248 1921 1922 15 20 853 9 187 1923 717 39 49 39 717 18 7 44 7 18 7 5 10 16 16 4 4 43 0 0 0 0 0 0 0 0 0 2 2 1 1
80 31 36 528 1924 1173 563 1174 610 1925 15 20 28 9 699 140 39 49 39 140 18 7 44 7 18 7 5 10 23 33 33 266 266 32 32 16 16 0 0 0 0 0 0 0 0 0 2 2 1 1
131 31 1175 1926 1927 1928 1929 1930 1931 1932 15 20 853 9 1933 242 39 49 39 242 18 7 44 7 18 7 5 10 23 4 12 69 69 16 16 0 0 0 0 0 0 0 0 0 2 2 1 1
844 615 842 1934 1935 1936 866 1937 1938 1939 21 614 843 64 1940 140 39 49 39 140 18 7 44 7 18 7 5 40 169 169 517 1941 223 223 220 220 265 265 845 16 16 0 0 0 0 0 0 0 0 0 2 2 1 1
9 15 20 466 171 88 1176 1177 1178 1179 10 5 620 1942 268 121 1943 124 100 256 37 7 43 1 1 2 2 4 4 16 6 4 0 0 0
420 111 144 1180 1181 737 738 1182 1183 21 38 139 9 12 387 114 72 49 72 114 18 7 44 7 18 7 5 10 739 6 63 63 63 63 27 27 0 0 0 0 0 0 0 0 0 2 2 1 1 63 63
865 186 36 1184 1185 1186 1187 1188 1189 15 20 28 9 187 470 114 72 49 72 114 18 7 44 7 18 7 5 10 1190 32 32 578 27 27 0 0 0 0 0 0 0 0 0 2 2 1 1 32 32
80 31 36 1191 1192 737 738 1193 1194 15 20 28 9 387 114 72 49 72 114 18 7 44 7 18 7 5 10 739 23 63 63 63 63 27 27 0 0 0 0 0 0 0 0 0 2 2 1 1 63 63
9 21 38 144 1180 139 111 420 1183 1181 10 5 12 1182 738 737 739 387 114 72 49 72 114 18 7 44 7 18 7 6 1 1 2 2 63 63 63 63 63 63 27 27 0 0 0 0 0 0 0 0 0
9 15 20 36 1184 28 186 865 1189 1185 10 5 187 1188 1187 1186 1190 470 114 72 49 72 114 18 7 44 7 18 7 1 1 2 2 578 32 32 32 32 27 27 0 0 0 0 0 0 0 0 0
9 15 20 36 1191 28 31 80 1194 1192 10 5 1193 738 737 739 387 114 72 49 72 114 18 7 44 7 18 7 23 1 1 2 2 63 63 63 63 63 63 27 27 0 0 0 0 0 0 0 0 0
64 35 867 1944 1195 130 1945 1946 1947 812 40 5 1948 1949 868 569 569 491 42 42 1 1 2 2 260 260 465 465
64 35 867 1950 1951 621 1952 1953 1954 1955 40 5 1956 868 465 465 465 465 863 1 1 2 2 1196 1196
64 35 867 1957 1195 130 1958 1959 1960 1081 40 5 1961 1197 1197 1962 1082 42 42 1 1 2 2 569 569 294 294 294 294 294 294
9 35 1963 1964 1965 1966 1967 1198 866 1968 10 5 866 1198 868 223 223 220 220 1 1 2 2 220 220 223 223
64 35 120 1969 1161 621 1970 1971 1972 1973 40 5 1974 1975 1976 1977 261 261 143 569 569 552 1 1 2 2 1199 1199 684 684
64 21 1978 1979 1980 1200 40 5 1981 1982 1983 1984 1985 1986 1987 1988 752 1 1 2 2 32 32 13 13 13 17 17 1989 1990 516 516 14 14 14
64 21 1201 1991 1992 846 1993 1994 482 1995 40 5 1996 1997 1998 106 106 33 33 1 1 2 2 860 439
64 21 1201 1999 2000 1200 40 5 2001 2002 2003 495 11 34 318 1 1 2 2 69 69 4 3 3 12
9 15 20 368 171 88 869 870 871 872 10 5 1202 482 481 586 360 34 11 188 43 1 1 2 2 106 106 33 33 12 3 3 4
9 15 20 368 171 88 869 870 871 872 10 5 2004 482 481 586 848 196 124 2005 37 7 43 1 1 2 2 106 106 33 33 12 6 16 0 0 0
9 15 20 368 171 88 869 870 871 872 10 5 1202 482 481 962 657 191 100 963 37 7 43 1 1 2 2 106 106 33 33 27 6 4 0 0 0
9 15 20 466 171 88 1203 1204 1205 1206 10 5 2006 152 256 197 19 11 11 168 43 1 1 2 2 6 4 4 3 3 4
9 15 20 466 171 88 1203 1204 1205 1206 10 5 2007 152 256 197 256 100 124 2008 37 7 43 1 1 2 2 6 4 4 6 16 0 0 0
9 15 20 466 170 88 414 740 741 742 10 5 499 1207 1208 343 495 11 34 360 55 1 1 2 2 33 33 33 33 4 3 3 12
9 15 20 466 170 88 414 740 741 742 10 5 499 2009 1208 343 778 124 196 848 37 7 55 1 1 2 2 33 33 33 33 16 6 12 0 0 0
9 15 20 466 170 88 414 740 741 742 10 5 499 2010 2011 2012 495 76 688 1118 129 7 55 1 1 2 2 33 33 33 33 4 3 6 0 0 0
9 15 20 466 170 88 414 740 741 742 10 5 499 1207 2013 343 300 100 191 657 37 7 55 1 1 2 2 33 33 33 33 4 6 27 0 0 0
9 15 20 466 171 88 1176 1177 1178 1179 10 5 620 2014 268 121 281 11 11 19 43 1 1 2 2 4 4 4 3 3 4
2015 35 2016 2017 2018 2019 496 2020 604 603 443 329 286 5 18 7 548 7 1097 44 7 518 12 6 1 1 2 2 0 0 0 0 0 0 98 98 0 0 0