13 13 13 13 13 13 13 13 13 13 13 13 25 25 25 25 25 25 25 25 25 25 25 25 25 25 25 25 25 25
13 13 13 13 13 13 13 13 13 13 13 13 25 25 25 25 25 25 25 25 25 25 25 25 25 25 25 25 25 25
13 13 13 13 13 13 13 13 13 13 13 13 25 25 25 25 25 25 25 25 25 25 25 25 25 25 25
13 13 13 13 13 13 13 13 13 13 13 13 25 25 25 25 25 25 25 25 25 25 25 25 25 25 25 25 25 25 25 25 25 25
13 13 13 13 13 13 13 13 13 13 13 13 25 25 25 25 25 13 13 13 13 13 13 25 25 25 25 25 25 25 25 25 25 25 25 25 25 25 25 25
13 13 13 13 13 13 13 13 13 13 13 13 25 25 25 25 25 25 25 13 13 13 13 13 13 25 25 25 25 25 25 25 25 25 25 25 25 25 25 25 25
13 13 13 13 13 13 13 13 13 13 13 13 25 25 25 25 25 13 13 13 13 13 13 25 25 25 25 25 25 25 25 25 25 25 25 25 25 25
13 13 13 13 13 13 13 13 13 13 13 13 25 25 25 25 25 13 13 13 13 18 18 13 13 13 13 25 25 25 25 25 25 25 25 25 25 25 25 25 25 25 25 25
13 13 13 13 13 13 13 13 13 13 13 13 25 25 25 25 25 13 13 13 13 18 18 13 13 13 13 25 25 25 25 25 25 25 25 25 25 25 25 25 25 25 25 25
13 13 13 13 13 13 13 13 13 13 13 13 25 25 25 25 25 25 25 25 25 25 25 25 25 25 25 25
13 13 13 13 13 13 13 13 13 13 13 13 25 25 25 25 25 25 25 25 25 25 25 25 25 25 25
13 13 13 13 13 13 13 13 13 13 13 13 25 25 25 25 25 13 13 13 13 13 13 25 25 25 25 25 25 25 25 25 25 25 25 25 25 25 25 25 25
13 13 13 13 13 13 13 13 13 13 13 13 25 25 25 25 25 25 25 25 25 25 25 25 25 25 25 25 25 25 25 25
13 13 13 13 13 13 13 13 13 13 13 13 25 25 25 25 25 25 25 25 25 25 25 25 25 25 25 25 25 25 25 25
13 13 13 13 13 13 13 13 13 13 13 13 25 25 13 25 25 25 25 25 13 13 13 13 13 25 25 25 25 25 25 25 25 25 25 25 25 25 25 25 25 25 25 25 25 25 25
13 13 13 13 13 13 13 13 13 13 13 13 25 25 25 25 25 25 25 25 25 25 25 25 25 25 25 25 25 25 25
13 13 13 13 13 13 13 13 13 13 13 13 25 25 25 25 25 25 25 25 25 25 25 25 25 25 25 25 25 25 25 25 25 25 25 25 25 25 25 25
13 13 13 13 13 13 13 13 13 13 13 13 25 25 25 25 25 25 25 25 25 25 25 25 25 25 25 25 25 25 25 25 25 25 25 25 25 25 25 25 25
13 13 13 13 13 13 13 13 13 13 13 13 25 25 13 25 25 13 13 13 13 13 25 25 25 25 25 25 25 25 25 25 25 25 25 25 25 25 25 25 25 25 25 25 25
13 13 13 13 13 13 13 13 13 13 13 13 25 25 25 25 25 25 25 13 13 13 13 13 13 25 25 25 25 25 25 25 25 25 25 25 25 25 25 25 25 25 25 25 25 25 25 25 25 25
13 13 13 13 13 13 13 13 13 13 13 13 25 25 25 25 25 25 25 13 13 13 13 13 13 25 25 25 25 25 25 25 25 25 25 25 25 25 25 25 25 25 25 25 25 25 25 25 25 25
13 13 13 13 13 13 13 13 13 13 13 13 25 25 25 25 25 25 13 13 13 13 13 13 25 25 25 25 25 25 25 25 25 25 25 25 25 25 25 25 25 25 25 25 25 25 25 25 25 25 25 25 25
13 13 13 13 13 13 13 13 13 13 13 13 25 25 25 25 25 25 25 25 13 13 13 13 13 13 25 25 25 25 25 25 25 25 25 25 25 25 25 25 25 25 25 25 25
13 13 13 13 13 13 13 13 13 13 13 13 25 25 25 25 25 25 25 25 25 25 25 25 25 25 25 25 25 25 25 25 25 25 25 25 25 25 25 25 25 25
13 13 13 13 13 13 13 13 13 13 13 13 25 25 25 25 25 25 25 25 25 13 25 25 25 25 25 13 13 13 13 13 25 25 25 25 25 25 25 25 25 25 25 25 25 25 25 25 25 25 25 25 25 25 25 25 25 25 25
13 13 13 13 13 13 13 13 13 13 13 13 25 25 25 25 25 5 5 5 5 5 25 13 13 13 13 13 13 25 25 25 25 25 25 25 25 25 25 25 25 25 25 25 25 25 25 25 25
13 13 13 13 13 13 13 13 13 13 13 13 25 25 25 25 25 5 5 5 5 5 13 13 13 13 13 13 25 25 25 25 25 25 25 25 25 25 25 25 25 25 25 25 25 25
13 13 13 13 13 13 13 13 13 13 13 13 25 25 25 25 25 5 5 5 5 5 25 25 25 25 25 25 25 25 25 25 25 25 25 25
13 13 13 13 13 13 13 13 13 13 13 13 25 25 25 25 25 5 5 5 5 5 25 13 13 13 13 13 13 25 25 25 25 25 25 25 25 25 25 25 25 25 25 25 25 25 25 25 25 25 25 25
13 13 13 13 13 13 13 13 13 13 13 13 25 25 25 25 25 25 25 25 13 13 13 13 13 13 25 25 25 25 25 25 25 25 25 25 25 25 25 25 25 25 25 25
13 13 13 13 13 13 13 13 13 13 13 13 25 25 25 25 25 25 25 25 13 13 13 13 13 13 25 25 25 25 25 25 25 25 25 25 25 25 25 25 25 25 25 25 25 25 25 25 25 25 25 25 25 25 25 25
13 13 13 13 13 13 13 13 13 13 13 13 25 25 25 25 25 25 25 13 13 13 13 13 13 25 25 25 25 25 25 25 25 25 25 25 25 25 25 25 25 25 25 25 25
13 13 13 13 13 13 13 13 13 13 13 13 25 25 25 25 25 25 25 13 13 13 13 13 13 25 25 25 25 25 25 25 25 25 25 25 25 25 25 25 25 25 25 25 25 25 25 25 25 25 25 25 25 25 25 25 25 25 25 25
13 13 13 13 13 13 13 13 13 13 13 13 25 25 25 25 25 25 13 13 13 13 13 13 25 25 25 25 25 25 25 25 25 25 25 25 25 25 25 25 25 25 25 25 25 25 25
13 13 13 13 13 13 13 13 13 13 13 13 25 25 25 25 25 25 13 13 13 13 13 13 25 25 25 25 25 25 25 25 25 25 25 25 25 25 25 25 25 25 25 25 25 25 25 25 25 25
13 13 13 13 13 13 13 13 13 13 13 13 25 25 25 25 25 25 25 25 25 25 25 25 25 25 25 25 25 25 25 25
13 13 13 13 13 13 13 13 13 13 13 13 25 25 25 25 25 25 13 13 13 13 13 13 25 25 25 25 25 25 25 25 25 25 25 25 25 25 25 25 25 25 25 25 25 25 25 25 25 25
13 13 13 13 13 13 13 13 13 13 13 13 25 25 25 25 25 25 13 13 13 13 13 13 25 25 25 25 25 25 25 25 25 25 25 25 25 25 25 25 25 25 25 25 25 25 25 25 25 25 25 25 25
13 13 13 13 13 13 13 13 13 13 13 13 25 25 25 25 25 25 13 13 13 13 13 13 25 25 25 25 25 25 25 25 25 25 25 25 25 25 25 25 25 25 25 25 25 25 25 25 25 25 25 25 25 25 25 25 25
13 13 13 13 13 13 13 13 13 13 13 13 25 25 25 25 25 25 13 13 13 13 13 13 25 25 25 5 25 5 5 5 5 25 25 25 25 25 25 25 25 25 25 25 25 25 25 25 25 25 25 25 25 25 25 25 25 25 25 25 25 25 25 25
13 13 13 13 13 13 13 13 13 13 13 13 25 25 25 25 25 25 13 13 13 13 13 13 25 25 25 5 5 5 5 5 25 25 25 25 25 25 25 25 25 25 25 25 25 25 25 25 25 25 25 25 25 25 25 25
13 13 13 13 13 13 13 13 13 13 13 13 25 25 25 25 25 25 13 13 13 13 13 13 25 25 25 25 25 25 25 25 25 25 25 25 25 25 25 25 25 25 25 25 25 25 25 25 25 25 25
13 13 13 13 13 13 13 13 13 13 13 13 25 25 25 25 25 25 13 13 13 13 13 13 25 25 25 25 25 25 25 25 25 25 25 25 25 25 25 25 25 25 25 25 25 25 25 25 25 25 25 25 25 25
13 13 13 13 13 13 13 13 13 13 13 13 25 25 25 25 25 25 13 13 13 13 13 13 25 25 25 25 25 13 13 13 13 13 13 25 25 25 25 25 25 25 25 25 25 25 25 25 25 25 25 25 25 25 25 25 25 25 25 25 25 25 25 25
13 13 13 13 13 13 13 13 13 13 13 13 25 25 25 25 25 25 13 13 13 13 13 13 25 25 25 25 25 25 25 25 25 25 25 25 25 25 25 25 25 25 25 25 25 25 25 25 25 25 25 25 25 25 25 25 25
13 13 13 13 13 13 13 13 13 13 13 13 25 25 25 25 25 25 25 25 25 25 25 25 25 25 25 25 25 25 25 25 25 25 25 25 25 25 25 25
13 13 13 13 13 13 13 13 13 13 13 13 25 25 25 25 25 25 25 25 25 25 25 25 25 25 25 25 25 25 25 25 25 25 25 25 25 25 25 25 25
13 13 13 13 13 13 13 13 13 13 13 13 25 25 25 25 25 25 25 25 25 25 25 25 25 25 25 25 25 25 25 25 25 25 25 25 25
13 13 13 13 13 13 13 13 13 13 13 13 25 25 25 25 25 25 25 25 25 25 25 25 25 25 25 25 25 25 25 25 25 25 25 25 25 25 25 25 25 25 25
13 13 13 13 13 13 13 13 13 13 13 13 25 25 25 25 25 25 25 25 25 25 25 25 25 25 25 25 25 25 25 25 25 25 25 25 25 25 25 25 25 25 25 25 25 25
13 13 13 13 13 13 13 13 13 13 13 13 25 25 25 25 25 25 25 25 25 25 13 13 13 13 13 13 25 25 25 25 25 25 25 25 25 25 25 25 25 25 25 25 25 25 25 25 25 25
13 13 13 13 13 13 13 13 13 13 13 13 25 25 25 25 25 25 25 25 25 25 25 25 25 25 25 25 25 25 25 25 25 25 25 25 25 25 25 25 25 25 25 25 25 25 25 25 25 25 25 25 25 25 25 25 25
13 13 13 13 13 13 13 13 13 13 13 13 25 25 25 25 25 25 25 25 25 25 25 25 25 25 25 25 25 25 25 25 25 25 25 25 25 25 25 25 25 25 25 25 25 25
13 13 13 13 13 13 13 13 13 13 13 13 25 25 25 25 25 25 25 25 25 25 25 25 25 25 25 25 25 25 25 25 25 25 25 25 25 25 25 25 25 25 25 25 25 25 25 25 25 25 25 25 25 25 25 25 25 25
13 13 13 13 13 13 13 13 13 13 13 13 25 25 25 25 25 25 25 5 5 5 5 5 25 25 25 25 25 25 25 25 25 25 25 25 25 25 25 25 25 25 25 25
13 13 13 13 13 13 13 13 13 13 13 13 25 25 25 25 25 25 25 13 13 13 13 13 13 25 25 25 25 25 25 25 25 25 25 25 25 25 25 25 25 25 25 25 25 25 25
13 13 13 13 13 13 13 13 13 13 13 13 25 25 25 25 25 25 25 13 13 13 13 13 13 25 25 25 25 25 25 25 25 25 25 25 25 25 25 25 25 25 25 25 25 25 25 25 25
13 13 13 13 13 13 13 13 13 13 13 13 25 25 25 25 25 25 25 13 13 13 13 13 13 25 25 25 25 25 25 25 25 25 25 25 25 25 25 25 25 25 25 25 25 25 25 25
13 13 13 13 13 13 13 13 13 13 13 13 25 25 25 25 25 25 25 13 13 13 13 13 13 25 25 25 25 25 25 25 25 25 25 25 25 25 25 25 25 25 25 25 25
13 13 13 13 13 13 13 13 13 13 13 13 25 25 25 25 25 25 25 25 25 25 25 25 25 25 25 25 25 25 25 25 25 25 25 25 25 25 25 25 25 25 25 25
13 13 13 13 13 13 13 13 13 13 13 13 25 25 25 25 25 25 25 25 25 25 25 25 25 25 25 25 25 25 25 25 25 25 25 25 25 25 25 25 25 25 25 25 25 25 25
13 13 13 13 13 13 13 13 13 13 13 13 25 25 25 25 25 25 25 25 25 25 25 25 25 25 25 25 25 25 25 25 25 25 25 25 25 25 25 25 25 25 25 25 25 25 25 25 25 25
13 13 13 13 13 13 13 13 13 13 13 13 25 25 25 25 25 25 25 25 25 25 25 25 25 25 25 25 25 25 25 25 25 25 25 25 25 25 25 25 25 25 25 25 25 25 25 25 25 25 25 25 25
13 13 13 13 13 13 13 13 13 13 13 13 25 25 25 25 25 25 25 25 25 25 25 25 13 13 13 13 13 13 25 25 25 25 25 25 25 25 25 25 25 25 25 25 25 25 25 25 25 25 25 25 25 25
13 13 13 13 13 13 13 13 13 13 13 13 25 25 25 25 25 25 25 25 25 25 25 25 25 25 25 25 25 25 25 25 25 25 25 25 25 25 25 25 25 25 25 25 25 25 25 25
13 13 13 13 13 13 13 13 13 13 13 13 25 25 25 25 25 25 25 25 25 25 25 25 25 25 25 25 25 25 25 25 25 25 25 25 25 25 25 25 25 25 25 25 25 25 25 25 25 25 25 25 25 25
13 13 13 13 13 13 13 13 13 13 13 13 25 25 25 25 25 25 25 25 25 25 5 5 5 5 5 25 25 25 25 25 25 25 25 25 25 25 25 25 25 25 25 25 25 25 25 25 25
13 13 13 13 13 13 13 13 13 13 13 13 25 25 25 25 25 25 25 13 13 13 18 18 13 13 13 13 13 25 25 25 25 25 25 25 25 25 25 25 25 25 25 25 25 25 25 25 25 25 25
13 13 13 13 13 13 13 13 13 13 13 13 25 25 25 25 25 25 25 25 25 25 13 13 13 13 13 13 25 25 25 25 25 25 25 25 25 25 25 25 25 25 25 25 25 25 25 25 25 25 25 25 25 25 25 25 25 25 25
13 13 13 13 13 13 13 13 13 13 13 13 25 25 25 25 25 25 25 25 25 25 25 13 13 13 13 13 13 25 25 25 25 25 25 25 25 25 25 25 25 25 25 25 25 25 25 25 25 25 25 25 25 25 25 25 25 25 25 25 25 25 25 25 25 25 25
13 13 13 13 13 13 13 13 13 13 13 13 25 25 25 25 25 25 25 25 25 25 25 13 13 13 13 13 13 25 25 25 25 25 25 25 25 25 25 25 25 25 25 25 25 25 25 25 25 25 25 25 25 25 25 25 25 25 25 25 25 25 25 25 25 25 25
13 13 13 13 13 13 13 13 13 13 13 13 25 25 25 25 25 25 25 25 25 25 25 13 13 13 13 13 13 25 25 25 25 25 25 25 25 25 25 25 25 25 25 25 25 25 25 25 25 25 25 25 25 25 25 25 25 25 25 25 25 25 25 25 25 25 25 25 25 25 25
13 13 13 13 13 13 13 13 13 13 13 13 25 25 25 25 25 25 25 25 25 25 25 13 13 13 13 13 13 25 25 25 25 25 25 25 25 25 25 25 25 25 25 25 25 25 25 25 25 25 25 25 25 25 25 25 25 25 25
13 13 13 13 13 13 13 13 13 13 13 13 25 25 25 25 25 25 25 25 25 25 25 13 13 13 13 13 13 25 25 25 25 25 25 25 25 25 25 25 25 25 25 25 25 25 25 25 25 25 25 25 25 25 25 25 25 25 25
13 13 13 13 13 13 13 13 13 13 13 13 25 25 25 25 25 25 25 25 25 25 25 13 13 13 13 13 13 25 25 25 25 25 25 25 25 25 25 25 25 25 25 25 25 25 25 25 25 25 25 25 25 25 25 25 25 25 25
13 13 13 13 13 13 13 13 13 13 13 13 25 25 25 25 25 25 25 25 25 25 25 13 13 13 13 13 13 25 25 25 25 25 25 25 25 25 25 25 25 25 25 25 25 25 25 25 25 25 25 25 25 25 25 25 25 25 25
13 13 13 13 13 13 13 13 13 13 13 13 25 25 25 25 25 25 25 25 25 25 25 13 13 13 13 13 13 25 25 25 25 25 25 25 25 25 25 25 25 25 25 25 25 25 25 25 25 25 25 25 25 25 25 25 25 25 25
13 13 13 13 13 13 13 13 13 13 13 13 25 25 25 25 25 25 25 25 25 25 25 13 13 13 13 13 13 25 25 25 25 25 25 25 25 25 25 25 25 25 25 25 25 25 25 25 25 25 25 25 25 25 25 25 25 25 25
13 13 13 13 13 13 13 13 13 13 13 13 25 25 25 25 25 25 25 25 25 25 25 13 13 13 13 13 13 25 25 25 25 25 25 25 25 25 25 25 25 25 25 25 25 25 25 25 25 25 25 25 25 25 25 25 25 25 25 25 25 25
13 13 13 13 13 13 13 13 13 13 13 13 25 25 25 25 25 25 25 25 25 25 25 13 13 13 13 13 13 25 25 25 25 25 25 25 25 25 25 25 25 25 25 25 25 25 25 25 25 25 25 25 25 25 25 25 25 25 25 25 25 25
13 13 13 13 13 13 13 13 13 13 13 13 25 25 25 25 25 25 25 25 25 25 25 13 13 13 13 13 13 25 25 25 25 25 25 25 25 25 25 25 25 25 25 25 25 25 25 25 25 25 25 25 25 25 25 25 25 25 25 25 25 25
13 13 13 13 13 13 13 13 13 13 13 13 25 25 25 25 25 25 25 25 25 25 25 13 13 13 13 13 13 25 25 25 25 25 25 25 25 25 25 25 25 25 25 25 25 25 25 25 25 25 25 25 25 25 25 25 25 25 25 25 25 25
13 13 13 13 13 13 13 13 13 13 13 13 25 25 25 25 25 25 25 25 25 25 25 13 13 13 13 13 13 25 25 25 25 25 25 25 25 25 25 25 25 25 25 25 25 25 25 25 25 25 25 25 25 25 25 25 25 25 25 25 25
13 13 13 13 13 13 13 13 13 13 13 13 25 25 25 25 25 25 25 25 25 25 25 13 18 18 13 13 13 25 25 25 25 13 13 13 13 25 25 25 25 25 25 25 25 25 25 25 25 25 25 25 25 25 25 25 25 25 25 25 25 25 25 25 25
13 13 13 13 13 13 13 13 13 13 13 13 25 25 25 25 25 25 25 25 25 25 25 13 18 18 13 13 13 25 25 25 25 13 13 13 13 25 25 25 25 25 25 25 25 25 25 25 25 25 25 25 25 25 25 25 25 25 25 25 25 25 25 25 25
13 13 13 13 13 13 13 13 13 13 13 13 25 25 25 25 25 25 25 25 25 25 25 13 13 13 13 13 13 25 25 25 25 25 25 25 25 25 25 25 25 25 25 25 25 25 25 25 25 25 25 25 25 25 25 25 25 25
13 13 13 13 13 13 13 13 13 13 13 13 25 25 25 25 25 25 25 25 25 25 25 13 13 13 13 13 13 25 25 25 25 25 25 25 25 25 25 25 25 25 25 25 25 25 25 25 25 25 25 25 25 25 25 25 25 25 25 25 25
13 13 13 13 13 13 13 13 13 13 13 13 25 25 25 25 25 25 25 25 25 25 25 13 13 13 13 13 13 25 25 25 25 25 25 25 25 25 25 25 25 25 25 25 25 25 25 25 25 25 25 25 25 25 25 25 25
13 13 13 13 13 13 13 13 13 13 13 13 25 25 25 25 25 25 25 25 25 25 25 13 13 13 13 13 13 25 25 25 25 25 25 25 25 25 25 25 25 25 25 25 25 25 25 25 25 25 25 25 25 25 25 25 25
13 13 13 13 13 13 13 13 13 13 13 13 25 25 25 25 25 25 25 25 25 25 25 25 13 13 13 13 13 13 25 25 25 25 25 25 25 25 25 25 25 25 25 25 25 25 25 25 25 25 25 25 25 25 25 25 25
13 13 13 13 13 13 13 13 13 13 13 13 25 25 25 25 25 25 25 25 25 25 25 13 13 13 13 13 13 25 25 25 25 25 25 25 25 25 25 25 25 25 25 25 25 25 25 25 25 25 25 25 25 25 25 25 25 25 25 25 25 25
13 13 13 13 13 13 13 13 13 13 13 13 25 25 25 25 25 25 25 25 25 25 25 13 13 13 13 13 13 25 25 25 25 25 25 25 25 25 25 25 25 25 25 25 25 25 25 25 25 25 25 25 25 25 25 25 25 25 25 25 25 25 25 25 25
13 13 13 13 13 13 13 13 13 13 13 13 25 25 25 25 25 25 25 25 25 25 25 13 13 13 13 13 13 25 25 25 13 13 13 13 13 13 25 25 25 25 25 25 25 25 25 25 25 25 25 25 25 25 25 25 25 25 25 25 25 25 25 25 25 25
13 13 13 13 13 13 13 13 13 13 13 13 25 25 25 25 25 25 25 25 25 25 25 13 13 13 13 13 13 25 25 25 25 25 25 25 25 25 25 25 25 25 25 25 25 25 25 25 25 25 25 25 25 25 25 25 25 25 25 25 25 25 25
13 13 13 13 13 13 13 25 25 13 13 13 13 13 25 25 25 25 25 25 25 25 25 25 25 25 25 25 25 25 25 25 25 25
13 13 13 13 13 13 13 25 25 13 13 13 13 13 25 25 25 25 25 25 25 25 25 25 25 25 25 25 25 25 25
13 13 13 13 13 13 13 25 25 13 13 13 13 13 25 25 25 25 25 25 25 25 25 25 25 25 25 25 25 25 25 25 25 25 25 25 25
13 13 13 13 13 13 13 25 25 13 13 13 18 18 25 25 13 13 13 13 25 25 25 25 25 25 25 25 25 25 25 25 25 25 25 25 25
13 13 13 13 13 13 13 25 25 13 13 13 13 13 25 25 25 25 13 13 13 13 13 13 25 25 25 25 25 25 25 25 25 25 25 25 25 25 25 25 25 25 25 25 25 25 25 25 25 25 25 25 25
13 13 13 13 13 13 13 25 25 13 13 13 13 13 25 25 25 25 25 25 13 13 13 13 13 13 25 25 25 25 25 25 25 25 25 25 25 25 25 25 25 25 25 25 25 25 25 25 25 25 25 25 25
13 13 13 13 13 13 13 25 25 13 13 13 13 13 25 25 25 25 13 13 13 13 13 13 25 25 25 25 25 25 25 25 25 25 25 25 25 25 25 25 25 25 25 25 25 25 25 25 25 25 25 25 25 25
13 13 13 13 13 13 13 25 25 13 13 13 13 13 25 25 25 25 13 13 13 13 13 13 25 25 25 25 25 25 25 25 25 25 25 25 25 25 25 25 25 25 25 25 25 25 25
13 13 13 13 13 13 13 25 25 13 13 13 13 13 25 25 25 25 13 13 13 13 13 13 25 25 25 25 25 25 25 25 25 25 25 25 25 25 25 25 25 25 25 25 25 25 25 25 25 25 25
13 13 13 13 13 13 13 25 25 13 13 13 13 13 25 25 25 25 25 25 25 13 13 13 13 13 13 25 25 25 25 25 25 25 25 25 25 25 25 25 25 25 25 25 25 25 25 25 25 25 25 25 25 25
13 13 13 13 13 13 13 25 25 13 13 13 13 13 25 25 25 25 25 25 25 25 25 25 25 25 25 25 25 25 25 25
13 13 13 13 13 13 13 25 25 13 13 13 13 13 25 25 25 25 25 25 13 13 13 13 13 13 25 25 25 25 25 25 25 25 25 25 25 25 25 25 25 25 25 25 25 25 25 25 25 25 25 25
13 13 13 13 13 13 13 25 25 13 13 13 13 13 25 25 25 13 13 13 13 13 13 25 25 25 25 25 25 25 25 25 25 25 25 25 25 25 25 25 25 25 25 25 25 25 25 25 25 25 25 25 25 25 25 25
13 13 13 13 13 13 13 25 25 13 13 13 13 13 25 25 13 13 13 13 13 13 25 25 25 25 25 25 25 25 25 25 25 25 25 25 25 25 25 25 25 25 25 25 25 25 25 25 25 25 25 25 25
13 13 13 13 13 13 13 25 25 13 13 13 13 13 25 25 13 13 13 13 13 13 25 25 25 25 25 25 25 25 25 25 25 25 25 25 25 25 25 25 25 25 25 25 25 25 25
13 13 13 13 13 13 13 25 25 13 13 13 13 13 25 25 13 13 13 13 13 13 25 25 25 25 25 25 25 25 25 25 25 25 25 25 25 25 25 25 25 25 25 25 25 25 25
13 13 13 13 13 13 13 25 25 13 13 13 13 13 25 25 13 13 13 13 13 13 25 25 25 25 25 25 25 25 25 25 25 25 25 25 25 25 25 25 25 25 25 25 25 25 25 25 25 25 25 25 25 25
13 13 13 13 13 13 13 25 25 13 13 13 13 13 25 25 25 25 25 25 25 25 25 25 25 25 25 25 25 25 25 25 25
13 13 13 13 13 13 13 25 25 13 13 13 13 13 25 25 25 25 25 25 13 13 13 13 13 13 25 25 25 25 25 25 25 25 25 25 25 25 25 25 25 25 25 25 25 25 25 25 25
13 13 13 13 13 13 13 25 25 13 13 13 13 13 25 25 25 25 25 25 13 13 13 13 13 13 25 25 25 25 25 25 25 25 25 25 25 25 25 25 25 25 25 25 25 25 25 25
13 13 13 13 13 13 13 25 25 13 13 13 13 13 25 25 25 25 25 25 25 25 25 25 25 25 25 25 25 25 25 25 25 25 25 25 25 25 25 25 25 25 25
13 13 13 13 13 13 13 25 25 13 13 13 13 13 25 25 25 25 25 25 13 13 13 13 13 13 25 25 25 25 25 25 25 25 25 25 25 25 25 25 25 25 25 25 25 25 25 25 25 25 25 25 25 25
13 13 13 13 13 13 13 25 25 13 13 13 13 13 25 25 25 25 25 25 25 25 25 25 25 25 25 25 25 25 25 25 25 25 25 25 25
13 13 13 13 13 13 13 25 25 13 13 13 13 13 25 25 25 25 25 25 25 25 25 25 25 25 25 25 25 25 25 25 25 25 25 25 25 25 25
13 13 13 13 13 13 13 25 25 13 13 13 13 13 25 25 25 25 25 25 25 25 25 25 25 25 25 25 25 25 25 25 25 25 25 25 25 25 25 25 25 25 25
13 13 13 13 13 13 13 25 25 13 13 13 13 13 25 25 25 25 25 25 25 25 25 25 25 25 25 25 25 25 25 25 25 25 25 25 25 25 25
13 13 13 13 13 13 13 25 25 13 13 13 13 13 25 25 25 25 25 25 25 25 25 25 25 25 25 25 25 25 25 25 25 25 25 25 25 25 25
13 13 13 13 13 13 13 25 25 13 13 13 13 13 25 25 25 25 25 25 25 25 25 25 25 25 25 25 25 25 25 25 25 25 25 25 25 25 25 25 25 25 25
13 13 13 13 13 13 13 25 25 13 18 18 13 13 25 25 13 13 13 13 25 25 25 25 25 25 25 25 25 25 25 25 25 25 25 25 25
13 13 13 13 13 13 13 25 25 13 18 18 13 13 25 25 13 13 13 13 25 25 25 25 25 25 25 25 25 25 25 25 25 25 25 25 25
13 13 13 13 13 13 13 25 25 13 18 18 13 13 25 25 13 13 13 13 25 25 25 25 25 25 25 25 25 25 25 25 25 25 25 25 25
13 13 13 18 18 13 18 18 13 13 13 13 25 25 13 13 25 25 25 25 25 25 25 25 25 25 25 25 25 25 25 25
13 13 13 18 18 13 18 18 13 13 13 13 25 25 13 13 25 25 25 25 25 25 25 25 25 25 25 25 25 25 25 25 25 25
13 13 13 18 18 13 18 18 13 13 13 13 25 25 13 13 25 25 25 25 25 25 25 25 25 25 25 25
13 13 13 18 18 13 18 18 13 13 13 13 25 25 13 13 25 25 25 25 25 25 25 25 25 25
13 13 13 18 18 13 18 18 13 13 13 13 25 25 13 13 25 25 25 25 25 25 25 25 25 25 25 25 25
13 13 13 18 18 13 13 13 18 18 13 13 13 13 25 25 25 25 25 25 25 25 25 25 25 25 25 25 25 25 25 25
13 13 13 18 18 13 13 13 18 18 13 13 13 13 25 25 25 25 25 25 25 25 25 25 25 25 25 25 25 25 25 25 25 25 25
13 13 13 18 18 13 13 13 18 18 13 13 13 13 25 25 25 25 25 25 25 25 25 25 25 25 25 25 25 25 25 25 25
13 13 13 18 18 13 13 13 18 18 13 13 13 13 25 25 13 13 13 13 13 13 25 25 25 25 25 25 25 25 25 25 25 25 25 25 25 25 25
13 13 13 18 18 13 13 13 18 18 13 13 13 13 25 25 25 25 25 25 25 25 25 25 25 25 25 25 25
13 13 13 8 8 13 5 2 2 25 25 13 13 13 13 25 13 13 13 13 13 13 25 25 25 25 25 25 25 25 25 25 25 25 25 25 25 25 25
13 13 13 8 8 13 5 2 2 25 25 13 13 13 13 25 13 13 13 13 13 13 25 25 25 25 25 25 25 25 25 25 25 25 25 25 25 25 25 25 25 25 25 25 25 25 25 25 25 25 25
13 13 13 8 8 13 5 2 2 25 25 13 13 13 13 25 13 13 13 13 13 13 25 25 25 25 25 25 25 25 25 25 25 25 25 25 25 25 25 25 25 25 25 25 25 25 25
13 13 13 8 8 13 5 2 2 25 25 13 13 13 13 25 13 13 13 13 13 13 25 25 25 25 25 25 25 25 25 25 25 25 25 25 25 25 25
13 13 13 8 8 13 5 2 2 25 25 13 13 13 13 25 13 13 13 13 13 13 25 25 25 25 25 25 25 25 25 25 25 25 25 25 25 25 25
13 13 13 8 8 13 5 2 2 25 25 13 13 13 13 25 13 13 13 13 13 13 25 25 25 25 25 25 25 25 25 25 25 25 25 25 25 25 25
13 13 13 8 8 13 5 2 2 25 25 13 13 13 13 25 13 13 13 13 13 13 25 25 25 25 25 25 25 25 25 25 25 25 25 25 25 25 25 25 25 25 25 25 25 25 25 25 25 25 25 25 25 25 25 25 25 25
13 13 13 18 18 13 13 13 13 13 25 25 13 13 13 13 13 13 25 25 25 25 25 25 25 25 25 25 25 25 25 25 25 25 25 25 25 25 25 25 25 25 25 25 25 25 25 25 25 25 25 25 25 25 25
13 13 13 18 18 13 13 13 13 13 25 25 13 13 13 13 13 13 25 25 25 25 25 25 25 25 25 25 25 25 25 25 25 25 25 25 25 25 25 25 25 25 25 25 25 25 25 25 25 25 25 25 25 25 25
13 13 13 18 18 13 13 13 13 13 25 25 13 13 13 13 13 13 25 25 25 25 25 25 25 25 25 25 25 25 25 25 25 25 25 25 25 25 25 25 25 25 25 25 25 25 25 25 25
13 13 13 18 18 13 13 13 13 13 25 25 13 13 13 13 13 13 25 25 25 25 25 25 25 25 25 25 25 25 25 25 25 25 25 25 25 25 25 25 25 25 25 25 25 25 25 25 25 25 25 25 25 25 25
13 13 13 18 18 13 13 13 13 13 25 25 13 13 13 13 13 13 25 25 25 25 25 25 25 25 25 25 25 25 25 25 25 25 25 25 25 25 25 25 25 25 25 25 25 25 25 25 25 25 25 25 25 25 25
13 13 13 18 18 13 13 13 13 13 25 25 13 13 13 13 13 13 25 25 25 25 25 25 25 25 25 25 25 25 25 25 25 25 25 25 25 25 25 25 25 25 25 25 25 25 25 25 25 25 25 25 25 25 25
13 13 13 18 18 13 13 13 13 13 25 25 13 13 13 13 13 13 25 25 25 25 25 25 25 25 25 25 25 25 25 25 25 25 25 25 25 25 25 25 25 25 25 25 25 25 25 25 25 25 25 25 25 25 25
13 13 13 18 18 13 13 13 13 13 25 25 13 13 13 13 13 13 25 25 25 25 25 25 25 25 25 25 25 25 25 25 25 25 25 25 25 25 25 25 25 25 25 25 25 25 25 25 25 25 25 25 25 25 25 25 25 25 25 25
13 13 13 18 18 13 13 13 13 13 25 25 13 13 13 13 13 13 25 25 25 25 25 25 25 25 25 25 25 25 25 25 25 25 25 25 25 25 25
13 13 13 18 18 13 13 13 13 13 25 25 13 13 13 13 13 13 25 25 25 25 25 25 25 25 25 25 25 25 25 25 25 25 25 25 25 25 25 25 25 25 25 25 25 25 25 25 25 25 25 25 25 25 25
13 13 13 18 18 13 13 13 13 13 25 25 13 13 13 13 13 13 25 25 25 25 25 25 25 25 25 25 25 25 25 25 25 25 25 25 25 25 25 25 25 25 25 25 25 25 25 25 25 25 25 25 25 25 25
13 13 13 18 18 13 13 13 13 13 25 25 13 13 13 13 13 13 25 25 25 25 25 25 25 25 25 25 25 25 25 25 25 25 25 25 25 25 25 25 25 25 25 25 25
13 13 13 18 18 13 13 13 13 13 25 25 13 13 13 13 13 13 25 25 25 25 25 25 25 25 25 25 25 25 25 25 25 25 25 25 25 25 25 25 25 25 25 25 25 25 25 25 25 25 25 25 25 25 25 25 25 25
13 13 13 18 18 13 13 13 13 13 25 25 13 13 13 13 13 13 25 25 25 25 25 25 25 25 25 25 25 25 25 25 25 25 25 25 25 25 25 25 25 25 25 25 25 25 25 25 25 25 25 25 25 25 25 25 25 25 25
13 13 13 18 18 13 13 13 13 13 25 25 13 13 13 13 13 13 25 25 25 25 25 25 25 25 25 25 25 25 25 25 25 25 25 25 25 25 25 25 25 25 25 25 25 25 25 25 25 25 25 25 25 25 25 25 25 25
13 13 13 18 18 13 13 13 13 13 25 25 13 13 13 13 13 13 25 25 25 25 25 25 25 25 25 25 25 25 25 25 25 25 25 25 25
13 13 13 18 18 13 13 13 13 13 25 25 13 13 13 13 13 13 25 25 25 25 25 25 25 25 25 25 25 25 25 25 25 25 25 25
13 13 13 18 18 13 13 13 13 13 25 25 13 13 13 13 13 13 25 25 25 25 25 25 25 25 25 25 25 25 25 25 25 25 25 25 25 25 25 25
13 13 13 18 18 13 13 13 13 13 25 25 13 13 13 13 13 13 25 25 25 25 25 25 25 25 25 25 25 25 25 25 25 25 25 25 25 25
13 13 13 18 18 13 13 13 13 13 25 25 13 13 13 13 13 13 25 25 25 25 25 25 25 25 25 25 25 25 25 25 25 25 25 25 25 25 25 25 25 25 25
13 13 13 18 18 13 13 13 13 13 25 25 13 13 13 13 13 13 25 25 25 25 25 25 25 25 25 25 25 25 25 25 25 25 25 25 25 25 25 25 25 25 25 25 25 25
13 13 13 18 18 13 13 13 13 13 25 25 13 13 13 13 13 13 25 25 25 25 25 25 25 25 25 25 25 25 25 25
13 13 13 18 18 13 13 13 13 13 25 25 13 13 13 13 18 18 25 25 13 13 13 13 25 25 25 25 25 25 25 25 25 25 25 25 25 25 25
13 13 13 18 18 13 13 13 13 13 25 25 13 13 13 13 18 18 25 25 13 13 13 13 25 25 25 25 25 25 25 25 25 25 25 25 25 25
13 13 13 18 18 13 13 13 13 13 25 25 13 13 13 13 13 13 25 25 25 25 25 25 25 25 25 25 25 25 25 25 25 25 25
13 13 13 18 18 13 13 13 13 13 25 25 13 13 13 13 13 13 25 25 25 25 25 25 25 25 25 25 25 25 25 25 25 25 25
13 13 13 18 18 13 13 13 13 13 25 25 13 13 13 13 13 13 25 25 25 25 25 25 25 25 25 25 25 25 25 25 25 25 25 25
13 13 13 18 18 13 13 13 13 13 25 25 13 13 13 13 13 13 25 25 25 25 25 25 25 25 25 25 25 25 25 25 25 25 25 25 25 25 25 25
13 13 13 18 18 13 13 13 13 13 25 25 13 13 13 13 13 13 25 25 25 25 25 25 25 25 25 25 25 25 25 25
13 13 13 18 18 13 13 13 13 13 25 25 13 13 13 13 13 13 25 25 25 25 25 25 25 25 25 25 25 25 25 25
13 13 13 18 18 13 13 13 13 13 25 25 13 13 13 13 13 13 25 25 25 25 25 25 25 25 25 25 25 25 25 25 25
13 13 13 18 18 13 13 13 13 13 25 25 13 13 13 13 13 13 25 25 25 25 25 25 25 25 25 25 25 25 25 25 25 25 25 25 25 25 25 25
13 13 13 18 18 13 13 13 13 13 25 25 13 13 13 13 13 13 25 25 25 25 25 25 25 25 25 25 25 25 25 25 25 25 25 25 25 25 25 25
13 13 13 18 18 13 13 13 13 13 25 25 13 13 13 13 13 13 25 25 25 25 25 25 25 25 25 25 25 25 25 25 25 25 25 25 25 25 25 25 25
13 13 13 18 18 13 13 13 13 13 25 25 13 13 13 13 13 13 25 25 25 25 25 25 25 25 25 25 25 25 25 25 25 25 25 25 25 25 25 25 25 25 25 25
13 13 13 18 18 13 13 13 13 13 25 25 13 13 13 13 13 13 25 25 25 25 25 25 25 25 25 25 25 25 25 25 25 25 25 25 25 25 25 25 25
13 13 13 18 18 13 13 13 13 13 25 25 13 13 13 13 13 13 25 25 25 25 25 25 25 25 25 25 25 25 25 25 25 25 25 25 25 25 25 25 25 25 25 25 25
13 13 13 18 18 13 13 13 13 13 25 25 13 13 13 13 13 13 25 25 25 25 25 25 25 25 25 25 25 25 25 25 25 25 25 25 25 25 25 25
13 13 13 18 18 13 13 13 13 13 25 25 13 13 13 13 13 13 25 25 25 25 25 25 25 25 25 25 25 25 25 25 25 25 25 25 25 25 25 25
13 13 13 18 18 13 13 13 13 13 25 25 13 13 13 13 18 18 25 25 13 13 13 13 25 25 25 25 25 25 25 25 25 25 25 25 25 25 25 25
13 13 13 18 18 13 13 13 13 13 25 25 13 13 13 13 13 13 25 25 25 25 25 25 25 25 25 25 25 25 25 25 25 25 25 25 25 25 25 25 25 25
13 13 13 18 18 13 13 13 13 13 25 13 13 13 13 13 13 25 25 25 25 25 25 25 25 25 25 25 25 25 25 25 25 25
13 13 13 18 18 13 13 13 13 13 25 25 13 13 13 13 13 13 25 25 25 25 25 25 25 25 25 25 25 25 25 25 25 25 25 25
13 13 13 18 18 13 13 13 13 13 25 13 13 13 13 13 13 25 25 25 25 25 25 25 25 25 25 25 25 25 25 25 25 25 25 25 25
13 13 13 18 18 13 13 13 13 13 25 13 13 13 13 13 13 25 25 25 25 25 25 25 25 25 25 25 25 25 25 25 25 25 25
13 13 13 18 18 13 13 13 13 13 25 25 25 25 25 25 25 25 25 25 25
13 13 13 18 18 13 13 13 13 13 25 25 13 13 13 13 18 18 25 25 25 25 25 25 25 25 25 25 25 25 25 25 25 13 13 13 13 25 25 25 25 25 25 25 25 25 25 25 25 25 25 25 25 25 25 25 25 25 25 25 25
13 13 13 18 18 13 13 13 13 13 25 25 25 25 13 13 13 13 13 13 25 25 25 25 25 25 25 25 25 25 25 25
13 13 13 18 18 13 13 13 13 13 25 25 25 25 13 13 13 13 13 13 25 25 25 25 25 25 25 25 25 25 25 25 25
13 13 13 18 18 13 13 13 13 13 25 25 25 25 13 13 13 13 13 13 25 25 25 25 25 25 25 25 25 25 25 25
13 13 13 18 18 13 13 13 13 13 25 25 13 13 13 13 18 18 25 25 13 13 13 13 25 25 25 25 25 25 25 25 25 25 25 25 25 25 25
13 13 13 18 18 13 13 13 13 13 13 25 25 13 13 13 13 13 13 13 13 13 13 13 25 25 25 25 25 25 25 25 25 25 25 25 25 25 25 25 25 25 25 25 25 25 25 25 25 25 25 25 25 25 25 25 25 25 25 25 25 25 25 25 25 25 25 25
13 13 13 18 18 13 13 13 13 13 13 25 25 13 13 13 13 13 13 13 13 13 13 13 25 25 25 25 25 25 25 25 25 25 25 25 25 25 25 25 25 25 25 25 25 25 25 25 25 25
13 13 13 18 18 13 13 13 13 13 13 25 25 13 13 13 13 13 13 13 13 13 13 13 25 25 25 25 25 25 25 25 25 25 25 25 25 25 25 25 25 25 25 25
13 13 13 18 18 13 13 13 13 13 13 25 25 13 13 13 13 13 13 13 13 13 13 13 25 25 25 25 25 25 25 25 25 25 25 25 25 25 25 25 25 25 25 25
13 13 13 18 18 13 13 13 13 13 25 25 13 13 13 13 13 13 13 13 13 13 13 13 25 25 25 25 25 25 25 25 25 25 25 25 25 25 25 25 25 25 25 25 25 25 25 25 25 25
13 13 13 18 18 13 13 13 13 13 25 25 13 13 13 13 13 13 13 13 13 13 13 13 25 25 25 25 25 25 25 25 25 25 25 25 25 25 25 25 25 25 25 25 25 25 25 25 25 25 25 25 25 25 25 25
13 13 13 18 18 13 13 13 13 13 13 25 25 13 13 13 13 13 13 13 13 13 13 13 25 25 25 25 25 25 25 25 25 25 25 25 25 25 25 25 25 25 25 25 25 25 25 25 25 25 25 25 25 25 25 25
13 13 13 18 18 13 13 13 13 13 13 25 25 13 25 25 13 13 18 18 13 13 13 18 18 13 13 13 13 13 13 13 13 13 25 25 25 25 25 25 25 25 25 25 25 25 25 25 25 25 25 25 25 25 25 25
13 13 13 13 18 13 18 18 13 18 13 13 18 13 13 13 13 18 25 25 25 25 25 25 25 25 25 25 25 25
13 13 13 18 18 13 13 13 13 13 25 25 25 25 25 25 25 25 25 25 25 25 25 25 25 25 25 25 25 25 25 25 25 25 25 25 25 25 25 25 25 25
13 13 13 18 18 13 13 13 13 13 25 25 25 25 25 25 25 25 25 25 25 25 25 25 25 25 25 25 25 25 25 25 25 25 25 25
13 13 13 18 18 13 13 13 13 13 25 25 25 25 25 25 25 25 25 25 25 25 25 25 25 25 25 25 25 25
13 13 13 18 18 13 13 13 13 13 25 25 25 25 25 25 25 25 25 25 25 25 25 25 25 25 25 25 25 25 25 25 25 25 25 25 25 25 25 25 25 25 25 25 25 25 25 25
13 13 13 18 18 13 13 13 13 13 25 25 13 25 13 13 13 13 13 25 25 25 25 25 25 25 25 25 25 25 25 25 25 25 25 25 25 25
13 13 13 18 18 13 13 13 13 13 25 25 25 25 13 13 13 13 13 13 13 13 13 13 13 13 25 25 25 25 25 25 25 25 25 25 25 25 25 25 25 25 25 25 25 25 25 25 25 25 25 25 25 25 25 25
13 13 13 18 18 13 13 13 13 13 25 25 25 25 25 25 25 25 25 25 25 25 25 25 25 25 25 25 25 25 25 25 25 25 25 25 25 25 25 25 25 25 25 25 25 25 25 25 25 25 25 25 25 25
13 13 13 18 18 13 13 13 13 13 25 25 25 22 21 21 21 21 13 13 13 13 13 13 13 13 22 22 25 25 25 25 25 25 25 25 25 25 25 25 25 25 25 25 25 25 25
13 13 13 18 18 13 13 13 13 13 25 25 25 13 18 18 18 18 13 13 13 13 13 13 13 13 13 25 25 25 25 25 25 25 25 25 25 25 25 25 25 25
13 13 13 18 18 13 13 13 13 13 25 25 25 25 13 13 13 13 13 13 13 13 13 13 13 13 25 25 25 25 25 25 25 25 25 25 25 25 25 25 25 25 25
13 13 13 18 18 13 13 13 13 13 25 25 25 13 18 18 18 18 13 13 13 13 13 13 13 13 13 25 25 25 25 25 25 25 25 25 25 25 25 25 25 25 25 25
13 13 13 18 18 13 13 13 13 13 25 25 25 13 18 18 18 18 13 13 13 13 13 13 13 13 13 25 25 25 25 25 25 25 25 25 25 25 25 25 25 25
13 13 13 18 18 13 13 13 13 13 25 25 25 5 2 2 2 2 13 13 13 13 13 13 13 13 25 25 25 25 25 25 25 25 25 25 25 25 25 25 25
13 13 13 18 18 13 13 13 13 13 25 25 25 22 21 21 21 21 13 13 13 13 13 13 13 13 22 22 25 25 25 25 25 25 25 25 25 25 25 25 25 25 25 25 25
13 13 13 18 18 13 13 13 13 13 25 25 25 25 25 25 25 25 25 25 25 25
13 13 13 18 18 13 13 13 13 13 25 25 13 13 13 13 13 13 25 25 25 25 25 25 25 25 25 25 25 25 25 25 25 25 25 25 25 25 25 25 25 25 25 25 25 25 25 25 25 25 25 25 25 25
13 13 13 18 18 13 13 13 13 13 25 25 13 13 13 13 13 13 25 25 25 25 25 25 25 25 25 25 25 25 25 25 25 25 25 25 25 25 25 25 25 25 25 25 25 25 25 25 25 25
13 13 13 18 18 13 13 13 13 13 25 25 13 13 13 13 13 13 25 25 25 25 25 25 25 25 25 25 25 25 25 25 25 25 25 25 25 25 25 25 25 25 25 25 25 25 25 25 25 25 25 25 25 25 25 25 25
13 13 13 18 18 13 13 13 13 13 25 25 13 13 13 13 13 13 25 25 25 25 25 25 25 25 25 25 25 25 25 25 25 25 25 25 25 25 25 25 25 25 25 25 25 25 25 25 25 25 25 25 25 25
13 13 13 18 18 13 13 13 13 13 25 25 13 13 13 13 13 13 25 25 25 25 25 25 25 25 25 25 25 25 25 25 25 25 25 25 25 25 25 25 25 25 25 25 25 25 25 25 25 25 25 25 25 25 25 25 25
13 13 13 18 18 13 13 13 13 13 25 13 13 13 13 13 13 25 25 25 25 25 25 25 25 25 25 25 25 25 25 25 25 25 25 25 25 25 25 25 25 25 25 25
13 13 13 18 18 13 13 13 13 13 25 13 13 13 13 13 13 25 25 25 25 25 25 25 25 25 25 25 25 25 25 25 25 25 25 25 25 25 25 25 25 25 25
13 13 13 18 18 13 13 13 13 13 25 13 13 13 13 13 13 25 25 25 25 25 25 25 25 25 25 25 25 25 25 25 25 25 25 25 25 25 25 25 25 25 25 25 25 25 25
13 13 13 18 18 13 13 13 13 13 25 13 13 13 13 13 13 25 25 25 25 25 25 25 25 25 25 25 25 25 25 25 25 25 25 25 25 25 25 25 25 25 25 25 25 25 25 25 25 25
13 13 13 18 18 13 13 13 13 13 25 13 13 13 13 13 13 25 25 25 25 25 25 25 25 25 25 25 25 25 25 25 25 25 25 25 25 25 25 25 25 25 25
13 13 13 18 18 13 13 13 13 13 25 13 13 13 13 13 13 25 25 25 25 25 25 25 25 25 25 25 25 25 25 25 25 25 25 25 25 25 25 25 25 25 25 25 25 25
13 13 13 18 18 13 13 13 13 13 25 13 13 13 13 13 13 25 25 25 25 25 25 25 25 25 25 25 25 25 25 25 25 25 25 25 25 25 25 25 25 25 25 25 25 25 25 25 25
13 13 13 18 18 13 13 13 13 13 25 13 13 13 13 13 13 25 25 25 25 25 25 25 25 25 25 25 25 25 25 25 25 25 25 25 25 25 25 25 25 25 25 25 25 25 25
13 13 13 18 18 13 13 13 13 13 25 13 13 13 13 13 13 25 25 25 25 25 25 25 25 25 25 25 25 25 25 25 25 25 25 25 25 25 25 25 25 25 25 25 25 25 25 25 25 25
13 13 13 18 18 13 13 13 13 13 25 13 13 13 13 13 13 25 25 25 25 25 25 25 25 25 25 25 25 25 25 25 25 25 25 25 25 25 25 25 25 25 25 25 25 25 25 25 25 25 25 25 25
13 13 13 18 18 13 13 13 13 13 25 13 13 13 13 13 13 25 25 25 25 25 25 25 25 25 25 25 25 25 25 25 25 25 25 25 25 25 25 25 25 25 25 25 25 25 25 25 25 25
13 13 13 18 18 13 13 13 13 13 25 25 13 13 13 13 13 13 25 25 25 25 25 25 25 25 25 25 25 25 25 25 25 25 25 25 25 25 25 25 25 25 25
13 13 13 18 18 13 13 13 13 13 25 25 13 13 13 13 13 13 25 25 25 25 25 25 25 25 25 25 25 25 25 25 25 25 25 25 25 25 25 25 25 25 25 25 25 25 25
13 13 13 18 18 13 13 13 13 13 25 25 13 13 13 13 13 13 25 25 25 25 25 25 25 25 25 25 25 25 25 25 25 25 25 25 25 25 25 25 25 25 25 25 25 25 25 25 25 25
13 13 13 18 18 13 13 13 13 13 25 25 13 13 13 13 18 18 25 25 13 13 13 13 25 25 25 25 25 25 25 25 25 25 25 25 25 25 25 25 25
13 13 13 18 18 13 13 13 13 13 25 25 13 13 13 13 13 13 25 25 25 25 25 25 25 25 25 25 25 25 25 25 25 25 25
13 13 13 18 18 13 13 13 13 13 25 25 13 13 13 13 13 13 25 25 25 25 25 25 25 25 25 25 25 25 25 25 25 25 25 25 25 25
13 13 13 18 18 13 13 13 13 13 25 13 13 13 13 13 13 25 25 25 25 25 25 25 25 25 25 25 25 25 25 25 25 25 25 25 25 25 25 25 25 25 25
13 13 13 18 18 13 13 13 13 13 25 13 13 13 13 13 13 25 25 25 25 25 25 25 25 25 25 25 25 25 25 25 25 25 25 25 25 25 25 25 25 25 25
13 13 13 18 18 13 13 13 13 13 25 13 13 13 13 13 13 25 25 25 25 25 25 25 25 25 25 25 25 25 25 25 25 25 25 25 25 25 25 25 25 25 25
13 13 13 18 18 13 13 13 13 13 25 13 13 13 13 13 13 25 25 25 25 25 25 25 25 25 25 25 25 25 25 25 25 25 25
13 13 13 18 18 13 13 13 13 13 25 13 13 13 13 13 13 25 25 25 25 25 25 25 25 25 25 25 25 25 25 25 25 25 25 25 25 25 25 25 25 25 25 25 25 25 25
13 13 13 18 18 13 13 13 13 13 25 13 13 13 13 13 13 25 25 25 25 25 25 25 25 25 25 25 25 25 25 25 25 25 25 25 25 25 25 25 25 25 25 25 25 25 25
13 13 13 18 18 13 13 13 13 13 25 13 13 13 13 13 13 25 25 25 25 25 25 25 25 25 25 25 25 25 25 25 25 25 25 25 25 25 25 25 25 25 25 25 25 25 25
13 13 13 18 18 13 13 13 13 13 25 13 13 13 13 13 13 25 25 25 25 25 25 25 25 25 25 25 25 25 25 25 25 25 25 25 25 25 25 25 25 25 25 25 25 25 25
13 13 13 18 18 13 13 13 13 13 25 13 18 18 13 13 13 25 25 25 13 13 13 13 25 25 25 25 25 25 25 25 25 25 25 25 25 25 25 25 25
13 13 13 18 18 13 13 13 13 13 25 13 13 13 13 13 13 25 25 25 25 25 25 25 25 25 25 25 25 25 25 25 25 25 25 25
13 13 13 18 18 13 13 13 13 13 25 13 13 13 13 13 13 25 25 25 25 25 25 25 25 25 25 25 25 25 25 25 25 25 25 25
13 13 13 18 18 13 13 13 13 13 25 13 13 13 13 13 13 25 25 25 25 25 25 25 25 25 25 25 25 25 25 25 25 25 25 25 25 25 25 25 25 25 25 25 25 25 25 25
13 13 13 18 18 13 13 13 13 13 25 13 13 13 13 13 13 25 25 25 25 25 25 25 25 25 25 25 25 25 25 25 25 25 25 25 25 25 25 25 25 25 25 25
13 13 13 18 18 13 13 13 13 13 25 13 13 13 13 13 13 25 25 25 25 25 25 25 25 25 25 25 25 25 25 25 25 25 25 25 25 25 25 25 25 25 25 25 25 25 25 25
13 13 13 18 18 13 13 13 13 13 25 13 13 13 13 13 13 25 25 25 25 25 25 25 25 25 25 25 25 25 25 25 25 25 25 25 25 25 25 25 25 25 25 25
13 13 13 18 18 13 13 13 13 13 25 25 13 13 13 13 13 13 25 25 25 25 25 25 25 25 25 25 25 25 25 25 25 25 25 25 25 25 25 25 25 25 25 25 25 25 25
13 13 13 18 18 13 13 13 13 13 25 25 13 13 13 13 13 13 25 25 25 25 25 25 25 25 25 25 25 25 25 25 25 25 25 25 25 25 25 25 25 25 25 25 25 25 25
13 13 13 18 18 13 13 13 13 13 25 13 13 13 13 13 13 25 25 25 25 25 25 25 25 25 25 25 25 25 25 25 25 25 25 25 25 25 25 25 25 25 25 25 25 25
13 13 13 18 18 13 13 13 13 13 25 13 13 13 13 13 13 25 25 25 25 25 25 25 25 25 25 25 25 25 25 25 25 25 25 25 25 25 25 25 25 25 25 25 25 25
13 13 13 18 18 13 13 13 13 13 25 13 13 13 13 13 13 25 25 25 25 25 25 25 25 25 25 25 25 25 25 25 25 25 25 25 25 25 25 25 25 25 25 25 25 25
13 13 13 18 18 13 13 13 13 13 25 13 13 13 13 13 13 25 25 25 25 25 25 25 25 25 25 25 25 25 25 25 25 25 25 25 25 25 25 25 25 25 25 25 25 25 25 25 25 25
13 13 13 18 18 13 13 13 13 13 25 13 18 18 13 13 13 25 25 25 13 13 13 13 25 25 25 25 25 25 25 25 25 25 25 25 25 25 25 25 25 25 25 25
13 13 13 18 18 13 13 13 13 13 25 13 13 13 13 13 13 25 25 25 25 25 25 25 25 25 25 25 25 25 25 25 25 25 25 25 25 25 25 25 25 25 25 25
13 13 13 18 18 13 13 13 13 13 25 13 13 13 13 13 13 25 25 25 25 25 25 25 25 25 25 25 25 25 25 25 25 25 25 25 25 25 25
13 13 13 18 18 13 13 13 13 13 25 25 13 13 13 13 13 13 25 25 25 25 25 25 25 25 25 25 25 25 25 25 25 25 25
13 13 13 18 18 13 13 13 13 13 25 25 13 13 13 13 13 13 25 25 25 25 25 25 25 25 25 25 25 25 25 25 25 25 25 25 25 25
13 13 13 18 18 13 13 13 13 13 25 25 25 25 25 25 25 25 25 25 25 25 25
13 13 13 18 18 13 13 13 13 13 25 25 25 25 25 25 25 25 25 25 25 25 25
13 13 13 18 18 13 13 13 13 13 25 25 25 25 25 25 25 25 25 25
13 13 13 18 18 13 13 13 13 13 25 25 25 25 25 25 25 25 25 25
13 13 13 18 18 13 13 13 13 13 25 25 25 25 25 25 25 25 25 25
13 13 13 18 18 13 13 13 13 13 25 25 25 25 25 25 25 25 25 25
13 13 13 18 18 13 13 13 13 13 25 25 25 25 25 25 25 25 25 25 25 25 25 25
13 13 13 18 18 13 13 13 13 13 25 25 25 25 25 25 25 25 25 25 25 25 25 25 25 25 25
13 13 13 18 18 13 13 13 13 13 25 25 25 25 25 25 25 25 25 25 25 25 25 25 25 25 25 25 25 25
13 13 13 18 18 13 13 13 13 13 25 25 25 25 25 25 25 25 25 25 25 25 25 25 25 25 25
13 13 13 18 18 13 13 13 13 13 25 25 25 25 25 25 25 25 25 25 25 25 25 25 25 25 25 25 25 25
13 13 13 18 18 13 13 13 13 13 25 25 25 25 25 25 25 25 25 25 25 25 25 25 25 25 25 25 25 25 25 25 25
13 13 13 18 18 13 13 13 13 13 25 25 25 25 25 25 25 25 25 25 25 25 25 25
13 13 13 18 18 13 13 13 13 13 25 25 25 25 25 25 25 25 25 25 25 25 25
13 13 13 18 18 13 13 13 13 13 25 25 25 25 25 25 25 25 25 25 25 25 25
13 13 13 18 18 13 13 13 13 13 25 25 25 25 25 25 25 25 25 25
13 13 13 18 18 13 13 13 13 13 25 25 25 25 25 25 25 25 25 25
13 13 13 18 18 13 13 13 13 13 25 25 25 25 25 25 25 25 25 25
13 13 13 18 18 13 13 13 13 13 25 25 25 25 25 25 25 25 25 25
13 13 13 18 18 13 13 13 13 13 25 25 25 25 25 25 25 25 25 25 25 25 25 25
13 13 13 18 18 13 13 13 13 13 25 25 25 25 25 25 25 25 25 25 25 25 25
13 13 13 18 18 13 13 13 13 13 25 25 25 25 25 25 25 25 25 25 25 25 25
13 13 13 18 18 13 13 13 13 13 25 25 25 25 25 25 25 25 25 25
13 13 13 18 18 13 13 13 13 13 25 25 25 25 25 25 25 25 25 25
13 13 13 18 18 13 13 13 13 13 25 25 25 25 25 25 25 25 25 25
13 13 13 18 18 13 13 13 13 13 25 25 25 25 25 25 25 25 25 25
13 13 13 18 18 13 13 13 13 13 25 25 25 25 25 25 25 25 25 25
13 13 13 18 18 13 13 13 13 13 25 25 25 25 25 25 25 25 25 25 25 25 25 25 25 25
13 13 13 18 18 13 13 13 13 13 25 25 25 25 13 13 13 13 13 13 25 25 25 25 25 25 25 25 25 25 25 25
13 13 13 18 18 13 13 13 13 13 25 25 25 25 13 13 13 13 13 13 25 25 25 25 25 25 25 25 25 25 25 25 25 25
13 13 13 18 18 13 13 13 13 13 25 25 25 25 13 13 13 13 13 13 25 25 25 25 25 25 25 25 25 25 25 25 25 25 25 25
13 13 13 18 18 13 13 13 13 13 25 25 25 25 13 13 13 13 13 13 25 25 25 25 25 25 25 25 25 25 25 25 25 25 25 25 25 25 25 25 25 25 25
13 13 13 18 18 13 13 13 13 13 25 25 25 25 13 13 13 13 13 13 25 25 25 25 25 25 25 25 25 25 25 25 25 25 25 25 25 25 25 25 25 25 25 25 25 25
13 13 13 18 18 13 13 13 13 13 25 25 25 25 13 13 13 13 13 13 25 25 25 25 25 25 25 25 25 25 25 25 25 25 25 25 25 25 25 25 25 25 25 25
13 13 13 18 18 13 13 13 13 13 25 25 25 25 13 13 13 13 13 13 25 25 25 25 25 25 25 25 25 25 25 25 25 25 25 25 25 25 25 25
13 13 13 18 18 13 13 13 13 13 25 25 25 25 13 13 13 13 13 13 25 25 25 25 25 25 25 25 25 25 25 25 25 25 25 25 25 25 25 25 25 25 25 25 25 25 25
13 13 13 18 18 13 13 13 13 13 25 25 25 25 13 13 13 13 13 13 25 25 25 25 25 25 25 25 25 25 25 25 25 25 25 25 25 25 25 25 25 25 25 25 25 25 25 25 25 25
13 13 13 18 18 13 13 13 13 13 25 25 25 25 13 13 13 13 13 13 25 25 25 25 25 25 25 25 25 25 25 25 25 25 25 25 25 25 25 25 25 25 25 25 25 25 25 25
13 13 13 18 18 13 25 25 13 13 13 13 25 22 21 21 22 22 21 21 13 13 13 13 13 13 13 13 25 25 25 25 25 25 25 25 25 25 25 25 25 25 25 25 25 25 25
13 13 13 18 18 13 25 25 13 13 13 13 25 22 21 21 22 22 21 21 13 13 13 13 13 13 13 13 25 25 25 25 25 25 25 25 25 25 25 25 25 25 25 25 25 25 25 25 25
13 13 13 18 18 13 13 13 13 13 25 25 25 25 25 25 25 25 25 25 25 25 25
13 13 13 18 18 13 13 13 13 13 25 25 25 25 25 25 25 25 25 25 25 25 25 25
13 13 13 18 18 13 13 13 13 13 25 25 13 13 13 13 13 13 25 25 25 25 25 25 25 25 25 25 25 25 25 25 25 25 25 25 25 25 25 25 25 25 25 25 25 25 25 25 25 25 25
13 13 13 18 18 13 13 13 13 13 25 25 13 13 13 13 13 13 25 25 25 25 25 25 25 25 25 25 25 25 25 25 25 25 25 25 25 25 25 25 25 25 25 25 25 25 25 25 25 25 25 25 25 25
13 13 13 18 18 13 13 13 13 13 25 25 13 13 13 13 13 13 25 25 25 25 25 25 25 25 25 25 25 25 25 25 25 25 25 25 25 25 25 25 25 25 25 25 25 25 25 25 25 25 25 25 25
13 13 13 18 18 13 13 13 13 13 25 25 13 13 13 13 13 13 25 25 25 25 25 25 25 25 25 25 25 25 25 25 25 25 25 25 25 25 25 25 25 25 25 25 25 25 25
13 13 13 18 18 13 13 13 13 13 25 25 13 13 13 13 13 13 25 25 25 25 25 25 25 25 25 25 25 25 25 25 25 25 25 25 25 25 25 25 25 25 25 25 25 25 25 25 25 25
13 13 13 18 18 13 13 13 13 13 25 25 13 13 13 13 13 13 25 25 25 25 25 25 25 25 25 25 25 25 25 25 25 25 25 25 25 25 25 25 25 25 25 25 25 25 25 25 25 25 25 25 25
13 13 13 18 18 13 13 13 13 13 25 25 13 13 13 13 13 13 25 25 25 25 25 25 25 25 25 25 25 25 25 25 25 25 25 25 25 25 25 25 25 25 25 25 25 25 25 25 25 25 25 25 25
13 13 13 18 18 13 13 13 13 13 25 25 13 13 13 13 13 13 25 25 25 25 25 25 25 25 25 25 25 25 25 25 25 25 25 25 25 25 25 25 25 25 25 25 25 25 25 25 25 25 25 25 25 25 25 25
13 13 13 18 18 13 13 13 13 13 25 25 13 13 13 13 13 13 25 25 25 25 25 25 25 25 25 25 25 25 25 25 25 25 25 25 25 25 25
13 13 13 18 18 13 13 13 13 13 25 25 13 13 13 13 13 13 25 25 25 25 25 25 25 25 25 25 25 25 25 25 25 25 25 25 25 25 25 25 25 25
13 13 13 18 18 13 13 13 13 13 25 25 13 13 13 13 13 13 25 25 25 25 25 25 25 25 25 25 25 25 25 25 25 25 25 25 25 25 25
13 13 13 18 18 13 13 13 13 13 25 25 13 13 13 13 13 13 25 25 25 25 25 25 25 25 25 25 25 25 25 25 25 25 25 25 25 25 25
13 13 13 18 18 13 13 13 13 13 25 25 13 13 13 13 13 13 25 25 25 25 25 25 25 25 25 25 25 25 25 25 25 25 25 25 25 25 25
13 13 13 18 18 13 13 13 13 13 25 25 13 13 13 13 13 13 25 25 25 25 25 25 25 25 25 25 25 25 25 25 25 25 25 25 25 25 25 25 25 25
13 13 13 18 18 13 13 13 13 13 25 25 13 13 13 13 13 13 25 25 25 25 25 25 25 25 25 25 25 25 25 25 25 25 25 25 25 25 25
13 13 13 18 18 13 13 13 13 13 25 25 13 13 13 13 13 13 25 25 25 25 25 25 25 25 25 25 25 25 25 25 25 25 25 25 25 25 25 25 25 25 25 25 25 25 25 25 25 25 25 25 25 25
13 13 13 18 18 13 13 13 13 13 25 25 13 13 13 13 13 13 25 25 25 25 25 25 25 25 25 25 25 25 25 25 25 25 25 25 25 25 25 25 25 25 25 25 25 25 25 25 25 25 25 25 25 25 25 25 25
13 13 13 18 18 13 13 13 13 13 25 5 2 13 13 13 13 2 25 25 5 5 25 25 25 25 25 25 25 25 25 25 25 25 25 25 25 25 25 25 25 25 25
13 13 13 18 18 13 13 13 13 13 25 25 13 13 13 13 18 18 25 25 13 13 13 13 25 25 25 25 25 25 25 25 25 25 25 25 25 25 25 25 25 25 25 25 25
13 13 13 18 18 13 13 13 13 13 25 25 13 13 13 13 18 18 25 25 13 13 13 13 25 25 25 25 25 25 25 25 25 25 25 25 25 25 25 25 25 25 25 25 25 25 25 25
13 13 13 18 18 13 13 13 13 13 25 13 13 13 13 13 13 25 25 25 25 25 25 25 25 25 25 25 25 25 25 25 25 25 25 25 25
13 13 13 18 18 13 13 13 13 13 25 13 13 13 13 13 13 25 25 25 25 25 25 25 25 25 25 25 25 25 25 25 25 25 25 25 25 25 25 25
13 13 13 18 18 13 13 13 13 13 25 13 13 13 13 13 13 25 25 25 25 25 25 25 25 25 25 25 25 25 25 25 25 25 25 25 25 25 25 25
13 13 13 18 18 13 13 13 13 13 25 13 13 13 13 13 13 25 25 25 25 25 25 25 25 25 25 25 25 25 25 25 25 25 25 25 25 25 25 25 25
13 13 13 18 18 13 13 13 13 13 25 13 13 13 13 13 13 25 25 25 25 25 25 25 25 25 25 25 25 25 25 25 25 25 25 25 25 25 25 25 25
13 13 13 18 18 13 13 13 13 13 25 13 13 13 13 13 13 25 25 25 25 25 25 25 25 25 25 25 25 25 25 25 25 25 25 25 25 25 25 25 25
13 13 13 18 18 13 13 13 13 13 25 13 13 13 13 13 13 25 25 25 25 25 25 25 25 25 25 25 25 25 25 25 25 25 25 25 25 25 25 25
13 13 13 18 18 13 13 13 13 13 25 13 13 13 13 13 13 25 25 25 25 25 25 25 25 25 25 25 25 25 25 25 25 25 25 25 25 25 25 25 25
13 13 13 18 18 13 13 13 13 13 25 13 13 13 13 13 13 25 25 25 25 25 25 25 25 25 25 25 25 25 25 25 25 25 25 25 25 25 25 25 25
13 13 13 18 18 13 13 13 13 13 25 13 13 13 13 13 13 25 25 25 25 25 25 25 25 25 25 25 25 25 25 25 25 25 25 25 25 25 25 25 25 25 25 25 25
13 13 13 18 18 13 13 13 13 13 25 13 13 13 13 13 13 25 25 25 25 25 25 25 25 25 25 25 25 25 25 25 25 25 25 25 25 25 25 25 25 25 25 25 25
13 13 13 18 18 13 13 13 13 13 25 13 13 13 13 13 13 25 25 25 25 25 25 25 25 25 25 25 25 25 25 25 25 25 25 25 25 25 25 25 25 25 25 25 25 25 25 25 25
13 13 13 18 18 13 13 13 13 13 25 13 13 13 13 13 13 25 25 25 25 25 25 25 25 25 25 25 25 25 25 25 25 25 25 25 25
13 13 13 18 18 13 13 13 13 13 25 25 25 25 25 25 25 25 25 25 25 25 25 25 25 25 25 25 25 25
13 13 13 18 18 13 13 13 13 13 25 25 25 25 25 25 25 25 25 25 25 25 25 25 25 25 25 25 25 25 25 25 25 25 25 25
13 13 13 18 18 13 13 13 13 13 13 25 25 13 13 13 13 13 25 25 25 25 25 25 25 25 25 25 25 25 25 25 25 25
13 13 13 18 18 13 13 13 13 13 25 25 25 5 5 5 5 5 25 25 25 25 25 25 25 25 25 25 25 25 25 25 25 25
13 13 13 18 18 13 13 13 13 13 25 25 25 5 5 5 5 5 25 25 25 25 25 25 25 25 25 25 25 25 25 25 25 25
13 13 13 18 18 13 13 13 13 13 25 25 25 5 5 5 5 5 25 25 25 25 25 25 25 25 25 25 25 25 25 25 25 25 25 25 25 25
13 13 13 18 18 13 13 13 13 13 25 25 13 13 13 13 13 13 25 25 25 25 25 25 25 25 25 25 25 25 25 25 25
13 13 13 18 18 13 13 13 13 13 25 25 13 13 13 13 18 18 25 25 13 13 13 13 25 25 25 25 25 25 25 25 25 25 25 25 25 25 25
13 13 13 18 18 13 13 13 13 13 25 25 13 13 13 18 18 13 25 25 13 13 13 13 25 25 25 25 25 25 25 25 25 25 25 25 25 25 25
13 13 13 18 18 13 13 13 13 13 25 25 13 13 13 13 13 13 25 25 25 25 25 25 25 25 25 25 25 25 25 25 25 25 25 25 25 25 25 25 25 25
13 13 13 18 18 13 13 13 13 13 25 25 13 13 13 13 13 13 25 25 25 25 25 25 25 25 25 25 25 25 25 25 25 25 25 25 25 25 25 25 25 25 25 25 25 25
13 13 13 18 18 13 13 13 13 13 25 25 13 13 13 13 13 13 25 25 25 25 25 25 25 25 25 25 25 25 25 25 25 25 25 25 25 25 25 25 25 25 25 25 25 25 25 25 25
13 13 13 18 18 13 13 13 13 13 25 25 13 13 13 13 13 13 25 25 25 25 25 25 25 25 25 25 25 25 25 25 25 25 25 25 25
13 13 13 18 18 13 13 13 13 13 25 25 13 13 13 13 13 13 25 25 25 25 25 25 25 25 25 25 25 25 25 25 25 25 25 25 25
13 13 13 18 18 13 13 13 13 13 25 25 13 13 13 13 13 13 25 25 25 25 25 25 25 25 25 25 25 25 25 25 25 25 25 25 25
13 13 13 18 18 13 13 13 13 13 25 25 13 13 13 13 13 13 25 25 25 25 25 25 25 25 25 25 25 25 25 25 25
13 13 13 18 18 13 13 13 13 13 25 25 13 13 13 13 13 13 25 25 25 25 25 25 25 25 25 25 25 25 25 25 25 25
13 13 13 18 18 13 13 13 13 13 25 25 13 13 13 13 13 13 25 25 25 25 25 25 25 25 25 25 25 25 25 25 25 25 25 25 25
13 13 13 18 18 13 13 13 13 13 25 25 13 13 13 13 13 13 25 25 25 25 25 25 25 25 25 25 25 25 25 25 25 25 25 25 25 25
13 13 13 18 18 13 13 13 13 13 25 25 13 13 13 13 13 13 25 25 25 25 25 25 25 25 25 25 25 25 25 25 25 25 25 25 25 25 25 25 25
13 13 13 18 18 13 13 13 13 13 25 25 13 13 13 13 13 13 25 25 25 25 25 25 25 25 25 25 25 25 25 25 25 25 25 25 25 25
13 13 13 18 18 13 13 13 13 13 25 25 13 13 13 13 13 13 25 25 25 25 25 25 25 25 25 25 25 25 25 25 25 25 25 25 25 25 25 25 25
13 13 13 18 18 13 13 13 13 13 25 25 13 13 13 13 13 13 25 25 25 25 25 25 25 25 25 25 25 25 25 25 25 25 25 25 25 25
13 13 13 18 18 13 13 13 13 13 25 25 13 13 13 13 13 13 25 25 25 25 25 25 25 25 25 25 25 25 25 25 25 25 25 25 25 25 25 25 25
13 13 13 18 18 13 13 13 13 13 25 25 13 13 13 13 13 13 25 25 25 25 25 25 25 25 25 25 25 25 25 25 25 25
13 13 13 18 18 13 13 13 13 13 25 25 13 13 13 13 13 13 25 25 25 25 25 25 25 25 25 25 25 25 25 25 25 25 25 25 25
13 13 13 18 18 13 13 13 13 13 25 25 13 13 13 13 13 13 25 25 25 25 25 25 25 25 25 25 25 25 25 25 25 25
13 13 13 18 18 13 13 13 13 13 25 25 13 13 13 13 13 13 25 25 25 25 25 25 25 25 25 25 25 25 25 25 25 25 25 25 25 25 25 25 25 25
13 13 13 18 18 13 13 13 13 13 25 25 13 13 13 13 13 13 25 25 25 25 25 25 25 25 25 25 25 25 25 25 25 25 25 25 25 25 25 25 25 25 25 25 25
13 13 13 18 18 13 13 13 13 13 25 25 13 13 13 13 13 13 25 25 25 25 25 25 25 25 25 25 25 25 25 25 25 25 25 25 25 25 25 25 25 25
13 13 13 18 18 13 13 13 13 13 25 25 13 13 13 13 13 13 25 25 25 25 25 25 25 25 25 25 25 25 25 25 25 25 25 25 25 25 25 25 25 25 25 25 25
13 13 13 18 18 13 13 13 13 13 25 25 13 13 13 13 13 13 25 25 25 25 25 25 25 25 25 25 25 25 25 25 25 25 25 25 25 25 25 25 25 25
13 13 13 18 18 13 13 13 13 13 25 25 13 13 13 13 13 13 25 25 25 25 25 25 25 25 25 25 25 25 25 25 25 25 25 25 25 25 25 25 25 25 25 25 25
13 13 13 18 18 13 13 13 13 13 25 25 13 13 13 13 13 13 25 25 25 25 25 25 25 25 25 25 25 25 25 25 25 25
13 13 13 18 18 13 13 13 13 13 25 25 13 13 13 13 13 13 25 25 25 25 25 25 25 25 25 25 25 25 25 25 25 25 25 25 25
13 13 13 18 18 13 13 13 13 13 25 25 13 13 13 13 13 13 25 25 25 25 25 25 25 25 25 25 25 25 25 25 25 25
13 13 13 18 18 13 13 13 13 13 25 25 13 13 13 13 13 13 25 25 25 25 25 25 25 25 25 25 25 25 25 25 25 25 25 25 25
13 13 13 18 18 13 13 13 13 13 25 25 13 13 13 13 13 13 25 25 25 25 25 25 25 25 25 25 25 25 25 25 25 25
13 13 13 18 18 13 13 13 13 13 25 25 13 13 13 13 13 13 25 25 25 25 25 25 25 25 25 25 25 25 25 25 25 25 25 25 25
13 13 13 18 18 13 13 13 13 13 25 25 13 13 13 13 13 13 25 25 25 25 25 25 25 25 25 25 25 25 25 25 25 25
13 13 13 18 18 13 13 13 13 13 25 25 13 13 13 13 13 13 25 25 25 25 25 25 25 25 25 25 25 25 25 25 25 25 25 25 25
13 13 13 18 18 13 13 13 13 13 25 25 13 13 13 13 13 13 25 25 25 25 25 25 25 25 25 25 25 25 25 25 25 25 25 25 25 25 25 25 25 25 25 25 25 25
13 13 13 18 18 13 13 13 13 13 25 25 13 13 13 13 13 13 25 25 25 25 25 25 25 25 25 25 25 25 25 25 25 25
13 13 13 18 18 13 13 13 13 13 25 25 13 13 13 13 13 13 25 25 25 25 25 25 25 25 25 25 25 25 25 25 25 25 25 25 25
13 13 13 18 18 13 13 13 13 13 25 25 13 13 13 13 13 13 25 25 25 25 25 25 25 25 25 25 25 25 25 25 25 25
13 13 13 18 18 13 13 13 13 13 25 25 13 13 13 13 13 13 25 25 25 25 25 25 25 25 25 25 25 25 25 25 25 25 25 25 25
13 13 13 18 18 13 13 13 13 13 25 25 13 13 13 13 18 18 25 25 13 13 13 13 25 25 25 25 25 25 25 25 25 25 25 25 25 25 25
13 13 13 18 18 13 13 13 13 13 25 25 13 13 13 18 18 13 25 25 13 13 13 13 25 25 25 25 25 25 25 25 25 25 25 25 25 25 25
13 13 13 18 18 13 13 13 13 13 25 25 13 13 13 13 18 18 25 25 13 13 13 13 25 25 25 25 25 25 25 25 25 25 25 25 25 25 25 25
13 13 13 18 18 13 13 13 13 13 25 25 13 13 13 18 18 13 25 25 13 13 13 13 25 25 25 25 25 25 25 25 25 25 25 25 25 25 25 25
13 13 13 18 18 13 13 13 13 13 25 25 13 13 13 13 18 18 25 25 13 13 13 13 25 25 25 25 25 25 25 25 25 25 25 25 25 25 25 25 25 25 25
13 13 13 18 18 13 13 13 13 13 25 25 13 13 13 18 18 13 25 25 13 13 13 13 25 25 25 25 25 25 25 25 25 25 25 25 25 25 25 25 25 25 25
13 13 13 18 18 13 13 13 13 13 25 25 13 13 13 13 13 13 25 25 25 25 25 25 25 25 25 25 25 25 25 25 25 25 25 25 25 25 25
13 13 13 18 18 13 13 13 13 13 25 25 13 13 13 13 13 13 25 25 25 25 25 25 25 25 25 25 25 25 25 25 25 25 25 25 25 25 25 25 25 25
13 13 13 18 18 13 13 13 13 13 25 25 13 13 13 13 13 13 25 25 25 25 25 25 25 25 25 25 25 25 25 25 25 25 25 25 25 25 25 25 25
13 13 13 18 18 13 13 13 13 13 25 25 13 13 13 13 13 13 25 25 25 25 25 25 25 25 25 25 25 25 25 25 25 25 25 25 25 25 25 25 25 25
13 13 13 18 18 13 13 13 13 13 25 25 13 13 13 13 13 13 25 25 25 25 25 25 25 25 25 25 25 25 25 25 25 25 25 25 25 25 25 25 25
13 13 13 18 18 13 13 13 13 13 25 25 25 13 13 13 13 13 13 25 25 25 25 25 25 25 25 25 25 25 25 25 25 25
13 13 13 18 18 13 13 13 13 13 25 25 25 13 13 13 13 13 13 25 25 25 25 25 25 25 25 25 25 25 25 25 25 25
13 13 13 18 18 13 13 13 13 13 25 25 25 13 13 13 13 13 13 25 25 25 25 25 25 25 25 25 25 25 25 25 25 25 25 25 25 25
13 13 13 18 18 13 13 13 13 13 25 25 13 13 13 13 13 13 25 25 25 25 25 25 25 25 25 25 25 25 25 25 25 25 25 25
13 13 13 18 18 13 13 13 13 13 25 25 13 13 13 13 13 13 25 25 25 25 25 25 25 25 25 25 25 25 25 25 25 25 25 25
13 13 13 18 18 13 13 13 13 13 25 25 13 13 13 13 13 13 25 25 25 25 25 25 25 25 25 25 25 25 25 25 25 25 25 25 25 25 25 25
13 13 13 18 18 13 13 13 13 13 25 25 25 13 13 13 13 13 13 25 25 25 25 25 25 25 25 25 25 25 25 25 25 25 25
13 13 13 18 18 13 13 13 13 13 25 25 25 13 13 13 13 13 13 25 25 25 25 25 25 25 25 25 25 25 25 25 25 25 25
13 13 13 18 18 13 13 13 13 13 25 25 25 13 13 13 13 13 13 25 25 25 25 25 25 25 25 25 25 25 25 25 25 25 25 25 25 25 25
13 13 13 18 18 13 13 13 13 13 25 25 25 13 13 13 13 13 13 25 25 25 25 25 25 25 25 25 25 25 25 25 25 25 25 25 25 25
13 13 13 18 18 13 13 13 13 13 25 25 25 13 13 13 13 13 13 25 25 25 25 25 25 25 25 25 25 25 25 25 25 25 25 25 25 25 25 25 25 25
13 13 13 18 18 13 13 13 13 13 25 25 25 13 13 13 13 13 13 25 25 25 25 25 25 25 25 25 25 25 25 25 25 25 25 25 25 25 25
13 13 13 18 18 13 13 13 13 13 25 25 25 13 13 13 13 13 13 25 25 25 25 25 25 25 25 25 25 25 25 25 25 25 25 25 25 25 25 25 25 25
13 13 13 18 18 13 13 13 13 13 25 25 25 13 13 13 13 13 13 25 25 25 25 25 25 25 25 25 25 25 25 25 25 25 25 25 25 25 25 25 25 25 25
13 13 13 18 18 13 13 13 13 13 25 25 25 13 13 13 13 13 13 25 25 25 25 25 25 25 25 25 25 25 25 25 25 25 25 25 25 25 25 25 25 25 25 25 25 25
13 13 13 18 18 13 13 13 13 13 25 25 25 13 13 13 13 18 18 13 13 13 13 25 25 25 25 25 25 25 25 25 25 25 25 25 25 25 25 25
13 13 13 18 18 13 13 13 13 13 25 25 25 13 13 13 18 18 13 13 13 13 13 25 25 25 25 25 25 25 25 25 25 25 25 25 25
13 13 13 18 18 13 13 13 13 13 25 25 25 13 13 13 18 18 13 13 13 13 13 25 25 25 25 25 25 25 25 25 25 25 25 25 25 25 25 25
13 13 13 18 18 13 13 13 13 13 25 25 25 13 13 13 13 13 13 25 25 25 25 25 25 25 25 25 25 25 25
13 13 13 18 18 13 13 13 13 13 25 25 25 13 13 13 13 13 13 25 25 25 25 25 25 25 25 25 25 25 25 25 25 25
13 13 13 18 18 13 13 13 13 13 25 25 25 13 13 13 13 13 13 25 25 25 25 25 25 25 25 25 25 25 25
13 13 13 18 18 13 13 13 13 13 25 25 25 13 13 13 13 13 13 25 25 25 25 25 25 25 25 25 25 25 25 25 25 25 25 25 25 25 25 25 25 25 25 25 25 25
13 13 13 18 18 13 25 25 13 13 13 13 25 22 21 21 22 22 21 21 13 13 13 13 13 13 13 13 25 25 25 25 25 25 25 25 25 25 25 25 25 25 25 25 25 25
13 13 13 18 18 13 13 13 13 13 25 25 13 13 13 13 13 13 25 25 25 25 25 25 25 25 25 25 25 25 25 25 25
13 13 13 18 18 13 13 13 13 13 25 25 13 13 13 13 18 18 25 25 13 13 13 13 25 25 25 25 25 25 25 25 25 25 25 25 25 25 25
13 13 13 18 18 13 13 13 13 13 25 25 13 13 13 18 18 13 25 25 13 13 13 13 25 25 25 25 25 25 25 25 25 25 25 25 25 25 25
13 13 13 18 18 13 13 13 13 13 25 25 13 13 13 13 13 13 25 25 25 25 25 25 25 25 25 25 25 25 25 25 25
13 13 13 18 18 13 13 13 13 13 25 25 13 13 13 13 13 13 25 25 25 25 25 25 25 25 25 25 25 25 25 25 25
13 13 13 18 18 13 13 13 13 13 25 25 13 13 13 13 13 13 25 25 25 25 25 25 25 25 25 25 25 25 25 25 25 25 25 25 25 25 25 25 25
13 13 13 18 18 13 13 13 13 13 25 25 13 13 13 13 13 13 25 25 25 25 25 25 25 25 25 25 25 25 25 25 25 25 25 25 25 25 25 25 25 25 25 25 25 25 25 25 25
13 13 13 18 18 13 13 13 13 13 25 25 13 13 13 13 13 13 25 25 25 25 25 25 25 25 25 25 25 25 25 25 25 25 25 25 25 25 25 25 25 25 25 25 25 25 25 25 25 25 25 25
13 13 13 18 18 13 13 13 13 13 25 25 13 13 13 13 13 13 25 25 25 25 25 25 25 25 25 25 25 25 25 25 25 25 25 25 25 25 25 25 25 25 25 25 25 25 25 25 25 25 25
13 13 13 18 18 13 13 13 13 13 25 25 13 13 13 13 13 13 25 25 25 25 25 25 25 25 25 25 25 25 25 25 25 25 25 25 25
13 13 13 18 18 13 13 13 13 13 25 25 13 13 13 13 13 13 25 25 25 25 25 25 25 25 25 25 25 25 25 25 25 25 25 25 25 25 25 25
13 13 13 18 18 13 13 13 13 13 25 25 13 13 13 13 13 13 25 25 25 25 25 25 25 25 25 25 25 25 25 25 25 25 25 25 25 25 25
13 13 13 18 18 13 13 13 13 13 25 25 13 13 13 13 13 13 25 25 25 25 25 25 25 25 25 25 25 25 25 25 25 25 25 25 25
13 13 13 18 18 13 13 13 13 13 25 25 13 13 13 13 13 13 25 25 25 25 25 25 25 25 25 25 25 25 25 25 25 25 25 25 25 25 25 25
13 13 13 18 18 13 13 13 13 13 25 13 13 13 13 13 13 25 25 25 25 25 25 25 25 25 25 25 25 25 25 25 25 25 25 25 25 25 25
13 13 13 18 18 13 13 13 13 13 25 25 13 13 13 13 13 13 25 25 25 25 25 25 25 25 25 25 25 25 25 25 25 25 25 25 25 25 25 25 25 25 25 25 25
13 13 13 18 18 13 13 13 13 13 25 25 13 13 13 13 13 13 25 25 25 25 25 25 25 25 25 25 25 25 25 25 25 25 25 25 25 25 25 25 25 25 25 25 25
13 13 13 18 18 13 13 13 13 13 25 25 13 13 13 13 13 13 25 25 25 25 25 25 25 25 25 25 25 25 25 25 25 25 25 25 25 25 25 25 25 25 25 25 25
13 13 13 18 18 13 13 13 13 13 25 25 13 13 13 13 13 13 25 25 25 25 25 25 25 25 25 25 25 25 25 25 25 25 25 25 25 25 25 25 25 25 25 25 25
13 13 13 18 18 13 13 13 13 13 25 25 13 13 13 13 13 13 25 25 25 25 25 25 25 25 25 25 25 25 25 25 25 25 25 25 25 25 25 25 25 25 25 25 25 25 25 25 25 25 25
13 13 13 18 18 13 13 13 13 13 25 25 13 13 13 13 13 13 25 25 25 25 25 25 25 25 25 25 25 25 25 25 25 25 25 25 25 25 25 25 25 25 25 25 25 25 25 25
13 13 13 18 18 13 13 13 13 13 25 25 13 13 13 13 13 13 25 25 25 25 25 25 25 25 25 25 25 25 25 25 25 25 25 25 25 25 25 25 25 25 25 25 25 25 25 25
13 13 13 18 18 13 13 13 13 13 25 25 13 13 13 13 13 13 25 25 25 25 25 25 25 25 25 25 25 25 25 25 25 25 25 25 25 25 25 25 25 25 25 25 25 25 25 25
13 13 13 18 18 13 13 13 13 13 25 25 13 13 13 13 13 13 25 25 25 25 25 25 25 25 25 25 25 25 25 25 25 25 25 25 25 25 25 25 25 25 25 25 25 25 25 25 25 25 25 25 25 25
13 13 13 18 18 13 13 13 13 13 25 25 13 13 13 13 13 13 25 25 25 25 25 25 25 25 25 25 25 25 25 25 25 25 25 25 25 25 25 25 25 25 25 25 25 25 25 25 25 25 25 25 25 25
13 13 13 18 18 13 13 13 13 13 25 25 13 13 13 13 13 13 25 25 25 25 25 25 25 25 25 25 25 25 25 25 25 25 25 25 25 25 25 25 25 25 25 25 25 25 25 25 25 25 25 25 25 25 25 25 25 25
13 13 13 18 18 13 13 13 13 13 25 25 13 13 13 13 13 13 25 25 25 25 25 25 25 25 25 25 25 25 25 25 25 25 25 25 25 25 25 25 25 25 25 25 25 25 25 25 25 25 25 25 25 25 25
13 13 13 18 18 13 13 13 13 13 25 25 13 13 13 13 18 18 25 25 13 25 13 13 13 25 25 25 25 25 25 25 25 25 25 25 25 25 25 25 25 25 25
13 13 13 18 18 13 13 13 13 13 25 25 13 13 13 13 18 18 25 25 13 25 13 13 13 25 25 25 25 25 25 25 25 25 25 25 25 25 25 25 25 25 25 25 25 25 25
13 13 13 18 18 13 13 13 13 13 25 25 13 13 13 13 13 13 25 25 25 25 25 25 25 25 25 25 25 25 25 25 25 25 25 25 25 25 25 25 25 25 25 25 25 25 25 25 25
13 13 13 18 18 13 13 13 13 13 25 25 13 13 13 13 13 13 25 25 25 25 25 25 25 25 25 25 25 25 25 25 25 25 25 25 25 25 25 25 25 25 25 25 25 25 25 25 25 25 25 25
13 13 13 18 18 13 13 13 13 13 25 25 13 13 13 13 13 13 25 25 25 25 25 25 25 25 25 25 25 25 25 25 25 25 25 25 25 25 25 25
13 13 13 18 18 13 13 13 13 13 25 25 13 13 13 13 18 18 25 25 13 13 13 13 25 25 25 25 25 25 25 25 25 25 25 25 25 25 25 25 25 25 25
13 13 13 18 18 13 13 13 13 13 25 25 13 13 13 13 13 13 25 25 25 25 25 25 25 25 25 25 25 25 25 25 25 25 25 25
13 13 13 18 18 13 13 13 13 13 25 25 13 13 13 13 18 18 25 25 13 13 13 13 25 25 25 25 25 25 25 25 25 25 25 25 25 25 25 25 25 25
13 13 13 18 18 13 13 13 13 13 25 25 13 13 13 13 13 13 25 25 25 25 25 25 25 25 25 25 25 25 25 25 25 25 25 25 25 25 25
13 13 13 18 18 13 13 13 13 13 25 25 13 13 13 13 13 13 25 25 25 25 25 25 25 25 25 25 25 25 25 25 25 25 25 25 25 25 25
13 13 13 18 18 13 13 13 13 13 25 25 13 13 13 13 13 13 25 25 25 25 25 25 25 25 25 25 25 25 25 25 25 25 25 25 25 25 25 25
13 13 13 18 18 13 13 13 13 13 25 25 13 13 13 13 13 13 25 25 25 25 25 25 25 25 25 25 25 25 25 25 25 25 25 25 25 25 25 25
13 13 13 18 18 13 13 13 13 13 25 25 13 13 13 13 13 13 25 25 25 25 25 25 25 25 25 25 25 25 25 25 25 25 25 25 25 25 25 25 25 25 25 25
13 13 13 18 18 13 13 13 13 13 25 25 13 13 13 13 13 13 25 25 25 25 25 25 25 25 25 25 25 25 25 25 25 25 25 25
13 13 13 18 18 13 13 13 13 13 25 25 13 13 13 13 13 13 25 25 25 25 25 25 25 25 25 25 25 25 25 25 25 25 25 25
13 13 13 18 18 13 13 13 13 13 25 25 13 13 13 13 13 13 25 25 25 25 25 25 25 25 25 25 25 25 25 25 25 25 25 25 25
13 13 13 18 18 13 13 13 13 13 25 25 13 13 13 13 13 13 25 25 25 25 25 25 25 25 25 25 25 25 25 25 25 25 25 25 25 25 25 25 25 25 25 25
13 13 13 18 18 13 13 13 13 13 25 25 13 13 13 13 13 13 25 25 25 25 25 25 25 25 25 25 25 25 25 25 25 25 25 25 25 25 25 25 25 25 25 25
13 13 13 18 18 13 13 13 13 13 25 25 13 13 13 13 13 13 25 25 25 25 25 25 25 25 25 25 25 25 25 25 25 25 25 25 25 25 25 25 25 25 25 25 25
13 13 13 18 18 13 13 13 13 13 25 25 13 13 13 13 13 13 25 25 25 25 25 25 25 25 25 25 25 25 25 25 25 25 25 25 25 25 25 25 25 25 25 25 25 25 25 25
13 13 13 18 18 13 13 13 13 13 25 25 13 13 13 13 13 13 25 25 25 25 25 25 25 25 25 25 25 25 25 25 25 25 25 25 25 25 25 25 25 25 25 25 25
13 13 13 18 18 13 13 13 13 13 25 25 13 13 13 13 13 13 25 25 25 25 25 25 25 25 25 25 25 25 25 25 25 25 25 25 25 25 25 25 25 25 25 25 25 25 25 25 25
13 13 13 18 18 13 13 13 13 13 25 25 13 13 13 13 13 13 25 25 25 25 25 25 25 25 25 25 25 25 25 25 25 25 25 25 25 25 25 25 25 25 25 25
13 13 13 18 18 13 13 13 13 13 25 25 13 13 13 13 13 13 25 25 25 25 25 25 25 25 25 25 25 25 25 25 25 25 25 25 25 25 25 25 25 25 25 25
13 13 13 18 18 13 13 13 13 13 25 25 13 13 13 13 18 18 25 25 13 13 13 13 25 25 25 25 25 25 25 25 25 25 25 25 25 25 25 25 25 25 25 25
13 13 13 18 18 13 13 13 13 13 25 25 13 13 13 13 13 13 25 25 25 25 25 25 25 25 25 25 25 25 25 25 25 25 25 25 25 25 25 25 25 25 25 25 25 25
13 13 13 18 18 13 13 13 13 13 25 25 13 13 13 13 13 13 25 25 25 25 25 25 25 25 25 25 25 25 25 25 25 25 25 25 25 25 25 25 25 25 25
13 13 13 18 18 13 13 13 13 13 25 25 13 13 13 13 13 13 25 25 25 25 25 25 25 25 25 25 25 25 25 25 25 25 25 25 25 25 25 25 25 25 25 25
13 13 13 18 18 13 13 13 13 13 25 25 13 13 13 13 13 13 25 25 25 25 25 25 25 25 25 25 25 25 25 25 25 25 25 25 25 25 25 25 25 25 25 25
13 13 13 18 18 13 13 13 13 13 25 25 13 13 13 13 13 13 25 25 25 25 25 25 25 25 25 25 25 25 25 25 25 25 25 25 25 25 25 25 25 25 25 25 25
13 13 13 18 18 13 13 13 13 13 25 25 13 13 13 13 13 13 25 25 25 25 25 25 25 25 25 25 25 25 25 25 25 25 25 25 25 25 25 25 25 25 25 25 25 25 25 25
13 13 13 18 18 13 13 13 13 13 25 25 13 13 13 13 13 13 25 25 25 25 25 25 25 25 25 25 25 25 25 25 25 25 25 25 25 25 25 25 25 25 25 25 25 25 25 25
13 13 13 18 18 13 13 13 13 13 25 25 13 13 13 13 13 13 25 25 25 25 25 25 25 25 25 25 25 25 25 25 25 25 25 25 25 25 25 25 25 25 25 25 25
13 13 13 18 18 13 13 13 13 13 25 25 13 13 13 13 13 13 25 25 25 25 25 25 25 25 25 25 25 25 25 25 25 25 25 25 25 25 25 25 25 25 25 25 25 25 25 25
13 13 13 18 18 13 13 13 13 13 25 25 13 13 13 13 13 13 25 25 25 25 25 25 25 25 25 25 25 25 25 25 25 25 25 25 25 25 25 25 25 25 25 25 25 25 25 25 25 25 25
13 13 13 18 18 13 13 13 13 13 25 25 13 13 13 13 13 13 25 25 25 25 25 25 25 25 25 25 25 25 25 25 25 25 25 25 25 25 25 25 25 25 25 25 25 25 25 25 25 25 25 25 25 25
13 13 13 18 18 13 13 13 13 13 25 25 13 13 13 13 13 13 25 25 25 25 25 25 25 25 25 25 25 25 25 25 25 25 25 25 25 25 25 25 25 25 25 25 25 25 25
13 13 13 18 18 13 13 13 13 13 25 25 13 13 13 13 18 18 25 25 25 13 13 13 13 25 25 25 25 25 25 25 25 25 25 25 25 25 25 25 25 25 25
13 13 13 18 18 13 13 13 13 13 25 25 13 13 13 13 18 18 25 25 25 13 13 13 13 25 25 25 25 25 25 25 25 25 25 25 25 25 25 25 25 25 25 25 25 25
13 13 13 18 18 13 13 13 13 13 25 25 13 13 13 13 18 18 25 25 13 13 13 13 25 25 25 25 25 25 25 25 25 25 25 25 25 25 25 25
13 13 13 18 18 13 13 13 13 13 25 25 13 13 13 13 13 13 25 25 25 25 25 25 25 25 25 25 25 25 25 25 25 25
13 13 13 18 18 13 13 13 13 13 25 25 13 13 13 13 13 13 25 25 25 25 25 25 25 25 25 25 25 25 25 25 25 25 25 25 25 25 25 25 25 25 25 25 25 25
13 13 13 18 18 13 13 13 13 13 25 25 13 13 13 13 13 13 25 25 25 25 25 25 25 25 25 25 25 25 25 25 25 25 25 25 25 25 25 25 25 25
13 13 13 18 18 13 13 13 13 13 25 25 13 13 13 13 13 13 25 25 25 25 25 25 25 25 25 25 25 25 25 25 25 25
13 13 13 18 18 13 13 13 13 13 25 25 13 13 13 13 13 13 25 25 25 25 25 25 25 25 25 25 25 25 25 25 25 25 25 25 25
13 13 13 18 18 13 13 13 13 13 25 25 13 13 13 13 13 13 25 25 25 25 25 25 25 25 25 25 25 25 25 25 25 25 25 25 25 25 25 25 25 25 25 25 25 25
13 13 13 18 18 13 13 13 13 13 25 25 13 13 13 13 13 13 25 25 25 25 25 25 25 25 25 25 25 25 25 25 25 25 25 25 25 25 25 25 25 25 25 25 25 25 25 25 25
13 13 13 18 18 13 13 13 13 13 25 25 13 13 13 13 13 13 25 25 25 25 25 25 25 25 25 25 25 25 25 25 25 25 25 25 25 25 25 25 25 25 25 25 25 25 25 25 25
13 13 13 18 18 13 13 13 13 13 25 25 13 13 13 13 13 13 25 25 25 25 25 25 25 25 25 25 25 25 25 25 25 25 25 25 25 25 25 25 25 25 25 25 25 25
13 13 13 18 18 13 13 13 13 13 25 25 13 13 13 13 13 13 25 25 25 25 25 25 25 25 25 25 25 25 25 25 25 25 25 25 25 25 25 25 25 25 25 25 25 25 25 25 25
13 13 13 18 18 13 13 13 13 13 25 25 13 13 13 13 13 13 25 25 25 25 25 25 25 25 25 25 25 25 25 25 25 25 25 25 25 25 25 25 25 25 25 25 25 25
13 13 13 18 18 13 13 13 13 13 25 25 13 13 13 13 13 13 25 25 25 25 25 25 25 25 25 25 25 25 25 25 25 25 25 25 25 25 25 25 25 25 25 25 25 25
13 13 13 18 18 13 13 13 13 13 25 25 13 13 13 13 13 13 25 25 25 25 25 25 25 25 25 25 25 25 25 25 25 25 25 25 25 25 25 25 25 25
13 13 13 18 18 13 13 13 13 13 25 25 13 13 13 13 13 13 25 25 25 25 25 25 25 25 25 25 25 25 25 25 25 25 25 25 25 25 25 25 25 25
13 13 13 18 18 13 13 13 13 13 25 25 13 13 13 13 13 13 25 25 25 25 25 25 25 25 25 25 25 25 25 25 25 25 25 25 25 25 25 25 25 25 25 25 25
13 13 13 18 18 13 13 13 13 13 25 25 13 13 13 13 13 13 25 25 25 25 25 25 25 25 25 25 25 25 25 25 25 25 25 25 25 25 25 25 25 25
13 13 13 18 18 13 13 13 13 13 25 25 13 13 13 13 13 13 25 25 25 25 25 25 25 25 25 25 25 25 25 25 25 25 25 25 25 25 25 25 25 25 25 25 25
13 13 13 18 18 13 13 13 13 13 25 25 13 13 13 13 18 18 25 25 13 13 13 13 25 25 25 25 25 25 25 25 25 25 25 25 25 25 25 25
13 13 13 18 18 13 13 13 13 13 25 25 13 13 13 13 18 18 25 25 13 13 13 13 25 25 25 25 25 25 25 25 25 25 25 25 25 25 25 25 25 25 25 25
13 13 13 18 18 13 13 13 13 13 25 25 13 13 13 13 18 18 25 25 13 13 13 13 25 25 25 25 25 25 25 25 25 25 25 25 25 25 25 25 25 25 25 25
13 13 13 18 18 13 13 13 13 13 25 25 13 13 13 13 13 13 25 25 25 13 13 13 13 13 13 25 25 25 25 25 25 25 25 25 25 25 25 25 25 25 25 25 25
13 13 13 18 18 13 13 13 13 13 25 13 13 13 13 13 13 25 25 25 25 25 25 25 25 25 25 25 25 25 25 25 25 25 25 25 25
13 13 13 18 18 13 13 13 13 13 25 13 13 13 13 13 13 25 25 25 25 25 25 25 25 25 25 25 25 25 25 25 25 25 25 25 25 25 25 25
13 13 13 18 18 13 13 13 13 13 25 25 25 25 25 13 13 13 13 13 13 5 5 5 5 5 25 25 25 25 25 25 25 25 25 25 25 25 25 25 25 25 25 25 25 25 25 25 25 25 25 25 25
13 13 13 18 18 13 13 13 13 13 25 25 25 25 25 13 13 13 13 13 13 5 5 5 5 5 25 25 25 25 25 25 25 25 25 25 25 25 25 25 25 25 25 25 25 25 25 25 25 25 25 25 25
13 13 13 18 18 13 13 13 13 13 25 25 25 25 25 13 13 13 13 13 13 5 5 5 5 5 25 25 25 25 25 25 25 25 25 25 25 25 25 25 25 25 25 25 25 25 25 25 25 25 25 25 25 25 25 25 25
13 13 13 18 18 13 13 13 13 13 25 25 25 25 25 13 13 13 13 13 13 25 25 13 13 13 13 13 13 25 25 25 25 25 25 25 25 25 25 25 25 25 25 25 25 25 25 25 25 25 25
13 13 13 18 18 13 13 13 13 13 25 25 13 13 13 13 13 13 25 25 25 25 25 25 25 25 25 25 25 25 25 25 25 25 25 25 25
13 13 13 18 18 13 13 13 13 13 25 25 13 13 13 13 13 13 25 25 25 25 25 25 25 25 25 25 25 25 25 25 25 25 25 25 25 25 25 25 25
13 13 13 18 18 13 13 13 13 13 25 25 13 13 13 13 13 13 25 25 25 25 25 25 25 25 25 25 25 25 25 25 25 25 25 25 25 25 25 25 25
13 13 13 18 18 13 13 13 13 13 25 25 13 13 13 13 13 13 25 25 25 25 25 25 25 25 25 25 25 25 25 25 25 25 25 25 25 25 25 25 25
13 13 13 18 18 13 13 13 13 13 25 25 13 13 13 13 13 13 25 25 25 25 25 25 25 25 25 25 25 25 25 25 25 25 25 25 25
13 13 13 18 18 13 13 13 13 13 25 25 13 13 13 13 13 13 25 25 25 25 25 25 25 25 25 25 25 25 25 25 25 25 25 25 25
13 13 13 18 18 13 13 13 13 13 25 25 13 13 13 13 13 13 25 25 25 25 25 25 25 25 25 25 25 25 25 25 25 25 25 25 25
13 13 13 18 18 13 13 13 13 13 25 25 13 13 13 13 13 13 25 25 25 25 25 25 25 25 25 25 25 25 25 25 25 25 25 25 25
13 13 13 18 18 13 13 13 13 13 25 25 13 13 13 13 13 13 25 25 25 25 25 25 25 25 25 25 25 25 25 25 25 25 25 25 25 25 25 25 25 25 25 25
13 13 13 18 18 13 13 13 13 13 25 25 13 13 13 13 13 13 25 25 25 25 25 25 25 25 25 25 25 25 25 25 25 25 25 25 25 25 25 25 25 25 25 25
13 13 13 18 18 13 13 13 13 13 25 25 13 13 13 13 13 13 25 25 25 25 25 25 25 25 25 25 25 25 25 25 25 25 25 25 25 25 25 25
13 13 13 18 18 13 13 13 13 13 25 25 13 13 13 13 13 13 25 25 25 25 25 25 25 25 25 25 25 25 25 25 25 25 25 25 25 25 25 25
13 13 13 18 18 13 13 13 13 13 25 25 13 13 13 13 13 13 25 25 25 25 25 25 25 25 25 25 25 25 25 25 25 25 25 25 25 25 25 25
13 13 13 18 18 13 13 13 13 13 25 13 13 13 13 13 13 25 25 25 25 25 25 25 25 25 25 25 25 25 25 25 25 25 25
13 13 13 18 18 13 13 13 13 13 25 13 13 13 13 13 13 25 25 25 25 25 25 25 25 25 25 25 25 25 25 25 25 25 25 25 25 25
13 13 13 18 18 13 13 13 13 13 25 25 13 13 13 13 13 13 25 25 25 25 25 25 25 25 25 25 25 25 25 25 25 25 25 25 25 25 25 25 25 25 25 25 25 25 25 25 25
13 13 13 18 18 13 13 13 13 13 25 25 13 13 13 13 13 13 25 25 25 25 25 25 25 25 25 25 25 25 25 25 25 25 25 25 25 25 25 25 25 25 25 25 25 25 25 25 25 25 25 25
13 13 13 18 18 13 13 13 13 13 25 25 13 13 13 13 13 13 25 25 25 25 25 25 25 25 25 25 25 25 25 25 25 25 25 25 25 25 25 25 25 25 25 25 25 25 25 25
13 13 13 18 18 13 13 13 13 13 25 25 13 13 13 13 13 13 25 25 25 25 25 25 25 25 25 25 25 25 25 25 25 25 25 25 25 25 25 25 25 25 25 25 25
13 13 13 18 18 13 13 13 13 13 25 25 13 13 13 13 13 13 25 25 25 25 25 25 25 25 25 25 25 25 25 25 25 25 25 25 25 25 25 25 25
13 13 13 18 18 13 13 13 13 13 25 25 13 13 13 13 13 13 25 25 25 25 25 25 25 25 25 25 25 25 25 25 25 25 25 25 25
13 13 13 18 18 13 13 13 13 13 25 25 13 13 13 13 13 13 25 25 25 25 25 25 25 25 25 25 25 25 25 25 25 25 25 25 25 25 25 25 25 25 25 25 25 25 25
13 13 13 18 18 13 13 13 13 13 25 25 13 13 13 13 13 13 25 25 25 25 25 25 25 25 25 25 25 25 25 25 25 25 25 25 25 25 25 25 25 25 25
13 13 13 18 18 13 13 13 13 13 25 25 13 13 13 13 13 13 25 25 25 25 25 25 25 25 25 25 25 25 25 25 25 25 25 25 25 25 25
13 13 13 18 18 13 13 13 13 13 25 25 25 25 13 13 13 13 13 13 25 25 25 25 25 25 25 25 25 25 25 25 25 25 25 25 25 25 25 25 25 25 25
13 13 13 18 18 13 13 13 13 13 25 25 25 25 5 5 5 2 2 13 13 13 13 25 25 25 25 25 25 25 25 25 25 25 25 25 25 25 25 25 25 25 25 25 25 25 25 25 25 25
13 13 13 18 18 13 13 13 13 13 25 25 25 25 5 5 5 2 2 13 13 13 13 25 25 25 25 25 25 25 25 25 25 25 25 25 25 25 25 25 25 25 25 25
13 13 13 18 18 13 13 13 13 13 25 25 25 25 13 13 13 18 18 13 13 13 13 13 25 25 25 25 25 25 25 25 25 25 25 25 25 25 25 25 25 25 25 25 25 25 25 25 25 25 25 25
13 13 13 18 18 13 13 13 13 13 25 25 25 25 5 2 2 5 5 13 13 13 13 25 25 25 25 25 25 25 25 25 25 25 25 25 25 25 25 25 25 25 25 25 25
13 13 13 18 18 13 13 13 13 13 25 25 25 25 5 2 2 5 5 13 13 13 13 25 25 25 25 25 25 25 25 25 25 25 25 25 25 25 25 25 25 25 25 25 25
13 13 13 18 18 13 13 13 13 13 25 25 25 25 5 2 2 5 5 13 13 13 13 25 25 25 25 25 25 25 25 25 25 25 25 25 25 25 25 25 25 25 25 25 25 25 25 25 25
13 13 13 18 18 13 25 25 13 13 13 13 25 22 21 21 22 22 21 21 13 13 13 13 13 13 13 13 25 25 25 25 25 25 25 25 25 25 25 25 25 25 25 25 25 25
13 13 13 18 18 13 13 13 13 13 25 25 25 25 5 5 5 2 2 13 13 13 13 25 25 25 25 25 25 25 25 25 25 25 25 25 25 25 25 25 25 25 25 25 25 25
13 13 13 18 18 13 13 13 13 13 25 25 25 25 5 5 5 2 2 13 13 13 13 25 25 25 25 25 25 25 25 25 25 25 25 25 25 25 25 25 25 25 25 25 25 25
13 13 13 18 18 13 13 13 13 13 25 25 25 25 25 25 25 25 25 25 25 25 25
13 13 13 18 18 13 13 13 13 13 25 25 25 25 25 25 25 25 25 25 25 25 25 25 25 25
13 13 13 18 18 13 13 18 18 13 25 25 13 13 13 13 25 13 13 13 13 13 13 25 25 25 25 25 25 25 25 25 25 25 25 25 25 25 25 25 25
13 13 13 18 18 13 13 18 18 13 25 25 13 13 13 13 25 13 13 13 13 13 13 25 25 25 25 25 25 25 25 25 25 25 25 25 25 25 25 25 25 25 25 25 25 25 25 25 25 25 25 25 25 25 25 25 25 25 25 25
13 13 13 18 18 13 13 18 18 13 25 25 13 13 13 13 25 13 13 13 13 13 13 25 25 25 25 25 25 25 25 25 25 25 25 25 25 25 25 25 25 25 25 25 25
13 13 13 18 18 13 13 18 18 13 25 25 13 13 13 13 25 13 13 13 13 13 13 25 25 25 25 25 25 25 25 25 25 25 25 25 25 25 25 25 25 25 25 25 25 25 25 25 25
13 13 13 18 18 13 13 18 18 13 25 25 13 13 13 13 25 13 13 13 13 13 13 25 25 25 25 25 25 25 25 25 25 25 25 25 25 25 25 25 25
13 13 13 18 18 13 13 18 18 13 25 25 13 13 13 13 25 13 13 13 13 13 13 25 25 25 25 25 25 25 25 25 25 25 25 25 25 25 25 25 25
13 13 13 18 18 13 13 18 18 13 25 25 13 13 13 13 25 25 25 13 13 13 13 13 13 25 25 25 25 25 25 25 25 25 25 25 25 25 25 25 25 25 25 25
13 13 13 18 18 13 13 13 13 13 25 13 13 13 13 13 13 25 25 25 25 25 25 25 25 25 25 25 25 25 25 25 25 25 25 25 25 25 25 25 25 25 25 25 25 25 25 25 25 25 25 25 25
13 13 13 18 18 13 13 13 13 13 25 13 13 13 13 13 13 25 25 25 25 25 25 25 25 25 25 25 25 25 25 25 25 25 25 25 25 25 25 25 25 25 25 25 25 25 25 25 25 25 25 25 25 25 25
13 13 13 18 18 13 13 13 13 13 25 13 13 13 13 13 13 25 25 25 25 25 25 25 25 25 25 25 25 25 25 25 25 25 25 25 25 25 25 25 25 25 25 25 25 25 25 25 25 25 25 25 25
13 13 13 18 18 13 13 13 13 13 25 25 13 13 13 13 13 13 25 25 25 25 25 25 25 25 25 25 25 25 25 25 25 25 25 25 25 25 25 25 25 25 25 25 25 25 25 25 25 25 25
13 13 13 18 18 13 13 13 13 13 25 25 13 13 13 13 13 13 25 25 25 25 25 25 25 25 25 25 25 25 25 25 25 25 25 25 25 25 25 25 25 25 25 25 25 25 25
13 13 13 18 18 13 13 13 13 13 25 13 25 25 13 13 13 13 13 25 25 25 25 25 25 25 25 25 25 25 25 25 25 25 25 25 25 25 25 25 25 25 25 25
13 13 13 18 18 13 13 13 13 13 25 13 25 25 13 13 13 13 13 25 25 25 25 25 25 25 25 25 25 25 25 25 25 25 25 25 25 25 25 25 25 25 25 25 25 25 25 25
13 13 13 18 18 13 13 13 13 13 25 13 25 25 13 13 13 13 13 25 25 25 25 25 25 25 25 25 25 25 25 25 25 25 25 25 25 25 25 25 25 25 25 25 25 25 25 25
13 13 13 18 18 13 13 13 13 13 13 25 25 13 13 13 13 13 25 25 25 25 25 25 25 25 25 25 25 25 25 25 25 25 25 25 25 25 25 25 25 25 25 25 25 25 25 25 25 25 25
13 13 13 18 18 13 13 13 13 13 13 25 25 13 13 13 13 13 25 25 25 25 25 25 25 25 25 25 25 25 25 25 25 25 25 25 25 25 25 25 25 25 25 25 25 25 25 25 25 25 25 25 25 25
13 13 13 8 8 13 5 5 5 25 13 25 25 13 13 13 13 13 25 25 25 25 25 25 25 25 25 25 25 25 25 25 25 25 25 25 25 25 25 25 25 25 25 25 25 25 25 25 25 25 25
13 13 13 8 8 13 5 5 5 25 13 25 25 13 13 13 13 13 25 25 25 25 25 25 25 25 25 25 25 25 25 25 25 25 25 25 25 25 25 25 25 25 25 25 25 25 25 25 25 25 25 25 25 25
13 13 13 8 8 13 5 5 5 25 13 25 25 13 13 13 13 13 25 25 25 25 25 25 25 25 25 25 25 25 25 25 25 25 25 25 25 25 25 25 25 25 25 25
13 13 13 8 8 13 5 5 5 25 13 25 25 13 13 13 13 13 25 25 25 25 25 25 25 25 25 25 25 25 25 25
13 13 13 8 8 13 5 5 5 25 13 25 25 13 13 13 13 13 25 25 25 25 25 25 25 25 25 25 25 25 25 25
13 13 13 8 8 13 5 5 5 25 13 25 25 13 13 13 13 13 25 25 25 25 25 25 25 25 25 25 25 25 25 25 25 25 25 25 25 25 25 25
13 13 13 8 8 13 5 5 5 25 13 25 25 13 13 13 13 13 25 25 25 25 25 25 25 25 25 25 25 25 25 25 25 25 25 25 25 25 25 25 25 25 25 25 25
13 13 13 8 8 13 5 5 5 25 13 25 25 13 13 13 13 13 25 25 25 25 25 25 25 25 25 25 25 25 25 25 25 25 25 25 25 25 25 25 25
13 13 13 8 8 13 5 5 5 25 13 25 25 13 13 13 13 13 25 25 25 25 25 25 25 25 25 25 25 25 25 25 25 25 25 25 25
13 13 13 8 8 13 5 5 5 25 13 25 25 13 13 13 13 13 25 25 25 25 25 25 25 25 25 25 25 25 25 25 25 25 25 25 25 25 25 25 25
13 13 13 8 8 13 5 5 5 25 13 25 25 13 13 13 13 13 25 25 25 25 25 25 25 25 25 25 25 25 25 25 25 25 25 25 25 25 25 25 25 25 25 25 25 25 25
13 13 13 8 8 13 5 5 5 25 13 25 25 13 13 13 13 13 25 25 25 25 25 25 25 25 25 25 25 25 25 25 25
13 13 13 8 8 13 5 5 5 25 13 25 25 13 13 13 18 18 25 13 13 13 13 25 25 25 25 25 25 25 25 25 25 25 25 25 25 25 25
13 13 13 8 8 13 5 5 5 25 13 25 25 13 13 13 13 13 25 25 25 25 25 25 25 25 25 25 25 25 25 25 25
13 13 13 8 8 13 5 5 5 25 13 25 25 13 13 13 13 13 25 25 25 25 25 25 25 25 25 25 25 25 25 25 25 25 25 25 25 25 25 25 25 25 25 25 25 25 25 25 25
13 13 13 8 8 13 5 5 5 25 13 25 25 13 13 13 13 13 25 25 25 25 25 25 25 25 25 25 25 25 25 25 25 25 25 25 25 25 25 25 25 25 25 25
13 13 13 8 8 13 5 5 5 25 13 25 25 13 13 13 13 13 25 25 25 25 25 25 25 25 25 25 25 25 25 25 25 25 25 25
13 13 13 8 8 13 5 5 5 25 13 25 25 13 13 13 18 18 25 13 13 13 13 25 25 25 25 25 25 25 25 25 25 25 25 25 25 25 25 25 25 25
13 13 13 8 8 13 5 5 5 25 13 25 25 13 13 13 13 13 25 25 25 25 25 25 25 25 25 25 25 25 25 25 25 25 25 25 25 25 25 25
13 13 13 8 8 13 5 5 5 25 13 25 25 13 13 13 13 13 25 25 25 25 25 25 25 25 25 25 25 25 25 25
13 13 13 8 8 13 5 5 5 25 13 25 25 13 13 13 18 18 25 13 13 13 13 25 25 25 25 25 25 25 25 25 25 25 25 25 25 25
13 13 13 8 8 13 5 5 5 25 13 25 25 13 13 18 18 13 25 13 13 13 13 25 25 25 25 25 25 25 25 25 25 25 25 25 25 25
13 13 13 8 8 13 5 5 5 25 13 25 25 13 13 13 13 13 25 25 25 25 25 25 25 25 25 25 25 25 25 25 25 25 25 25 25 25 25 25 25 25 25 25 25 25 25 25 25 25 25 25
13 13 13 8 8 13 5 5 5 25 25 25 25 13 13 13 13 13 13 25 25 25 25 25 25 25 25 25 25 25 25 25 25 25 25 25 25 25 25 25 25 25 25 25
13 13 13 8 8 13 5 5 5 25 25 25 25 13 13 13 13 13 13 25 25 25 25 25 25 25 25 25 25 25 25 25 25 25 25 25 25 25 25 25
13 13 13 8 8 13 5 5 5 25 25 25 25 13 13 13 13 13 13 25 25 25 25 25 25 25 25 25 25 25 25 25 25 25 25 25 25 25 25 25 25 25 25 25 25 25 25
13 13 13 8 8 13 5 5 5 25 25 25 25 13 13 13 13 13 13 25 25 25 25 25 25 25 25 25 25 25 25 25 25 25 25 25 25 25 25 25 25 25 25
13 13 13 8 8 13 5 5 5 25 25 25 25 13 13 13 13 13 13 25 25 5 5 5 5 5 25 25 25 25 25 25 25 25 25 25 25 25 25 25
13 13 13 8 8 13 5 5 5 13 25 25 13 13 13 13 13 25 25 25 25 25 25 25 25 25 25 25 25 25 25
13 13 13 8 8 13 5 5 5 25 25 25 25 13 13 13 13 13 13 25 25 25 25 25 25 25 25 25 25 25 25
13 13 13 8 8 13 5 5 5 25 25 25 25 13 18 18 13 13 13 13 13 13 13 25 25 25 25 25 25 25 25 25 25 25 25 25 25
13 13 13 8 8 13 5 5 5 25 25 25 25 13 13 18 18 13 13 13 13 13 13 25 25 25 25 25 25 25 25 25 25 25 25 25 25
13 13 13 8 8 13 5 5 5 25 25 25 25 13 18 18 13 13 13 13 13 13 13 25 25 25 25 25 25 25 25 25 25 25 25 25 25 25
13 13 13 8 8 13 5 5 5 25 25 25 25 13 13 18 18 13 13 13 13 13 13 25 25 25 25 25 25 25 25 25 25 25 25 25 25 25
13 13 13 8 8 13 5 5 5 25 25 25 25 13 13 18 18 13 13 13 13 13 13 25 25 25 25 25 25 25 25 25 25 25 25 25 25
13 13 13 8 8 13 5 5 5 25 25 25 25 13 13 13 13 13 13 25 13 13 13 13 13 13 25 25 25 25 25 25 25 25 25 25 25 25 25 25 25 25 25
13 13 13 8 8 13 5 5 5 25 25 25 25 13 13 13 13 13 13 25 13 13 13 13 13 13 25 25 25 25 25 25 25 25 25 25 25 25 25 25 25 25 25
13 13 13 8 8 13 5 5 5 25 25 25 25 13 13 13 13 13 13 13 13 13 13 13 13 25 25 25 25 25 25 25 25 25 25 25 25 25 25 25 25 25
13 13 13 8 8 13 5 5 5 25 25 25 25 13 13 18 18 13 13 13 13 13 13 25 25 25 25 25 25 25 25 25 25 25 25 25 25 25 25 25 25
13 13 13 8 8 13 5 5 5 25 25 25 25 13 13 13 13 13 13 25 25 25 25 25 25 25 25 25 25 25 25 25
13 13 13 8 8 13 5 5 5 25 25 25 25 13 13 13 13 13 13 25 25 25 25 25 25 25 25 25 25 25 25 25 25 25 25
13 13 13 8 8 13 5 5 5 25 25 25 25 13 13 13 13 13 13 25 25 25 25 25 25 25 25 25 25 25 25 25 25 25 25
13 13 13 8 8 13 5 5 5 25 25 25 25 13 13 13 13 13 13 25 25 25 25 25 25 25 25 25 25 25 25 25 25 25 25 25
13 13 13 8 8 13 5 5 5 25 25 25 25 13 13 13 13 13 13 25 25 25 25 25 25 25 25 25 25 25 25 25 25 25 25 25 25 25 25 25 25 25 25
13 13 13 8 8 13 5 5 5 25 13 25 25 13 13 13 13 13 25 25 25 25 25 25 25 25 25 25 25 25 25 25 25 25 25 25 25 25 25 25 25 25 25 25 25 25 25 25 25 25 25 25 25
13 13 13 8 8 13 5 5 5 25 13 25 25 13 13 13 13 13 25 25 25 25 25 25 25 25 25 25 25 25 25 13 13 13 13 13 13 25 25 25 25 25 25 25 25 25 25 25 25 25 25 25 25 25 25 25 25 25 25 25 25 25 25
13 13 13 8 8 13 5 5 5 25 25 25 13 13 13 13 13 13 25 25 25 25 25 25 25 25 25 25 25 25 25 25 25 25 25 25 25 25
13 13 13 8 8 13 5 5 5 25 25 25 13 13 13 13 13 13 25 25 25 25 25 25 25 25 25 25 25 25 25 25 25 25 25 25 25 25 25 25 25
13 13 13 8 8 13 5 5 5 25 25 25 13 13 13 13 13 13 25 25 25 25 25 25 25 25 25 25 25 25 25 25 25 25 25 25 25 25 25 25 25 25 25 25
13 13 13 8 8 13 5 5 5 25 25 25 13 13 13 13 13 13 25 25 25 25 25 25 25 25 25 25 25 25 25 25 25 25 25 25 25 25 25 25 25 25
13 13 13 8 8 13 5 5 5 25 25 25 13 13 13 13 13 13 25 25 25 25 25 25 25 25 25 25 25 25 25 25 25 25 25 25 25 25 25 25 25 25 25 25 25
13 13 13 8 8 13 5 5 5 25 25 25 13 13 13 13 13 13 25 25 25 25 25 25 25 25 25 25 25 25 25 25 25 25 25 25 25 25 25 25 25 25 25 25 25 25 25 25
13 13 13 8 8 13 5 5 5 25 25 13 13 13 13 13 13 25 25 25 25 25 25 25 25 25 25 25 25 25 25 25 25 25 25 25 25 25 25 25 25
13 13 13 8 8 13 5 5 5 25 25 13 13 13 13 13 13 25 25 25 25 25 25 25 25 25 25 25 25 25 25 25 25 25 25 25 25 25 25 25 25 25 25 25
13 13 13 8 8 13 5 5 5 25 25 25 13 13 13 13 13 13 25 25 25 25 25 25 25 25 25 25 25 25
13 13 13 8 8 13 5 5 5 25 25 25 13 13 13 13 13 13 25 25 25 25 25 25 25 25 25 25 25 25
13 13 13 8 8 13 5 5 5 25 25 25 13 13 13 13 13 13 25 25 25 25 25 25 25 25 25 25 25 25 25 25 25
13 13 13 8 8 13 5 5 5 25 25 13 13 13 13 13 13 25 25 25 25 25 25 25 25 25 25 25 25 25
13 13 13 8 8 13 5 5 5 25 25 13 13 13 13 13 13 25 25 25 25 25 25 25 25 25 25 25 25 25 25 25 25
13 13 13 8 8 13 5 2 2 25 25 13 13 13 13 25 25 25 25 25 25 25 25 25 25 25 25
13 13 13 8 8 13 5 3 3 25 25 22 22 22 22 22 25 25 25 25 25 25 25 25 25 25 25 25 25 25
13 13 13 8 8 13 5 4 4 25 25 24 24 24 24 24 24 25 25 25 25 25 25 25 25 25 25 25 25 25 25 25 25
13 13 13 8 8 13 5 1 1 25 25 0 0 0 0 0 0 0 0 0 0 25 25 25 25 25 25 25 25 25 25 25 25 25 25 25 25 25 25 25 25 25 25 25 25
13 13 13 8 8 13 5 2 2 25 25 13 13 13 13 13 13 13 13 13 13 25 25 25 25 25 25 25 25 25 25 25 25 25 25 25
13 13 13 8 8 13 5 5 5 25 25 25 25 13 13 13 13 13 13 25 25 25 25 25 25 25 25 25 25 25 25 25 25 25 25 25 25 25 25 25 25 25 25 25 25
13 13 13 8 8 13 5 5 5 25 25 13 13 13 13 13 13 25 25 25 25 25 25 25 25 25 25 25 25 25 25 25 25 25 25 25 25 25 25 25 25 25 25 25 25
13 13 13 8 8 13 5 5 5 25 25 13 13 13 13 13 13 25 25 25 25 25 25 25 25 25 25 25 25 25 25 25 25 25 25 25 25 25 25 25 25 25 25 25
13 13 13 8 8 13 5 5 5 25 25 25 25 25 13 13 13 13 13 13 25 25 25 25 25 25 25 25 25 25 25 25 25 25 25 25 25 25 25 25 25 25 25 25
13 13 13 8 8 13 5 5 5 25 25 25 25 25 13 13 13 13 13 13 25 25 25 25 25 25 25 25 25 25 25 25 25 25 25 25 25 25 25 25
13 13 13 8 8 13 5 5 5 25 25 25 25 25 13 13 13 13 13 13 25 25 25 25 25 25 25 25 25 25 25 25 25 25 25 25 25 25 25 25 25 25 25 25 25 25 25
13 13 13 8 8 13 5 5 5 25 25 25 25 25 13 13 13 13 13 13 25 25 25 25 25 25 25 25 25 25 25 25 25 25 25 25 25 25 25 25 25 25 25
13 13 13 8 8 13 5 5 5 25 25 25 25 25 13 13 13 13 13 13 25 25 5 5 5 5 5 25 25 25 25 25 25 25 25 25 25 25 25 25
13 13 13 8 8 13 5 5 5 13 25 25 13 13 13 13 13 25 25 25 25 25 25 25 25 25 25 25
13 13 13 8 8 13 5 5 5 13 25 25 13 13 13 13 13 25 25 25 25 25 25 25 25 25 25 25
13 13 13 8 8 13 5 5 5 13 25 25 13 13 13 13 13 25 25 25 25 25 25 25 25 25 25 25
13 13 13 8 8 13 5 5 5 13 25 25 13 13 13 13 13 25 25 25 25 25 25 25 25 25 25 25 25 25 25 25 25 25 25 25 25 25 25 25
13 13 13 8 8 13 5 5 5 25 25 25 25 13 18 18 13 13 13 13 18 18 13 13 13 13 13 25 25 25 25 25 25 25 25 25 25 25 25 25 25 25 25 25
13 13 13 8 8 13 5 5 5 25 25 25 25 13 13 18 18 13 13 13 18 18 13 13 13 13 13 25 25 25 25 25 25 25 25 25 25 25 25 25 25 25 25 25
13 13 13 8 8 13 5 5 5 25 25 25 25 13 8 8 13 13 13 5 2 2 13 13 13 13 25 25 25 25 25 25 25 25 25 25 25 25 25 25 25 25 25
13 13 13 8 8 13 5 5 5 25 25 25 25 13 8 8 13 13 13 5 2 2 13 13 13 13 25 25 25 25 25 25 25 25 25 25 25 25 25 25 25 25 25
13 13 13 8 8 13 5 5 5 25 25 25 25 13 8 8 13 13 13 5 2 2 13 13 13 13 25 25 25 25 25 25 25 25 25 25 25 25 25 25 25 25 25 25 25
13 13 13 8 8 13 5 5 5 25 25 25 25 13 8 8 13 13 13 5 2 2 13 13 13 13 25 25 25 25 25 25 25 25 25 25 25 25 25 25 25 25 25 25 25 25 25 25
13 13 13 8 8 13 5 5 5 25 25 25 25 13 8 8 13 13 13 5 2 2 13 13 13 13 25 25 25 25 25 25 25 25 25 25 25 25 25 25 25 25 25 25
13 13 13 8 8 13 5 5 5 25 25 25 25 13 8 8 13 13 13 5 2 2 13 13 13 13 25 25 25 25 25 25 25 25 25 25 25 25 25 25 25 25
13 13 13 8 8 13 5 5 5 25 25 25 25 13 8 8 13 13 13 5 2 2 13 13 13 13 25 25 25 25 25 25 25 25 25 25 25 25 25 25 25 25
13 13 13 8 8 13 5 5 5 25 25 25 25 13 8 8 13 13 13 5 2 2 13 13 13 13 25 25 25 25 25 25 25 25 25 25 25 25 25 25 25 25 25 25 25 25 25 25
13 13 13 8 8 13 5 5 5 25 25 25 25 13 8 8 13 13 13 5 2 2 13 13 13 13 25 25 25 25 25 25 25 25 25 25 25 25 25 25 25 25 25 25 25 25 25 25 25 25 25
13 13 13 8 8 13 5 5 5 25 25 25 25 13 13 13 13 13 13 13 13 13 13 13 13 25 25 25 25 25 25 25 25 25 25 25 25 25 25 25 25
13 13 13 8 8 13 5 5 5 25 25 25 25 13 13 13 13 13 13 13 13 13 13 13 13 25 25 25 25 25 25 25 25 25 25 25 25 25 25 25 25
13 13 13 8 8 13 5 5 5 25 25 25 25 13 13 13 13 13 13 13 13 13 13 13 13 25 25 25 25 25 25 25 25 25 25 25 25 25 25 25 25
13 13 13 8 8 13 5 5 5 25 25 25 25 13 13 13 13 13 13 13 13 13 13 13 13 25 25 25 25 25 25 25 25 25 25 25 25 25 25 25 25 25
13 13 13 8 8 13 5 5 5 25 25 25 25 13 13 13 13 13 13 13 13 13 13 13 13 25 25 25 25 25 25 25 25 25 25 25 25 25 25 25 25 25
13 13 13 8 8 13 5 5 5 25 25 25 25 13 13 13 13 13 13 13 13 13 13 13 13 25 25 25 25 25 25 25 25 25 25 25 25 25 25 25 25 25
13 13 13 8 8 13 5 5 5 25 25 25 13 25 13 13 13 13 13 25 25 25 25 25 25 25 25 25 25 25 25
13 13 13 8 8 13 5 5 5 25 25 25 13 25 13 13 13 13 13 25 25 25 25 25 25 25 25 25 25 25 25
13 13 13 8 8 13 5 5 5 25 25 25 13 25 13 13 13 13 13 25 25 25 25 25 25 25 25 25 25 25 25 25 25
13 13 13 8 8 13 5 5 5 25 25 25 13 25 13 13 13 13 13 25 25 25 25 25 25 25 25 25 25 25 25 25 25 25 25 25 25 25 25
13 13 13 8 8 13 5 5 5 25 25 13 25 13 13 13 13 13 25 25 25 25 25 25 25 25 25 25 25 25 25 25 25 25 25 25 25 25 25 25 25 25 25
13 13 13 8 8 13 5 5 5 25 25 13 25 13 13 13 13 13 25 25 25 25 25 25 25 25 25 25 25 25 25 25 25 25 25 25 25 25 25 25 25 25 25
13 13 13 8 8 13 5 5 5 25 25 13 25 13 13 13 13 13 25 25 25 25 25 25 25 25 25 25 25 25 25 25 25 25 25 25 25 25 25 25 25 25 25
13 13 13 8 8 13 5 5 5 25 25 13 25 13 13 13 13 13 25 25 25 25 25 25 25 25 25 25 25 25 25 25 25 25 25 25 25 25 25 25 25 25 25 25 25 25 25
13 13 13 8 8 13 5 5 5 25 25 13 25 13 13 13 13 13 25 25 25 25 25 25 25 25 25 25 25 25 25 25 25 25 25
13 13 13 8 8 13 5 5 5 25 25 13 25 13 13 13 13 13 25 25 25 25 25 25 25 25 25 25 25 25 25 25 25 25 25
13 13 13 8 8 13 5 5 5 25 25 13 25 13 13 13 13 13 25 25 25 25 25 25 25 25 25 25 25 25 25 25 25 25 25
13 13 13 8 8 13 5 5 5 25 25 13 25 13 13 13 13 13 25 25 25 25 25 25 25 25 25 25 25 25 25 25 25 25 25
13 13 13 8 8 13 5 5 5 25 25 13 25 13 13 13 13 13 25 25 25 25 25 25 25 25 25 25 25 25 25 25 25 25 25 25 25 25 25 25 25 25 25 25 25 25
13 13 13 8 8 13 5 5 5 25 25 13 25 13 13 13 13 13 25 25 25 25 25 25 25 25 25 25 25 25 25 25 25 25 25 25 25 25 25 25 25 25 25 25 25 25
13 13 13 8 8 13 5 5 5 25 25 13 25 13 13 13 13 13 25 25 25 25 25 25 25 25 25 25 25 25 25 25 25 25 25 25 25 25 25 25 25 25 25 25 25 25 25 25 25 25
13 13 13 8 8 13 5 5 5 25 25 13 13 13 13 13 13 25 25 25 25 25 25 25 25 25 25
13 13 13 8 8 13 5 5 5 25 25 13 13 13 13 13 13 25 25 25 25 25 25 25 25 25 25 25 25 25 25 25 25 25 25 25 25 25 25
13 13 13 8 8 13 5 5 5 25 25 13 13 13 13 13 13 25 25 25 25 25 25 25 25 25 25 25 25 25 25 25 25 25 25 25 25 25 25
13 13 13 8 8 13 5 5 5 25 25 13 13 13 13 13 13 25 25 25 25 25 25 25 25 25 25 25 25 25 25 25 25 25 25 25 25 25 25
13 13 13 8 8 13 5 5 5 25 25 13 13 13 13 13 13 25 25 25 25 25 25 25 25 25 25 25 25 25 25 25 25 25 25 25 25 25 25
13 13 13 8 8 13 5 5 5 25 25 13 13 13 13 13 13 25 25 25 25 25 25 25 25 25 25 25 25 25 25 25 25 25 25
13 13 13 8 8 13 5 5 5 25 25 13 13 13 13 13 13 25 25 25 25 25 25 25 25 25 25 25 25 25 25 25 25 25 25
13 13 13 8 8 13 5 5 5 25 25 13 13 13 13 13 13 25 25 25 25 25 25 25 25 25 25 25 25 25 25 25 25 25 25
13 13 13 8 8 13 5 5 5 25 25 13 13 13 13 13 13 25 25 25 25 25 25 25 25 25 25 25 25 25 25 25 25 25 25
13 13 13 8 8 13 5 5 5 25 25 13 13 13 13 13 13 25 25 25 25 25 25 25 25 25 25
13 13 13 8 8 13 5 5 5 25 25 13 13 13 13 13 13 25 25 25 25 25 25 25 25 25 25
13 13 13 8 8 13 5 5 5 25 25 13 13 13 13 13 13 25 25 25 25 25 25 25 25 25 25 25 25 25 25 25 25 25 25 25
13 13 13 8 8 13 5 5 5 25 25 13 13 13 13 13 13 25 25 25 25 25 25 25 25 25 25 25 25 25 25 25 25 25 25 25 25
13 13 13 8 8 13 5 5 5 25 25 13 13 13 13 13 13 13 13 13 13 13 13 25 25 25 25 25 25 25 25 25 25 25 25 25 25
13 13 13 8 8 13 5 5 5 25 25 13 13 13 13 13 13 25 25 25 25 25 25 25 25 25
13 13 13 8 8 13 5 5 5 25 25 13 13 13 18 18 13 13 13 13 13 25 25 25 25 25 25 25 25 25 25 25 25
13 13 13 8 8 13 5 5 5 25 25 13 13 13 13 18 18 13 13 13 13 25 25 25 25 25 25 25 25 25 25 25 25 25 25 25 25
5 5 5 2 13 13 13 13 2 5 2 13 13 13 13 2 2 13 13 13 13 2 25 25 25 25 25 25 25 25 25 25 25 25 25 25 25 25 25 25 25 25
13 13 13 8 8 13 5 5 5 25 25 13 13 13 13 13 13 25 25 25 25 25 25 25 25 25 25 25 25 25
13 13 13 8 8 13 5 5 5 25 25 13 13 13 13 13 13 25 25 25 25 25 25 25 25 25 25 25 25 25 25 25 25 25 25 25 25 25 25 25 25 25 25 25
13 13 13 8 8 13 5 5 5 25 25 13 13 13 13 13 13 25 25 25 25 25 25 25 25 25 25 25 25 25 25 25 25 25 25 25 25 25 25 25
13 13 13 8 8 13 5 5 5 25 25 13 13 13 18 18 13 25 25 13 13 13 13 25 25 25 25 25 25 25 25 25 25 25 25 25 25
13 13 13 8 8 13 5 5 5 25 13 25 25 13 13 13 13 13 25 25 25 25 25 25 25 25 25 25 25 25 25 25 25 25 25 25 25 25 25 25 25 25 25 25 25 25
13 13 13 8 8 13 5 5 5 13 25 25 13 13 13 13 13 25 25 25 25 25 25 25 25 25 25 25 25 25 25 25 25 25 25 25 25 25 25 25 25 25 25 25 25 25 25 25 25
13 13 13 8 8 13 5 5 5 13 25 25 13 13 13 13 13 25 25 25 25 25 25 25 25 25 25 25 25 25 25 25 25 25 25 25 25 25 25 25 25 25 25 25 25 25 25 25 25 25 25 25
13 13 13 13 13 13 25 13 13 13 13 13 13 25 25 25 25 5 25 25 5 5 5 5 25 25 25 25 25 25 25 25 25 25 25 25 25 25 25 25 25 25 25
13 13 13 13 13 13 25 13 13 13 13 13 13 25 25 25 25 5 25 25 5 5 5 5 25 25 25 25 25 25 25 25 25 25 25 25 25 25 25 25 25 25 25 25 25 25 25
13 13 13 13 13 13 25 13 13 13 13 13 13 25 25 25 5 25 5 5 5 5 25 25 25 25 25 25 25 25 25 25 25 25 25
13 13 13 13 13 13 25 13 13 13 13 13 13 25 25 25 25 5 25 25 5 5 5 5 25 25 25 25 25 25 25 25 25 25 25 25 25 25 25 25 25 25 25
13 13 13 13 13 13 25 13 13 13 13 13 13 25 25 25 25 5 5 5 5 5 25 25 25 25 25 25 25 25 25 25 25 25 25 25 25 25 25 25 25 25 25
13 13 13 13 13 13 25 13 13 13 13 13 13 25 25 5 5 5 5 5 5 25 5 5 5 5 25 25 25 25 25 25 25 25 25 25 25 25 25 25 25 25 25 25 25 25 25 25 25 25 25 25 25 25 25 25 25 25
13 13 13 13 13 13 25 13 13 13 13 13 13 25 25 5 5 5 5 5 5 5 5 5 5 25 25 25 25 25 25 25 25 25 25 25 25 25 25 25 25 25 25 25 25 25 25
13 13 13 13 13 13 25 13 13 13 13 13 13 25 25 25 25 5 25 25 5 5 5 5 13 13 13 13 13 13 25 25 25 25 25 25 25 25 25 25 25 25 25 25 25 25 25 25 25 25 25 25 25
13 13 13 13 13 13 25 13 13 13 13 13 13 25 25 25 25 5 25 25 5 5 5 5 25 25 25 25 25 25 25 25 25 25 25 25 25 25 25 25 25 25 25 25 25 25 25 25 25
13 13 13 13 13 13 25 13 13 13 13 13 13 25 25 25 25 25 25 25 25 25 25 25 25 25 25 25 25 25 25 25 25 25 25 25 25 25 25
13 13 13 13 13 13 25 13 13 13 13 18 18 25 25 13 25 25 13 25 25 13 13 25 25 25 25 25 25 25 25 25 25 25 25 25 25 25 25 25 25
13 13 13 13 13 13 25 13 13 13 13 13 13 25 25 25 25 25 25 25 25 25 25 25 25 25 25 25 25 25 25 25 25 25 25 25 25 25 25
13 13 13 13 13 13 25 13 13 13 13 13 13 25 25 25 25 25 25 25 25 25 25 25 25 25 25 25 25 25 25 25 25 25 25 25 25 25 25 25 25 25 25 25 25 25 25
13 13 13 13 13 13 25 13 13 13 13 13 13 25 25 25 25 25 25 25 25 25 25 25 25 25 25 25 25 25 25 25 25 25 25 25 25 25 25 25 25 25 25 25 25 25 25 25 25 25
13 13 13 13 13 13 25 13 13 13 13 13 13 25 25 25 25 25 25 25 25 25 25 25 25 25 25 25 25 25 25 25 25 25 25 25 25 25 25 25 25 25 25 25 25 25 25 25 25 25 25 25 25
13 13 13 13 13 13 25 13 13 13 13 13 13 25 25 25 25 25 25 25 25 25 25 25 25 25 25 25 25 25 25 25 25 25 25 25 25 25 25 25 25 25 25 25 25 25 25 25 25 25 25 25 25 25 25 25
13 13 13 13 13 13 25 13 13 13 13 13 13 25 25 25 25 25 25 25 25 25 25 25 25 25 25 25 25 25 25 25 25 25 25 25 25 25 25 25 25 25 25 25 25 25 25 25 25 25 25 25 25 25 25 25 25 25 25
13 13 13 13 13 13 25 13 13 13 13 13 13 25 25 25 25 25 25 25 25 25 25 25 25 25 25 25 25 25 25 25 25 25 25 25 25 25 25 25 25 25 25 25 25 25 25
13 13 13 13 13 13 25 13 13 13 13 13 13 25 25 25 25 25 25 25 25 25 25 25 25 25 25 25 25 25 25 25 25 25 25 25 25 25 25 25 25 25 25 25 25 25 25 25 25 25 25 25 25
13 13 13 13 13 13 25 13 13 13 13 13 13 25 25 25 25 25 25 25 25 25 25 25 25 25 25 25 25 25 25 25 25 25 25 25 25 25 25 25 25 25 25 25 25 25 25 25 25 25
13 13 13 13 13 13 25 13 13 13 13 13 13 25 25 25 25 25 25 25 25 25 25 25 25 25 25 25 25 25 25 25 25 25 25 25 25 25 25 25 25 25 25 25 25 25 25 25 25 25 25 25 25 25 25 25
13 13 13 13 13 13 25 13 13 13 13 13 13 25 25 25 25 25 25 25 25 25 25 25 25 25 25 25 25 25 25 25 25 25 25 25 25 25 25 25 25 25 25 25 25 25 25 25 25 25 25 25 25 25 25 25 25 25 25
13 13 13 13 13 13 25 13 13 13 13 13 13 25 25 25 25 25 25 25 25 25 25 25 25 25 25 25 25 25 25 25 25 25 25 25 25 25 25 25 25 25 25 25
13 13 13 13 13 13 25 13 13 13 13 13 13 25 25 25 25 25 25 25 25 25 25 25 25 25 25 25 25 25 25 25 25 25 25 25 25 25 25
13 13 18 18 18 13 13 13 13 18 13 13 13 13 25 13 13 13 13 13 13 25 25 25 25 25 25 25 25 25 25 25 25 25 25 25 25 25 25 25 25 25 25 25 25 25 25 25 25 25 25
13 13 18 18 18 13 13 13 13 18 13 13 13 13 25 13 13 13 13 13 13 25 25 25 25 25 25 25 25 25 25 25 25 25 25 25 25 25 25 25 25 25 25 25 25 25 25 25 25
13 13 18 18 18 13 13 13 13 18 13 13 13 13 25 13 13 13 13 13 13 25 25 25 25 25 25 25 25 25 25 25 25 25 25 25 25 25 25 25 25 25 25 25 25 25 25
13 13 18 18 18 13 13 13 13 18 13 13 13 13 13 13 13 13 13 13 25 25 25 25 25 25 25 25 25 25 25 25 25 25 25 25 25 25 25 25 25 25 25 25 25 25 25 25 25 25
13 13 18 18 18 13 13 13 13 18 13 13 13 13 13 13 13 13 13 13 25 25 25 25 25 25 25 25 25 25 25 25 25 25 25 25 25 25 25 25 25 25 25 25 25 25 25 25
13 13 18 18 18 13 13 13 13 18 13 13 13 13 13 13 13 13 13 13 25 25 25 25 25 25 25 25 25 25 25 25 25 25 25 25 25 25 25 25 25 25 25 25 25 25 25 25 25 25 25 25 25 25
13 13 13 18 18 13 13 18 18 13 25 25 13 18 18 13 13 13 13 13 25 25 25 25 25 25 25 25 25 25 25 25 25 25 25
13 13 18 18 8 5 5 5 8 13 13 13 13 25 13 13 13 13 13 13 25 25 25 25 25 25 25 25 25 25 25 25 25 25 25 25 25 25 25 25 25 25 25 25 25 25 25 25 25 25 25
13 13 18 18 8 5 5 5 8 13 13 13 13 25 13 13 13 13 13 13 25 25 25 25 25 25 25 25 25 25 25 25 25 25 25 25 25 25 25 25 25 25 25 25 25 25 25 25 25
13 13 18 18 8 5 5 5 8 13 13 13 13 13 13 13 13 13 13 25 25 25 25 25 25 25 25 25 25 25 25 25 25 25 25 25 25 25 25 25 25 25 25 25 25 25 25 25 25 25
13 13 13 18 18 13 13 13 8 8 25 25 25 5 5 5 25 13 13 13 13 13 13 25 25 25 25 25 25 25 25 25 25 25 25 25 25 25 25 25 25 25 25 25 25 25 25 25 25 25 25
13 13 13 18 18 13 13 13 8 8 25 25 25 5 5 5 25 13 13 13 13 13 13 25 25 25 25 25 25 25 25 25 25 25 25 25 25 25 25 25 25 25 25 25 25 25 25 25 25
13 13 13 18 18 13 13 13 8 8 25 25 5 5 5 25 13 13 13 13 13 13 25 25 25 25 25 25 25 25 25 25 25 25 25 25 25 25 25 25 25 25 25 25 25 25 25 25 25 25
13 13 13 16 16 13 10 8 10 11 25 25 20 20 25 25 25 25 25 25 25 25 25 25 25 25 25 25
13 13 13 15 15 13 9 8 8 9 25 25 6 25 25 25 25 25 25 25 25 25 25 25 25
13 13 13 19 19 13 14 7 14 18 25 25 7 25 25 25 25 25 25 25 25 25 25 25 25 25 25 25 25 25 25
13 13 13 19 19 13 19 18 18 19 25 25 18 18 25 25 25 25 25 25 25 25 25 25 25 25 25
13 13 13 17 17 13 12 17 18 17 25 25 23 23 25 23 25 25 25 25 25 25 25 25 25 25 25 25 25 25
13 13 13 8 8 13 25 25 5 5 5 25 25 25 25 25 25 25 25 25 25 25 25 25 25 25 25 25 25 25 25 25 25 25 25
13 13 13 18 18 13 8 8 13 13 25 25 5 5 5 25 25 25 25 25 25 25 25 25 25
13 13 13 8 8 13 25 25 2 2 5 13 13 13 13 25 25 25 25 25 25 25 25 25 25
13 13 13 18 18 13 13 18 18 13 25 25 18 13 13 18 13 13 13 13 25 25 25 25 25 25 25 25 25 25 25 25 25
13 13 13 18 18 13 13 18 18 13 25 25 18 13 13 18 13 13 13 13 25 25 25 25 25 25 25 25 25 25 25 25 25 25 25 25 25
13 13 13 18 18 13 13 18 18 13 25 25 18 13 13 18 13 13 13 13 25 25 25 25 25 25 25 25 25 25 25 25 25 25 25 25 25
13 13 13 18 18 13 13 18 18 13 25 25 18 13 13 18 13 13 13 13 25 25 25 25 25 25 25 25 25 25 25
13 13 13 18 18 13 13 18 18 13 25 25 18 13 13 18 13 13 13 13 25 25 25 25 25 25 25 25 25 25 25 25 25 25 25
13 13 13 18 18 13 13 18 18 13 25 25 13 18 18 13 13 13 13 13 25 25 25 25 25 25 25 25 25 25 25 25 25
13 13 13 18 18 13 13 18 18 13 25 25 13 18 18 13 13 13 13 13 25 25 25 25 25 25 25 25 25 25 25 25 25 25 25 25 25
13 13 13 18 18 13 13 18 18 13 25 25 13 18 18 13 13 13 13 13 25 25 25 25 25 25 25 25 25 25 25 25 25 25 25 25 25
13 13 13 18 18 13 13 18 18 13 25 25 13 18 18 13 13 13 13 13 25 25 25 25 25 25 25 25 25 25 25 25 25 25 25 25 25
13 13 13 18 18 13 13 18 18 13 25 25 13 18 18 13 13 13 13 13 25 25 25 25 25 25 25 25 25 25 25
13 13 13 13 13 13 13 13 13 13 13 13 25 25 25 25 25 25 25 25 25 25 25 25 25 25 25 25 25 25 25 25 25 25 25 25 25 25 25