62 62 62 62 62 62 62 62 62 62 62 62 90 90 90 90 90 90 90 90 90 90 90 90 90 90 90 90 90 90
62 62 62 62 62 62 62 62 62 62 62 62 90 90 90 90 90 90 90 90 90 90 90 90 90 90 90 90 90 90
62 62 62 62 62 62 62 62 62 62 62 62 90 90 90 90 90 90 90 90 90 90 90 90 90 90 90
62 62 62 62 62 62 62 62 62 62 62 62 90 90 90 90 90 90 90 90 90 90 90 90 90 90 90 90 90 90 90 90 90 90
62 62 62 62 62 62 62 62 62 62 62 62 90 90 90 90 90 62 62 62 62 62 62 90 90 90 90 90 90 90 90 90 90 90 90 90 90 90 90 90
62 62 62 62 62 62 62 62 62 62 62 62 90 90 90 90 90 90 90 62 62 62 62 62 62 90 90 90 90 90 90 90 90 90 90 90 90 90 90 90 90
62 62 62 62 62 62 62 62 62 62 62 62 90 90 90 90 90 62 62 62 62 62 62 90 90 90 90 90 90 90 90 90 90 90 90 90 90 90
62 62 62 62 62 62 62 62 62 62 62 62 90 90 90 90 90 49 49 49 49 67 67 10 10 10 10 90 90 90 90 90 90 90 90 90 90 90 90 90 90 90 90 90
62 62 62 62 62 62 62 62 62 62 62 62 90 90 90 90 90 49 49 49 49 67 67 10 10 10 10 90 90 90 90 90 90 90 90 90 90 90 90 90 90 90 90 90
62 62 62 62 62 62 62 62 62 62 62 62 90 90 90 90 90 90 90 90 90 90 90 90 90 90 90 90
62 62 62 62 62 62 62 62 62 62 62 62 90 90 90 90 90 90 90 90 90 90 90 90 90 90 90
62 62 62 62 62 62 62 62 62 62 62 62 90 90 90 90 90 62 62 62 62 62 62 90 90 90 90 90 90 90 90 90 90 90 90 90 90 90 90 90 90
62 62 62 62 62 62 62 62 62 62 62 62 90 90 90 90 90 90 90 90 90 90 90 90 90 90 90 90 90 90 90 90
62 62 62 62 62 62 62 62 62 62 62 62 90 90 90 90 90 90 90 90 90 90 90 90 90 90 90 90 90 90 90 90
62 62 62 62 62 62 62 62 62 62 62 62 90 90 62 90 90 90 90 90 62 62 62 62 62 90 90 90 90 90 90 90 90 90 90 90 90 90 90 90 90 90 90 90 90 90 90
62 62 62 62 62 62 62 62 62 62 62 62 90 90 90 90 90 90 90 90 90 90 90 90 90 90 90 90 90 90 90
62 62 62 62 62 62 62 62 62 62 62 62 90 90 90 90 90 90 90 90 90 90 90 90 90 90 90 90 90 90 90 90 90 90 90 90 90 90 90 90
62 62 62 62 62 62 62 62 62 62 62 62 90 90 90 90 90 90 90 90 90 90 90 90 90 90 90 90 90 90 90 90 90 90 90 90 90 90 90 90 90
62 62 62 62 62 62 62 62 62 62 62 62 90 90 62 90 90 62 62 62 62 62 90 90 90 90 90 90 90 90 90 90 90 90 90 90 90 90 90 90 90 90 90 90 90
62 62 62 62 62 62 62 62 62 62 62 62 90 90 90 90 90 90 90 62 62 62 62 62 62 90 90 90 90 90 90 90 90 90 90 90 90 90 90 90 90 90 90 90 90 90 90 90 90 90
62 62 62 62 62 62 62 62 62 62 62 62 90 90 90 90 90 90 90 62 62 62 62 62 62 90 90 90 90 90 90 90 90 90 90 90 90 90 90 90 90 90 90 90 90 90 90 90 90 90
62 62 62 62 62 62 62 62 62 62 62 62 90 90 90 90 90 90 62 62 62 62 62 62 90 90 90 90 90 90 90 90 90 90 90 90 90 90 90 90 90 90 90 90 90 90 90 90 90 90 90 90 90
62 62 62 62 62 62 62 62 62 62 62 62 90 90 90 90 90 90 90 90 62 62 62 62 62 62 90 90 90 90 90 90 90 90 90 90 90 90 90 90 90 90 90 90 90
62 62 62 62 62 62 62 62 62 62 62 62 90 90 90 90 90 90 90 90 90 90 90 90 90 90 90 90 90 90 90 90 90 90 90 90 90 90 90 90 90 90
62 62 62 62 62 62 62 62 62 62 62 62 90 90 90 90 90 90 90 90 90 62 90 90 90 90 90 62 62 62 62 62 90 90 90 90 90 90 90 90 90 90 90 90 90 90 90 90 90 90 90 90 90 90 90 90 90 90 90
62 62 62 62 62 62 62 62 62 62 62 62 90 90 90 90 90 42 42 42 42 42 90 62 62 62 62 62 62 90 90 90 90 90 90 90 90 90 90 90 90 90 90 90 90 90 90 90 90
62 62 62 62 62 62 62 62 62 62 62 62 90 90 90 90 90 42 42 42 42 42 62 62 62 62 62 62 90 90 90 90 90 90 90 90 90 90 90 90 90 90 90 90 90 90
62 62 62 62 62 62 62 62 62 62 62 62 90 90 90 90 90 42 42 42 42 42 90 90 90 90 90 90 90 90 90 90 90 90 90 90
62 62 62 62 62 62 62 62 62 62 62 62 90 90 90 90 90 42 42 42 42 42 90 62 62 62 62 62 62 90 90 90 90 90 90 90 90 90 90 90 90 90 90 90 90 90 90 90 90 90 90 90
62 62 62 62 62 62 62 62 62 62 62 62 90 90 90 90 90 90 90 90 62 62 62 62 62 62 90 90 90 90 90 90 90 90 90 90 90 90 90 90 90 90 90 90
62 62 62 62 62 62 62 62 62 62 62 62 90 90 90 90 90 90 90 90 62 62 62 62 62 62 90 90 90 90 90 90 90 90 90 90 90 90 90 90 90 90 90 90 90 90 90 90 90 90 90 90 90 90 90 90
62 62 62 62 62 62 62 62 62 62 62 62 90 90 90 90 90 90 90 62 62 62 62 62 62 90 90 90 90 90 90 90 90 90 90 90 90 90 90 90 90 90 90 90 90
62 62 62 62 62 62 62 62 62 62 62 62 90 90 90 90 90 90 90 62 62 62 62 62 62 90 90 90 90 90 90 90 90 90 90 90 90 90 90 90 90 90 90 90 90 90 90 90 90 90 90 90 90 90 90 90 90 90 90 90
62 62 62 62 62 62 62 62 62 62 62 62 90 90 90 90 90 90 62 62 62 62 62 62 90 90 90 90 90 90 90 90 90 90 90 90 90 90 90 90 90 90 90 90 90 90 90
62 62 62 62 62 62 62 62 62 62 62 62 90 90 90 90 90 90 62 62 62 62 62 62 90 90 90 90 90 90 90 90 90 90 90 90 90 90 90 90 90 90 90 90 90 90 90 90 90 90
62 62 62 62 62 62 62 62 62 62 62 62 90 90 90 90 90 90 90 90 90 90 90 90 90 90 90 90 90 90 90 90
62 62 62 62 62 62 62 62 62 62 62 62 90 90 90 90 90 90 62 62 62 62 62 62 90 90 90 90 90 90 90 90 90 90 90 90 90 90 90 90 90 90 90 90 90 90 90 90 90 90
62 62 62 62 62 62 62 62 62 62 62 62 90 90 90 90 90 90 62 62 62 62 62 62 90 90 90 90 90 90 90 90 90 90 90 90 90 90 90 90 90 90 90 90 90 90 90 90 90 90 90 90 90
62 62 62 62 62 62 62 62 62 62 62 62 90 90 90 90 90 90 62 62 62 62 62 62 90 90 90 90 90 90 90 90 90 90 90 90 90 90 90 90 90 90 90 90 90 90 90 90 90 90 90 90 90 90 90 90 90
62 62 62 62 62 62 62 62 62 62 62 62 90 90 90 90 90 90 62 62 62 62 62 62 90 90 90 42 90 42 42 42 42 90 90 90 90 90 90 90 90 90 90 90 90 90 90 90 90 90 90 90 90 90 90 90 90 90 90 90 90 90 90 90
62 62 62 62 62 62 62 62 62 62 62 62 90 90 90 90 90 90 62 62 62 62 62 62 90 90 90 42 42 42 42 42 90 90 90 90 90 90 90 90 90 90 90 90 90 90 90 90 90 90 90 90 90 90 90 90
62 62 62 62 62 62 62 62 62 62 62 62 90 90 90 90 90 90 62 62 62 62 62 62 90 90 90 90 90 90 90 90 90 90 90 90 90 90 90 90 90 90 90 90 90 90 90 90 90 90 90
62 62 62 62 62 62 62 62 62 62 62 62 90 90 90 90 90 90 62 62 62 62 62 62 90 90 90 90 90 90 90 90 90 90 90 90 90 90 90 90 90 90 90 90 90 90 90 90 90 90 90 90 90 90
62 62 62 62 62 62 62 62 62 62 62 62 90 90 90 90 90 90 62 62 62 62 62 62 90 90 90 90 90 62 62 62 62 62 62 90 90 90 90 90 90 90 90 90 90 90 90 90 90 90 90 90 90 90 90 90 90 90 90 90 90 90 90 90
62 62 62 62 62 62 62 62 62 62 62 62 90 90 90 90 90 90 62 62 62 62 62 62 90 90 90 90 90 90 90 90 90 90 90 90 90 90 90 90 90 90 90 90 90 90 90 90 90 90 90 90 90 90 90 90 90
62 62 62 62 62 62 62 62 62 62 62 62 90 90 90 90 90 90 90 90 90 90 90 90 90 90 90 90 90 90 90 90 90 90 90 90 90 90 90 90
62 62 62 62 62 62 62 62 62 62 62 62 90 90 90 90 90 90 90 90 90 90 90 90 90 90 90 90 90 90 90 90 90 90 90 90 90 90 90 90 90
62 62 62 62 62 62 62 62 62 62 62 62 90 90 90 90 90 90 90 90 90 90 90 90 90 90 90 90 90 90 90 90 90 90 90 90 90
62 62 62 62 62 62 62 62 62 62 62 62 90 90 90 90 90 90 90 90 90 90 90 90 90 90 90 90 90 90 90 90 90 90 90 90 90 90 90 90 90 90 90
62 62 62 62 62 62 62 62 62 62 62 62 90 90 90 90 90 90 90 90 90 90 90 90 90 90 90 90 90 90 90 90 90 90 90 90 90 90 90 90 90 90 90 90 90 90
62 62 62 62 62 62 62 62 62 62 62 62 90 90 90 90 90 90 90 90 90 90 62 62 62 62 62 62 90 90 90 90 90 90 90 90 90 90 90 90 90 90 90 90 90 90 90 90 90 90
62 62 62 62 62 62 62 62 62 62 62 62 90 90 90 90 90 90 90 90 90 90 90 90 90 90 90 90 90 90 90 90 90 90 90 90 90 90 90 90 90 90 90 90 90 90 90 90 90 90 90 90 90 90 90 90 90
62 62 62 62 62 62 62 62 62 62 62 62 90 90 90 90 90 90 90 90 90 90 90 90 90 90 90 90 90 90 90 90 90 90 90 90 90 90 90 90 90 90 90 90 90 90
62 62 62 62 62 62 62 62 62 62 62 62 90 90 90 90 90 90 90 90 90 90 90 90 90 90 90 90 90 90 90 90 90 90 90 90 90 90 90 90 90 90 90 90 90 90 90 90 90 90 90 90 90 90 90 90 90 90
62 62 62 62 62 62 62 62 62 62 62 62 90 90 90 90 90 90 90 42 42 42 42 42 90 90 90 90 90 90 90 90 90 90 90 90 90 90 90 90 90 90 90 90
62 62 62 62 62 62 62 62 62 62 62 62 90 90 90 90 90 90 90 62 62 62 62 62 62 90 90 90 90 90 90 90 90 90 90 90 90 90 90 90 90 90 90 90 90 90 90
62 62 62 62 62 62 62 62 62 62 62 62 90 90 90 90 90 90 90 62 62 62 62 62 62 90 90 90 90 90 90 90 90 90 90 90 90 90 90 90 90 90 90 90 90 90 90 90 90
62 62 62 62 62 62 62 62 62 62 62 62 90 90 90 90 90 90 90 62 62 62 62 62 62 90 90 90 90 90 90 90 90 90 90 90 90 90 90 90 90 90 90 90 90 90 90 90
62 62 62 62 62 62 62 62 62 62 62 62 90 90 90 90 90 90 90 62 62 62 62 62 62 90 90 90 90 90 90 90 90 90 90 90 90 90 90 90 90 90 90 90 90
62 62 62 62 62 62 62 62 62 62 62 62 90 90 90 90 90 90 90 90 90 90 90 90 90 90 90 90 90 90 90 90 90 90 90 90 90 90 90 90 90 90 90 90
62 62 62 62 62 62 62 62 62 62 62 62 90 90 90 90 90 90 90 90 90 90 90 90 90 90 90 90 90 90 90 90 90 90 90 90 90 90 90 90 90 90 90 90 90 90 90
62 62 62 62 62 62 62 62 62 62 62 62 90 90 90 90 90 90 90 90 90 90 90 90 90 90 90 90 90 90 90 90 90 90 90 90 90 90 90 90 90 90 90 90 90 90 90 90 90 90
62 62 62 62 62 62 62 62 62 62 62 62 90 90 90 90 90 90 90 90 90 90 90 90 90 90 90 90 90 90 90 90 90 90 90 90 90 90 90 90 90 90 90 90 90 90 90 90 90 90 90 90 90
62 62 62 62 62 62 62 62 62 62 62 62 90 90 90 90 90 90 90 90 90 90 90 90 62 62 62 62 62 62 90 90 90 90 90 90 90 90 90 90 90 90 90 90 90 90 90 90 90 90 90 90 90 90
62 62 62 62 62 62 62 62 62 62 62 62 90 90 90 90 90 90 90 90 90 90 90 90 90 90 90 90 90 90 90 90 90 90 90 90 90 90 90 90 90 90 90 90 90 90 90 90
62 62 62 62 62 62 62 62 62 62 62 62 90 90 90 90 90 90 90 90 90 90 90 90 90 90 90 90 90 90 90 90 90 90 90 90 90 90 90 90 90 90 90 90 90 90 90 90 90 90 90 90 90 90
62 62 62 62 62 62 62 62 62 62 62 62 90 90 90 90 90 90 90 90 90 90 42 42 42 42 42 90 90 90 90 90 90 90 90 90 90 90 90 90 90 90 90 90 90 90 90 90 90
62 62 62 62 62 62 62 62 62 62 62 62 90 90 90 90 90 90 90 49 49 49 67 67 49 10 10 10 10 90 90 90 90 90 90 90 90 90 90 90 90 90 90 90 90 90 90 90 90 90 90
62 62 62 62 62 62 62 62 62 62 62 62 90 90 90 90 90 90 90 90 90 90 62 62 62 62 62 62 90 90 90 90 90 90 90 90 90 90 90 90 90 90 90 90 90 90 90 90 90 90 90 90 90 90 90 90 90 90 90
62 62 62 62 62 62 62 62 62 62 62 62 90 90 90 90 90 90 90 90 90 90 90 62 62 62 62 62 62 90 90 90 90 90 90 90 90 90 90 90 90 90 90 90 90 90 90 90 90 90 90 90 90 90 90 90 90 90 90 90 90 90 90 90 90 90 90
62 62 62 62 62 62 62 62 62 62 62 62 90 90 90 90 90 90 90 90 90 90 90 62 62 62 62 62 62 90 90 90 90 90 90 90 90 90 90 90 90 90 90 90 90 90 90 90 90 90 90 90 90 90 90 90 90 90 90 90 90 90 90 90 90 90 90
62 62 62 62 62 62 62 62 62 62 62 62 90 90 90 90 90 90 90 90 90 90 90 62 62 62 62 62 62 90 90 90 90 90 90 90 90 90 90 90 90 90 90 90 90 90 90 90 90 90 90 90 90 90 90 90 90 90 90 90 90 90 90 90 90 90 90 90 90 90 90
62 62 62 62 62 62 62 62 62 62 62 62 90 90 90 90 90 90 90 90 90 90 90 62 62 62 62 62 62 90 90 90 90 90 90 90 90 90 90 90 90 90 90 90 90 90 90 90 90 90 90 90 90 90 90 90 90 90 90
62 62 62 62 62 62 62 62 62 62 62 62 90 90 90 90 90 90 90 90 90 90 90 62 62 62 62 62 62 90 90 90 90 90 90 90 90 90 90 90 90 90 90 90 90 90 90 90 90 90 90 90 90 90 90 90 90 90 90
62 62 62 62 62 62 62 62 62 62 62 62 90 90 90 90 90 90 90 90 90 90 90 62 62 62 62 62 62 90 90 90 90 90 90 90 90 90 90 90 90 90 90 90 90 90 90 90 90 90 90 90 90 90 90 90 90 90 90
62 62 62 62 62 62 62 62 62 62 62 62 90 90 90 90 90 90 90 90 90 90 90 62 62 62 62 62 62 90 90 90 90 90 90 90 90 90 90 90 90 90 90 90 90 90 90 90 90 90 90 90 90 90 90 90 90 90 90
62 62 62 62 62 62 62 62 62 62 62 62 90 90 90 90 90 90 90 90 90 90 90 62 62 62 62 62 62 90 90 90 90 90 90 90 90 90 90 90 90 90 90 90 90 90 90 90 90 90 90 90 90 90 90 90 90 90 90
62 62 62 62 62 62 62 62 62 62 62 62 90 90 90 90 90 90 90 90 90 90 90 62 62 62 62 62 62 90 90 90 90 90 90 90 90 90 90 90 90 90 90 90 90 90 90 90 90 90 90 90 90 90 90 90 90 90 90
62 62 62 62 62 62 62 62 62 62 62 62 90 90 90 90 90 90 90 90 90 90 90 62 62 62 62 62 62 90 90 90 90 90 90 90 90 90 90 90 90 90 90 90 90 90 90 90 90 90 90 90 90 90 90 90 90 90 90 90 90 90
62 62 62 62 62 62 62 62 62 62 62 62 90 90 90 90 90 90 90 90 90 90 90 62 62 62 62 62 62 90 90 90 90 90 90 90 90 90 90 90 90 90 90 90 90 90 90 90 90 90 90 90 90 90 90 90 90 90 90 90 90 90
62 62 62 62 62 62 62 62 62 62 62 62 90 90 90 90 90 90 90 90 90 90 90 62 62 62 62 62 62 90 90 90 90 90 90 90 90 90 90 90 90 90 90 90 90 90 90 90 90 90 90 90 90 90 90 90 90 90 90 90 90 90
62 62 62 62 62 62 62 62 62 62 62 62 90 90 90 90 90 90 90 90 90 90 90 62 62 62 62 62 62 90 90 90 90 90 90 90 90 90 90 90 90 90 90 90 90 90 90 90 90 90 90 90 90 90 90 90 90 90 90 90 90 90
62 62 62 62 62 62 62 62 62 62 62 62 90 90 90 90 90 90 90 90 90 90 90 62 62 62 62 62 62 90 90 90 90 90 90 90 90 90 90 90 90 90 90 90 90 90 90 90 90 90 90 90 90 90 90 90 90 90 90 90 90
62 62 62 62 62 62 62 62 62 62 62 62 90 90 90 90 90 90 90 90 90 90 90 10 11 11 10 10 10 90 90 90 90 10 10 10 10 90 90 90 90 90 90 90 90 90 90 90 90 90 90 90 90 90 90 90 90 90 90 90 90 90 90 90 90
62 62 62 62 62 62 62 62 62 62 62 62 90 90 90 90 90 90 90 90 90 90 90 10 11 11 10 10 10 90 90 90 90 10 10 10 10 90 90 90 90 90 90 90 90 90 90 90 90 90 90 90 90 90 90 90 90 90 90 90 90 90 90 90 90
62 62 62 62 62 62 62 62 62 62 62 62 90 90 90 90 90 90 90 90 90 90 90 62 62 62 62 62 62 90 90 90 90 90 90 90 90 90 90 90 90 90 90 90 90 90 90 90 90 90 90 90 90 90 90 90 90 90
62 62 62 62 62 62 62 62 62 62 62 62 90 90 90 90 90 90 90 90 90 90 90 62 62 62 62 62 62 90 90 90 90 90 90 90 90 90 90 90 90 90 90 90 90 90 90 90 90 90 90 90 90 90 90 90 90 90 90 90 90
62 62 62 62 62 62 62 62 62 62 62 62 90 90 90 90 90 90 90 90 90 90 90 62 62 62 62 62 62 90 90 90 90 90 90 90 90 90 90 90 90 90 90 90 90 90 90 90 90 90 90 90 90 90 90 90 90
62 62 62 62 62 62 62 62 62 62 62 62 90 90 90 90 90 90 90 90 90 90 90 62 62 62 62 62 62 90 90 90 90 90 90 90 90 90 90 90 90 90 90 90 90 90 90 90 90 90 90 90 90 90 90 90 90
62 62 62 62 62 62 62 62 62 62 62 62 90 90 90 90 90 90 90 90 90 90 90 90 62 62 62 62 62 62 90 90 90 90 90 90 90 90 90 90 90 90 90 90 90 90 90 90 90 90 90 90 90 90 90 90 90
62 62 62 62 62 62 62 62 62 62 62 62 90 90 90 90 90 90 90 90 90 90 90 62 62 62 62 62 62 90 90 90 90 90 90 90 90 90 90 90 90 90 90 90 90 90 90 90 90 90 90 90 90 90 90 90 90 90 90 90 90 90
62 62 62 62 62 62 62 62 62 62 62 62 90 90 90 90 90 90 90 90 90 90 90 62 62 62 62 62 62 90 90 90 90 90 90 90 90 90 90 90 90 90 90 90 90 90 90 90 90 90 90 90 90 90 90 90 90 90 90 90 90 90 90 90 90
62 62 62 62 62 62 62 62 62 62 62 62 90 90 90 90 90 90 90 90 90 90 90 62 62 62 62 62 62 90 90 90 62 62 62 62 62 62 90 90 90 90 90 90 90 90 90 90 90 90 90 90 90 90 90 90 90 90 90 90 90 90 90 90 90 90
62 62 62 62 62 62 62 62 62 62 62 62 90 90 90 90 90 90 90 90 90 90 90 62 62 62 62 62 62 90 90 90 90 90 90 90 90 90 90 90 90 90 90 90 90 90 90 90 90 90 90 90 90 90 90 90 90 90 90 90 90 90 90
62 62 62 62 62 62 62 90 90 62 62 62 62 62 90 90 90 90 90 90 90 90 90 90 90 90 90 90 90 90 90 90 90 90
62 62 62 62 62 62 62 90 90 62 62 62 62 62 90 90 90 90 90 90 90 90 90 90 90 90 90 90 90 90 90
62 62 62 62 62 62 62 90 90 62 62 62 62 62 90 90 90 90 90 90 90 90 90 90 90 90 90 90 90 90 90 90 90 90 90 90 90
62 62 62 62 62 62 49 90 90 49 49 49 67 67 90 90 10 10 10 10 90 90 90 90 90 90 90 90 90 90 90 90 90 90 90 90 90
62 62 62 62 62 62 62 90 90 62 62 62 62 62 90 90 90 90 62 62 62 62 62 62 90 90 90 90 90 90 90 90 90 90 90 90 90 90 90 90 90 90 90 90 90 90 90 90 90 90 90 90 90
62 62 62 62 62 62 62 90 90 62 62 62 62 62 90 90 90 90 90 90 62 62 62 62 62 62 90 90 90 90 90 90 90 90 90 90 90 90 90 90 90 90 90 90 90 90 90 90 90 90 90 90 90
62 62 62 62 62 62 62 90 90 62 62 62 62 62 90 90 90 90 62 62 62 62 62 62 90 90 90 90 90 90 90 90 90 90 90 90 90 90 90 90 90 90 90 90 90 90 90 90 90 90 90 90 90 90
62 62 62 62 62 62 62 90 90 62 62 62 62 62 90 90 90 90 62 62 62 62 62 62 90 90 90 90 90 90 90 90 90 90 90 90 90 90 90 90 90 90 90 90 90 90 90
62 62 62 62 62 62 62 90 90 62 62 62 62 62 90 90 90 90 62 62 62 62 62 62 90 90 90 90 90 90 90 90 90 90 90 90 90 90 90 90 90 90 90 90 90 90 90 90 90 90 90
62 62 62 62 62 62 62 90 90 62 62 62 62 62 90 90 90 90 90 90 90 62 62 62 62 62 62 90 90 90 90 90 90 90 90 90 90 90 90 90 90 90 90 90 90 90 90 90 90 90 90 90 90 90
62 62 62 62 62 62 62 90 90 62 62 62 62 62 90 90 90 90 90 90 90 90 90 90 90 90 90 90 90 90 90 90
62 62 62 62 62 62 62 90 90 62 62 62 62 62 90 90 90 90 90 90 62 62 62 62 62 62 90 90 90 90 90 90 90 90 90 90 90 90 90 90 90 90 90 90 90 90 90 90 90 90 90 90
62 62 62 62 62 62 62 90 90 62 62 62 62 62 90 90 90 62 62 62 62 62 62 90 90 90 90 90 90 90 90 90 90 90 90 90 90 90 90 90 90 90 90 90 90 90 90 90 90 90 90 90 90 90 90 90
62 62 62 62 62 62 62 90 90 62 62 62 62 62 90 90 62 62 62 62 62 62 90 90 90 90 90 90 90 90 90 90 90 90 90 90 90 90 90 90 90 90 90 90 90 90 90 90 90 90 90 90 90
62 62 62 62 62 62 62 90 90 62 62 62 62 62 90 90 62 62 62 62 62 62 90 90 90 90 90 90 90 90 90 90 90 90 90 90 90 90 90 90 90 90 90 90 90 90 90
62 62 62 62 62 62 62 90 90 62 62 62 62 62 90 90 62 62 62 62 62 62 90 90 90 90 90 90 90 90 90 90 90 90 90 90 90 90 90 90 90 90 90 90 90 90 90
62 62 62 62 62 62 62 90 90 62 62 62 62 62 90 90 62 62 62 62 62 62 90 90 90 90 90 90 90 90 90 90 90 90 90 90 90 90 90 90 90 90 90 90 90 90 90 90 90 90 90 90 90 90
62 62 62 62 62 62 62 90 90 62 62 62 62 62 90 90 90 90 90 90 90 90 90 90 90 90 90 90 90 90 90 90 90
62 62 62 62 62 62 62 90 90 62 62 62 62 62 90 90 90 90 90 90 62 62 62 62 62 62 90 90 90 90 90 90 90 90 90 90 90 90 90 90 90 90 90 90 90 90 90 90 90
62 62 62 62 62 62 62 90 90 62 62 62 62 62 90 90 90 90 90 90 62 62 62 62 62 62 90 90 90 90 90 90 90 90 90 90 90 90 90 90 90 90 90 90 90 90 90 90
62 62 62 62 62 62 62 90 90 62 62 62 62 62 90 90 90 90 90 90 90 90 90 90 90 90 90 90 90 90 90 90 90 90 90 90 90 90 90 90 90 90 90
62 62 62 62 62 62 62 90 90 62 62 62 62 62 90 90 90 90 90 90 62 62 62 62 62 62 90 90 90 90 90 90 90 90 90 90 90 90 90 90 90 90 90 90 90 90 90 90 90 90 90 90 90 90
62 62 62 62 62 62 62 90 90 62 62 62 62 62 90 90 90 90 90 90 90 90 90 90 90 90 90 90 90 90 90 90 90 90 90 90 90
62 62 62 62 62 62 62 90 90 62 62 62 62 62 90 90 90 90 90 90 90 90 90 90 90 90 90 90 90 90 90 90 90 90 90 90 90 90 90
62 62 62 62 62 62 62 90 90 62 62 62 62 62 90 90 90 90 90 90 90 90 90 90 90 90 90 90 90 90 90 90 90 90 90 90 90 90 90 90 90 90 90
62 62 62 62 62 62 62 90 90 62 62 62 62 62 90 90 90 90 90 90 90 90 90 90 90 90 90 90 90 90 90 90 90 90 90 90 90 90 90
62 62 62 62 62 62 62 90 90 62 62 62 62 62 90 90 90 90 90 90 90 90 90 90 90 90 90 90 90 90 90 90 90 90 90 90 90 90 90
62 62 62 62 62 62 62 90 90 62 62 62 62 62 90 90 90 90 90 90 90 90 90 90 90 90 90 90 90 90 90 90 90 90 90 90 90 90 90 90 90 90 90
62 62 62 62 62 62 49 90 90 49 67 67 49 49 90 90 10 10 10 10 90 90 90 90 90 90 90 90 90 90 90 90 90 90 90 90 90
62 62 62 62 62 62 49 90 90 49 67 67 49 49 90 90 10 10 10 10 90 90 90 90 90 90 90 90 90 90 90 90 90 90 90 90 90
62 62 62 62 62 62 49 90 90 49 67 67 49 49 90 90 10 10 10 10 90 90 90 90 90 90 90 90 90 90 90 90 90 90 90 90 90
47 47 47 68 68 47 14 14 31 31 31 31 90 90 13 13 90 90 90 90 90 90 90 90 90 90 90 90 90 90 90 90
47 47 47 68 68 47 14 14 31 31 31 31 90 90 13 13 90 90 90 90 90 90 90 90 90 90 90 90 90 90 90 90 90 90
47 47 47 68 68 47 14 14 31 31 31 31 90 90 13 13 90 90 90 90 90 90 90 90 90 90 90 90
47 47 47 68 68 47 14 14 31 31 31 31 90 90 13 13 90 90 90 90 90 90 90 90 90 90
47 47 47 68 68 47 14 14 31 31 31 31 90 90 13 13 90 90 90 90 90 90 90 90 90 90 90 90 90
47 47 47 68 68 47 13 13 14 14 31 31 31 31 90 90 90 90 90 90 90 90 90 90 90 90 90 90 90 90 90 90
47 47 47 68 68 47 13 13 14 14 31 31 31 31 90 90 90 90 90 90 90 90 90 90 90 90 90 90 90 90 90 90 90 90 90
47 47 47 68 68 47 13 13 14 14 31 31 31 31 90 90 90 90 90 90 90 90 90 90 90 90 90 90 90 90 90 90 90
47 47 47 68 68 47 13 13 14 14 31 31 31 31 90 90 62 62 62 62 62 62 90 90 90 90 90 90 90 90 90 90 90 90 90 90 90 90 90
47 47 47 68 68 47 13 13 14 14 31 31 31 31 90 90 90 90 90 90 90 90 90 90 90 90 90 90 90
52 52 52 61 61 52 89 88 88 90 90 28 28 28 28 90 62 62 62 62 62 62 90 90 90 90 90 90 90 90 90 90 90 90 90 90 90 90 90
52 52 52 61 61 52 89 88 88 90 90 28 28 28 28 90 62 62 62 62 62 62 90 90 90 90 90 90 90 90 90 90 90 90 90 90 90 90 90 90 90 90 90 90 90 90 90 90 90 90 90
52 52 52 61 61 52 89 88 88 90 90 28 28 28 28 90 62 62 62 62 62 62 90 90 90 90 90 90 90 90 90 90 90 90 90 90 90 90 90 90 90 90 90 90 90 90 90
52 52 52 61 61 52 89 88 88 90 90 28 28 28 28 90 62 62 62 62 62 62 90 90 90 90 90 90 90 90 90 90 90 90 90 90 90 90 90
52 52 52 61 61 52 89 88 88 90 90 28 28 28 28 90 62 62 62 62 62 62 90 90 90 90 90 90 90 90 90 90 90 90 90 90 90 90 90
52 52 52 61 61 52 89 88 88 90 90 28 28 28 28 90 62 62 62 62 62 62 90 90 90 90 90 90 90 90 90 90 90 90 90 90 90 90 90
52 52 52 61 61 52 89 88 88 90 90 28 28 28 28 90 62 62 62 62 62 62 90 90 90 90 90 90 90 90 90 90 90 90 90 90 90 90 90 90 90 90 90 90 90 90 90 90 90 90 90 90 90 90 90 90 90 90
49 49 49 67 67 49 10 10 10 10 90 90 62 62 62 62 62 62 90 90 90 90 90 90 90 90 90 90 90 90 90 90 90 90 90 90 90 90 90 90 90 90 90 90 90 90 90 90 90 90 90 90 90 90 90
49 49 49 67 67 49 10 10 10 10 90 90 62 62 62 62 62 62 90 90 90 90 90 90 90 90 90 90 90 90 90 90 90 90 90 90 90 90 90 90 90 90 90 90 90 90 90 90 90 90 90 90 90 90 90
49 49 49 67 67 49 10 10 10 10 90 90 62 62 62 62 62 62 90 90 90 90 90 90 90 90 90 90 90 90 90 90 90 90 90 90 90 90 90 90 90 90 90 90 90 90 90 90 90
49 49 49 67 67 49 10 10 10 10 90 90 62 62 62 62 62 62 90 90 90 90 90 90 90 90 90 90 90 90 90 90 90 90 90 90 90 90 90 90 90 90 90 90 90 90 90 90 90 90 90 90 90 90 90
49 49 49 67 67 49 10 10 10 10 90 90 62 62 62 62 62 62 90 90 90 90 90 90 90 90 90 90 90 90 90 90 90 90 90 90 90 90 90 90 90 90 90 90 90 90 90 90 90 90 90 90 90 90 90
49 49 49 67 67 49 10 10 10 10 90 90 62 62 62 62 62 62 90 90 90 90 90 90 90 90 90 90 90 90 90 90 90 90 90 90 90 90 90 90 90 90 90 90 90 90 90 90 90 90 90 90 90 90 90
49 49 49 67 67 49 10 10 10 10 90 90 62 62 62 62 62 62 90 90 90 90 90 90 90 90 90 90 90 90 90 90 90 90 90 90 90 90 90 90 90 90 90 90 90 90 90 90 90 90 90 90 90 90 90
49 49 49 67 67 49 10 10 10 10 90 90 62 62 62 62 62 62 90 90 90 90 90 90 90 90 90 90 90 90 90 90 90 90 90 90 90 90 90 90 90 90 90 90 90 90 90 90 90 90 90 90 90 90 90 90 90 90 90 90
49 49 49 67 67 49 10 10 10 10 90 90 62 62 62 62 62 62 90 90 90 90 90 90 90 90 90 90 90 90 90 90 90 90 90 90 90 90 90
49 49 49 67 67 49 10 10 10 10 90 90 62 62 62 62 62 62 90 90 90 90 90 90 90 90 90 90 90 90 90 90 90 90 90 90 90 90 90 90 90 90 90 90 90 90 90 90 90 90 90 90 90 90 90
49 49 49 67 67 49 10 10 10 10 90 90 62 62 62 62 62 62 90 90 90 90 90 90 90 90 90 90 90 90 90 90 90 90 90 90 90 90 90 90 90 90 90 90 90 90 90 90 90 90 90 90 90 90 90
49 49 49 67 67 49 10 10 10 10 90 90 62 62 62 62 62 62 90 90 90 90 90 90 90 90 90 90 90 90 90 90 90 90 90 90 90 90 90 90 90 90 90 90 90
49 49 49 67 67 49 10 10 10 10 90 90 62 62 62 62 62 62 90 90 90 90 90 90 90 90 90 90 90 90 90 90 90 90 90 90 90 90 90 90 90 90 90 90 90 90 90 90 90 90 90 90 90 90 90 90 90 90
49 49 49 67 67 49 10 10 10 10 90 90 62 62 62 62 62 62 90 90 90 90 90 90 90 90 90 90 90 90 90 90 90 90 90 90 90 90 90 90 90 90 90 90 90 90 90 90 90 90 90 90 90 90 90 90 90 90 90
49 49 49 67 67 49 10 10 10 10 90 90 62 62 62 62 62 62 90 90 90 90 90 90 90 90 90 90 90 90 90 90 90 90 90 90 90 90 90 90 90 90 90 90 90 90 90 90 90 90 90 90 90 90 90 90 90 90
49 49 49 67 67 49 10 10 10 10 90 90 62 62 62 62 62 62 90 90 90 90 90 90 90 90 90 90 90 90 90 90 90 90 90 90 90
49 49 49 67 67 49 10 10 10 10 90 90 62 62 62 62 62 62 90 90 90 90 90 90 90 90 90 90 90 90 90 90 90 90 90 90
49 49 49 67 67 49 10 10 10 10 90 90 62 62 62 62 62 62 90 90 90 90 90 90 90 90 90 90 90 90 90 90 90 90 90 90 90 90 90 90
49 49 49 67 67 49 10 10 10 10 90 90 62 62 62 62 62 62 90 90 90 90 90 90 90 90 90 90 90 90 90 90 90 90 90 90 90 90
49 49 49 67 67 49 10 10 10 10 90 90 62 62 62 62 62 62 90 90 90 90 90 90 90 90 90 90 90 90 90 90 90 90 90 90 90 90 90 90 90 90 90
49 49 49 67 67 49 10 10 10 10 90 90 62 62 62 62 62 62 90 90 90 90 90 90 90 90 90 90 90 90 90 90 90 90 90 90 90 90 90 90 90 90 90 90 90 90
49 49 49 67 67 49 10 10 10 10 90 90 62 62 62 62 62 62 90 90 90 90 90 90 90 90 90 90 90 90 90 90
49 49 49 67 67 49 10 10 10 10 90 90 49 49 49 49 67 67 90 90 10 10 10 10 90 90 90 90 90 90 90 90 90 90 90 90 90 90 90
49 49 49 67 67 49 10 10 10 10 90 90 49 49 49 49 67 67 90 90 10 10 10 10 90 90 90 90 90 90 90 90 90 90 90 90 90 90
49 49 49 67 67 49 10 10 10 10 90 90 62 62 62 62 62 62 90 90 90 90 90 90 90 90 90 90 90 90 90 90 90 90 90
49 49 49 67 67 49 10 10 10 10 90 90 62 62 62 62 62 62 90 90 90 90 90 90 90 90 90 90 90 90 90 90 90 90 90
49 49 49 67 67 49 10 10 10 10 90 90 62 62 62 62 62 62 90 90 90 90 90 90 90 90 90 90 90 90 90 90 90 90 90 90
49 49 49 67 67 49 10 10 10 10 90 90 62 62 62 62 62 62 90 90 90 90 90 90 90 90 90 90 90 90 90 90 90 90 90 90 90 90 90 90
49 49 49 67 67 49 10 10 10 10 90 90 62 62 62 62 62 62 90 90 90 90 90 90 90 90 90 90 90 90 90 90
49 49 49 67 67 49 10 10 10 10 90 90 62 62 62 62 62 62 90 90 90 90 90 90 90 90 90 90 90 90 90 90
49 49 49 67 67 49 10 10 10 10 90 90 62 62 62 62 62 62 90 90 90 90 90 90 90 90 90 90 90 90 90 90 90
49 49 49 67 67 49 10 10 10 10 90 90 62 62 62 62 62 62 90 90 90 90 90 90 90 90 90 90 90 90 90 90 90 90 90 90 90 90 90 90
49 49 49 67 67 49 10 10 10 10 90 90 62 62 62 62 62 62 90 90 90 90 90 90 90 90 90 90 90 90 90 90 90 90 90 90 90 90 90 90
49 49 49 67 67 49 10 10 10 10 90 90 62 62 62 62 62 62 90 90 90 90 90 90 90 90 90 90 90 90 90 90 90 90 90 90 90 90 90 90 90
49 49 49 67 67 49 10 10 10 10 90 90 62 62 62 62 62 62 90 90 90 90 90 90 90 90 90 90 90 90 90 90 90 90 90 90 90 90 90 90 90 90 90 90
49 49 49 67 67 49 10 10 10 10 90 90 62 62 62 62 62 62 90 90 90 90 90 90 90 90 90 90 90 90 90 90 90 90 90 90 90 90 90 90 90
49 49 49 67 67 49 10 10 10 10 90 90 62 62 62 62 62 62 90 90 90 90 90 90 90 90 90 90 90 90 90 90 90 90 90 90 90 90 90 90 90 90 90 90 90
49 49 49 67 67 49 10 10 10 10 90 90 62 62 62 62 62 62 90 90 90 90 90 90 90 90 90 90 90 90 90 90 90 90 90 90 90 90 90 90
49 49 49 67 67 49 10 10 10 10 90 90 62 62 62 62 62 62 90 90 90 90 90 90 90 90 90 90 90 90 90 90 90 90 90 90 90 90 90 90
49 49 49 67 67 49 10 10 10 10 90 90 49 49 49 49 67 67 90 90 10 10 10 10 90 90 90 90 90 90 90 90 90 90 90 90 90 90 90 90
49 49 49 67 67 49 10 10 10 10 90 90 62 62 62 62 62 62 90 90 90 90 90 90 90 90 90 90 90 90 90 90 90 90 90 90 90 90 90 90 90 90
49 49 49 67 67 49 10 10 10 10 90 62 62 62 62 62 62 90 90 90 90 90 90 90 90 90 90 90 90 90 90 90 90 90
49 49 49 67 67 49 10 10 10 10 90 90 62 62 62 62 62 62 90 90 90 90 90 90 90 90 90 90 90 90 90 90 90 90 90 90
49 49 49 67 67 49 10 10 10 10 90 62 62 62 62 62 62 90 90 90 90 90 90 90 90 90 90 90 90 90 90 90 90 90 90 90 90
49 49 49 67 67 49 10 10 10 10 90 62 62 62 62 62 62 90 90 90 90 90 90 90 90 90 90 90 90 90 90 90 90 90 90
49 49 49 67 67 49 10 10 10 10 90 90 90 90 90 90 90 90 90 90 90
49 49 49 67 67 49 10 10 10 10 90 90 10 10 10 10 11 11 90 90 90 90 90 90 90 90 90 90 90 90 90 90 90 10 10 10 10 90 90 90 90 90 90 90 90 90 90 90 90 90 90 90 90 90 90 90 90 90 90 90 90
49 49 49 67 67 49 10 10 10 10 90 90 90 90 62 62 62 62 62 62 90 90 90 90 90 90 90 90 90 90 90 90
49 49 49 67 67 49 10 10 10 10 90 90 90 90 62 62 62 62 62 62 90 90 90 90 90 90 90 90 90 90 90 90 90
49 49 49 67 67 49 10 10 10 10 90 90 90 90 62 62 62 62 62 62 90 90 90 90 90 90 90 90 90 90 90 90
49 49 49 67 67 49 10 10 10 10 90 90 49 49 49 49 67 67 90 90 10 10 10 10 90 90 90 90 90 90 90 90 90 90 90 90 90 90 90
49 49 49 67 67 49 10 10 10 10 62 90 90 62 62 62 62 62 62 62 62 62 62 62 90 90 90 90 90 90 90 90 90 90 90 90 90 90 90 90 90 90 90 90 90 90 90 90 90 90 90 90 90 90 90 90 90 90 90 90 90 90 90 90 90 90 90 90
49 49 49 67 67 49 10 10 10 10 62 90 90 62 62 62 62 62 62 62 62 62 62 62 90 90 90 90 90 90 90 90 90 90 90 90 90 90 90 90 90 90 90 90 90 90 90 90 90 90
49 49 49 67 67 49 10 10 10 10 62 90 90 62 62 62 62 62 62 62 62 62 62 62 90 90 90 90 90 90 90 90 90 90 90 90 90 90 90 90 90 90 90 90
49 49 49 67 67 49 10 10 10 10 62 90 90 62 62 62 62 62 62 62 62 62 62 62 90 90 90 90 90 90 90 90 90 90 90 90 90 90 90 90 90 90 90 90
49 49 49 67 67 49 10 10 10 10 90 90 62 62 62 62 62 62 62 62 62 62 62 62 90 90 90 90 90 90 90 90 90 90 90 90 90 90 90 90 90 90 90 90 90 90 90 90 90 90
49 49 49 67 67 49 10 10 10 10 90 90 62 62 62 62 62 62 62 62 62 62 62 62 90 90 90 90 90 90 90 90 90 90 90 90 90 90 90 90 90 90 90 90 90 90 90 90 90 90 90 90 90 90 90 90
49 49 49 67 67 49 10 10 10 10 62 90 90 62 62 62 62 62 62 62 62 62 62 62 90 90 90 90 90 90 90 90 90 90 90 90 90 90 90 90 90 90 90 90 90 90 90 90 90 90 90 90 90 90 90 90
49 49 49 67 67 49 10 10 10 10 49 90 90 10 90 90 10 10 11 11 10 49 49 67 67 49 10 10 10 10 10 10 10 10 90 90 90 90 90 90 90 90 90 90 90 90 90 90 90 90 90 90 90 90 90 90
6 6 6 6 16 15 22 22 15 16 33 33 34 36 36 36 36 34 90 90 90 90 90 90 90 90 90 90 90 90
49 49 49 67 67 49 10 10 10 10 90 90 90 90 90 90 90 90 90 90 90 90 90 90 90 90 90 90 90 90 90 90 90 90 90 90 90 90 90 90 90 90
49 49 49 67 67 49 10 10 10 10 90 90 90 90 90 90 90 90 90 90 90 90 90 90 90 90 90 90 90 90 90 90 90 90 90 90
49 49 49 67 67 49 10 10 10 10 90 90 90 90 90 90 90 90 90 90 90 90 90 90 90 90 90 90 90 90
49 49 49 67 67 49 10 10 10 10 90 90 90 90 90 90 90 90 90 90 90 90 90 90 90 90 90 90 90 90 90 90 90 90 90 90 90 90 90 90 90 90 90 90 90 90 90 90
49 49 49 67 67 49 10 10 10 10 90 90 62 90 62 62 62 62 62 90 90 90 90 90 90 90 90 90 90 90 90 90 90 90 90 90 90 90
49 49 49 67 67 49 10 10 10 10 90 90 90 90 62 62 62 62 62 62 62 62 62 62 62 62 90 90 90 90 90 90 90 90 90 90 90 90 90 90 90 90 90 90 90 90 90 90 90 90 90 90 90 90 90 90
49 49 49 67 67 49 10 10 10 10 90 90 90 90 90 90 90 90 90 90 90 90 90 90 90 90 90 90 90 90 90 90 90 90 90 90 90 90 90 90 90 90 90 90 90 90 90 90 90 90 90 90 90 90
49 49 49 67 67 49 10 10 10 10 90 90 90 72 71 71 71 71 23 23 23 23 23 23 23 23 72 72 90 90 90 90 90 90 90 90 90 90 90 90 90 90 90 90 90 90 90
49 49 49 67 67 49 10 10 10 10 90 90 90 50 68 68 68 68 7 7 7 7 7 7 7 7 50 90 90 90 90 90 90 90 90 90 90 90 90 90 90 90
49 49 49 67 67 49 10 10 10 10 90 90 90 90 62 62 62 62 62 62 62 62 62 62 62 62 90 90 90 90 90 90 90 90 90 90 90 90 90 90 90 90 90
49 49 49 67 67 49 10 10 10 10 90 90 90 50 68 68 68 68 7 7 7 7 7 7 7 7 50 90 90 90 90 90 90 90 90 90 90 90 90 90 90 90 90 90
49 49 49 67 67 49 10 10 10 10 90 90 90 50 68 68 68 68 7 7 7 7 7 7 7 7 50 90 90 90 90 90 90 90 90 90 90 90 90 90 90 90
49 49 49 67 67 49 10 10 10 10 90 90 90 41 40 40 40 40 74 74 74 74 74 74 74 74 90 90 90 90 90 90 90 90 90 90 90 90 90 90 90
49 49 49 67 67 49 10 10 10 10 90 90 90 72 71 71 71 71 23 23 23 23 23 23 23 23 72 72 90 90 90 90 90 90 90 90 90 90 90 90 90 90 90 90 90
49 49 49 67 67 49 10 10 10 10 90 90 90 90 90 90 90 90 90 90 90 90
49 49 49 67 67 49 10 10 10 10 90 90 62 62 62 62 62 62 90 90 90 90 90 90 90 90 90 90 90 90 90 90 90 90 90 90 90 90 90 90 90 90 90 90 90 90 90 90 90 90 90 90 90 90
49 49 49 67 67 49 10 10 10 10 90 90 62 62 62 62 62 62 90 90 90 90 90 90 90 90 90 90 90 90 90 90 90 90 90 90 90 90 90 90 90 90 90 90 90 90 90 90 90 90
49 49 49 67 67 49 10 10 10 10 90 90 62 62 62 62 62 62 90 90 90 90 90 90 90 90 90 90 90 90 90 90 90 90 90 90 90 90 90 90 90 90 90 90 90 90 90 90 90 90 90 90 90 90 90 90 90
49 49 49 67 67 49 10 10 10 10 90 90 62 62 62 62 62 62 90 90 90 90 90 90 90 90 90 90 90 90 90 90 90 90 90 90 90 90 90 90 90 90 90 90 90 90 90 90 90 90 90 90 90 90
49 49 49 67 67 49 10 10 10 10 90 90 62 62 62 62 62 62 90 90 90 90 90 90 90 90 90 90 90 90 90 90 90 90 90 90 90 90 90 90 90 90 90 90 90 90 90 90 90 90 90 90 90 90 90 90 90
49 49 49 67 67 49 10 10 10 10 90 62 62 62 62 62 62 90 90 90 90 90 90 90 90 90 90 90 90 90 90 90 90 90 90 90 90 90 90 90 90 90 90 90
49 49 49 67 67 49 10 10 10 10 90 62 62 62 62 62 62 90 90 90 90 90 90 90 90 90 90 90 90 90 90 90 90 90 90 90 90 90 90 90 90 90 90
49 49 49 67 67 49 10 10 10 10 90 62 62 62 62 62 62 90 90 90 90 90 90 90 90 90 90 90 90 90 90 90 90 90 90 90 90 90 90 90 90 90 90 90 90 90 90
49 49 49 67 67 49 10 10 10 10 90 62 62 62 62 62 62 90 90 90 90 90 90 90 90 90 90 90 90 90 90 90 90 90 90 90 90 90 90 90 90 90 90 90 90 90 90 90 90 90
49 49 49 67 67 49 10 10 10 10 90 62 62 62 62 62 62 90 90 90 90 90 90 90 90 90 90 90 90 90 90 90 90 90 90 90 90 90 90 90 90 90 90
49 49 49 67 67 49 10 10 10 10 90 62 62 62 62 62 62 90 90 90 90 90 90 90 90 90 90 90 90 90 90 90 90 90 90 90 90 90 90 90 90 90 90 90 90 90
49 49 49 67 67 49 10 10 10 10 90 62 62 62 62 62 62 90 90 90 90 90 90 90 90 90 90 90 90 90 90 90 90 90 90 90 90 90 90 90 90 90 90 90 90 90 90 90 90
49 49 49 67 67 49 10 10 10 10 90 62 62 62 62 62 62 90 90 90 90 90 90 90 90 90 90 90 90 90 90 90 90 90 90 90 90 90 90 90 90 90 90 90 90 90 90
49 49 49 67 67 49 10 10 10 10 90 62 62 62 62 62 62 90 90 90 90 90 90 90 90 90 90 90 90 90 90 90 90 90 90 90 90 90 90 90 90 90 90 90 90 90 90 90 90 90
49 49 49 67 67 49 10 10 10 10 90 62 62 62 62 62 62 90 90 90 90 90 90 90 90 90 90 90 90 90 90 90 90 90 90 90 90 90 90 90 90 90 90 90 90 90 90 90 90 90 90 90 90
49 49 49 67 67 49 10 10 10 10 90 62 62 62 62 62 62 90 90 90 90 90 90 90 90 90 90 90 90 90 90 90 90 90 90 90 90 90 90 90 90 90 90 90 90 90 90 90 90 90
49 49 49 67 67 49 10 10 10 10 90 90 62 62 62 62 62 62 90 90 90 90 90 90 90 90 90 90 90 90 90 90 90 90 90 90 90 90 90 90 90 90 90
49 49 49 67 67 49 10 10 10 10 90 90 62 62 62 62 62 62 90 90 90 90 90 90 90 90 90 90 90 90 90 90 90 90 90 90 90 90 90 90 90 90 90 90 90 90 90
49 49 49 67 67 49 10 10 10 10 90 90 62 62 62 62 62 62 90 90 90 90 90 90 90 90 90 90 90 90 90 90 90 90 90 90 90 90 90 90 90 90 90 90 90 90 90 90 90 90
49 49 49 67 67 49 10 10 10 10 90 90 49 49 49 49 67 67 90 90 10 10 10 10 90 90 90 90 90 90 90 90 90 90 90 90 90 90 90 90 90
49 49 49 67 67 49 10 10 10 10 90 90 62 62 62 62 62 62 90 90 90 90 90 90 90 90 90 90 90 90 90 90 90 90 90
49 49 49 67 67 49 10 10 10 10 90 90 62 62 62 62 62 62 90 90 90 90 90 90 90 90 90 90 90 90 90 90 90 90 90 90 90 90
49 49 49 67 67 49 10 10 10 10 90 62 62 62 62 62 62 90 90 90 90 90 90 90 90 90 90 90 90 90 90 90 90 90 90 90 90 90 90 90 90 90 90
49 49 49 67 67 49 10 10 10 10 90 62 62 62 62 62 62 90 90 90 90 90 90 90 90 90 90 90 90 90 90 90 90 90 90 90 90 90 90 90 90 90 90
49 49 49 67 67 49 10 10 10 10 90 62 62 62 62 62 62 90 90 90 90 90 90 90 90 90 90 90 90 90 90 90 90 90 90 90 90 90 90 90 90 90 90
49 49 49 67 67 49 10 10 10 10 90 62 62 62 62 62 62 90 90 90 90 90 90 90 90 90 90 90 90 90 90 90 90 90 90
49 49 49 67 67 49 10 10 10 10 90 62 62 62 62 62 62 90 90 90 90 90 90 90 90 90 90 90 90 90 90 90 90 90 90 90 90 90 90 90 90 90 90 90 90 90 90
49 49 49 67 67 49 10 10 10 10 90 62 62 62 62 62 62 90 90 90 90 90 90 90 90 90 90 90 90 90 90 90 90 90 90 90 90 90 90 90 90 90 90 90 90 90 90
49 49 49 67 67 49 10 10 10 10 90 62 62 62 62 62 62 90 90 90 90 90 90 90 90 90 90 90 90 90 90 90 90 90 90 90 90 90 90 90 90 90 90 90 90 90 90
49 49 49 67 67 49 10 10 10 10 90 62 62 62 62 62 62 90 90 90 90 90 90 90 90 90 90 90 90 90 90 90 90 90 90 90 90 90 90 90 90 90 90 90 90 90 90
49 49 49 67 67 49 10 10 10 10 90 49 67 67 49 49 49 90 90 90 10 10 10 10 90 90 90 90 90 90 90 90 90 90 90 90 90 90 90 90 90
49 49 49 67 67 49 10 10 10 10 90 62 62 62 62 62 62 90 90 90 90 90 90 90 90 90 90 90 90 90 90 90 90 90 90 90
49 49 49 67 67 49 10 10 10 10 90 62 62 62 62 62 62 90 90 90 90 90 90 90 90 90 90 90 90 90 90 90 90 90 90 90
49 49 49 67 67 49 10 10 10 10 90 62 62 62 62 62 62 90 90 90 90 90 90 90 90 90 90 90 90 90 90 90 90 90 90 90 90 90 90 90 90 90 90 90 90 90 90 90
49 49 49 67 67 49 10 10 10 10 90 62 62 62 62 62 62 90 90 90 90 90 90 90 90 90 90 90 90 90 90 90 90 90 90 90 90 90 90 90 90 90 90 90
49 49 49 67 67 49 10 10 10 10 90 62 62 62 62 62 62 90 90 90 90 90 90 90 90 90 90 90 90 90 90 90 90 90 90 90 90 90 90 90 90 90 90 90 90 90 90 90
49 49 49 67 67 49 10 10 10 10 90 62 62 62 62 62 62 90 90 90 90 90 90 90 90 90 90 90 90 90 90 90 90 90 90 90 90 90 90 90 90 90 90 90
49 49 49 67 67 49 10 10 10 10 90 90 62 62 62 62 62 62 90 90 90 90 90 90 90 90 90 90 90 90 90 90 90 90 90 90 90 90 90 90 90 90 90 90 90 90 90
49 49 49 67 67 49 10 10 10 10 90 90 62 62 62 62 62 62 90 90 90 90 90 90 90 90 90 90 90 90 90 90 90 90 90 90 90 90 90 90 90 90 90 90 90 90 90
49 49 49 67 67 49 10 10 10 10 90 62 62 62 62 62 62 90 90 90 90 90 90 90 90 90 90 90 90 90 90 90 90 90 90 90 90 90 90 90 90 90 90 90 90 90
49 49 49 67 67 49 10 10 10 10 90 62 62 62 62 62 62 90 90 90 90 90 90 90 90 90 90 90 90 90 90 90 90 90 90 90 90 90 90 90 90 90 90 90 90 90
49 49 49 67 67 49 10 10 10 10 90 62 62 62 62 62 62 90 90 90 90 90 90 90 90 90 90 90 90 90 90 90 90 90 90 90 90 90 90 90 90 90 90 90 90 90
49 49 49 67 67 49 10 10 10 10 90 62 62 62 62 62 62 90 90 90 90 90 90 90 90 90 90 90 90 90 90 90 90 90 90 90 90 90 90 90 90 90 90 90 90 90 90 90 90 90
49 49 49 67 67 49 10 10 10 10 90 49 67 67 49 49 49 90 90 90 10 10 10 10 90 90 90 90 90 90 90 90 90 90 90 90 90 90 90 90 90 90 90 90
49 49 49 67 67 49 10 10 10 10 90 62 62 62 62 62 62 90 90 90 90 90 90 90 90 90 90 90 90 90 90 90 90 90 90 90 90 90 90 90 90 90 90 90
49 49 49 67 67 49 10 10 10 10 90 62 62 62 62 62 62 90 90 90 90 90 90 90 90 90 90 90 90 90 90 90 90 90 90 90 90 90 90
49 49 49 67 67 49 10 10 10 10 90 90 62 62 62 62 62 62 90 90 90 90 90 90 90 90 90 90 90 90 90 90 90 90 90
49 49 49 67 67 49 10 10 10 10 90 90 62 62 62 62 62 62 90 90 90 90 90 90 90 90 90 90 90 90 90 90 90 90 90 90 90 90
49 49 49 67 67 49 10 10 10 10 90 90 90 90 90 90 90 90 90 90 90 90 90
49 49 49 67 67 49 10 10 10 10 90 90 90 90 90 90 90 90 90 90 90 90 90
49 49 49 67 67 49 10 10 10 10 90 90 90 90 90 90 90 90 90 90
49 49 49 67 67 49 10 10 10 10 90 90 90 90 90 90 90 90 90 90
49 49 49 67 67 49 10 10 10 10 90 90 90 90 90 90 90 90 90 90
49 49 49 67 67 49 10 10 10 10 90 90 90 90 90 90 90 90 90 90
49 49 49 67 67 49 10 10 10 10 90 90 90 90 90 90 90 90 90 90 90 90 90 90
49 49 49 67 67 49 10 10 10 10 90 90 90 90 90 90 90 90 90 90 90 90 90 90 90 90 90
49 49 49 67 67 49 10 10 10 10 90 90 90 90 90 90 90 90 90 90 90 90 90 90 90 90 90 90 90 90
49 49 49 67 67 49 10 10 10 10 90 90 90 90 90 90 90 90 90 90 90 90 90 90 90 90 90
49 49 49 67 67 49 10 10 10 10 90 90 90 90 90 90 90 90 90 90 90 90 90 90 90 90 90 90 90 90
49 49 49 67 67 49 10 10 10 10 90 90 90 90 90 90 90 90 90 90 90 90 90 90 90 90 90 90 90 90 90 90 90
49 49 49 67 67 49 10 10 10 10 90 90 90 90 90 90 90 90 90 90 90 90 90 90
49 49 49 67 67 49 10 10 10 10 90 90 90 90 90 90 90 90 90 90 90 90 90
49 49 49 67 67 49 10 10 10 10 90 90 90 90 90 90 90 90 90 90 90 90 90
49 49 49 67 67 49 10 10 10 10 90 90 90 90 90 90 90 90 90 90
49 49 49 67 67 49 10 10 10 10 90 90 90 90 90 90 90 90 90 90
49 49 49 67 67 49 10 10 10 10 90 90 90 90 90 90 90 90 90 90
49 49 49 67 67 49 10 10 10 10 90 90 90 90 90 90 90 90 90 90
49 49 49 67 67 49 10 10 10 10 90 90 90 90 90 90 90 90 90 90 90 90 90 90
49 49 49 67 67 49 10 10 10 10 90 90 90 90 90 90 90 90 90 90 90 90 90
49 49 49 67 67 49 10 10 10 10 90 90 90 90 90 90 90 90 90 90 90 90 90
49 49 49 67 67 49 10 10 10 10 90 90 90 90 90 90 90 90 90 90
49 49 49 67 67 49 10 10 10 10 90 90 90 90 90 90 90 90 90 90
49 49 49 67 67 49 10 10 10 10 90 90 90 90 90 90 90 90 90 90
49 49 49 67 67 49 10 10 10 10 90 90 90 90 90 90 90 90 90 90
49 49 49 67 67 49 10 10 10 10 90 90 90 90 90 90 90 90 90 90
49 49 49 67 67 49 10 10 10 10 90 90 90 90 90 90 90 90 90 90 90 90 90 90 90 90
49 49 49 67 67 49 10 10 10 10 90 90 90 90 62 62 62 62 62 62 90 90 90 90 90 90 90 90 90 90 90 90
49 49 49 67 67 49 10 10 10 10 90 90 90 90 62 62 62 62 62 62 90 90 90 90 90 90 90 90 90 90 90 90 90 90
49 49 49 67 67 49 10 10 10 10 90 90 90 90 62 62 62 62 62 62 90 90 90 90 90 90 90 90 90 90 90 90 90 90 90 90
49 49 49 67 67 49 10 10 10 10 90 90 90 90 62 62 62 62 62 62 90 90 90 90 90 90 90 90 90 90 90 90 90 90 90 90 90 90 90 90 90 90 90
49 49 49 67 67 49 10 10 10 10 90 90 90 90 62 62 62 62 62 62 90 90 90 90 90 90 90 90 90 90 90 90 90 90 90 90 90 90 90 90 90 90 90 90 90 90
49 49 49 67 67 49 10 10 10 10 90 90 90 90 62 62 62 62 62 62 90 90 90 90 90 90 90 90 90 90 90 90 90 90 90 90 90 90 90 90 90 90 90 90
49 49 49 67 67 49 10 10 10 10 90 90 90 90 62 62 62 62 62 62 90 90 90 90 90 90 90 90 90 90 90 90 90 90 90 90 90 90 90 90
49 49 49 67 67 49 10 10 10 10 90 90 90 90 62 62 62 62 62 62 90 90 90 90 90 90 90 90 90 90 90 90 90 90 90 90 90 90 90 90 90 90 90 90 90 90 90
49 49 49 67 67 49 10 10 10 10 90 90 90 90 62 62 62 62 62 62 90 90 90 90 90 90 90 90 90 90 90 90 90 90 90 90 90 90 90 90 90 90 90 90 90 90 90 90 90 90
49 49 49 67 67 49 10 10 10 10 90 90 90 90 62 62 62 62 62 62 90 90 90 90 90 90 90 90 90 90 90 90 90 90 90 90 90 90 90 90 90 90 90 90 90 90 90 90
49 49 49 67 67 49 90 90 10 10 10 10 90 72 71 71 72 72 71 71 23 23 23 23 23 23 23 23 90 90 90 90 90 90 90 90 90 90 90 90 90 90 90 90 90 90 90
49 49 49 67 67 49 90 90 10 10 10 10 90 72 71 71 72 72 71 71 23 23 23 23 23 23 23 23 90 90 90 90 90 90 90 90 90 90 90 90 90 90 90 90 90 90 90 90 90
49 49 49 67 67 49 10 10 10 10 90 90 90 90 90 90 90 90 90 90 90 90 90
49 49 49 67 67 49 10 10 10 10 90 90 90 90 90 90 90 90 90 90 90 90 90 90
49 49 49 67 67 49 10 10 10 10 90 90 62 62 62 62 62 62 90 90 90 90 90 90 90 90 90 90 90 90 90 90 90 90 90 90 90 90 90 90 90 90 90 90 90 90 90 90 90 90 90
49 49 49 67 67 49 10 10 10 10 90 90 62 62 62 62 62 62 90 90 90 90 90 90 90 90 90 90 90 90 90 90 90 90 90 90 90 90 90 90 90 90 90 90 90 90 90 90 90 90 90 90 90 90
49 49 49 67 67 49 10 10 10 10 90 90 62 62 62 62 62 62 90 90 90 90 90 90 90 90 90 90 90 90 90 90 90 90 90 90 90 90 90 90 90 90 90 90 90 90 90 90 90 90 90 90 90
49 49 49 67 67 49 10 10 10 10 90 90 62 62 62 62 62 62 90 90 90 90 90 90 90 90 90 90 90 90 90 90 90 90 90 90 90 90 90 90 90 90 90 90 90 90 90
49 49 49 67 67 49 10 10 10 10 90 90 62 62 62 62 62 62 90 90 90 90 90 90 90 90 90 90 90 90 90 90 90 90 90 90 90 90 90 90 90 90 90 90 90 90 90 90 90 90
49 49 49 67 67 49 10 10 10 10 90 90 62 62 62 62 62 62 90 90 90 90 90 90 90 90 90 90 90 90 90 90 90 90 90 90 90 90 90 90 90 90 90 90 90 90 90 90 90 90 90 90 90
49 49 49 67 67 49 10 10 10 10 90 90 62 62 62 62 62 62 90 90 90 90 90 90 90 90 90 90 90 90 90 90 90 90 90 90 90 90 90 90 90 90 90 90 90 90 90 90 90 90 90 90 90
49 49 49 67 67 49 10 10 10 10 90 90 62 62 62 62 62 62 90 90 90 90 90 90 90 90 90 90 90 90 90 90 90 90 90 90 90 90 90 90 90 90 90 90 90 90 90 90 90 90 90 90 90 90 90 90
49 49 49 67 67 49 10 10 10 10 90 90 62 62 62 62 62 62 90 90 90 90 90 90 90 90 90 90 90 90 90 90 90 90 90 90 90 90 90
49 49 49 67 67 49 10 10 10 10 90 90 62 62 62 62 62 62 90 90 90 90 90 90 90 90 90 90 90 90 90 90 90 90 90 90 90 90 90 90 90 90
49 49 49 67 67 49 10 10 10 10 90 90 62 62 62 62 62 62 90 90 90 90 90 90 90 90 90 90 90 90 90 90 90 90 90 90 90 90 90
49 49 49 67 67 49 10 10 10 10 90 90 62 62 62 62 62 62 90 90 90 90 90 90 90 90 90 90 90 90 90 90 90 90 90 90 90 90 90
49 49 49 67 67 49 10 10 10 10 90 90 62 62 62 62 62 62 90 90 90 90 90 90 90 90 90 90 90 90 90 90 90 90 90 90 90 90 90
49 49 49 67 67 49 10 10 10 10 90 90 62 62 62 62 62 62 90 90 90 90 90 90 90 90 90 90 90 90 90 90 90 90 90 90 90 90 90 90 90 90
49 49 49 67 67 49 10 10 10 10 90 90 62 62 62 62 62 62 90 90 90 90 90 90 90 90 90 90 90 90 90 90 90 90 90 90 90 90 90
49 49 49 67 67 49 10 10 10 10 90 90 62 62 62 62 62 62 90 90 90 90 90 90 90 90 90 90 90 90 90 90 90 90 90 90 90 90 90 90 90 90 90 90 90 90 90 90 90 90 90 90 90 90
49 49 49 67 67 49 10 10 10 10 90 90 62 62 62 62 62 62 90 90 90 90 90 90 90 90 90 90 90 90 90 90 90 90 90 90 90 90 90 90 90 90 90 90 90 90 90 90 90 90 90 90 90 90 90 90 90
49 49 49 67 67 49 10 10 10 10 90 82 81 86 86 86 86 81 90 90 82 82 90 90 90 90 90 90 90 90 90 90 90 90 90 90 90 90 90 90 90 90 90
49 49 49 67 67 49 10 10 10 10 90 90 49 49 49 49 67 67 90 90 10 10 10 10 90 90 90 90 90 90 90 90 90 90 90 90 90 90 90 90 90 90 90 90 90
49 49 49 67 67 49 10 10 10 10 90 90 49 49 49 49 67 67 90 90 10 10 10 10 90 90 90 90 90 90 90 90 90 90 90 90 90 90 90 90 90 90 90 90 90 90 90 90
49 49 49 67 67 49 10 10 10 10 90 62 62 62 62 62 62 90 90 90 90 90 90 90 90 90 90 90 90 90 90 90 90 90 90 90 90
49 49 49 67 67 49 10 10 10 10 90 62 62 62 62 62 62 90 90 90 90 90 90 90 90 90 90 90 90 90 90 90 90 90 90 90 90 90 90 90
49 49 49 67 67 49 10 10 10 10 90 62 62 62 62 62 62 90 90 90 90 90 90 90 90 90 90 90 90 90 90 90 90 90 90 90 90 90 90 90
49 49 49 67 67 49 10 10 10 10 90 62 62 62 62 62 62 90 90 90 90 90 90 90 90 90 90 90 90 90 90 90 90 90 90 90 90 90 90 90 90
49 49 49 67 67 49 10 10 10 10 90 62 62 62 62 62 62 90 90 90 90 90 90 90 90 90 90 90 90 90 90 90 90 90 90 90 90 90 90 90 90
49 49 49 67 67 49 10 10 10 10 90 62 62 62 62 62 62 90 90 90 90 90 90 90 90 90 90 90 90 90 90 90 90 90 90 90 90 90 90 90 90
49 49 49 67 67 49 10 10 10 10 90 62 62 62 62 62 62 90 90 90 90 90 90 90 90 90 90 90 90 90 90 90 90 90 90 90 90 90 90 90
49 49 49 67 67 49 10 10 10 10 90 62 62 62 62 62 62 90 90 90 90 90 90 90 90 90 90 90 90 90 90 90 90 90 90 90 90 90 90 90 90
49 49 49 67 67 49 10 10 10 10 90 62 62 62 62 62 62 90 90 90 90 90 90 90 90 90 90 90 90 90 90 90 90 90 90 90 90 90 90 90 90
49 49 49 67 67 49 10 10 10 10 90 62 62 62 62 62 62 90 90 90 90 90 90 90 90 90 90 90 90 90 90 90 90 90 90 90 90 90 90 90 90 90 90 90 90
49 49 49 67 67 49 10 10 10 10 90 62 62 62 62 62 62 90 90 90 90 90 90 90 90 90 90 90 90 90 90 90 90 90 90 90 90 90 90 90 90 90 90 90 90
49 49 49 67 67 49 10 10 10 10 90 62 62 62 62 62 62 90 90 90 90 90 90 90 90 90 90 90 90 90 90 90 90 90 90 90 90 90 90 90 90 90 90 90 90 90 90 90 90
49 49 49 67 67 49 10 10 10 10 90 62 62 62 62 62 62 90 90 90 90 90 90 90 90 90 90 90 90 90 90 90 90 90 90 90 90
49 49 49 67 67 49 10 10 10 10 90 90 90 90 90 90 90 90 90 90 90 90 90 90 90 90 90 90 90 90
49 49 49 67 67 49 10 10 10 10 90 90 90 90 90 90 90 90 90 90 90 90 90 90 90 90 90 90 90 90 90 90 90 90 90 90
49 49 49 67 67 49 10 10 10 10 62 90 90 62 62 62 62 62 90 90 90 90 90 90 90 90 90 90 90 90 90 90 90 90
49 49 49 67 67 49 10 10 10 10 90 90 90 42 42 42 42 42 90 90 90 90 90 90 90 90 90 90 90 90 90 90 90 90
49 49 49 67 67 49 10 10 10 10 90 90 90 42 42 42 42 42 90 90 90 90 90 90 90 90 90 90 90 90 90 90 90 90
49 49 49 67 67 49 10 10 10 10 90 90 90 42 42 42 42 42 90 90 90 90 90 90 90 90 90 90 90 90 90 90 90 90 90 90 90 90
49 49 49 67 67 49 10 10 10 10 90 90 62 62 62 62 62 62 90 90 90 90 90 90 90 90 90 90 90 90 90 90 90
49 49 49 67 67 49 10 10 10 10 90 90 49 49 49 49 67 67 90 90 10 10 10 10 90 90 90 90 90 90 90 90 90 90 90 90 90 90 90
49 49 49 67 67 49 10 10 10 10 90 90 49 49 49 67 67 49 90 90 10 10 10 10 90 90 90 90 90 90 90 90 90 90 90 90 90 90 90
49 49 49 67 67 49 10 10 10 10 90 90 62 62 62 62 62 62 90 90 90 90 90 90 90 90 90 90 90 90 90 90 90 90 90 90 90 90 90 90 90 90
49 49 49 67 67 49 10 10 10 10 90 90 62 62 62 62 62 62 90 90 90 90 90 90 90 90 90 90 90 90 90 90 90 90 90 90 90 90 90 90 90 90 90 90 90 90
49 49 49 67 67 49 10 10 10 10 90 90 62 62 62 62 62 62 90 90 90 90 90 90 90 90 90 90 90 90 90 90 90 90 90 90 90 90 90 90 90 90 90 90 90 90 90 90 90
49 49 49 67 67 49 10 10 10 10 90 90 62 62 62 62 62 62 90 90 90 90 90 90 90 90 90 90 90 90 90 90 90 90 90 90 90
49 49 49 67 67 49 10 10 10 10 90 90 62 62 62 62 62 62 90 90 90 90 90 90 90 90 90 90 90 90 90 90 90 90 90 90 90
49 49 49 67 67 49 10 10 10 10 90 90 62 62 62 62 62 62 90 90 90 90 90 90 90 90 90 90 90 90 90 90 90 90 90 90 90
49 49 49 67 67 49 10 10 10 10 90 90 62 62 62 62 62 62 90 90 90 90 90 90 90 90 90 90 90 90 90 90 90
49 49 49 67 67 49 10 10 10 10 90 90 62 62 62 62 62 62 90 90 90 90 90 90 90 90 90 90 90 90 90 90 90 90
49 49 49 67 67 49 10 10 10 10 90 90 62 62 62 62 62 62 90 90 90 90 90 90 90 90 90 90 90 90 90 90 90 90 90 90 90
49 49 49 67 67 49 10 10 10 10 90 90 62 62 62 62 62 62 90 90 90 90 90 90 90 90 90 90 90 90 90 90 90 90 90 90 90 90
49 49 49 67 67 49 10 10 10 10 90 90 62 62 62 62 62 62 90 90 90 90 90 90 90 90 90 90 90 90 90 90 90 90 90 90 90 90 90 90 90
49 49 49 67 67 49 10 10 10 10 90 90 62 62 62 62 62 62 90 90 90 90 90 90 90 90 90 90 90 90 90 90 90 90 90 90 90 90
49 49 49 67 67 49 10 10 10 10 90 90 62 62 62 62 62 62 90 90 90 90 90 90 90 90 90 90 90 90 90 90 90 90 90 90 90 90 90 90 90
49 49 49 67 67 49 10 10 10 10 90 90 62 62 62 62 62 62 90 90 90 90 90 90 90 90 90 90 90 90 90 90 90 90 90 90 90 90
49 49 49 67 67 49 10 10 10 10 90 90 62 62 62 62 62 62 90 90 90 90 90 90 90 90 90 90 90 90 90 90 90 90 90 90 90 90 90 90 90
49 49 49 67 67 49 10 10 10 10 90 90 62 62 62 62 62 62 90 90 90 90 90 90 90 90 90 90 90 90 90 90 90 90
49 49 49 67 67 49 10 10 10 10 90 90 62 62 62 62 62 62 90 90 90 90 90 90 90 90 90 90 90 90 90 90 90 90 90 90 90
49 49 49 67 67 49 10 10 10 10 90 90 62 62 62 62 62 62 90 90 90 90 90 90 90 90 90 90 90 90 90 90 90 90
49 49 49 67 67 49 10 10 10 10 90 90 62 62 62 62 62 62 90 90 90 90 90 90 90 90 90 90 90 90 90 90 90 90 90 90 90 90 90 90 90 90
49 49 49 67 67 49 10 10 10 10 90 90 62 62 62 62 62 62 90 90 90 90 90 90 90 90 90 90 90 90 90 90 90 90 90 90 90 90 90 90 90 90 90 90 90
49 49 49 67 67 49 10 10 10 10 90 90 62 62 62 62 62 62 90 90 90 90 90 90 90 90 90 90 90 90 90 90 90 90 90 90 90 90 90 90 90 90
49 49 49 67 67 49 10 10 10 10 90 90 62 62 62 62 62 62 90 90 90 90 90 90 90 90 90 90 90 90 90 90 90 90 90 90 90 90 90 90 90 90 90 90 90
49 49 49 67 67 49 10 10 10 10 90 90 62 62 62 62 62 62 90 90 90 90 90 90 90 90 90 90 90 90 90 90 90 90 90 90 90 90 90 90 90 90
49 49 49 67 67 49 10 10 10 10 90 90 62 62 62 62 62 62 90 90 90 90 90 90 90 90 90 90 90 90 90 90 90 90 90 90 90 90 90 90 90 90 90 90 90
49 49 49 67 67 49 10 10 10 10 90 90 62 62 62 62 62 62 90 90 90 90 90 90 90 90 90 90 90 90 90 90 90 90
49 49 49 67 67 49 10 10 10 10 90 90 62 62 62 62 62 62 90 90 90 90 90 90 90 90 90 90 90 90 90 90 90 90 90 90 90
49 49 49 67 67 49 10 10 10 10 90 90 62 62 62 62 62 62 90 90 90 90 90 90 90 90 90 90 90 90 90 90 90 90
49 49 49 67 67 49 10 10 10 10 90 90 62 62 62 62 62 62 90 90 90 90 90 90 90 90 90 90 90 90 90 90 90 90 90 90 90
49 49 49 67 67 49 10 10 10 10 90 90 62 62 62 62 62 62 90 90 90 90 90 90 90 90 90 90 90 90 90 90 90 90
49 49 49 67 67 49 10 10 10 10 90 90 62 62 62 62 62 62 90 90 90 90 90 90 90 90 90 90 90 90 90 90 90 90 90 90 90
49 49 49 67 67 49 10 10 10 10 90 90 62 62 62 62 62 62 90 90 90 90 90 90 90 90 90 90 90 90 90 90 90 90
49 49 49 67 67 49 10 10 10 10 90 90 62 62 62 62 62 62 90 90 90 90 90 90 90 90 90 90 90 90 90 90 90 90 90 90 90
49 49 49 67 67 49 10 10 10 10 90 90 62 62 62 62 62 62 90 90 90 90 90 90 90 90 90 90 90 90 90 90 90 90 90 90 90 90 90 90 90 90 90 90 90 90
49 49 49 67 67 49 10 10 10 10 90 90 62 62 62 62 62 62 90 90 90 90 90 90 90 90 90 90 90 90 90 90 90 90
49 49 49 67 67 49 10 10 10 10 90 90 62 62 62 62 62 62 90 90 90 90 90 90 90 90 90 90 90 90 90 90 90 90 90 90 90
49 49 49 67 67 49 10 10 10 10 90 90 62 62 62 62 62 62 90 90 90 90 90 90 90 90 90 90 90 90 90 90 90 90
49 49 49 67 67 49 10 10 10 10 90 90 62 62 62 62 62 62 90 90 90 90 90 90 90 90 90 90 90 90 90 90 90 90 90 90 90
49 49 49 67 67 49 10 10 10 10 90 90 49 49 49 49 67 67 90 90 10 10 10 10 90 90 90 90 90 90 90 90 90 90 90 90 90 90 90
49 49 49 67 67 49 10 10 10 10 90 90 49 49 49 67 67 49 90 90 10 10 10 10 90 90 90 90 90 90 90 90 90 90 90 90 90 90 90
49 49 49 67 67 49 10 10 10 10 90 90 49 49 49 49 67 67 90 90 10 10 10 10 90 90 90 90 90 90 90 90 90 90 90 90 90 90 90 90
49 49 49 67 67 49 10 10 10 10 90 90 49 49 49 67 67 49 90 90 10 10 10 10 90 90 90 90 90 90 90 90 90 90 90 90 90 90 90 90
49 49 49 67 67 49 10 10 10 10 90 90 49 49 49 49 67 67 90 90 10 10 10 10 90 90 90 90 90 90 90 90 90 90 90 90 90 90 90 90 90 90 90
49 49 49 67 67 49 10 10 10 10 90 90 49 49 49 67 67 49 90 90 10 10 10 10 90 90 90 90 90 90 90 90 90 90 90 90 90 90 90 90 90 90 90
49 49 49 67 67 49 10 10 10 10 90 90 62 62 62 62 62 62 90 90 90 90 90 90 90 90 90 90 90 90 90 90 90 90 90 90 90 90 90
49 49 49 67 67 49 10 10 10 10 90 90 62 62 62 62 62 62 90 90 90 90 90 90 90 90 90 90 90 90 90 90 90 90 90 90 90 90 90 90 90 90
49 49 49 67 67 49 10 10 10 10 90 90 62 62 62 62 62 62 90 90 90 90 90 90 90 90 90 90 90 90 90 90 90 90 90 90 90 90 90 90 90
49 49 49 67 67 49 10 10 10 10 90 90 62 62 62 62 62 62 90 90 90 90 90 90 90 90 90 90 90 90 90 90 90 90 90 90 90 90 90 90 90 90
49 49 49 67 67 49 10 10 10 10 90 90 62 62 62 62 62 62 90 90 90 90 90 90 90 90 90 90 90 90 90 90 90 90 90 90 90 90 90 90 90
49 49 49 67 67 49 10 10 10 10 90 90 90 62 62 62 62 62 62 90 90 90 90 90 90 90 90 90 90 90 90 90 90 90
49 49 49 67 67 49 10 10 10 10 90 90 90 62 62 62 62 62 62 90 90 90 90 90 90 90 90 90 90 90 90 90 90 90
49 49 49 67 67 49 10 10 10 10 90 90 90 62 62 62 62 62 62 90 90 90 90 90 90 90 90 90 90 90 90 90 90 90 90 90 90 90
49 49 49 67 67 49 10 10 10 10 90 90 62 62 62 62 62 62 90 90 90 90 90 90 90 90 90 90 90 90 90 90 90 90 90 90
49 49 49 67 67 49 10 10 10 10 90 90 62 62 62 62 62 62 90 90 90 90 90 90 90 90 90 90 90 90 90 90 90 90 90 90
49 49 49 67 67 49 10 10 10 10 90 90 62 62 62 62 62 62 90 90 90 90 90 90 90 90 90 90 90 90 90 90 90 90 90 90 90 90 90 90
49 49 49 67 67 49 10 10 10 10 90 90 90 62 62 62 62 62 62 90 90 90 90 90 90 90 90 90 90 90 90 90 90 90 90
49 49 49 67 67 49 10 10 10 10 90 90 90 62 62 62 62 62 62 90 90 90 90 90 90 90 90 90 90 90 90 90 90 90 90
49 49 49 67 67 49 10 10 10 10 90 90 90 62 62 62 62 62 62 90 90 90 90 90 90 90 90 90 90 90 90 90 90 90 90 90 90 90 90
49 49 49 67 67 49 10 10 10 10 90 90 90 62 62 62 62 62 62 90 90 90 90 90 90 90 90 90 90 90 90 90 90 90 90 90 90 90
49 49 49 67 67 49 10 10 10 10 90 90 90 62 62 62 62 62 62 90 90 90 90 90 90 90 90 90 90 90 90 90 90 90 90 90 90 90 90 90 90 90
49 49 49 67 67 49 10 10 10 10 90 90 90 62 62 62 62 62 62 90 90 90 90 90 90 90 90 90 90 90 90 90 90 90 90 90 90 90 90
49 49 49 67 67 49 10 10 10 10 90 90 90 62 62 62 62 62 62 90 90 90 90 90 90 90 90 90 90 90 90 90 90 90 90 90 90 90 90 90 90 90
49 49 49 67 67 49 10 10 10 10 90 90 90 62 62 62 62 62 62 90 90 90 90 90 90 90 90 90 90 90 90 90 90 90 90 90 90 90 90 90 90 90 90
49 49 49 67 67 49 10 10 10 10 90 90 90 62 62 62 62 62 62 90 90 90 90 90 90 90 90 90 90 90 90 90 90 90 90 90 90 90 90 90 90 90 90 90 90 90
49 49 49 67 67 49 10 10 10 10 90 90 90 49 49 49 49 67 67 10 10 10 10 90 90 90 90 90 90 90 90 90 90 90 90 90 90 90 90 90
49 49 49 67 67 49 10 10 10 10 90 90 90 49 49 49 67 67 49 10 10 10 10 90 90 90 90 90 90 90 90 90 90 90 90 90 90
49 49 49 67 67 49 10 10 10 10 90 90 90 49 49 49 67 67 49 10 10 10 10 90 90 90 90 90 90 90 90 90 90 90 90 90 90 90 90 90
49 49 49 67 67 49 10 10 10 10 90 90 90 62 62 62 62 62 62 90 90 90 90 90 90 90 90 90 90 90 90
49 49 49 67 67 49 10 10 10 10 90 90 90 62 62 62 62 62 62 90 90 90 90 90 90 90 90 90 90 90 90 90 90 90
49 49 49 67 67 49 10 10 10 10 90 90 90 62 62 62 62 62 62 90 90 90 90 90 90 90 90 90 90 90 90
49 49 49 67 67 49 10 10 10 10 90 90 90 62 62 62 62 62 62 90 90 90 90 90 90 90 90 90 90 90 90 90 90 90 90 90 90 90 90 90 90 90 90 90 90 90
49 49 49 67 67 49 90 90 10 10 10 10 90 72 71 71 72 72 71 71 23 23 23 23 23 23 23 23 90 90 90 90 90 90 90 90 90 90 90 90 90 90 90 90 90 90
49 49 49 67 67 49 10 10 10 10 90 90 62 62 62 62 62 62 90 90 90 90 90 90 90 90 90 90 90 90 90 90 90
49 49 49 67 67 49 10 10 10 10 90 90 49 49 49 49 67 67 90 90 10 10 10 10 90 90 90 90 90 90 90 90 90 90 90 90 90 90 90
49 49 49 67 67 49 10 10 10 10 90 90 49 49 49 67 67 49 90 90 10 10 10 10 90 90 90 90 90 90 90 90 90 90 90 90 90 90 90
49 49 49 67 67 49 10 10 10 10 90 90 62 62 62 62 62 62 90 90 90 90 90 90 90 90 90 90 90 90 90 90 90
49 49 49 67 67 49 10 10 10 10 90 90 62 62 62 62 62 62 90 90 90 90 90 90 90 90 90 90 90 90 90 90 90
49 49 49 67 67 49 10 10 10 10 90 90 62 62 62 62 62 62 90 90 90 90 90 90 90 90 90 90 90 90 90 90 90 90 90 90 90 90 90 90 90
49 49 49 67 67 49 10 10 10 10 90 90 62 62 62 62 62 62 90 90 90 90 90 90 90 90 90 90 90 90 90 90 90 90 90 90 90 90 90 90 90 90 90 90 90 90 90 90 90
49 49 49 67 67 49 10 10 10 10 90 90 62 62 62 62 62 62 90 90 90 90 90 90 90 90 90 90 90 90 90 90 90 90 90 90 90 90 90 90 90 90 90 90 90 90 90 90 90 90 90 90
49 49 49 67 67 49 10 10 10 10 90 90 62 62 62 62 62 62 90 90 90 90 90 90 90 90 90 90 90 90 90 90 90 90 90 90 90 90 90 90 90 90 90 90 90 90 90 90 90 90 90
49 49 49 67 67 49 10 10 10 10 90 90 62 62 62 62 62 62 90 90 90 90 90 90 90 90 90 90 90 90 90 90 90 90 90 90 90
49 49 49 67 67 49 10 10 10 10 90 90 62 62 62 62 62 62 90 90 90 90 90 90 90 90 90 90 90 90 90 90 90 90 90 90 90 90 90 90
49 49 49 67 67 49 10 10 10 10 90 90 62 62 62 62 62 62 90 90 90 90 90 90 90 90 90 90 90 90 90 90 90 90 90 90 90 90 90
49 49 49 67 67 49 10 10 10 10 90 90 62 62 62 62 62 62 90 90 90 90 90 90 90 90 90 90 90 90 90 90 90 90 90 90 90
49 49 49 67 67 49 10 10 10 10 90 90 62 62 62 62 62 62 90 90 90 90 90 90 90 90 90 90 90 90 90 90 90 90 90 90 90 90 90 90
49 49 49 67 67 49 10 10 10 10 90 62 62 62 62 62 62 90 90 90 90 90 90 90 90 90 90 90 90 90 90 90 90 90 90 90 90 90 90
49 49 49 67 67 49 10 10 10 10 90 90 62 62 62 62 62 62 90 90 90 90 90 90 90 90 90 90 90 90 90 90 90 90 90 90 90 90 90 90 90 90 90 90 90
49 49 49 67 67 49 10 10 10 10 90 90 62 62 62 62 62 62 90 90 90 90 90 90 90 90 90 90 90 90 90 90 90 90 90 90 90 90 90 90 90 90 90 90 90
49 49 49 67 67 49 10 10 10 10 90 90 62 62 62 62 62 62 90 90 90 90 90 90 90 90 90 90 90 90 90 90 90 90 90 90 90 90 90 90 90 90 90 90 90
49 49 49 67 67 49 10 10 10 10 90 90 62 62 62 62 62 62 90 90 90 90 90 90 90 90 90 90 90 90 90 90 90 90 90 90 90 90 90 90 90 90 90 90 90
49 49 49 67 67 49 10 10 10 10 90 90 62 62 62 62 62 62 90 90 90 90 90 90 90 90 90 90 90 90 90 90 90 90 90 90 90 90 90 90 90 90 90 90 90 90 90 90 90 90 90
49 49 49 67 67 49 10 10 10 10 90 90 62 62 62 62 62 62 90 90 90 90 90 90 90 90 90 90 90 90 90 90 90 90 90 90 90 90 90 90 90 90 90 90 90 90 90 90
49 49 49 67 67 49 10 10 10 10 90 90 62 62 62 62 62 62 90 90 90 90 90 90 90 90 90 90 90 90 90 90 90 90 90 90 90 90 90 90 90 90 90 90 90 90 90 90
49 49 49 67 67 49 10 10 10 10 90 90 62 62 62 62 62 62 90 90 90 90 90 90 90 90 90 90 90 90 90 90 90 90 90 90 90 90 90 90 90 90 90 90 90 90 90 90
49 49 49 67 67 49 10 10 10 10 90 90 62 62 62 62 62 62 90 90 90 90 90 90 90 90 90 90 90 90 90 90 90 90 90 90 90 90 90 90 90 90 90 90 90 90 90 90 90 90 90 90 90 90
49 49 49 67 67 49 10 10 10 10 90 90 62 62 62 62 62 62 90 90 90 90 90 90 90 90 90 90 90 90 90 90 90 90 90 90 90 90 90 90 90 90 90 90 90 90 90 90 90 90 90 90 90 90
49 49 49 67 67 49 10 10 10 10 90 90 62 62 62 62 62 62 90 90 90 90 90 90 90 90 90 90 90 90 90 90 90 90 90 90 90 90 90 90 90 90 90 90 90 90 90 90 90 90 90 90 90 90 90 90 90 90
49 49 49 67 67 49 10 10 10 10 90 90 62 62 62 62 62 62 90 90 90 90 90 90 90 90 90 90 90 90 90 90 90 90 90 90 90 90 90 90 90 90 90 90 90 90 90 90 90 90 90 90 90 90 90
49 49 49 67 67 49 10 10 10 10 90 90 49 49 49 49 67 67 90 90 10 90 10 10 10 90 90 90 90 90 90 90 90 90 90 90 90 90 90 90 90 90 90
49 49 49 67 67 49 10 10 10 10 90 90 49 49 49 49 67 67 90 90 10 90 10 10 10 90 90 90 90 90 90 90 90 90 90 90 90 90 90 90 90 90 90 90 90 90 90
49 49 49 67 67 49 10 10 10 10 90 90 62 62 62 62 62 62 90 90 90 90 90 90 90 90 90 90 90 90 90 90 90 90 90 90 90 90 90 90 90 90 90 90 90 90 90 90 90
49 49 49 67 67 49 10 10 10 10 90 90 62 62 62 62 62 62 90 90 90 90 90 90 90 90 90 90 90 90 90 90 90 90 90 90 90 90 90 90 90 90 90 90 90 90 90 90 90 90 90 90
49 49 49 67 67 49 10 10 10 10 90 90 62 62 62 62 62 62 90 90 90 90 90 90 90 90 90 90 90 90 90 90 90 90 90 90 90 90 90 90
49 49 49 67 67 49 10 10 10 10 90 90 49 49 49 49 67 67 90 90 10 10 10 10 90 90 90 90 90 90 90 90 90 90 90 90 90 90 90 90 90 90 90
49 49 49 67 67 49 10 10 10 10 90 90 62 62 62 62 62 62 90 90 90 90 90 90 90 90 90 90 90 90 90 90 90 90 90 90
49 49 49 67 67 49 10 10 10 10 90 90 49 49 49 49 67 67 90 90 10 10 10 10 90 90 90 90 90 90 90 90 90 90 90 90 90 90 90 90 90 90
49 49 49 67 67 49 10 10 10 10 90 90 62 62 62 62 62 62 90 90 90 90 90 90 90 90 90 90 90 90 90 90 90 90 90 90 90 90 90
49 49 49 67 67 49 10 10 10 10 90 90 62 62 62 62 62 62 90 90 90 90 90 90 90 90 90 90 90 90 90 90 90 90 90 90 90 90 90
49 49 49 67 67 49 10 10 10 10 90 90 62 62 62 62 62 62 90 90 90 90 90 90 90 90 90 90 90 90 90 90 90 90 90 90 90 90 90 90
49 49 49 67 67 49 10 10 10 10 90 90 62 62 62 62 62 62 90 90 90 90 90 90 90 90 90 90 90 90 90 90 90 90 90 90 90 90 90 90
49 49 49 67 67 49 10 10 10 10 90 90 62 62 62 62 62 62 90 90 90 90 90 90 90 90 90 90 90 90 90 90 90 90 90 90 90 90 90 90 90 90 90 90
49 49 49 67 67 49 10 10 10 10 90 90 62 62 62 62 62 62 90 90 90 90 90 90 90 90 90 90 90 90 90 90 90 90 90 90
49 49 49 67 67 49 10 10 10 10 90 90 62 62 62 62 62 62 90 90 90 90 90 90 90 90 90 90 90 90 90 90 90 90 90 90
49 49 49 67 67 49 10 10 10 10 90 90 62 62 62 62 62 62 90 90 90 90 90 90 90 90 90 90 90 90 90 90 90 90 90 90 90
49 49 49 67 67 49 10 10 10 10 90 90 62 62 62 62 62 62 90 90 90 90 90 90 90 90 90 90 90 90 90 90 90 90 90 90 90 90 90 90 90 90 90 90
49 49 49 67 67 49 10 10 10 10 90 90 62 62 62 62 62 62 90 90 90 90 90 90 90 90 90 90 90 90 90 90 90 90 90 90 90 90 90 90 90 90 90 90
49 49 49 67 67 49 10 10 10 10 90 90 62 62 62 62 62 62 90 90 90 90 90 90 90 90 90 90 90 90 90 90 90 90 90 90 90 90 90 90 90 90 90 90 90
49 49 49 67 67 49 10 10 10 10 90 90 62 62 62 62 62 62 90 90 90 90 90 90 90 90 90 90 90 90 90 90 90 90 90 90 90 90 90 90 90 90 90 90 90 90 90 90
49 49 49 67 67 49 10 10 10 10 90 90 62 62 62 62 62 62 90 90 90 90 90 90 90 90 90 90 90 90 90 90 90 90 90 90 90 90 90 90 90 90 90 90 90
49 49 49 67 67 49 10 10 10 10 90 90 62 62 62 62 62 62 90 90 90 90 90 90 90 90 90 90 90 90 90 90 90 90 90 90 90 90 90 90 90 90 90 90 90 90 90 90 90
49 49 49 67 67 49 10 10 10 10 90 90 62 62 62 62 62 62 90 90 90 90 90 90 90 90 90 90 90 90 90 90 90 90 90 90 90 90 90 90 90 90 90 90
49 49 49 67 67 49 10 10 10 10 90 90 62 62 62 62 62 62 90 90 90 90 90 90 90 90 90 90 90 90 90 90 90 90 90 90 90 90 90 90 90 90 90 90
49 49 49 67 67 49 10 10 10 10 90 90 49 49 49 49 67 67 90 90 10 10 10 10 90 90 90 90 90 90 90 90 90 90 90 90 90 90 90 90 90 90 90 90
49 49 49 67 67 49 10 10 10 10 90 90 62 62 62 62 62 62 90 90 90 90 90 90 90 90 90 90 90 90 90 90 90 90 90 90 90 90 90 90 90 90 90 90 90 90
49 49 49 67 67 49 10 10 10 10 90 90 62 62 62 62 62 62 90 90 90 90 90 90 90 90 90 90 90 90 90 90 90 90 90 90 90 90 90 90 90 90 90
49 49 49 67 67 49 10 10 10 10 90 90 62 62 62 62 62 62 90 90 90 90 90 90 90 90 90 90 90 90 90 90 90 90 90 90 90 90 90 90 90 90 90 90
49 49 49 67 67 49 10 10 10 10 90 90 62 62 62 62 62 62 90 90 90 90 90 90 90 90 90 90 90 90 90 90 90 90 90 90 90 90 90 90 90 90 90 90
49 49 49 67 67 49 10 10 10 10 90 90 62 62 62 62 62 62 90 90 90 90 90 90 90 90 90 90 90 90 90 90 90 90 90 90 90 90 90 90 90 90 90 90 90
49 49 49 67 67 49 10 10 10 10 90 90 62 62 62 62 62 62 90 90 90 90 90 90 90 90 90 90 90 90 90 90 90 90 90 90 90 90 90 90 90 90 90 90 90 90 90 90
49 49 49 67 67 49 10 10 10 10 90 90 62 62 62 62 62 62 90 90 90 90 90 90 90 90 90 90 90 90 90 90 90 90 90 90 90 90 90 90 90 90 90 90 90 90 90 90
49 49 49 67 67 49 10 10 10 10 90 90 62 62 62 62 62 62 90 90 90 90 90 90 90 90 90 90 90 90 90 90 90 90 90 90 90 90 90 90 90 90 90 90 90
49 49 49 67 67 49 10 10 10 10 90 90 62 62 62 62 62 62 90 90 90 90 90 90 90 90 90 90 90 90 90 90 90 90 90 90 90 90 90 90 90 90 90 90 90 90 90 90
49 49 49 67 67 49 10 10 10 10 90 90 62 62 62 62 62 62 90 90 90 90 90 90 90 90 90 90 90 90 90 90 90 90 90 90 90 90 90 90 90 90 90 90 90 90 90 90 90 90 90
49 49 49 67 67 49 10 10 10 10 90 90 62 62 62 62 62 62 90 90 90 90 90 90 90 90 90 90 90 90 90 90 90 90 90 90 90 90 90 90 90 90 90 90 90 90 90 90 90 90 90 90 90 90
49 49 49 67 67 49 10 10 10 10 90 90 62 62 62 62 62 62 90 90 90 90 90 90 90 90 90 90 90 90 90 90 90 90 90 90 90 90 90 90 90 90 90 90 90 90 90
49 49 49 67 67 49 10 10 10 10 90 90 49 49 49 49 67 67 90 90 90 10 10 10 10 90 90 90 90 90 90 90 90 90 90 90 90 90 90 90 90 90 90
49 49 49 67 67 49 10 10 10 10 90 90 49 49 49 49 67 67 90 90 90 10 10 10 10 90 90 90 90 90 90 90 90 90 90 90 90 90 90 90 90 90 90 90 90 90
49 49 49 67 67 49 10 10 10 10 90 90 49 49 49 49 67 67 90 90 10 10 10 10 90 90 90 90 90 90 90 90 90 90 90 90 90 90 90 90
49 49 49 67 67 49 10 10 10 10 90 90 62 62 62 62 62 62 90 90 90 90 90 90 90 90 90 90 90 90 90 90 90 90
49 49 49 67 67 49 10 10 10 10 90 90 62 62 62 62 62 62 90 90 90 90 90 90 90 90 90 90 90 90 90 90 90 90 90 90 90 90 90 90 90 90 90 90 90 90
49 49 49 67 67 49 10 10 10 10 90 90 62 62 62 62 62 62 90 90 90 90 90 90 90 90 90 90 90 90 90 90 90 90 90 90 90 90 90 90 90 90
49 49 49 67 67 49 10 10 10 10 90 90 62 62 62 62 62 62 90 90 90 90 90 90 90 90 90 90 90 90 90 90 90 90
49 49 49 67 67 49 10 10 10 10 90 90 62 62 62 62 62 62 90 90 90 90 90 90 90 90 90 90 90 90 90 90 90 90 90 90 90
49 49 49 67 67 49 10 10 10 10 90 90 62 62 62 62 62 62 90 90 90 90 90 90 90 90 90 90 90 90 90 90 90 90 90 90 90 90 90 90 90 90 90 90 90 90
49 49 49 67 67 49 10 10 10 10 90 90 62 62 62 62 62 62 90 90 90 90 90 90 90 90 90 90 90 90 90 90 90 90 90 90 90 90 90 90 90 90 90 90 90 90 90 90 90
49 49 49 67 67 49 10 10 10 10 90 90 62 62 62 62 62 62 90 90 90 90 90 90 90 90 90 90 90 90 90 90 90 90 90 90 90 90 90 90 90 90 90 90 90 90 90 90 90
49 49 49 67 67 49 10 10 10 10 90 90 62 62 62 62 62 62 90 90 90 90 90 90 90 90 90 90 90 90 90 90 90 90 90 90 90 90 90 90 90 90 90 90 90 90
49 49 49 67 67 49 10 10 10 10 90 90 62 62 62 62 62 62 90 90 90 90 90 90 90 90 90 90 90 90 90 90 90 90 90 90 90 90 90 90 90 90 90 90 90 90 90 90 90
49 49 49 67 67 49 10 10 10 10 90 90 62 62 62 62 62 62 90 90 90 90 90 90 90 90 90 90 90 90 90 90 90 90 90 90 90 90 90 90 90 90 90 90 90 90
49 49 49 67 67 49 10 10 10 10 90 90 62 62 62 62 62 62 90 90 90 90 90 90 90 90 90 90 90 90 90 90 90 90 90 90 90 90 90 90 90 90 90 90 90 90
49 49 49 67 67 49 10 10 10 10 90 90 62 62 62 62 62 62 90 90 90 90 90 90 90 90 90 90 90 90 90 90 90 90 90 90 90 90 90 90 90 90
49 49 49 67 67 49 10 10 10 10 90 90 62 62 62 62 62 62 90 90 90 90 90 90 90 90 90 90 90 90 90 90 90 90 90 90 90 90 90 90 90 90
49 49 49 67 67 49 10 10 10 10 90 90 62 62 62 62 62 62 90 90 90 90 90 90 90 90 90 90 90 90 90 90 90 90 90 90 90 90 90 90 90 90 90 90 90
49 49 49 67 67 49 10 10 10 10 90 90 62 62 62 62 62 62 90 90 90 90 90 90 90 90 90 90 90 90 90 90 90 90 90 90 90 90 90 90 90 90
49 49 49 67 67 49 10 10 10 10 90 90 62 62 62 62 62 62 90 90 90 90 90 90 90 90 90 90 90 90 90 90 90 90 90 90 90 90 90 90 90 90 90 90 90
49 49 49 67 67 49 10 10 10 10 90 90 49 49 49 49 67 67 90 90 10 10 10 10 90 90 90 90 90 90 90 90 90 90 90 90 90 90 90 90
49 49 49 67 67 49 10 10 10 10 90 90 49 49 49 49 67 67 90 90 10 10 10 10 90 90 90 90 90 90 90 90 90 90 90 90 90 90 90 90 90 90 90 90
49 49 49 67 67 49 10 10 10 10 90 90 49 49 49 49 67 67 90 90 10 10 10 10 90 90 90 90 90 90 90 90 90 90 90 90 90 90 90 90 90 90 90 90
49 49 49 67 67 49 10 10 10 10 90 90 62 62 62 62 62 62 90 90 90 62 62 62 62 62 62 90 90 90 90 90 90 90 90 90 90 90 90 90 90 90 90 90 90
49 49 49 67 67 49 10 10 10 10 90 62 62 62 62 62 62 90 90 90 90 90 90 90 90 90 90 90 90 90 90 90 90 90 90 90 90
49 49 49 67 67 49 10 10 10 10 90 62 62 62 62 62 62 90 90 90 90 90 90 90 90 90 90 90 90 90 90 90 90 90 90 90 90 90 90 90
49 49 49 67 67 49 10 10 10 10 90 90 90 90 90 62 62 62 62 62 62 42 42 42 42 42 90 90 90 90 90 90 90 90 90 90 90 90 90 90 90 90 90 90 90 90 90 90 90 90 90 90 90
49 49 49 67 67 49 10 10 10 10 90 90 90 90 90 62 62 62 62 62 62 42 42 42 42 42 90 90 90 90 90 90 90 90 90 90 90 90 90 90 90 90 90 90 90 90 90 90 90 90 90 90 90
49 49 49 67 67 49 10 10 10 10 90 90 90 90 90 62 62 62 62 62 62 42 42 42 42 42 90 90 90 90 90 90 90 90 90 90 90 90 90 90 90 90 90 90 90 90 90 90 90 90 90 90 90 90 90 90 90
49 49 49 67 67 49 10 10 10 10 90 90 90 90 90 62 62 62 62 62 62 90 90 62 62 62 62 62 62 90 90 90 90 90 90 90 90 90 90 90 90 90 90 90 90 90 90 90 90 90 90
49 49 49 67 67 49 10 10 10 10 90 90 62 62 62 62 62 62 90 90 90 90 90 90 90 90 90 90 90 90 90 90 90 90 90 90 90
49 49 49 67 67 49 10 10 10 10 90 90 62 62 62 62 62 62 90 90 90 90 90 90 90 90 90 90 90 90 90 90 90 90 90 90 90 90 90 90 90
49 49 49 67 67 49 10 10 10 10 90 90 62 62 62 62 62 62 90 90 90 90 90 90 90 90 90 90 90 90 90 90 90 90 90 90 90 90 90 90 90
49 49 49 67 67 49 10 10 10 10 90 90 62 62 62 62 62 62 90 90 90 90 90 90 90 90 90 90 90 90 90 90 90 90 90 90 90 90 90 90 90
49 49 49 67 67 49 10 10 10 10 90 90 62 62 62 62 62 62 90 90 90 90 90 90 90 90 90 90 90 90 90 90 90 90 90 90 90
49 49 49 67 67 49 10 10 10 10 90 90 62 62 62 62 62 62 90 90 90 90 90 90 90 90 90 90 90 90 90 90 90 90 90 90 90
49 49 49 67 67 49 10 10 10 10 90 90 62 62 62 62 62 62 90 90 90 90 90 90 90 90 90 90 90 90 90 90 90 90 90 90 90
49 49 49 67 67 49 10 10 10 10 90 90 62 62 62 62 62 62 90 90 90 90 90 90 90 90 90 90 90 90 90 90 90 90 90 90 90
49 49 49 67 67 49 10 10 10 10 90 90 62 62 62 62 62 62 90 90 90 90 90 90 90 90 90 90 90 90 90 90 90 90 90 90 90 90 90 90 90 90 90 90
49 49 49 67 67 49 10 10 10 10 90 90 62 62 62 62 62 62 90 90 90 90 90 90 90 90 90 90 90 90 90 90 90 90 90 90 90 90 90 90 90 90 90 90
49 49 49 67 67 49 10 10 10 10 90 90 62 62 62 62 62 62 90 90 90 90 90 90 90 90 90 90 90 90 90 90 90 90 90 90 90 90 90 90
49 49 49 67 67 49 10 10 10 10 90 90 62 62 62 62 62 62 90 90 90 90 90 90 90 90 90 90 90 90 90 90 90 90 90 90 90 90 90 90
49 49 49 67 67 49 10 10 10 10 90 90 62 62 62 62 62 62 90 90 90 90 90 90 90 90 90 90 90 90 90 90 90 90 90 90 90 90 90 90
49 49 49 67 67 49 10 10 10 10 90 62 62 62 62 62 62 90 90 90 90 90 90 90 90 90 90 90 90 90 90 90 90 90 90
49 49 49 67 67 49 10 10 10 10 90 62 62 62 62 62 62 90 90 90 90 90 90 90 90 90 90 90 90 90 90 90 90 90 90 90 90 90
49 49 49 67 67 49 10 10 10 10 90 90 62 62 62 62 62 62 90 90 90 90 90 90 90 90 90 90 90 90 90 90 90 90 90 90 90 90 90 90 90 90 90 90 90 90 90 90 90
49 49 49 67 67 49 10 10 10 10 90 90 62 62 62 62 62 62 90 90 90 90 90 90 90 90 90 90 90 90 90 90 90 90 90 90 90 90 90 90 90 90 90 90 90 90 90 90 90 90 90 90
49 49 49 67 67 49 10 10 10 10 90 90 62 62 62 62 62 62 90 90 90 90 90 90 90 90 90 90 90 90 90 90 90 90 90 90 90 90 90 90 90 90 90 90 90 90 90 90
49 49 49 67 67 49 10 10 10 10 90 90 62 62 62 62 62 62 90 90 90 90 90 90 90 90 90 90 90 90 90 90 90 90 90 90 90 90 90 90 90 90 90 90 90
49 49 49 67 67 49 10 10 10 10 90 90 62 62 62 62 62 62 90 90 90 90 90 90 90 90 90 90 90 90 90 90 90 90 90 90 90 90 90 90 90
49 49 49 67 67 49 10 10 10 10 90 90 62 62 62 62 62 62 90 90 90 90 90 90 90 90 90 90 90 90 90 90 90 90 90 90 90
49 49 49 67 67 49 10 10 10 10 90 90 62 62 62 62 62 62 90 90 90 90 90 90 90 90 90 90 90 90 90 90 90 90 90 90 90 90 90 90 90 90 90 90 90 90 90
49 49 49 67 67 49 10 10 10 10 90 90 62 62 62 62 62 62 90 90 90 90 90 90 90 90 90 90 90 90 90 90 90 90 90 90 90 90 90 90 90 90 90
49 49 49 67 67 49 10 10 10 10 90 90 62 62 62 62 62 62 90 90 90 90 90 90 90 90 90 90 90 90 90 90 90 90 90 90 90 90 90
49 49 49 67 67 49 10 10 10 10 90 90 90 90 62 62 62 62 62 62 90 90 90 90 90 90 90 90 90 90 90 90 90 90 90 90 90 90 90 90 90 90 90
49 49 49 67 67 49 10 10 10 10 90 90 90 90 39 39 39 38 38 86 86 86 86 90 90 90 90 90 90 90 90 90 90 90 90 90 90 90 90 90 90 90 90 90 90 90 90 90 90 90
49 49 49 67 67 49 10 10 10 10 90 90 90 90 39 39 39 38 38 86 86 86 86 90 90 90 90 90 90 90 90 90 90 90 90 90 90 90 90 90 90 90 90 90
49 49 49 67 67 49 10 10 10 10 90 90 90 90 49 49 49 67 67 49 10 10 10 10 90 90 90 90 90 90 90 90 90 90 90 90 90 90 90 90 90 90 90 90 90 90 90 90 90 90 90 90
49 49 49 67 67 49 10 10 10 10 90 90 90 90 39 38 38 39 39 86 86 86 86 90 90 90 90 90 90 90 90 90 90 90 90 90 90 90 90 90 90 90 90 90 90
49 49 49 67 67 49 10 10 10 10 90 90 90 90 39 38 38 39 39 86 86 86 86 90 90 90 90 90 90 90 90 90 90 90 90 90 90 90 90 90 90 90 90 90 90
49 49 49 67 67 49 10 10 10 10 90 90 90 90 39 38 38 39 39 86 86 86 86 90 90 90 90 90 90 90 90 90 90 90 90 90 90 90 90 90 90 90 90 90 90 90 90 90 90
49 49 49 67 67 49 90 90 10 10 10 10 90 72 71 71 72 72 71 71 23 23 23 23 23 23 23 23 90 90 90 90 90 90 90 90 90 90 90 90 90 90 90 90 90 90
49 49 49 67 67 49 10 10 10 10 90 90 90 90 39 39 39 38 38 86 86 86 86 90 90 90 90 90 90 90 90 90 90 90 90 90 90 90 90 90 90 90 90 90 90 90
49 49 49 67 67 49 10 10 10 10 90 90 90 90 39 39 39 38 38 86 86 86 86 90 90 90 90 90 90 90 90 90 90 90 90 90 90 90 90 90 90 90 90 90 90 90
49 49 49 67 67 49 10 10 10 10 90 90 90 90 90 90 90 90 90 90 90 90 90
49 49 49 67 67 49 10 10 10 10 90 90 90 90 90 90 90 90 90 90 90 90 90 90 90 90
47 47 47 68 68 47 13 14 14 13 90 90 31 31 31 31 90 62 62 62 62 62 62 90 90 90 90 90 90 90 90 90 90 90 90 90 90 90 90 90 90
47 47 47 68 68 47 13 14 14 13 90 90 31 31 31 31 90 62 62 62 62 62 62 90 90 90 90 90 90 90 90 90 90 90 90 90 90 90 90 90 90 90 90 90 90 90 90 90 90 90 90 90 90 90 90 90 90 90 90 90
47 47 47 68 68 47 13 14 14 13 90 90 31 31 31 31 90 62 62 62 62 62 62 90 90 90 90 90 90 90 90 90 90 90 90 90 90 90 90 90 90 90 90 90 90
47 47 47 68 68 47 13 14 14 13 90 90 31 31 31 31 90 62 62 62 62 62 62 90 90 90 90 90 90 90 90 90 90 90 90 90 90 90 90 90 90 90 90 90 90 90 90 90 90
47 47 47 68 68 47 13 14 14 13 90 90 31 31 31 31 90 62 62 62 62 62 62 90 90 90 90 90 90 90 90 90 90 90 90 90 90 90 90 90 90
47 47 47 68 68 47 13 14 14 13 90 90 31 31 31 31 90 62 62 62 62 62 62 90 90 90 90 90 90 90 90 90 90 90 90 90 90 90 90 90 90
47 47 47 68 68 47 13 14 14 13 90 90 31 31 31 31 90 90 90 62 62 62 62 62 62 90 90 90 90 90 90 90 90 90 90 90 90 90 90 90 90 90 90 90
49 49 49 67 67 49 10 10 10 10 90 62 62 62 62 62 62 90 90 90 90 90 90 90 90 90 90 90 90 90 90 90 90 90 90 90 90 90 90 90 90 90 90 90 90 90 90 90 90 90 90 90 90
49 49 49 67 67 49 10 10 10 10 90 62 62 62 62 62 62 90 90 90 90 90 90 90 90 90 90 90 90 90 90 90 90 90 90 90 90 90 90 90 90 90 90 90 90 90 90 90 90 90 90 90 90 90 90
49 49 49 67 67 49 10 10 10 10 90 62 62 62 62 62 62 90 90 90 90 90 90 90 90 90 90 90 90 90 90 90 90 90 90 90 90 90 90 90 90 90 90 90 90 90 90 90 90 90 90 90 90
49 49 49 67 67 49 10 10 10 10 90 90 62 62 62 62 62 62 90 90 90 90 90 90 90 90 90 90 90 90 90 90 90 90 90 90 90 90 90 90 90 90 90 90 90 90 90 90 90 90 90
49 49 49 67 67 49 10 10 10 10 90 90 62 62 62 62 62 62 90 90 90 90 90 90 90 90 90 90 90 90 90 90 90 90 90 90 90 90 90 90 90 90 90 90 90 90 90
49 49 49 67 67 49 10 10 10 10 90 62 90 90 62 62 62 62 62 90 90 90 90 90 90 90 90 90 90 90 90 90 90 90 90 90 90 90 90 90 90 90 90 90
49 49 49 67 67 49 10 10 10 10 90 62 90 90 62 62 62 62 62 90 90 90 90 90 90 90 90 90 90 90 90 90 90 90 90 90 90 90 90 90 90 90 90 90 90 90 90 90
49 49 49 67 67 49 10 10 10 10 90 62 90 90 62 62 62 62 62 90 90 90 90 90 90 90 90 90 90 90 90 90 90 90 90 90 90 90 90 90 90 90 90 90 90 90 90 90
49 49 49 67 67 49 10 10 10 10 62 90 90 62 62 62 62 62 90 90 90 90 90 90 90 90 90 90 90 90 90 90 90 90 90 90 90 90 90 90 90 90 90 90 90 90 90 90 90 90 90
49 49 49 67 67 49 10 10 10 10 62 90 90 62 62 62 62 62 90 90 90 90 90 90 90 90 90 90 90 90 90 90 90 90 90 90 90 90 90 90 90 90 90 90 90 90 90 90 90 90 90 90 90 90
60 60 60 59 59 60 82 82 82 90 62 90 90 62 62 62 62 62 90 90 90 90 90 90 90 90 90 90 90 90 90 90 90 90 90 90 90 90 90 90 90 90 90 90 90 90 90 90 90 90 90
60 60 60 59 59 60 82 82 82 90 62 90 90 62 62 62 62 62 90 90 90 90 90 90 90 90 90 90 90 90 90 90 90 90 90 90 90 90 90 90 90 90 90 90 90 90 90 90 90 90 90 90 90 90
60 60 60 59 59 60 82 82 82 90 62 90 90 62 62 62 62 62 90 90 90 90 90 90 90 90 90 90 90 90 90 90 90 90 90 90 90 90 90 90 90 90 90 90
60 60 60 59 59 60 82 82 82 90 62 90 90 62 62 62 62 62 90 90 90 90 90 90 90 90 90 90 90 90 90 90
60 60 60 59 59 60 82 82 82 90 62 90 90 62 62 62 62 62 90 90 90 90 90 90 90 90 90 90 90 90 90 90
60 60 60 59 59 60 82 82 82 90 62 90 90 62 62 62 62 62 90 90 90 90 90 90 90 90 90 90 90 90 90 90 90 90 90 90 90 90 90 90
60 60 60 59 59 60 82 82 82 90 62 90 90 62 62 62 62 62 90 90 90 90 90 90 90 90 90 90 90 90 90 90 90 90 90 90 90 90 90 90 90 90 90 90 90
60 60 60 59 59 60 82 82 82 90 62 90 90 62 62 62 62 62 90 90 90 90 90 90 90 90 90 90 90 90 90 90 90 90 90 90 90 90 90 90 90
60 60 60 59 59 60 82 82 82 90 62 90 90 62 62 62 62 62 90 90 90 90 90 90 90 90 90 90 90 90 90 90 90 90 90 90 90
60 60 60 59 59 60 82 82 82 90 62 90 90 62 62 62 62 62 90 90 90 90 90 90 90 90 90 90 90 90 90 90 90 90 90 90 90 90 90 90 90
60 60 60 59 59 60 82 82 82 90 62 90 90 62 62 62 62 62 90 90 90 90 90 90 90 90 90 90 90 90 90 90 90 90 90 90 90 90 90 90 90 90 90 90 90 90 90
60 60 60 59 59 60 82 82 82 90 62 90 90 62 62 62 62 62 90 90 90 90 90 90 90 90 90 90 90 90 90 90 90
60 60 60 59 59 60 82 82 82 90 49 90 90 49 49 49 67 67 90 10 10 10 10 90 90 90 90 90 90 90 90 90 90 90 90 90 90 90 90
60 60 60 59 59 60 82 82 82 90 62 90 90 62 62 62 62 62 90 90 90 90 90 90 90 90 90 90 90 90 90 90 90
60 60 60 59 59 60 82 82 82 90 62 90 90 62 62 62 62 62 90 90 90 90 90 90 90 90 90 90 90 90 90 90 90 90 90 90 90 90 90 90 90 90 90 90 90 90 90 90 90
60 60 60 59 59 60 82 82 82 90 62 90 90 62 62 62 62 62 90 90 90 90 90 90 90 90 90 90 90 90 90 90 90 90 90 90 90 90 90 90 90 90 90 90
60 60 60 59 59 60 82 82 82 90 62 90 90 62 62 62 62 62 90 90 90 90 90 90 90 90 90 90 90 90 90 90 90 90 90 90
60 60 60 59 59 60 82 82 82 90 49 90 90 49 49 49 67 67 90 10 10 10 10 90 90 90 90 90 90 90 90 90 90 90 90 90 90 90 90 90 90 90
60 60 60 59 59 60 82 82 82 90 62 90 90 62 62 62 62 62 90 90 90 90 90 90 90 90 90 90 90 90 90 90 90 90 90 90 90 90 90 90
60 60 60 59 59 60 82 82 82 90 62 90 90 62 62 62 62 62 90 90 90 90 90 90 90 90 90 90 90 90 90 90
60 60 60 59 59 60 82 82 82 90 49 90 90 49 49 49 67 67 90 10 10 10 10 90 90 90 90 90 90 90 90 90 90 90 90 90 90 90
60 60 60 59 59 60 82 82 82 90 49 90 90 49 49 67 67 49 90 10 10 10 10 90 90 90 90 90 90 90 90 90 90 90 90 90 90 90
60 60 60 59 59 60 82 82 82 90 62 90 90 62 62 62 62 62 90 90 90 90 90 90 90 90 90 90 90 90 90 90 90 90 90 90 90 90 90 90 90 90 90 90 90 90 90 90 90 90 90 90
60 60 60 59 59 60 82 82 82 90 90 90 90 62 62 62 62 62 62 90 90 90 90 90 90 90 90 90 90 90 90 90 90 90 90 90 90 90 90 90 90 90 90 90
60 60 60 59 59 60 82 82 82 90 90 90 90 62 62 62 62 62 62 90 90 90 90 90 90 90 90 90 90 90 90 90 90 90 90 90 90 90 90 90
60 60 60 59 59 60 82 82 82 90 90 90 90 62 62 62 62 62 62 90 90 90 90 90 90 90 90 90 90 90 90 90 90 90 90 90 90 90 90 90 90 90 90 90 90 90 90
60 60 60 59 59 60 82 82 82 90 90 90 90 62 62 62 62 62 62 90 90 90 90 90 90 90 90 90 90 90 90 90 90 90 90 90 90 90 90 90 90 90 90
60 60 60 59 59 60 82 82 82 90 90 90 90 62 62 62 62 62 62 90 90 42 42 42 42 42 90 90 90 90 90 90 90 90 90 90 90 90 90 90
60 60 60 59 59 60 82 82 82 62 90 90 62 62 62 62 62 90 90 90 90 90 90 90 90 90 90 90 90 90 90
60 60 60 59 59 60 82 82 82 90 90 90 90 62 62 62 62 62 62 90 90 90 90 90 90 90 90 90 90 90 90
60 60 60 59 59 60 82 82 82 90 90 90 90 49 67 67 49 49 49 10 10 10 10 90 90 90 90 90 90 90 90 90 90 90 90 90 90
60 60 60 59 59 60 82 82 82 90 90 90 90 49 49 67 67 49 49 10 10 10 10 90 90 90 90 90 90 90 90 90 90 90 90 90 90
60 60 60 59 59 60 82 82 82 90 90 90 90 49 67 67 49 49 49 10 10 10 10 90 90 90 90 90 90 90 90 90 90 90 90 90 90 90
60 60 60 59 59 60 82 82 82 90 90 90 90 49 49 67 67 49 49 10 10 10 10 90 90 90 90 90 90 90 90 90 90 90 90 90 90 90
60 60 60 59 59 60 82 82 82 90 90 90 90 49 49 67 67 49 49 10 10 10 10 90 90 90 90 90 90 90 90 90 90 90 90 90 90
60 60 60 59 59 60 82 82 82 90 90 90 90 62 62 62 62 62 62 90 62 62 62 62 62 62 90 90 90 90 90 90 90 90 90 90 90 90 90 90 90 90 90
60 60 60 59 59 60 82 82 82 90 90 90 90 62 62 62 62 62 62 90 62 62 62 62 62 62 90 90 90 90 90 90 90 90 90 90 90 90 90 90 90 90 90
60 60 60 59 59 60 82 82 82 90 90 90 90 62 62 62 62 62 62 62 62 62 62 62 62 90 90 90 90 90 90 90 90 90 90 90 90 90 90 90 90 90
60 60 60 59 59 60 82 82 82 90 90 90 90 49 49 67 67 49 49 10 10 10 10 90 90 90 90 90 90 90 90 90 90 90 90 90 90 90 90 90 90
60 60 60 59 59 60 82 82 82 90 90 90 90 62 62 62 62 62 62 90 90 90 90 90 90 90 90 90 90 90 90 90
60 60 60 59 59 60 82 82 82 90 90 90 90 62 62 62 62 62 62 90 90 90 90 90 90 90 90 90 90 90 90 90 90 90 90
60 60 60 59 59 60 82 82 82 90 90 90 90 62 62 62 62 62 62 90 90 90 90 90 90 90 90 90 90 90 90 90 90 90 90
60 60 60 59 59 60 82 82 82 90 90 90 90 62 62 62 62 62 62 90 90 90 90 90 90 90 90 90 90 90 90 90 90 90 90 90
60 60 60 59 59 60 82 82 82 90 90 90 90 62 62 62 62 62 62 90 90 90 90 90 90 90 90 90 90 90 90 90 90 90 90 90 90 90 90 90 90 90 90
60 60 60 59 59 60 82 82 82 90 62 90 90 62 62 62 62 62 90 90 90 90 90 90 90 90 90 90 90 90 90 90 90 90 90 90 90 90 90 90 90 90 90 90 90 90 90 90 90 90 90 90 90
60 60 60 59 59 60 82 82 82 90 62 90 90 62 62 62 62 62 90 90 90 90 90 90 90 90 90 90 90 90 90 62 62 62 62 62 62 90 90 90 90 90 90 90 90 90 90 90 90 90 90 90 90 90 90 90 90 90 90 90 90 90 90
60 60 60 59 59 60 82 82 82 90 90 90 62 62 62 62 62 62 90 90 90 90 90 90 90 90 90 90 90 90 90 90 90 90 90 90 90 90
60 60 60 59 59 60 82 82 82 90 90 90 62 62 62 62 62 62 90 90 90 90 90 90 90 90 90 90 90 90 90 90 90 90 90 90 90 90 90 90 90
60 60 60 59 59 60 82 82 82 90 90 90 62 62 62 62 62 62 90 90 90 90 90 90 90 90 90 90 90 90 90 90 90 90 90 90 90 90 90 90 90 90 90 90
60 60 60 59 59 60 82 82 82 90 90 90 62 62 62 62 62 62 90 90 90 90 90 90 90 90 90 90 90 90 90 90 90 90 90 90 90 90 90 90 90 90
60 60 60 59 59 60 82 82 82 90 90 90 62 62 62 62 62 62 90 90 90 90 90 90 90 90 90 90 90 90 90 90 90 90 90 90 90 90 90 90 90 90 90 90 90
60 60 60 59 59 60 82 82 82 90 90 90 62 62 62 62 62 62 90 90 90 90 90 90 90 90 90 90 90 90 90 90 90 90 90 90 90 90 90 90 90 90 90 90 90 90 90 90
60 60 60 59 59 60 82 82 82 90 90 62 62 62 62 62 62 90 90 90 90 90 90 90 90 90 90 90 90 90 90 90 90 90 90 90 90 90 90 90 90
60 60 60 59 59 60 82 82 82 90 90 62 62 62 62 62 62 90 90 90 90 90 90 90 90 90 90 90 90 90 90 90 90 90 90 90 90 90 90 90 90 90 90 90
60 60 60 59 59 60 82 82 82 90 90 90 62 62 62 62 62 62 90 90 90 90 90 90 90 90 90 90 90 90
60 60 60 59 59 60 82 82 82 90 90 90 62 62 62 62 62 62 90 90 90 90 90 90 90 90 90 90 90 90
60 60 60 59 59 60 82 82 82 90 90 90 62 62 62 62 62 62 90 90 90 90 90 90 90 90 90 90 90 90 90 90 90
60 60 60 59 59 60 82 82 82 90 90 62 62 62 62 62 62 90 90 90 90 90 90 90 90 90 90 90 90 90
60 60 60 59 59 60 82 82 82 90 90 62 62 62 62 62 62 90 90 90 90 90 90 90 90 90 90 90 90 90 90 90 90
52 52 52 61 61 52 89 88 88 90 90 28 28 28 28 90 90 90 90 90 90 90 90 90 90 90 90
54 54 54 53 53 54 76 75 75 90 90 32 32 32 32 32 90 90 90 90 90 90 90 90 90 90 90 90 90 90
56 56 56 55 55 56 78 77 77 90 90 35 35 35 35 35 35 90 90 90 90 90 90 90 90 90 90 90 90 90 90 90 90
58 58 58 57 57 58 80 79 79 90 90 37 37 37 37 37 37 37 37 37 37 90 90 90 90 90 90 90 90 90 90 90 90 90 90 90 90 90 90 90 90 90 90 90 90
52 52 52 61 61 52 89 88 88 90 90 28 28 28 28 62 62 62 62 62 62 90 90 90 90 90 90 90 90 90 90 90 90 90 90 90
60 60 60 59 59 60 82 82 82 90 90 90 90 62 62 62 62 62 62 90 90 90 90 90 90 90 90 90 90 90 90 90 90 90 90 90 90 90 90 90 90 90 90 90 90
60 60 60 59 59 60 82 82 82 90 90 62 62 62 62 62 62 90 90 90 90 90 90 90 90 90 90 90 90 90 90 90 90 90 90 90 90 90 90 90 90 90 90 90 90
60 60 60 59 59 60 82 82 82 90 90 62 62 62 62 62 62 90 90 90 90 90 90 90 90 90 90 90 90 90 90 90 90 90 90 90 90 90 90 90 90 90 90 90
60 60 60 59 59 60 82 82 82 90 90 90 90 90 62 62 62 62 62 62 90 90 90 90 90 90 90 90 90 90 90 90 90 90 90 90 90 90 90 90 90 90 90 90
60 60 60 59 59 60 82 82 82 90 90 90 90 90 62 62 62 62 62 62 90 90 90 90 90 90 90 90 90 90 90 90 90 90 90 90 90 90 90 90
60 60 60 59 59 60 82 82 82 90 90 90 90 90 62 62 62 62 62 62 90 90 90 90 90 90 90 90 90 90 90 90 90 90 90 90 90 90 90 90 90 90 90 90 90 90 90
60 60 60 59 59 60 82 82 82 90 90 90 90 90 62 62 62 62 62 62 90 90 90 90 90 90 90 90 90 90 90 90 90 90 90 90 90 90 90 90 90 90 90
60 60 60 59 59 60 82 82 82 90 90 90 90 90 62 62 62 62 62 62 90 90 42 42 42 42 42 90 90 90 90 90 90 90 90 90 90 90 90 90
60 60 60 59 59 60 82 82 82 62 90 90 62 62 62 62 62 90 90 90 90 90 90 90 90 90 90 90
60 60 60 59 59 60 82 82 82 62 90 90 62 62 62 62 62 90 90 90 90 90 90 90 90 90 90 90
60 60 60 59 59 60 82 82 82 62 90 90 62 62 62 62 62 90 90 90 90 90 90 90 90 90 90 90
60 60 60 59 59 60 82 82 82 62 90 90 62 62 62 62 62 90 90 90 90 90 90 90 90 90 90 90 90 90 90 90 90 90 90 90 90 90 90 90
60 60 60 59 59 60 82 82 82 90 90 90 90 47 68 68 47 47 47 13 14 14 13 31 31 31 31 90 90 90 90 90 90 90 90 90 90 90 90 90 90 90 90 90
60 60 60 59 59 60 82 82 82 90 90 90 90 47 47 68 68 47 47 13 14 14 13 31 31 31 31 90 90 90 90 90 90 90 90 90 90 90 90 90 90 90 90 90
60 60 60 59 59 60 82 82 82 90 90 90 90 52 61 61 52 52 52 89 88 88 28 28 28 28 90 90 90 90 90 90 90 90 90 90 90 90 90 90 90 90 90
60 60 60 59 59 60 82 82 82 90 90 90 90 52 61 61 52 52 52 89 88 88 28 28 28 28 90 90 90 90 90 90 90 90 90 90 90 90 90 90 90 90 90
60 60 60 59 59 60 82 82 82 90 90 90 90 52 61 61 52 52 52 89 88 88 28 28 28 28 90 90 90 90 90 90 90 90 90 90 90 90 90 90 90 90 90 90 90
60 60 60 59 59 60 82 82 82 90 90 90 90 52 61 61 52 52 52 89 88 88 28 28 28 28 90 90 90 90 90 90 90 90 90 90 90 90 90 90 90 90 90 90 90 90 90 90
60 60 60 59 59 60 82 82 82 90 90 90 90 52 61 61 52 52 52 89 88 88 28 28 28 28 90 90 90 90 90 90 90 90 90 90 90 90 90 90 90 90 90 90
60 60 60 59 59 60 82 82 82 90 90 90 90 52 61 61 52 52 52 89 88 88 28 28 28 28 90 90 90 90 90 90 90 90 90 90 90 90 90 90 90 90
60 60 60 59 59 60 82 82 82 90 90 90 90 52 61 61 52 52 52 89 88 88 28 28 28 28 90 90 90 90 90 90 90 90 90 90 90 90 90 90 90 90
60 60 60 59 59 60 82 82 82 90 90 90 90 52 61 61 52 52 52 89 88 88 28 28 28 28 90 90 90 90 90 90 90 90 90 90 90 90 90 90 90 90 90 90 90 90 90 90
60 60 60 59 59 60 82 82 82 90 90 90 90 52 61 61 52 52 52 89 88 88 28 28 28 28 90 90 90 90 90 90 90 90 90 90 90 90 90 90 90 90 90 90 90 90 90 90 90 90 90
60 60 60 59 59 60 82 82 82 90 90 90 90 62 62 62 62 62 62 62 62 62 62 62 62 90 90 90 90 90 90 90 90 90 90 90 90 90 90 90 90
60 60 60 59 59 60 82 82 82 90 90 90 90 62 62 62 62 62 62 62 62 62 62 62 62 90 90 90 90 90 90 90 90 90 90 90 90 90 90 90 90
60 60 60 59 59 60 82 82 82 90 90 90 90 62 62 62 62 62 62 62 62 62 62 62 62 90 90 90 90 90 90 90 90 90 90 90 90 90 90 90 90
60 60 60 59 59 60 82 82 82 90 90 90 90 62 62 62 62 62 62 62 62 62 62 62 62 90 90 90 90 90 90 90 90 90 90 90 90 90 90 90 90 90
60 60 60 59 59 60 82 82 82 90 90 90 90 62 62 62 62 62 62 62 62 62 62 62 62 90 90 90 90 90 90 90 90 90 90 90 90 90 90 90 90 90
60 60 60 59 59 60 82 82 82 90 90 90 90 62 62 62 62 62 62 62 62 62 62 62 62 90 90 90 90 90 90 90 90 90 90 90 90 90 90 90 90 90
60 60 60 59 59 60 82 82 82 90 90 90 62 90 62 62 62 62 62 90 90 90 90 90 90 90 90 90 90 90 90
60 60 60 59 59 60 82 82 82 90 90 90 62 90 62 62 62 62 62 90 90 90 90 90 90 90 90 90 90 90 90
60 60 60 59 59 60 82 82 82 90 90 90 62 90 62 62 62 62 62 90 90 90 90 90 90 90 90 90 90 90 90 90 90
60 60 60 59 59 60 82 82 82 90 90 90 62 90 62 62 62 62 62 90 90 90 90 90 90 90 90 90 90 90 90 90 90 90 90 90 90 90 90
60 60 60 59 59 60 82 82 82 90 90 62 90 62 62 62 62 62 90 90 90 90 90 90 90 90 90 90 90 90 90 90 90 90 90 90 90 90 90 90 90 90 90
60 60 60 59 59 60 82 82 82 90 90 62 90 62 62 62 62 62 90 90 90 90 90 90 90 90 90 90 90 90 90 90 90 90 90 90 90 90 90 90 90 90 90
60 60 60 59 59 60 82 82 82 90 90 62 90 62 62 62 62 62 90 90 90 90 90 90 90 90 90 90 90 90 90 90 90 90 90 90 90 90 90 90 90 90 90
60 60 60 59 59 60 82 82 82 90 90 62 90 62 62 62 62 62 90 90 90 90 90 90 90 90 90 90 90 90 90 90 90 90 90 90 90 90 90 90 90 90 90 90 90 90 90
60 60 60 59 59 60 82 82 82 90 90 62 90 62 62 62 62 62 90 90 90 90 90 90 90 90 90 90 90 90 90 90 90 90 90
60 60 60 59 59 60 82 82 82 90 90 62 90 62 62 62 62 62 90 90 90 90 90 90 90 90 90 90 90 90 90 90 90 90 90
60 60 60 59 59 60 82 82 82 90 90 62 90 62 62 62 62 62 90 90 90 90 90 90 90 90 90 90 90 90 90 90 90 90 90
60 60 60 59 59 60 82 82 82 90 90 62 90 62 62 62 62 62 90 90 90 90 90 90 90 90 90 90 90 90 90 90 90 90 90
60 60 60 59 59 60 82 82 82 90 90 62 90 62 62 62 62 62 90 90 90 90 90 90 90 90 90 90 90 90 90 90 90 90 90 90 90 90 90 90 90 90 90 90 90 90
60 60 60 59 59 60 82 82 82 90 90 62 90 62 62 62 62 62 90 90 90 90 90 90 90 90 90 90 90 90 90 90 90 90 90 90 90 90 90 90 90 90 90 90 90 90
60 60 60 59 59 60 82 82 82 90 90 62 90 62 62 62 62 62 90 90 90 90 90 90 90 90 90 90 90 90 90 90 90 90 90 90 90 90 90 90 90 90 90 90 90 90 90 90 90 90
60 60 60 59 59 60 82 82 82 90 90 62 62 62 62 62 62 90 90 90 90 90 90 90 90 90 90
60 60 60 59 59 60 82 82 82 90 90 62 62 62 62 62 62 90 90 90 90 90 90 90 90 90 90 90 90 90 90 90 90 90 90 90 90 90 90
60 60 60 59 59 60 82 82 82 90 90 62 62 62 62 62 62 90 90 90 90 90 90 90 90 90 90 90 90 90 90 90 90 90 90 90 90 90 90
60 60 60 59 59 60 82 82 82 90 90 62 62 62 62 62 62 90 90 90 90 90 90 90 90 90 90 90 90 90 90 90 90 90 90 90 90 90 90
60 60 60 59 59 60 82 82 82 90 90 62 62 62 62 62 62 90 90 90 90 90 90 90 90 90 90 90 90 90 90 90 90 90 90 90 90 90 90
60 60 60 59 59 60 82 82 82 90 90 62 62 62 62 62 62 90 90 90 90 90 90 90 90 90 90 90 90 90 90 90 90 90 90
60 60 60 59 59 60 82 82 82 90 90 62 62 62 62 62 62 90 90 90 90 90 90 90 90 90 90 90 90 90 90 90 90 90 90
60 60 60 59 59 60 82 82 82 90 90 62 62 62 62 62 62 90 90 90 90 90 90 90 90 90 90 90 90 90 90 90 90 90 90
60 60 60 59 59 60 82 82 82 90 90 62 62 62 62 62 62 90 90 90 90 90 90 90 90 90 90 90 90 90 90 90 90 90 90
60 60 60 59 59 60 82 82 82 90 90 62 62 62 62 62 62 90 90 90 90 90 90 90 90 90 90
60 60 60 59 59 60 82 82 82 90 90 62 62 62 62 62 62 90 90 90 90 90 90 90 90 90 90
60 60 60 59 59 60 82 82 82 90 90 62 62 62 62 62 62 90 90 90 90 90 90 90 90 90 90 90 90 90 90 90 90 90 90 90
60 60 60 59 59 60 82 82 82 90 90 62 62 62 62 62 62 90 90 90 90 90 90 90 90 90 90 90 90 90 90 90 90 90 90 90 90
60 60 60 59 59 60 82 82 82 90 90 62 62 62 62 62 62 62 62 62 62 62 62 90 90 90 90 90 90 90 90 90 90 90 90 90 90
60 60 60 59 59 60 82 82 82 90 90 62 62 62 62 62 62 90 90 90 90 90 90 90 90 90
60 60 60 59 59 60 82 82 82 90 90 49 49 49 67 67 49 10 10 10 10 90 90 90 90 90 90 90 90 90 90 90 90
60 60 60 59 59 60 82 82 82 90 90 49 49 49 49 67 67 10 10 10 10 90 90 90 90 90 90 90 90 90 90 90 90 90 90 90 90
82 82 82 81 86 86 86 86 81 30 29 28 28 28 28 29 29 28 28 28 28 29 90 90 90 90 90 90 90 90 90 90 90 90 90 90 90 90 90 90 90 90
60 60 60 59 59 60 82 82 82 90 90 62 62 62 62 62 62 90 90 90 90 90 90 90 90 90 90 90 90 90
60 60 60 59 59 60 82 82 82 90 90 62 62 62 62 62 62 90 90 90 90 90 90 90 90 90 90 90 90 90 90 90 90 90 90 90 90 90 90 90 90 90 90 90
60 60 60 59 59 60 82 82 82 90 90 62 62 62 62 62 62 90 90 90 90 90 90 90 90 90 90 90 90 90 90 90 90 90 90 90 90 90 90 90
60 60 60 59 59 60 82 82 82 90 90 49 49 49 67 67 49 90 90 10 10 10 10 90 90 90 90 90 90 90 90 90 90 90 90 90 90
60 60 60 59 59 60 82 82 82 90 62 90 90 62 62 62 62 62 90 90 90 90 90 90 90 90 90 90 90 90 90 90 90 90 90 90 90 90 90 90 90 90 90 90 90 90
60 60 60 59 59 60 82 82 82 62 90 90 62 62 62 62 62 90 90 90 90 90 90 90 90 90 90 90 90 90 90 90 90 90 90 90 90 90 90 90 90 90 90 90 90 90 90 90 90
60 60 60 59 59 60 82 82 82 62 90 90 62 62 62 62 62 90 90 90 90 90 90 90 90 90 90 90 90 90 90 90 90 90 90 90 90 90 90 90 90 90 90 90 90 90 90 90 90 90 90 90
62 62 62 62 62 62 90 62 62 62 62 62 62 90 90 90 90 42 90 90 42 42 42 42 90 90 90 90 90 90 90 90 90 90 90 90 90 90 90 90 90 90 90
62 62 62 62 62 62 90 62 62 62 62 62 62 90 90 90 90 42 90 90 42 42 42 42 90 90 90 90 90 90 90 90 90 90 90 90 90 90 90 90 90 90 90 90 90 90 90
62 62 62 62 62 62 90 62 62 62 62 62 62 90 90 90 42 90 42 42 42 42 90 90 90 90 90 90 90 90 90 90 90 90 90
62 62 62 62 62 62 90 62 62 62 62 62 62 90 90 90 90 42 90 90 42 42 42 42 90 90 90 90 90 90 90 90 90 90 90 90 90 90 90 90 90 90 90
62 62 62 62 62 62 90 62 62 62 62 62 62 90 90 90 90 42 42 42 42 42 90 90 90 90 90 90 90 90 90 90 90 90 90 90 90 90 90 90 90 90 90
62 62 62 62 62 62 90 62 62 62 62 62 62 90 90 42 42 42 42 42 42 90 42 42 42 42 90 90 90 90 90 90 90 90 90 90 90 90 90 90 90 90 90 90 90 90 90 90 90 90 90 90 90 90 90 90 90 90
62 62 62 62 62 62 90 62 62 62 62 62 62 90 90 42 42 42 42 42 42 42 42 42 42 90 90 90 90 90 90 90 90 90 90 90 90 90 90 90 90 90 90 90 90 90 90
62 62 62 62 62 62 90 62 62 62 62 62 62 90 90 90 90 42 90 90 42 42 42 42 62 62 62 62 62 62 90 90 90 90 90 90 90 90 90 90 90 90 90 90 90 90 90 90 90 90 90 90 90
62 62 62 62 62 62 90 62 62 62 62 62 62 90 90 90 90 42 90 90 42 42 42 42 90 90 90 90 90 90 90 90 90 90 90 90 90 90 90 90 90 90 90 90 90 90 90 90 90
62 62 62 62 62 62 90 62 62 62 62 62 62 90 90 90 90 90 90 90 90 90 90 90 90 90 90 90 90 90 90 90 90 90 90 90 90 90 90
62 62 62 62 62 62 90 49 49 49 49 67 67 90 90 10 90 90 10 90 90 10 10 90 90 90 90 90 90 90 90 90 90 90 90 90 90 90 90 90 90
62 62 62 62 62 62 90 62 62 62 62 62 62 90 90 90 90 90 90 90 90 90 90 90 90 90 90 90 90 90 90 90 90 90 90 90 90 90 90
62 62 62 62 62 62 90 62 62 62 62 62 62 90 90 90 90 90 90 90 90 90 90 90 90 90 90 90 90 90 90 90 90 90 90 90 90 90 90 90 90 90 90 90 90 90 90
62 62 62 62 62 62 90 62 62 62 62 62 62 90 90 90 90 90 90 90 90 90 90 90 90 90 90 90 90 90 90 90 90 90 90 90 90 90 90 90 90 90 90 90 90 90 90 90 90 90
62 62 62 62 62 62 90 62 62 62 62 62 62 90 90 90 90 90 90 90 90 90 90 90 90 90 90 90 90 90 90 90 90 90 90 90 90 90 90 90 90 90 90 90 90 90 90 90 90 90 90 90 90
62 62 62 62 62 62 90 62 62 62 62 62 62 90 90 90 90 90 90 90 90 90 90 90 90 90 90 90 90 90 90 90 90 90 90 90 90 90 90 90 90 90 90 90 90 90 90 90 90 90 90 90 90 90 90 90
62 62 62 62 62 62 90 62 62 62 62 62 62 90 90 90 90 90 90 90 90 90 90 90 90 90 90 90 90 90 90 90 90 90 90 90 90 90 90 90 90 90 90 90 90 90 90 90 90 90 90 90 90 90 90 90 90 90 90
62 62 62 62 62 62 90 62 62 62 62 62 62 90 90 90 90 90 90 90 90 90 90 90 90 90 90 90 90 90 90 90 90 90 90 90 90 90 90 90 90 90 90 90 90 90 90
62 62 62 62 62 62 90 62 62 62 62 62 62 90 90 90 90 90 90 90 90 90 90 90 90 90 90 90 90 90 90 90 90 90 90 90 90 90 90 90 90 90 90 90 90 90 90 90 90 90 90 90 90
62 62 62 62 62 62 90 62 62 62 62 62 62 90 90 90 90 90 90 90 90 90 90 90 90 90 90 90 90 90 90 90 90 90 90 90 90 90 90 90 90 90 90 90 90 90 90 90 90 90
62 62 62 62 62 62 90 62 62 62 62 62 62 90 90 90 90 90 90 90 90 90 90 90 90 90 90 90 90 90 90 90 90 90 90 90 90 90 90 90 90 90 90 90 90 90 90 90 90 90 90 90 90 90 90 90
62 62 62 62 62 62 90 62 62 62 62 62 62 90 90 90 90 90 90 90 90 90 90 90 90 90 90 90 90 90 90 90 90 90 90 90 90 90 90 90 90 90 90 90 90 90 90 90 90 90 90 90 90 90 90 90 90 90 90
62 62 62 62 62 62 90 62 62 62 62 62 62 90 90 90 90 90 90 90 90 90 90 90 90 90 90 90 90 90 90 90 90 90 90 90 90 90 90 90 90 90 90 90
62 62 62 62 62 62 90 62 62 62 62 62 62 90 90 90 90 90 90 90 90 90 90 90 90 90 90 90 90 90 90 90 90 90 90 90 90 90 90
17 17 18 18 18 7 7 7 7 18 31 31 31 31 90 62 62 62 62 62 62 90 90 90 90 90 90 90 90 90 90 90 90 90 90 90 90 90 90 90 90 90 90 90 90 90 90 90 90 90 90
17 17 18 18 18 7 7 7 7 18 31 31 31 31 90 62 62 62 62 62 62 90 90 90 90 90 90 90 90 90 90 90 90 90 90 90 90 90 90 90 90 90 90 90 90 90 90 90 90
17 17 18 18 18 7 7 7 7 18 31 31 31 31 90 62 62 62 62 62 62 90 90 90 90 90 90 90 90 90 90 90 90 90 90 90 90 90 90 90 90 90 90 90 90 90 90
17 17 18 18 18 7 7 7 7 18 31 31 31 31 62 62 62 62 62 62 90 90 90 90 90 90 90 90 90 90 90 90 90 90 90 90 90 90 90 90 90 90 90 90 90 90 90 90 90 90
17 17 18 18 18 7 7 7 7 18 31 31 31 31 62 62 62 62 62 62 90 90 90 90 90 90 90 90 90 90 90 90 90 90 90 90 90 90 90 90 90 90 90 90 90 90 90 90
17 17 18 18 18 7 7 7 7 18 31 31 31 31 62 62 62 62 62 62 90 90 90 90 90 90 90 90 90 90 90 90 90 90 90 90 90 90 90 90 90 90 90 90 90 90 90 90 90 90 90 90 90 90
46 46 46 69 69 46 15 22 22 15 90 90 33 34 34 33 36 36 36 36 90 90 90 90 90 90 90 90 90 90 90 90 90 90 90
85 85 87 87 84 73 73 73 84 26 26 26 26 90 62 62 62 62 62 62 90 90 90 90 90 90 90 90 90 90 90 90 90 90 90 90 90 90 90 90 90 90 90 90 90 90 90 90 90 90 90
85 85 87 87 84 73 73 73 84 26 26 26 26 90 62 62 62 62 62 62 90 90 90 90 90 90 90 90 90 90 90 90 90 90 90 90 90 90 90 90 90 90 90 90 90 90 90 90 90
85 85 87 87 84 73 73 73 84 26 26 26 26 62 62 62 62 62 62 90 90 90 90 90 90 90 90 90 90 90 90 90 90 90 90 90 90 90 90 90 90 90 90 90 90 90 90 90 90 90
45 45 45 65 65 45 5 5 4 4 90 90 90 27 27 27 90 62 62 62 62 62 62 90 90 90 90 90 90 90 90 90 90 90 90 90 90 90 90 90 90 90 90 90 90 90 90 90 90 90 90
45 45 45 65 65 45 5 5 4 4 90 90 90 27 27 27 90 62 62 62 62 62 62 90 90 90 90 90 90 90 90 90 90 90 90 90 90 90 90 90 90 90 90 90 90 90 90 90 90
45 45 45 65 65 45 5 5 4 4 90 90 27 27 27 90 62 62 62 62 62 62 90 90 90 90 90 90 90 90 90 90 90 90 90 90 90 90 90 90 90 90 90 90 90 90 90 90 90 90
43 43 43 63 63 43 0 9 0 1 90 90 24 24 90 90 90 90 90 90 90 90 90 90 90 90 90 90
48 48 48 66 66 48 12 9 9 12 90 90 83 90 90 90 90 90 90 90 90 90 90 90 90
51 51 51 70 70 51 19 8 19 20 90 90 8 90 90 90 90 90 90 90 90 90 90 90 90 90 90 90 90 90 90
51 51 51 70 70 51 21 11 11 21 90 90 11 11 90 90 90 90 90 90 90 90 90 90 90 90 90
44 44 44 64 64 44 2 3 11 3 90 90 25 25 90 25 90 90 90 90 90 90 90 90 90 90 90 90 90 90
60 60 60 59 59 60 90 90 82 82 82 90 90 90 90 90 90 90 90 90 90 90 90 90 90 90 90 90 90 90 90 90 90 90 90
45 45 45 65 65 45 4 4 5 5 90 90 27 27 27 90 90 90 90 90 90 90 90 90 90
52 52 52 61 61 52 90 90 88 88 89 28 28 28 28 90 90 90 90 90 90 90 90 90 90
46 46 46 69 69 46 15 22 22 15 90 90 34 33 33 34 36 36 36 36 90 90 90 90 90 90 90 90 90 90 90 90 90
46 46 46 69 69 46 15 22 22 15 90 90 34 33 33 34 36 36 36 36 90 90 90 90 90 90 90 90 90 90 90 90 90 90 90 90 90
46 46 46 69 69 46 15 22 22 15 90 90 34 33 33 34 36 36 36 36 90 90 90 90 90 90 90 90 90 90 90 90 90 90 90 90 90
46 46 46 69 69 46 15 22 22 15 90 90 34 33 33 34 36 36 36 36 90 90 90 90 90 90 90 90 90 90 90
46 46 46 69 69 46 15 22 22 15 90 90 34 33 33 34 36 36 36 36 90 90 90 90 90 90 90 90 90 90 90 90 90 90 90
46 46 46 69 69 46 15 22 22 15 90 90 33 34 34 33 36 36 36 36 90 90 90 90 90 90 90 90 90 90 90 90 90
46 46 46 69 69 46 15 22 22 15 90 90 33 34 34 33 36 36 36 36 90 90 90 90 90 90 90 90 90 90 90 90 90 90 90 90 90
46 46 46 69 69 46 15 22 22 15 90 90 33 34 34 33 36 36 36 36 90 90 90 90 90 90 90 90 90 90 90 90 90 90 90 90 90
46 46 46 69 69 46 15 22 22 15 90 90 33 34 34 33 36 36 36 36 90 90 90 90 90 90 90 90 90 90 90 90 90 90 90 90 90
46 46 46 69 69 46 15 22 22 15 90 90 33 34 34 33 36 36 36 36 90 90 90 90 90 90 90 90 90 90 90
62 62 62 62 62 62 62 62 62 62 62 62 90 90 90 90 90 90 90 90 90 90 90 90 90 90 90 90 90 90 90 90 90 90 90 90 90 90 90