11 11 11 11 11 11 11 11 11 11 11 11 23 23 23 23 23 23 23 23 23 23 23 23 23 23 23 23 23 23
11 11 11 11 11 11 11 11 11 11 11 11 23 23 23 23 23 23 23 23 23 23 23 23 23 23 23 23 23 23
11 11 11 11 11 11 11 11 11 11 11 11 23 23 23 23 23 23 23 23 23 23 23 23 23 23 23
11 11 11 11 11 11 11 11 11 11 11 11 23 23 23 23 23 23 23 23 23 23 23 23 23 23 23 23 23 23 23 23 23 23
11 11 11 11 11 11 11 11 11 11 11 11 23 23 23 23 23 11 11 11 11 11 11 23 23 23 23 23 23 23 23 23 23 23 23 23 23 23 23 23
11 11 11 11 11 11 11 11 11 11 11 11 23 23 23 23 23 23 23 11 11 11 11 11 11 23 23 23 23 23 23 23 23 23 23 23 23 23 23 23 23
11 11 11 11 11 11 11 11 11 11 11 11 23 23 23 23 23 11 11 11 11 11 11 23 23 23 23 23 23 23 23 23 23 23 23 23 23 23
11 11 11 11 11 11 11 11 11 11 11 11 23 23 23 23 23 11 11 11 11 16 16 11 11 11 11 23 23 23 23 23 23 23 23 23 23 23 23 23 23 23 23 23
11 11 11 11 11 11 11 11 11 11 11 11 23 23 23 23 23 11 11 11 11 16 16 11 11 11 11 23 23 23 23 23 23 23 23 23 23 23 23 23 23 23 23 23
11 11 11 11 11 11 11 11 11 11 11 11 23 23 23 23 23 23 23 23 23 23 23 23 23 23 23 23
11 11 11 11 11 11 11 11 11 11 11 11 23 23 23 23 23 23 23 23 23 23 23 23 23 23 23
11 11 11 11 11 11 11 11 11 11 11 11 23 23 23 23 23 11 11 11 11 11 11 23 23 23 23 23 23 23 23 23 23 23 23 23 23 23 23 23 23
11 11 11 11 11 11 11 11 11 11 11 11 23 23 23 23 23 23 23 23 23 23 23 23 23 23 23 23 23 23 23 23
11 11 11 11 11 11 11 11 11 11 11 11 23 23 23 23 23 23 23 23 23 23 23 23 23 23 23 23 23 23 23 23
11 11 11 11 11 11 11 11 11 11 11 11 23 23 11 23 23 23 23 23 11 11 11 11 11 23 23 23 23 23 23 23 23 23 23 23 23 23 23 23 23 23 23 23 23 23 23
11 11 11 11 11 11 11 11 11 11 11 11 23 23 23 23 23 23 23 23 23 23 23 23 23 23 23 23 23 23 23
11 11 11 11 11 11 11 11 11 11 11 11 23 23 23 23 23 23 23 23 23 23 23 23 23 23 23 23 23 23 23 23 23 23 23 23 23 23 23 23
11 11 11 11 11 11 11 11 11 11 11 11 23 23 23 23 23 23 23 23 23 23 23 23 23 23 23 23 23 23 23 23 23 23 23 23 23 23 23 23 23
11 11 11 11 11 11 11 11 11 11 11 11 23 23 11 23 23 11 11 11 11 11 23 23 23 23 23 23 23 23 23 23 23 23 23 23 23 23 23 23 23 23 23 23 23
11 11 11 11 11 11 11 11 11 11 11 11 23 23 23 23 23 23 23 11 11 11 11 11 11 23 23 23 23 23 23 23 23 23 23 23 23 23 23 23 23 23 23 23 23 23 23 23 23 23
11 11 11 11 11 11 11 11 11 11 11 11 23 23 23 23 23 23 23 11 11 11 11 11 11 23 23 23 23 23 23 23 23 23 23 23 23 23 23 23 23 23 23 23 23 23 23 23 23 23
11 11 11 11 11 11 11 11 11 11 11 11 23 23 23 23 23 23 11 11 11 11 11 11 23 23 23 23 23 23 23 23 23 23 23 23 23 23 23 23 23 23 23 23 23 23 23 23 23 23 23 23 23
11 11 11 11 11 11 11 11 11 11 11 11 23 23 23 23 23 23 23 23 11 11 11 11 11 11 23 23 23 23 23 23 23 23 23 23 23 23 23 23 23 23 23 23 23
11 11 11 11 11 11 11 11 11 11 11 11 23 23 23 23 23 23 23 23 23 23 23 23 23 23 23 23 23 23 23 23 23 23 23 23 23 23 23 23 23 23
11 11 11 11 11 11 11 11 11 11 11 11 23 23 23 23 23 23 23 23 23 11 23 23 23 23 23 11 11 11 11 11 23 23 23 23 23 23 23 23 23 23 23 23 23 23 23 23 23 23 23 23 23 23 23 23 23 23 23
11 11 11 11 11 11 11 11 11 11 11 11 23 23 23 23 23 3 3 3 3 3 23 11 11 11 11 11 11 23 23 23 23 23 23 23 23 23 23 23 23 23 23 23 23 23 23 23 23
11 11 11 11 11 11 11 11 11 11 11 11 23 23 23 23 23 3 3 3 3 3 11 11 11 11 11 11 23 23 23 23 23 23 23 23 23 23 23 23 23 23 23 23 23 23
11 11 11 11 11 11 11 11 11 11 11 11 23 23 23 23 23 3 3 3 3 3 23 23 23 23 23 23 23 23 23 23 23 23 23 23
11 11 11 11 11 11 11 11 11 11 11 11 23 23 23 23 23 3 3 3 3 3 23 11 11 11 11 11 11 23 23 23 23 23 23 23 23 23 23 23 23 23 23 23 23 23 23 23 23 23 23 23
11 11 11 11 11 11 11 11 11 11 11 11 23 23 23 23 23 23 23 23 11 11 11 11 11 11 23 23 23 23 23 23 23 23 23 23 23 23 23 23 23 23 23 23
11 11 11 11 11 11 11 11 11 11 11 11 23 23 23 23 23 23 23 23 11 11 11 11 11 11 23 23 23 23 23 23 23 23 23 23 23 23 23 23 23 23 23 23 23 23 23 23 23 23 23 23 23 23 23 23
11 11 11 11 11 11 11 11 11 11 11 11 23 23 23 23 23 23 23 11 11 11 11 11 11 23 23 23 23 23 23 23 23 23 23 23 23 23 23 23 23 23 23 23 23
11 11 11 11 11 11 11 11 11 11 11 11 23 23 23 23 23 23 23 11 11 11 11 11 11 23 23 23 23 23 23 23 23 23 23 23 23 23 23 23 23 23 23 23 23 23 23 23 23 23 23 23 23 23 23 23 23 23 23 23
11 11 11 11 11 11 11 11 11 11 11 11 23 23 23 23 23 23 11 11 11 11 11 11 23 23 23 23 23 23 23 23 23 23 23 23 23 23 23 23 23 23 23 23 23 23 23
11 11 11 11 11 11 11 11 11 11 11 11 23 23 23 23 23 23 11 11 11 11 11 11 23 23 23 23 23 23 23 23 23 23 23 23 23 23 23 23 23 23 23 23 23 23 23 23 23 23
11 11 11 11 11 11 11 11 11 11 11 11 23 23 23 23 23 23 23 23 23 23 23 23 23 23 23 23 23 23 23 23
11 11 11 11 11 11 11 11 11 11 11 11 23 23 23 23 23 23 11 11 11 11 11 11 23 23 23 23 23 23 23 23 23 23 23 23 23 23 23 23 23 23 23 23 23 23 23 23 23 23
11 11 11 11 11 11 11 11 11 11 11 11 23 23 23 23 23 23 11 11 11 11 11 11 23 23 23 23 23 23 23 23 23 23 23 23 23 23 23 23 23 23 23 23 23 23 23 23 23 23 23 23 23
11 11 11 11 11 11 11 11 11 11 11 11 23 23 23 23 23 23 11 11 11 11 11 11 23 23 23 23 23 23 23 23 23 23 23 23 23 23 23 23 23 23 23 23 23 23 23 23 23 23 23 23 23 23 23 23 23
11 11 11 11 11 11 11 11 11 11 11 11 23 23 23 23 23 23 11 11 11 11 11 11 23 23 23 3 23 3 3 3 3 23 23 23 23 23 23 23 23 23 23 23 23 23 23 23 23 23 23 23 23 23 23 23 23 23 23 23 23 23 23 23
11 11 11 11 11 11 11 11 11 11 11 11 23 23 23 23 23 23 11 11 11 11 11 11 23 23 23 3 3 3 3 3 23 23 23 23 23 23 23 23 23 23 23 23 23 23 23 23 23 23 23 23 23 23 23 23
11 11 11 11 11 11 11 11 11 11 11 11 23 23 23 23 23 23 11 11 11 11 11 11 23 23 23 23 23 23 23 23 23 23 23 23 23 23 23 23 23 23 23 23 23 23 23 23 23 23 23
11 11 11 11 11 11 11 11 11 11 11 11 23 23 23 23 23 23 11 11 11 11 11 11 23 23 23 23 23 23 23 23 23 23 23 23 23 23 23 23 23 23 23 23 23 23 23 23 23 23 23 23 23 23
11 11 11 11 11 11 11 11 11 11 11 11 23 23 23 23 23 23 11 11 11 11 11 11 23 23 23 23 23 11 11 11 11 11 11 23 23 23 23 23 23 23 23 23 23 23 23 23 23 23 23 23 23 23 23 23 23 23 23 23 23 23 23 23
11 11 11 11 11 11 11 11 11 11 11 11 23 23 23 23 23 23 11 11 11 11 11 11 23 23 23 23 23 23 23 23 23 23 23 23 23 23 23 23 23 23 23 23 23 23 23 23 23 23 23 23 23 23 23 23 23
11 11 11 11 11 11 11 11 11 11 11 11 23 23 23 23 23 23 23 23 23 23 23 23 23 23 23 23 23 23 23 23 23 23 23 23 23 23 23 23
11 11 11 11 11 11 11 11 11 11 11 11 23 23 23 23 23 23 23 23 23 23 23 23 23 23 23 23 23 23 23 23 23 23 23 23 23 23 23 23 23
11 11 11 11 11 11 11 11 11 11 11 11 23 23 23 23 23 23 23 23 23 23 23 23 23 23 23 23 23 23 23 23 23 23 23 23 23
11 11 11 11 11 11 11 11 11 11 11 11 23 23 23 23 23 23 23 23 23 23 23 23 23 23 23 23 23 23 23 23 23 23 23 23 23 23 23 23 23 23 23
11 11 11 11 11 11 11 11 11 11 11 11 23 23 23 23 23 23 23 23 23 23 23 23 23 23 23 23 23 23 23 23 23 23 23 23 23 23 23 23 23 23 23 23 23 23
11 11 11 11 11 11 11 11 11 11 11 11 23 23 23 23 23 23 23 23 23 23 11 11 11 11 11 11 23 23 23 23 23 23 23 23 23 23 23 23 23 23 23 23 23 23 23 23 23 23
11 11 11 11 11 11 11 11 11 11 11 11 23 23 23 23 23 23 23 23 23 23 23 23 23 23 23 23 23 23 23 23 23 23 23 23 23 23 23 23 23 23 23 23 23 23 23 23 23 23 23 23 23 23 23 23 23
11 11 11 11 11 11 11 11 11 11 11 11 23 23 23 23 23 23 23 23 23 23 23 23 23 23 23 23 23 23 23 23 23 23 23 23 23 23 23 23 23 23 23 23 23 23
11 11 11 11 11 11 11 11 11 11 11 11 23 23 23 23 23 23 23 23 23 23 23 23 23 23 23 23 23 23 23 23 23 23 23 23 23 23 23 23 23 23 23 23 23 23 23 23 23 23 23 23 23 23 23 23 23 23
11 11 11 11 11 11 11 11 11 11 11 11 23 23 23 23 23 23 23 3 3 3 3 3 23 23 23 23 23 23 23 23 23 23 23 23 23 23 23 23 23 23 23 23
11 11 11 11 11 11 11 11 11 11 11 11 23 23 23 23 23 23 23 11 11 11 11 11 11 23 23 23 23 23 23 23 23 23 23 23 23 23 23 23 23 23 23 23 23 23 23
11 11 11 11 11 11 11 11 11 11 11 11 23 23 23 23 23 23 23 11 11 11 11 11 11 23 23 23 23 23 23 23 23 23 23 23 23 23 23 23 23 23 23 23 23 23 23 23 23
11 11 11 11 11 11 11 11 11 11 11 11 23 23 23 23 23 23 23 11 11 11 11 11 11 23 23 23 23 23 23 23 23 23 23 23 23 23 23 23 23 23 23 23 23 23 23 23
11 11 11 11 11 11 11 11 11 11 11 11 23 23 23 23 23 23 23 11 11 11 11 11 11 23 23 23 23 23 23 23 23 23 23 23 23 23 23 23 23 23 23 23 23
11 11 11 11 11 11 11 11 11 11 11 11 23 23 23 23 23 23 23 23 23 23 23 23 23 23 23 23 23 23 23 23 23 23 23 23 23 23 23 23 23 23 23 23
11 11 11 11 11 11 11 11 11 11 11 11 23 23 23 23 23 23 23 23 23 23 23 23 23 23 23 23 23 23 23 23 23 23 23 23 23 23 23 23 23 23 23 23 23 23 23
11 11 11 11 11 11 11 11 11 11 11 11 23 23 23 23 23 23 23 23 23 23 23 23 23 23 23 23 23 23 23 23 23 23 23 23 23 23 23 23 23 23 23 23 23 23 23 23 23 23
11 11 11 11 11 11 11 11 11 11 11 11 23 23 23 23 23 23 23 23 23 23 23 23 23 23 23 23 23 23 23 23 23 23 23 23 23 23 23 23 23 23 23 23 23 23 23 23 23 23 23 23 23
11 11 11 11 11 11 11 11 11 11 11 11 23 23 23 23 23 23 23 23 23 23 23 23 11 11 11 11 11 11 23 23 23 23 23 23 23 23 23 23 23 23 23 23 23 23 23 23 23 23 23 23 23 23
11 11 11 11 11 11 11 11 11 11 11 11 23 23 23 23 23 23 23 23 23 23 23 23 23 23 23 23 23 23 23 23 23 23 23 23 23 23 23 23 23 23 23 23 23 23 23 23
11 11 11 11 11 11 11 11 11 11 11 11 23 23 23 23 23 23 23 23 23 23 23 23 23 23 23 23 23 23 23 23 23 23 23 23 23 23 23 23 23 23 23 23 23 23 23 23 23 23 23 23 23 23
11 11 11 11 11 11 11 11 11 11 11 11 23 23 23 23 23 23 23 23 23 23 3 3 3 3 3 23 23 23 23 23 23 23 23 23 23 23 23 23 23 23 23 23 23 23 23 23 23
11 11 11 11 11 11 11 11 11 11 11 11 23 23 23 23 23 23 23 11 11 11 16 16 11 11 11 11 11 23 23 23 23 23 23 23 23 23 23 23 23 23 23 23 23 23 23 23 23 23 23
11 11 11 11 11 11 11 11 11 11 11 11 23 23 23 23 23 23 23 23 23 23 11 11 11 11 11 11 23 23 23 23 23 23 23 23 23 23 23 23 23 23 23 23 23 23 23 23 23 23 23 23 23 23 23 23 23 23 23
11 11 11 11 11 11 11 11 11 11 11 11 23 23 23 23 23 23 23 23 23 23 23 11 11 11 11 11 11 23 23 23 23 23 23 23 23 23 23 23 23 23 23 23 23 23 23 23 23 23 23 23 23 23 23 23 23 23 23 23 23 23 23 23 23 23 23
11 11 11 11 11 11 11 11 11 11 11 11 23 23 23 23 23 23 23 23 23 23 23 11 11 11 11 11 11 23 23 23 23 23 23 23 23 23 23 23 23 23 23 23 23 23 23 23 23 23 23 23 23 23 23 23 23 23 23 23 23 23 23 23 23 23 23
11 11 11 11 11 11 11 11 11 11 11 11 23 23 23 23 23 23 23 23 23 23 23 11 11 11 11 11 11 23 23 23 23 23 23 23 23 23 23 23 23 23 23 23 23 23 23 23 23 23 23 23 23 23 23 23 23 23 23 23 23 23 23 23 23 23 23 23 23 23 23
11 11 11 11 11 11 11 11 11 11 11 11 23 23 23 23 23 23 23 23 23 23 23 11 11 11 11 11 11 23 23 23 23 23 23 23 23 23 23 23 23 23 23 23 23 23 23 23 23 23 23 23 23 23 23 23 23 23 23
11 11 11 11 11 11 11 11 11 11 11 11 23 23 23 23 23 23 23 23 23 23 23 11 11 11 11 11 11 23 23 23 23 23 23 23 23 23 23 23 23 23 23 23 23 23 23 23 23 23 23 23 23 23 23 23 23 23 23
11 11 11 11 11 11 11 11 11 11 11 11 23 23 23 23 23 23 23 23 23 23 23 11 11 11 11 11 11 23 23 23 23 23 23 23 23 23 23 23 23 23 23 23 23 23 23 23 23 23 23 23 23 23 23 23 23 23 23
11 11 11 11 11 11 11 11 11 11 11 11 23 23 23 23 23 23 23 23 23 23 23 11 11 11 11 11 11 23 23 23 23 23 23 23 23 23 23 23 23 23 23 23 23 23 23 23 23 23 23 23 23 23 23 23 23 23 23
11 11 11 11 11 11 11 11 11 11 11 11 23 23 23 23 23 23 23 23 23 23 23 11 11 11 11 11 11 23 23 23 23 23 23 23 23 23 23 23 23 23 23 23 23 23 23 23 23 23 23 23 23 23 23 23 23 23 23
11 11 11 11 11 11 11 11 11 11 11 11 23 23 23 23 23 23 23 23 23 23 23 11 11 11 11 11 11 23 23 23 23 23 23 23 23 23 23 23 23 23 23 23 23 23 23 23 23 23 23 23 23 23 23 23 23 23 23
11 11 11 11 11 11 11 11 11 11 11 11 23 23 23 23 23 23 23 23 23 23 23 11 11 11 11 11 11 23 23 23 23 23 23 23 23 23 23 23 23 23 23 23 23 23 23 23 23 23 23 23 23 23 23 23 23 23 23 23 23 23
11 11 11 11 11 11 11 11 11 11 11 11 23 23 23 23 23 23 23 23 23 23 23 11 11 11 11 11 11 23 23 23 23 23 23 23 23 23 23 23 23 23 23 23 23 23 23 23 23 23 23 23 23 23 23 23 23 23 23 23 23 23
11 11 11 11 11 11 11 11 11 11 11 11 23 23 23 23 23 23 23 23 23 23 23 11 11 11 11 11 11 23 23 23 23 23 23 23 23 23 23 23 23 23 23 23 23 23 23 23 23 23 23 23 23 23 23 23 23 23 23 23 23 23
11 11 11 11 11 11 11 11 11 11 11 11 23 23 23 23 23 23 23 23 23 23 23 11 11 11 11 11 11 23 23 23 23 23 23 23 23 23 23 23 23 23 23 23 23 23 23 23 23 23 23 23 23 23 23 23 23 23 23 23 23 23
11 11 11 11 11 11 11 11 11 11 11 11 23 23 23 23 23 23 23 23 23 23 23 11 11 11 11 11 11 23 23 23 23 23 23 23 23 23 23 23 23 23 23 23 23 23 23 23 23 23 23 23 23 23 23 23 23 23 23 23 23
11 11 11 11 11 11 11 11 11 11 11 11 23 23 23 23 23 23 23 23 23 23 23 11 16 16 11 11 11 23 23 23 23 11 11 11 11 23 23 23 23 23 23 23 23 23 23 23 23 23 23 23 23 23 23 23 23 23 23 23 23 23 23 23 23
11 11 11 11 11 11 11 11 11 11 11 11 23 23 23 23 23 23 23 23 23 23 23 11 16 16 11 11 11 23 23 23 23 11 11 11 11 23 23 23 23 23 23 23 23 23 23 23 23 23 23 23 23 23 23 23 23 23 23 23 23 23 23 23 23
11 11 11 11 11 11 11 11 11 11 11 11 23 23 23 23 23 23 23 23 23 23 23 11 11 11 11 11 11 23 23 23 23 23 23 23 23 23 23 23 23 23 23 23 23 23 23 23 23 23 23 23 23 23 23 23 23 23
11 11 11 11 11 11 11 11 11 11 11 11 23 23 23 23 23 23 23 23 23 23 23 11 11 11 11 11 11 23 23 23 23 23 23 23 23 23 23 23 23 23 23 23 23 23 23 23 23 23 23 23 23 23 23 23 23 23 23 23 23
11 11 11 11 11 11 11 11 11 11 11 11 23 23 23 23 23 23 23 23 23 23 23 11 11 11 11 11 11 23 23 23 23 23 23 23 23 23 23 23 23 23 23 23 23 23 23 23 23 23 23 23 23 23 23 23 23
11 11 11 11 11 11 11 11 11 11 11 11 23 23 23 23 23 23 23 23 23 23 23 11 11 11 11 11 11 23 23 23 23 23 23 23 23 23 23 23 23 23 23 23 23 23 23 23 23 23 23 23 23 23 23 23 23
11 11 11 11 11 11 11 11 11 11 11 11 23 23 23 23 23 23 23 23 23 23 23 23 11 11 11 11 11 11 23 23 23 23 23 23 23 23 23 23 23 23 23 23 23 23 23 23 23 23 23 23 23 23 23 23 23
11 11 11 11 11 11 11 11 11 11 11 11 23 23 23 23 23 23 23 23 23 23 23 11 11 11 11 11 11 23 23 23 23 23 23 23 23 23 23 23 23 23 23 23 23 23 23 23 23 23 23 23 23 23 23 23 23 23 23 23 23 23
11 11 11 11 11 11 11 11 11 11 11 11 23 23 23 23 23 23 23 23 23 23 23 11 11 11 11 11 11 23 23 23 23 23 23 23 23 23 23 23 23 23 23 23 23 23 23 23 23 23 23 23 23 23 23 23 23 23 23 23 23 23 23 23 23
11 11 11 11 11 11 11 11 11 11 11 11 23 23 23 23 23 23 23 23 23 23 23 11 11 11 11 11 11 23 23 23 11 11 11 11 11 11 23 23 23 23 23 23 23 23 23 23 23 23 23 23 23 23 23 23 23 23 23 23 23 23 23 23 23 23
11 11 11 11 11 11 11 11 11 11 11 11 23 23 23 23 23 23 23 23 23 23 23 11 11 11 11 11 11 23 23 23 23 23 23 23 23 23 23 23 23 23 23 23 23 23 23 23 23 23 23 23 23 23 23 23 23 23 23 23 23 23 23
11 11 11 11 11 11 11 23 23 11 11 11 11 11 23 23 23 23 23 23 23 23 23 23 23 23 23 23 23 23 23 23 23 23
11 11 11 11 11 11 11 23 23 11 11 11 11 11 23 23 23 23 23 23 23 23 23 23 23 23 23 23 23 23 23
11 11 11 11 11 11 11 23 23 11 11 11 11 11 23 23 23 23 23 23 23 23 23 23 23 23 23 23 23 23 23 23 23 23 23 23 23
11 11 11 11 11 11 11 23 23 11 11 11 16 16 23 23 11 11 11 11 23 23 23 23 23 23 23 23 23 23 23 23 23 23 23 23 23
11 11 11 11 11 11 11 23 23 11 11 11 11 11 23 23 23 23 11 11 11 11 11 11 23 23 23 23 23 23 23 23 23 23 23 23 23 23 23 23 23 23 23 23 23 23 23 23 23 23 23 23 23
11 11 11 11 11 11 11 23 23 11 11 11 11 11 23 23 23 23 23 23 11 11 11 11 11 11 23 23 23 23 23 23 23 23 23 23 23 23 23 23 23 23 23 23 23 23 23 23 23 23 23 23 23
11 11 11 11 11 11 11 23 23 11 11 11 11 11 23 23 23 23 11 11 11 11 11 11 23 23 23 23 23 23 23 23 23 23 23 23 23 23 23 23 23 23 23 23 23 23 23 23 23 23 23 23 23 23
11 11 11 11 11 11 11 23 23 11 11 11 11 11 23 23 23 23 11 11 11 11 11 11 23 23 23 23 23 23 23 23 23 23 23 23 23 23 23 23 23 23 23 23 23 23 23
11 11 11 11 11 11 11 23 23 11 11 11 11 11 23 23 23 23 11 11 11 11 11 11 23 23 23 23 23 23 23 23 23 23 23 23 23 23 23 23 23 23 23 23 23 23 23 23 23 23 23
11 11 11 11 11 11 11 23 23 11 11 11 11 11 23 23 23 23 23 23 23 11 11 11 11 11 11 23 23 23 23 23 23 23 23 23 23 23 23 23 23 23 23 23 23 23 23 23 23 23 23 23 23 23
11 11 11 11 11 11 11 23 23 11 11 11 11 11 23 23 23 23 23 23 23 23 23 23 23 23 23 23 23 23 23 23
11 11 11 11 11 11 11 23 23 11 11 11 11 11 23 23 23 23 23 23 11 11 11 11 11 11 23 23 23 23 23 23 23 23 23 23 23 23 23 23 23 23 23 23 23 23 23 23 23 23 23 23
11 11 11 11 11 11 11 23 23 11 11 11 11 11 23 23 23 11 11 11 11 11 11 23 23 23 23 23 23 23 23 23 23 23 23 23 23 23 23 23 23 23 23 23 23 23 23 23 23 23 23 23 23 23 23 23
11 11 11 11 11 11 11 23 23 11 11 11 11 11 23 23 11 11 11 11 11 11 23 23 23 23 23 23 23 23 23 23 23 23 23 23 23 23 23 23 23 23 23 23 23 23 23 23 23 23 23 23 23
11 11 11 11 11 11 11 23 23 11 11 11 11 11 23 23 11 11 11 11 11 11 23 23 23 23 23 23 23 23 23 23 23 23 23 23 23 23 23 23 23 23 23 23 23 23 23
11 11 11 11 11 11 11 23 23 11 11 11 11 11 23 23 11 11 11 11 11 11 23 23 23 23 23 23 23 23 23 23 23 23 23 23 23 23 23 23 23 23 23 23 23 23 23
11 11 11 11 11 11 11 23 23 11 11 11 11 11 23 23 11 11 11 11 11 11 23 23 23 23 23 23 23 23 23 23 23 23 23 23 23 23 23 23 23 23 23 23 23 23 23 23 23 23 23 23 23 23
11 11 11 11 11 11 11 23 23 11 11 11 11 11 23 23 23 23 23 23 23 23 23 23 23 23 23 23 23 23 23 23 23
11 11 11 11 11 11 11 23 23 11 11 11 11 11 23 23 23 23 23 23 11 11 11 11 11 11 23 23 23 23 23 23 23 23 23 23 23 23 23 23 23 23 23 23 23 23 23 23 23
11 11 11 11 11 11 11 23 23 11 11 11 11 11 23 23 23 23 23 23 11 11 11 11 11 11 23 23 23 23 23 23 23 23 23 23 23 23 23 23 23 23 23 23 23 23 23 23
11 11 11 11 11 11 11 23 23 11 11 11 11 11 23 23 23 23 23 23 23 23 23 23 23 23 23 23 23 23 23 23 23 23 23 23 23 23 23 23 23 23 23
11 11 11 11 11 11 11 23 23 11 11 11 11 11 23 23 23 23 23 23 11 11 11 11 11 11 23 23 23 23 23 23 23 23 23 23 23 23 23 23 23 23 23 23 23 23 23 23 23 23 23 23 23 23
11 11 11 11 11 11 11 23 23 11 11 11 11 11 23 23 23 23 23 23 23 23 23 23 23 23 23 23 23 23 23 23 23 23 23 23 23
11 11 11 11 11 11 11 23 23 11 11 11 11 11 23 23 23 23 23 23 23 23 23 23 23 23 23 23 23 23 23 23 23 23 23 23 23 23 23
11 11 11 11 11 11 11 23 23 11 11 11 11 11 23 23 23 23 23 23 23 23 23 23 23 23 23 23 23 23 23 23 23 23 23 23 23 23 23 23 23 23 23
11 11 11 11 11 11 11 23 23 11 11 11 11 11 23 23 23 23 23 23 23 23 23 23 23 23 23 23 23 23 23 23 23 23 23 23 23 23 23
11 11 11 11 11 11 11 23 23 11 11 11 11 11 23 23 23 23 23 23 23 23 23 23 23 23 23 23 23 23 23 23 23 23 23 23 23 23 23
11 11 11 11 11 11 11 23 23 11 11 11 11 11 23 23 23 23 23 23 23 23 23 23 23 23 23 23 23 23 23 23 23 23 23 23 23 23 23 23 23 23 23
11 11 11 11 11 11 11 23 23 11 16 16 11 11 23 23 11 11 11 11 23 23 23 23 23 23 23 23 23 23 23 23 23 23 23 23 23
11 11 11 11 11 11 11 23 23 11 16 16 11 11 23 23 11 11 11 11 23 23 23 23 23 23 23 23 23 23 23 23 23 23 23 23 23
11 11 11 11 11 11 11 23 23 11 16 16 11 11 23 23 11 11 11 11 23 23 23 23 23 23 23 23 23 23 23 23 23 23 23 23 23
11 11 11 16 16 11 16 16 11 11 11 11 23 23 11 11 23 23 23 23 23 23 23 23 23 23 23 23 23 23 23 23
11 11 11 16 16 11 16 16 11 11 11 11 23 23 11 11 23 23 23 23 23 23 23 23 23 23 23 23 23 23 23 23 23 23
11 11 11 16 16 11 16 16 11 11 11 11 23 23 11 11 23 23 23 23 23 23 23 23 23 23 23 23
11 11 11 16 16 11 16 16 11 11 11 11 23 23 11 11 23 23 23 23 23 23 23 23 23 23
11 11 11 16 16 11 16 16 11 11 11 11 23 23 11 11 23 23 23 23 23 23 23 23 23 23 23 23 23
11 11 11 16 16 11 11 11 16 16 11 11 11 11 23 23 23 23 23 23 23 23 23 23 23 23 23 23 23 23 23 23
11 11 11 16 16 11 11 11 16 16 11 11 11 11 23 23 23 23 23 23 23 23 23 23 23 23 23 23 23 23 23 23 23 23 23
11 11 11 16 16 11 11 11 16 16 11 11 11 11 23 23 23 23 23 23 23 23 23 23 23 23 23 23 23 23 23 23 23
11 11 11 16 16 11 11 11 16 16 11 11 11 11 23 23 11 11 11 11 11 11 23 23 23 23 23 23 23 23 23 23 23 23 23 23 23 23 23
11 11 11 16 16 11 11 11 16 16 11 11 11 11 23 23 23 23 23 23 23 23 23 23 23 23 23 23 23
11 11 11 6 6 11 3 0 0 23 23 11 11 11 11 23 11 11 11 11 11 11 23 23 23 23 23 23 23 23 23 23 23 23 23 23 23 23 23
11 11 11 6 6 11 3 0 0 23 23 11 11 11 11 23 11 11 11 11 11 11 23 23 23 23 23 23 23 23 23 23 23 23 23 23 23 23 23 23 23 23 23 23 23 23 23 23 23 23 23
11 11 11 6 6 11 3 0 0 23 23 11 11 11 11 23 11 11 11 11 11 11 23 23 23 23 23 23 23 23 23 23 23 23 23 23 23 23 23 23 23 23 23 23 23 23 23
11 11 11 6 6 11 3 0 0 23 23 11 11 11 11 23 11 11 11 11 11 11 23 23 23 23 23 23 23 23 23 23 23 23 23 23 23 23 23
11 11 11 6 6 11 3 0 0 23 23 11 11 11 11 23 11 11 11 11 11 11 23 23 23 23 23 23 23 23 23 23 23 23 23 23 23 23 23
11 11 11 6 6 11 3 0 0 23 23 11 11 11 11 23 11 11 11 11 11 11 23 23 23 23 23 23 23 23 23 23 23 23 23 23 23 23 23
11 11 11 6 6 11 3 0 0 23 23 11 11 11 11 23 11 11 11 11 11 11 23 23 23 23 23 23 23 23 23 23 23 23 23 23 23 23 23 23 23 23 23 23 23 23 23 23 23 23 23 23 23 23 23 23 23 23
11 11 11 16 16 11 11 11 11 11 23 23 11 11 11 11 11 11 23 23 23 23 23 23 23 23 23 23 23 23 23 23 23 23 23 23 23 23 23 23 23 23 23 23 23 23 23 23 23 23 23 23 23 23 23
11 11 11 16 16 11 11 11 11 11 23 23 11 11 11 11 11 11 23 23 23 23 23 23 23 23 23 23 23 23 23 23 23 23 23 23 23 23 23 23 23 23 23 23 23 23 23 23 23 23 23 23 23 23 23
11 11 11 16 16 11 11 11 11 11 23 23 11 11 11 11 11 11 23 23 23 23 23 23 23 23 23 23 23 23 23 23 23 23 23 23 23 23 23 23 23 23 23 23 23 23 23 23 23
11 11 11 16 16 11 11 11 11 11 23 23 11 11 11 11 11 11 23 23 23 23 23 23 23 23 23 23 23 23 23 23 23 23 23 23 23 23 23 23 23 23 23 23 23 23 23 23 23 23 23 23 23 23 23
11 11 11 16 16 11 11 11 11 11 23 23 11 11 11 11 11 11 23 23 23 23 23 23 23 23 23 23 23 23 23 23 23 23 23 23 23 23 23 23 23 23 23 23 23 23 23 23 23 23 23 23 23 23 23
11 11 11 16 16 11 11 11 11 11 23 23 11 11 11 11 11 11 23 23 23 23 23 23 23 23 23 23 23 23 23 23 23 23 23 23 23 23 23 23 23 23 23 23 23 23 23 23 23 23 23 23 23 23 23
11 11 11 16 16 11 11 11 11 11 23 23 11 11 11 11 11 11 23 23 23 23 23 23 23 23 23 23 23 23 23 23 23 23 23 23 23 23 23 23 23 23 23 23 23 23 23 23 23 23 23 23 23 23 23
11 11 11 16 16 11 11 11 11 11 23 23 11 11 11 11 11 11 23 23 23 23 23 23 23 23 23 23 23 23 23 23 23 23 23 23 23 23 23 23 23 23 23 23 23 23 23 23 23 23 23 23 23 23 23 23 23 23 23 23
11 11 11 16 16 11 11 11 11 11 23 23 11 11 11 11 11 11 23 23 23 23 23 23 23 23 23 23 23 23 23 23 23 23 23 23 23 23 23
11 11 11 16 16 11 11 11 11 11 23 23 11 11 11 11 11 11 23 23 23 23 23 23 23 23 23 23 23 23 23 23 23 23 23 23 23 23 23 23 23 23 23 23 23 23 23 23 23 23 23 23 23 23 23
11 11 11 16 16 11 11 11 11 11 23 23 11 11 11 11 11 11 23 23 23 23 23 23 23 23 23 23 23 23 23 23 23 23 23 23 23 23 23 23 23 23 23 23 23 23 23 23 23 23 23 23 23 23 23
11 11 11 16 16 11 11 11 11 11 23 23 11 11 11 11 11 11 23 23 23 23 23 23 23 23 23 23 23 23 23 23 23 23 23 23 23 23 23 23 23 23 23 23 23
11 11 11 16 16 11 11 11 11 11 23 23 11 11 11 11 11 11 23 23 23 23 23 23 23 23 23 23 23 23 23 23 23 23 23 23 23 23 23 23 23 23 23 23 23 23 23 23 23 23 23 23 23 23 23 23 23 23
11 11 11 16 16 11 11 11 11 11 23 23 11 11 11 11 11 11 23 23 23 23 23 23 23 23 23 23 23 23 23 23 23 23 23 23 23 23 23 23 23 23 23 23 23 23 23 23 23 23 23 23 23 23 23 23 23 23 23
11 11 11 16 16 11 11 11 11 11 23 23 11 11 11 11 11 11 23 23 23 23 23 23 23 23 23 23 23 23 23 23 23 23 23 23 23 23 23 23 23 23 23 23 23 23 23 23 23 23 23 23 23 23 23 23 23 23
11 11 11 16 16 11 11 11 11 11 23 23 11 11 11 11 11 11 23 23 23 23 23 23 23 23 23 23 23 23 23 23 23 23 23 23 23
11 11 11 16 16 11 11 11 11 11 23 23 11 11 11 11 11 11 23 23 23 23 23 23 23 23 23 23 23 23 23 23 23 23 23 23
11 11 11 16 16 11 11 11 11 11 23 23 11 11 11 11 11 11 23 23 23 23 23 23 23 23 23 23 23 23 23 23 23 23 23 23 23 23 23 23
11 11 11 16 16 11 11 11 11 11 23 23 11 11 11 11 11 11 23 23 23 23 23 23 23 23 23 23 23 23 23 23 23 23 23 23 23 23
11 11 11 16 16 11 11 11 11 11 23 23 11 11 11 11 11 11 23 23 23 23 23 23 23 23 23 23 23 23 23 23 23 23 23 23 23 23 23 23 23 23 23
11 11 11 16 16 11 11 11 11 11 23 23 11 11 11 11 11 11 23 23 23 23 23 23 23 23 23 23 23 23 23 23 23 23 23 23 23 23 23 23 23 23 23 23 23 23
11 11 11 16 16 11 11 11 11 11 23 23 11 11 11 11 11 11 23 23 23 23 23 23 23 23 23 23 23 23 23 23
11 11 11 16 16 11 11 11 11 11 23 23 11 11 11 11 16 16 23 23 11 11 11 11 23 23 23 23 23 23 23 23 23 23 23 23 23 23 23
11 11 11 16 16 11 11 11 11 11 23 23 11 11 11 11 16 16 23 23 11 11 11 11 23 23 23 23 23 23 23 23 23 23 23 23 23 23
11 11 11 16 16 11 11 11 11 11 23 23 11 11 11 11 11 11 23 23 23 23 23 23 23 23 23 23 23 23 23 23 23 23 23
11 11 11 16 16 11 11 11 11 11 23 23 11 11 11 11 11 11 23 23 23 23 23 23 23 23 23 23 23 23 23 23 23 23 23
11 11 11 16 16 11 11 11 11 11 23 23 11 11 11 11 11 11 23 23 23 23 23 23 23 23 23 23 23 23 23 23 23 23 23 23
11 11 11 16 16 11 11 11 11 11 23 23 11 11 11 11 11 11 23 23 23 23 23 23 23 23 23 23 23 23 23 23 23 23 23 23 23 23 23 23
11 11 11 16 16 11 11 11 11 11 23 23 11 11 11 11 11 11 23 23 23 23 23 23 23 23 23 23 23 23 23 23
11 11 11 16 16 11 11 11 11 11 23 23 11 11 11 11 11 11 23 23 23 23 23 23 23 23 23 23 23 23 23 23
11 11 11 16 16 11 11 11 11 11 23 23 11 11 11 11 11 11 23 23 23 23 23 23 23 23 23 23 23 23 23 23 23
11 11 11 16 16 11 11 11 11 11 23 23 11 11 11 11 11 11 23 23 23 23 23 23 23 23 23 23 23 23 23 23 23 23 23 23 23 23 23 23
11 11 11 16 16 11 11 11 11 11 23 23 11 11 11 11 11 11 23 23 23 23 23 23 23 23 23 23 23 23 23 23 23 23 23 23 23 23 23 23
11 11 11 16 16 11 11 11 11 11 23 23 11 11 11 11 11 11 23 23 23 23 23 23 23 23 23 23 23 23 23 23 23 23 23 23 23 23 23 23 23
11 11 11 16 16 11 11 11 11 11 23 23 11 11 11 11 11 11 23 23 23 23 23 23 23 23 23 23 23 23 23 23 23 23 23 23 23 23 23 23 23 23 23 23
11 11 11 16 16 11 11 11 11 11 23 23 11 11 11 11 11 11 23 23 23 23 23 23 23 23 23 23 23 23 23 23 23 23 23 23 23 23 23 23 23
11 11 11 16 16 11 11 11 11 11 23 23 11 11 11 11 11 11 23 23 23 23 23 23 23 23 23 23 23 23 23 23 23 23 23 23 23 23 23 23 23 23 23 23 23
11 11 11 16 16 11 11 11 11 11 23 23 11 11 11 11 11 11 23 23 23 23 23 23 23 23 23 23 23 23 23 23 23 23 23 23 23 23 23 23
11 11 11 16 16 11 11 11 11 11 23 23 11 11 11 11 11 11 23 23 23 23 23 23 23 23 23 23 23 23 23 23 23 23 23 23 23 23 23 23
11 11 11 16 16 11 11 11 11 11 23 23 11 11 11 11 16 16 23 23 11 11 11 11 23 23 23 23 23 23 23 23 23 23 23 23 23 23 23 23
11 11 11 16 16 11 11 11 11 11 23 23 11 11 11 11 11 11 23 23 23 23 23 23 23 23 23 23 23 23 23 23 23 23 23 23 23 23 23 23 23 23
11 11 11 16 16 11 11 11 11 11 23 11 11 11 11 11 11 23 23 23 23 23 23 23 23 23 23 23 23 23 23 23 23 23
11 11 11 16 16 11 11 11 11 11 23 23 11 11 11 11 11 11 23 23 23 23 23 23 23 23 23 23 23 23 23 23 23 23 23 23
11 11 11 16 16 11 11 11 11 11 23 11 11 11 11 11 11 23 23 23 23 23 23 23 23 23 23 23 23 23 23 23 23 23 23 23 23
11 11 11 16 16 11 11 11 11 11 23 11 11 11 11 11 11 23 23 23 23 23 23 23 23 23 23 23 23 23 23 23 23 23 23
11 11 11 16 16 11 11 11 11 11 23 23 23 23 23 23 23 23 23 23 23
11 11 11 16 16 11 11 11 11 11 23 23 11 11 11 11 16 16 23 23 23 23 23 23 23 23 23 23 23 23 23 23 23 11 11 11 11 23 23 23 23 23 23 23 23 23 23 23 23 23 23 23 23 23 23 23 23 23 23 23 23
11 11 11 16 16 11 11 11 11 11 23 23 23 23 11 11 11 11 11 11 23 23 23 23 23 23 23 23 23 23 23 23
11 11 11 16 16 11 11 11 11 11 23 23 23 23 11 11 11 11 11 11 23 23 23 23 23 23 23 23 23 23 23 23 23
11 11 11 16 16 11 11 11 11 11 23 23 23 23 11 11 11 11 11 11 23 23 23 23 23 23 23 23 23 23 23 23
11 11 11 16 16 11 11 11 11 11 23 23 11 11 11 11 16 16 23 23 11 11 11 11 23 23 23 23 23 23 23 23 23 23 23 23 23 23 23
11 11 11 16 16 11 11 11 11 11 11 23 23 11 11 11 11 11 11 11 11 11 11 11 23 23 23 23 23 23 23 23 23 23 23 23 23 23 23 23 23 23 23 23 23 23 23 23 23 23 23 23 23 23 23 23 23 23 23 23 23 23 23 23 23 23 23 23
11 11 11 16 16 11 11 11 11 11 11 23 23 11 11 11 11 11 11 11 11 11 11 11 23 23 23 23 23 23 23 23 23 23 23 23 23 23 23 23 23 23 23 23 23 23 23 23 23 23
11 11 11 16 16 11 11 11 11 11 11 23 23 11 11 11 11 11 11 11 11 11 11 11 23 23 23 23 23 23 23 23 23 23 23 23 23 23 23 23 23 23 23 23
11 11 11 16 16 11 11 11 11 11 11 23 23 11 11 11 11 11 11 11 11 11 11 11 23 23 23 23 23 23 23 23 23 23 23 23 23 23 23 23 23 23 23 23
11 11 11 16 16 11 11 11 11 11 23 23 11 11 11 11 11 11 11 11 11 11 11 11 23 23 23 23 23 23 23 23 23 23 23 23 23 23 23 23 23 23 23 23 23 23 23 23 23 23
11 11 11 16 16 11 11 11 11 11 23 23 11 11 11 11 11 11 11 11 11 11 11 11 23 23 23 23 23 23 23 23 23 23 23 23 23 23 23 23 23 23 23 23 23 23 23 23 23 23 23 23 23 23 23 23
11 11 11 16 16 11 11 11 11 11 11 23 23 11 11 11 11 11 11 11 11 11 11 11 23 23 23 23 23 23 23 23 23 23 23 23 23 23 23 23 23 23 23 23 23 23 23 23 23 23 23 23 23 23 23 23
11 11 11 16 16 11 11 11 11 11 11 23 23 11 23 23 11 11 16 16 11 11 11 16 16 11 11 11 11 11 11 11 11 11 23 23 23 23 23 23 23 23 23 23 23 23 23 23 23 23 23 23 23 23 23 23
11 11 11 11 16 11 16 16 11 16 11 11 16 11 11 11 11 16 23 23 23 23 23 23 23 23 23 23 23 23
11 11 11 16 16 11 11 11 11 11 23 23 23 23 23 23 23 23 23 23 23 23 23 23 23 23 23 23 23 23 23 23 23 23 23 23 23 23 23 23 23 23
11 11 11 16 16 11 11 11 11 11 23 23 23 23 23 23 23 23 23 23 23 23 23 23 23 23 23 23 23 23 23 23 23 23 23 23
11 11 11 16 16 11 11 11 11 11 23 23 23 23 23 23 23 23 23 23 23 23 23 23 23 23 23 23 23 23
11 11 11 16 16 11 11 11 11 11 23 23 23 23 23 23 23 23 23 23 23 23 23 23 23 23 23 23 23 23 23 23 23 23 23 23 23 23 23 23 23 23 23 23 23 23 23 23
11 11 11 16 16 11 11 11 11 11 23 23 11 23 11 11 11 11 11 23 23 23 23 23 23 23 23 23 23 23 23 23 23 23 23 23 23 23
11 11 11 16 16 11 11 11 11 11 23 23 23 23 11 11 11 11 11 11 11 11 11 11 11 11 23 23 23 23 23 23 23 23 23 23 23 23 23 23 23 23 23 23 23 23 23 23 23 23 23 23 23 23 23 23
11 11 11 16 16 11 11 11 11 11 23 23 23 23 23 23 23 23 23 23 23 23 23 23 23 23 23 23 23 23 23 23 23 23 23 23 23 23 23 23 23 23 23 23 23 23 23 23 23 23 23 23 23 23
11 11 11 16 16 11 11 11 11 11 23 23 23 20 19 19 19 19 11 11 11 11 11 11 11 11 20 20 23 23 23 23 23 23 23 23 23 23 23 23 23 23 23 23 23 23 23
11 11 11 16 16 11 11 11 11 11 23 23 23 11 16 16 16 16 11 11 11 11 11 11 11 11 11 23 23 23 23 23 23 23 23 23 23 23 23 23 23 23
11 11 11 16 16 11 11 11 11 11 23 23 23 23 11 11 11 11 11 11 11 11 11 11 11 11 23 23 23 23 23 23 23 23 23 23 23 23 23 23 23 23 23
11 11 11 16 16 11 11 11 11 11 23 23 23 11 16 16 16 16 11 11 11 11 11 11 11 11 11 23 23 23 23 23 23 23 23 23 23 23 23 23 23 23 23 23
11 11 11 16 16 11 11 11 11 11 23 23 23 11 16 16 16 16 11 11 11 11 11 11 11 11 11 23 23 23 23 23 23 23 23 23 23 23 23 23 23 23
11 11 11 16 16 11 11 11 11 11 23 23 23 3 0 0 0 0 11 11 11 11 11 11 11 11 23 23 23 23 23 23 23 23 23 23 23 23 23 23 23
11 11 11 16 16 11 11 11 11 11 23 23 23 20 19 19 19 19 11 11 11 11 11 11 11 11 20 20 23 23 23 23 23 23 23 23 23 23 23 23 23 23 23 23 23
11 11 11 16 16 11 11 11 11 11 23 23 23 23 23 23 23 23 23 23 23 23
11 11 11 16 16 11 11 11 11 11 23 23 11 11 11 11 11 11 23 23 23 23 23 23 23 23 23 23 23 23 23 23 23 23 23 23 23 23 23 23 23 23 23 23 23 23 23 23 23 23 23 23 23 23
11 11 11 16 16 11 11 11 11 11 23 23 11 11 11 11 11 11 23 23 23 23 23 23 23 23 23 23 23 23 23 23 23 23 23 23 23 23 23 23 23 23 23 23 23 23 23 23 23 23
11 11 11 16 16 11 11 11 11 11 23 23 11 11 11 11 11 11 23 23 23 23 23 23 23 23 23 23 23 23 23 23 23 23 23 23 23 23 23 23 23 23 23 23 23 23 23 23 23 23 23 23 23 23 23 23 23
11 11 11 16 16 11 11 11 11 11 23 23 11 11 11 11 11 11 23 23 23 23 23 23 23 23 23 23 23 23 23 23 23 23 23 23 23 23 23 23 23 23 23 23 23 23 23 23 23 23 23 23 23 23
11 11 11 16 16 11 11 11 11 11 23 23 11 11 11 11 11 11 23 23 23 23 23 23 23 23 23 23 23 23 23 23 23 23 23 23 23 23 23 23 23 23 23 23 23 23 23 23 23 23 23 23 23 23 23 23 23
11 11 11 16 16 11 11 11 11 11 23 11 11 11 11 11 11 23 23 23 23 23 23 23 23 23 23 23 23 23 23 23 23 23 23 23 23 23 23 23 23 23 23 23
11 11 11 16 16 11 11 11 11 11 23 11 11 11 11 11 11 23 23 23 23 23 23 23 23 23 23 23 23 23 23 23 23 23 23 23 23 23 23 23 23 23 23
11 11 11 16 16 11 11 11 11 11 23 11 11 11 11 11 11 23 23 23 23 23 23 23 23 23 23 23 23 23 23 23 23 23 23 23 23 23 23 23 23 23 23 23 23 23 23
11 11 11 16 16 11 11 11 11 11 23 11 11 11 11 11 11 23 23 23 23 23 23 23 23 23 23 23 23 23 23 23 23 23 23 23 23 23 23 23 23 23 23 23 23 23 23 23 23 23
11 11 11 16 16 11 11 11 11 11 23 11 11 11 11 11 11 23 23 23 23 23 23 23 23 23 23 23 23 23 23 23 23 23 23 23 23 23 23 23 23 23 23
11 11 11 16 16 11 11 11 11 11 23 11 11 11 11 11 11 23 23 23 23 23 23 23 23 23 23 23 23 23 23 23 23 23 23 23 23 23 23 23 23 23 23 23 23 23
11 11 11 16 16 11 11 11 11 11 23 11 11 11 11 11 11 23 23 23 23 23 23 23 23 23 23 23 23 23 23 23 23 23 23 23 23 23 23 23 23 23 23 23 23 23 23 23 23
11 11 11 16 16 11 11 11 11 11 23 11 11 11 11 11 11 23 23 23 23 23 23 23 23 23 23 23 23 23 23 23 23 23 23 23 23 23 23 23 23 23 23 23 23 23 23
11 11 11 16 16 11 11 11 11 11 23 11 11 11 11 11 11 23 23 23 23 23 23 23 23 23 23 23 23 23 23 23 23 23 23 23 23 23 23 23 23 23 23 23 23 23 23 23 23 23
11 11 11 16 16 11 11 11 11 11 23 11 11 11 11 11 11 23 23 23 23 23 23 23 23 23 23 23 23 23 23 23 23 23 23 23 23 23 23 23 23 23 23 23 23 23 23 23 23 23 23 23 23
11 11 11 16 16 11 11 11 11 11 23 11 11 11 11 11 11 23 23 23 23 23 23 23 23 23 23 23 23 23 23 23 23 23 23 23 23 23 23 23 23 23 23 23 23 23 23 23 23 23
11 11 11 16 16 11 11 11 11 11 23 23 11 11 11 11 11 11 23 23 23 23 23 23 23 23 23 23 23 23 23 23 23 23 23 23 23 23 23 23 23 23 23
11 11 11 16 16 11 11 11 11 11 23 23 11 11 11 11 11 11 23 23 23 23 23 23 23 23 23 23 23 23 23 23 23 23 23 23 23 23 23 23 23 23 23 23 23 23 23
11 11 11 16 16 11 11 11 11 11 23 23 11 11 11 11 11 11 23 23 23 23 23 23 23 23 23 23 23 23 23 23 23 23 23 23 23 23 23 23 23 23 23 23 23 23 23 23 23 23
11 11 11 16 16 11 11 11 11 11 23 23 11 11 11 11 16 16 23 23 11 11 11 11 23 23 23 23 23 23 23 23 23 23 23 23 23 23 23 23 23
11 11 11 16 16 11 11 11 11 11 23 23 11 11 11 11 11 11 23 23 23 23 23 23 23 23 23 23 23 23 23 23 23 23 23
11 11 11 16 16 11 11 11 11 11 23 23 11 11 11 11 11 11 23 23 23 23 23 23 23 23 23 23 23 23 23 23 23 23 23 23 23 23
11 11 11 16 16 11 11 11 11 11 23 11 11 11 11 11 11 23 23 23 23 23 23 23 23 23 23 23 23 23 23 23 23 23 23 23 23 23 23 23 23 23 23
11 11 11 16 16 11 11 11 11 11 23 11 11 11 11 11 11 23 23 23 23 23 23 23 23 23 23 23 23 23 23 23 23 23 23 23 23 23 23 23 23 23 23
11 11 11 16 16 11 11 11 11 11 23 11 11 11 11 11 11 23 23 23 23 23 23 23 23 23 23 23 23 23 23 23 23 23 23 23 23 23 23 23 23 23 23
11 11 11 16 16 11 11 11 11 11 23 11 11 11 11 11 11 23 23 23 23 23 23 23 23 23 23 23 23 23 23 23 23 23 23
11 11 11 16 16 11 11 11 11 11 23 11 11 11 11 11 11 23 23 23 23 23 23 23 23 23 23 23 23 23 23 23 23 23 23 23 23 23 23 23 23 23 23 23 23 23 23
11 11 11 16 16 11 11 11 11 11 23 11 11 11 11 11 11 23 23 23 23 23 23 23 23 23 23 23 23 23 23 23 23 23 23 23 23 23 23 23 23 23 23 23 23 23 23
11 11 11 16 16 11 11 11 11 11 23 11 11 11 11 11 11 23 23 23 23 23 23 23 23 23 23 23 23 23 23 23 23 23 23 23 23 23 23 23 23 23 23 23 23 23 23
11 11 11 16 16 11 11 11 11 11 23 11 11 11 11 11 11 23 23 23 23 23 23 23 23 23 23 23 23 23 23 23 23 23 23 23 23 23 23 23 23 23 23 23 23 23 23
11 11 11 16 16 11 11 11 11 11 23 11 16 16 11 11 11 23 23 23 11 11 11 11 23 23 23 23 23 23 23 23 23 23 23 23 23 23 23 23 23
11 11 11 16 16 11 11 11 11 11 23 11 11 11 11 11 11 23 23 23 23 23 23 23 23 23 23 23 23 23 23 23 23 23 23 23
11 11 11 16 16 11 11 11 11 11 23 11 11 11 11 11 11 23 23 23 23 23 23 23 23 23 23 23 23 23 23 23 23 23 23 23
11 11 11 16 16 11 11 11 11 11 23 11 11 11 11 11 11 23 23 23 23 23 23 23 23 23 23 23 23 23 23 23 23 23 23 23 23 23 23 23 23 23 23 23 23 23 23 23
11 11 11 16 16 11 11 11 11 11 23 11 11 11 11 11 11 23 23 23 23 23 23 23 23 23 23 23 23 23 23 23 23 23 23 23 23 23 23 23 23 23 23 23
11 11 11 16 16 11 11 11 11 11 23 11 11 11 11 11 11 23 23 23 23 23 23 23 23 23 23 23 23 23 23 23 23 23 23 23 23 23 23 23 23 23 23 23 23 23 23 23
11 11 11 16 16 11 11 11 11 11 23 11 11 11 11 11 11 23 23 23 23 23 23 23 23 23 23 23 23 23 23 23 23 23 23 23 23 23 23 23 23 23 23 23
11 11 11 16 16 11 11 11 11 11 23 23 11 11 11 11 11 11 23 23 23 23 23 23 23 23 23 23 23 23 23 23 23 23 23 23 23 23 23 23 23 23 23 23 23 23 23
11 11 11 16 16 11 11 11 11 11 23 23 11 11 11 11 11 11 23 23 23 23 23 23 23 23 23 23 23 23 23 23 23 23 23 23 23 23 23 23 23 23 23 23 23 23 23
11 11 11 16 16 11 11 11 11 11 23 11 11 11 11 11 11 23 23 23 23 23 23 23 23 23 23 23 23 23 23 23 23 23 23 23 23 23 23 23 23 23 23 23 23 23
11 11 11 16 16 11 11 11 11 11 23 11 11 11 11 11 11 23 23 23 23 23 23 23 23 23 23 23 23 23 23 23 23 23 23 23 23 23 23 23 23 23 23 23 23 23
11 11 11 16 16 11 11 11 11 11 23 11 11 11 11 11 11 23 23 23 23 23 23 23 23 23 23 23 23 23 23 23 23 23 23 23 23 23 23 23 23 23 23 23 23 23
11 11 11 16 16 11 11 11 11 11 23 11 11 11 11 11 11 23 23 23 23 23 23 23 23 23 23 23 23 23 23 23 23 23 23 23 23 23 23 23 23 23 23 23 23 23 23 23 23 23
11 11 11 16 16 11 11 11 11 11 23 11 16 16 11 11 11 23 23 23 11 11 11 11 23 23 23 23 23 23 23 23 23 23 23 23 23 23 23 23 23 23 23 23
11 11 11 16 16 11 11 11 11 11 23 11 11 11 11 11 11 23 23 23 23 23 23 23 23 23 23 23 23 23 23 23 23 23 23 23 23 23 23 23 23 23 23 23
11 11 11 16 16 11 11 11 11 11 23 11 11 11 11 11 11 23 23 23 23 23 23 23 23 23 23 23 23 23 23 23 23 23 23 23 23 23 23
11 11 11 16 16 11 11 11 11 11 23 23 11 11 11 11 11 11 23 23 23 23 23 23 23 23 23 23 23 23 23 23 23 23 23
11 11 11 16 16 11 11 11 11 11 23 23 11 11 11 11 11 11 23 23 23 23 23 23 23 23 23 23 23 23 23 23 23 23 23 23 23 23
11 11 11 16 16 11 11 11 11 11 23 23 23 23 23 23 23 23 23 23 23 23 23
11 11 11 16 16 11 11 11 11 11 23 23 23 23 23 23 23 23 23 23 23 23 23
11 11 11 16 16 11 11 11 11 11 23 23 23 23 23 23 23 23 23 23
11 11 11 16 16 11 11 11 11 11 23 23 23 23 23 23 23 23 23 23
11 11 11 16 16 11 11 11 11 11 23 23 23 23 23 23 23 23 23 23
11 11 11 16 16 11 11 11 11 11 23 23 23 23 23 23 23 23 23 23
11 11 11 16 16 11 11 11 11 11 23 23 23 23 23 23 23 23 23 23 23 23 23 23
11 11 11 16 16 11 11 11 11 11 23 23 23 23 23 23 23 23 23 23 23 23 23 23 23 23 23
11 11 11 16 16 11 11 11 11 11 23 23 23 23 23 23 23 23 23 23 23 23 23 23 23 23 23 23 23 23
11 11 11 16 16 11 11 11 11 11 23 23 23 23 23 23 23 23 23 23 23 23 23 23 23 23 23
11 11 11 16 16 11 11 11 11 11 23 23 23 23 23 23 23 23 23 23 23 23 23 23 23 23 23 23 23 23
11 11 11 16 16 11 11 11 11 11 23 23 23 23 23 23 23 23 23 23 23 23 23 23 23 23 23 23 23 23 23 23 23
11 11 11 16 16 11 11 11 11 11 23 23 23 23 23 23 23 23 23 23 23 23 23 23
11 11 11 16 16 11 11 11 11 11 23 23 23 23 23 23 23 23 23 23 23 23 23
11 11 11 16 16 11 11 11 11 11 23 23 23 23 23 23 23 23 23 23 23 23 23
11 11 11 16 16 11 11 11 11 11 23 23 23 23 23 23 23 23 23 23
11 11 11 16 16 11 11 11 11 11 23 23 23 23 23 23 23 23 23 23
11 11 11 16 16 11 11 11 11 11 23 23 23 23 23 23 23 23 23 23
11 11 11 16 16 11 11 11 11 11 23 23 23 23 23 23 23 23 23 23
11 11 11 16 16 11 11 11 11 11 23 23 23 23 23 23 23 23 23 23 23 23 23 23
11 11 11 16 16 11 11 11 11 11 23 23 23 23 23 23 23 23 23 23 23 23 23
11 11 11 16 16 11 11 11 11 11 23 23 23 23 23 23 23 23 23 23 23 23 23
11 11 11 16 16 11 11 11 11 11 23 23 23 23 23 23 23 23 23 23
11 11 11 16 16 11 11 11 11 11 23 23 23 23 23 23 23 23 23 23
11 11 11 16 16 11 11 11 11 11 23 23 23 23 23 23 23 23 23 23
11 11 11 16 16 11 11 11 11 11 23 23 23 23 23 23 23 23 23 23
11 11 11 16 16 11 11 11 11 11 23 23 23 23 23 23 23 23 23 23
11 11 11 16 16 11 11 11 11 11 23 23 23 23 23 23 23 23 23 23 23 23 23 23 23 23
11 11 11 16 16 11 11 11 11 11 23 23 23 23 11 11 11 11 11 11 23 23 23 23 23 23 23 23 23 23 23 23
11 11 11 16 16 11 11 11 11 11 23 23 23 23 11 11 11 11 11 11 23 23 23 23 23 23 23 23 23 23 23 23 23 23
11 11 11 16 16 11 11 11 11 11 23 23 23 23 11 11 11 11 11 11 23 23 23 23 23 23 23 23 23 23 23 23 23 23 23 23
11 11 11 16 16 11 11 11 11 11 23 23 23 23 11 11 11 11 11 11 23 23 23 23 23 23 23 23 23 23 23 23 23 23 23 23 23 23 23 23 23 23 23
11 11 11 16 16 11 11 11 11 11 23 23 23 23 11 11 11 11 11 11 23 23 23 23 23 23 23 23 23 23 23 23 23 23 23 23 23 23 23 23 23 23 23 23 23 23
11 11 11 16 16 11 11 11 11 11 23 23 23 23 11 11 11 11 11 11 23 23 23 23 23 23 23 23 23 23 23 23 23 23 23 23 23 23 23 23 23 23 23 23
11 11 11 16 16 11 11 11 11 11 23 23 23 23 11 11 11 11 11 11 23 23 23 23 23 23 23 23 23 23 23 23 23 23 23 23 23 23 23 23
11 11 11 16 16 11 11 11 11 11 23 23 23 23 11 11 11 11 11 11 23 23 23 23 23 23 23 23 23 23 23 23 23 23 23 23 23 23 23 23 23 23 23 23 23 23 23
11 11 11 16 16 11 11 11 11 11 23 23 23 23 11 11 11 11 11 11 23 23 23 23 23 23 23 23 23 23 23 23 23 23 23 23 23 23 23 23 23 23 23 23 23 23 23 23 23 23
11 11 11 16 16 11 11 11 11 11 23 23 23 23 11 11 11 11 11 11 23 23 23 23 23 23 23 23 23 23 23 23 23 23 23 23 23 23 23 23 23 23 23 23 23 23 23 23
11 11 11 16 16 11 23 23 11 11 11 11 23 20 19 19 20 20 19 19 11 11 11 11 11 11 11 11 23 23 23 23 23 23 23 23 23 23 23 23 23 23 23 23 23 23 23
11 11 11 16 16 11 23 23 11 11 11 11 23 20 19 19 20 20 19 19 11 11 11 11 11 11 11 11 23 23 23 23 23 23 23 23 23 23 23 23 23 23 23 23 23 23 23 23 23
11 11 11 16 16 11 11 11 11 11 23 23 23 23 23 23 23 23 23 23 23 23 23
11 11 11 16 16 11 11 11 11 11 23 23 23 23 23 23 23 23 23 23 23 23 23 23
11 11 11 16 16 11 11 11 11 11 23 23 11 11 11 11 11 11 23 23 23 23 23 23 23 23 23 23 23 23 23 23 23 23 23 23 23 23 23 23 23 23 23 23 23 23 23 23 23 23 23
11 11 11 16 16 11 11 11 11 11 23 23 11 11 11 11 11 11 23 23 23 23 23 23 23 23 23 23 23 23 23 23 23 23 23 23 23 23 23 23 23 23 23 23 23 23 23 23 23 23 23 23 23 23
11 11 11 16 16 11 11 11 11 11 23 23 11 11 11 11 11 11 23 23 23 23 23 23 23 23 23 23 23 23 23 23 23 23 23 23 23 23 23 23 23 23 23 23 23 23 23 23 23 23 23 23 23
11 11 11 16 16 11 11 11 11 11 23 23 11 11 11 11 11 11 23 23 23 23 23 23 23 23 23 23 23 23 23 23 23 23 23 23 23 23 23 23 23 23 23 23 23 23 23
11 11 11 16 16 11 11 11 11 11 23 23 11 11 11 11 11 11 23 23 23 23 23 23 23 23 23 23 23 23 23 23 23 23 23 23 23 23 23 23 23 23 23 23 23 23 23 23 23 23
11 11 11 16 16 11 11 11 11 11 23 23 11 11 11 11 11 11 23 23 23 23 23 23 23 23 23 23 23 23 23 23 23 23 23 23 23 23 23 23 23 23 23 23 23 23 23 23 23 23 23 23 23
11 11 11 16 16 11 11 11 11 11 23 23 11 11 11 11 11 11 23 23 23 23 23 23 23 23 23 23 23 23 23 23 23 23 23 23 23 23 23 23 23 23 23 23 23 23 23 23 23 23 23 23 23
11 11 11 16 16 11 11 11 11 11 23 23 11 11 11 11 11 11 23 23 23 23 23 23 23 23 23 23 23 23 23 23 23 23 23 23 23 23 23 23 23 23 23 23 23 23 23 23 23 23 23 23 23 23 23 23
11 11 11 16 16 11 11 11 11 11 23 23 11 11 11 11 11 11 23 23 23 23 23 23 23 23 23 23 23 23 23 23 23 23 23 23 23 23 23
11 11 11 16 16 11 11 11 11 11 23 23 11 11 11 11 11 11 23 23 23 23 23 23 23 23 23 23 23 23 23 23 23 23 23 23 23 23 23 23 23 23
11 11 11 16 16 11 11 11 11 11 23 23 11 11 11 11 11 11 23 23 23 23 23 23 23 23 23 23 23 23 23 23 23 23 23 23 23 23 23
11 11 11 16 16 11 11 11 11 11 23 23 11 11 11 11 11 11 23 23 23 23 23 23 23 23 23 23 23 23 23 23 23 23 23 23 23 23 23
11 11 11 16 16 11 11 11 11 11 23 23 11 11 11 11 11 11 23 23 23 23 23 23 23 23 23 23 23 23 23 23 23 23 23 23 23 23 23
11 11 11 16 16 11 11 11 11 11 23 23 11 11 11 11 11 11 23 23 23 23 23 23 23 23 23 23 23 23 23 23 23 23 23 23 23 23 23 23 23 23
11 11 11 16 16 11 11 11 11 11 23 23 11 11 11 11 11 11 23 23 23 23 23 23 23 23 23 23 23 23 23 23 23 23 23 23 23 23 23
11 11 11 16 16 11 11 11 11 11 23 23 11 11 11 11 11 11 23 23 23 23 23 23 23 23 23 23 23 23 23 23 23 23 23 23 23 23 23 23 23 23 23 23 23 23 23 23 23 23 23 23 23 23
11 11 11 16 16 11 11 11 11 11 23 23 11 11 11 11 11 11 23 23 23 23 23 23 23 23 23 23 23 23 23 23 23 23 23 23 23 23 23 23 23 23 23 23 23 23 23 23 23 23 23 23 23 23 23 23 23
11 11 11 16 16 11 11 11 11 11 23 3 0 11 11 11 11 0 23 23 3 3 23 23 23 23 23 23 23 23 23 23 23 23 23 23 23 23 23 23 23 23 23
11 11 11 16 16 11 11 11 11 11 23 23 11 11 11 11 16 16 23 23 11 11 11 11 23 23 23 23 23 23 23 23 23 23 23 23 23 23 23 23 23 23 23 23 23
11 11 11 16 16 11 11 11 11 11 23 23 11 11 11 11 16 16 23 23 11 11 11 11 23 23 23 23 23 23 23 23 23 23 23 23 23 23 23 23 23 23 23 23 23 23 23 23
11 11 11 16 16 11 11 11 11 11 23 11 11 11 11 11 11 23 23 23 23 23 23 23 23 23 23 23 23 23 23 23 23 23 23 23 23
11 11 11 16 16 11 11 11 11 11 23 11 11 11 11 11 11 23 23 23 23 23 23 23 23 23 23 23 23 23 23 23 23 23 23 23 23 23 23 23
11 11 11 16 16 11 11 11 11 11 23 11 11 11 11 11 11 23 23 23 23 23 23 23 23 23 23 23 23 23 23 23 23 23 23 23 23 23 23 23
11 11 11 16 16 11 11 11 11 11 23 11 11 11 11 11 11 23 23 23 23 23 23 23 23 23 23 23 23 23 23 23 23 23 23 23 23 23 23 23 23
11 11 11 16 16 11 11 11 11 11 23 11 11 11 11 11 11 23 23 23 23 23 23 23 23 23 23 23 23 23 23 23 23 23 23 23 23 23 23 23 23
11 11 11 16 16 11 11 11 11 11 23 11 11 11 11 11 11 23 23 23 23 23 23 23 23 23 23 23 23 23 23 23 23 23 23 23 23 23 23 23 23
11 11 11 16 16 11 11 11 11 11 23 11 11 11 11 11 11 23 23 23 23 23 23 23 23 23 23 23 23 23 23 23 23 23 23 23 23 23 23 23
11 11 11 16 16 11 11 11 11 11 23 11 11 11 11 11 11 23 23 23 23 23 23 23 23 23 23 23 23 23 23 23 23 23 23 23 23 23 23 23 23
11 11 11 16 16 11 11 11 11 11 23 11 11 11 11 11 11 23 23 23 23 23 23 23 23 23 23 23 23 23 23 23 23 23 23 23 23 23 23 23 23
11 11 11 16 16 11 11 11 11 11 23 11 11 11 11 11 11 23 23 23 23 23 23 23 23 23 23 23 23 23 23 23 23 23 23 23 23 23 23 23 23 23 23 23 23
11 11 11 16 16 11 11 11 11 11 23 11 11 11 11 11 11 23 23 23 23 23 23 23 23 23 23 23 23 23 23 23 23 23 23 23 23 23 23 23 23 23 23 23 23
11 11 11 16 16 11 11 11 11 11 23 11 11 11 11 11 11 23 23 23 23 23 23 23 23 23 23 23 23 23 23 23 23 23 23 23 23 23 23 23 23 23 23 23 23 23 23 23 23
11 11 11 16 16 11 11 11 11 11 23 11 11 11 11 11 11 23 23 23 23 23 23 23 23 23 23 23 23 23 23 23 23 23 23 23 23
11 11 11 16 16 11 11 11 11 11 23 23 23 23 23 23 23 23 23 23 23 23 23 23 23 23 23 23 23 23
11 11 11 16 16 11 11 11 11 11 23 23 23 23 23 23 23 23 23 23 23 23 23 23 23 23 23 23 23 23 23 23 23 23 23 23
11 11 11 16 16 11 11 11 11 11 11 23 23 11 11 11 11 11 23 23 23 23 23 23 23 23 23 23 23 23 23 23 23 23
11 11 11 16 16 11 11 11 11 11 23 23 23 3 3 3 3 3 23 23 23 23 23 23 23 23 23 23 23 23 23 23 23 23
11 11 11 16 16 11 11 11 11 11 23 23 23 3 3 3 3 3 23 23 23 23 23 23 23 23 23 23 23 23 23 23 23 23
11 11 11 16 16 11 11 11 11 11 23 23 23 3 3 3 3 3 23 23 23 23 23 23 23 23 23 23 23 23 23 23 23 23 23 23 23 23
11 11 11 16 16 11 11 11 11 11 23 23 11 11 11 11 11 11 23 23 23 23 23 23 23 23 23 23 23 23 23 23 23
11 11 11 16 16 11 11 11 11 11 23 23 11 11 11 11 16 16 23 23 11 11 11 11 23 23 23 23 23 23 23 23 23 23 23 23 23 23 23
11 11 11 16 16 11 11 11 11 11 23 23 11 11 11 16 16 11 23 23 11 11 11 11 23 23 23 23 23 23 23 23 23 23 23 23 23 23 23
11 11 11 16 16 11 11 11 11 11 23 23 11 11 11 11 11 11 23 23 23 23 23 23 23 23 23 23 23 23 23 23 23 23 23 23 23 23 23 23 23 23
11 11 11 16 16 11 11 11 11 11 23 23 11 11 11 11 11 11 23 23 23 23 23 23 23 23 23 23 23 23 23 23 23 23 23 23 23 23 23 23 23 23 23 23 23 23
11 11 11 16 16 11 11 11 11 11 23 23 11 11 11 11 11 11 23 23 23 23 23 23 23 23 23 23 23 23 23 23 23 23 23 23 23 23 23 23 23 23 23 23 23 23 23 23 23
11 11 11 16 16 11 11 11 11 11 23 23 11 11 11 11 11 11 23 23 23 23 23 23 23 23 23 23 23 23 23 23 23 23 23 23 23
11 11 11 16 16 11 11 11 11 11 23 23 11 11 11 11 11 11 23 23 23 23 23 23 23 23 23 23 23 23 23 23 23 23 23 23 23
11 11 11 16 16 11 11 11 11 11 23 23 11 11 11 11 11 11 23 23 23 23 23 23 23 23 23 23 23 23 23 23 23 23 23 23 23
11 11 11 16 16 11 11 11 11 11 23 23 11 11 11 11 11 11 23 23 23 23 23 23 23 23 23 23 23 23 23 23 23
11 11 11 16 16 11 11 11 11 11 23 23 11 11 11 11 11 11 23 23 23 23 23 23 23 23 23 23 23 23 23 23 23 23
11 11 11 16 16 11 11 11 11 11 23 23 11 11 11 11 11 11 23 23 23 23 23 23 23 23 23 23 23 23 23 23 23 23 23 23 23
11 11 11 16 16 11 11 11 11 11 23 23 11 11 11 11 11 11 23 23 23 23 23 23 23 23 23 23 23 23 23 23 23 23 23 23 23 23
11 11 11 16 16 11 11 11 11 11 23 23 11 11 11 11 11 11 23 23 23 23 23 23 23 23 23 23 23 23 23 23 23 23 23 23 23 23 23 23 23
11 11 11 16 16 11 11 11 11 11 23 23 11 11 11 11 11 11 23 23 23 23 23 23 23 23 23 23 23 23 23 23 23 23 23 23 23 23
11 11 11 16 16 11 11 11 11 11 23 23 11 11 11 11 11 11 23 23 23 23 23 23 23 23 23 23 23 23 23 23 23 23 23 23 23 23 23 23 23
11 11 11 16 16 11 11 11 11 11 23 23 11 11 11 11 11 11 23 23 23 23 23 23 23 23 23 23 23 23 23 23 23 23 23 23 23 23
11 11 11 16 16 11 11 11 11 11 23 23 11 11 11 11 11 11 23 23 23 23 23 23 23 23 23 23 23 23 23 23 23 23 23 23 23 23 23 23 23
11 11 11 16 16 11 11 11 11 11 23 23 11 11 11 11 11 11 23 23 23 23 23 23 23 23 23 23 23 23 23 23 23 23
11 11 11 16 16 11 11 11 11 11 23 23 11 11 11 11 11 11 23 23 23 23 23 23 23 23 23 23 23 23 23 23 23 23 23 23 23
11 11 11 16 16 11 11 11 11 11 23 23 11 11 11 11 11 11 23 23 23 23 23 23 23 23 23 23 23 23 23 23 23 23
11 11 11 16 16 11 11 11 11 11 23 23 11 11 11 11 11 11 23 23 23 23 23 23 23 23 23 23 23 23 23 23 23 23 23 23 23 23 23 23 23 23
11 11 11 16 16 11 11 11 11 11 23 23 11 11 11 11 11 11 23 23 23 23 23 23 23 23 23 23 23 23 23 23 23 23 23 23 23 23 23 23 23 23 23 23 23
11 11 11 16 16 11 11 11 11 11 23 23 11 11 11 11 11 11 23 23 23 23 23 23 23 23 23 23 23 23 23 23 23 23 23 23 23 23 23 23 23 23
11 11 11 16 16 11 11 11 11 11 23 23 11 11 11 11 11 11 23 23 23 23 23 23 23 23 23 23 23 23 23 23 23 23 23 23 23 23 23 23 23 23 23 23 23
11 11 11 16 16 11 11 11 11 11 23 23 11 11 11 11 11 11 23 23 23 23 23 23 23 23 23 23 23 23 23 23 23 23 23 23 23 23 23 23 23 23
11 11 11 16 16 11 11 11 11 11 23 23 11 11 11 11 11 11 23 23 23 23 23 23 23 23 23 23 23 23 23 23 23 23 23 23 23 23 23 23 23 23 23 23 23
11 11 11 16 16 11 11 11 11 11 23 23 11 11 11 11 11 11 23 23 23 23 23 23 23 23 23 23 23 23 23 23 23 23
11 11 11 16 16 11 11 11 11 11 23 23 11 11 11 11 11 11 23 23 23 23 23 23 23 23 23 23 23 23 23 23 23 23 23 23 23
11 11 11 16 16 11 11 11 11 11 23 23 11 11 11 11 11 11 23 23 23 23 23 23 23 23 23 23 23 23 23 23 23 23
11 11 11 16 16 11 11 11 11 11 23 23 11 11 11 11 11 11 23 23 23 23 23 23 23 23 23 23 23 23 23 23 23 23 23 23 23
11 11 11 16 16 11 11 11 11 11 23 23 11 11 11 11 11 11 23 23 23 23 23 23 23 23 23 23 23 23 23 23 23 23
11 11 11 16 16 11 11 11 11 11 23 23 11 11 11 11 11 11 23 23 23 23 23 23 23 23 23 23 23 23 23 23 23 23 23 23 23
11 11 11 16 16 11 11 11 11 11 23 23 11 11 11 11 11 11 23 23 23 23 23 23 23 23 23 23 23 23 23 23 23 23
11 11 11 16 16 11 11 11 11 11 23 23 11 11 11 11 11 11 23 23 23 23 23 23 23 23 23 23 23 23 23 23 23 23 23 23 23
11 11 11 16 16 11 11 11 11 11 23 23 11 11 11 11 11 11 23 23 23 23 23 23 23 23 23 23 23 23 23 23 23 23 23 23 23 23 23 23 23 23 23 23 23 23
11 11 11 16 16 11 11 11 11 11 23 23 11 11 11 11 11 11 23 23 23 23 23 23 23 23 23 23 23 23 23 23 23 23
11 11 11 16 16 11 11 11 11 11 23 23 11 11 11 11 11 11 23 23 23 23 23 23 23 23 23 23 23 23 23 23 23 23 23 23 23
11 11 11 16 16 11 11 11 11 11 23 23 11 11 11 11 11 11 23 23 23 23 23 23 23 23 23 23 23 23 23 23 23 23
11 11 11 16 16 11 11 11 11 11 23 23 11 11 11 11 11 11 23 23 23 23 23 23 23 23 23 23 23 23 23 23 23 23 23 23 23
11 11 11 16 16 11 11 11 11 11 23 23 11 11 11 11 16 16 23 23 11 11 11 11 23 23 23 23 23 23 23 23 23 23 23 23 23 23 23
11 11 11 16 16 11 11 11 11 11 23 23 11 11 11 16 16 11 23 23 11 11 11 11 23 23 23 23 23 23 23 23 23 23 23 23 23 23 23
11 11 11 16 16 11 11 11 11 11 23 23 11 11 11 11 16 16 23 23 11 11 11 11 23 23 23 23 23 23 23 23 23 23 23 23 23 23 23 23
11 11 11 16 16 11 11 11 11 11 23 23 11 11 11 16 16 11 23 23 11 11 11 11 23 23 23 23 23 23 23 23 23 23 23 23 23 23 23 23
11 11 11 16 16 11 11 11 11 11 23 23 11 11 11 11 16 16 23 23 11 11 11 11 23 23 23 23 23 23 23 23 23 23 23 23 23 23 23 23 23 23 23
11 11 11 16 16 11 11 11 11 11 23 23 11 11 11 16 16 11 23 23 11 11 11 11 23 23 23 23 23 23 23 23 23 23 23 23 23 23 23 23 23 23 23
11 11 11 16 16 11 11 11 11 11 23 23 11 11 11 11 11 11 23 23 23 23 23 23 23 23 23 23 23 23 23 23 23 23 23 23 23 23 23
11 11 11 16 16 11 11 11 11 11 23 23 11 11 11 11 11 11 23 23 23 23 23 23 23 23 23 23 23 23 23 23 23 23 23 23 23 23 23 23 23 23
11 11 11 16 16 11 11 11 11 11 23 23 11 11 11 11 11 11 23 23 23 23 23 23 23 23 23 23 23 23 23 23 23 23 23 23 23 23 23 23 23
11 11 11 16 16 11 11 11 11 11 23 23 11 11 11 11 11 11 23 23 23 23 23 23 23 23 23 23 23 23 23 23 23 23 23 23 23 23 23 23 23 23
11 11 11 16 16 11 11 11 11 11 23 23 11 11 11 11 11 11 23 23 23 23 23 23 23 23 23 23 23 23 23 23 23 23 23 23 23 23 23 23 23
11 11 11 16 16 11 11 11 11 11 23 23 23 11 11 11 11 11 11 23 23 23 23 23 23 23 23 23 23 23 23 23 23 23
11 11 11 16 16 11 11 11 11 11 23 23 23 11 11 11 11 11 11 23 23 23 23 23 23 23 23 23 23 23 23 23 23 23
11 11 11 16 16 11 11 11 11 11 23 23 23 11 11 11 11 11 11 23 23 23 23 23 23 23 23 23 23 23 23 23 23 23 23 23 23 23
11 11 11 16 16 11 11 11 11 11 23 23 11 11 11 11 11 11 23 23 23 23 23 23 23 23 23 23 23 23 23 23 23 23 23 23
11 11 11 16 16 11 11 11 11 11 23 23 11 11 11 11 11 11 23 23 23 23 23 23 23 23 23 23 23 23 23 23 23 23 23 23
11 11 11 16 16 11 11 11 11 11 23 23 11 11 11 11 11 11 23 23 23 23 23 23 23 23 23 23 23 23 23 23 23 23 23 23 23 23 23 23
11 11 11 16 16 11 11 11 11 11 23 23 23 11 11 11 11 11 11 23 23 23 23 23 23 23 23 23 23 23 23 23 23 23 23
11 11 11 16 16 11 11 11 11 11 23 23 23 11 11 11 11 11 11 23 23 23 23 23 23 23 23 23 23 23 23 23 23 23 23
11 11 11 16 16 11 11 11 11 11 23 23 23 11 11 11 11 11 11 23 23 23 23 23 23 23 23 23 23 23 23 23 23 23 23 23 23 23 23
11 11 11 16 16 11 11 11 11 11 23 23 23 11 11 11 11 11 11 23 23 23 23 23 23 23 23 23 23 23 23 23 23 23 23 23 23 23
11 11 11 16 16 11 11 11 11 11 23 23 23 11 11 11 11 11 11 23 23 23 23 23 23 23 23 23 23 23 23 23 23 23 23 23 23 23 23 23 23 23
11 11 11 16 16 11 11 11 11 11 23 23 23 11 11 11 11 11 11 23 23 23 23 23 23 23 23 23 23 23 23 23 23 23 23 23 23 23 23
11 11 11 16 16 11 11 11 11 11 23 23 23 11 11 11 11 11 11 23 23 23 23 23 23 23 23 23 23 23 23 23 23 23 23 23 23 23 23 23 23 23
11 11 11 16 16 11 11 11 11 11 23 23 23 11 11 11 11 11 11 23 23 23 23 23 23 23 23 23 23 23 23 23 23 23 23 23 23 23 23 23 23 23 23
11 11 11 16 16 11 11 11 11 11 23 23 23 11 11 11 11 11 11 23 23 23 23 23 23 23 23 23 23 23 23 23 23 23 23 23 23 23 23 23 23 23 23 23 23 23
11 11 11 16 16 11 11 11 11 11 23 23 23 11 11 11 11 16 16 11 11 11 11 23 23 23 23 23 23 23 23 23 23 23 23 23 23 23 23 23
11 11 11 16 16 11 11 11 11 11 23 23 23 11 11 11 16 16 11 11 11 11 11 23 23 23 23 23 23 23 23 23 23 23 23 23 23
11 11 11 16 16 11 11 11 11 11 23 23 23 11 11 11 16 16 11 11 11 11 11 23 23 23 23 23 23 23 23 23 23 23 23 23 23 23 23 23
11 11 11 16 16 11 11 11 11 11 23 23 23 11 11 11 11 11 11 23 23 23 23 23 23 23 23 23 23 23 23
11 11 11 16 16 11 11 11 11 11 23 23 23 11 11 11 11 11 11 23 23 23 23 23 23 23 23 23 23 23 23 23 23 23
11 11 11 16 16 11 11 11 11 11 23 23 23 11 11 11 11 11 11 23 23 23 23 23 23 23 23 23 23 23 23
11 11 11 16 16 11 11 11 11 11 23 23 23 11 11 11 11 11 11 23 23 23 23 23 23 23 23 23 23 23 23 23 23 23 23 23 23 23 23 23 23 23 23 23 23 23
11 11 11 16 16 11 23 23 11 11 11 11 23 20 19 19 20 20 19 19 11 11 11 11 11 11 11 11 23 23 23 23 23 23 23 23 23 23 23 23 23 23 23 23 23 23
11 11 11 16 16 11 11 11 11 11 23 23 11 11 11 11 11 11 23 23 23 23 23 23 23 23 23 23 23 23 23 23 23
11 11 11 16 16 11 11 11 11 11 23 23 11 11 11 11 16 16 23 23 11 11 11 11 23 23 23 23 23 23 23 23 23 23 23 23 23 23 23
11 11 11 16 16 11 11 11 11 11 23 23 11 11 11 16 16 11 23 23 11 11 11 11 23 23 23 23 23 23 23 23 23 23 23 23 23 23 23
11 11 11 16 16 11 11 11 11 11 23 23 11 11 11 11 11 11 23 23 23 23 23 23 23 23 23 23 23 23 23 23 23
11 11 11 16 16 11 11 11 11 11 23 23 11 11 11 11 11 11 23 23 23 23 23 23 23 23 23 23 23 23 23 23 23
11 11 11 16 16 11 11 11 11 11 23 23 11 11 11 11 11 11 23 23 23 23 23 23 23 23 23 23 23 23 23 23 23 23 23 23 23 23 23 23 23
11 11 11 16 16 11 11 11 11 11 23 23 11 11 11 11 11 11 23 23 23 23 23 23 23 23 23 23 23 23 23 23 23 23 23 23 23 23 23 23 23 23 23 23 23 23 23 23 23
11 11 11 16 16 11 11 11 11 11 23 23 11 11 11 11 11 11 23 23 23 23 23 23 23 23 23 23 23 23 23 23 23 23 23 23 23 23 23 23 23 23 23 23 23 23 23 23 23 23 23 23
11 11 11 16 16 11 11 11 11 11 23 23 11 11 11 11 11 11 23 23 23 23 23 23 23 23 23 23 23 23 23 23 23 23 23 23 23 23 23 23 23 23 23 23 23 23 23 23 23 23 23
11 11 11 16 16 11 11 11 11 11 23 23 11 11 11 11 11 11 23 23 23 23 23 23 23 23 23 23 23 23 23 23 23 23 23 23 23
11 11 11 16 16 11 11 11 11 11 23 23 11 11 11 11 11 11 23 23 23 23 23 23 23 23 23 23 23 23 23 23 23 23 23 23 23 23 23 23
11 11 11 16 16 11 11 11 11 11 23 23 11 11 11 11 11 11 23 23 23 23 23 23 23 23 23 23 23 23 23 23 23 23 23 23 23 23 23
11 11 11 16 16 11 11 11 11 11 23 23 11 11 11 11 11 11 23 23 23 23 23 23 23 23 23 23 23 23 23 23 23 23 23 23 23
11 11 11 16 16 11 11 11 11 11 23 23 11 11 11 11 11 11 23 23 23 23 23 23 23 23 23 23 23 23 23 23 23 23 23 23 23 23 23 23
11 11 11 16 16 11 11 11 11 11 23 11 11 11 11 11 11 23 23 23 23 23 23 23 23 23 23 23 23 23 23 23 23 23 23 23 23 23 23
11 11 11 16 16 11 11 11 11 11 23 23 11 11 11 11 11 11 23 23 23 23 23 23 23 23 23 23 23 23 23 23 23 23 23 23 23 23 23 23 23 23 23 23 23
11 11 11 16 16 11 11 11 11 11 23 23 11 11 11 11 11 11 23 23 23 23 23 23 23 23 23 23 23 23 23 23 23 23 23 23 23 23 23 23 23 23 23 23 23
11 11 11 16 16 11 11 11 11 11 23 23 11 11 11 11 11 11 23 23 23 23 23 23 23 23 23 23 23 23 23 23 23 23 23 23 23 23 23 23 23 23 23 23 23
11 11 11 16 16 11 11 11 11 11 23 23 11 11 11 11 11 11 23 23 23 23 23 23 23 23 23 23 23 23 23 23 23 23 23 23 23 23 23 23 23 23 23 23 23
11 11 11 16 16 11 11 11 11 11 23 23 11 11 11 11 11 11 23 23 23 23 23 23 23 23 23 23 23 23 23 23 23 23 23 23 23 23 23 23 23 23 23 23 23 23 23 23 23 23 23
11 11 11 16 16 11 11 11 11 11 23 23 11 11 11 11 11 11 23 23 23 23 23 23 23 23 23 23 23 23 23 23 23 23 23 23 23 23 23 23 23 23 23 23 23 23 23 23
11 11 11 16 16 11 11 11 11 11 23 23 11 11 11 11 11 11 23 23 23 23 23 23 23 23 23 23 23 23 23 23 23 23 23 23 23 23 23 23 23 23 23 23 23 23 23 23
11 11 11 16 16 11 11 11 11 11 23 23 11 11 11 11 11 11 23 23 23 23 23 23 23 23 23 23 23 23 23 23 23 23 23 23 23 23 23 23 23 23 23 23 23 23 23 23
11 11 11 16 16 11 11 11 11 11 23 23 11 11 11 11 11 11 23 23 23 23 23 23 23 23 23 23 23 23 23 23 23 23 23 23 23 23 23 23 23 23 23 23 23 23 23 23 23 23 23 23 23 23
11 11 11 16 16 11 11 11 11 11 23 23 11 11 11 11 11 11 23 23 23 23 23 23 23 23 23 23 23 23 23 23 23 23 23 23 23 23 23 23 23 23 23 23 23 23 23 23 23 23 23 23 23 23
11 11 11 16 16 11 11 11 11 11 23 23 11 11 11 11 11 11 23 23 23 23 23 23 23 23 23 23 23 23 23 23 23 23 23 23 23 23 23 23 23 23 23 23 23 23 23 23 23 23 23 23 23 23 23 23 23 23
11 11 11 16 16 11 11 11 11 11 23 23 11 11 11 11 11 11 23 23 23 23 23 23 23 23 23 23 23 23 23 23 23 23 23 23 23 23 23 23 23 23 23 23 23 23 23 23 23 23 23 23 23 23 23
11 11 11 16 16 11 11 11 11 11 23 23 11 11 11 11 16 16 23 23 11 23 11 11 11 23 23 23 23 23 23 23 23 23 23 23 23 23 23 23 23 23 23
11 11 11 16 16 11 11 11 11 11 23 23 11 11 11 11 16 16 23 23 11 23 11 11 11 23 23 23 23 23 23 23 23 23 23 23 23 23 23 23 23 23 23 23 23 23 23
11 11 11 16 16 11 11 11 11 11 23 23 11 11 11 11 11 11 23 23 23 23 23 23 23 23 23 23 23 23 23 23 23 23 23 23 23 23 23 23 23 23 23 23 23 23 23 23 23
11 11 11 16 16 11 11 11 11 11 23 23 11 11 11 11 11 11 23 23 23 23 23 23 23 23 23 23 23 23 23 23 23 23 23 23 23 23 23 23 23 23 23 23 23 23 23 23 23 23 23 23
11 11 11 16 16 11 11 11 11 11 23 23 11 11 11 11 11 11 23 23 23 23 23 23 23 23 23 23 23 23 23 23 23 23 23 23 23 23 23 23
11 11 11 16 16 11 11 11 11 11 23 23 11 11 11 11 16 16 23 23 11 11 11 11 23 23 23 23 23 23 23 23 23 23 23 23 23 23 23 23 23 23 23
11 11 11 16 16 11 11 11 11 11 23 23 11 11 11 11 11 11 23 23 23 23 23 23 23 23 23 23 23 23 23 23 23 23 23 23
11 11 11 16 16 11 11 11 11 11 23 23 11 11 11 11 16 16 23 23 11 11 11 11 23 23 23 23 23 23 23 23 23 23 23 23 23 23 23 23 23 23
11 11 11 16 16 11 11 11 11 11 23 23 11 11 11 11 11 11 23 23 23 23 23 23 23 23 23 23 23 23 23 23 23 23 23 23 23 23 23
11 11 11 16 16 11 11 11 11 11 23 23 11 11 11 11 11 11 23 23 23 23 23 23 23 23 23 23 23 23 23 23 23 23 23 23 23 23 23
11 11 11 16 16 11 11 11 11 11 23 23 11 11 11 11 11 11 23 23 23 23 23 23 23 23 23 23 23 23 23 23 23 23 23 23 23 23 23 23
11 11 11 16 16 11 11 11 11 11 23 23 11 11 11 11 11 11 23 23 23 23 23 23 23 23 23 23 23 23 23 23 23 23 23 23 23 23 23 23
11 11 11 16 16 11 11 11 11 11 23 23 11 11 11 11 11 11 23 23 23 23 23 23 23 23 23 23 23 23 23 23 23 23 23 23 23 23 23 23 23 23 23 23
11 11 11 16 16 11 11 11 11 11 23 23 11 11 11 11 11 11 23 23 23 23 23 23 23 23 23 23 23 23 23 23 23 23 23 23
11 11 11 16 16 11 11 11 11 11 23 23 11 11 11 11 11 11 23 23 23 23 23 23 23 23 23 23 23 23 23 23 23 23 23 23
11 11 11 16 16 11 11 11 11 11 23 23 11 11 11 11 11 11 23 23 23 23 23 23 23 23 23 23 23 23 23 23 23 23 23 23 23
11 11 11 16 16 11 11 11 11 11 23 23 11 11 11 11 11 11 23 23 23 23 23 23 23 23 23 23 23 23 23 23 23 23 23 23 23 23 23 23 23 23 23 23
11 11 11 16 16 11 11 11 11 11 23 23 11 11 11 11 11 11 23 23 23 23 23 23 23 23 23 23 23 23 23 23 23 23 23 23 23 23 23 23 23 23 23 23
11 11 11 16 16 11 11 11 11 11 23 23 11 11 11 11 11 11 23 23 23 23 23 23 23 23 23 23 23 23 23 23 23 23 23 23 23 23 23 23 23 23 23 23 23
11 11 11 16 16 11 11 11 11 11 23 23 11 11 11 11 11 11 23 23 23 23 23 23 23 23 23 23 23 23 23 23 23 23 23 23 23 23 23 23 23 23 23 23 23 23 23 23
11 11 11 16 16 11 11 11 11 11 23 23 11 11 11 11 11 11 23 23 23 23 23 23 23 23 23 23 23 23 23 23 23 23 23 23 23 23 23 23 23 23 23 23 23
11 11 11 16 16 11 11 11 11 11 23 23 11 11 11 11 11 11 23 23 23 23 23 23 23 23 23 23 23 23 23 23 23 23 23 23 23 23 23 23 23 23 23 23 23 23 23 23 23
11 11 11 16 16 11 11 11 11 11 23 23 11 11 11 11 11 11 23 23 23 23 23 23 23 23 23 23 23 23 23 23 23 23 23 23 23 23 23 23 23 23 23 23
11 11 11 16 16 11 11 11 11 11 23 23 11 11 11 11 11 11 23 23 23 23 23 23 23 23 23 23 23 23 23 23 23 23 23 23 23 23 23 23 23 23 23 23
11 11 11 16 16 11 11 11 11 11 23 23 11 11 11 11 16 16 23 23 11 11 11 11 23 23 23 23 23 23 23 23 23 23 23 23 23 23 23 23 23 23 23 23
11 11 11 16 16 11 11 11 11 11 23 23 11 11 11 11 11 11 23 23 23 23 23 23 23 23 23 23 23 23 23 23 23 23 23 23 23 23 23 23 23 23 23 23 23 23
11 11 11 16 16 11 11 11 11 11 23 23 11 11 11 11 11 11 23 23 23 23 23 23 23 23 23 23 23 23 23 23 23 23 23 23 23 23 23 23 23 23 23
11 11 11 16 16 11 11 11 11 11 23 23 11 11 11 11 11 11 23 23 23 23 23 23 23 23 23 23 23 23 23 23 23 23 23 23 23 23 23 23 23 23 23 23
11 11 11 16 16 11 11 11 11 11 23 23 11 11 11 11 11 11 23 23 23 23 23 23 23 23 23 23 23 23 23 23 23 23 23 23 23 23 23 23 23 23 23 23
11 11 11 16 16 11 11 11 11 11 23 23 11 11 11 11 11 11 23 23 23 23 23 23 23 23 23 23 23 23 23 23 23 23 23 23 23 23 23 23 23 23 23 23 23
11 11 11 16 16 11 11 11 11 11 23 23 11 11 11 11 11 11 23 23 23 23 23 23 23 23 23 23 23 23 23 23 23 23 23 23 23 23 23 23 23 23 23 23 23 23 23 23
11 11 11 16 16 11 11 11 11 11 23 23 11 11 11 11 11 11 23 23 23 23 23 23 23 23 23 23 23 23 23 23 23 23 23 23 23 23 23 23 23 23 23 23 23 23 23 23
11 11 11 16 16 11 11 11 11 11 23 23 11 11 11 11 11 11 23 23 23 23 23 23 23 23 23 23 23 23 23 23 23 23 23 23 23 23 23 23 23 23 23 23 23
11 11 11 16 16 11 11 11 11 11 23 23 11 11 11 11 11 11 23 23 23 23 23 23 23 23 23 23 23 23 23 23 23 23 23 23 23 23 23 23 23 23 23 23 23 23 23 23
11 11 11 16 16 11 11 11 11 11 23 23 11 11 11 11 11 11 23 23 23 23 23 23 23 23 23 23 23 23 23 23 23 23 23 23 23 23 23 23 23 23 23 23 23 23 23 23 23 23 23
11 11 11 16 16 11 11 11 11 11 23 23 11 11 11 11 11 11 23 23 23 23 23 23 23 23 23 23 23 23 23 23 23 23 23 23 23 23 23 23 23 23 23 23 23 23 23 23 23 23 23 23 23 23
11 11 11 16 16 11 11 11 11 11 23 23 11 11 11 11 11 11 23 23 23 23 23 23 23 23 23 23 23 23 23 23 23 23 23 23 23 23 23 23 23 23 23 23 23 23 23
11 11 11 16 16 11 11 11 11 11 23 23 11 11 11 11 16 16 23 23 23 11 11 11 11 23 23 23 23 23 23 23 23 23 23 23 23 23 23 23 23 23 23
11 11 11 16 16 11 11 11 11 11 23 23 11 11 11 11 16 16 23 23 23 11 11 11 11 23 23 23 23 23 23 23 23 23 23 23 23 23 23 23 23 23 23 23 23 23
11 11 11 16 16 11 11 11 11 11 23 23 11 11 11 11 16 16 23 23 11 11 11 11 23 23 23 23 23 23 23 23 23 23 23 23 23 23 23 23
11 11 11 16 16 11 11 11 11 11 23 23 11 11 11 11 11 11 23 23 23 23 23 23 23 23 23 23 23 23 23 23 23 23
11 11 11 16 16 11 11 11 11 11 23 23 11 11 11 11 11 11 23 23 23 23 23 23 23 23 23 23 23 23 23 23 23 23 23 23 23 23 23 23 23 23 23 23 23 23
11 11 11 16 16 11 11 11 11 11 23 23 11 11 11 11 11 11 23 23 23 23 23 23 23 23 23 23 23 23 23 23 23 23 23 23 23 23 23 23 23 23
11 11 11 16 16 11 11 11 11 11 23 23 11 11 11 11 11 11 23 23 23 23 23 23 23 23 23 23 23 23 23 23 23 23
11 11 11 16 16 11 11 11 11 11 23 23 11 11 11 11 11 11 23 23 23 23 23 23 23 23 23 23 23 23 23 23 23 23 23 23 23
11 11 11 16 16 11 11 11 11 11 23 23 11 11 11 11 11 11 23 23 23 23 23 23 23 23 23 23 23 23 23 23 23 23 23 23 23 23 23 23 23 23 23 23 23 23
11 11 11 16 16 11 11 11 11 11 23 23 11 11 11 11 11 11 23 23 23 23 23 23 23 23 23 23 23 23 23 23 23 23 23 23 23 23 23 23 23 23 23 23 23 23 23 23 23
11 11 11 16 16 11 11 11 11 11 23 23 11 11 11 11 11 11 23 23 23 23 23 23 23 23 23 23 23 23 23 23 23 23 23 23 23 23 23 23 23 23 23 23 23 23 23 23 23
11 11 11 16 16 11 11 11 11 11 23 23 11 11 11 11 11 11 23 23 23 23 23 23 23 23 23 23 23 23 23 23 23 23 23 23 23 23 23 23 23 23 23 23 23 23
11 11 11 16 16 11 11 11 11 11 23 23 11 11 11 11 11 11 23 23 23 23 23 23 23 23 23 23 23 23 23 23 23 23 23 23 23 23 23 23 23 23 23 23 23 23 23 23 23
11 11 11 16 16 11 11 11 11 11 23 23 11 11 11 11 11 11 23 23 23 23 23 23 23 23 23 23 23 23 23 23 23 23 23 23 23 23 23 23 23 23 23 23 23 23
11 11 11 16 16 11 11 11 11 11 23 23 11 11 11 11 11 11 23 23 23 23 23 23 23 23 23 23 23 23 23 23 23 23 23 23 23 23 23 23 23 23 23 23 23 23
11 11 11 16 16 11 11 11 11 11 23 23 11 11 11 11 11 11 23 23 23 23 23 23 23 23 23 23 23 23 23 23 23 23 23 23 23 23 23 23 23 23
11 11 11 16 16 11 11 11 11 11 23 23 11 11 11 11 11 11 23 23 23 23 23 23 23 23 23 23 23 23 23 23 23 23 23 23 23 23 23 23 23 23
11 11 11 16 16 11 11 11 11 11 23 23 11 11 11 11 11 11 23 23 23 23 23 23 23 23 23 23 23 23 23 23 23 23 23 23 23 23 23 23 23 23 23 23 23
11 11 11 16 16 11 11 11 11 11 23 23 11 11 11 11 11 11 23 23 23 23 23 23 23 23 23 23 23 23 23 23 23 23 23 23 23 23 23 23 23 23
11 11 11 16 16 11 11 11 11 11 23 23 11 11 11 11 11 11 23 23 23 23 23 23 23 23 23 23 23 23 23 23 23 23 23 23 23 23 23 23 23 23 23 23 23
11 11 11 16 16 11 11 11 11 11 23 23 11 11 11 11 16 16 23 23 11 11 11 11 23 23 23 23 23 23 23 23 23 23 23 23 23 23 23 23
11 11 11 16 16 11 11 11 11 11 23 23 11 11 11 11 16 16 23 23 11 11 11 11 23 23 23 23 23 23 23 23 23 23 23 23 23 23 23 23 23 23 23 23
11 11 11 16 16 11 11 11 11 11 23 23 11 11 11 11 16 16 23 23 11 11 11 11 23 23 23 23 23 23 23 23 23 23 23 23 23 23 23 23 23 23 23 23
11 11 11 16 16 11 11 11 11 11 23 23 11 11 11 11 11 11 23 23 23 11 11 11 11 11 11 23 23 23 23 23 23 23 23 23 23 23 23 23 23 23 23 23 23
11 11 11 16 16 11 11 11 11 11 23 11 11 11 11 11 11 23 23 23 23 23 23 23 23 23 23 23 23 23 23 23 23 23 23 23 23
11 11 11 16 16 11 11 11 11 11 23 11 11 11 11 11 11 23 23 23 23 23 23 23 23 23 23 23 23 23 23 23 23 23 23 23 23 23 23 23
11 11 11 16 16 11 11 11 11 11 23 23 23 23 23 11 11 11 11 11 11 3 3 3 3 3 23 23 23 23 23 23 23 23 23 23 23 23 23 23 23 23 23 23 23 23 23 23 23 23 23 23 23
11 11 11 16 16 11 11 11 11 11 23 23 23 23 23 11 11 11 11 11 11 3 3 3 3 3 23 23 23 23 23 23 23 23 23 23 23 23 23 23 23 23 23 23 23 23 23 23 23 23 23 23 23
11 11 11 16 16 11 11 11 11 11 23 23 23 23 23 11 11 11 11 11 11 3 3 3 3 3 23 23 23 23 23 23 23 23 23 23 23 23 23 23 23 23 23 23 23 23 23 23 23 23 23 23 23 23 23 23 23
11 11 11 16 16 11 11 11 11 11 23 23 23 23 23 11 11 11 11 11 11 23 23 11 11 11 11 11 11 23 23 23 23 23 23 23 23 23 23 23 23 23 23 23 23 23 23 23 23 23 23
11 11 11 16 16 11 11 11 11 11 23 23 11 11 11 11 11 11 23 23 23 23 23 23 23 23 23 23 23 23 23 23 23 23 23 23 23
11 11 11 16 16 11 11 11 11 11 23 23 11 11 11 11 11 11 23 23 23 23 23 23 23 23 23 23 23 23 23 23 23 23 23 23 23 23 23 23 23
11 11 11 16 16 11 11 11 11 11 23 23 11 11 11 11 11 11 23 23 23 23 23 23 23 23 23 23 23 23 23 23 23 23 23 23 23 23 23 23 23
11 11 11 16 16 11 11 11 11 11 23 23 11 11 11 11 11 11 23 23 23 23 23 23 23 23 23 23 23 23 23 23 23 23 23 23 23 23 23 23 23
11 11 11 16 16 11 11 11 11 11 23 23 11 11 11 11 11 11 23 23 23 23 23 23 23 23 23 23 23 23 23 23 23 23 23 23 23
11 11 11 16 16 11 11 11 11 11 23 23 11 11 11 11 11 11 23 23 23 23 23 23 23 23 23 23 23 23 23 23 23 23 23 23 23
11 11 11 16 16 11 11 11 11 11 23 23 11 11 11 11 11 11 23 23 23 23 23 23 23 23 23 23 23 23 23 23 23 23 23 23 23
11 11 11 16 16 11 11 11 11 11 23 23 11 11 11 11 11 11 23 23 23 23 23 23 23 23 23 23 23 23 23 23 23 23 23 23 23
11 11 11 16 16 11 11 11 11 11 23 23 11 11 11 11 11 11 23 23 23 23 23 23 23 23 23 23 23 23 23 23 23 23 23 23 23 23 23 23 23 23 23 23
11 11 11 16 16 11 11 11 11 11 23 23 11 11 11 11 11 11 23 23 23 23 23 23 23 23 23 23 23 23 23 23 23 23 23 23 23 23 23 23 23 23 23 23
11 11 11 16 16 11 11 11 11 11 23 23 11 11 11 11 11 11 23 23 23 23 23 23 23 23 23 23 23 23 23 23 23 23 23 23 23 23 23 23
11 11 11 16 16 11 11 11 11 11 23 23 11 11 11 11 11 11 23 23 23 23 23 23 23 23 23 23 23 23 23 23 23 23 23 23 23 23 23 23
11 11 11 16 16 11 11 11 11 11 23 23 11 11 11 11 11 11 23 23 23 23 23 23 23 23 23 23 23 23 23 23 23 23 23 23 23 23 23 23
11 11 11 16 16 11 11 11 11 11 23 11 11 11 11 11 11 23 23 23 23 23 23 23 23 23 23 23 23 23 23 23 23 23 23
11 11 11 16 16 11 11 11 11 11 23 11 11 11 11 11 11 23 23 23 23 23 23 23 23 23 23 23 23 23 23 23 23 23 23 23 23 23
11 11 11 16 16 11 11 11 11 11 23 23 11 11 11 11 11 11 23 23 23 23 23 23 23 23 23 23 23 23 23 23 23 23 23 23 23 23 23 23 23 23 23 23 23 23 23 23 23
11 11 11 16 16 11 11 11 11 11 23 23 11 11 11 11 11 11 23 23 23 23 23 23 23 23 23 23 23 23 23 23 23 23 23 23 23 23 23 23 23 23 23 23 23 23 23 23 23 23 23 23
11 11 11 16 16 11 11 11 11 11 23 23 11 11 11 11 11 11 23 23 23 23 23 23 23 23 23 23 23 23 23 23 23 23 23 23 23 23 23 23 23 23 23 23 23 23 23 23
11 11 11 16 16 11 11 11 11 11 23 23 11 11 11 11 11 11 23 23 23 23 23 23 23 23 23 23 23 23 23 23 23 23 23 23 23 23 23 23 23 23 23 23 23
11 11 11 16 16 11 11 11 11 11 23 23 11 11 11 11 11 11 23 23 23 23 23 23 23 23 23 23 23 23 23 23 23 23 23 23 23 23 23 23 23
11 11 11 16 16 11 11 11 11 11 23 23 11 11 11 11 11 11 23 23 23 23 23 23 23 23 23 23 23 23 23 23 23 23 23 23 23
11 11 11 16 16 11 11 11 11 11 23 23 11 11 11 11 11 11 23 23 23 23 23 23 23 23 23 23 23 23 23 23 23 23 23 23 23 23 23 23 23 23 23 23 23 23 23
11 11 11 16 16 11 11 11 11 11 23 23 11 11 11 11 11 11 23 23 23 23 23 23 23 23 23 23 23 23 23 23 23 23 23 23 23 23 23 23 23 23 23
11 11 11 16 16 11 11 11 11 11 23 23 11 11 11 11 11 11 23 23 23 23 23 23 23 23 23 23 23 23 23 23 23 23 23 23 23 23 23
11 11 11 16 16 11 11 11 11 11 23 23 23 23 11 11 11 11 11 11 23 23 23 23 23 23 23 23 23 23 23 23 23 23 23 23 23 23 23 23 23 23 23
11 11 11 16 16 11 11 11 11 11 23 23 23 23 3 3 3 0 0 11 11 11 11 23 23 23 23 23 23 23 23 23 23 23 23 23 23 23 23 23 23 23 23 23 23 23 23 23 23 23
11 11 11 16 16 11 11 11 11 11 23 23 23 23 3 3 3 0 0 11 11 11 11 23 23 23 23 23 23 23 23 23 23 23 23 23 23 23 23 23 23 23 23 23
11 11 11 16 16 11 11 11 11 11 23 23 23 23 11 11 11 16 16 11 11 11 11 11 23 23 23 23 23 23 23 23 23 23 23 23 23 23 23 23 23 23 23 23 23 23 23 23 23 23 23 23
11 11 11 16 16 11 11 11 11 11 23 23 23 23 3 0 0 3 3 11 11 11 11 23 23 23 23 23 23 23 23 23 23 23 23 23 23 23 23 23 23 23 23 23 23
11 11 11 16 16 11 11 11 11 11 23 23 23 23 3 0 0 3 3 11 11 11 11 23 23 23 23 23 23 23 23 23 23 23 23 23 23 23 23 23 23 23 23 23 23
11 11 11 16 16 11 11 11 11 11 23 23 23 23 3 0 0 3 3 11 11 11 11 23 23 23 23 23 23 23 23 23 23 23 23 23 23 23 23 23 23 23 23 23 23 23 23 23 23
11 11 11 16 16 11 23 23 11 11 11 11 23 20 19 19 20 20 19 19 11 11 11 11 11 11 11 11 23 23 23 23 23 23 23 23 23 23 23 23 23 23 23 23 23 23
11 11 11 16 16 11 11 11 11 11 23 23 23 23 3 3 3 0 0 11 11 11 11 23 23 23 23 23 23 23 23 23 23 23 23 23 23 23 23 23 23 23 23 23 23 23
11 11 11 16 16 11 11 11 11 11 23 23 23 23 3 3 3 0 0 11 11 11 11 23 23 23 23 23 23 23 23 23 23 23 23 23 23 23 23 23 23 23 23 23 23 23
11 11 11 16 16 11 11 11 11 11 23 23 23 23 23 23 23 23 23 23 23 23 23
11 11 11 16 16 11 11 11 11 11 23 23 23 23 23 23 23 23 23 23 23 23 23 23 23 23
11 11 11 16 16 11 11 16 16 11 23 23 11 11 11 11 23 11 11 11 11 11 11 23 23 23 23 23 23 23 23 23 23 23 23 23 23 23 23 23 23
11 11 11 16 16 11 11 16 16 11 23 23 11 11 11 11 23 11 11 11 11 11 11 23 23 23 23 23 23 23 23 23 23 23 23 23 23 23 23 23 23 23 23 23 23 23 23 23 23 23 23 23 23 23 23 23 23 23 23 23
11 11 11 16 16 11 11 16 16 11 23 23 11 11 11 11 23 11 11 11 11 11 11 23 23 23 23 23 23 23 23 23 23 23 23 23 23 23 23 23 23 23 23 23 23
11 11 11 16 16 11 11 16 16 11 23 23 11 11 11 11 23 11 11 11 11 11 11 23 23 23 23 23 23 23 23 23 23 23 23 23 23 23 23 23 23 23 23 23 23 23 23 23 23
11 11 11 16 16 11 11 16 16 11 23 23 11 11 11 11 23 11 11 11 11 11 11 23 23 23 23 23 23 23 23 23 23 23 23 23 23 23 23 23 23
11 11 11 16 16 11 11 16 16 11 23 23 11 11 11 11 23 11 11 11 11 11 11 23 23 23 23 23 23 23 23 23 23 23 23 23 23 23 23 23 23
11 11 11 16 16 11 11 16 16 11 23 23 11 11 11 11 23 23 23 11 11 11 11 11 11 23 23 23 23 23 23 23 23 23 23 23 23 23 23 23 23 23 23 23
11 11 11 16 16 11 11 11 11 11 23 11 11 11 11 11 11 23 23 23 23 23 23 23 23 23 23 23 23 23 23 23 23 23 23 23 23 23 23 23 23 23 23 23 23 23 23 23 23 23 23 23 23
11 11 11 16 16 11 11 11 11 11 23 11 11 11 11 11 11 23 23 23 23 23 23 23 23 23 23 23 23 23 23 23 23 23 23 23 23 23 23 23 23 23 23 23 23 23 23 23 23 23 23 23 23 23 23
11 11 11 16 16 11 11 11 11 11 23 11 11 11 11 11 11 23 23 23 23 23 23 23 23 23 23 23 23 23 23 23 23 23 23 23 23 23 23 23 23 23 23 23 23 23 23 23 23 23 23 23 23
11 11 11 16 16 11 11 11 11 11 23 23 11 11 11 11 11 11 23 23 23 23 23 23 23 23 23 23 23 23 23 23 23 23 23 23 23 23 23 23 23 23 23 23 23 23 23 23 23 23 23
11 11 11 16 16 11 11 11 11 11 23 23 11 11 11 11 11 11 23 23 23 23 23 23 23 23 23 23 23 23 23 23 23 23 23 23 23 23 23 23 23 23 23 23 23 23 23
11 11 11 16 16 11 11 11 11 11 23 11 23 23 11 11 11 11 11 23 23 23 23 23 23 23 23 23 23 23 23 23 23 23 23 23 23 23 23 23 23 23 23 23
11 11 11 16 16 11 11 11 11 11 23 11 23 23 11 11 11 11 11 23 23 23 23 23 23 23 23 23 23 23 23 23 23 23 23 23 23 23 23 23 23 23 23 23 23 23 23 23
11 11 11 16 16 11 11 11 11 11 23 11 23 23 11 11 11 11 11 23 23 23 23 23 23 23 23 23 23 23 23 23 23 23 23 23 23 23 23 23 23 23 23 23 23 23 23 23
11 11 11 16 16 11 11 11 11 11 11 23 23 11 11 11 11 11 23 23 23 23 23 23 23 23 23 23 23 23 23 23 23 23 23 23 23 23 23 23 23 23 23 23 23 23 23 23 23 23 23
11 11 11 16 16 11 11 11 11 11 11 23 23 11 11 11 11 11 23 23 23 23 23 23 23 23 23 23 23 23 23 23 23 23 23 23 23 23 23 23 23 23 23 23 23 23 23 23 23 23 23 23 23 23
11 11 11 6 6 11 3 3 3 23 11 23 23 11 11 11 11 11 23 23 23 23 23 23 23 23 23 23 23 23 23 23 23 23 23 23 23 23 23 23 23 23 23 23 23 23 23 23 23 23 23
11 11 11 6 6 11 3 3 3 23 11 23 23 11 11 11 11 11 23 23 23 23 23 23 23 23 23 23 23 23 23 23 23 23 23 23 23 23 23 23 23 23 23 23 23 23 23 23 23 23 23 23 23 23
11 11 11 6 6 11 3 3 3 23 11 23 23 11 11 11 11 11 23 23 23 23 23 23 23 23 23 23 23 23 23 23 23 23 23 23 23 23 23 23 23 23 23 23
11 11 11 6 6 11 3 3 3 23 11 23 23 11 11 11 11 11 23 23 23 23 23 23 23 23 23 23 23 23 23 23
11 11 11 6 6 11 3 3 3 23 11 23 23 11 11 11 11 11 23 23 23 23 23 23 23 23 23 23 23 23 23 23
11 11 11 6 6 11 3 3 3 23 11 23 23 11 11 11 11 11 23 23 23 23 23 23 23 23 23 23 23 23 23 23 23 23 23 23 23 23 23 23
11 11 11 6 6 11 3 3 3 23 11 23 23 11 11 11 11 11 23 23 23 23 23 23 23 23 23 23 23 23 23 23 23 23 23 23 23 23 23 23 23 23 23 23 23
11 11 11 6 6 11 3 3 3 23 11 23 23 11 11 11 11 11 23 23 23 23 23 23 23 23 23 23 23 23 23 23 23 23 23 23 23 23 23 23 23
11 11 11 6 6 11 3 3 3 23 11 23 23 11 11 11 11 11 23 23 23 23 23 23 23 23 23 23 23 23 23 23 23 23 23 23 23
11 11 11 6 6 11 3 3 3 23 11 23 23 11 11 11 11 11 23 23 23 23 23 23 23 23 23 23 23 23 23 23 23 23 23 23 23 23 23 23 23
11 11 11 6 6 11 3 3 3 23 11 23 23 11 11 11 11 11 23 23 23 23 23 23 23 23 23 23 23 23 23 23 23 23 23 23 23 23 23 23 23 23 23 23 23 23 23
11 11 11 6 6 11 3 3 3 23 11 23 23 11 11 11 11 11 23 23 23 23 23 23 23 23 23 23 23 23 23 23 23
11 11 11 6 6 11 3 3 3 23 11 23 23 11 11 11 16 16 23 11 11 11 11 23 23 23 23 23 23 23 23 23 23 23 23 23 23 23 23
11 11 11 6 6 11 3 3 3 23 11 23 23 11 11 11 11 11 23 23 23 23 23 23 23 23 23 23 23 23 23 23 23
11 11 11 6 6 11 3 3 3 23 11 23 23 11 11 11 11 11 23 23 23 23 23 23 23 23 23 23 23 23 23 23 23 23 23 23 23 23 23 23 23 23 23 23 23 23 23 23 23
11 11 11 6 6 11 3 3 3 23 11 23 23 11 11 11 11 11 23 23 23 23 23 23 23 23 23 23 23 23 23 23 23 23 23 23 23 23 23 23 23 23 23 23
11 11 11 6 6 11 3 3 3 23 11 23 23 11 11 11 11 11 23 23 23 23 23 23 23 23 23 23 23 23 23 23 23 23 23 23
11 11 11 6 6 11 3 3 3 23 11 23 23 11 11 11 16 16 23 11 11 11 11 23 23 23 23 23 23 23 23 23 23 23 23 23 23 23 23 23 23 23
11 11 11 6 6 11 3 3 3 23 11 23 23 11 11 11 11 11 23 23 23 23 23 23 23 23 23 23 23 23 23 23 23 23 23 23 23 23 23 23
11 11 11 6 6 11 3 3 3 23 11 23 23 11 11 11 11 11 23 23 23 23 23 23 23 23 23 23 23 23 23 23
11 11 11 6 6 11 3 3 3 23 11 23 23 11 11 11 16 16 23 11 11 11 11 23 23 23 23 23 23 23 23 23 23 23 23 23 23 23
11 11 11 6 6 11 3 3 3 23 11 23 23 11 11 16 16 11 23 11 11 11 11 23 23 23 23 23 23 23 23 23 23 23 23 23 23 23
11 11 11 6 6 11 3 3 3 23 11 23 23 11 11 11 11 11 23 23 23 23 23 23 23 23 23 23 23 23 23 23 23 23 23 23 23 23 23 23 23 23 23 23 23 23 23 23 23 23 23 23
11 11 11 6 6 11 3 3 3 23 23 23 23 11 11 11 11 11 11 23 23 23 23 23 23 23 23 23 23 23 23 23 23 23 23 23 23 23 23 23 23 23 23 23
11 11 11 6 6 11 3 3 3 23 23 23 23 11 11 11 11 11 11 23 23 23 23 23 23 23 23 23 23 23 23 23 23 23 23 23 23 23 23 23
11 11 11 6 6 11 3 3 3 23 23 23 23 11 11 11 11 11 11 23 23 23 23 23 23 23 23 23 23 23 23 23 23 23 23 23 23 23 23 23 23 23 23 23 23 23 23
11 11 11 6 6 11 3 3 3 23 23 23 23 11 11 11 11 11 11 23 23 23 23 23 23 23 23 23 23 23 23 23 23 23 23 23 23 23 23 23 23 23 23
11 11 11 6 6 11 3 3 3 23 23 23 23 11 11 11 11 11 11 23 23 3 3 3 3 3 23 23 23 23 23 23 23 23 23 23 23 23 23 23
11 11 11 6 6 11 3 3 3 11 23 23 11 11 11 11 11 23 23 23 23 23 23 23 23 23 23 23 23 23 23
11 11 11 6 6 11 3 3 3 23 23 23 23 11 11 11 11 11 11 23 23 23 23 23 23 23 23 23 23 23 23
11 11 11 6 6 11 3 3 3 23 23 23 23 11 16 16 11 11 11 11 11 11 11 23 23 23 23 23 23 23 23 23 23 23 23 23 23
11 11 11 6 6 11 3 3 3 23 23 23 23 11 11 16 16 11 11 11 11 11 11 23 23 23 23 23 23 23 23 23 23 23 23 23 23
11 11 11 6 6 11 3 3 3 23 23 23 23 11 16 16 11 11 11 11 11 11 11 23 23 23 23 23 23 23 23 23 23 23 23 23 23 23
11 11 11 6 6 11 3 3 3 23 23 23 23 11 11 16 16 11 11 11 11 11 11 23 23 23 23 23 23 23 23 23 23 23 23 23 23 23
11 11 11 6 6 11 3 3 3 23 23 23 23 11 11 16 16 11 11 11 11 11 11 23 23 23 23 23 23 23 23 23 23 23 23 23 23
11 11 11 6 6 11 3 3 3 23 23 23 23 11 11 11 11 11 11 23 11 11 11 11 11 11 23 23 23 23 23 23 23 23 23 23 23 23 23 23 23 23 23
11 11 11 6 6 11 3 3 3 23 23 23 23 11 11 11 11 11 11 23 11 11 11 11 11 11 23 23 23 23 23 23 23 23 23 23 23 23 23 23 23 23 23
11 11 11 6 6 11 3 3 3 23 23 23 23 11 11 11 11 11 11 11 11 11 11 11 11 23 23 23 23 23 23 23 23 23 23 23 23 23 23 23 23 23
11 11 11 6 6 11 3 3 3 23 23 23 23 11 11 16 16 11 11 11 11 11 11 23 23 23 23 23 23 23 23 23 23 23 23 23 23 23 23 23 23
11 11 11 6 6 11 3 3 3 23 23 23 23 11 11 11 11 11 11 23 23 23 23 23 23 23 23 23 23 23 23 23
11 11 11 6 6 11 3 3 3 23 23 23 23 11 11 11 11 11 11 23 23 23 23 23 23 23 23 23 23 23 23 23 23 23 23
11 11 11 6 6 11 3 3 3 23 23 23 23 11 11 11 11 11 11 23 23 23 23 23 23 23 23 23 23 23 23 23 23 23 23
11 11 11 6 6 11 3 3 3 23 23 23 23 11 11 11 11 11 11 23 23 23 23 23 23 23 23 23 23 23 23 23 23 23 23 23
11 11 11 6 6 11 3 3 3 23 23 23 23 11 11 11 11 11 11 23 23 23 23 23 23 23 23 23 23 23 23 23 23 23 23 23 23 23 23 23 23 23 23
11 11 11 6 6 11 3 3 3 23 11 23 23 11 11 11 11 11 23 23 23 23 23 23 23 23 23 23 23 23 23 23 23 23 23 23 23 23 23 23 23 23 23 23 23 23 23 23 23 23 23 23 23
11 11 11 6 6 11 3 3 3 23 11 23 23 11 11 11 11 11 23 23 23 23 23 23 23 23 23 23 23 23 23 11 11 11 11 11 11 23 23 23 23 23 23 23 23 23 23 23 23 23 23 23 23 23 23 23 23 23 23 23 23 23 23
11 11 11 6 6 11 3 3 3 23 23 23 11 11 11 11 11 11 23 23 23 23 23 23 23 23 23 23 23 23 23 23 23 23 23 23 23 23
11 11 11 6 6 11 3 3 3 23 23 23 11 11 11 11 11 11 23 23 23 23 23 23 23 23 23 23 23 23 23 23 23 23 23 23 23 23 23 23 23
11 11 11 6 6 11 3 3 3 23 23 23 11 11 11 11 11 11 23 23 23 23 23 23 23 23 23 23 23 23 23 23 23 23 23 23 23 23 23 23 23 23 23 23
11 11 11 6 6 11 3 3 3 23 23 23 11 11 11 11 11 11 23 23 23 23 23 23 23 23 23 23 23 23 23 23 23 23 23 23 23 23 23 23 23 23
11 11 11 6 6 11 3 3 3 23 23 23 11 11 11 11 11 11 23 23 23 23 23 23 23 23 23 23 23 23 23 23 23 23 23 23 23 23 23 23 23 23 23 23 23
11 11 11 6 6 11 3 3 3 23 23 23 11 11 11 11 11 11 23 23 23 23 23 23 23 23 23 23 23 23 23 23 23 23 23 23 23 23 23 23 23 23 23 23 23 23 23 23
11 11 11 6 6 11 3 3 3 23 23 11 11 11 11 11 11 23 23 23 23 23 23 23 23 23 23 23 23 23 23 23 23 23 23 23 23 23 23 23 23
11 11 11 6 6 11 3 3 3 23 23 11 11 11 11 11 11 23 23 23 23 23 23 23 23 23 23 23 23 23 23 23 23 23 23 23 23 23 23 23 23 23 23 23
11 11 11 6 6 11 3 3 3 23 23 23 11 11 11 11 11 11 23 23 23 23 23 23 23 23 23 23 23 23
11 11 11 6 6 11 3 3 3 23 23 23 11 11 11 11 11 11 23 23 23 23 23 23 23 23 23 23 23 23
11 11 11 6 6 11 3 3 3 23 23 23 11 11 11 11 11 11 23 23 23 23 23 23 23 23 23 23 23 23 23 23 23
11 11 11 6 6 11 3 3 3 23 23 11 11 11 11 11 11 23 23 23 23 23 23 23 23 23 23 23 23 23
11 11 11 6 6 11 3 3 3 23 23 11 11 11 11 11 11 23 23 23 23 23 23 23 23 23 23 23 23 23 23 23 23
11 11 11 6 6 11 3 0 0 23 23 11 11 11 11 23 23 23 23 23 23 23 23 23 23 23 23
11 11 11 6 6 11 3 1 1 23 23 20 20 20 20 20 23 23 23 23 23 23 23 23 23 23 23 23 23 23
11 11 11 6 6 11 3 2 2 23 23 22 22 22 22 22 22 23 23 23 23 23 23 23 23 23 23 23 23 23 23 23 23
11 11 11 6 6 11 3 3 3 23 23 23 23 23 23 23 23 23 23 23 23 23 23 23 23 23 23 23 23 23 23 23 23 23 23 23 23 23 23 23 23 23 23 23 23
11 11 11 6 6 11 3 0 0 23 23 11 11 11 11 11 11 11 11 11 11 23 23 23 23 23 23 23 23 23 23 23 23 23 23 23
11 11 11 6 6 11 3 3 3 23 23 23 23 11 11 11 11 11 11 23 23 23 23 23 23 23 23 23 23 23 23 23 23 23 23 23 23 23 23 23 23 23 23 23 23
11 11 11 6 6 11 3 3 3 23 23 11 11 11 11 11 11 23 23 23 23 23 23 23 23 23 23 23 23 23 23 23 23 23 23 23 23 23 23 23 23 23 23 23 23
11 11 11 6 6 11 3 3 3 23 23 11 11 11 11 11 11 23 23 23 23 23 23 23 23 23 23 23 23 23 23 23 23 23 23 23 23 23 23 23 23 23 23 23
11 11 11 6 6 11 3 3 3 23 23 23 23 23 11 11 11 11 11 11 23 23 23 23 23 23 23 23 23 23 23 23 23 23 23 23 23 23 23 23 23 23 23 23
11 11 11 6 6 11 3 3 3 23 23 23 23 23 11 11 11 11 11 11 23 23 23 23 23 23 23 23 23 23 23 23 23 23 23 23 23 23 23 23
11 11 11 6 6 11 3 3 3 23 23 23 23 23 11 11 11 11 11 11 23 23 23 23 23 23 23 23 23 23 23 23 23 23 23 23 23 23 23 23 23 23 23 23 23 23 23
11 11 11 6 6 11 3 3 3 23 23 23 23 23 11 11 11 11 11 11 23 23 23 23 23 23 23 23 23 23 23 23 23 23 23 23 23 23 23 23 23 23 23
11 11 11 6 6 11 3 3 3 23 23 23 23 23 11 11 11 11 11 11 23 23 3 3 3 3 3 23 23 23 23 23 23 23 23 23 23 23 23 23
11 11 11 6 6 11 3 3 3 11 23 23 11 11 11 11 11 23 23 23 23 23 23 23 23 23 23 23
11 11 11 6 6 11 3 3 3 11 23 23 11 11 11 11 11 23 23 23 23 23 23 23 23 23 23 23
11 11 11 6 6 11 3 3 3 11 23 23 11 11 11 11 11 23 23 23 23 23 23 23 23 23 23 23
11 11 11 6 6 11 3 3 3 11 23 23 11 11 11 11 11 23 23 23 23 23 23 23 23 23 23 23 23 23 23 23 23 23 23 23 23 23 23 23
11 11 11 6 6 11 3 3 3 23 23 23 23 11 16 16 11 11 11 11 16 16 11 11 11 11 11 23 23 23 23 23 23 23 23 23 23 23 23 23 23 23 23 23
11 11 11 6 6 11 3 3 3 23 23 23 23 11 11 16 16 11 11 11 16 16 11 11 11 11 11 23 23 23 23 23 23 23 23 23 23 23 23 23 23 23 23 23
11 11 11 6 6 11 3 3 3 23 23 23 23 11 6 6 11 11 11 3 0 0 11 11 11 11 23 23 23 23 23 23 23 23 23 23 23 23 23 23 23 23 23
11 11 11 6 6 11 3 3 3 23 23 23 23 11 6 6 11 11 11 3 0 0 11 11 11 11 23 23 23 23 23 23 23 23 23 23 23 23 23 23 23 23 23
11 11 11 6 6 11 3 3 3 23 23 23 23 11 6 6 11 11 11 3 0 0 11 11 11 11 23 23 23 23 23 23 23 23 23 23 23 23 23 23 23 23 23 23 23
11 11 11 6 6 11 3 3 3 23 23 23 23 11 6 6 11 11 11 3 0 0 11 11 11 11 23 23 23 23 23 23 23 23 23 23 23 23 23 23 23 23 23 23 23 23 23 23
11 11 11 6 6 11 3 3 3 23 23 23 23 11 6 6 11 11 11 3 0 0 11 11 11 11 23 23 23 23 23 23 23 23 23 23 23 23 23 23 23 23 23 23
11 11 11 6 6 11 3 3 3 23 23 23 23 11 6 6 11 11 11 3 0 0 11 11 11 11 23 23 23 23 23 23 23 23 23 23 23 23 23 23 23 23
11 11 11 6 6 11 3 3 3 23 23 23 23 11 6 6 11 11 11 3 0 0 11 11 11 11 23 23 23 23 23 23 23 23 23 23 23 23 23 23 23 23
11 11 11 6 6 11 3 3 3 23 23 23 23 11 6 6 11 11 11 3 0 0 11 11 11 11 23 23 23 23 23 23 23 23 23 23 23 23 23 23 23 23 23 23 23 23 23 23
11 11 11 6 6 11 3 3 3 23 23 23 23 11 6 6 11 11 11 3 0 0 11 11 11 11 23 23 23 23 23 23 23 23 23 23 23 23 23 23 23 23 23 23 23 23 23 23 23 23 23
11 11 11 6 6 11 3 3 3 23 23 23 23 11 11 11 11 11 11 11 11 11 11 11 11 23 23 23 23 23 23 23 23 23 23 23 23 23 23 23 23
11 11 11 6 6 11 3 3 3 23 23 23 23 11 11 11 11 11 11 11 11 11 11 11 11 23 23 23 23 23 23 23 23 23 23 23 23 23 23 23 23
11 11 11 6 6 11 3 3 3 23 23 23 23 11 11 11 11 11 11 11 11 11 11 11 11 23 23 23 23 23 23 23 23 23 23 23 23 23 23 23 23
11 11 11 6 6 11 3 3 3 23 23 23 23 11 11 11 11 11 11 11 11 11 11 11 11 23 23 23 23 23 23 23 23 23 23 23 23 23 23 23 23 23
11 11 11 6 6 11 3 3 3 23 23 23 23 11 11 11 11 11 11 11 11 11 11 11 11 23 23 23 23 23 23 23 23 23 23 23 23 23 23 23 23 23
11 11 11 6 6 11 3 3 3 23 23 23 23 11 11 11 11 11 11 11 11 11 11 11 11 23 23 23 23 23 23 23 23 23 23 23 23 23 23 23 23 23
11 11 11 6 6 11 3 3 3 23 23 23 11 23 11 11 11 11 11 23 23 23 23 23 23 23 23 23 23 23 23
11 11 11 6 6 11 3 3 3 23 23 23 11 23 11 11 11 11 11 23 23 23 23 23 23 23 23 23 23 23 23
11 11 11 6 6 11 3 3 3 23 23 23 11 23 11 11 11 11 11 23 23 23 23 23 23 23 23 23 23 23 23 23 23
11 11 11 6 6 11 3 3 3 23 23 23 11 23 11 11 11 11 11 23 23 23 23 23 23 23 23 23 23 23 23 23 23 23 23 23 23 23 23
11 11 11 6 6 11 3 3 3 23 23 11 23 11 11 11 11 11 23 23 23 23 23 23 23 23 23 23 23 23 23 23 23 23 23 23 23 23 23 23 23 23 23
11 11 11 6 6 11 3 3 3 23 23 11 23 11 11 11 11 11 23 23 23 23 23 23 23 23 23 23 23 23 23 23 23 23 23 23 23 23 23 23 23 23 23
11 11 11 6 6 11 3 3 3 23 23 11 23 11 11 11 11 11 23 23 23 23 23 23 23 23 23 23 23 23 23 23 23 23 23 23 23 23 23 23 23 23 23
11 11 11 6 6 11 3 3 3 23 23 11 23 11 11 11 11 11 23 23 23 23 23 23 23 23 23 23 23 23 23 23 23 23 23 23 23 23 23 23 23 23 23 23 23 23 23
11 11 11 6 6 11 3 3 3 23 23 11 23 11 11 11 11 11 23 23 23 23 23 23 23 23 23 23 23 23 23 23 23 23 23
11 11 11 6 6 11 3 3 3 23 23 11 23 11 11 11 11 11 23 23 23 23 23 23 23 23 23 23 23 23 23 23 23 23 23
11 11 11 6 6 11 3 3 3 23 23 11 23 11 11 11 11 11 23 23 23 23 23 23 23 23 23 23 23 23 23 23 23 23 23
11 11 11 6 6 11 3 3 3 23 23 11 23 11 11 11 11 11 23 23 23 23 23 23 23 23 23 23 23 23 23 23 23 23 23
11 11 11 6 6 11 3 3 3 23 23 11 23 11 11 11 11 11 23 23 23 23 23 23 23 23 23 23 23 23 23 23 23 23 23 23 23 23 23 23 23 23 23 23 23 23
11 11 11 6 6 11 3 3 3 23 23 11 23 11 11 11 11 11 23 23 23 23 23 23 23 23 23 23 23 23 23 23 23 23 23 23 23 23 23 23 23 23 23 23 23 23
11 11 11 6 6 11 3 3 3 23 23 11 23 11 11 11 11 11 23 23 23 23 23 23 23 23 23 23 23 23 23 23 23 23 23 23 23 23 23 23 23 23 23 23 23 23 23 23 23 23
11 11 11 6 6 11 3 3 3 23 23 11 11 11 11 11 11 23 23 23 23 23 23 23 23 23 23
11 11 11 6 6 11 3 3 3 23 23 11 11 11 11 11 11 23 23 23 23 23 23 23 23 23 23 23 23 23 23 23 23 23 23 23 23 23 23
11 11 11 6 6 11 3 3 3 23 23 11 11 11 11 11 11 23 23 23 23 23 23 23 23 23 23 23 23 23 23 23 23 23 23 23 23 23 23
11 11 11 6 6 11 3 3 3 23 23 11 11 11 11 11 11 23 23 23 23 23 23 23 23 23 23 23 23 23 23 23 23 23 23 23 23 23 23
11 11 11 6 6 11 3 3 3 23 23 11 11 11 11 11 11 23 23 23 23 23 23 23 23 23 23 23 23 23 23 23 23 23 23 23 23 23 23
11 11 11 6 6 11 3 3 3 23 23 11 11 11 11 11 11 23 23 23 23 23 23 23 23 23 23 23 23 23 23 23 23 23 23
11 11 11 6 6 11 3 3 3 23 23 11 11 11 11 11 11 23 23 23 23 23 23 23 23 23 23 23 23 23 23 23 23 23 23
11 11 11 6 6 11 3 3 3 23 23 11 11 11 11 11 11 23 23 23 23 23 23 23 23 23 23 23 23 23 23 23 23 23 23
11 11 11 6 6 11 3 3 3 23 23 11 11 11 11 11 11 23 23 23 23 23 23 23 23 23 23 23 23 23 23 23 23 23 23
11 11 11 6 6 11 3 3 3 23 23 11 11 11 11 11 11 23 23 23 23 23 23 23 23 23 23
11 11 11 6 6 11 3 3 3 23 23 11 11 11 11 11 11 23 23 23 23 23 23 23 23 23 23
11 11 11 6 6 11 3 3 3 23 23 11 11 11 11 11 11 23 23 23 23 23 23 23 23 23 23 23 23 23 23 23 23 23 23 23
11 11 11 6 6 11 3 3 3 23 23 11 11 11 11 11 11 23 23 23 23 23 23 23 23 23 23 23 23 23 23 23 23 23 23 23 23
11 11 11 6 6 11 3 3 3 23 23 11 11 11 11 11 11 11 11 11 11 11 11 23 23 23 23 23 23 23 23 23 23 23 23 23 23
11 11 11 6 6 11 3 3 3 23 23 11 11 11 11 11 11 23 23 23 23 23 23 23 23 23
11 11 11 6 6 11 3 3 3 23 23 11 11 11 16 16 11 11 11 11 11 23 23 23 23 23 23 23 23 23 23 23 23
11 11 11 6 6 11 3 3 3 23 23 11 11 11 11 16 16 11 11 11 11 23 23 23 23 23 23 23 23 23 23 23 23 23 23 23 23
3 3 3 0 11 11 11 11 0 3 0 11 11 11 11 0 0 11 11 11 11 0 23 23 23 23 23 23 23 23 23 23 23 23 23 23 23 23 23 23 23 23
11 11 11 6 6 11 3 3 3 23 23 11 11 11 11 11 11 23 23 23 23 23 23 23 23 23 23 23 23 23
11 11 11 6 6 11 3 3 3 23 23 11 11 11 11 11 11 23 23 23 23 23 23 23 23 23 23 23 23 23 23 23 23 23 23 23 23 23 23 23 23 23 23 23
11 11 11 6 6 11 3 3 3 23 23 11 11 11 11 11 11 23 23 23 23 23 23 23 23 23 23 23 23 23 23 23 23 23 23 23 23 23 23 23
11 11 11 6 6 11 3 3 3 23 23 11 11 11 16 16 11 23 23 11 11 11 11 23 23 23 23 23 23 23 23 23 23 23 23 23 23
11 11 11 6 6 11 3 3 3 23 11 23 23 11 11 11 11 11 23 23 23 23 23 23 23 23 23 23 23 23 23 23 23 23 23 23 23 23 23 23 23 23 23 23 23 23
11 11 11 6 6 11 3 3 3 11 23 23 11 11 11 11 11 23 23 23 23 23 23 23 23 23 23 23 23 23 23 23 23 23 23 23 23 23 23 23 23 23 23 23 23 23 23 23 23
11 11 11 6 6 11 3 3 3 11 23 23 11 11 11 11 11 23 23 23 23 23 23 23 23 23 23 23 23 23 23 23 23 23 23 23 23 23 23 23 23 23 23 23 23 23 23 23 23 23 23 23
11 11 11 11 11 11 23 11 11 11 11 11 11 23 23 23 23 3 23 23 3 3 3 3 23 23 23 23 23 23 23 23 23 23 23 23 23 23 23 23 23 23 23
11 11 11 11 11 11 23 11 11 11 11 11 11 23 23 23 23 3 23 23 3 3 3 3 23 23 23 23 23 23 23 23 23 23 23 23 23 23 23 23 23 23 23 23 23 23 23
11 11 11 11 11 11 23 11 11 11 11 11 11 23 23 23 3 23 3 3 3 3 23 23 23 23 23 23 23 23 23 23 23 23 23
11 11 11 11 11 11 23 11 11 11 11 11 11 23 23 23 23 3 23 23 3 3 3 3 23 23 23 23 23 23 23 23 23 23 23 23 23 23 23 23 23 23 23
11 11 11 11 11 11 23 11 11 11 11 11 11 23 23 23 23 3 3 3 3 3 23 23 23 23 23 23 23 23 23 23 23 23 23 23 23 23 23 23 23 23 23
11 11 11 11 11 11 23 11 11 11 11 11 11 23 23 3 3 3 3 3 3 23 3 3 3 3 23 23 23 23 23 23 23 23 23 23 23 23 23 23 23 23 23 23 23 23 23 23 23 23 23 23 23 23 23 23 23 23
11 11 11 11 11 11 23 11 11 11 11 11 11 23 23 3 3 3 3 3 3 3 3 3 3 23 23 23 23 23 23 23 23 23 23 23 23 23 23 23 23 23 23 23 23 23 23
11 11 11 11 11 11 23 11 11 11 11 11 11 23 23 23 23 3 23 23 3 3 3 3 11 11 11 11 11 11 23 23 23 23 23 23 23 23 23 23 23 23 23 23 23 23 23 23 23 23 23 23 23
11 11 11 11 11 11 23 11 11 11 11 11 11 23 23 23 23 3 23 23 3 3 3 3 23 23 23 23 23 23 23 23 23 23 23 23 23 23 23 23 23 23 23 23 23 23 23 23 23
11 11 11 11 11 11 23 11 11 11 11 11 11 23 23 23 23 23 23 23 23 23 23 23 23 23 23 23 23 23 23 23 23 23 23 23 23 23 23
11 11 11 11 11 11 23 11 11 11 11 16 16 23 23 11 23 23 11 23 23 11 11 23 23 23 23 23 23 23 23 23 23 23 23 23 23 23 23 23 23
11 11 11 11 11 11 23 11 11 11 11 11 11 23 23 23 23 23 23 23 23 23 23 23 23 23 23 23 23 23 23 23 23 23 23 23 23 23 23
11 11 11 11 11 11 23 11 11 11 11 11 11 23 23 23 23 23 23 23 23 23 23 23 23 23 23 23 23 23 23 23 23 23 23 23 23 23 23 23 23 23 23 23 23 23 23
11 11 11 11 11 11 23 11 11 11 11 11 11 23 23 23 23 23 23 23 23 23 23 23 23 23 23 23 23 23 23 23 23 23 23 23 23 23 23 23 23 23 23 23 23 23 23 23 23 23
11 11 11 11 11 11 23 11 11 11 11 11 11 23 23 23 23 23 23 23 23 23 23 23 23 23 23 23 23 23 23 23 23 23 23 23 23 23 23 23 23 23 23 23 23 23 23 23 23 23 23 23 23
11 11 11 11 11 11 23 11 11 11 11 11 11 23 23 23 23 23 23 23 23 23 23 23 23 23 23 23 23 23 23 23 23 23 23 23 23 23 23 23 23 23 23 23 23 23 23 23 23 23 23 23 23 23 23 23
11 11 11 11 11 11 23 11 11 11 11 11 11 23 23 23 23 23 23 23 23 23 23 23 23 23 23 23 23 23 23 23 23 23 23 23 23 23 23 23 23 23 23 23 23 23 23 23 23 23 23 23 23 23 23 23 23 23 23
11 11 11 11 11 11 23 11 11 11 11 11 11 23 23 23 23 23 23 23 23 23 23 23 23 23 23 23 23 23 23 23 23 23 23 23 23 23 23 23 23 23 23 23 23 23 23
11 11 11 11 11 11 23 11 11 11 11 11 11 23 23 23 23 23 23 23 23 23 23 23 23 23 23 23 23 23 23 23 23 23 23 23 23 23 23 23 23 23 23 23 23 23 23 23 23 23 23 23 23
11 11 11 11 11 11 23 11 11 11 11 11 11 23 23 23 23 23 23 23 23 23 23 23 23 23 23 23 23 23 23 23 23 23 23 23 23 23 23 23 23 23 23 23 23 23 23 23 23 23
11 11 11 11 11 11 23 11 11 11 11 11 11 23 23 23 23 23 23 23 23 23 23 23 23 23 23 23 23 23 23 23 23 23 23 23 23 23 23 23 23 23 23 23 23 23 23 23 23 23 23 23 23 23 23 23
11 11 11 11 11 11 23 11 11 11 11 11 11 23 23 23 23 23 23 23 23 23 23 23 23 23 23 23 23 23 23 23 23 23 23 23 23 23 23 23 23 23 23 23 23 23 23 23 23 23 23 23 23 23 23 23 23 23 23
11 11 11 11 11 11 23 11 11 11 11 11 11 23 23 23 23 23 23 23 23 23 23 23 23 23 23 23 23 23 23 23 23 23 23 23 23 23 23 23 23 23 23 23
11 11 11 11 11 11 23 11 11 11 11 11 11 23 23 23 23 23 23 23 23 23 23 23 23 23 23 23 23 23 23 23 23 23 23 23 23 23 23
11 11 16 16 16 11 11 11 11 16 11 11 11 11 23 11 11 11 11 11 11 23 23 23 23 23 23 23 23 23 23 23 23 23 23 23 23 23 23 23 23 23 23 23 23 23 23 23 23 23 23
11 11 16 16 16 11 11 11 11 16 11 11 11 11 23 11 11 11 11 11 11 23 23 23 23 23 23 23 23 23 23 23 23 23 23 23 23 23 23 23 23 23 23 23 23 23 23 23 23
11 11 16 16 16 11 11 11 11 16 11 11 11 11 23 11 11 11 11 11 11 23 23 23 23 23 23 23 23 23 23 23 23 23 23 23 23 23 23 23 23 23 23 23 23 23 23
11 11 16 16 16 11 11 11 11 16 11 11 11 11 11 11 11 11 11 11 23 23 23 23 23 23 23 23 23 23 23 23 23 23 23 23 23 23 23 23 23 23 23 23 23 23 23 23 23 23
11 11 16 16 16 11 11 11 11 16 11 11 11 11 11 11 11 11 11 11 23 23 23 23 23 23 23 23 23 23 23 23 23 23 23 23 23 23 23 23 23 23 23 23 23 23 23 23
11 11 16 16 16 11 11 11 11 16 11 11 11 11 11 11 11 11 11 11 23 23 23 23 23 23 23 23 23 23 23 23 23 23 23 23 23 23 23 23 23 23 23 23 23 23 23 23 23 23 23 23 23 23
11 11 11 16 16 11 11 16 16 11 23 23 11 16 16 11 11 11 11 11 23 23 23 23 23 23 23 23 23 23 23 23 23 23 23
11 11 16 16 6 3 3 3 6 11 11 11 11 23 11 11 11 11 11 11 23 23 23 23 23 23 23 23 23 23 23 23 23 23 23 23 23 23 23 23 23 23 23 23 23 23 23 23 23 23 23
11 11 16 16 6 3 3 3 6 11 11 11 11 23 11 11 11 11 11 11 23 23 23 23 23 23 23 23 23 23 23 23 23 23 23 23 23 23 23 23 23 23 23 23 23 23 23 23 23
11 11 16 16 6 3 3 3 6 11 11 11 11 11 11 11 11 11 11 23 23 23 23 23 23 23 23 23 23 23 23 23 23 23 23 23 23 23 23 23 23 23 23 23 23 23 23 23 23 23
11 11 11 16 16 11 11 11 6 6 23 23 23 3 3 3 23 11 11 11 11 11 11 23 23 23 23 23 23 23 23 23 23 23 23 23 23 23 23 23 23 23 23 23 23 23 23 23 23 23 23
11 11 11 16 16 11 11 11 6 6 23 23 23 3 3 3 23 11 11 11 11 11 11 23 23 23 23 23 23 23 23 23 23 23 23 23 23 23 23 23 23 23 23 23 23 23 23 23 23
11 11 11 16 16 11 11 11 6 6 23 23 3 3 3 23 11 11 11 11 11 11 23 23 23 23 23 23 23 23 23 23 23 23 23 23 23 23 23 23 23 23 23 23 23 23 23 23 23 23
11 11 11 14 14 11 8 6 8 9 23 23 18 18 23 23 23 23 23 23 23 23 23 23 23 23 23 23
11 11 11 13 13 11 7 6 6 7 23 23 4 23 23 23 23 23 23 23 23 23 23 23 23
11 11 11 17 17 11 12 5 12 16 23 23 5 23 23 23 23 23 23 23 23 23 23 23 23 23 23 23 23 23 23
11 11 11 17 17 11 17 16 16 17 23 23 16 16 23 23 23 23 23 23 23 23 23 23 23 23 23
11 11 11 15 15 11 10 15 16 15 23 23 21 21 23 21 23 23 23 23 23 23 23 23 23 23 23 23 23 23
11 11 11 6 6 11 23 23 3 3 3 23 23 23 23 23 23 23 23 23 23 23 23 23 23 23 23 23 23 23 23 23 23 23 23
11 11 11 16 16 11 6 6 11 11 23 23 3 3 3 23 23 23 23 23 23 23 23 23 23
11 11 11 6 6 11 23 23 0 0 3 11 11 11 11 23 23 23 23 23 23 23 23 23 23
11 11 11 16 16 11 11 16 16 11 23 23 16 11 11 16 11 11 11 11 23 23 23 23 23 23 23 23 23 23 23 23 23
11 11 11 16 16 11 11 16 16 11 23 23 16 11 11 16 11 11 11 11 23 23 23 23 23 23 23 23 23 23 23 23 23 23 23 23 23
11 11 11 16 16 11 11 16 16 11 23 23 16 11 11 16 11 11 11 11 23 23 23 23 23 23 23 23 23 23 23 23 23 23 23 23 23
11 11 11 16 16 11 11 16 16 11 23 23 16 11 11 16 11 11 11 11 23 23 23 23 23 23 23 23 23 23 23
11 11 11 16 16 11 11 16 16 11 23 23 16 11 11 16 11 11 11 11 23 23 23 23 23 23 23 23 23 23 23 23 23 23 23
11 11 11 16 16 11 11 16 16 11 23 23 11 16 16 11 11 11 11 11 23 23 23 23 23 23 23 23 23 23 23 23 23
11 11 11 16 16 11 11 16 16 11 23 23 11 16 16 11 11 11 11 11 23 23 23 23 23 23 23 23 23 23 23 23 23 23 23 23 23
11 11 11 16 16 11 11 16 16 11 23 23 11 16 16 11 11 11 11 11 23 23 23 23 23 23 23 23 23 23 23 23 23 23 23 23 23
11 11 11 16 16 11 11 16 16 11 23 23 11 16 16 11 11 11 11 11 23 23 23 23 23 23 23 23 23 23 23 23 23 23 23 23 23
11 11 11 16 16 11 11 16 16 11 23 23 11 16 16 11 11 11 11 11 23 23 23 23 23 23 23 23 23 23 23
11 11 11 11 11 11 11 11 11 11 11 11 23 23 23 23 23 23 23 23 23 23 23 23 23 23 23 23 23 23 23 23 23 23 23 23 23 23 23