7 12 28 53 51 17 26 6 5 5 5 6 10 9 0 44 54 0 0 0 0 1 1 1 1 11 11 11 3 3
7 12 28 53 51 17 26 6 5 5 5 6 10 9 0 44 54 0 0 0 0 1 1 1 1 11 11 11 3 3
7 12 28 99 51 17 26 6 5 5 5 6 10 9 0 99 0 0 0 0 1 1 1 1 4 4 4
7 12 28 99 51 17 26 6 5 5 5 6 10 9 0 0 99 99 99 99 0 0 0 1 1 1 1 37 37 11 11 11 35 35
7 12 28 99 51 17 26 6 5 5 5 6 10 9 0 99 75 27 13 6 99 6 13 99 1 1 0 0 0 0 1 1 1 1 37 37 0 0 0 0
7 12 7 36 99 17 26 6 5 5 5 6 10 9 0 0 99 99 38 40 18 5 5 5 18 0 0 0 1 1 1 1 0 24 8 8 0 0 0 0 0
7 12 28 99 51 17 26 6 5 5 5 6 10 9 0 99 75 27 13 5 5 5 13 0 0 0 0 1 1 1 1 37 37 0 0 0 0 0
7 12 28 99 51 17 26 6 5 5 5 6 10 9 0 99 0 48 13 5 6 26 99 6 5 5 6 75 0 0 0 1 1 1 1 37 37 0 0 0 0 0 0 0
7 12 7 36 99 17 26 6 5 5 5 6 10 9 0 13 0 45 77 6 6 26 26 6 5 5 6 6 0 0 0 1 1 1 1 0 0 0 0 0 0 0 0 0
7 12 28 99 51 17 26 6 5 5 5 6 10 9 0 99 99 99 0 0 0 0 1 1 1 1 37 37
7 12 28 99 51 17 26 6 5 5 5 6 10 9 0 99 4 4 4 0 0 0 0 1 1 1 1
7 12 28 99 51 17 26 6 5 5 5 6 10 9 0 89 31 41 6 6 99 6 6 99 1 1 0 0 0 0 1 1 1 1 8 8 24 0 0 0 0
7 12 28 53 51 17 26 45 99 6 5 6 10 9 0 99 1 1 44 54 0 0 0 1 1 1 1 11 11 11 3 3
7 12 28 53 51 17 26 21 79 13 5 6 10 9 0 44 54 99 99 99 0 0 0 1 1 1 1 11 11 11 3 3
7 12 28 53 51 17 26 45 99 99 6 6 10 9 99 44 54 99 1 1 99 82 72 82 99 0 0 0 1 1 1 1 11 11 11 3 3 3 3 16 16 16 16 16 16 3 3
7 12 28 53 51 17 26 21 99 13 5 6 10 9 0 44 54 99 64 0 0 0 1 1 1 1 11 11 11 3 3
7 12 28 53 51 17 26 21 79 13 5 6 10 9 0 44 54 70 84 99 99 99 0 0 0 1 1 1 1 11 11 11 3 3 4 4 4 4 4 4
7 12 28 53 51 17 26 21 99 13 5 6 10 9 0 44 54 99 99 99 42 42 0 0 0 1 1 1 1 11 11 11 3 3 20 4 4 4 4 4 4
7 12 28 53 51 17 26 6 6 58 6 6 10 9 99 44 54 99 82 72 82 99 0 0 0 0 1 1 1 1 11 11 11 3 3 3 3 16 16 16 16 16 16 3 3
7 12 28 53 51 17 26 45 99 99 6 6 10 9 44 54 47 42 57 40 18 5 5 5 18 99 1 1 0 0 0 1 1 1 1 11 11 11 3 3 4 4 4 8 8 0 0 0 0 0
7 12 28 53 51 17 26 45 99 99 6 6 10 9 44 54 47 42 57 40 18 5 5 5 18 99 0 0 0 1 1 1 1 11 11 11 3 3 4 4 4 8 8 0 0 0 0 0 1 1
7 12 28 53 51 17 26 45 99 99 6 6 10 9 44 54 99 57 40 18 5 5 5 18 99 1 1 44 99 0 0 0 1 1 1 1 11 11 11 3 3 8 8 0 0 0 0 0 11 11 11 3 3
7 12 28 53 51 17 26 55 99 99 6 6 10 9 44 54 96 99 1 1 40 18 5 5 5 18 0 0 0 1 1 1 1 11 11 11 3 3 8 8 0 0 0 0 0
7 99 28 53 51 99 26 6 5 5 5 6 0 44 54 99 99 3 3 44 99 99 3 3 44 0 0 0 0 11 11 11 3 3 24 11 11 11 24 11 11 11
7 12 28 53 51 17 26 21 79 13 5 6 10 9 0 44 54 70 84 99 99 40 99 99 99 99 99 18 5 5 5 18 56 0 0 0 1 1 1 1 11 11 11 3 3 8 8 3 3 35 35 4 4 4 0 0 0 0 0
7 12 28 53 51 17 26 45 99 6 5 6 10 9 0 44 54 99 99 99 99 70 99 40 18 5 5 5 18 0 0 0 1 1 1 1 11 11 11 3 3 0 8 8 0 0 0 0 0
7 12 28 53 51 17 26 45 99 6 5 6 10 9 0 44 54 99 65 99 70 70 99 6 5 5 5 6 0 0 0 1 1 1 1 11 11 11 3 3 0 0 0 0 0 0
7 12 28 53 51 17 26 45 99 6 5 6 10 9 0 44 54 99 99 99 99 70 0 0 0 1 1 1 1 11 11 11 3 3 0 20
7 12 28 53 51 17 26 45 99 6 5 6 10 9 0 44 54 53 99 99 99 99 99 40 18 5 5 5 18 0 0 0 1 1 1 1 11 11 11 3 3 3 3 3 3 8 8 0 0 0 0 0
7 12 28 53 51 17 26 45 77 6 5 6 10 9 0 44 54 6 6 0 77 6 5 5 5 6 0 0 0 1 1 1 1 11 11 11 3 3 0 0 0 0 0 0
7 12 28 53 51 17 26 45 77 6 5 6 10 9 0 44 54 6 6 0 77 21 23 46 23 21 15 14 15 14 15 14 0 0 0 1 1 1 1 11 11 11 3 3 0 0 0 2 2 2 2 2 2 2 2 2
7 12 28 53 51 17 26 45 41 6 5 6 10 9 0 44 54 31 38 40 18 5 5 5 18 0 0 0 1 1 1 1 11 11 11 3 3 24 8 8 0 0 0 0 0
7 12 28 53 51 17 26 45 58 6 5 6 10 9 0 44 54 47 57 40 32 23 46 23 32 42 15 14 15 14 15 14 0 0 0 1 1 1 1 11 11 11 3 3 8 8 0 0 4 4 4 2 2 2 2 2 2 2 2 2
7 12 28 53 51 17 26 45 99 99 6 6 10 9 31 44 54 38 40 18 5 5 5 18 99 1 1 0 0 0 1 1 1 1 24 11 11 11 3 3 8 8 0 0 0 0 0
7 12 28 53 51 17 26 45 99 99 6 6 10 9 47 44 54 57 40 18 5 5 5 18 99 1 1 42 0 0 0 1 1 1 1 11 11 11 3 3 8 8 0 0 0 0 0 4 4 4
7 12 28 53 51 17 26 45 99 6 5 6 10 9 0 44 54 99 1 1 0 0 0 1 1 1 1 11 11 11 3 3
7 12 28 53 51 17 26 45 99 99 6 6 10 9 31 44 54 38 40 18 6 99 6 18 99 1 1 99 20 99 0 0 0 1 1 1 1 24 11 11 11 3 3 8 8 0 0 0 0 64
7 12 28 53 51 17 26 45 99 99 6 6 10 9 47 44 54 57 40 18 6 99 6 18 99 1 1 99 20 99 42 0 0 0 1 1 1 1 11 11 11 3 3 8 8 0 0 0 0 64 4 4 4
7 12 28 53 51 17 26 45 99 99 6 6 10 9 47 44 54 57 40 18 6 77 6 18 99 1 1 99 0 42 99 99 0 0 0 1 1 1 1 11 11 11 3 3 8 8 0 0 0 0 4 4 4 24 4 4 4
7 12 28 53 51 17 26 45 99 99 6 6 10 9 47 44 54 57 40 18 6 99 6 18 99 1 1 99 42 99 99 99 99 99 99 0 0 0 1 1 1 1 11 11 11 3 3 8 8 0 0 0 0 4 4 4 35 35 11 11 11 11 11 11
7 12 28 53 51 17 26 45 99 99 6 6 10 9 31 44 54 38 40 18 18 99 18 18 99 1 1 99 99 99 99 99 0 0 0 1 1 1 1 24 11 11 11 3 3 8 8 0 0 0 0 99 35 35 35 35
7 12 28 53 51 17 26 45 99 99 6 6 10 9 31 44 54 38 40 18 6 77 6 18 99 1 1 99 0 99 0 0 0 1 1 1 1 24 11 11 11 3 3 8 8 0 0 0 0 1 1
7 12 28 53 51 17 26 45 99 99 6 6 10 9 31 44 54 38 40 18 6 77 6 18 99 1 1 99 0 99 99 0 0 0 1 1 1 1 24 11 11 11 3 3 8 8 0 0 0 0 24 4 4 4
7 12 28 53 51 17 26 45 99 99 6 6 10 9 31 44 54 38 40 18 6 77 6 18 99 1 1 99 0 99 99 99 82 72 82 0 0 0 1 1 1 1 24 11 11 11 3 3 8 8 0 0 0 0 3 3 3 3 16 16 16 16 16 16
7 12 28 53 51 17 26 45 99 99 6 6 10 9 31 44 54 38 40 18 6 77 6 18 99 1 1 99 0 99 42 42 0 0 0 1 1 1 1 24 11 11 11 3 3 8 8 0 0 0 0 4 4 4 4 4 4
7 12 28 53 51 17 26 21 79 13 5 6 10 9 0 44 54 70 84 99 99 99 0 0 0 1 1 1 1 11 11 11 3 3 4 4 4 4 4 4
7 12 28 53 51 17 26 21 99 13 5 6 10 9 0 44 54 99 99 99 42 42 0 0 0 1 1 1 1 11 11 11 3 3 20 4 4 4 4 4 4
7 12 28 53 51 17 26 21 79 13 5 6 10 9 0 44 54 70 99 99 99 0 0 0 1 1 1 1 11 11 11 3 3 56 4 4 4
7 12 28 53 51 17 26 21 79 13 5 6 10 9 0 44 54 70 84 99 99 99 44 0 0 0 1 1 1 1 11 11 11 3 3 4 4 4 3 3 11 11 11
7 12 28 53 51 17 26 21 79 13 5 6 10 9 0 44 54 70 84 99 99 99 99 99 0 0 0 1 1 1 1 11 11 11 3 3 4 4 4 3 3 16 16 11 11 11
7 12 28 53 51 17 26 21 79 13 5 6 10 9 0 44 54 70 84 99 99 99 40 18 5 5 5 18 0 0 0 1 1 1 1 11 11 11 3 3 4 4 4 8 8 0 0 0 0 0
7 12 28 53 51 17 26 21 79 13 5 6 10 9 0 44 54 70 84 99 99 99 99 99 99 99 44 44 0 0 0 1 1 1 1 11 11 11 3 3 4 4 4 3 3 3 3 3 3 3 3 11 11 11 11 11 11
7 12 28 53 51 17 26 21 79 13 5 6 10 9 0 44 54 70 84 99 99 99 44 44 0 0 0 1 1 1 1 11 11 11 3 3 3 3 3 3 11 11 11 11 11 11
7 12 28 53 51 17 26 21 79 13 5 6 10 9 0 44 54 70 84 99 99 99 99 99 99 99 99 99 0 0 0 1 1 1 1 11 11 11 3 3 11 11 11 11 11 11 11 11 11 11 11 11 11 11 11 11 11 11
7 12 28 53 51 17 26 21 79 13 5 6 10 9 0 44 54 70 84 99 99 82 82 99 0 0 0 1 1 1 1 11 11 11 3 3 3 3 16 16 16 16 3 3
7 12 28 53 51 17 26 21 79 13 5 6 10 9 0 44 54 70 84 99 99 82 99 82 72 0 0 0 1 1 1 1 11 11 11 3 3 3 3 16 16 3 3 16 16 16 16
7 12 28 53 51 17 26 21 79 13 5 6 10 9 0 44 54 70 84 99 99 99 99 99 99 99 0 0 0 1 1 1 1 11 11 11 3 3 3 3 3 3 3 3 3 3 4 4 4
7 12 28 53 51 17 26 21 79 13 5 6 10 9 0 44 54 70 84 99 99 99 99 99 99 99 0 0 0 1 1 1 1 11 11 11 3 3 3 3 16 16 3 3 16 16 99 99
7 12 28 53 51 17 26 21 79 13 5 6 10 9 0 44 54 70 84 99 99 99 99 99 99 0 0 0 1 1 1 1 11 11 11 3 3 3 3 35 35 3 3 35 35
7 12 28 53 51 17 26 21 79 13 5 6 10 9 0 44 54 70 84 99 99 99 99 99 0 0 0 1 1 1 1 11 11 11 3 3 4 4 4 3 3 35 35 99
7 12 28 53 51 17 26 21 79 13 5 6 10 9 0 44 54 70 84 99 99 99 99 99 44 0 0 0 1 1 1 1 11 11 11 3 3 3 3 3 3 35 35 99 11 11 11
7 12 28 53 51 17 26 21 79 13 5 6 10 9 0 44 54 70 84 99 99 99 99 99 99 99 0 0 0 1 1 1 1 11 11 11 3 3 3 3 3 3 35 35 99 16 16 11 11 11
7 12 28 53 51 17 26 21 79 13 5 6 10 9 0 44 54 70 84 99 99 99 99 99 99 99 99 0 0 0 1 1 1 1 11 11 11 3 3 3 3 35 35 99 11 11 11 11 11 11 11 11 11
7 12 28 53 51 17 26 21 79 13 5 6 10 9 0 44 54 70 84 99 99 99 99 99 40 18 5 5 5 18 0 0 0 1 1 1 1 11 11 11 3 3 8 8 3 3 35 35 99 0 0 0 0 0
7 12 28 53 51 17 26 21 79 13 5 6 10 9 0 44 54 70 84 99 99 99 99 99 99 99 0 0 0 1 1 1 1 11 11 11 3 3 3 3 3 3 35 35 99 35 35 99
7 12 28 53 51 17 26 21 79 13 5 6 10 9 0 44 54 70 84 99 99 99 99 99 99 99 99 99 0 0 0 1 1 1 1 11 11 11 3 3 3 3 3 3 35 35 35 35 2 2 2 2 2 2
7 12 28 53 51 17 26 21 79 13 5 6 10 9 0 44 54 70 84 99 99 99 99 99 99 99 99 0 0 0 1 1 1 1 11 11 11 3 3 4 4 4 3 3 99 35 35 35 35
7 12 28 53 51 17 26 21 79 13 5 6 10 9 0 44 54 70 84 99 99 59 99 99 99 18 5 5 18 0 0 0 1 1 1 1 11 11 11 3 3 3 3 3 3 8 8 0 0 0 0
7 12 28 53 51 17 26 21 79 13 5 6 10 9 0 44 54 70 84 99 99 99 40 18 5 5 5 18 99 99 99 56 99 0 0 0 1 1 1 1 11 11 11 3 3 8 8 3 3 0 0 0 0 0 35 35 4 4 4
7 12 28 53 51 17 26 21 79 13 5 6 10 9 0 44 54 70 84 99 99 99 99 40 18 13 23 23 32 99 99 56 99 15 14 15 14 0 0 0 1 1 1 1 11 11 11 3 3 8 8 0 0 0 3 3 35 35 4 4 4 2 2 2 2 2 2
7 12 28 53 51 17 26 21 79 13 5 6 10 9 0 44 54 70 84 99 99 99 99 40 32 27 65 27 32 99 99 56 99 15 14 15 14 0 0 0 1 1 1 1 11 11 11 3 3 8 8 0 0 0 3 3 35 35 4 4 4 2 2 2 2 2 2
7 12 28 53 51 17 26 21 79 13 5 6 10 9 0 44 54 70 84 99 99 99 99 40 32 23 46 23 32 99 99 56 99 15 14 15 14 15 14 0 0 0 1 1 1 1 11 11 11 3 3 8 8 0 0 3 3 35 35 4 4 4 2 2 2 2 2 2 2 2 2
7 12 28 53 51 17 26 21 79 13 5 6 10 9 0 44 54 70 84 99 99 99 99 40 18 5 5 5 18 99 99 56 99 0 0 0 0 1 1 1 1 11 11 11 3 3 8 8 0 0 0 0 3 3 35 35 4 4 4
7 12 28 53 51 17 26 21 79 13 5 6 10 9 0 44 54 70 84 99 99 99 99 40 18 5 5 5 18 99 99 56 99 0 0 0 0 1 1 1 1 11 11 11 3 3 8 8 0 0 0 0 3 3 35 35 4 4 4
7 12 28 53 51 17 26 21 79 13 5 6 10 9 0 44 54 70 84 99 99 99 99 40 18 5 5 5 18 99 99 56 99 0 0 0 0 1 1 1 1 11 11 11 3 3 8 8 0 0 0 0 3 3 35 35 4 4 4
7 12 28 53 51 17 26 21 79 13 5 6 10 9 0 44 54 70 84 99 99 99 99 40 18 5 5 5 18 99 99 56 99 0 0 0 0 1 1 1 1 11 11 11 3 3 8 8 0 0 0 0 3 3 35 35 4 4 4
7 12 28 53 51 17 26 21 79 13 5 6 10 9 0 44 54 70 84 99 99 99 99 40 18 5 5 5 18 99 99 56 99 0 0 0 0 1 1 1 1 11 11 11 3 3 8 8 0 0 0 0 3 3 35 35 4 4 4
7 12 28 53 51 17 26 21 79 13 5 6 10 9 0 44 54 70 84 99 99 99 99 40 18 5 5 5 18 99 99 56 99 0 0 0 0 1 1 1 1 11 11 11 3 3 8 8 0 0 0 0 3 3 35 35 4 4 4
7 12 28 53 51 17 26 21 79 13 5 6 10 9 0 44 54 70 84 99 99 99 99 99 99 18 5 5 18 99 99 56 99 30 0 0 0 1 1 1 1 11 11 11 3 3 8 8 0 0 0 0 3 3 35 35 4 4 4 4 4 4
7 12 28 53 51 17 26 21 79 13 5 6 10 9 0 44 54 70 84 99 99 99 99 40 99 99 18 5 18 99 99 56 99 30 0 0 0 1 1 1 1 11 11 11 3 3 8 8 0 0 0 0 3 3 35 35 4 4 4 4 4 4
7 12 28 53 51 17 26 21 79 13 5 6 10 9 0 44 54 70 84 99 99 99 99 40 18 18 99 18 18 99 99 56 99 30 0 0 0 1 1 1 1 11 11 11 3 3 8 8 0 0 0 0 3 3 35 35 4 4 4 4 4 4
7 12 28 53 51 17 26 21 79 13 5 6 10 9 0 44 54 70 84 99 99 99 99 40 18 18 99 18 18 99 99 56 99 30 4 4 4 0 0 0 1 1 1 1 11 11 11 3 3 8 8 0 0 0 0 3 3 35 35 4 4 4
7 12 28 53 51 17 26 21 79 13 5 6 10 9 0 44 54 70 84 99 99 99 99 40 55 99 6 5 18 99 99 56 99 99 1 1 0 0 0 1 1 1 1 11 11 11 3 3 8 8 0 0 0 0 3 3 35 35 4 4 4
7 12 28 53 51 17 26 21 79 13 5 6 10 9 0 44 54 70 84 99 99 99 99 99 99 26 6 5 18 99 99 56 99 6 5 5 6 0 0 0 1 1 1 1 11 11 11 3 3 8 8 0 0 0 3 3 35 35 4 4 4 0 0 0 0
7 12 28 53 51 17 26 21 79 13 5 6 10 9 0 44 54 70 84 99 99 99 99 55 26 26 6 18 40 99 99 56 99 6 5 5 6 0 0 0 1 1 1 1 11 11 11 3 3 8 8 0 0 0 3 3 35 35 4 4 4 0 0 0 0
7 12 28 53 51 17 26 21 79 13 5 6 10 9 0 44 54 70 84 99 99 99 99 40 99 99 99 99 99 99 99 56 99 0 0 0 1 1 1 1 11 11 11 3 3 8 8 0 20 20 0 3 3 35 35 4 4 4
7 12 28 53 51 17 26 21 79 13 5 6 10 9 0 44 54 70 84 99 99 99 99 40 18 6 99 6 18 99 99 56 99 99 1 1 0 0 0 1 1 1 1 11 11 11 3 3 8 8 0 0 0 0 3 3 35 35 4 4 4
7 12 28 53 51 17 26 21 79 13 5 6 10 9 0 44 54 70 84 99 99 99 99 40 18 5 5 5 18 99 99 0 0 0 1 1 1 1 11 11 11 3 3 8 8 35 35 99 0 0 0 0 0 3 3 16 16
7 12 28 53 51 17 26 21 79 13 5 6 10 9 0 44 54 70 84 99 99 99 99 18 5 5 5 18 83 99 59 0 0 0 1 1 1 1 11 11 11 3 3 3 3 35 35 99 0 0 0 0 0 3 3 3 3
7 12 28 53 51 17 26 21 79 13 5 6 10 9 0 44 54 70 84 99 99 99 99 99 99 18 5 5 5 18 99 0 0 0 1 1 1 1 11 11 11 3 3 99 3 3 35 35 99 0 0 0 0 0 11 11 11
7 12 28 53 51 17 26 21 79 13 5 6 10 9 0 44 54 70 84 99 99 99 99 40 18 5 5 5 18 99 99 56 99 44 0 0 0 1 1 1 1 11 11 11 3 3 8 8 0 0 0 0 0 3 3 35 35 3 3 11 11 11
7 12 28 53 51 17 26 21 79 13 5 6 10 9 0 44 54 70 84 99 99 99 99 40 18 5 5 5 18 99 99 56 99 99 99 0 0 0 1 1 1 1 11 11 11 3 3 8 8 0 0 0 0 0 3 3 35 35 99 11 11 11 11 11 11
7 12 28 53 51 17 26 21 79 13 5 6 10 9 0 44 54 70 84 99 99 99 99 40 18 5 5 5 18 99 99 20 99 6 5 5 5 6 0 0 0 1 1 1 1 11 11 11 3 3 8 8 0 0 0 0 0 3 3 35 35 0 0 0 0 0
7 12 28 53 51 17 26 21 79 13 5 6 10 9 0 44 54 70 84 99 99 99 99 40 18 13 27 13 18 99 99 56 99 15 14 0 0 0 1 1 1 1 11 11 11 3 3 8 8 0 0 0 0 3 3 35 35 4 4 4 2 2 2
7 99 99 99 99 43 85 9 10 6 6 99 6 6 67 67 99 20 99 1 1 1 1 0 0 0 0 11 11 11 11 11 11 64
7 99 99 99 99 43 85 9 10 6 5 5 5 6 67 67 0 0 1 1 1 1 0 0 0 11 11 11 11 11 11
7 99 99 99 99 43 99 9 10 99 18 5 18 99 67 67 30 30 1 1 1 1 0 0 0 11 11 11 11 11 11 4 4 4 4 4 4
7 99 99 99 99 43 99 9 10 6 5 6 26 86 67 67 6 5 5 6 1 1 1 1 0 0 0 11 11 11 11 11 11 0 0 0 0
7 99 99 99 99 43 85 9 10 55 83 18 5 6 67 67 97 97 83 18 5 5 5 18 0 0 82 82 1 1 1 1 0 0 0 0 11 11 11 11 11 11 3 3 3 3 0 0 0 16 16 16 16
7 99 99 99 99 43 85 9 10 6 18 83 18 6 67 67 97 82 82 97 83 18 5 5 5 18 0 0 1 1 1 1 0 0 0 0 11 11 11 11 11 11 3 3 16 16 16 16 3 3 0 0 0
7 99 99 99 99 43 85 9 10 21 27 13 5 6 67 67 98 98 27 13 6 99 6 13 99 99 99 99 1 1 1 1 0 0 0 0 11 11 11 11 11 11 0 0 0 0 1 1 35 35 35 35 16 16
7 99 99 99 99 43 85 9 10 21 27 13 5 6 67 67 75 87 99 55 99 6 5 18 99 1 1 1 1 0 0 0 0 11 11 11 11 11 11 37 37 0 0 0 0 1 1
7 99 99 99 99 43 85 9 10 21 27 13 5 6 67 67 98 98 27 13 6 99 6 13 99 99 99 1 1 1 1 0 0 0 0 11 11 11 11 11 11 0 0 0 0 1 1 35 35 35 35
7 99 99 99 99 43 85 9 10 6 18 83 18 6 67 67 59 99 99 24 99 77 6 18 99 18 6 30 4 4 4 1 1 1 1 0 0 0 0 11 11 11 11 11 11 3 3 3 3 0 0 0 0 0
7 99 99 99 99 43 85 9 10 21 99 13 5 6 67 67 99 64 1 1 1 1 0 0 0 0 11 11 11 11 11 11
7 99 99 99 99 43 85 9 10 6 13 27 13 6 67 67 99 99 24 99 77 55 99 18 5 6 75 30 4 4 4 1 1 1 1 0 0 0 0 11 11 11 11 11 11 37 37 0 0 0 0 0
7 99 99 99 99 43 85 9 10 6 13 27 13 6 67 67 99 40 99 99 18 5 18 30 4 4 4 0 99 8 8 98 99 99 1 1 1 1 0 0 0 11 11 11 11 11 11 99 0 0 0 0 35 35 3 3
7 99 99 99 99 43 85 9 10 6 18 83 18 6 67 67 83 18 5 5 5 18 97 82 82 97 1 1 1 1 0 0 0 0 11 11 11 11 11 11 0 0 0 0 0 3 3 16 16 16 16 3 3
7 99 99 99 99 43 85 9 10 55 83 18 5 6 67 67 83 18 5 5 5 18 59 59 1 1 1 1 0 0 0 0 11 11 11 11 11 11 0 0 0 0 0 3 3 3 3
7 99 99 99 99 43 85 9 10 6 18 83 18 6 67 67 83 18 5 5 5 18 59 59 1 1 1 1 0 0 0 0 11 11 11 11 11 11 0 0 0 0 0 3 3 3 3
7 99 99 99 99 43 85 9 10 55 83 18 5 6 67 67 27 13 5 5 5 13 98 99 99 82 97 1 1 1 1 0 0 0 0 11 11 11 11 11 11 0 0 0 0 0 35 35 16 16 16 16 3 3
7 99 99 99 99 43 85 9 10 6 6 99 6 6 67 67 99 1 1 1 1 0 0 0 0 11 11 11 11 11 11 1 1
7 99 99 99 99 43 85 9 10 6 13 27 13 6 67 67 99 99 24 99 77 6 5 5 5 6 75 0 1 1 1 1 0 0 0 11 11 11 11 11 11 37 37 0 0 0 0 0 0
7 99 99 99 99 43 85 9 10 55 40 18 5 6 67 67 38 99 24 99 77 6 5 5 5 6 1 1 1 1 0 0 0 0 11 11 11 11 11 11 8 8 0 0 0 0 0 0
7 99 99 99 99 43 85 9 10 21 23 46 23 21 67 67 15 14 15 14 15 14 1 1 1 1 0 0 11 11 11 11 11 11 2 2 2 2 2 2 2 2 2
7 99 99 99 99 43 85 9 10 6 18 99 18 6 67 67 99 99 82 97 83 18 5 5 5 18 99 99 1 1 1 1 0 0 0 0 11 11 11 11 11 11 99 16 16 16 16 3 3 0 0 0 0 0
7 99 99 99 99 43 85 9 10 55 99 99 99 55 67 67 30 4 4 4 30 4 4 4 1 1 1 1 0 0 0 11 11 11 11 11 11
7 99 99 99 99 43 99 9 10 21 27 13 13 48 67 67 15 14 15 14 1 1 1 1 0 0 0 11 11 11 11 11 11 2 2 2 2 2 2
7 99 99 99 99 43 99 9 10 6 13 23 46 99 67 67 15 14 15 14 15 14 1 1 1 1 0 0 11 11 11 11 11 11 2 2 2 2 2 2 2 2 2
7 99 99 99 99 43 99 9 10 6 13 27 65 48 67 67 15 14 15 14 1 1 1 1 0 0 0 11 11 11 11 11 11 2 2 2 2 2 2
7 99 99 99 99 43 85 9 10 21 27 65 27 21 67 67 15 14 15 14 1 1 1 1 0 0 0 11 11 11 11 11 11 2 2 2 2 2 2
7 99 99 99 99 43 85 9 10 21 23 46 23 21 67 67 15 14 15 14 15 14 1 1 1 1 0 0 11 11 11 11 11 11 2 2 2 2 2 2 2 2 2
7 99 99 99 99 43 85 9 10 45 26 26 6 6 67 67 6 5 5 6 0 1 1 1 1 0 0 0 11 11 11 11 11 11 0 0 0
7 99 99 99 99 43 85 9 10 45 26 26 6 6 67 67 6 5 5 6 0 0 1 1 1 1 0 0 0 11 11 11 11 11 11 0 0
7 99 99 99 99 43 85 9 10 45 26 26 6 6 67 67 6 5 5 6 0 0 1 1 1 1 0 0 0 11 11 11 11 11 11 0 0
7 12 28 53 51 17 99 99 32 27 13 6 10 9 59 99 15 14 0 0 0 1 1 1 1 3 3 3 3 2 2 2
7 12 28 53 51 17 99 99 99 99 99 55 10 9 59 99 30 30 0 0 1 1 1 1 3 3 3 3 4 4 4 4 4 4
7 12 28 53 51 17 99 99 18 5 5 6 10 9 59 99 0 0 0 0 1 1 1 1 3 3 3 3
7 12 7 36 99 17 86 26 6 5 5 6 10 9 6 13 0 0 0 0 1 1 1 1 0 0
7 12 7 36 99 17 86 26 55 99 18 6 10 9 6 13 30 0 0 0 1 1 1 1 0 0 4 4 4
7 12 19 25 33 17 28 99 99 99 97 82 82 97 9 10 99 3 3 16 16 16 16 3 3 1 1 1 1 4 4 4
7 12 19 25 33 17 28 68 99 99 97 82 82 97 9 10 54 44 3 3 16 16 16 16 3 3 1 1 1 1 3 3 11 11 11
7 12 19 25 33 17 19 99 99 99 97 82 82 97 9 10 99 14 3 3 16 16 16 16 3 3 1 1 1 1 2 2 2
7 12 19 25 33 17 7 99 99 99 97 82 82 97 9 10 99 6 5 5 5 6 3 3 16 16 16 16 3 3 1 1 1 1 0 0 0 0 0
7 12 19 25 33 17 22 29 99 99 97 82 82 97 9 10 20 3 3 16 16 16 16 3 3 1 1 1 1
7 12 19 25 33 17 28 99 99 9 10 99 99 99 59 88 40 18 5 5 5 18 1 1 1 1 8 8 3 3 3 3 8 8 0 0 0 0 0
7 12 19 25 33 17 28 99 99 9 10 99 99 99 59 88 40 32 23 46 23 32 15 14 15 14 15 14 1 1 1 1 8 8 3 3 3 3 8 8 0 0 2 2 2 2 2 2 2 2 2
7 12 19 25 33 17 28 99 99 9 10 99 99 99 59 88 40 32 27 65 27 32 15 14 15 14 1 1 1 1 8 8 3 3 3 3 8 8 0 0 0 2 2 2 2 2 2
7 12 19 25 33 17 28 99 99 9 10 99 99 99 59 88 40 18 5 5 5 18 0 0 1 1 1 1 8 8 3 3 3 3 8 8 0 0 0
7 12 19 25 33 17 28 99 99 9 10 99 99 99 59 88 40 18 5 5 5 18 0 0 1 1 1 1 8 8 3 3 3 3 8 8 0 0 0
7 12 19 25 33 17 28 99 99 9 10 99 99 99 59 88 40 18 5 5 5 18 0 0 1 1 1 1 8 8 3 3 3 3 8 8 0 0 0
7 12 19 25 33 17 28 99 99 9 10 99 99 99 59 88 40 18 6 77 6 18 99 0 99 99 99 99 73 56 99 99 73 56 1 1 1 1 8 8 3 3 3 3 8 8 0 0 0 0 24 99 16 16 64 3 3 64
7 12 19 60 61 34 22 71 90 39 93 47 58 6 6 77 6 6 9 10 99 0 99 99 99 56 73 99 99 99 56 73 42 20 8 8 0 0 0 0 1 1 1 1 24 99 64 16 16 3 3 64 4 4 4
7 12 19 60 61 34 22 71 90 39 93 47 58 6 6 77 6 6 9 10 99 0 99 99 99 56 73 99 99 99 56 73 42 0 0 20 8 8 0 0 1 1 1 1 24 99 64 16 16 3 3 64 4 4 4
7 12 19 60 61 34 22 71 90 39 89 31 41 6 6 77 6 6 9 10 99 0 99 99 99 56 73 99 99 56 73 20 8 8 24 0 0 0 0 1 1 1 1 24 99 64 3 3 64
7 12 19 60 61 34 22 71 90 39 93 47 58 6 6 77 6 6 9 10 99 0 99 99 99 56 73 99 99 99 56 73 42 0 0 20 8 8 0 0 1 1 1 1 24 99 64 16 16 3 3 64 4 4 4
7 12 19 60 61 34 22 71 90 39 93 47 58 6 6 77 6 6 9 10 99 0 99 99 99 56 73 99 99 99 56 73 42 0 20 8 8 0 0 0 1 1 1 1 24 99 64 16 16 3 3 64 4 4 4
7 12 19 60 61 34 22 71 90 39 93 47 58 6 6 77 6 6 9 10 99 0 99 99 99 56 73 99 99 99 56 73 42 0 20 8 8 0 0 0 1 1 1 1 24 99 64 16 16 3 3 64 4 4 4
7 12 19 60 61 34 22 71 90 39 93 47 58 6 6 77 6 6 9 10 99 0 99 99 99 56 73 99 99 99 56 73 42 20 8 8 0 0 0 0 1 1 1 1 24 99 64 16 16 3 3 64 4 4 4
7 12 19 60 61 34 22 71 90 39 93 47 58 6 6 77 6 6 9 10 99 0 99 99 99 56 73 42 99 72 82 99 99 20 8 8 0 0 0 0 1 1 1 1 24 99 64 4 4 4 16 16 16 16 16 16 3 3 99 99
7 12 19 60 61 34 22 71 90 39 93 47 58 6 6 99 6 6 9 10 99 20 99 42 20 8 8 0 0 0 0 1 1 1 1 64 4 4 4
7 12 19 60 61 34 22 71 90 39 93 47 58 6 6 77 6 6 9 10 99 0 99 99 99 56 73 99 99 99 56 73 42 0 20 8 8 0 0 0 1 1 1 1 24 99 64 16 16 3 3 64 4 4 4
7 12 19 60 61 34 22 71 90 39 93 47 58 6 6 77 6 6 9 10 99 0 99 99 99 56 73 99 99 99 56 73 42 0 0 20 8 8 0 0 1 1 1 1 24 99 64 16 16 3 3 64 4 4 4
7 12 19 60 61 34 22 71 90 39 93 47 99 99 55 99 55 99 9 10 99 20 99 42 30 30 20 8 8 0 0 1 1 1 1 64 4 4 4 4 4 4 4 4 4
7 12 19 60 61 34 22 71 90 39 93 47 99 6 6 77 55 99 9 10 99 0 99 99 99 56 73 99 99 99 56 73 42 30 4 4 4 20 8 8 0 0 0 1 1 1 1 24 99 64 16 16 3 3 64 4 4 4
7 12 19 60 61 34 22 71 90 39 93 47 99 6 6 77 21 48 9 10 99 0 99 99 99 56 73 99 99 99 56 73 42 15 14 20 8 8 0 0 0 1 1 1 1 24 99 64 16 16 3 3 64 4 4 4 2 2 2
7 12 19 60 61 34 22 71 90 39 93 99 58 6 6 77 6 6 9 10 99 0 99 99 99 56 73 99 99 99 56 73 99 44 20 8 8 0 0 0 0 1 1 1 1 24 99 64 16 16 3 3 64 3 3 11 11 11
7 12 19 60 61 34 22 71 90 39 89 31 41 6 6 77 6 6 9 10 99 0 99 20 8 8 24 0 0 0 0 1 1 1 1 1 1
7 12 19 60 61 34 22 71 90 39 93 47 58 6 5 5 5 6 9 10 42 20 8 8 0 0 0 0 0 1 1 1 1 4 4 4
7 12 19 60 61 34 22 71 90 39 89 31 41 6 6 77 6 6 9 10 99 99 24 99 20 8 8 24 0 0 0 0 1 1 1 1 0 4 4 4
7 12 19 60 61 34 22 71 90 39 89 31 41 6 6 41 6 6 9 10 99 24 99 20 8 8 24 0 0 0 0 1 1 1 1 4 4 4
7 12 19 60 61 34 22 71 90 39 89 31 41 6 6 77 6 6 9 10 99 0 99 42 42 20 8 8 24 0 0 0 0 1 1 1 1 4 4 4 4 4 4
7 12 19 60 61 34 22 71 90 39 89 31 41 6 6 77 6 6 9 10 99 0 99 99 99 99 20 8 8 24 0 0 0 0 1 1 1 1 24 11 11 11 16 16 3 3
7 12 19 60 61 34 22 71 99 39 99 75 27 13 5 5 5 13 9 10 20 37 37 0 0 0 0 0 1 1 1 1
7 12 19 60 61 34 22 71 90 39 89 31 99 6 5 6 26 86 9 10 6 5 5 6 20 8 8 24 0 0 0 1 1 1 1 0 0 0 0
7 12 19 60 61 34 22 71 99 39 99 75 48 13 5 6 26 99 9 10 6 5 5 6 20 37 37 0 0 0 1 1 1 1 0 0 0 0
7 12 19 60 61 34 22 71 99 39 99 75 27 13 5 18 99 32 9 10 30 20 37 37 0 0 0 0 1 1 1 1 4 4 4
7 12 19 60 61 34 22 71 99 39 99 75 27 13 18 99 18 13 9 10 30 20 37 37 0 0 0 0 1 1 1 1 4 4 4
7 12 19 60 61 34 22 71 99 39 99 75 27 13 13 27 13 13 9 10 15 14 20 37 37 0 0 0 0 1 1 1 1 2 2 2
7 12 19 60 61 34 22 71 99 39 99 75 27 13 13 23 23 65 9 10 15 14 15 14 20 37 37 0 0 0 1 1 1 1 2 2 2 2 2 2
7 12 19 60 61 34 22 71 99 39 99 75 27 13 5 5 5 13 9 10 0 20 37 37 0 0 0 0 1 1 1 1
7 12 19 60 61 34 22 71 99 39 99 75 27 13 5 5 5 13 9 10 0 20 37 37 0 0 0 0 1 1 1 1
7 12 19 60 61 34 22 71 90 39 89 31 41 6 5 5 5 6 9 10 0 20 8 8 24 0 0 0 0 1 1 1 1
7 12 19 60 61 34 22 71 90 39 89 31 99 21 27 13 18 99 9 10 30 15 14 20 8 8 24 0 0 0 1 1 1 1 4 4 4 2 2 2
7 12 19 60 61 34 22 71 90 39 89 31 99 48 13 5 18 99 9 10 30 15 14 20 8 8 24 0 0 0 1 1 1 1 4 4 4 2 2 2
7 12 19 60 61 34 22 71 90 39 89 31 99 21 27 13 13 48 9 10 15 14 15 14 20 8 8 24 0 0 0 1 1 1 1 2 2 2 2 2 2
7 12 19 60 61 34 22 71 90 39 93 47 99 21 27 13 13 48 9 10 15 14 15 14 42 20 8 8 0 0 0 1 1 1 1 2 2 2 2 2 2 4 4 4
7 12 19 60 61 34 22 71 90 39 89 31 41 21 27 65 27 21 9 10 15 14 15 14 20 8 8 24 0 0 0 1 1 1 1 2 2 2 2 2 2
7 12 19 60 61 34 22 71 90 39 89 31 41 21 23 46 23 21 9 10 15 14 15 14 15 14 20 8 8 24 0 0 1 1 1 1 2 2 2 2 2 2 2 2 2
7 12 19 60 61 34 22 71 90 39 89 31 99 55 99 18 13 48 9 10 30 4 4 4 15 14 20 8 8 24 0 0 0 1 1 1 1 2 2 2
7 12 19 60 61 34 22 71 90 39 89 31 41 55 99 32 27 21 9 10 30 4 4 4 15 14 20 8 8 24 0 0 0 1 1 1 1 2 2 2
7 12 19 60 61 34 22 71 99 39 99 59 99 18 5 6 26 99 9 10 6 5 5 6 20 3 3 3 3 0 0 0 1 1 1 1 0 0 0 0
7 12 19 60 61 34 22 71 99 39 99 59 99 32 27 13 13 91 9 10 15 14 15 14 20 3 3 3 3 0 0 0 1 1 1 1 2 2 2 2 2 2
7 12 19 60 61 34 22 71 99 39 99 99 6 5 5 5 6 9 10 99 99 20 20 37 37 0 0 0 0 0 1 1 1 1
7 12 19 60 61 34 22 71 99 39 99 75 27 13 5 13 27 65 9 10 15 14 20 37 37 0 0 0 0 1 1 1 1 2 2 2
7 12 19 60 61 34 22 71 99 39 99 40 18 5 5 5 18 9 10 99 99 56 99 20 37 37 0 0 0 0 0 1 1 1 1 8 8
7 12 19 60 61 34 22 99 99 66 13 99 13 5 5 5 13 9 10 99 99 99 20 20 0 0 0 0 0 0 1 1 1 1 0
7 12 19 60 61 34 22 71 99 39 99 9 10 20 4 4 4 1 1 1 1
7 12 19 60 61 34 22 71 90 39 93 47 99 6 6 26 86 86 9 10 99 0 99 99 99 56 73 99 99 99 56 73 42 6 5 5 6 20 8 8 0 0 1 1 1 1 24 99 64 16 16 3 3 64 4 4 4 0 0 0 0
7 12 19 60 61 34 22 71 99 39 9 10 99 75 27 13 5 5 5 13 20 1 1 1 1 37 37 0 0 0 0 0
7 12 19 60 61 34 22 71 90 39 9 10 89 31 41 6 5 5 5 6 20 1 1 1 1 8 8 24 0 0 0 0 0
7 12 19 60 61 34 22 71 99 39 9 10 99 75 27 13 5 5 5 13 20 1 1 1 1 37 37 0 0 0 0 0
7 12 19 60 61 34 22 71 90 39 89 31 99 6 5 6 26 86 9 10 6 5 5 6 20 8 8 24 0 0 0 1 1 1 1 0 0 0 0
7 12 19 60 61 34 28 99 99 39 40 9 10 40 18 18 83 18 18 18 18 83 18 18 97 82 99 99 97 82 99 99 99 99 1 1 1 1 0 0 0 0 0 0 0 0 3 3 16 16 16 16 11 11 11 3 3 16 16 16 16 11 11 11 8 8 8 8
7 12 19 60 61 34 28 99 99 39 40 9 10 40 18 5 18 99 99 99 99 18 5 18 30 4 4 4 30 4 4 4 99 99 1 1 1 1 0 0 0 0 0 0 0 0 8 8 8 8
7 12 19 60 61 34 28 99 99 39 40 9 10 40 18 5 5 5 18 18 5 5 5 18 0 0 99 99 1 1 1 1 0 0 0 0 0 0 0 0 8 8 8 8
7 12 19 60 61 34 28 99 99 39 40 9 10 40 18 5 5 5 18 18 5 5 5 18 0 0 0 0 99 99 1 1 1 1 0 0 0 0 0 0 8 8 8 8
7 12 19 60 61 34 28 99 99 39 9 10 83 83 18 5 5 5 18 18 5 5 5 18 99 59 99 59 1 1 1 1 0 0 0 0 0 0 0 0 0 0 3 3 3 3 3 3 3 3
7 12 19 60 61 34 28 99 99 39 9 10 83 83 18 5 5 5 18 18 5 5 5 18 97 97 80 99 80 99 1 1 1 1 0 0 0 0 0 0 0 0 0 0 3 3 3 3 3 3 16 16 3 3 16 16
7 12 19 60 61 34 28 99 99 39 99 9 10 99 99 72 72 72 99 99 72 72 72 99 99 99 81 1 1 1 1 81 16 16 16 16 16 16 16 16 16 16 16 16 16 16 16 16 16 16 16 16 3 3 3 3
7 12 19 60 61 34 28 99 99 39 40 9 10 40 99 99 18 6 26 26 55 18 6 26 26 55 6 5 5 6 6 5 5 6 1 1 1 1 8 8 8 8 0 0 0 0 0 0 0 0 0 0 0 0 0 0
19 12 7 34 61 66 99 49 7 60 13 6 26 6 5 5 6 99 9 10 0 0 0 0 0 0 1 1 1 1
7 12 19 60 61 34 28 99 99 39 9 10 99 99 99 99 99 99 99 99 1 1 1 1 3 3 81 11 11 11 11 11 11 3 3 81 11 11 11 11 11 11
7 12 19 60 61 34 28 99 99 39 9 10 99 99 99 99 99 99 1 1 1 1 99 11 11 11 11 11 11 99 11 11 11 11 11 11
7 12 19 60 61 34 28 99 99 39 9 10 54 44 54 44 1 1 1 1 3 3 11 11 11 3 3 11 11 11
7 12 19 60 61 34 28 99 99 39 9 10 80 80 82 72 99 99 82 72 99 99 1 1 1 1 3 3 3 3 16 16 16 16 16 16 11 11 11 16 16 16 16 16 16 11 11 11
7 12 19 60 61 34 28 99 99 66 9 10 62 54 48 13 5 5 6 15 14 44 1 1 1 1 3 3 0 0 0 0 2 2 2 11 11 11
7 12 19 60 61 34 28 99 99 39 9 10 99 99 99 99 99 72 72 72 99 99 72 72 72 99 1 1 1 1 3 3 3 3 81 81 16 16 16 16 16 16 16 16 16 16 16 16 16 16 16 16 16 16 16 16
7 12 19 60 61 34 28 99 99 39 9 10 80 82 72 72 99 99 80 82 72 72 99 99 1 1 1 1 3 3 16 16 16 16 16 16 16 16 11 11 11 3 3 16 16 16 16 16 16 16 16 11 11 11
7 12 19 60 61 34 22 71 90 39 99 9 10 99 99 99 99 99 18 5 5 6 6 5 5 18 59 59 20 8 8 1 1 1 1 0 0 0 0 0 0 0 0 3 3 3 3
7 12 19 60 61 34 22 71 90 39 99 9 10 99 99 36 36 99 13 5 5 6 6 5 5 13 66 20 8 8 1 1 1 1 0 0 0 0 0 0 0 0
7 12 19 60 61 34 22 71 90 39 99 9 10 99 85 6 6 85 5 5 5 6 6 5 5 5 20 8 8 1 1 1 1 0 0 0 0 0 0 0 0 0 0
7 12 19 60 61 34 22 71 90 39 99 9 10 99 99 99 99 99 18 5 5 6 6 5 5 18 96 20 8 8 1 1 1 1 0 0 0 0 0 0 0 0 8 8
7 12 19 60 61 34 22 71 90 39 99 9 10 99 99 36 36 99 13 5 5 6 6 5 5 13 66 20 8 8 1 1 1 1 0 0 0 0 0 0 0 0
7 12 19 60 61 34 22 71 90 39 99 9 10 99 99 86 86 99 6 5 5 6 6 5 5 6 20 8 8 1 1 1 1 0 0 0 0 0 0 0 0
7 12 19 60 61 34 22 71 90 39 99 9 10 99 99 26 26 99 6 5 5 6 6 5 5 6 6 6 20 8 8 1 1 1 1 0 0 0 0 0 0 0 0 0 0
7 12 19 60 61 34 22 71 99 39 9 10 99 99 20 1 1 1 1 37 37 99
7 12 7 36 99 17 13 18 99 50 38 31 41 6 6 77 6 6 9 10 99 0 99 99 99 56 73 99 99 56 73 30 0 0 8 8 24 0 0 0 0 1 1 1 1 24 99 64 3 3 64 4 4 4
7 12 7 36 99 17 13 18 99 50 38 31 41 21 23 46 23 21 9 10 30 15 14 15 14 15 14 0 0 8 8 24 0 0 1 1 1 1 4 4 4 2 2 2 2 2 2 2 2 2
7 12 7 36 99 17 13 18 99 50 38 31 41 6 6 77 6 6 9 10 99 0 99 99 99 56 73 99 99 56 73 30 99 0 0 8 8 24 0 0 0 0 1 1 1 1 24 99 64 3 3 64 4 4 4 3 3
7 12 7 36 99 17 13 18 99 50 38 31 41 45 77 6 5 6 9 10 30 0 99 0 99 99 99 56 73 99 99 56 73 0 0 8 8 24 0 0 0 1 1 1 1 4 4 4 24 99 64 3 3 64
7 12 7 36 99 17 13 18 99 99 38 31 41 6 6 77 6 6 9 10 99 0 99 99 99 56 73 99 99 56 73 99 44 0 0 8 8 24 0 0 0 0 1 1 1 1 24 99 64 3 3 64 3 3 11 11 11
7 12 7 36 99 17 13 18 99 50 96 40 32 27 65 27 32 9 10 30 15 14 15 14 0 0 8 8 0 0 0 1 1 1 1 4 4 4 2 2 2 2 2 2
7 12 7 36 62 17 13 18 40 55 38 99 21 27 13 13 48 9 10 0 15 14 15 14 31 0 0 8 8 0 0 0 1 1 1 1 2 2 2 2 2 2 24
7 12 7 36 62 17 13 18 40 55 38 41 21 23 46 23 21 9 10 0 15 14 31 15 14 15 14 0 0 8 8 0 0 1 1 1 1 2 2 2 24 2 2 2 2 2 2
7 12 7 36 62 17 13 18 40 55 57 58 21 23 46 23 21 9 10 0 15 14 47 15 14 15 14 42 0 0 8 8 0 0 1 1 1 1 2 2 2 2 2 2 2 2 2 4 4 4
7 12 7 36 62 17 13 6 41 45 31 99 32 27 13 13 91 9 10 0 15 14 15 14 38 0 0 24 0 0 0 1 1 1 1 2 2 2 2 2 2 8 8
7 12 7 36 62 17 13 6 41 45 99 99 32 27 13 13 91 9 10 0 15 14 15 14 99 59 0 0 24 0 0 0 1 1 1 1 2 2 2 2 2 2 3 3 3 3
7 12 7 36 62 17 13 6 41 45 99 99 32 27 13 13 91 9 10 0 15 14 15 14 99 97 99 0 0 24 0 0 0 1 1 1 1 2 2 2 2 2 2 3 3 3 3 16 16
7 12 7 36 62 17 13 6 41 45 31 40 32 23 46 23 32 9 10 0 15 14 38 15 14 15 14 0 0 24 0 0 1 1 1 1 2 2 2 8 8 2 2 2 2 2 2
7 12 7 36 62 17 13 6 41 45 99 83 32 23 46 23 32 9 10 0 15 14 15 14 15 14 99 59 0 0 24 0 0 1 1 1 1 2 2 2 2 2 2 2 2 2 3 3 3 3
7 12 7 36 62 17 13 6 41 45 99 83 32 23 46 23 32 9 10 0 15 14 15 14 15 14 99 97 99 0 0 24 0 0 1 1 1 1 2 2 2 2 2 2 2 2 2 3 3 3 3 16 16
7 12 7 36 62 17 13 6 58 45 47 40 32 23 46 23 32 9 10 0 15 14 57 15 14 15 14 42 0 0 0 0 1 1 1 1 2 2 2 8 8 2 2 2 2 2 2 4 4 4
7 12 7 36 62 17 13 18 40 55 38 31 99 21 27 13 13 48 9 10 0 15 14 15 14 0 0 8 8 24 0 0 0 1 1 1 1 2 2 2 2 2 2
7 12 7 36 62 17 13 18 40 55 38 31 41 21 23 46 23 21 9 10 0 15 14 15 14 15 14 0 0 8 8 24 0 0 1 1 1 1 2 2 2 2 2 2 2 2 2
7 12 7 36 62 17 13 18 40 55 57 47 58 21 23 46 23 21 9 10 0 15 14 15 14 15 14 42 0 0 8 8 0 0 1 1 1 1 2 2 2 2 2 2 2 2 2 4 4 4
7 12 7 36 62 17 13 18 40 55 38 31 99 6 5 6 26 86 9 10 6 5 5 6 0 0 0 8 8 24 0 0 0 1 1 1 1 0 0 0 0
7 12 7 36 62 17 13 18 40 55 38 31 41 6 5 5 5 6 9 10 0 0 0 0 8 8 24 0 0 0 0 1 1 1 1
7 12 7 36 62 17 13 18 40 55 38 31 99 6 5 5 18 99 9 10 0 30 0 0 0 8 8 24 0 0 0 1 1 1 1 4 4 4
7 12 7 36 62 17 13 6 41 45 31 99 32 27 13 13 91 9 10 15 14 38 15 14 0 0 0 24 0 0 0 1 1 1 1 2 2 2 8 8 2 2 2
7 12 7 36 62 17 13 6 41 45 31 40 32 27 65 27 32 9 10 15 14 38 15 14 0 0 0 24 0 0 0 1 1 1 1 2 2 2 8 8 2 2 2
7 12 7 36 62 17 13 6 41 45 31 99 18 13 27 65 91 9 10 38 15 14 15 14 0 0 0 24 0 0 0 1 1 1 1 8 8 2 2 2 2 2 2
7 12 7 36 62 17 13 6 41 45 31 40 18 5 5 5 18 9 10 38 0 0 0 24 0 0 0 0 0 1 1 1 1 8 8
7 12 7 36 62 17 13 6 41 45 31 40 32 23 46 23 32 9 10 15 14 38 15 14 15 14 0 0 0 24 0 0 1 1 1 1 2 2 2 8 8 2 2 2 2 2 2
7 12 7 36 62 17 13 6 41 45 31 99 18 13 23 46 99 9 10 38 15 14 15 14 15 14 0 0 0 24 0 0 1 1 1 1 8 8 2 2 2 2 2 2 2 2 2
7 12 7 36 62 17 13 6 41 45 31 99 32 23 23 65 91 9 10 38 15 14 15 14 15 14 0 0 0 24 0 0 1 1 1 1 8 8 2 2 2 2 2 2 2 2 2
7 12 7 36 62 17 13 6 41 45 31 99 91 65 27 65 91 9 10 38 15 14 15 14 15 14 0 0 0 24 0 0 1 1 1 1 8 8 2 2 2 2 2 2 2 2 2
7 12 7 36 62 17 13 6 41 45 31 99 99 26 6 5 18 9 10 38 6 5 5 6 0 0 0 24 0 0 0 1 1 1 1 8 8 0 0 0 0
7 12 7 36 62 17 13 6 99 45 99 99 18 5 5 5 18 9 10 99 20 87 0 0 0 0 0 0 0 0 1 1 1 1 37 37
7 12 7 36 62 17 13 18 99 55 87 99 6 5 5 5 6 9 10 99 99 20 0 0 0 37 37 0 0 0 0 0 1 1 1 1
7 12 7 36 62 17 13 18 99 55 87 99 21 23 46 23 21 9 10 99 99 20 15 14 15 14 15 14 0 0 0 37 37 0 0 1 1 1 1 2 2 2 2 2 2 2 2 2
7 12 7 36 62 17 13 18 99 55 87 99 48 13 13 27 21 9 10 99 99 20 15 14 15 14 0 0 0 37 37 0 0 0 1 1 1 1 2 2 2 2 2 2
7 12 7 36 62 17 13 18 99 55 87 99 99 46 23 13 6 9 10 99 99 20 15 14 15 14 15 14 0 0 0 37 37 0 0 1 1 1 1 2 2 2 2 2 2 2 2 2
7 12 7 36 62 17 13 18 99 55 87 99 21 27 65 27 21 9 10 99 99 20 15 14 15 14 0 0 0 37 37 0 0 0 1 1 1 1 2 2 2 2 2 2
7 12 7 36 62 17 13 18 40 55 38 31 41 21 23 46 23 21 9 10 0 15 14 15 14 15 14 0 0 0 8 8 24 0 1 1 1 1 2 2 2 2 2 2 2 2 2
7 12 7 36 62 17 13 18 40 55 38 31 41 21 23 46 23 21 9 10 15 14 15 14 15 14 0 0 0 0 8 8 24 0 1 1 1 1 2 2 2 2 2 2 2 2 2
7 12 7 36 62 17 13 6 58 45 47 99 32 27 13 13 91 9 10 15 14 57 15 14 42 0 0 0 0 0 0 1 1 1 1 2 2 2 8 8 2 2 2 4 4 4
7 12 7 36 62 17 13 6 58 45 47 40 32 27 65 27 32 9 10 15 14 57 15 14 42 0 0 0 0 0 0 1 1 1 1 2 2 2 8 8 2 2 2 4 4 4
7 12 7 36 62 17 13 6 58 45 47 99 18 13 27 65 91 9 10 57 15 14 15 14 42 0 0 0 0 0 0 1 1 1 1 8 8 2 2 2 2 2 2 4 4 4
7 12 7 36 62 17 13 6 58 45 47 99 18 13 23 46 99 9 10 57 15 14 15 14 15 14 42 0 0 0 0 0 1 1 1 1 8 8 2 2 2 2 2 2 2 2 2 4 4 4
7 12 7 36 62 17 13 6 58 45 47 99 99 26 6 5 18 9 10 57 6 5 5 6 42 0 0 0 0 0 0 1 1 1 1 8 8 0 0 0 0 4 4 4
7 12 7 36 62 17 13 18 99 55 87 99 21 23 23 13 6 9 10 99 99 20 15 14 15 14 0 0 0 37 37 0 0 0 1 1 1 1 2 2 2 2 2 2
7 12 7 36 62 17 13 18 99 55 87 99 6 6 99 6 6 9 10 99 99 20 99 20 99 0 0 0 37 37 0 0 0 0 1 1 1 1 64
7 12 7 36 62 17 13 18 40 55 38 31 41 6 5 5 5 6 9 10 0 0 0 8 8 24 0 0 0 0 0 1 1 1 1
7 12 7 36 62 17 13 18 40 55 57 47 58 6 5 5 5 6 9 10 42 0 0 0 8 8 0 0 0 0 0 1 1 1 1 4 4 4
7 12 7 36 99 17 13 5 18 99 9 10 30 0 0 0 1 1 1 1 4 4 4
7 12 7 36 99 17 13 5 18 99 9 10 30 4 4 4 0 0 0 1 1 1 1
7 12 7 36 62 17 13 5 5 6 9 10 0 0 0 0 1 1 1 1
7 12 7 36 62 17 13 5 5 6 9 10 0 0 0 0 1 1 1 1
7 12 7 36 62 17 13 5 5 6 9 10 0 0 0 0 1 1 1 1
7 12 7 36 62 17 13 5 5 6 9 10 0 0 0 0 1 1 1 1
7 12 7 36 99 17 13 5 13 48 9 10 15 14 0 0 0 1 1 1 1 2 2 2
7 12 7 36 99 17 13 5 13 48 9 10 98 99 99 0 0 0 1 1 1 1 35 35 11 11 11
7 12 7 36 99 17 13 5 13 48 9 10 98 99 99 99 0 0 0 1 1 1 1 35 35 16 16 11 11 11
7 12 7 36 99 17 13 5 13 48 9 10 98 99 99 11 11 11 0 0 0 1 1 1 1 35 35
7 12 7 36 99 17 13 5 13 48 9 10 98 99 99 99 16 16 11 11 11 0 0 0 1 1 1 1 35 35
7 12 7 36 99 17 13 5 13 48 9 10 98 99 99 99 16 16 16 16 99 11 11 11 0 0 0 1 1 1 1 35 35
7 12 7 36 99 17 13 5 13 48 9 10 15 14 0 0 0 1 1 1 1 2 2 2
7 12 7 36 62 17 13 18 99 55 9 10 30 0 0 0 1 1 1 1 4 4 4
7 12 7 36 62 17 13 18 99 55 9 10 30 4 4 4 0 0 0 1 1 1 1
7 12 7 36 62 17 13 5 5 6 9 10 0 0 0 0 1 1 1 1
7 12 7 36 62 17 13 5 5 6 9 10 0 0 0 0 1 1 1 1
7 12 7 36 62 17 13 5 5 6 9 10 0 0 0 0 1 1 1 1
7 12 7 36 62 17 13 5 5 6 9 10 0 0 0 0 1 1 1 1
7 12 7 36 62 17 13 13 27 21 9 10 15 14 0 0 0 1 1 1 1 2 2 2
7 12 7 36 62 17 32 99 18 6 9 10 30 0 0 0 1 1 1 1 4 4 4
7 12 7 36 62 17 32 99 18 6 9 10 30 4 4 4 0 0 0 1 1 1 1
7 12 7 36 62 17 13 5 5 6 9 10 0 0 0 0 1 1 1 1
7 12 7 36 62 17 13 5 5 6 9 10 0 0 0 0 1 1 1 1
7 12 7 36 62 17 13 5 5 6 9 10 0 0 0 0 1 1 1 1
7 12 7 36 62 17 13 5 5 6 9 10 0 0 0 0 1 1 1 1
7 12 7 36 62 17 13 5 5 6 9 10 0 0 0 0 1 1 1 1
7 12 7 36 62 17 32 99 99 55 9 10 30 30 0 0 1 1 1 1 4 4 4 4 4 4
7 12 7 36 99 17 13 5 13 99 9 10 70 70 79 13 5 5 5 13 0 0 0 1 1 1 1 0 0 0 0 0
7 12 7 36 99 17 13 5 6 26 9 10 6 6 77 6 5 5 5 6 0 0 0 1 1 1 1 0 0 0 0 0 0 0
7 12 7 36 99 17 13 5 18 99 9 10 59 59 83 18 5 5 5 18 0 0 0 1 1 1 1 3 3 3 3 0 0 0 0 0
7 12 7 36 99 17 13 5 18 99 9 10 38 31 99 21 27 13 13 48 15 14 15 14 0 0 0 1 1 1 1 8 8 24 0 0 0 2 2 2 2 2 2
7 12 7 36 99 17 13 5 18 99 9 10 57 47 99 21 27 13 13 48 15 14 15 14 42 0 0 0 1 1 1 1 8 8 0 0 0 2 2 2 2 2 2 4 4 4
7 12 7 36 99 17 13 5 18 99 9 10 59 59 99 32 27 13 13 91 15 14 15 14 0 0 0 1 1 1 1 3 3 3 3 0 0 0 2 2 2 2 2 2
7 12 7 36 99 17 13 5 13 99 9 10 70 70 99 65 27 13 13 23 15 14 15 14 0 0 0 1 1 1 1 0 0 0 2 2 2 2 2 2
7 12 7 36 99 17 13 5 18 99 9 10 38 31 41 21 23 46 23 21 15 14 15 14 15 14 0 0 0 1 1 1 1 8 8 24 0 0 2 2 2 2 2 2 2 2 2
7 12 7 36 99 17 13 5 18 99 9 10 57 47 58 21 23 46 23 21 15 14 15 14 15 14 42 0 0 0 1 1 1 1 8 8 0 0 2 2 2 2 2 2 2 2 2 4 4 4
7 12 7 36 99 17 13 5 18 99 9 10 59 59 83 32 23 46 23 32 15 14 15 14 15 14 0 0 0 1 1 1 1 3 3 3 3 0 0 2 2 2 2 2 2 2 2 2
7 12 7 36 62 17 9 10 13 6 41 45 99 99 99 85 6 6 85 99 18 5 5 6 6 5 5 18 1 1 1 1 0 0 0 24 99 0 0 0 0 0 0 0 0 0 0
7 12 7 36 62 17 9 10 13 6 41 45 99 99 99 99 59 59 99 99 18 5 5 18 18 5 5 18 1 1 1 1 0 0 0 24 99 3 3 3 3 0 0 0 0 0 0 0 0
7 12 7 36 62 17 13 6 99 45 9 10 99 20 99 0 0 0 1 1 1 1 64
7 12 7 36 62 17 13 18 99 55 9 10 99 99 0 0 0 1 1 1 1 37 37 99
7 12 28 68 92 43 80 94 99 74 99 99 41 21 23 46 23 21 9 10 15 14 15 14 15 14 3 3 16 16 81 3 3 3 3 24 0 0 1 1 1 1 2 2 2 2 2 2 2 2 2
7 12 28 68 92 43 80 94 99 74 99 99 58 21 23 46 23 21 9 10 15 14 15 14 15 14 42 3 3 16 16 81 3 3 3 3 0 0 1 1 1 1 2 2 2 2 2 2 2 2 2 4 4 4
7 12 28 68 92 43 80 94 99 74 99 99 99 21 23 46 23 21 9 10 15 14 15 14 15 14 99 99 3 3 16 16 81 3 3 3 3 0 0 1 1 1 1 2 2 2 2 2 2 2 2 2 99
7 12 28 68 92 43 80 94 99 74 99 99 99 21 27 13 13 48 9 10 15 14 15 14 3 3 16 16 81 3 3 3 3 24 0 0 0 1 1 1 1 2 2 2 2 2 2
7 12 28 68 92 43 80 94 99 74 99 99 99 21 27 13 13 48 9 10 15 14 15 14 42 3 3 16 16 81 3 3 3 3 0 0 0 1 1 1 1 2 2 2 2 2 2 4 4 4
7 12 28 68 92 43 80 94 99 74 99 99 99 21 27 13 13 48 9 10 15 14 15 14 99 44 3 3 16 16 81 3 3 3 3 0 0 0 1 1 1 1 2 2 2 2 2 2 3 3 11 11 11
7 12 28 68 92 43 80 94 99 74 99 99 99 21 27 13 13 48 9 10 98 99 98 99 99 99 3 3 16 16 81 3 3 3 3 24 0 0 0 1 1 1 1 35 35 35 35 11 11 11 11 11 11
7 12 28 68 92 43 80 94 99 74 99 99 99 21 27 13 13 48 9 10 98 99 98 99 99 99 42 3 3 16 16 81 3 3 3 3 0 0 0 1 1 1 1 35 35 35 35 11 11 11 11 11 11 4 4 4
7 12 28 68 92 43 80 94 99 74 99 99 41 6 5 5 5 6 9 10 0 0 3 3 16 16 81 3 3 3 3 24 0 0 0 1 1 1 1
7 12 28 68 92 43 80 94 99 74 99 99 58 6 5 5 5 6 9 10 0 0 42 3 3 16 16 81 3 3 3 3 0 0 0 1 1 1 1 4 4 4
7 12 28 68 92 43 80 94 99 74 99 99 41 6 5 5 5 6 9 10 0 0 3 3 16 16 81 3 3 3 3 24 0 0 0 1 1 1 1
7 12 28 68 92 43 80 94 99 74 99 99 41 6 5 5 5 6 9 10 0 0 3 3 16 16 81 3 3 3 3 24 0 0 0 1 1 1 1
7 12 28 68 92 43 80 94 99 74 99 99 41 6 5 5 5 6 9 10 0 3 3 16 16 81 3 3 3 3 24 0 0 0 0 1 1 1 1
7 12 28 68 92 43 80 94 99 74 99 99 58 6 5 5 5 6 9 10 0 42 3 3 16 16 81 3 3 3 3 0 0 0 0 1 1 1 1 4 4 4
7 12 28 68 92 43 80 94 99 74 99 99 41 6 5 5 5 6 9 10 0 3 3 16 16 81 3 3 3 3 24 0 0 0 0 1 1 1 1
7 12 28 68 92 43 80 94 99 74 99 99 40 32 23 46 23 32 9 10 99 15 14 15 14 15 14 3 3 16 16 81 3 3 3 3 99 0 0 1 1 1 1 8 8 2 2 2 2 2 2 2 2 2
7 12 28 68 92 43 80 94 99 74 99 99 40 32 23 46 23 32 9 10 88 15 14 15 14 15 14 99 3 3 16 16 81 3 3 3 3 0 0 1 1 1 1 8 8 2 2 2 2 2 2 2 2 2 4 4 4
7 12 28 68 92 43 80 94 99 74 99 99 99 6 5 5 18 99 9 10 59 99 3 3 16 16 81 3 3 3 3 0 0 0 0 1 1 1 1 3 3 3 3
7 12 28 68 92 43 80 94 99 74 99 99 99 6 5 6 26 86 9 10 6 5 5 6 3 3 16 16 81 3 3 3 3 24 0 0 0 1 1 1 1 0 0 0 0
7 12 28 68 92 43 80 94 99 74 99 99 99 6 5 6 26 86 9 10 6 5 5 6 42 3 3 16 16 81 3 3 3 3 0 0 0 1 1 1 1 0 0 0 0 4 4 4
7 12 28 68 92 43 80 94 99 74 74 83 18 5 5 5 18 9 10 3 3 16 16 81 3 3 3 3 0 0 0 0 0 1 1 1 1
7 12 28 68 92 43 80 94 99 74 74 99 18 5 5 18 99 9 10 30 3 3 16 16 81 3 3 3 3 0 0 0 0 1 1 1 1 4 4 4
7 12 28 68 92 43 80 94 99 74 74 83 18 5 18 99 99 9 10 30 3 3 16 16 81 3 3 3 3 0 0 0 0 1 1 1 1 4 4 4
7 12 28 68 92 43 80 94 99 74 74 99 18 5 5 13 91 9 10 15 14 3 3 16 16 81 3 3 3 3 0 0 0 0 1 1 1 1 2 2 2
7 12 28 68 92 43 80 94 99 74 74 83 18 5 13 27 32 9 10 15 14 3 3 16 16 81 3 3 3 3 0 0 0 0 1 1 1 1 2 2 2
7 12 28 68 92 43 80 94 99 74 74 83 18 13 27 13 18 9 10 15 14 3 3 16 16 81 3 3 3 3 0 0 0 0 1 1 1 1 2 2 2
7 12 28 68 92 43 80 94 99 74 74 83 18 5 18 99 99 9 10 30 4 4 4 3 3 16 16 81 3 3 3 3 0 0 0 0 1 1 1 1
7 12 28 68 92 43 80 94 99 74 74 83 18 5 13 27 32 9 10 14 2 2 2 15 3 3 16 16 81 3 3 3 3 0 0 0 0 1 1 1 1
7 12 28 68 92 43 80 94 99 74 74 83 18 13 27 13 18 9 10 14 2 2 2 15 3 3 16 16 81 3 3 3 3 0 0 0 0 1 1 1 1
7 12 28 68 92 43 80 94 99 74 74 99 32 27 13 13 91 9 10 15 14 15 14 3 3 16 16 81 3 3 3 3 0 0 0 1 1 1 1 2 2 2 2 2 2
7 12 28 68 92 43 80 94 99 74 74 83 18 13 23 23 32 9 10 15 14 15 14 3 3 16 16 81 3 3 3 3 0 0 0 1 1 1 1 2 2 2 2 2 2
7 12 28 68 92 43 80 94 99 74 74 83 32 23 46 23 32 9 10 15 14 15 14 15 14 3 3 16 16 81 3 3 3 3 0 0 1 1 1 1 2 2 2 2 2 2 2 2 2
7 12 28 68 92 43 80 94 99 74 74 83 18 5 5 5 18 9 10 0 0 3 3 16 16 81 3 3 3 3 0 0 0 1 1 1 1
7 12 28 68 92 43 80 94 99 74 99 99 9 10 3 3 16 16 81 3 3 16 16 11 11 11 1 1 1 1
7 12 28 68 92 43 80 94 99 74 99 9 10 99 99 99 3 3 16 16 81 3 3 1 1 1 1 11 11 11 11 11 11 11 11 11
7 12 28 68 92 43 80 99 99 99 99 9 10 18 5 5 5 18 3 3 16 16 99 3 3 1 1 1 1 0 0 0 0 0
7 12 28 68 92 43 80 94 99 74 99 9 10 99 76 99 99 99 3 3 16 16 81 3 3 3 3 1 1 1 1 0 0 20
7 12 28 68 92 43 80 94 99 74 74 9 10 99 99 99 99 29 3 3 16 16 81 3 3 3 3 1 1 1 1 0 20 20
7 12 28 68 92 43 80 94 99 74 99 9 10 99 99 99 99 99 3 3 16 16 81 3 3 16 16 1 1 1 1 99 35 35 16 16 16 16
7 12 7 49 52 34 13 76 99 39 99 75 27 13 5 5 5 13 9 10 0 0 37 37 0 0 0 0 0 1 1 1 1
7 12 7 49 52 34 13 76 99 39 99 75 48 13 5 6 26 99 9 10 6 5 5 6 0 0 37 37 0 0 0 1 1 1 1 0 0 0 0
7 12 7 49 52 34 13 76 99 39 99 75 27 13 6 26 26 21 9 10 6 5 5 6 0 0 37 37 0 0 0 1 1 1 1 0 0 0 0
7 12 7 49 52 34 13 76 78 39 89 31 99 21 27 13 13 48 9 10 15 14 15 14 0 0 8 8 24 0 0 0 1 1 1 1 2 2 2 2 2 2
7 12 7 49 52 34 13 76 78 39 89 31 41 21 23 46 23 21 9 10 15 14 15 14 15 14 0 0 8 8 24 0 0 1 1 1 1 2 2 2 2 2 2 2 2 2
7 12 7 49 52 34 13 76 78 39 93 47 58 21 23 46 23 21 9 10 15 14 15 14 15 14 42 0 0 8 8 0 0 1 1 1 1 2 2 2 2 2 2 2 2 2 4 4 4
7 12 7 49 52 34 13 76 78 39 93 47 58 6 5 5 5 6 9 10 0 42 0 0 8 8 0 0 0 0 1 1 1 1 4 4 4
7 12 7 49 52 34 13 76 78 39 93 47 58 6 5 5 5 6 9 10 42 0 0 0 8 8 0 0 0 0 1 1 1 1 4 4 4
7 12 7 49 52 34 13 76 78 39 93 47 58 6 5 5 5 6 9 10 42 0 0 0 0 8 8 0 0 0 1 1 1 1 4 4 4
7 12 7 49 52 34 13 76 99 39 99 75 27 13 5 5 5 13 9 10 0 0 37 37 0 0 0 0 0 1 1 1 1
7 12 7 49 52 34 13 76 78 39 89 31 41 6 5 5 5 6 9 10 0 0 8 8 24 0 0 0 0 0 1 1 1 1
7 12 7 49 52 34 13 76 78 39 93 47 58 6 5 5 5 6 9 10 42 0 0 8 8 0 0 0 0 0 1 1 1 1 4 4 4
7 12 7 49 52 34 13 76 78 39 89 31 99 6 5 5 13 48 9 10 15 14 0 0 8 8 24 0 0 0 0 1 1 1 1 2 2 2
7 12 7 49 52 34 13 76 78 39 93 47 99 6 5 5 13 48 9 10 15 14 42 0 0 8 8 0 0 0 0 1 1 1 1 2 2 2 4 4 4
7 12 7 49 52 34 13 76 78 39 89 31 41 6 5 13 27 21 9 10 15 14 0 0 8 8 24 0 0 0 0 1 1 1 1 2 2 2
7 12 7 49 52 34 13 76 78 39 93 47 58 6 5 13 27 21 9 10 15 14 42 0 0 8 8 0 0 0 0 1 1 1 1 2 2 2 4 4 4
7 12 7 49 52 34 13 76 78 39 89 31 41 6 13 27 13 6 9 10 15 14 0 0 8 8 24 0 0 0 0 1 1 1 1 2 2 2
7 12 7 49 52 34 13 76 78 39 93 47 58 6 13 27 13 6 9 10 15 14 42 0 0 8 8 0 0 0 0 1 1 1 1 2 2 2 4 4 4
7 12 7 49 52 34 13 76 78 39 89 31 41 6 5 5 5 6 9 10 0 0 0 8 8 24 0 0 0 0 1 1 1 1
7 12 7 49 52 34 13 76 78 39 93 47 58 6 5 5 5 6 9 10 0 42 0 0 8 8 0 0 0 0 1 1 1 1 4 4 4
7 12 7 49 52 34 13 76 78 39 89 31 41 6 5 5 5 6 9 10 0 0 0 8 8 24 0 0 0 0 1 1 1 1
7 12 7 49 52 34 13 76 78 39 89 31 99 6 13 27 65 48 9 10 15 14 15 14 0 0 8 8 24 0 0 0 1 1 1 1 2 2 2 2 2 2
7 12 7 49 52 34 13 76 78 39 93 47 99 6 13 27 65 48 9 10 15 14 15 14 42 0 0 8 8 0 0 0 1 1 1 1 2 2 2 2 2 2 4 4 4
7 12 7 49 52 34 13 76 78 39 89 31 99 21 27 13 13 48 9 10 15 14 15 14 0 0 8 8 24 0 0 0 1 1 1 1 2 2 2 2 2 2
7 12 7 49 52 34 13 76 78 39 93 47 99 21 27 13 13 48 9 10 15 14 15 14 42 0 0 8 8 0 0 0 1 1 1 1 2 2 2 2 2 2 4 4 4
7 12 7 49 52 34 13 76 78 39 89 31 41 6 13 23 23 21 9 10 15 14 15 14 0 0 8 8 24 0 0 0 1 1 1 1 2 2 2 2 2 2
7 12 7 49 52 34 13 76 78 39 93 47 58 6 13 23 23 21 9 10 15 14 15 14 42 0 0 8 8 0 0 0 1 1 1 1 2 2 2 2 2 2 4 4 4
7 12 7 49 52 34 13 76 78 39 89 31 41 6 5 5 5 6 9 10 0 0 0 0 8 8 24 0 0 0 1 1 1 1
7 12 7 49 52 34 13 76 78 39 93 47 58 6 5 5 5 6 9 10 0 0 42 0 0 8 8 0 0 0 1 1 1 1 4 4 4
7 12 7 49 52 34 13 76 78 39 89 31 41 6 5 5 5 6 9 10 0 0 0 0 8 8 24 0 0 0 1 1 1 1
7 12 7 49 52 34 13 76 78 39 93 47 58 6 5 5 5 6 9 10 0 0 42 0 0 8 8 0 0 0 1 1 1 1 4 4 4
7 12 7 49 52 34 13 76 78 39 89 31 41 6 5 5 5 6 9 10 0 0 0 0 8 8 24 0 0 0 1 1 1 1
7 12 7 49 52 34 13 76 78 39 93 47 58 6 5 5 5 6 9 10 0 0 42 0 0 8 8 0 0 0 1 1 1 1 4 4 4
7 12 7 49 52 34 13 76 78 39 89 31 41 6 5 5 5 6 9 10 0 0 0 0 8 8 24 0 0 0 1 1 1 1
7 12 7 49 52 34 13 76 78 39 93 47 58 6 5 5 5 6 9 10 0 0 42 0 0 8 8 0 0 0 1 1 1 1 4 4 4
7 12 7 49 52 34 13 76 78 39 89 31 41 21 23 46 23 21 9 10 15 14 15 14 15 14 0 0 8 8 24 0 0 1 1 1 1 2 2 2 2 2 2 2 2 2
7 12 7 49 52 34 13 76 78 39 89 31 41 6 5 5 5 6 9 10 0 0 0 0 0 8 8 24 0 0 1 1 1 1
7 12 7 49 52 34 13 76 78 39 93 47 58 6 5 5 5 6 9 10 0 0 0 42 0 0 8 8 0 0 1 1 1 1 4 4 4
7 12 7 49 52 34 13 76 78 39 89 31 41 6 5 5 5 6 9 10 0 0 0 0 0 8 8 24 0 0 1 1 1 1
7 12 7 49 52 34 13 76 78 39 93 47 58 6 5 5 5 6 9 10 0 0 0 42 0 0 8 8 0 0 1 1 1 1 4 4 4
7 12 7 49 52 34 13 76 99 39 99 75 48 13 5 6 26 99 9 10 6 5 5 6 0 0 37 37 0 0 0 1 1 1 1 0 0 0 0
7 12 7 49 52 34 13 76 99 39 99 75 27 13 6 26 26 21 9 10 6 5 5 6 0 0 37 37 0 0 0 1 1 1 1 0 0 0 0
7 12 7 49 52 34 13 76 78 39 89 31 99 6 5 6 26 86 9 10 6 5 5 6 0 0 8 8 24 0 0 0 1 1 1 1 0 0 0 0
7 12 7 49 52 34 13 76 78 39 89 31 41 6 6 26 26 45 9 10 6 5 5 6 0 0 8 8 24 0 0 0 1 1 1 1 0 0 0 0
7 12 7 49 52 34 13 76 78 39 93 47 99 6 5 6 26 86 9 10 6 5 5 6 42 0 0 8 8 0 0 0 1 1 1 1 0 0 0 0 4 4 4
7 12 7 49 52 34 13 76 78 39 93 47 58 6 6 26 26 45 9 10 6 5 5 6 42 0 0 8 8 0 0 0 1 1 1 1 0 0 0 0 4 4 4
7 12 7 49 52 34 13 76 78 39 89 31 41 6 6 41 6 6 9 10 99 24 99 0 0 8 8 24 0 0 0 0 1 1 1 1 4 4 4
7 12 7 49 52 34 13 76 78 39 93 47 58 6 6 41 6 6 9 10 99 24 99 42 0 0 8 8 0 0 0 0 1 1 1 1 4 4 4 4 4 4
7 12 7 49 52 34 13 76 78 39 99 99 99 6 6 41 6 6 9 10 99 24 99 99 99 0 0 8 8 0 0 0 0 1 1 1 1 4 4 4 99
7 12 7 49 52 34 13 76 78 39 93 47 58 6 6 41 6 6 9 10 99 24 42 99 4 4 4 0 0 8 8 0 0 0 0 1 1 1 1 4 4 4
7 12 7 49 52 34 13 76 78 39 99 99 99 6 6 41 6 6 9 10 99 24 99 99 99 4 4 4 0 0 8 8 0 0 0 0 1 1 1 1 99
7 12 7 49 52 34 13 99 99 7 9 10 7 49 13 5 5 13 23 15 14 0 0 1 1 1 1 0 0 0 0 2 2 2
7 12 7 49 52 34 13 99 99 7 9 10 7 99 13 13 27 13 13 15 14 0 0 1 1 1 1 0 0 0 0 2 2 2
7 12 7 49 52 34 13 99 99 7 9 10 7 99 13 13 23 23 65 15 14 15 14 0 0 1 1 1 1 0 0 0 2 2 2 2 2 2
7 12 7 49 52 34 13 76 78 39 9 10 99 18 5 5 13 91 15 14 99 8 8 0 0 1 1 1 1 0 0 0 0 2 2 2
7 12 7 49 52 34 13 76 78 39 9 10 40 18 13 27 13 18 15 14 99 8 8 0 0 1 1 1 1 0 0 0 0 2 2 2
7 12 7 49 52 34 13 76 78 39 9 10 40 18 13 23 23 32 15 14 15 14 99 8 8 0 0 1 1 1 1 0 0 0 2 2 2 2 2 2
7 12 7 49 52 34 13 13 99 66 9 10 21 99 6 5 5 13 48 15 14 0 0 1 1 1 1 0 0 0 0 0 2 2 2
7 12 7 49 52 34 13 13 99 66 9 10 21 77 6 13 27 13 6 15 14 0 0 1 1 1 1 0 0 0 0 0 2 2 2
7 12 7 49 52 34 13 13 99 66 9 10 21 77 6 13 23 23 21 15 14 15 14 0 0 1 1 1 1 0 0 0 0 2 2 2 2 2 2
7 12 7 49 52 34 13 13 99 66 9 10 99 85 6 13 27 13 6 15 14 30 0 0 1 1 1 1 0 0 0 0 2 2 2 4 4 4
7 12 7 49 52 34 13 13 99 66 9 10 99 85 6 13 23 23 21 15 14 15 14 30 0 0 1 1 1 1 0 0 0 2 2 2 2 2 2 4 4 4
7 12 7 49 52 34 13 13 99 66 9 10 21 99 21 27 13 13 48 15 14 15 14 0 0 1 1 1 1 0 0 0 0 2 2 2 2 2 2
7 12 7 49 52 34 13 13 99 66 9 10 99 99 21 27 13 13 48 15 14 15 14 30 0 0 1 1 1 1 0 0 0 2 2 2 2 2 2 4 4 4
7 12 7 49 52 34 13 13 99 66 9 10 21 77 21 23 46 23 21 15 14 15 14 15 14 0 0 1 1 1 1 0 0 0 2 2 2 2 2 2 2 2 2
7 12 7 49 52 34 13 13 99 66 9 10 99 85 21 23 46 23 21 15 14 15 14 15 14 30 0 0 1 1 1 1 0 0 2 2 2 2 2 2 2 2 2 4 4 4
7 12 7 49 52 34 13 13 99 66 9 10 99 99 6 5 6 26 86 6 5 5 6 30 0 0 1 1 1 1 0 0 0 0 0 0 0 4 4 4
7 12 7 49 52 34 13 13 99 66 9 10 21 77 6 6 26 26 45 6 5 5 6 0 0 1 1 1 1 0 0 0 0 0 0 0 0
7 12 7 49 52 34 13 13 99 66 9 10 99 85 6 6 26 26 45 6 5 5 6 30 0 0 1 1 1 1 0 0 0 0 0 0 0 4 4 4
7 12 7 49 52 34 13 13 99 66 9 10 21 77 6 5 5 5 6 0 0 1 1 1 1 0 0 0 0 0 0
7 12 7 49 52 34 13 13 99 66 9 10 99 85 6 5 5 5 6 30 0 0 1 1 1 1 0 0 0 0 0 4 4 4
7 12 7 49 52 34 13 13 99 66 9 10 21 77 6 5 5 5 6 0 0 0 1 1 1 1 0 0 0 0 0
7 12 7 49 52 34 13 13 99 66 9 10 99 40 32 23 46 23 32 15 14 15 14 15 14 38 0 0 1 1 1 1 24 0 0 2 2 2 2 2 2 2 2 2 8 8
7 12 7 49 52 34 9 10 13 76 78 39 99 99 99 26 6 6 26 99 6 5 5 6 6 5 5 6 1 1 1 1 0 0 8 8 0 0 0 0 0 0 0 0 0 0
7 12 19 25 69 17 22 29 99 55 87 75 27 13 5 5 5 13 9 10 20 0 37 37 0 0 0 0 0 1 1 1 1
7 12 19 25 69 17 22 29 99 55 87 75 48 13 5 6 26 99 9 10 6 5 5 6 20 0 37 37 0 0 0 1 1 1 1 0 0 0 0
7 12 19 25 69 17 22 29 99 55 87 75 27 13 6 26 26 21 9 10 6 5 5 6 20 0 37 37 0 0 0 1 1 1 1 0 0 0 0
7 12 19 25 69 17 22 29 99 55 87 75 27 13 5 5 5 13 9 10 0 0 20 0 37 37 0 0 0 1 1 1 1
7 12 19 25 69 17 22 29 99 55 87 75 27 13 5 5 5 13 9 10 0 0 20 0 37 37 0 0 0 1 1 1 1
7 12 19 25 69 17 22 29 99 55 87 75 27 13 13 23 23 65 9 10 15 14 15 14 20 0 37 37 0 0 0 1 1 1 1 2 2 2 2 2 2
7 12 19 25 33 17 22 29 63 50 38 31 41 21 23 46 23 21 9 10 15 14 15 14 30 15 14 20 8 8 24 0 0 1 1 1 1 2 2 2 2 2 2 4 4 4 2 2 2
7 12 19 25 33 17 22 29 63 50 57 47 58 21 23 46 23 21 9 10 15 14 15 14 30 15 14 42 20 8 8 0 0 1 1 1 1 2 2 2 2 2 2 4 4 4 2 2 2 4 4 4
7 12 19 25 33 17 22 29 63 50 96 99 85 21 23 46 23 21 9 10 15 14 15 14 30 15 14 99 1 20 8 8 0 0 1 1 1 1 2 2 2 2 2 2 4 4 4 2 2 2 1
7 12 19 25 33 17 22 29 63 50 38 31 41 6 5 5 5 6 9 10 0 0 30 20 8 8 24 0 0 0 1 1 1 1 4 4 4
7 12 19 25 33 17 22 29 63 50 57 47 58 6 5 5 5 6 9 10 0 0 30 42 20 8 8 0 0 0 1 1 1 1 4 4 4 4 4 4
7 12 19 25 33 17 22 29 63 50 96 99 85 6 5 5 5 6 9 10 0 0 30 99 1 20 8 8 0 0 0 1 1 1 1 4 4 4 1
7 12 19 25 33 17 22 29 63 50 38 31 41 6 5 5 5 6 9 10 0 0 30 0 20 8 8 24 0 0 1 1 1 1 4 4 4
7 12 19 25 33 17 22 29 63 50 57 47 58 6 5 5 5 6 9 10 0 0 30 0 42 20 8 8 0 0 1 1 1 1 4 4 4 4 4 4
7 12 19 25 33 17 22 29 63 50 99 85 6 5 5 5 6 9 10 0 0 30 99 1 96 0 20 0 0 1 1 1 1 4 4 4 1 8 8
7 12 19 25 33 17 22 29 63 50 38 31 99 21 27 13 13 48 9 10 30 15 14 15 14 20 8 8 24 0 0 0 1 1 1 1 4 4 4 2 2 2 2 2 2
7 12 19 25 33 17 22 29 63 50 38 31 41 21 27 65 27 21 9 10 30 15 14 15 14 20 8 8 24 0 0 0 1 1 1 1 4 4 4 2 2 2 2 2 2
7 12 19 25 33 17 22 29 63 50 38 31 99 6 13 27 65 48 9 10 30 15 14 15 14 20 8 8 24 0 0 0 1 1 1 1 4 4 4 2 2 2 2 2 2
7 12 19 25 33 17 22 29 63 50 38 31 41 6 13 23 23 21 9 10 30 15 14 15 14 20 8 8 24 0 0 0 1 1 1 1 4 4 4 2 2 2 2 2 2
7 12 19 25 33 17 22 29 63 50 38 31 99 21 27 13 13 48 9 10 30 98 99 98 99 99 99 20 8 8 24 0 0 0 1 1 1 1 4 4 4 35 35 35 35 11 11 11 11 11 11
7 12 19 25 33 17 22 29 63 50 57 47 99 21 27 13 13 48 9 10 30 15 14 15 14 42 20 8 8 0 0 0 1 1 1 1 4 4 4 2 2 2 2 2 2 4 4 4
7 12 19 25 33 17 22 29 63 50 57 47 58 21 27 65 27 21 9 10 30 15 14 15 14 42 20 8 8 0 0 0 1 1 1 1 4 4 4 2 2 2 2 2 2 4 4 4
7 12 19 25 33 17 22 29 63 50 57 47 99 6 13 27 65 48 9 10 30 15 14 15 14 42 20 8 8 0 0 0 1 1 1 1 4 4 4 2 2 2 2 2 2 4 4 4
7 12 19 25 33 17 22 29 63 50 57 47 99 21 27 13 13 48 9 10 30 98 99 98 99 99 99 42 20 8 8 0 0 0 1 1 1 1 4 4 4 35 35 35 35 11 11 11 11 11 11 4 4 4
7 12 19 25 33 17 22 29 63 50 57 99 58 21 23 46 23 21 9 10 15 14 15 14 30 15 14 99 99 99 20 8 8 0 0 1 1 1 1 2 2 2 2 2 2 4 4 4 2 2 2 37 37 99
7 12 19 25 33 17 22 29 63 50 57 99 58 21 23 46 23 21 9 10 15 14 15 14 30 15 14 99 99 99 20 8 8 0 0 1 1 1 1 2 2 2 2 2 2 4 4 4 2 2 2 99 11 11 11 11 11 11
7 12 19 25 33 17 22 29 63 50 57 99 58 21 23 46 23 21 9 10 15 14 15 14 30 15 14 99 44 20 8 8 0 0 1 1 1 1 2 2 2 2 2 2 4 4 4 2 2 2 3 3 11 11 11
7 12 19 25 33 17 22 29 63 50 38 31 99 6 5 6 26 86 9 10 6 30 5 5 6 20 8 8 24 0 0 0 1 1 1 1 0 4 4 4 0 0 0
7 12 19 25 33 17 22 29 63 50 38 31 99 6 13 48 99 86 9 10 6 30 5 5 6 15 14 20 8 8 24 0 0 1 1 1 1 0 4 4 4 0 0 0 2 2 2
7 12 19 25 33 17 22 29 63 50 38 31 41 21 23 46 23 21 9 10 30 15 14 15 14 15 14 20 8 8 24 0 0 1 1 1 1 4 4 4 2 2 2 2 2 2 2 2 2
7 12 19 25 33 17 22 29 63 50 57 47 58 21 23 46 23 21 9 10 30 15 14 15 14 15 14 42 20 8 8 0 0 1 1 1 1 4 4 4 2 2 2 2 2 2 2 2 2 4 4 4
7 12 19 25 33 17 22 29 63 50 57 47 58 6 5 5 5 6 9 10 30 0 0 42 20 8 8 0 0 0 1 1 1 1 4 4 4 4 4 4
7 12 19 25 33 17 22 29 63 50 38 31 99 6 5 6 26 86 9 10 6 5 5 6 30 20 8 8 24 0 0 0 1 1 1 1 0 0 0 0 4 4 4
7 12 19 25 33 17 22 29 99 50 87 75 27 13 5 5 5 13 9 10 30 20 37 37 0 0 0 0 0 1 1 1 1 4 4 4
7 12 19 25 33 17 22 29 99 50 87 75 48 13 5 6 26 99 9 10 6 5 5 6 30 20 37 37 0 0 0 1 1 1 1 0 0 0 0 4 4 4
7 12 19 25 33 17 22 29 99 50 87 75 27 13 5 18 99 32 9 10 30 30 20 37 37 0 0 0 0 1 1 1 1 4 4 4 4 4 4
7 12 19 25 33 17 22 29 99 50 87 75 27 13 18 99 18 13 9 10 30 30 20 37 37 0 0 0 0 1 1 1 1 4 4 4 4 4 4
7 12 19 25 33 17 22 29 99 50 87 75 27 13 5 13 27 65 9 10 15 14 30 20 37 37 0 0 0 0 1 1 1 1 2 2 2 4 4 4
7 12 19 25 33 17 22 29 99 50 87 75 27 13 13 27 13 13 9 10 15 14 30 20 37 37 0 0 0 0 1 1 1 1 2 2 2 4 4 4
7 12 19 25 33 17 22 29 99 50 87 75 27 13 13 23 23 65 9 10 15 14 15 14 30 20 37 37 0 0 0 1 1 1 1 2 2 2 2 2 2 4 4 4
7 12 19 25 33 17 22 29 99 50 87 75 27 13 5 5 5 13 9 10 0 30 20 37 37 0 0 0 0 1 1 1 1 4 4 4
7 12 19 25 33 17 22 29 99 50 87 75 27 13 5 5 5 13 9 10 0 30 20 37 37 0 0 0 0 1 1 1 1 4 4 4
7 12 19 25 33 17 22 29 63 50 38 31 41 6 5 5 5 6 9 10 0 30 20 8 8 24 0 0 0 0 1 1 1 1 4 4 4
7 12 19 25 33 17 22 29 63 50 38 31 99 21 27 13 18 99 9 10 30 15 14 30 20 8 8 24 0 0 0 1 1 1 1 4 4 4 2 2 2 4 4 4
7 12 19 25 33 17 22 29 63 50 38 31 99 48 13 5 18 99 9 10 30 15 14 30 20 8 8 24 0 0 0 1 1 1 1 4 4 4 2 2 2 4 4 4
7 12 19 25 33 17 22 29 63 50 38 31 99 21 27 13 13 48 9 10 15 14 15 14 30 20 8 8 24 0 0 0 1 1 1 1 2 2 2 2 2 2 4 4 4
7 12 19 25 33 17 22 29 63 50 57 47 99 21 27 13 13 48 9 10 15 14 15 14 42 30 20 8 8 0 0 0 1 1 1 1 2 2 2 2 2 2 4 4 4 4 4 4
7 12 19 25 33 17 22 29 63 50 38 31 41 21 27 65 27 21 9 10 15 14 15 14 30 20 8 8 24 0 0 0 1 1 1 1 2 2 2 2 2 2 4 4 4
7 12 19 25 33 17 22 29 63 50 38 31 41 21 23 46 23 21 9 10 15 14 15 14 15 14 30 20 8 8 24 0 0 1 1 1 1 2 2 2 2 2 2 2 2 2 4 4 4
7 12 19 25 33 17 22 29 63 50 38 31 99 55 99 18 13 48 9 10 30 4 4 4 30 15 14 20 8 8 24 0 0 0 1 1 1 1 4 4 4 2 2 2
7 12 19 25 33 17 22 29 63 50 38 31 41 55 99 32 27 21 9 10 30 4 4 4 15 14 30 20 8 8 24 0 0 0 1 1 1 1 2 2 2 4 4 4
7 12 19 25 33 17 22 29 99 50 59 59 99 18 5 6 26 99 9 10 6 5 5 6 30 20 3 3 3 3 0 0 0 1 1 1 1 0 0 0 0 4 4 4
7 12 19 25 33 17 22 29 99 50 59 59 99 32 27 13 13 91 9 10 15 14 15 14 30 20 3 3 3 3 0 0 0 1 1 1 1 2 2 2 2 2 2 4 4 4
7 12 19 25 33 17 22 29 63 50 38 31 99 55 99 18 18 99 9 10 30 30 30 20 8 8 24 0 0 0 1 1 1 1 4 4 4 4 4 4 4 4 4
7 12 19 25 33 17 22 29 63 50 38 31 99 6 13 27 32 99 9 10 30 30 15 14 20 8 8 24 0 0 0 1 1 1 1 4 4 4 4 4 4 2 2 2
7 12 19 25 33 17 22 29 63 50 38 31 99 55 99 18 13 48 9 10 30 15 14 30 20 8 8 24 0 0 0 1 1 1 1 4 4 4 2 2 2 4 4 4
7 12 19 25 33 17 22 29 63 50 38 31 99 6 13 27 65 48 9 10 30 15 14 15 14 20 8 8 24 0 0 0 1 1 1 1 4 4 4 2 2 2 2 2 2
7 12 19 25 33 17 22 29 63 50 57 47 99 6 13 27 65 48 9 10 30 15 14 15 14 42 20 8 8 0 0 0 1 1 1 1 4 4 4 2 2 2 2 2 2 4 4 4
7 12 19 25 33 17 22 29 63 50 57 47 58 21 27 65 27 21 9 10 30 42 15 14 15 14 20 8 8 0 0 0 1 1 1 1 4 4 4 4 4 4 2 2 2 2 2 2
7 12 19 25 33 17 22 29 63 50 38 31 41 6 13 23 23 21 9 10 30 15 14 15 14 20 8 8 24 0 0 0 1 1 1 1 4 4 4 2 2 2 2 2 2
7 12 19 25 33 17 22 29 63 50 57 47 58 6 13 23 23 21 9 10 30 15 14 15 14 42 20 8 8 0 0 0 1 1 1 1 4 4 4 2 2 2 2 2 2 4 4 4
7 12 19 25 33 17 22 29 63 50 38 31 99 21 27 13 13 48 9 10 30 98 99 99 98 99 99 20 8 8 24 0 0 0 1 1 1 1 4 4 4 11 11 11 35 35 11 11 11 35 35
7 12 19 25 33 17 22 29 63 50 57 47 99 21 27 13 13 48 9 10 30 98 99 99 98 99 99 42 20 8 8 0 0 0 1 1 1 1 4 4 4 11 11 11 35 35 11 11 11 35 35 4 4 4
7 12 19 25 33 17 22 29 63 50 57 47 99 55 99 18 13 48 9 10 30 15 14 30 4 4 4 42 20 8 8 0 0 0 1 1 1 1 4 4 4 2 2 2 4 4 4
7 12 19 25 33 17 22 29 63 50 38 31 99 6 5 6 26 86 9 10 30 6 5 5 6 20 8 8 24 0 0 0 1 1 1 1 4 4 4 0 0 0 0
7 12 19 25 33 17 22 29 63 50 57 47 99 6 5 6 26 86 9 10 30 6 5 5 6 42 20 8 8 0 0 0 1 1 1 1 4 4 4 0 0 0 0 4 4 4
7 12 19 25 69 17 22 29 99 55 38 31 99 6 5 6 26 86 9 10 6 5 5 6 20 0 8 8 24 0 0 0 1 1 1 1 0 0 0 0
7 12 19 25 69 17 22 29 99 55 38 31 41 6 5 5 5 6 9 10 0 20 0 8 8 24 0 0 0 0 1 1 1 1
7 12 19 25 69 17 22 29 99 55 38 31 41 21 23 46 23 21 9 10 15 14 15 14 15 14 20 0 8 8 24 0 0 1 1 1 1 2 2 2 2 2 2 2 2 2
7 12 19 25 69 17 22 29 99 55 38 31 99 21 27 13 13 48 9 10 15 14 15 14 20 0 8 8 24 0 0 0 1 1 1 1 2 2 2 2 2 2
7 12 19 25 69 17 22 99 99 45 31 38 40 18 5 5 5 18 9 10 20 0 24 8 8 0 0 0 0 0 1 1 1 1
7 12 19 25 69 17 22 99 99 45 47 57 40 18 5 5 5 18 9 10 42 20 0 8 8 0 0 0 0 0 1 1 1 1 4 4 4
7 12 19 25 69 17 22 99 99 45 31 38 40 32 23 46 23 32 9 10 15 14 15 14 15 14 20 0 24 8 8 0 0 1 1 1 1 2 2 2 2 2 2 2 2 2
7 12 19 25 69 17 22 99 99 45 47 57 40 32 23 46 23 32 9 10 15 14 15 14 15 14 42 20 0 8 8 0 0 1 1 1 1 2 2 2 2 2 2 2 2 2 4 4 4
7 12 19 25 69 17 22 99 99 45 99 99 99 32 23 46 23 32 9 10 15 14 15 14 15 14 99 20 0 24 99 0 0 1 1 1 1 2 2 2 2 2 2 2 2 2 11 11 11
7 12 19 25 69 17 22 99 99 45 31 38 99 18 13 23 46 99 9 10 15 14 15 14 15 14 20 0 24 8 8 0 0 1 1 1 1 2 2 2 2 2 2 2 2 2
7 12 19 25 69 17 22 99 99 45 47 57 99 18 13 23 46 99 9 10 15 14 15 14 15 14 42 20 0 8 8 0 0 1 1 1 1 2 2 2 2 2 2 2 2 2 4 4 4
7 12 19 25 69 17 22 99 99 45 31 38 99 91 65 27 65 91 9 10 15 14 15 14 15 14 20 0 24 8 8 0 0 1 1 1 1 2 2 2 2 2 2 2 2 2
7 12 19 25 69 17 22 99 99 45 31 38 99 32 23 23 65 91 9 10 15 14 15 14 15 14 20 0 24 8 8 0 0 1 1 1 1 2 2 2 2 2 2 2 2 2
7 12 19 25 69 17 22 99 99 45 31 38 40 18 13 23 23 32 9 10 15 14 15 14 20 0 24 8 8 0 0 0 1 1 1 1 2 2 2 2 2 2
7 12 19 25 69 17 22 99 99 45 31 38 40 32 27 65 27 32 9 10 15 14 15 14 20 0 24 8 8 0 0 0 1 1 1 1 2 2 2 2 2 2
7 12 19 25 69 17 22 99 99 45 47 57 40 32 27 65 27 32 9 10 15 14 15 14 42 20 0 8 8 0 0 0 1 1 1 1 2 2 2 2 2 2 4 4 4
7 12 19 25 69 17 22 99 99 45 31 38 99 32 27 13 13 91 9 10 15 14 15 14 20 0 24 8 8 0 0 0 1 1 1 1 2 2 2 2 2 2
7 12 19 25 69 17 22 99 99 45 47 57 99 32 27 13 13 91 9 10 15 14 15 14 42 20 0 8 8 0 0 0 1 1 1 1 2 2 2 2 2 2 4 4 4
7 12 19 25 69 17 22 99 99 45 31 38 99 18 5 6 26 99 9 10 6 5 5 6 20 0 24 8 8 0 0 0 1 1 1 1 0 0 0 0
7 12 19 25 69 17 22 99 99 45 31 38 99 18 13 48 99 99 9 10 6 5 5 6 15 14 20 0 24 8 8 0 0 1 1 1 1 0 0 0 0 2 2 2
7 12 19 25 69 17 22 99 99 45 31 38 99 91 13 6 26 99 9 10 6 5 5 6 15 14 20 0 24 8 8 0 0 1 1 1 1 0 0 0 0 2 2 2
7 12 19 25 69 17 22 99 99 45 31 38 40 18 13 99 13 18 9 10 66 99 13 5 5 5 13 20 0 24 8 8 0 0 0 0 1 1 1 1 0 0 0 0 0
7 12 19 25 69 17 22 99 99 45 99 83 18 5 5 5 18 9 10 99 59 20 0 24 0 0 0 0 0 1 1 1 1 3 3 3 3
7 12 19 25 69 17 22 99 99 45 99 83 18 5 5 5 18 9 10 99 59 42 20 0 0 0 0 0 0 1 1 1 1 3 3 3 3 4 4 4
7 12 19 25 33 17 22 29 63 50 38 9 10 30 31 99 21 48 99 21 48 26 6 5 5 6 15 14 15 14 20 8 8 1 1 1 1 4 4 4 24 0 0 0 0 0 0 2 2 2 2 2 2
7 12 19 25 33 17 22 29 63 50 38 9 10 30 31 99 21 23 23 21 86 26 6 5 5 6 15 14 15 14 20 8 8 1 1 1 1 4 4 4 24 0 0 0 0 0 0 2 2 2 2 2 2
7 12 19 25 33 17 22 29 63 50 38 9 10 30 31 99 50 50 99 50 50 26 6 5 5 6 30 30 30 30 20 8 8 1 1 1 1 4 4 4 24 0 0 0 0 4 4 4 4 4 4 4 4 4 4 4 4
7 12 19 25 33 17 22 29 63 50 38 9 10 30 31 99 45 26 6 13 48 15 14 26 6 5 5 5 6 20 8 8 1 1 1 1 4 4 4 24 0 0 0 2 2 2 0 0 0 0 0
7 12 19 25 33 17 22 29 63 50 38 31 41 6 5 5 5 6 9 10 30 20 8 8 24 0 0 0 0 0 1 1 1 1 4 4 4
7 12 19 25 33 17 22 29 63 50 38 31 99 6 5 5 13 48 9 10 30 15 14 20 8 8 24 0 0 0 0 1 1 1 1 4 4 4 2 2 2
7 12 19 25 33 17 22 29 63 50 38 31 41 6 5 13 27 21 9 10 30 15 14 20 8 8 24 0 0 0 0 1 1 1 1 4 4 4 2 2 2
7 12 19 25 33 17 22 29 63 50 38 31 41 6 13 27 13 6 9 10 30 15 14 20 8 8 24 0 0 0 0 1 1 1 1 4 4 4 2 2 2
7 12 19 25 33 17 22 29 63 50 38 31 41 6 5 5 5 6 9 10 30 0 20 8 8 24 0 0 0 0 1 1 1 1 4 4 4
7 12 19 25 33 17 22 29 63 50 38 31 41 6 5 5 5 6 9 10 30 0 20 8 8 24 0 0 0 0 1 1 1 1 4 4 4
7 12 19 25 33 17 22 29 63 50 38 31 41 6 5 5 5 6 9 10 30 0 20 8 8 24 0 0 0 0 1 1 1 1 4 4 4
7 12 19 25 33 17 22 29 63 50 38 31 41 6 5 5 5 6 9 10 30 0 20 8 8 24 0 0 0 0 1 1 1 1 4 4 4
7 12 19 25 33 17 22 29 63 50 57 47 58 6 5 13 27 21 9 10 30 15 14 42 20 8 8 0 0 0 0 1 1 1 1 4 4 4 2 2 2 4 4 4
7 12 19 25 33 17 22 29 63 50 57 47 58 6 13 27 13 6 9 10 30 15 14 42 20 8 8 0 0 0 0 1 1 1 1 4 4 4 2 2 2 4 4 4
7 12 19 25 33 17 22 29 63 50 57 47 58 6 5 5 5 6 9 10 30 0 42 20 8 8 0 0 0 0 1 1 1 1 4 4 4 4 4 4
7 12 19 25 33 17 22 29 63 50 57 47 58 6 5 5 5 6 9 10 30 0 42 20 8 8 0 0 0 0 1 1 1 1 4 4 4 4 4 4
7 12 19 25 33 17 22 29 63 50 57 47 58 6 5 5 5 6 9 10 30 0 42 20 8 8 0 0 0 0 1 1 1 1 4 4 4 4 4 4
7 12 19 25 69 17 22 29 99 55 87 99 6 5 5 5 6 9 10 99 99 20 20 0 37 37 0 0 0 0 0 1 1 1 1
7 12 19 25 33 17 22 29 99 50 87 99 6 5 5 5 6 9 10 99 99 20 30 20 37 37 0 0 0 0 0 1 1 1 1 4 4 4
7 12 19 25 69 17 22 29 99 55 57 47 58 21 23 46 23 21 9 10 15 14 15 14 15 14 42 20 0 8 8 0 0 1 1 1 1 2 2 2 2 2 2 2 2 2 4 4 4
7 12 19 25 69 17 22 29 99 55 57 99 58 21 23 46 23 21 9 10 15 14 15 14 15 14 99 44 20 0 8 8 0 0 1 1 1 1 2 2 2 2 2 2 2 2 2 3 3 11 11 11
7 12 19 25 69 17 22 29 99 55 96 99 85 21 23 46 23 21 9 10 15 14 15 14 15 14 99 1 20 0 8 8 0 0 1 1 1 1 2 2 2 2 2 2 2 2 2 1
7 12 19 25 69 17 22 99 99 45 6 6 77 21 23 46 23 21 9 10 15 14 15 14 15 14 20 0 0 0 0 0 1 1 1 1 2 2 2 2 2 2 2 2 2
7 12 19 25 69 17 22 99 99 45 6 6 77 6 13 23 23 21 9 10 15 14 15 14 20 0 0 0 0 0 0 1 1 1 1 2 2 2 2 2 2
7 12 19 25 69 17 22 99 99 45 6 6 77 6 13 27 13 6 9 10 15 14 20 0 0 0 0 0 0 0 1 1 1 1 2 2 2
7 12 19 25 69 17 22 29 99 55 59 59 83 32 23 46 23 32 9 10 15 14 15 14 15 14 20 0 3 3 3 3 0 0 1 1 1 1 2 2 2 2 2 2 2 2 2
7 12 19 25 69 17 22 29 99 55 59 59 83 18 13 23 23 32 9 10 15 14 15 14 20 0 3 3 3 3 0 0 0 1 1 1 1 2 2 2 2 2 2
7 12 19 25 69 17 22 29 99 55 59 59 83 18 13 27 13 18 9 10 15 14 20 0 3 3 3 3 0 0 0 0 1 1 1 1 2 2 2
7 12 19 25 33 17 22 29 63 50 96 9 10 30 99 32 27 13 13 91 15 14 15 14 20 8 8 1 1 1 1 4 4 4 0 0 0 2 2 2 2 2 2
7 12 19 25 33 17 22 29 99 50 99 9 10 30 99 99 97 99 99 18 13 23 99 15 14 15 14 20 3 3 1 1 1 1 4 4 4 99 16 16 3 3 0 0 2 2 2 2 2 2
7 12 19 25 33 17 22 29 99 50 99 9 10 30 99 99 99 85 99 21 27 13 18 15 14 20 3 3 1 1 1 1 4 4 4 99 24 0 0 0 0 2 2 2
7 12 19 25 33 17 22 29 63 50 88 9 10 30 99 99 59 99 99 88 32 23 23 32 15 14 15 14 20 8 8 1 1 1 1 4 4 4 3 3 3 3 8 8 0 0 2 2 2 2 2 2
7 12 19 25 33 17 22 29 63 50 57 9 10 30 99 99 99 59 99 6 13 27 32 15 14 20 8 8 1 1 1 1 4 4 4 3 3 3 3 0 0 0 2 2 2
7 12 19 25 33 17 22 29 63 50 57 9 10 30 99 99 99 59 99 6 5 13 91 15 14 20 8 8 1 1 1 1 4 4 4 3 3 3 3 0 0 0 2 2 2
7 12 19 25 33 17 22 29 63 50 57 9 10 30 99 99 99 59 99 21 23 23 32 15 14 15 14 20 8 8 1 1 1 1 4 4 4 3 3 3 3 0 0 2 2 2 2 2 2
7 12 19 25 69 17 9 10 22 29 99 55 96 99 99 26 6 6 26 99 6 5 5 6 6 5 5 6 1 1 1 1 20 0 8 8 0 0 0 0 0 0 0 0 0 0
7 12 19 25 33 17 22 29 99 50 99 9 10 30 99 99 97 99 99 32 27 13 18 15 14 20 3 3 1 1 1 1 4 4 4 99 16 16 3 3 0 0 0 2 2 2
7 12 19 25 33 17 22 29 99 50 99 9 10 30 99 99 97 99 99 18 13 27 32 15 14 20 3 3 1 1 1 1 4 4 4 99 16 16 3 3 0 0 0 2 2 2
7 12 19 25 69 17 22 29 99 55 9 10 99 99 20 0 1 1 1 1 37 37 99
7 12 19 25 33 17 22 29 99 50 9 10 99 99 30 20 1 1 1 1 37 37 99 4 4 4
7 12 19 25 69 17 28 68 99 55 9 10 99 99 99 88 88 40 18 5 5 5 18 0 1 1 1 1 3 3 3 3 8 8 8 8 0 0 0 0 0
7 12 19 25 69 17 28 68 99 55 9 10 99 99 99 88 88 40 18 6 77 6 18 99 0 99 99 99 99 73 56 99 99 73 56 0 1 1 1 1 3 3 3 3 8 8 8 8 0 0 0 0 24 99 16 16 64 3 3 64
7 12 19 25 69 17 28 68 99 55 9 10 99 99 99 88 88 40 18 13 27 13 18 15 14 0 1 1 1 1 3 3 3 3 8 8 8 8 0 0 0 0 2 2 2
7 12 19 25 69 17 28 68 99 55 9 10 99 99 99 88 88 40 32 27 65 27 32 15 14 15 14 0 1 1 1 1 3 3 3 3 8 8 8 8 0 0 0 2 2 2 2 2 2
7 12 19 25 69 17 28 68 99 55 9 10 99 99 99 88 88 40 18 5 5 5 18 0 0 0 1 1 1 1 3 3 3 3 8 8 8 8 0 0 0
7 12 19 25 69 17 28 68 99 55 9 10 99 99 99 88 88 40 18 5 5 5 18 0 0 0 1 1 1 1 3 3 3 3 8 8 8 8 0 0 0
7 12 19 25 69 17 28 68 99 55 9 10 99 99 99 57 99 99 87 99 18 5 5 5 18 20 0 1 1 1 1 3 3 3 3 8 8 37 37 0 0 0 0 0
7 12 7 99 99 43 13 99 99 99 99 85 21 23 46 23 21 9 10 99 99 1 57 15 14 15 14 15 14 0 0 99 0 0 1 1 1 1 11 11 11 1 8 8 2 2 2 2 2 2 2 2 2
7 12 7 99 99 43 99 99 99 99 99 85 21 23 46 23 21 9 10 99 99 1 74 15 14 15 14 15 14 24 3 3 81 99 0 0 1 1 1 1 11 11 11 1 3 3 2 2 2 2 2 2 2 2 2
7 12 7 99 99 43 99 99 99 99 99 41 21 23 46 23 21 9 10 99 99 15 14 15 14 15 14 24 3 3 81 99 24 0 0 1 1 1 1 11 11 11 3 3 2 2 2 2 2 2 2 2 2
7 12 7 99 99 43 99 99 99 74 94 97 83 32 23 46 23 32 9 10 15 14 15 14 15 14 24 3 3 81 3 3 16 16 3 3 0 0 1 1 1 1 2 2 2 2 2 2 2 2 2
7 12 7 99 99 43 99 99 99 74 94 97 83 18 13 23 23 32 9 10 15 14 15 14 24 3 3 81 3 3 16 16 3 3 0 0 0 1 1 1 1 2 2 2 2 2 2
7 12 28 68 99 43 99 99 99 88 88 99 9 10 32 27 13 13 91 15 14 15 14 3 3 3 3 8 8 8 8 1 1 1 1 0 0 0 2 2 2 2 2 2
7 12 28 68 99 43 99 99 99 88 88 40 9 10 32 23 46 23 32 15 14 15 14 15 14 3 3 3 3 8 8 8 8 1 1 1 1 0 0 2 2 2 2 2 2 2 2 2
7 12 28 68 99 43 99 99 99 88 88 40 9 10 32 23 46 23 32 15 14 15 14 15 14 0 3 3 3 3 8 8 8 8 1 1 1 1 0 2 2 2 2 2 2 2 2 2
7 12 28 68 99 43 99 99 99 88 83 9 10 32 23 46 23 32 15 14 15 14 15 14 99 59 3 3 3 3 8 8 1 1 1 1 0 0 2 2 2 2 2 2 2 2 2 3 3 3 3
7 12 28 68 99 43 99 99 99 88 83 9 10 32 23 46 23 32 15 14 15 14 15 14 97 99 99 3 3 3 3 8 8 1 1 1 1 0 0 2 2 2 2 2 2 2 2 2 3 3 3 3 16 16
7 12 19 25 33 17 22 29 95 38 41 9 10 6 6 77 6 6 31 99 0 99 99 99 56 73 99 99 99 56 73 20 8 8 1 1 1 1 0 0 0 0 24 24 99 64 16 16 3 3 64
7 12 19 25 33 17 22 29 95 57 58 9 10 6 6 77 6 6 47 99 0 99 99 99 56 73 99 99 99 56 73 42 20 8 8 1 1 1 1 0 0 0 0 24 99 64 16 16 3 3 64 4 4 4
7 12 19 25 33 17 22 29 95 38 41 9 10 21 23 46 23 21 31 15 14 15 14 15 14 20 8 8 1 1 1 1 0 0 24 2 2 2 2 2 2 2 2 2
7 12 19 25 33 17 22 29 95 38 41 9 10 6 5 5 5 6 31 0 0 0 20 8 8 1 1 1 1 0 0 24
7 12 19 25 33 17 22 29 95 38 41 9 10 6 5 5 5 6 31 0 0 20 8 8 1 1 1 1 0 0 0 24
7 12 19 25 33 17 22 29 95 38 99 9 10 21 27 13 13 48 31 15 14 15 14 20 8 8 1 1 1 1 0 0 0 24 2 2 2 2 2 2
7 12 7 36 99 17 13 18 99 38 41 9 10 21 23 46 23 21 31 15 14 15 14 15 14 0 0 8 8 1 1 1 1 0 0 24 2 2 2 2 2 2 2 2 2
7 12 7 36 99 17 13 18 99 38 41 9 10 6 13 23 23 21 31 15 14 15 14 0 0 8 8 1 1 1 1 0 0 0 24 2 2 2 2 2 2
7 12 7 36 99 17 13 18 99 38 41 9 10 6 13 27 13 6 31 15 14 0 0 8 8 1 1 1 1 0 0 0 0 24 2 2 2
7 12 7 36 99 17 13 18 99 38 99 9 10 21 27 13 13 48 31 15 14 15 14 0 0 8 8 1 1 1 1 0 0 0 24 2 2 2 2 2 2
7 12 7 36 99 17 13 18 99 38 99 9 10 21 27 13 13 48 31 98 99 98 99 99 99 0 0 8 8 1 1 1 1 0 0 0 24 35 35 35 35 11 11 11 11 11 11
7 12 7 36 99 17 13 18 99 38 41 9 10 6 5 5 5 6 31 0 0 0 0 8 8 1 1 1 1 0 0 0 24
7 12 7 36 99 17 13 18 99 38 99 9 10 6 5 6 26 86 31 6 5 5 6 0 0 8 8 1 1 1 1 0 0 0 24 0 0 0 0
7 12 7 36 99 17 13 18 99 38 41 9 10 6 5 5 5 6 31 0 0 8 8 1 1 1 1 0 0 0 0 0 24
7 12 7 36 99 17 13 18 99 38 41 9 10 6 6 77 6 6 31 99 0 99 99 99 99 56 73 99 56 73 0 0 8 8 1 1 1 1 0 0 0 0 24 24 99 3 3 64 64
7 12 7 36 99 17 13 18 99 57 99 9 10 21 27 13 13 48 47 15 14 15 14 42 0 0 8 8 1 1 1 1 0 0 0 2 2 2 2 2 2 4 4 4
7 12 7 36 99 17 13 18 99 57 58 9 10 6 5 5 5 6 47 0 0 42 0 0 8 8 1 1 1 1 0 0 0 4 4 4
7 12 7 36 99 17 13 18 99 57 99 9 10 6 5 6 26 86 47 6 5 5 6 42 0 0 8 8 1 1 1 1 0 0 0 0 0 0 0 4 4 4
7 12 7 36 99 17 13 18 99 87 27 9 10 13 13 23 23 65 75 15 14 15 14 0 0 37 37 1 1 1 1 0 0 0 2 2 2 2 2 2
7 12 7 36 99 17 13 18 99 87 27 9 10 13 5 5 5 13 75 0 0 0 0 37 37 1 1 1 1 0 0 0
7 12 7 36 99 17 13 18 99 87 48 9 10 13 5 6 26 99 75 6 5 5 6 0 0 37 37 1 1 1 1 0 0 0 0 0 0 0
7 12 7 36 99 17 13 18 99 87 27 9 10 13 6 26 26 21 75 6 5 5 6 0 0 37 37 1 1 1 1 0 0 0 0 0 0 0
7 12 7 36 99 17 13 18 99 57 58 9 10 6 6 77 6 6 47 99 0 99 99 99 99 56 73 99 56 73 42 0 0 8 8 1 1 1 1 0 0 0 0 24 99 3 3 64 64 4 4 4
7 12 19 25 33 17 22 29 95 38 9 10 31 41 21 23 46 23 21 15 14 15 14 15 14 20 8 8 1 1 1 1 24 0 0 2 2 2 2 2 2 2 2 2
7 12 19 25 33 17 22 29 95 38 9 10 31 99 48 13 13 27 21 15 14 15 14 20 8 8 1 1 1 1 24 0 0 0 2 2 2 2 2 2
7 12 19 25 33 17 22 29 95 57 9 10 47 58 21 23 46 23 21 15 14 15 14 15 14 42 20 8 8 1 1 1 1 0 0 2 2 2 2 2 2 2 2 2 4 4 4
7 12 19 25 33 17 22 29 95 57 9 10 47 99 48 13 13 27 21 15 14 15 14 42 20 8 8 1 1 1 1 0 0 0 2 2 2 2 2 2 4 4 4
7 12 19 25 33 17 22 29 95 38 9 10 31 41 6 6 26 6 6 0 0 26 6 5 5 6 20 8 8 1 1 1 1 24 0 0 0 0 0 0
7 12 7 36 99 17 13 18 99 40 9 10 18 5 5 5 18 96 0 0 1 1 1 1 0 0 0 0 0 8 8
7 12 19 25 33 17 22 29 99 87 9 10 75 27 13 5 5 5 13 20 37 37 1 1 1 1 0 0 0 0 0
7 12 19 25 33 17 22 29 99 87 9 10 75 48 99 26 6 5 13 6 5 5 6 20 37 37 1 1 1 1 0 0 0 0 0 0 0
7 12 19 25 33 17 22 29 99 87 9 10 75 27 21 26 26 6 13 6 5 5 6 20 37 37 1 1 1 1 0 0 0 0 0 0 0
7 12 19 25 33 17 22 29 95 38 9 10 31 99 86 26 6 5 6 6 5 5 6 20 8 8 1 1 1 1 24 0 0 0 0 0 0 0
7 12 19 25 33 17 22 29 95 38 9 10 31 41 45 26 26 6 6 6 5 5 6 20 8 8 1 1 1 1 24 0 0 0 0 0 0 0
7 12 19 25 33 17 22 29 99 87 9 10 75 27 21 26 26 6 13 6 5 5 6 20 37 37 1 1 1 1 0 0 0 0 0 0 0
7 12 19 25 33 17 22 29 95 38 9 10 31 99 6 5 5 13 36 66 99 13 5 5 5 13 20 8 8 1 1 1 1 24 0 0 0 0 0 0 0 0 0
7 12 19 25 33 17 22 29 95 38 9 10 31 41 6 13 99 13 6 66 99 13 5 5 5 13 20 8 8 1 1 1 1 24 0 0 0 0 0 0 0 0 0
7 12 19 25 33 17 22 29 95 38 9 10 31 99 6 5 5 6 86 26 6 5 5 5 6 20 8 8 1 1 1 1 24 0 0 0 0 0 0 0 0 0
7 12 19 25 33 17 22 29 95 57 9 10 47 58 45 26 26 6 6 6 5 5 6 42 20 8 8 1 1 1 1 0 0 0 0 0 0 0 4 4 4
7 12 19 25 33 17 22 29 95 38 9 10 31 41 6 5 5 5 6 0 0 20 8 8 1 1 1 1 24 0 0 0
7 12 19 25 33 17 22 29 95 57 9 10 47 58 6 5 5 5 6 42 0 0 20 8 8 1 1 1 1 0 0 0 4 4 4
7 12 19 25 33 17 22 29 95 57 9 10 47 58 6 5 5 5 6 42 0 0 0 20 8 8 1 1 1 1 0 0 4 4 4
7 12 19 25 33 17 22 29 95 38 9 10 31 41 6 13 27 13 6 15 14 20 8 8 1 1 1 1 24 0 0 0 0 2 2 2
7 12 19 25 33 17 22 29 95 57 9 10 47 99 48 13 13 27 21 42 15 14 15 14 20 8 8 1 1 1 1 0 0 0 4 4 4 2 2 2 2 2 2
7 12 7 36 99 17 13 18 99 59 83 9 10 18 6 77 6 18 59 99 0 99 99 99 99 73 56 99 99 73 56 0 0 3 3 1 1 1 1 0 0 0 0 3 3 24 99 16 16 64 3 3 64
7 12 7 99 99 17 99 55 99 59 83 9 10 18 6 77 6 18 59 99 0 99 99 99 99 73 56 99 99 73 56 26 6 5 5 5 6 0 3 3 1 1 1 1 0 0 0 0 3 3 24 99 16 16 64 3 3 64 0 0 0 0 0
7 12 19 25 33 17 7 99 99 30 9 10 62 21 27 13 13 48 15 14 15 14 4 4 4 1 1 1 1 0 0 0 2 2 2 2 2 2
7 12 19 25 33 17 28 99 99 30 9 10 99 32 27 13 13 91 15 14 15 14 99 4 4 4 1 1 1 1 0 0 0 2 2 2 2 2 2 8 8
7 12 19 25 33 17 28 68 99 30 9 10 99 32 27 13 13 91 15 14 15 14 99 59 4 4 4 1 1 1 1 0 0 0 2 2 2 2 2 2 3 3 3 3
7 12 19 25 33 17 7 99 99 30 9 10 99 21 23 46 23 21 15 14 15 14 15 14 4 4 4 1 1 1 1 0 0 2 2 2 2 2 2 2 2 2
7 12 19 25 33 17 28 99 99 30 9 10 40 32 23 46 23 32 15 14 15 14 15 14 99 4 4 4 1 1 1 1 0 0 2 2 2 2 2 2 2 2 2 8 8
7 12 19 25 33 17 28 68 99 30 9 10 83 32 23 46 23 32 15 14 15 14 15 14 99 59 4 4 4 1 1 1 1 0 0 2 2 2 2 2 2 2 2 2 3 3 3 3
7 12 19 25 33 17 22 29 99 9 10 99 32 27 13 13 91 15 14 15 14 59 59 20 1 1 1 1 0 0 0 2 2 2 2 2 2 3 3 3 3
7 12 19 25 33 17 22 29 99 9 10 99 32 27 13 13 91 15 14 15 14 97 99 97 20 1 1 1 1 0 0 0 2 2 2 2 2 2 3 3 16 16 3 3
7 12 19 25 33 17 7 99 99 30 9 10 99 6 5 5 5 6 4 4 4 1 1 1 1 0 0 0 0 0
7 12 19 25 33 17 7 99 99 30 9 10 99 6 5 5 5 6 0 0 4 4 4 1 1 1 1 0 0 0
7 12 19 25 33 17 28 99 99 30 9 10 40 18 5 5 5 18 99 4 4 4 1 1 1 1 0 0 0 0 0 8 8
7 12 19 25 99 17 28 99 99 9 10 26 6 5 5 5 6 99 0 1 1 1 1 0 0 0 0 4 4 4
7 12 19 25 33 17 28 99 99 9 10 40 18 5 5 5 18 99 96 1 1 1 1 0 0 0 0 0 4 4 4 8 8
7 12 19 25 33 17 28 68 99 9 10 97 80 82 82 1 1 1 1 3 3 3 3 16 16 16 16
7 12 19 25 33 17 28 68 99 9 10 80 82 72 82 97 1 1 1 1 3 3 16 16 16 16 16 16 3 3
7 12 19 25 33 17 28 68 99 9 10 97 80 82 72 72 82 1 1 1 1 3 3 3 3 16 16 16 16 16 16 16 16
7 12 19 25 33 17 28 68 99 9 10 97 82 72 72 72 72 72 72 82 80 1 1 1 1 3 3 16 16 16 16 16 16 16 16 16 16 16 16 16 16 16 16 3 3
7 12 19 25 33 17 28 99 99 9 10 59 93 99 99 58 6 5 5 5 6 1 1 1 1 3 3 8 8 3 3 0 0 0 0 0
7 12 19 25 33 17 28 99 99 9 10 30 99 40 32 23 46 23 32 0 15 14 15 14 15 14 1 1 1 1 4 4 4 8 8 0 2 2 2 2 2 2 2 2 2
7 12 19 25 33 17 22 29 99 9 10 83 32 23 46 23 32 0 15 14 15 14 15 14 59 59 20 1 1 1 1 0 2 2 2 2 2 2 2 2 2 3 3 3 3
7 12 19 25 33 17 22 29 95 9 10 41 21 23 46 23 21 0 15 14 15 14 15 14 38 31 20 1 1 1 1 0 2 2 2 2 2 2 2 2 2 8 8 24
7 12 19 25 33 17 22 29 95 38 9 10 31 20 41 21 23 46 23 21 15 14 15 14 15 14 8 8 1 1 1 1 24 0 0 2 2 2 2 2 2 2 2 2
7 12 19 25 33 17 22 29 95 38 9 10 31 20 99 48 13 13 27 21 15 14 15 14 8 8 1 1 1 1 24 0 0 0 2 2 2 2 2 2
7 12 19 25 33 17 22 29 95 57 9 10 47 20 58 21 23 46 23 21 15 14 15 14 15 14 42 8 8 1 1 1 1 0 0 2 2 2 2 2 2 2 2 2 4 4 4
7 12 19 25 33 17 22 29 95 57 9 10 47 20 99 48 13 13 27 21 15 14 15 14 42 8 8 1 1 1 1 0 0 0 2 2 2 2 2 2 4 4 4
7 12 19 25 33 17 22 29 95 38 9 10 31 20 41 6 6 26 6 6 0 0 26 6 5 5 6 8 8 1 1 1 1 24 0 0 0 0 0 0
7 12 7 36 99 17 13 6 86 26 9 10 6 5 5 5 6 0 0 1 1 1 1 0 0 0 0 0
7 12 7 36 99 17 13 6 86 26 9 10 6 5 5 5 6 0 0 0 1 1 1 1 0 0 0 0
7 12 7 36 99 17 13 6 86 26 9 10 6 5 5 5 6 0 0 0 0 1 1 1 1 0 0 0
7 12 7 36 99 17 13 6 86 26 9 10 21 23 46 23 21 15 14 15 14 15 14 0 0 1 1 1 1 0 0 2 2 2 2 2 2 2 2 2
7 12 19 25 33 17 22 29 95 38 9 10 31 99 86 26 6 5 6 45 26 26 45 6 5 5 6 20 8 8 1 1 1 1 24 0 0 0 0 0 0 0 0 0
7 12 19 25 33 17 22 29 95 38 9 10 31 41 45 26 26 6 6 45 26 26 45 6 5 5 6 20 8 8 1 1 1 1 24 0 0 0 0 0 0 0 0 0
7 12 19 25 33 17 22 29 95 38 9 10 31 99 99 99 6 5 6 96 99 99 18 5 5 6 20 8 8 1 1 1 1 24 0 0 0 8 8 0 0 0 0
7 12 19 25 33 17 22 29 95 38 9 10 31 55 99 99 6 6 41 96 99 99 18 5 5 6 20 8 8 1 1 1 1 24 0 0 0 8 8 0 0 0 0
7 12 19 25 33 17 22 29 95 38 9 10 31 21 36 99 21 48 99 66 36 99 13 5 5 6 15 14 20 8 8 1 1 1 1 24 0 0 0 0 0 0 2 2 2
7 12 19 25 33 17 22 29 95 38 9 10 31 6 99 86 45 41 6 99 99 86 6 5 5 6 99 44 20 8 8 1 1 1 1 24 0 0 0 0 0 0 0 3 3 11 11 11
7 12 19 25 33 17 22 29 95 38 9 10 31 55 99 99 6 6 41 99 99 99 18 5 5 6 99 20 8 8 1 1 1 1 24 0 0 0 99 0 0 0 0 99
7 12 19 25 33 17 22 29 95 38 9 10 31 45 26 86 6 6 41 45 26 86 6 5 5 6 0 20 8 8 1 1 1 1 24 0 0 0 0 0 0 0
7 12 19 25 33 17 22 29 95 38 9 10 31 6 26 99 99 6 5 45 26 86 6 5 5 6 0 20 8 8 1 1 1 1 24 0 0 0 0 0 0 0
7 12 19 25 33 17 22 29 95 57 9 10 47 21 36 99 21 48 99 66 36 99 13 5 5 6 15 14 42 20 8 8 1 1 1 1 0 0 0 0 0 0 2 2 2 4 4 4
7 12 19 25 33 17 22 29 95 57 9 10 47 6 99 86 45 58 6 99 99 86 6 5 5 6 99 44 42 20 8 8 1 1 1 1 0 0 0 0 0 0 0 3 3 11 11 11 4 4 4
7 12 19 25 33 17 22 29 99 87 9 10 75 48 99 6 5 5 13 26 6 5 5 5 6 20 37 37 1 1 1 1 0 0 0 0 0 0 0 0 0
7 12 19 25 33 17 22 29 99 87 9 10 75 27 21 26 6 5 13 26 6 5 5 5 6 20 37 37 1 1 1 1 0 0 0 0 0 0 0 0 0
7 12 19 25 33 17 22 29 99 87 9 10 75 27 13 6 26 6 13 26 6 5 5 5 6 20 37 37 1 1 1 1 0 0 0 0 0 0 0 0 0
7 12 19 25 33 17 22 29 99 87 9 10 75 27 65 99 13 5 13 99 13 5 5 5 13 66 20 37 37 1 1 1 1 0 0 0 0 0 0 0 0 0
7 12 19 25 33 17 22 29 99 87 9 10 75 23 49 13 5 5 13 99 13 5 5 5 13 66 20 37 37 1 1 1 1 0 0 0 0 0 0 0 0 0
7 12 19 25 33 17 22 29 99 87 9 10 75 27 13 13 99 13 13 99 13 5 5 5 13 66 20 37 37 1 1 1 1 0 0 0 0 0 0 0 0 0
13 99 66 36 62 6 32 99 99 66 0 9 99 30 13 5 5 5 13 0 0 0 1 1 4 4 4 0 0 0 0
13 99 66 36 62 6 32 99 99 66 0 9 99 30 13 5 5 5 13 0 0 0 0 1 1 4 4 4 0 0 0
13 99 66 36 62 6 32 99 99 66 0 9 99 30 13 6 99 6 13 99 1 1 0 0 1 1 4 4 4 0 0 0 0
13 99 66 36 62 6 32 99 99 66 0 9 99 30 13 13 23 23 65 15 14 15 14 0 0 1 1 4 4 4 0 0 0 2 2 2 2 2 2
13 99 66 36 99 6 32 99 99 0 9 99 30 48 13 13 27 21 38 31 15 14 15 14 0 0 1 1 4 4 4 0 0 0 8 8 24 2 2 2 2 2 2
13 99 66 36 99 6 32 99 99 0 9 41 30 21 27 65 27 21 38 31 15 14 15 14 0 0 1 1 4 4 4 0 0 0 8 8 24 2 2 2 2 2 2
13 99 66 36 99 6 32 99 99 0 9 99 30 48 65 27 13 6 38 31 15 14 15 14 0 0 1 1 4 4 4 0 0 0 8 8 24 2 2 2 2 2 2
13 99 66 36 99 6 32 99 99 0 9 41 30 21 23 46 23 21 38 31 15 14 15 14 15 14 0 0 1 1 4 4 4 0 0 8 8 24 2 2 2 2 2 2 2 2 2
13 99 66 36 99 6 32 99 99 0 9 41 30 6 5 5 5 6 38 31 0 0 0 0 1 1 4 4 4 0 0 0 8 8 24
13 99 66 36 99 6 32 99 99 0 9 41 30 6 5 5 5 6 38 31 0 0 0 0 1 1 4 4 4 0 0 0 8 8 24
13 99 66 36 99 6 32 99 99 0 9 41 30 6 5 5 5 6 38 31 0 0 0 0 1 1 4 4 4 0 0 0 8 8 24
13 99 66 36 99 6 32 99 99 0 9 41 30 6 5 5 5 6 38 31 0 0 0 1 1 4 4 4 0 0 0 0 8 8 24
13 99 66 36 99 6 32 99 99 0 9 99 30 48 13 13 27 21 57 47 15 14 15 14 42 0 0 1 1 4 4 4 0 0 0 8 8 2 2 2 2 2 2 4 4 4
13 99 66 36 99 6 32 99 99 0 9 58 30 21 27 65 27 21 57 47 15 14 15 14 42 0 0 1 1 4 4 4 0 0 0 8 8 2 2 2 2 2 2 4 4 4
13 99 66 36 99 6 32 99 99 0 9 58 30 21 23 46 23 21 57 47 15 14 15 14 15 14 42 0 0 1 1 4 4 4 0 0 8 8 2 2 2 2 2 2 2 2 2 4 4 4
7 12 7 49 52 34 65 36 66 9 10 99 6 5 5 5 6 0 1 1 1 1 0 0 0 0 0
7 12 7 49 52 34 65 36 66 9 10 99 21 23 46 23 21 15 14 15 14 15 14 0 1 1 1 1 0 0 2 2 2 2 2 2 2 2 2
7 12 7 49 52 34 65 36 66 9 10 62 6 13 23 46 99 15 14 15 14 15 14 0 1 1 1 1 0 0 2 2 2 2 2 2 2 2 2
7 12 7 49 52 34 65 36 66 9 10 99 48 65 27 65 48 15 14 15 14 15 14 0 1 1 1 1 0 0 2 2 2 2 2 2 2 2 2
7 12 7 49 52 34 65 36 66 9 10 62 21 23 23 65 48 15 14 15 14 15 14 0 1 1 1 1 0 0 2 2 2 2 2 2 2 2 2
7 12 7 49 52 34 65 36 66 9 10 62 21 27 13 13 48 15 14 15 14 0 1 1 1 1 0 0 0 2 2 2 2 2 2
7 12 7 49 52 34 65 36 66 9 10 99 21 27 65 27 21 15 14 15 14 0 1 1 1 1 0 0 0 2 2 2 2 2 2
7 12 7 49 52 34 65 36 66 9 10 99 6 13 23 23 21 15 14 15 14 0 1 1 1 1 0 0 0 2 2 2 2 2 2
7 12 7 49 52 34 65 36 66 9 10 62 6 13 27 65 48 15 14 15 14 0 1 1 1 1 0 0 0 2 2 2 2 2 2
7 12 7 49 52 34 65 36 66 9 10 99 6 5 5 5 6 0 0 0 1 1 1 1 0 0 0
7 12 7 49 52 34 65 36 66 9 10 99 6 5 5 5 6 0 0 0 1 1 1 1 0 0 0
7 12 7 49 52 34 65 36 66 9 10 99 21 23 99 23 21 15 14 99 15 14 0 1 1 1 1 0 0 2 2 2 64 2 2 2
7 12 7 49 52 34 65 36 66 9 10 99 21 23 23 21 99 15 14 15 14 99 1 1 0 1 1 1 1 0 0 2 2 2 2 2 2
7 12 7 49 52 34 65 36 66 9 10 99 6 6 26 6 6 26 6 5 5 5 6 0 1 1 1 1 0 0 0 0 0 0 0 0 0
7 12 7 49 52 34 65 36 66 9 10 99 99 99 99 99 99 0 1 1 1 1 0 20 20 0
7 12 7 49 52 34 65 36 66 9 10 99 6 6 26 26 45 6 5 5 6 0 1 1 1 1 0 0 0 0 0 0 0
7 12 7 49 52 34 65 36 66 9 10 99 6 13 48 99 86 6 5 5 6 15 14 0 1 1 1 1 0 0 0 0 0 0 2 2 2
99 99 28 25 19 12 7 17 69 99 99 99 99 99 99 99 99 99 99 99 99 99 9 10 0 99 99 24 0 0 24 99 99 24 0 0 24 99 1 1 1 1
7 12 7 49 52 34 99 78 39 9 10 40 18 5 5 5 18 99 0 1 1 1 1 0 0 0 0 0 8 8
7 12 7 49 52 34 99 78 39 9 10 41 21 23 46 23 21 89 31 15 14 15 14 15 14 0 1 1 1 1 0 0 8 8 24 2 2 2 2 2 2 2 2 2
7 12 7 49 52 34 99 78 39 9 10 99 21 27 13 13 48 89 31 15 14 15 14 0 1 1 1 1 0 0 0 8 8 24 2 2 2 2 2 2
7 12 7 49 52 34 99 99 39 9 10 27 13 6 26 26 21 99 75 6 5 5 6 0 1 1 1 1 0 0 0 37 37 0 0 0 0
7 12 28 68 99 43 80 99 99 99 83 9 10 32 23 46 23 32 15 14 15 14 15 14 3 3 16 16 99 3 3 1 1 1 1 0 0 2 2 2 2 2 2 2 2 2
7 12 28 68 99 43 80 99 99 83 9 10 32 23 46 23 32 15 14 15 14 15 14 99 97 3 3 16 16 99 1 1 1 1 0 0 2 2 2 2 2 2 2 2 2 16 16 3 3
7 12 28 68 99 43 80 99 99 83 9 10 32 23 46 23 32 15 14 15 14 15 14 97 99 82 3 3 16 16 99 1 1 1 1 0 0 2 2 2 2 2 2 2 2 2 3 3 16 16 16 16
7 12 22 29 99 43 96 40 32 48 99 48 32 9 10 15 14 26 15 14 6 5 5 6 20 8 8 0 0 1 1 1 1 2 2 2 2 2 2 0 0 0 0
7 12 22 29 99 43 96 40 32 48 99 48 32 9 10 15 14 99 15 14 99 82 82 99 20 8 8 0 0 1 1 1 1 2 2 2 2 2 2 3 3 16 16 16 16 3 3
7 12 22 29 99 43 96 40 18 6 26 6 18 9 10 0 26 0 6 5 5 6 20 8 8 0 0 1 1 1 1 0 0 0 0
7 12 22 29 99 43 96 40 32 48 99 48 32 9 10 15 14 26 15 14 6 5 5 6 20 8 8 0 0 1 1 1 1 2 2 2 2 2 2 0 0 0 0
7 12 22 29 99 43 96 40 55 99 99 23 32 9 10 15 14 26 6 5 5 6 15 14 20 8 8 0 0 1 1 1 1 2 2 2 0 0 0 0 2 2 2
7 12 22 29 99 43 96 40 55 99 99 99 55 9 10 99 99 99 18 18 99 30 99 18 18 99 30 30 30 30 20 8 8 0 0 1 1 1 1 0 0 4 4 4 0 0 4 4 4 4 4 4 4 4 4 4 4 4
7 12 22 29 99 43 96 40 55 99 99 99 55 9 10 26 26 6 5 5 6 6 5 5 6 15 14 20 8 8 0 0 1 1 1 1 0 0 0 0 0 0 0 0 2 2 2
7 12 22 29 99 43 96 40 32 48 99 48 32 9 10 15 14 26 75 87 6 5 5 6 99 18 5 5 5 18 20 8 8 0 0 1 1 1 1 2 2 2 37 37 0 0 0 0 0 0 0 0 0
7 12 22 29 99 43 96 40 32 48 99 48 32 9 10 98 99 26 98 99 6 5 5 6 99 99 20 8 8 0 0 1 1 1 1 35 35 35 35 0 0 0 0 11 11 11 11 11 11
7 12 22 29 99 43 96 40 32 23 46 23 32 9 10 15 14 15 14 0 15 14 20 8 8 0 1 1 1 1 2 2 2 2 2 2 2 2 2
7 12 22 29 99 43 96 99 32 23 46 99 99 9 10 75 15 14 99 15 14 99 99 20 8 8 0 1 1 1 1 2 2 2 0 2 2 2 37 37 24
7 12 22 29 99 43 96 40 32 23 46 23 32 9 10 15 14 15 14 15 14 20 8 8 0 0 1 1 1 1 2 2 2 2 2 2 2 2 2
7 12 22 29 99 43 96 99 32 27 13 13 91 9 10 98 99 99 72 99 99 15 14 20 8 8 0 0 0 1 1 1 1 35 35 16 16 16 16 16 16 11 11 11 2 2 2
7 12 22 29 99 43 96 99 32 27 13 13 91 9 10 98 99 99 72 72 99 15 14 99 20 8 8 0 0 0 1 1 1 1 35 35 16 16 16 16 16 16 16 16 2 2 2 11 11 11
7 12 22 29 99 43 96 99 32 27 13 13 91 9 10 98 99 99 72 72 72 15 14 99 99 20 8 8 0 0 0 1 1 1 1 35 35 16 16 16 16 16 16 16 16 2 2 2 16 16 11 11 11
7 12 22 29 99 43 96 99 32 27 13 13 91 9 10 98 99 99 72 72 72 15 14 72 99 99 20 8 8 0 0 0 1 1 1 1 35 35 16 16 16 16 16 16 16 16 2 2 2 16 16 16 16 11 11 11
7 12 22 29 99 43 96 99 32 27 13 13 91 9 10 98 99 99 72 72 72 15 14 72 72 99 99 20 8 8 0 0 0 1 1 1 1 35 35 16 16 16 16 16 16 16 16 2 2 2 16 16 16 16 16 16 11 11 11
7 12 22 29 99 43 96 99 32 27 13 13 91 9 10 98 99 99 82 99 15 14 99 56 73 20 8 8 0 0 0 1 1 1 1 35 35 16 16 16 16 3 3 2 2 2 64
7 12 22 29 99 43 96 99 32 27 13 13 91 9 10 98 72 82 99 15 14 99 56 73 72 99 99 20 8 8 0 0 0 1 1 1 1 16 16 16 16 3 3 2 2 2 64 16 16 35 35 16 16
7 12 22 29 99 43 96 99 32 27 13 13 91 9 10 98 72 82 99 15 14 99 56 73 99 99 20 8 8 0 0 0 1 1 1 1 16 16 16 16 3 3 2 2 2 64 35 35 16 16
7 12 22 29 99 43 96 99 32 27 13 13 91 9 10 98 72 82 99 15 14 99 56 73 72 99 72 99 20 8 8 0 0 0 1 1 1 1 16 16 16 16 3 3 2 2 2 64 16 16 35 35 16 16 16 16
7 12 22 29 99 43 96 99 32 27 13 13 91 9 10 98 72 82 99 15 14 99 56 73 72 72 72 99 99 20 8 8 0 0 0 1 1 1 1 16 16 16 16 3 3 2 2 2 64 16 16 16 16 16 16 35 35 16 16
7 12 22 29 99 43 96 99 32 27 13 13 91 9 10 98 99 99 99 15 14 99 56 73 20 8 8 0 0 0 1 1 1 1 35 35 16 16 3 3 2 2 2 64
7 12 22 29 99 43 96 40 32 27 65 27 32 9 10 15 14 0 75 99 24 99 99 20 8 8 0 0 1 1 1 1 2 2 2 1 1 37 37
18 13 36 99 99 59 99 99 57 99 12 7 17 7 0 58 21 23 46 23 21 15 14 15 14 15 14 10 9 0 3 3 3 3 8 8 0 0 2 2 2 2 2 2 2 2 2 1 1 1 1
99 22 25 33 99 59 59 99 55 99 12 19 17 7 20 85 21 23 46 23 21 15 14 15 14 15 14 10 9 3 3 3 3 0 0 0 2 2 2 2 2 2 2 2 2 1 1 1 1
99 22 25 99 86 6 6 26 45 99 12 19 17 7 20 26 21 23 46 23 21 15 14 15 14 15 14 10 9 0 0 0 0 0 2 2 2 2 2 2 2 2 2 1 1 1 1
29 22 25 33 99 59 99 99 57 63 12 19 17 7 58 21 23 46 23 21 15 14 15 14 15 14 10 9 20 3 3 3 3 8 8 0 0 2 2 2 2 2 2 2 2 2 1 1 1 1
29 22 25 99 99 6 18 99 96 95 12 19 17 7 85 21 23 46 23 21 15 14 15 14 15 14 10 9 20 0 0 8 8 0 0 2 2 2 2 2 2 2 2 2 1 1 1 1
99 99 99 99 99 99 99 99 99 99 12 7 43 7 58 21 23 46 23 21 15 14 15 14 15 14 10 9 3 3 24 99 16 16 3 3 3 3 81 0 0 2 2 2 2 2 2 2 2 2 1 1 1 1
7 12 19 25 69 17 7 99 99 45 9 10 6 99 26 6 21 27 13 6 15 14 0 1 1 1 1 0 0 0 0 0 2 2 2
18 13 36 99 99 88 99 88 99 12 7 17 7 0 40 32 23 46 23 32 15 14 15 14 15 14 10 9 88 0 8 8 8 8 0 0 2 2 2 2 2 2 2 2 2 1 1 1 1 8 8
99 22 25 33 99 57 99 99 99 12 19 17 7 20 40 32 23 46 23 32 15 14 15 14 15 14 10 9 57 8 8 0 0 0 2 2 2 2 2 2 2 2 2 1 1 1 1 8 8
29 22 25 33 99 88 99 88 63 12 19 17 7 40 32 23 46 23 32 15 14 15 14 15 14 10 9 88 20 8 8 8 8 0 0 2 2 2 2 2 2 2 2 2 1 1 1 1 8 8
7 12 7 36 99 17 13 18 99 99 9 10 0 88 99 88 88 40 32 23 46 23 32 15 14 15 14 15 14 0 1 1 1 1 8 8 8 8 8 8 0 0 2 2 2 2 2 2 2 2 2
7 12 19 25 33 17 22 99 99 99 9 10 20 99 99 57 57 40 32 23 46 23 32 15 14 15 14 15 14 1 1 1 1 0 8 8 8 8 0 0 2 2 2 2 2 2 2 2 2
7 12 19 25 33 17 22 29 63 99 9 10 88 99 88 88 40 32 23 46 23 32 15 14 15 14 15 14 20 1 1 1 1 8 8 8 8 8 8 0 0 2 2 2 2 2 2 2 2 2
7 12 28 99 92 43 99 99 99 74 9 10 99 99 99 16 16 81 3 3 1 1 1 1 16 16 16 16
7 12 28 99 99 43 99 99 99 99 9 10 99 99 16 16 16 16 99 1 1 1 1 16 16
7 12 28 99 92 43 99 99 99 74 9 10 99 99 99 99 81 3 3 1 1 1 1 16 16 11 11 11 11 11 11
7 12 28 99 99 17 99 99 99 99 9 10 99 99 99 16 16 3 3 1 1 1 1 3 3 16 16
7 12 28 68 99 43 99 99 99 99 9 10 99 99 99 99 3 3 81 16 16 99 1 1 1 1 3 3 3 3
7 12 7 99 99 43 9 10 99 99 57 42 38 99 99 99 44 1 1 1 1 8 8 4 4 4 8 8 24 24 3 3 11 11 11
7 12 7 99 99 43 99 53 99 59 9 10 99 99 99 3 3 3 3 1 1 1 1 0 20
7 12 7 99 99 43 9 10 99 99 96 6 5 5 18 1 1 1 1 8 8 0 0 0 0
7 12 19 25 69 17 28 53 99 45 9 10 99 99 59 99 18 5 5 6 0 1 1 1 1 3 3 3 3 0 0 0 0
7 12 19 25 69 17 28 53 99 45 9 10 99 99 59 99 18 13 27 21 15 14 0 1 1 1 1 3 3 3 3 0 0 0 2 2 2
7 12 19 25 69 17 28 53 99 45 9 10 99 99 59 99 32 27 13 6 15 14 0 1 1 1 1 3 3 3 3 0 0 0 2 2 2
7 12 19 25 69 17 7 36 99 45 9 10 86 13 6 26 6 5 5 6 0 1 1 1 1 0 0 0 0 0 0
7 12 19 25 69 17 7 36 99 45 9 10 86 13 6 26 6 13 27 21 15 14 0 1 1 1 1 0 0 0 0 0 2 2 2
7 12 19 25 69 17 7 99 99 55 9 10 59 99 99 59 6 5 5 18 0 1 1 1 1 3 3 3 3 0 0 0 0
7 12 19 25 69 17 7 99 99 55 9 10 59 99 99 59 21 27 13 18 15 14 0 1 1 1 1 3 3 3 3 0 0 0 2 2 2
7 12 19 25 69 17 7 99 99 55 9 10 59 99 99 59 6 5 13 91 15 14 0 1 1 1 1 3 3 3 3 0 0 0 2 2 2
7 12 19 25 69 17 7 99 99 55 9 10 59 99 99 59 6 13 27 32 15 14 0 1 1 1 1 3 3 3 3 0 0 0 2 2 2
7 12 19 25 69 17 7 99 99 45 9 10 6 99 26 6 6 5 5 6 0 1 1 1 1 0 0 0 0 0 0
7 12 28 78 99 99 18 99 99 46 23 13 9 10 15 14 15 14 99 15 14 0 0 0 1 1 1 1 2 2 2 2 2 2 8 8 2 2 2