56 56 56 56 56 56 56 56 56 56 56 56 83 83 83 83 83 83 83 83 83 83 83 83 83 83 83 83 83 83
56 56 56 56 56 56 56 56 56 56 56 56 83 83 83 83 83 83 83 83 83 83 83 83 83 83 83 83 83 83
56 56 56 56 56 56 56 56 56 56 56 56 83 83 83 83 83 83 83 83 83 83 83 83 83 83 83
56 56 56 56 56 56 56 56 56 56 56 56 83 83 83 83 83 83 83 83 83 83 83 83 83 83 83 83 83 83 83 83 83 83
56 56 56 56 56 56 56 56 56 56 56 56 83 83 83 83 83 56 56 56 56 56 56 83 83 83 83 83 83 83 83 83 83 83 83 83 83 83 83 83
56 56 56 56 56 56 56 56 56 56 56 56 83 83 83 83 83 83 83 56 56 56 56 56 56 83 83 83 83 83 83 83 83 83 83 83 83 83 83 83 83
56 56 56 56 56 56 56 56 56 56 56 56 83 83 83 83 83 56 56 56 56 56 56 83 83 83 83 83 83 83 83 83 83 83 83 83 83 83
56 56 56 56 56 56 56 56 56 56 56 56 83 83 83 83 83 46 46 46 46 61 61 9 9 9 9 83 83 83 83 83 83 83 83 83 83 83 83 83 83 83 83 83
56 56 56 56 56 56 56 56 56 56 56 56 83 83 83 83 83 46 46 46 46 61 61 9 9 9 9 83 83 83 83 83 83 83 83 83 83 83 83 83 83 83 83 83
56 56 56 56 56 56 56 56 56 56 56 56 83 83 83 83 83 83 83 83 83 83 83 83 83 83 83 83
56 56 56 56 56 56 56 56 56 56 56 56 83 83 83 83 83 83 83 83 83 83 83 83 83 83 83
56 56 56 56 56 56 56 56 56 56 56 56 83 83 83 83 83 56 56 56 56 56 56 83 83 83 83 83 83 83 83 83 83 83 83 83 83 83 83 83 83
56 56 56 56 56 56 56 56 56 56 56 56 83 83 83 83 83 83 83 83 83 83 83 83 83 83 83 83 83 83 83 83
56 56 56 56 56 56 56 56 56 56 56 56 83 83 83 83 83 83 83 83 83 83 83 83 83 83 83 83 83 83 83 83
56 56 56 56 56 56 56 56 56 56 56 56 83 83 56 83 83 83 83 83 56 56 56 56 56 83 83 83 83 83 83 83 83 83 83 83 83 83 83 83 83 83 83 83 83 83 83
56 56 56 56 56 56 56 56 56 56 56 56 83 83 83 83 83 83 83 83 83 83 83 83 83 83 83 83 83 83 83
56 56 56 56 56 56 56 56 56 56 56 56 83 83 83 83 83 83 83 83 83 83 83 83 83 83 83 83 83 83 83 83 83 83 83 83 83 83 83 83
56 56 56 56 56 56 56 56 56 56 56 56 83 83 83 83 83 83 83 83 83 83 83 83 83 83 83 83 83 83 83 83 83 83 83 83 83 83 83 83 83
56 56 56 56 56 56 56 56 56 56 56 56 83 83 56 83 83 56 56 56 56 56 83 83 83 83 83 83 83 83 83 83 83 83 83 83 83 83 83 83 83 83 83 83 83
56 56 56 56 56 56 56 56 56 56 56 56 83 83 83 83 83 83 83 56 56 56 56 56 56 83 83 83 83 83 83 83 83 83 83 83 83 83 83 83 83 83 83 83 83 83 83 83 83 83
56 56 56 56 56 56 56 56 56 56 56 56 83 83 83 83 83 83 83 56 56 56 56 56 56 83 83 83 83 83 83 83 83 83 83 83 83 83 83 83 83 83 83 83 83 83 83 83 83 83
56 56 56 56 56 56 56 56 56 56 56 56 83 83 83 83 83 83 56 56 56 56 56 56 83 83 83 83 83 83 83 83 83 83 83 83 83 83 83 83 83 83 83 83 83 83 83 83 83 83 83 83 83
56 56 56 56 56 56 56 56 56 56 56 56 83 83 83 83 83 83 83 83 56 56 56 56 56 56 83 83 83 83 83 83 83 83 83 83 83 83 83 83 83 83 83 83 83
56 56 56 56 56 56 56 56 56 56 56 56 83 83 83 83 83 83 83 83 83 83 83 83 83 83 83 83 83 83 83 83 83 83 83 83 83 83 83 83 83 83
56 56 56 56 56 56 56 56 56 56 56 56 83 83 83 83 83 83 83 83 83 56 83 83 83 83 83 56 56 56 56 56 83 83 83 83 83 83 83 83 83 83 83 83 83 83 83 83 83 83 83 83 83 83 83 83 83 83 83
56 56 56 56 56 56 56 56 56 56 56 56 83 83 83 83 83 40 40 40 40 40 83 56 56 56 56 56 56 83 83 83 83 83 83 83 83 83 83 83 83 83 83 83 83 83 83 83 83
56 56 56 56 56 56 56 56 56 56 56 56 83 83 83 83 83 40 40 40 40 40 56 56 56 56 56 56 83 83 83 83 83 83 83 83 83 83 83 83 83 83 83 83 83 83
56 56 56 56 56 56 56 56 56 56 56 56 83 83 83 83 83 40 40 40 40 40 83 83 83 83 83 83 83 83 83 83 83 83 83 83
56 56 56 56 56 56 56 56 56 56 56 56 83 83 83 83 83 40 40 40 40 40 83 56 56 56 56 56 56 83 83 83 83 83 83 83 83 83 83 83 83 83 83 83 83 83 83 83 83 83 83 83
56 56 56 56 56 56 56 56 56 56 56 56 83 83 83 83 83 83 83 83 56 56 56 56 56 56 83 83 83 83 83 83 83 83 83 83 83 83 83 83 83 83 83 83
56 56 56 56 56 56 56 56 56 56 56 56 83 83 83 83 83 83 83 83 56 56 56 56 56 56 83 83 83 83 83 83 83 83 83 83 83 83 83 83 83 83 83 83 83 83 83 83 83 83 83 83 83 83 83 83
56 56 56 56 56 56 56 56 56 56 56 56 83 83 83 83 83 83 83 56 56 56 56 56 56 83 83 83 83 83 83 83 83 83 83 83 83 83 83 83 83 83 83 83 83
56 56 56 56 56 56 56 56 56 56 56 56 83 83 83 83 83 83 83 56 56 56 56 56 56 83 83 83 83 83 83 83 83 83 83 83 83 83 83 83 83 83 83 83 83 83 83 83 83 83 83 83 83 83 83 83 83 83 83 83
56 56 56 56 56 56 56 56 56 56 56 56 83 83 83 83 83 83 56 56 56 56 56 56 83 83 83 83 83 83 83 83 83 83 83 83 83 83 83 83 83 83 83 83 83 83 83
56 56 56 56 56 56 56 56 56 56 56 56 83 83 83 83 83 83 56 56 56 56 56 56 83 83 83 83 83 83 83 83 83 83 83 83 83 83 83 83 83 83 83 83 83 83 83 83 83 83
56 56 56 56 56 56 56 56 56 56 56 56 83 83 83 83 83 83 83 83 83 83 83 83 83 83 83 83 83 83 83 83
56 56 56 56 56 56 56 56 56 56 56 56 83 83 83 83 83 83 56 56 56 56 56 56 83 83 83 83 83 83 83 83 83 83 83 83 83 83 83 83 83 83 83 83 83 83 83 83 83 83
56 56 56 56 56 56 56 56 56 56 56 56 83 83 83 83 83 83 56 56 56 56 56 56 83 83 83 83 83 83 83 83 83 83 83 83 83 83 83 83 83 83 83 83 83 83 83 83 83 83 83 83 83
56 56 56 56 56 56 56 56 56 56 56 56 83 83 83 83 83 83 56 56 56 56 56 56 83 83 83 83 83 83 83 83 83 83 83 83 83 83 83 83 83 83 83 83 83 83 83 83 83 83 83 83 83 83 83 83 83
56 56 56 56 56 56 56 56 56 56 56 56 83 83 83 83 83 83 56 56 56 56 56 56 83 83 83 40 83 40 40 40 40 83 83 83 83 83 83 83 83 83 83 83 83 83 83 83 83 83 83 83 83 83 83 83 83 83 83 83 83 83 83 83
56 56 56 56 56 56 56 56 56 56 56 56 83 83 83 83 83 83 56 56 56 56 56 56 83 83 83 40 40 40 40 40 83 83 83 83 83 83 83 83 83 83 83 83 83 83 83 83 83 83 83 83 83 83 83 83
56 56 56 56 56 56 56 56 56 56 56 56 83 83 83 83 83 83 56 56 56 56 56 56 83 83 83 83 83 83 83 83 83 83 83 83 83 83 83 83 83 83 83 83 83 83 83 83 83 83 83
56 56 56 56 56 56 56 56 56 56 56 56 83 83 83 83 83 83 56 56 56 56 56 56 83 83 83 83 83 83 83 83 83 83 83 83 83 83 83 83 83 83 83 83 83 83 83 83 83 83 83 83 83 83
56 56 56 56 56 56 56 56 56 56 56 56 83 83 83 83 83 83 56 56 56 56 56 56 83 83 83 83 83 56 56 56 56 56 56 83 83 83 83 83 83 83 83 83 83 83 83 83 83 83 83 83 83 83 83 83 83 83 83 83 83 83 83 83
56 56 56 56 56 56 56 56 56 56 56 56 83 83 83 83 83 83 56 56 56 56 56 56 83 83 83 83 83 83 83 83 83 83 83 83 83 83 83 83 83 83 83 83 83 83 83 83 83 83 83 83 83 83 83 83 83
56 56 56 56 56 56 56 56 56 56 56 56 83 83 83 83 83 83 83 83 83 83 83 83 83 83 83 83 83 83 83 83 83 83 83 83 83 83 83 83
56 56 56 56 56 56 56 56 56 56 56 56 83 83 83 83 83 83 83 83 83 83 83 83 83 83 83 83 83 83 83 83 83 83 83 83 83 83 83 83 83
56 56 56 56 56 56 56 56 56 56 56 56 83 83 83 83 83 83 83 83 83 83 83 83 83 83 83 83 83 83 83 83 83 83 83 83 83
56 56 56 56 56 56 56 56 56 56 56 56 83 83 83 83 83 83 83 83 83 83 83 83 83 83 83 83 83 83 83 83 83 83 83 83 83 83 83 83 83 83 83
56 56 56 56 56 56 56 56 56 56 56 56 83 83 83 83 83 83 83 83 83 83 83 83 83 83 83 83 83 83 83 83 83 83 83 83 83 83 83 83 83 83 83 83 83 83
56 56 56 56 56 56 56 56 56 56 56 56 83 83 83 83 83 83 83 83 83 83 56 56 56 56 56 56 83 83 83 83 83 83 83 83 83 83 83 83 83 83 83 83 83 83 83 83 83 83
56 56 56 56 56 56 56 56 56 56 56 56 83 83 83 83 83 83 83 83 83 83 83 83 83 83 83 83 83 83 83 83 83 83 83 83 83 83 83 83 83 83 83 83 83 83 83 83 83 83 83 83 83 83 83 83 83
56 56 56 56 56 56 56 56 56 56 56 56 83 83 83 83 83 83 83 83 83 83 83 83 83 83 83 83 83 83 83 83 83 83 83 83 83 83 83 83 83 83 83 83 83 83
56 56 56 56 56 56 56 56 56 56 56 56 83 83 83 83 83 83 83 83 83 83 83 83 83 83 83 83 83 83 83 83 83 83 83 83 83 83 83 83 83 83 83 83 83 83 83 83 83 83 83 83 83 83 83 83 83 83
56 56 56 56 56 56 56 56 56 56 56 56 83 83 83 83 83 83 83 40 40 40 40 40 83 83 83 83 83 83 83 83 83 83 83 83 83 83 83 83 83 83 83 83
56 56 56 56 56 56 56 56 56 56 56 56 83 83 83 83 83 83 83 56 56 56 56 56 56 83 83 83 83 83 83 83 83 83 83 83 83 83 83 83 83 83 83 83 83 83 83
56 56 56 56 56 56 56 56 56 56 56 56 83 83 83 83 83 83 83 56 56 56 56 56 56 83 83 83 83 83 83 83 83 83 83 83 83 83 83 83 83 83 83 83 83 83 83 83 83
56 56 56 56 56 56 56 56 56 56 56 56 83 83 83 83 83 83 83 56 56 56 56 56 56 83 83 83 83 83 83 83 83 83 83 83 83 83 83 83 83 83 83 83 83 83 83 83
56 56 56 56 56 56 56 56 56 56 56 56 83 83 83 83 83 83 83 56 56 56 56 56 56 83 83 83 83 83 83 83 83 83 83 83 83 83 83 83 83 83 83 83 83
56 56 56 56 56 56 56 56 56 56 56 56 83 83 83 83 83 83 83 83 83 83 83 83 83 83 83 83 83 83 83 83 83 83 83 83 83 83 83 83 83 83 83 83
56 56 56 56 56 56 56 56 56 56 56 56 83 83 83 83 83 83 83 83 83 83 83 83 83 83 83 83 83 83 83 83 83 83 83 83 83 83 83 83 83 83 83 83 83 83 83
56 56 56 56 56 56 56 56 56 56 56 56 83 83 83 83 83 83 83 83 83 83 83 83 83 83 83 83 83 83 83 83 83 83 83 83 83 83 83 83 83 83 83 83 83 83 83 83 83 83
56 56 56 56 56 56 56 56 56 56 56 56 83 83 83 83 83 83 83 83 83 83 83 83 83 83 83 83 83 83 83 83 83 83 83 83 83 83 83 83 83 83 83 83 83 83 83 83 83 83 83 83 83
56 56 56 56 56 56 56 56 56 56 56 56 83 83 83 83 83 83 83 83 83 83 83 83 56 56 56 56 56 56 83 83 83 83 83 83 83 83 83 83 83 83 83 83 83 83 83 83 83 83 83 83 83 83
56 56 56 56 56 56 56 56 56 56 56 56 83 83 83 83 83 83 83 83 83 83 83 83 83 83 83 83 83 83 83 83 83 83 83 83 83 83 83 83 83 83 83 83 83 83 83 83
56 56 56 56 56 56 56 56 56 56 56 56 83 83 83 83 83 83 83 83 83 83 83 83 83 83 83 83 83 83 83 83 83 83 83 83 83 83 83 83 83 83 83 83 83 83 83 83 83 83 83 83 83 83
56 56 56 56 56 56 56 56 56 56 56 56 83 83 83 83 83 83 83 83 83 83 40 40 40 40 40 83 83 83 83 83 83 83 83 83 83 83 83 83 83 83 83 83 83 83 83 83 83
56 56 56 56 56 56 56 56 56 56 56 56 83 83 83 83 83 83 83 46 46 46 61 61 46 9 9 9 9 83 83 83 83 83 83 83 83 83 83 83 83 83 83 83 83 83 83 83 83 83 83
56 56 56 56 56 56 56 56 56 56 56 56 83 83 83 83 83 83 83 83 83 83 56 56 56 56 56 56 83 83 83 83 83 83 83 83 83 83 83 83 83 83 83 83 83 83 83 83 83 83 83 83 83 83 83 83 83 83 83
56 56 56 56 56 56 56 56 56 56 56 56 83 83 83 83 83 83 83 83 83 83 83 56 56 56 56 56 56 83 83 83 83 83 83 83 83 83 83 83 83 83 83 83 83 83 83 83 83 83 83 83 83 83 83 83 83 83 83 83 83 83 83 83 83 83 83
56 56 56 56 56 56 56 56 56 56 56 56 83 83 83 83 83 83 83 83 83 83 83 56 56 56 56 56 56 83 83 83 83 83 83 83 83 83 83 83 83 83 83 83 83 83 83 83 83 83 83 83 83 83 83 83 83 83 83 83 83 83 83 83 83 83 83
56 56 56 56 56 56 56 56 56 56 56 56 83 83 83 83 83 83 83 83 83 83 83 56 56 56 56 56 56 83 83 83 83 83 83 83 83 83 83 83 83 83 83 83 83 83 83 83 83 83 83 83 83 83 83 83 83 83 83 83 83 83 83 83 83 83 83 83 83 83 83
56 56 56 56 56 56 56 56 56 56 56 56 83 83 83 83 83 83 83 83 83 83 83 56 56 56 56 56 56 83 83 83 83 83 83 83 83 83 83 83 83 83 83 83 83 83 83 83 83 83 83 83 83 83 83 83 83 83 83
56 56 56 56 56 56 56 56 56 56 56 56 83 83 83 83 83 83 83 83 83 83 83 56 56 56 56 56 56 83 83 83 83 83 83 83 83 83 83 83 83 83 83 83 83 83 83 83 83 83 83 83 83 83 83 83 83 83 83
56 56 56 56 56 56 56 56 56 56 56 56 83 83 83 83 83 83 83 83 83 83 83 56 56 56 56 56 56 83 83 83 83 83 83 83 83 83 83 83 83 83 83 83 83 83 83 83 83 83 83 83 83 83 83 83 83 83 83
56 56 56 56 56 56 56 56 56 56 56 56 83 83 83 83 83 83 83 83 83 83 83 56 56 56 56 56 56 83 83 83 83 83 83 83 83 83 83 83 83 83 83 83 83 83 83 83 83 83 83 83 83 83 83 83 83 83 83
56 56 56 56 56 56 56 56 56 56 56 56 83 83 83 83 83 83 83 83 83 83 83 56 56 56 56 56 56 83 83 83 83 83 83 83 83 83 83 83 83 83 83 83 83 83 83 83 83 83 83 83 83 83 83 83 83 83 83
56 56 56 56 56 56 56 56 56 56 56 56 83 83 83 83 83 83 83 83 83 83 83 56 56 56 56 56 56 83 83 83 83 83 83 83 83 83 83 83 83 83 83 83 83 83 83 83 83 83 83 83 83 83 83 83 83 83 83
56 56 56 56 56 56 56 56 56 56 56 56 83 83 83 83 83 83 83 83 83 83 83 56 56 56 56 56 56 83 83 83 83 83 83 83 83 83 83 83 83 83 83 83 83 83 83 83 83 83 83 83 83 83 83 83 83 83 83 83 83 83
56 56 56 56 56 56 56 56 56 56 56 56 83 83 83 83 83 83 83 83 83 83 83 56 56 56 56 56 56 83 83 83 83 83 83 83 83 83 83 83 83 83 83 83 83 83 83 83 83 83 83 83 83 83 83 83 83 83 83 83 83 83
56 56 56 56 56 56 56 56 56 56 56 56 83 83 83 83 83 83 83 83 83 83 83 56 56 56 56 56 56 83 83 83 83 83 83 83 83 83 83 83 83 83 83 83 83 83 83 83 83 83 83 83 83 83 83 83 83 83 83 83 83 83
56 56 56 56 56 56 56 56 56 56 56 56 83 83 83 83 83 83 83 83 83 83 83 56 56 56 56 56 56 83 83 83 83 83 83 83 83 83 83 83 83 83 83 83 83 83 83 83 83 83 83 83 83 83 83 83 83 83 83 83 83 83
56 56 56 56 56 56 56 56 56 56 56 56 83 83 83 83 83 83 83 83 83 83 83 56 56 56 56 56 56 83 83 83 83 83 83 83 83 83 83 83 83 83 83 83 83 83 83 83 83 83 83 83 83 83 83 83 83 83 83 83 83
56 56 56 56 56 56 56 56 56 56 56 56 83 83 83 83 83 83 83 83 83 83 83 9 10 10 9 9 9 83 83 83 83 9 9 9 9 83 83 83 83 83 83 83 83 83 83 83 83 83 83 83 83 83 83 83 83 83 83 83 83 83 83 83 83
56 56 56 56 56 56 56 56 56 56 56 56 83 83 83 83 83 83 83 83 83 83 83 9 10 10 9 9 9 83 83 83 83 9 9 9 9 83 83 83 83 83 83 83 83 83 83 83 83 83 83 83 83 83 83 83 83 83 83 83 83 83 83 83 83
56 56 56 56 56 56 56 56 56 56 56 56 83 83 83 83 83 83 83 83 83 83 83 56 56 56 56 56 56 83 83 83 83 83 83 83 83 83 83 83 83 83 83 83 83 83 83 83 83 83 83 83 83 83 83 83 83 83
56 56 56 56 56 56 56 56 56 56 56 56 83 83 83 83 83 83 83 83 83 83 83 56 56 56 56 56 56 83 83 83 83 83 83 83 83 83 83 83 83 83 83 83 83 83 83 83 83 83 83 83 83 83 83 83 83 83 83 83 83
56 56 56 56 56 56 56 56 56 56 56 56 83 83 83 83 83 83 83 83 83 83 83 56 56 56 56 56 56 83 83 83 83 83 83 83 83 83 83 83 83 83 83 83 83 83 83 83 83 83 83 83 83 83 83 83 83
56 56 56 56 56 56 56 56 56 56 56 56 83 83 83 83 83 83 83 83 83 83 83 56 56 56 56 56 56 83 83 83 83 83 83 83 83 83 83 83 83 83 83 83 83 83 83 83 83 83 83 83 83 83 83 83 83
56 56 56 56 56 56 56 56 56 56 56 56 83 83 83 83 83 83 83 83 83 83 83 83 56 56 56 56 56 56 83 83 83 83 83 83 83 83 83 83 83 83 83 83 83 83 83 83 83 83 83 83 83 83 83 83 83
56 56 56 56 56 56 56 56 56 56 56 56 83 83 83 83 83 83 83 83 83 83 83 56 56 56 56 56 56 83 83 83 83 83 83 83 83 83 83 83 83 83 83 83 83 83 83 83 83 83 83 83 83 83 83 83 83 83 83 83 83 83
56 56 56 56 56 56 56 56 56 56 56 56 83 83 83 83 83 83 83 83 83 83 83 56 56 56 56 56 56 83 83 83 83 83 83 83 83 83 83 83 83 83 83 83 83 83 83 83 83 83 83 83 83 83 83 83 83 83 83 83 83 83 83 83 83
56 56 56 56 56 56 56 56 56 56 56 56 83 83 83 83 83 83 83 83 83 83 83 56 56 56 56 56 56 83 83 83 56 56 56 56 56 56 83 83 83 83 83 83 83 83 83 83 83 83 83 83 83 83 83 83 83 83 83 83 83 83 83 83 83 83
56 56 56 56 56 56 56 56 56 56 56 56 83 83 83 83 83 83 83 83 83 83 83 56 56 56 56 56 56 83 83 83 83 83 83 83 83 83 83 83 83 83 83 83 83 83 83 83 83 83 83 83 83 83 83 83 83 83 83 83 83 83 83
56 56 56 56 56 56 56 83 83 56 56 56 56 56 83 83 83 83 83 83 83 83 83 83 83 83 83 83 83 83 83 83 83 83
56 56 56 56 56 56 56 83 83 56 56 56 56 56 83 83 83 83 83 83 83 83 83 83 83 83 83 83 83 83 83
56 56 56 56 56 56 56 83 83 56 56 56 56 56 83 83 83 83 83 83 83 83 83 83 83 83 83 83 83 83 83 83 83 83 83 83 83
56 56 56 56 56 56 46 83 83 46 46 46 61 61 83 83 9 9 9 9 83 83 83 83 83 83 83 83 83 83 83 83 83 83 83 83 83
56 56 56 56 56 56 56 83 83 56 56 56 56 56 83 83 83 83 56 56 56 56 56 56 83 83 83 83 83 83 83 83 83 83 83 83 83 83 83 83 83 83 83 83 83 83 83 83 83 83 83 83 83
56 56 56 56 56 56 56 83 83 56 56 56 56 56 83 83 83 83 83 83 56 56 56 56 56 56 83 83 83 83 83 83 83 83 83 83 83 83 83 83 83 83 83 83 83 83 83 83 83 83 83 83 83
56 56 56 56 56 56 56 83 83 56 56 56 56 56 83 83 83 83 56 56 56 56 56 56 83 83 83 83 83 83 83 83 83 83 83 83 83 83 83 83 83 83 83 83 83 83 83 83 83 83 83 83 83 83
56 56 56 56 56 56 56 83 83 56 56 56 56 56 83 83 83 83 56 56 56 56 56 56 83 83 83 83 83 83 83 83 83 83 83 83 83 83 83 83 83 83 83 83 83 83 83
56 56 56 56 56 56 56 83 83 56 56 56 56 56 83 83 83 83 56 56 56 56 56 56 83 83 83 83 83 83 83 83 83 83 83 83 83 83 83 83 83 83 83 83 83 83 83 83 83 83 83
56 56 56 56 56 56 56 83 83 56 56 56 56 56 83 83 83 83 83 83 83 56 56 56 56 56 56 83 83 83 83 83 83 83 83 83 83 83 83 83 83 83 83 83 83 83 83 83 83 83 83 83 83 83
56 56 56 56 56 56 56 83 83 56 56 56 56 56 83 83 83 83 83 83 83 83 83 83 83 83 83 83 83 83 83 83
56 56 56 56 56 56 56 83 83 56 56 56 56 56 83 83 83 83 83 83 56 56 56 56 56 56 83 83 83 83 83 83 83 83 83 83 83 83 83 83 83 83 83 83 83 83 83 83 83 83 83 83
56 56 56 56 56 56 56 83 83 56 56 56 56 56 83 83 83 56 56 56 56 56 56 83 83 83 83 83 83 83 83 83 83 83 83 83 83 83 83 83 83 83 83 83 83 83 83 83 83 83 83 83 83 83 83 83
56 56 56 56 56 56 56 83 83 56 56 56 56 56 83 83 56 56 56 56 56 56 83 83 83 83 83 83 83 83 83 83 83 83 83 83 83 83 83 83 83 83 83 83 83 83 83 83 83 83 83 83 83
56 56 56 56 56 56 56 83 83 56 56 56 56 56 83 83 56 56 56 56 56 56 83 83 83 83 83 83 83 83 83 83 83 83 83 83 83 83 83 83 83 83 83 83 83 83 83
56 56 56 56 56 56 56 83 83 56 56 56 56 56 83 83 56 56 56 56 56 56 83 83 83 83 83 83 83 83 83 83 83 83 83 83 83 83 83 83 83 83 83 83 83 83 83
56 56 56 56 56 56 56 83 83 56 56 56 56 56 83 83 56 56 56 56 56 56 83 83 83 83 83 83 83 83 83 83 83 83 83 83 83 83 83 83 83 83 83 83 83 83 83 83 83 83 83 83 83 83
56 56 56 56 56 56 56 83 83 56 56 56 56 56 83 83 83 83 83 83 83 83 83 83 83 83 83 83 83 83 83 83 83
56 56 56 56 56 56 56 83 83 56 56 56 56 56 83 83 83 83 83 83 56 56 56 56 56 56 83 83 83 83 83 83 83 83 83 83 83 83 83 83 83 83 83 83 83 83 83 83 83
56 56 56 56 56 56 56 83 83 56 56 56 56 56 83 83 83 83 83 83 56 56 56 56 56 56 83 83 83 83 83 83 83 83 83 83 83 83 83 83 83 83 83 83 83 83 83 83
56 56 56 56 56 56 56 83 83 56 56 56 56 56 83 83 83 83 83 83 83 83 83 83 83 83 83 83 83 83 83 83 83 83 83 83 83 83 83 83 83 83 83
56 56 56 56 56 56 56 83 83 56 56 56 56 56 83 83 83 83 83 83 56 56 56 56 56 56 83 83 83 83 83 83 83 83 83 83 83 83 83 83 83 83 83 83 83 83 83 83 83 83 83 83 83 83
56 56 56 56 56 56 56 83 83 56 56 56 56 56 83 83 83 83 83 83 83 83 83 83 83 83 83 83 83 83 83 83 83 83 83 83 83
56 56 56 56 56 56 56 83 83 56 56 56 56 56 83 83 83 83 83 83 83 83 83 83 83 83 83 83 83 83 83 83 83 83 83 83 83 83 83
56 56 56 56 56 56 56 83 83 56 56 56 56 56 83 83 83 83 83 83 83 83 83 83 83 83 83 83 83 83 83 83 83 83 83 83 83 83 83 83 83 83 83
56 56 56 56 56 56 56 83 83 56 56 56 56 56 83 83 83 83 83 83 83 83 83 83 83 83 83 83 83 83 83 83 83 83 83 83 83 83 83
56 56 56 56 56 56 56 83 83 56 56 56 56 56 83 83 83 83 83 83 83 83 83 83 83 83 83 83 83 83 83 83 83 83 83 83 83 83 83
56 56 56 56 56 56 56 83 83 56 56 56 56 56 83 83 83 83 83 83 83 83 83 83 83 83 83 83 83 83 83 83 83 83 83 83 83 83 83 83 83 83 83
56 56 56 56 56 56 46 83 83 46 61 61 46 46 83 83 9 9 9 9 83 83 83 83 83 83 83 83 83 83 83 83 83 83 83 83 83
56 56 56 56 56 56 46 83 83 46 61 61 46 46 83 83 9 9 9 9 83 83 83 83 83 83 83 83 83 83 83 83 83 83 83 83 83
56 56 56 56 56 56 46 83 83 46 61 61 46 46 83 83 9 9 9 9 83 83 83 83 83 83 83 83 83 83 83 83 83 83 83 83 83
44 44 44 62 62 44 13 13 32 32 32 32 83 83 12 12 83 83 83 83 83 83 83 83 83 83 83 83 83 83 83 83
44 44 44 62 62 44 13 13 32 32 32 32 83 83 12 12 83 83 83 83 83 83 83 83 83 83 83 83 83 83 83 83 83 83
44 44 44 62 62 44 13 13 32 32 32 32 83 83 12 12 83 83 83 83 83 83 83 83 83 83 83 83
44 44 44 62 62 44 13 13 32 32 32 32 83 83 12 12 83 83 83 83 83 83 83 83 83 83
44 44 44 62 62 44 13 13 32 32 32 32 83 83 12 12 83 83 83 83 83 83 83 83 83 83 83 83 83
44 44 44 62 62 44 12 12 13 13 32 32 32 32 83 83 83 83 83 83 83 83 83 83 83 83 83 83 83 83 83 83
44 44 44 62 62 44 12 12 13 13 32 32 32 32 83 83 83 83 83 83 83 83 83 83 83 83 83 83 83 83 83 83 83 83 83
44 44 44 62 62 44 12 12 13 13 32 32 32 32 83 83 83 83 83 83 83 83 83 83 83 83 83 83 83 83 83 83 83
44 44 44 62 62 44 12 12 13 13 32 32 32 32 83 83 56 56 56 56 56 56 83 83 83 83 83 83 83 83 83 83 83 83 83 83 83 83 83
44 44 44 62 62 44 12 12 13 13 32 32 32 32 83 83 83 83 83 83 83 83 83 83 83 83 83 83 83
49 49 49 55 55 49 82 81 81 83 83 29 29 29 29 83 56 56 56 56 56 56 83 83 83 83 83 83 83 83 83 83 83 83 83 83 83 83 83
49 49 49 55 55 49 82 81 81 83 83 29 29 29 29 83 56 56 56 56 56 56 83 83 83 83 83 83 83 83 83 83 83 83 83 83 83 83 83 83 83 83 83 83 83 83 83 83 83 83 83
49 49 49 55 55 49 82 81 81 83 83 29 29 29 29 83 56 56 56 56 56 56 83 83 83 83 83 83 83 83 83 83 83 83 83 83 83 83 83 83 83 83 83 83 83 83 83
49 49 49 55 55 49 82 81 81 83 83 29 29 29 29 83 56 56 56 56 56 56 83 83 83 83 83 83 83 83 83 83 83 83 83 83 83 83 83
49 49 49 55 55 49 82 81 81 83 83 29 29 29 29 83 56 56 56 56 56 56 83 83 83 83 83 83 83 83 83 83 83 83 83 83 83 83 83
49 49 49 55 55 49 82 81 81 83 83 29 29 29 29 83 56 56 56 56 56 56 83 83 83 83 83 83 83 83 83 83 83 83 83 83 83 83 83
49 49 49 55 55 49 82 81 81 83 83 29 29 29 29 83 56 56 56 56 56 56 83 83 83 83 83 83 83 83 83 83 83 83 83 83 83 83 83 83 83 83 83 83 83 83 83 83 83 83 83 83 83 83 83 83 83 83
46 46 46 61 61 46 9 9 9 9 83 83 56 56 56 56 56 56 83 83 83 83 83 83 83 83 83 83 83 83 83 83 83 83 83 83 83 83 83 83 83 83 83 83 83 83 83 83 83 83 83 83 83 83 83
46 46 46 61 61 46 9 9 9 9 83 83 56 56 56 56 56 56 83 83 83 83 83 83 83 83 83 83 83 83 83 83 83 83 83 83 83 83 83 83 83 83 83 83 83 83 83 83 83 83 83 83 83 83 83
46 46 46 61 61 46 9 9 9 9 83 83 56 56 56 56 56 56 83 83 83 83 83 83 83 83 83 83 83 83 83 83 83 83 83 83 83 83 83 83 83 83 83 83 83 83 83 83 83
46 46 46 61 61 46 9 9 9 9 83 83 56 56 56 56 56 56 83 83 83 83 83 83 83 83 83 83 83 83 83 83 83 83 83 83 83 83 83 83 83 83 83 83 83 83 83 83 83 83 83 83 83 83 83
46 46 46 61 61 46 9 9 9 9 83 83 56 56 56 56 56 56 83 83 83 83 83 83 83 83 83 83 83 83 83 83 83 83 83 83 83 83 83 83 83 83 83 83 83 83 83 83 83 83 83 83 83 83 83
46 46 46 61 61 46 9 9 9 9 83 83 56 56 56 56 56 56 83 83 83 83 83 83 83 83 83 83 83 83 83 83 83 83 83 83 83 83 83 83 83 83 83 83 83 83 83 83 83 83 83 83 83 83 83
46 46 46 61 61 46 9 9 9 9 83 83 56 56 56 56 56 56 83 83 83 83 83 83 83 83 83 83 83 83 83 83 83 83 83 83 83 83 83 83 83 83 83 83 83 83 83 83 83 83 83 83 83 83 83
46 46 46 61 61 46 9 9 9 9 83 83 56 56 56 56 56 56 83 83 83 83 83 83 83 83 83 83 83 83 83 83 83 83 83 83 83 83 83 83 83 83 83 83 83 83 83 83 83 83 83 83 83 83 83 83 83 83 83 83
46 46 46 61 61 46 9 9 9 9 83 83 56 56 56 56 56 56 83 83 83 83 83 83 83 83 83 83 83 83 83 83 83 83 83 83 83 83 83
46 46 46 61 61 46 9 9 9 9 83 83 56 56 56 56 56 56 83 83 83 83 83 83 83 83 83 83 83 83 83 83 83 83 83 83 83 83 83 83 83 83 83 83 83 83 83 83 83 83 83 83 83 83 83
46 46 46 61 61 46 9 9 9 9 83 83 56 56 56 56 56 56 83 83 83 83 83 83 83 83 83 83 83 83 83 83 83 83 83 83 83 83 83 83 83 83 83 83 83 83 83 83 83 83 83 83 83 83 83
46 46 46 61 61 46 9 9 9 9 83 83 56 56 56 56 56 56 83 83 83 83 83 83 83 83 83 83 83 83 83 83 83 83 83 83 83 83 83 83 83 83 83 83 83
46 46 46 61 61 46 9 9 9 9 83 83 56 56 56 56 56 56 83 83 83 83 83 83 83 83 83 83 83 83 83 83 83 83 83 83 83 83 83 83 83 83 83 83 83 83 83 83 83 83 83 83 83 83 83 83 83 83
46 46 46 61 61 46 9 9 9 9 83 83 56 56 56 56 56 56 83 83 83 83 83 83 83 83 83 83 83 83 83 83 83 83 83 83 83 83 83 83 83 83 83 83 83 83 83 83 83 83 83 83 83 83 83 83 83 83 83
46 46 46 61 61 46 9 9 9 9 83 83 56 56 56 56 56 56 83 83 83 83 83 83 83 83 83 83 83 83 83 83 83 83 83 83 83 83 83 83 83 83 83 83 83 83 83 83 83 83 83 83 83 83 83 83 83 83
46 46 46 61 61 46 9 9 9 9 83 83 56 56 56 56 56 56 83 83 83 83 83 83 83 83 83 83 83 83 83 83 83 83 83 83 83
46 46 46 61 61 46 9 9 9 9 83 83 56 56 56 56 56 56 83 83 83 83 83 83 83 83 83 83 83 83 83 83 83 83 83 83
46 46 46 61 61 46 9 9 9 9 83 83 56 56 56 56 56 56 83 83 83 83 83 83 83 83 83 83 83 83 83 83 83 83 83 83 83 83 83 83
46 46 46 61 61 46 9 9 9 9 83 83 56 56 56 56 56 56 83 83 83 83 83 83 83 83 83 83 83 83 83 83 83 83 83 83 83 83
46 46 46 61 61 46 9 9 9 9 83 83 56 56 56 56 56 56 83 83 83 83 83 83 83 83 83 83 83 83 83 83 83 83 83 83 83 83 83 83 83 83 83
46 46 46 61 61 46 9 9 9 9 83 83 56 56 56 56 56 56 83 83 83 83 83 83 83 83 83 83 83 83 83 83 83 83 83 83 83 83 83 83 83 83 83 83 83 83
46 46 46 61 61 46 9 9 9 9 83 83 56 56 56 56 56 56 83 83 83 83 83 83 83 83 83 83 83 83 83 83
46 46 46 61 61 46 9 9 9 9 83 83 46 46 46 46 61 61 83 83 9 9 9 9 83 83 83 83 83 83 83 83 83 83 83 83 83 83 83
46 46 46 61 61 46 9 9 9 9 83 83 46 46 46 46 61 61 83 83 9 9 9 9 83 83 83 83 83 83 83 83 83 83 83 83 83 83
46 46 46 61 61 46 9 9 9 9 83 83 56 56 56 56 56 56 83 83 83 83 83 83 83 83 83 83 83 83 83 83 83 83 83
46 46 46 61 61 46 9 9 9 9 83 83 56 56 56 56 56 56 83 83 83 83 83 83 83 83 83 83 83 83 83 83 83 83 83
46 46 46 61 61 46 9 9 9 9 83 83 56 56 56 56 56 56 83 83 83 83 83 83 83 83 83 83 83 83 83 83 83 83 83 83
46 46 46 61 61 46 9 9 9 9 83 83 56 56 56 56 56 56 83 83 83 83 83 83 83 83 83 83 83 83 83 83 83 83 83 83 83 83 83 83
46 46 46 61 61 46 9 9 9 9 83 83 56 56 56 56 56 56 83 83 83 83 83 83 83 83 83 83 83 83 83 83
46 46 46 61 61 46 9 9 9 9 83 83 56 56 56 56 56 56 83 83 83 83 83 83 83 83 83 83 83 83 83 83
46 46 46 61 61 46 9 9 9 9 83 83 56 56 56 56 56 56 83 83 83 83 83 83 83 83 83 83 83 83 83 83 83
46 46 46 61 61 46 9 9 9 9 83 83 56 56 56 56 56 56 83 83 83 83 83 83 83 83 83 83 83 83 83 83 83 83 83 83 83 83 83 83
46 46 46 61 61 46 9 9 9 9 83 83 56 56 56 56 56 56 83 83 83 83 83 83 83 83 83 83 83 83 83 83 83 83 83 83 83 83 83 83
46 46 46 61 61 46 9 9 9 9 83 83 56 56 56 56 56 56 83 83 83 83 83 83 83 83 83 83 83 83 83 83 83 83 83 83 83 83 83 83 83
46 46 46 61 61 46 9 9 9 9 83 83 56 56 56 56 56 56 83 83 83 83 83 83 83 83 83 83 83 83 83 83 83 83 83 83 83 83 83 83 83 83 83 83
46 46 46 61 61 46 9 9 9 9 83 83 56 56 56 56 56 56 83 83 83 83 83 83 83 83 83 83 83 83 83 83 83 83 83 83 83 83 83 83 83
46 46 46 61 61 46 9 9 9 9 83 83 56 56 56 56 56 56 83 83 83 83 83 83 83 83 83 83 83 83 83 83 83 83 83 83 83 83 83 83 83 83 83 83 83
46 46 46 61 61 46 9 9 9 9 83 83 56 56 56 56 56 56 83 83 83 83 83 83 83 83 83 83 83 83 83 83 83 83 83 83 83 83 83 83
46 46 46 61 61 46 9 9 9 9 83 83 56 56 56 56 56 56 83 83 83 83 83 83 83 83 83 83 83 83 83 83 83 83 83 83 83 83 83 83
46 46 46 61 61 46 9 9 9 9 83 83 46 46 46 46 61 61 83 83 9 9 9 9 83 83 83 83 83 83 83 83 83 83 83 83 83 83 83 83
46 46 46 61 61 46 9 9 9 9 83 83 56 56 56 56 56 56 83 83 83 83 83 83 83 83 83 83 83 83 83 83 83 83 83 83 83 83 83 83 83 83
46 46 46 61 61 46 9 9 9 9 83 56 56 56 56 56 56 83 83 83 83 83 83 83 83 83 83 83 83 83 83 83 83 83
46 46 46 61 61 46 9 9 9 9 83 83 56 56 56 56 56 56 83 83 83 83 83 83 83 83 83 83 83 83 83 83 83 83 83 83
46 46 46 61 61 46 9 9 9 9 83 56 56 56 56 56 56 83 83 83 83 83 83 83 83 83 83 83 83 83 83 83 83 83 83 83 83
46 46 46 61 61 46 9 9 9 9 83 56 56 56 56 56 56 83 83 83 83 83 83 83 83 83 83 83 83 83 83 83 83 83 83
46 46 46 61 61 46 9 9 9 9 83 83 83 83 83 83 83 83 83 83 83
46 46 46 61 61 46 9 9 9 9 83 83 9 9 9 9 10 10 83 83 83 83 83 83 83 83 83 83 83 83 83 83 83 9 9 9 9 83 83 83 83 83 83 83 83 83 83 83 83 83 83 83 83 83 83 83 83 83 83 83 83
46 46 46 61 61 46 9 9 9 9 83 83 83 83 56 56 56 56 56 56 83 83 83 83 83 83 83 83 83 83 83 83
46 46 46 61 61 46 9 9 9 9 83 83 83 83 56 56 56 56 56 56 83 83 83 83 83 83 83 83 83 83 83 83 83
46 46 46 61 61 46 9 9 9 9 83 83 83 83 56 56 56 56 56 56 83 83 83 83 83 83 83 83 83 83 83 83
46 46 46 61 61 46 9 9 9 9 83 83 46 46 46 46 61 61 83 83 9 9 9 9 83 83 83 83 83 83 83 83 83 83 83 83 83 83 83
46 46 46 61 61 46 9 9 9 9 56 83 83 56 56 56 56 56 56 56 56 56 56 56 83 83 83 83 83 83 83 83 83 83 83 83 83 83 83 83 83 83 83 83 83 83 83 83 83 83 83 83 83 83 83 83 83 83 83 83 83 83 83 83 83 83 83 83
46 46 46 61 61 46 9 9 9 9 56 83 83 56 56 56 56 56 56 56 56 56 56 56 83 83 83 83 83 83 83 83 83 83 83 83 83 83 83 83 83 83 83 83 83 83 83 83 83 83
46 46 46 61 61 46 9 9 9 9 56 83 83 56 56 56 56 56 56 56 56 56 56 56 83 83 83 83 83 83 83 83 83 83 83 83 83 83 83 83 83 83 83 83
46 46 46 61 61 46 9 9 9 9 56 83 83 56 56 56 56 56 56 56 56 56 56 56 83 83 83 83 83 83 83 83 83 83 83 83 83 83 83 83 83 83 83 83
46 46 46 61 61 46 9 9 9 9 83 83 56 56 56 56 56 56 56 56 56 56 56 56 83 83 83 83 83 83 83 83 83 83 83 83 83 83 83 83 83 83 83 83 83 83 83 83 83 83
46 46 46 61 61 46 9 9 9 9 83 83 56 56 56 56 56 56 56 56 56 56 56 56 83 83 83 83 83 83 83 83 83 83 83 83 83 83 83 83 83 83 83 83 83 83 83 83 83 83 83 83 83 83 83 83
46 46 46 61 61 46 9 9 9 9 56 83 83 56 56 56 56 56 56 56 56 56 56 56 83 83 83 83 83 83 83 83 83 83 83 83 83 83 83 83 83 83 83 83 83 83 83 83 83 83 83 83 83 83 83 83
46 46 46 61 61 46 9 9 9 9 46 83 83 9 83 83 9 9 10 10 9 46 46 61 61 46 9 9 9 9 9 9 9 9 83 83 83 83 83 83 83 83 83 83 83 83 83 83 83 83 83 83 83 83 83 83
6 6 6 6 15 14 21 21 14 15 34 34 35 32 32 32 32 35 83 83 83 83 83 83 83 83 83 83 83 83
46 46 46 61 61 46 9 9 9 9 83 83 83 83 83 83 83 83 83 83 83 83 83 83 83 83 83 83 83 83 83 83 83 83 83 83 83 83 83 83 83 83
46 46 46 61 61 46 9 9 9 9 83 83 83 83 83 83 83 83 83 83 83 83 83 83 83 83 83 83 83 83 83 83 83 83 83 83
46 46 46 61 61 46 9 9 9 9 83 83 83 83 83 83 83 83 83 83 83 83 83 83 83 83 83 83 83 83
46 46 46 61 61 46 9 9 9 9 83 83 83 83 83 83 83 83 83 83 83 83 83 83 83 83 83 83 83 83 83 83 83 83 83 83 83 83 83 83 83 83 83 83 83 83 83 83
46 46 46 61 61 46 9 9 9 9 83 83 56 83 56 56 56 56 56 83 83 83 83 83 83 83 83 83 83 83 83 83 83 83 83 83 83 83
46 46 46 61 61 46 9 9 9 9 83 83 83 83 56 56 56 56 56 56 56 56 56 56 56 56 83 83 83 83 83 83 83 83 83 83 83 83 83 83 83 83 83 83 83 83 83 83 83 83 83 83 83 83 83 83
46 46 46 61 61 46 9 9 9 9 83 83 83 83 83 83 83 83 83 83 83 83 83 83 83 83 83 83 83 83 83 83 83 83 83 83 83 83 83 83 83 83 83 83 83 83 83 83 83 83 83 83 83 83
46 46 46 61 61 46 9 9 9 9 83 83 83 66 65 65 65 65 22 22 22 22 22 22 22 22 66 66 83 83 83 83 83 83 83 83 83 83 83 83 83 83 83 83 83 83 83
46 46 46 61 61 46 9 9 9 9 83 83 83 47 62 62 62 62 6 6 6 6 6 6 6 6 47 83 83 83 83 83 83 83 83 83 83 83 83 83 83 83
46 46 46 61 61 46 9 9 9 9 83 83 83 83 56 56 56 56 56 56 56 56 56 56 56 56 83 83 83 83 83 83 83 83 83 83 83 83 83 83 83 83 83
46 46 46 61 61 46 9 9 9 9 83 83 83 47 62 62 62 62 6 6 6 6 6 6 6 6 47 83 83 83 83 83 83 83 83 83 83 83 83 83 83 83 83 83
46 46 46 61 61 46 9 9 9 9 83 83 83 47 62 62 62 62 6 6 6 6 6 6 6 6 47 83 83 83 83 83 83 83 83 83 83 83 83 83 83 83
46 46 46 61 61 46 9 9 9 9 83 83 83 39 38 38 38 38 68 68 68 68 68 68 68 68 83 83 83 83 83 83 83 83 83 83 83 83 83 83 83
46 46 46 61 61 46 9 9 9 9 83 83 83 66 65 65 65 65 22 22 22 22 22 22 22 22 66 66 83 83 83 83 83 83 83 83 83 83 83 83 83 83 83 83 83
46 46 46 61 61 46 9 9 9 9 83 83 83 83 83 83 83 83 83 83 83 83
46 46 46 61 61 46 9 9 9 9 83 83 56 56 56 56 56 56 83 83 83 83 83 83 83 83 83 83 83 83 83 83 83 83 83 83 83 83 83 83 83 83 83 83 83 83 83 83 83 83 83 83 83 83
46 46 46 61 61 46 9 9 9 9 83 83 56 56 56 56 56 56 83 83 83 83 83 83 83 83 83 83 83 83 83 83 83 83 83 83 83 83 83 83 83 83 83 83 83 83 83 83 83 83
46 46 46 61 61 46 9 9 9 9 83 83 56 56 56 56 56 56 83 83 83 83 83 83 83 83 83 83 83 83 83 83 83 83 83 83 83 83 83 83 83 83 83 83 83 83 83 83 83 83 83 83 83 83 83 83 83
46 46 46 61 61 46 9 9 9 9 83 83 56 56 56 56 56 56 83 83 83 83 83 83 83 83 83 83 83 83 83 83 83 83 83 83 83 83 83 83 83 83 83 83 83 83 83 83 83 83 83 83 83 83
46 46 46 61 61 46 9 9 9 9 83 83 56 56 56 56 56 56 83 83 83 83 83 83 83 83 83 83 83 83 83 83 83 83 83 83 83 83 83 83 83 83 83 83 83 83 83 83 83 83 83 83 83 83 83 83 83
46 46 46 61 61 46 9 9 9 9 83 56 56 56 56 56 56 83 83 83 83 83 83 83 83 83 83 83 83 83 83 83 83 83 83 83 83 83 83 83 83 83 83 83
46 46 46 61 61 46 9 9 9 9 83 56 56 56 56 56 56 83 83 83 83 83 83 83 83 83 83 83 83 83 83 83 83 83 83 83 83 83 83 83 83 83 83
46 46 46 61 61 46 9 9 9 9 83 56 56 56 56 56 56 83 83 83 83 83 83 83 83 83 83 83 83 83 83 83 83 83 83 83 83 83 83 83 83 83 83 83 83 83 83
46 46 46 61 61 46 9 9 9 9 83 56 56 56 56 56 56 83 83 83 83 83 83 83 83 83 83 83 83 83 83 83 83 83 83 83 83 83 83 83 83 83 83 83 83 83 83 83 83 83
46 46 46 61 61 46 9 9 9 9 83 56 56 56 56 56 56 83 83 83 83 83 83 83 83 83 83 83 83 83 83 83 83 83 83 83 83 83 83 83 83 83 83
46 46 46 61 61 46 9 9 9 9 83 56 56 56 56 56 56 83 83 83 83 83 83 83 83 83 83 83 83 83 83 83 83 83 83 83 83 83 83 83 83 83 83 83 83 83
46 46 46 61 61 46 9 9 9 9 83 56 56 56 56 56 56 83 83 83 83 83 83 83 83 83 83 83 83 83 83 83 83 83 83 83 83 83 83 83 83 83 83 83 83 83 83 83 83
46 46 46 61 61 46 9 9 9 9 83 56 56 56 56 56 56 83 83 83 83 83 83 83 83 83 83 83 83 83 83 83 83 83 83 83 83 83 83 83 83 83 83 83 83 83 83
46 46 46 61 61 46 9 9 9 9 83 56 56 56 56 56 56 83 83 83 83 83 83 83 83 83 83 83 83 83 83 83 83 83 83 83 83 83 83 83 83 83 83 83 83 83 83 83 83 83
46 46 46 61 61 46 9 9 9 9 83 56 56 56 56 56 56 83 83 83 83 83 83 83 83 83 83 83 83 83 83 83 83 83 83 83 83 83 83 83 83 83 83 83 83 83 83 83 83 83 83 83 83
46 46 46 61 61 46 9 9 9 9 83 56 56 56 56 56 56 83 83 83 83 83 83 83 83 83 83 83 83 83 83 83 83 83 83 83 83 83 83 83 83 83 83 83 83 83 83 83 83 83
46 46 46 61 61 46 9 9 9 9 83 83 56 56 56 56 56 56 83 83 83 83 83 83 83 83 83 83 83 83 83 83 83 83 83 83 83 83 83 83 83 83 83
46 46 46 61 61 46 9 9 9 9 83 83 56 56 56 56 56 56 83 83 83 83 83 83 83 83 83 83 83 83 83 83 83 83 83 83 83 83 83 83 83 83 83 83 83 83 83
46 46 46 61 61 46 9 9 9 9 83 83 56 56 56 56 56 56 83 83 83 83 83 83 83 83 83 83 83 83 83 83 83 83 83 83 83 83 83 83 83 83 83 83 83 83 83 83 83 83
46 46 46 61 61 46 9 9 9 9 83 83 46 46 46 46 61 61 83 83 9 9 9 9 83 83 83 83 83 83 83 83 83 83 83 83 83 83 83 83 83
46 46 46 61 61 46 9 9 9 9 83 83 56 56 56 56 56 56 83 83 83 83 83 83 83 83 83 83 83 83 83 83 83 83 83
46 46 46 61 61 46 9 9 9 9 83 83 56 56 56 56 56 56 83 83 83 83 83 83 83 83 83 83 83 83 83 83 83 83 83 83 83 83
46 46 46 61 61 46 9 9 9 9 83 56 56 56 56 56 56 83 83 83 83 83 83 83 83 83 83 83 83 83 83 83 83 83 83 83 83 83 83 83 83 83 83
46 46 46 61 61 46 9 9 9 9 83 56 56 56 56 56 56 83 83 83 83 83 83 83 83 83 83 83 83 83 83 83 83 83 83 83 83 83 83 83 83 83 83
46 46 46 61 61 46 9 9 9 9 83 56 56 56 56 56 56 83 83 83 83 83 83 83 83 83 83 83 83 83 83 83 83 83 83 83 83 83 83 83 83 83 83
46 46 46 61 61 46 9 9 9 9 83 56 56 56 56 56 56 83 83 83 83 83 83 83 83 83 83 83 83 83 83 83 83 83 83
46 46 46 61 61 46 9 9 9 9 83 56 56 56 56 56 56 83 83 83 83 83 83 83 83 83 83 83 83 83 83 83 83 83 83 83 83 83 83 83 83 83 83 83 83 83 83
46 46 46 61 61 46 9 9 9 9 83 56 56 56 56 56 56 83 83 83 83 83 83 83 83 83 83 83 83 83 83 83 83 83 83 83 83 83 83 83 83 83 83 83 83 83 83
46 46 46 61 61 46 9 9 9 9 83 56 56 56 56 56 56 83 83 83 83 83 83 83 83 83 83 83 83 83 83 83 83 83 83 83 83 83 83 83 83 83 83 83 83 83 83
46 46 46 61 61 46 9 9 9 9 83 56 56 56 56 56 56 83 83 83 83 83 83 83 83 83 83 83 83 83 83 83 83 83 83 83 83 83 83 83 83 83 83 83 83 83 83
46 46 46 61 61 46 9 9 9 9 83 46 61 61 46 46 46 83 83 83 9 9 9 9 83 83 83 83 83 83 83 83 83 83 83 83 83 83 83 83 83
46 46 46 61 61 46 9 9 9 9 83 56 56 56 56 56 56 83 83 83 83 83 83 83 83 83 83 83 83 83 83 83 83 83 83 83
46 46 46 61 61 46 9 9 9 9 83 56 56 56 56 56 56 83 83 83 83 83 83 83 83 83 83 83 83 83 83 83 83 83 83 83
46 46 46 61 61 46 9 9 9 9 83 56 56 56 56 56 56 83 83 83 83 83 83 83 83 83 83 83 83 83 83 83 83 83 83 83 83 83 83 83 83 83 83 83 83 83 83 83
46 46 46 61 61 46 9 9 9 9 83 56 56 56 56 56 56 83 83 83 83 83 83 83 83 83 83 83 83 83 83 83 83 83 83 83 83 83 83 83 83 83 83 83
46 46 46 61 61 46 9 9 9 9 83 56 56 56 56 56 56 83 83 83 83 83 83 83 83 83 83 83 83 83 83 83 83 83 83 83 83 83 83 83 83 83 83 83 83 83 83 83
46 46 46 61 61 46 9 9 9 9 83 56 56 56 56 56 56 83 83 83 83 83 83 83 83 83 83 83 83 83 83 83 83 83 83 83 83 83 83 83 83 83 83 83
46 46 46 61 61 46 9 9 9 9 83 83 56 56 56 56 56 56 83 83 83 83 83 83 83 83 83 83 83 83 83 83 83 83 83 83 83 83 83 83 83 83 83 83 83 83 83
46 46 46 61 61 46 9 9 9 9 83 83 56 56 56 56 56 56 83 83 83 83 83 83 83 83 83 83 83 83 83 83 83 83 83 83 83 83 83 83 83 83 83 83 83 83 83
46 46 46 61 61 46 9 9 9 9 83 56 56 56 56 56 56 83 83 83 83 83 83 83 83 83 83 83 83 83 83 83 83 83 83 83 83 83 83 83 83 83 83 83 83 83
46 46 46 61 61 46 9 9 9 9 83 56 56 56 56 56 56 83 83 83 83 83 83 83 83 83 83 83 83 83 83 83 83 83 83 83 83 83 83 83 83 83 83 83 83 83
46 46 46 61 61 46 9 9 9 9 83 56 56 56 56 56 56 83 83 83 83 83 83 83 83 83 83 83 83 83 83 83 83 83 83 83 83 83 83 83 83 83 83 83 83 83
46 46 46 61 61 46 9 9 9 9 83 56 56 56 56 56 56 83 83 83 83 83 83 83 83 83 83 83 83 83 83 83 83 83 83 83 83 83 83 83 83 83 83 83 83 83 83 83 83 83
46 46 46 61 61 46 9 9 9 9 83 46 61 61 46 46 46 83 83 83 9 9 9 9 83 83 83 83 83 83 83 83 83 83 83 83 83 83 83 83 83 83 83 83
46 46 46 61 61 46 9 9 9 9 83 56 56 56 56 56 56 83 83 83 83 83 83 83 83 83 83 83 83 83 83 83 83 83 83 83 83 83 83 83 83 83 83 83
46 46 46 61 61 46 9 9 9 9 83 56 56 56 56 56 56 83 83 83 83 83 83 83 83 83 83 83 83 83 83 83 83 83 83 83 83 83 83
46 46 46 61 61 46 9 9 9 9 83 83 56 56 56 56 56 56 83 83 83 83 83 83 83 83 83 83 83 83 83 83 83 83 83
46 46 46 61 61 46 9 9 9 9 83 83 56 56 56 56 56 56 83 83 83 83 83 83 83 83 83 83 83 83 83 83 83 83 83 83 83 83
46 46 46 61 61 46 9 9 9 9 83 83 83 83 83 83 83 83 83 83 83 83 83
46 46 46 61 61 46 9 9 9 9 83 83 83 83 83 83 83 83 83 83 83 83 83
46 46 46 61 61 46 9 9 9 9 83 83 83 83 83 83 83 83 83 83
46 46 46 61 61 46 9 9 9 9 83 83 83 83 83 83 83 83 83 83
46 46 46 61 61 46 9 9 9 9 83 83 83 83 83 83 83 83 83 83
46 46 46 61 61 46 9 9 9 9 83 83 83 83 83 83 83 83 83 83
46 46 46 61 61 46 9 9 9 9 83 83 83 83 83 83 83 83 83 83 83 83 83 83
46 46 46 61 61 46 9 9 9 9 83 83 83 83 83 83 83 83 83 83 83 83 83 83 83 83 83
46 46 46 61 61 46 9 9 9 9 83 83 83 83 83 83 83 83 83 83 83 83 83 83 83 83 83 83 83 83
46 46 46 61 61 46 9 9 9 9 83 83 83 83 83 83 83 83 83 83 83 83 83 83 83 83 83
46 46 46 61 61 46 9 9 9 9 83 83 83 83 83 83 83 83 83 83 83 83 83 83 83 83 83 83 83 83
46 46 46 61 61 46 9 9 9 9 83 83 83 83 83 83 83 83 83 83 83 83 83 83 83 83 83 83 83 83 83 83 83
46 46 46 61 61 46 9 9 9 9 83 83 83 83 83 83 83 83 83 83 83 83 83 83
46 46 46 61 61 46 9 9 9 9 83 83 83 83 83 83 83 83 83 83 83 83 83
46 46 46 61 61 46 9 9 9 9 83 83 83 83 83 83 83 83 83 83 83 83 83
46 46 46 61 61 46 9 9 9 9 83 83 83 83 83 83 83 83 83 83
46 46 46 61 61 46 9 9 9 9 83 83 83 83 83 83 83 83 83 83
46 46 46 61 61 46 9 9 9 9 83 83 83 83 83 83 83 83 83 83
46 46 46 61 61 46 9 9 9 9 83 83 83 83 83 83 83 83 83 83
46 46 46 61 61 46 9 9 9 9 83 83 83 83 83 83 83 83 83 83 83 83 83 83
46 46 46 61 61 46 9 9 9 9 83 83 83 83 83 83 83 83 83 83 83 83 83
46 46 46 61 61 46 9 9 9 9 83 83 83 83 83 83 83 83 83 83 83 83 83
46 46 46 61 61 46 9 9 9 9 83 83 83 83 83 83 83 83 83 83
46 46 46 61 61 46 9 9 9 9 83 83 83 83 83 83 83 83 83 83
46 46 46 61 61 46 9 9 9 9 83 83 83 83 83 83 83 83 83 83
46 46 46 61 61 46 9 9 9 9 83 83 83 83 83 83 83 83 83 83
46 46 46 61 61 46 9 9 9 9 83 83 83 83 83 83 83 83 83 83
46 46 46 61 61 46 9 9 9 9 83 83 83 83 83 83 83 83 83 83 83 83 83 83 83 83
46 46 46 61 61 46 9 9 9 9 83 83 83 83 56 56 56 56 56 56 83 83 83 83 83 83 83 83 83 83 83 83
46 46 46 61 61 46 9 9 9 9 83 83 83 83 56 56 56 56 56 56 83 83 83 83 83 83 83 83 83 83 83 83 83 83
46 46 46 61 61 46 9 9 9 9 83 83 83 83 56 56 56 56 56 56 83 83 83 83 83 83 83 83 83 83 83 83 83 83 83 83
46 46 46 61 61 46 9 9 9 9 83 83 83 83 56 56 56 56 56 56 83 83 83 83 83 83 83 83 83 83 83 83 83 83 83 83 83 83 83 83 83 83 83
46 46 46 61 61 46 9 9 9 9 83 83 83 83 56 56 56 56 56 56 83 83 83 83 83 83 83 83 83 83 83 83 83 83 83 83 83 83 83 83 83 83 83 83 83 83
46 46 46 61 61 46 9 9 9 9 83 83 83 83 56 56 56 56 56 56 83 83 83 83 83 83 83 83 83 83 83 83 83 83 83 83 83 83 83 83 83 83 83 83
46 46 46 61 61 46 9 9 9 9 83 83 83 83 56 56 56 56 56 56 83 83 83 83 83 83 83 83 83 83 83 83 83 83 83 83 83 83 83 83
46 46 46 61 61 46 9 9 9 9 83 83 83 83 56 56 56 56 56 56 83 83 83 83 83 83 83 83 83 83 83 83 83 83 83 83 83 83 83 83 83 83 83 83 83 83 83
46 46 46 61 61 46 9 9 9 9 83 83 83 83 56 56 56 56 56 56 83 83 83 83 83 83 83 83 83 83 83 83 83 83 83 83 83 83 83 83 83 83 83 83 83 83 83 83 83 83
46 46 46 61 61 46 9 9 9 9 83 83 83 83 56 56 56 56 56 56 83 83 83 83 83 83 83 83 83 83 83 83 83 83 83 83 83 83 83 83 83 83 83 83 83 83 83 83
46 46 46 61 61 46 83 83 9 9 9 9 83 66 65 65 66 66 65 65 22 22 22 22 22 22 22 22 83 83 83 83 83 83 83 83 83 83 83 83 83 83 83 83 83 83 83
46 46 46 61 61 46 83 83 9 9 9 9 83 66 65 65 66 66 65 65 22 22 22 22 22 22 22 22 83 83 83 83 83 83 83 83 83 83 83 83 83 83 83 83 83 83 83 83 83
46 46 46 61 61 46 9 9 9 9 83 83 83 83 83 83 83 83 83 83 83 83 83
46 46 46 61 61 46 9 9 9 9 83 83 83 83 83 83 83 83 83 83 83 83 83 83
46 46 46 61 61 46 9 9 9 9 83 83 56 56 56 56 56 56 83 83 83 83 83 83 83 83 83 83 83 83 83 83 83 83 83 83 83 83 83 83 83 83 83 83 83 83 83 83 83 83 83
46 46 46 61 61 46 9 9 9 9 83 83 56 56 56 56 56 56 83 83 83 83 83 83 83 83 83 83 83 83 83 83 83 83 83 83 83 83 83 83 83 83 83 83 83 83 83 83 83 83 83 83 83 83
46 46 46 61 61 46 9 9 9 9 83 83 56 56 56 56 56 56 83 83 83 83 83 83 83 83 83 83 83 83 83 83 83 83 83 83 83 83 83 83 83 83 83 83 83 83 83 83 83 83 83 83 83
46 46 46 61 61 46 9 9 9 9 83 83 56 56 56 56 56 56 83 83 83 83 83 83 83 83 83 83 83 83 83 83 83 83 83 83 83 83 83 83 83 83 83 83 83 83 83
46 46 46 61 61 46 9 9 9 9 83 83 56 56 56 56 56 56 83 83 83 83 83 83 83 83 83 83 83 83 83 83 83 83 83 83 83 83 83 83 83 83 83 83 83 83 83 83 83 83
46 46 46 61 61 46 9 9 9 9 83 83 56 56 56 56 56 56 83 83 83 83 83 83 83 83 83 83 83 83 83 83 83 83 83 83 83 83 83 83 83 83 83 83 83 83 83 83 83 83 83 83 83
46 46 46 61 61 46 9 9 9 9 83 83 56 56 56 56 56 56 83 83 83 83 83 83 83 83 83 83 83 83 83 83 83 83 83 83 83 83 83 83 83 83 83 83 83 83 83 83 83 83 83 83 83
46 46 46 61 61 46 9 9 9 9 83 83 56 56 56 56 56 56 83 83 83 83 83 83 83 83 83 83 83 83 83 83 83 83 83 83 83 83 83 83 83 83 83 83 83 83 83 83 83 83 83 83 83 83 83 83
46 46 46 61 61 46 9 9 9 9 83 83 56 56 56 56 56 56 83 83 83 83 83 83 83 83 83 83 83 83 83 83 83 83 83 83 83 83 83
46 46 46 61 61 46 9 9 9 9 83 83 56 56 56 56 56 56 83 83 83 83 83 83 83 83 83 83 83 83 83 83 83 83 83 83 83 83 83 83 83 83
46 46 46 61 61 46 9 9 9 9 83 83 56 56 56 56 56 56 83 83 83 83 83 83 83 83 83 83 83 83 83 83 83 83 83 83 83 83 83
46 46 46 61 61 46 9 9 9 9 83 83 56 56 56 56 56 56 83 83 83 83 83 83 83 83 83 83 83 83 83 83 83 83 83 83 83 83 83
46 46 46 61 61 46 9 9 9 9 83 83 56 56 56 56 56 56 83 83 83 83 83 83 83 83 83 83 83 83 83 83 83 83 83 83 83 83 83
46 46 46 61 61 46 9 9 9 9 83 83 56 56 56 56 56 56 83 83 83 83 83 83 83 83 83 83 83 83 83 83 83 83 83 83 83 83 83 83 83 83
46 46 46 61 61 46 9 9 9 9 83 83 56 56 56 56 56 56 83 83 83 83 83 83 83 83 83 83 83 83 83 83 83 83 83 83 83 83 83
46 46 46 61 61 46 9 9 9 9 83 83 56 56 56 56 56 56 83 83 83 83 83 83 83 83 83 83 83 83 83 83 83 83 83 83 83 83 83 83 83 83 83 83 83 83 83 83 83 83 83 83 83 83
46 46 46 61 61 46 9 9 9 9 83 83 56 56 56 56 56 56 83 83 83 83 83 83 83 83 83 83 83 83 83 83 83 83 83 83 83 83 83 83 83 83 83 83 83 83 83 83 83 83 83 83 83 83 83 83 83
46 46 46 61 61 46 9 9 9 9 83 75 74 79 79 79 79 74 83 83 75 75 83 83 83 83 83 83 83 83 83 83 83 83 83 83 83 83 83 83 83 83 83
46 46 46 61 61 46 9 9 9 9 83 83 46 46 46 46 61 61 83 83 9 9 9 9 83 83 83 83 83 83 83 83 83 83 83 83 83 83 83 83 83 83 83 83 83
46 46 46 61 61 46 9 9 9 9 83 83 46 46 46 46 61 61 83 83 9 9 9 9 83 83 83 83 83 83 83 83 83 83 83 83 83 83 83 83 83 83 83 83 83 83 83 83
46 46 46 61 61 46 9 9 9 9 83 56 56 56 56 56 56 83 83 83 83 83 83 83 83 83 83 83 83 83 83 83 83 83 83 83 83
46 46 46 61 61 46 9 9 9 9 83 56 56 56 56 56 56 83 83 83 83 83 83 83 83 83 83 83 83 83 83 83 83 83 83 83 83 83 83 83
46 46 46 61 61 46 9 9 9 9 83 56 56 56 56 56 56 83 83 83 83 83 83 83 83 83 83 83 83 83 83 83 83 83 83 83 83 83 83 83
46 46 46 61 61 46 9 9 9 9 83 56 56 56 56 56 56 83 83 83 83 83 83 83 83 83 83 83 83 83 83 83 83 83 83 83 83 83 83 83 83
46 46 46 61 61 46 9 9 9 9 83 56 56 56 56 56 56 83 83 83 83 83 83 83 83 83 83 83 83 83 83 83 83 83 83 83 83 83 83 83 83
46 46 46 61 61 46 9 9 9 9 83 56 56 56 56 56 56 83 83 83 83 83 83 83 83 83 83 83 83 83 83 83 83 83 83 83 83 83 83 83 83
46 46 46 61 61 46 9 9 9 9 83 56 56 56 56 56 56 83 83 83 83 83 83 83 83 83 83 83 83 83 83 83 83 83 83 83 83 83 83 83
46 46 46 61 61 46 9 9 9 9 83 56 56 56 56 56 56 83 83 83 83 83 83 83 83 83 83 83 83 83 83 83 83 83 83 83 83 83 83 83 83
46 46 46 61 61 46 9 9 9 9 83 56 56 56 56 56 56 83 83 83 83 83 83 83 83 83 83 83 83 83 83 83 83 83 83 83 83 83 83 83 83
46 46 46 61 61 46 9 9 9 9 83 56 56 56 56 56 56 83 83 83 83 83 83 83 83 83 83 83 83 83 83 83 83 83 83 83 83 83 83 83 83 83 83 83 83
46 46 46 61 61 46 9 9 9 9 83 56 56 56 56 56 56 83 83 83 83 83 83 83 83 83 83 83 83 83 83 83 83 83 83 83 83 83 83 83 83 83 83 83 83
46 46 46 61 61 46 9 9 9 9 83 56 56 56 56 56 56 83 83 83 83 83 83 83 83 83 83 83 83 83 83 83 83 83 83 83 83 83 83 83 83 83 83 83 83 83 83 83 83
46 46 46 61 61 46 9 9 9 9 83 56 56 56 56 56 56 83 83 83 83 83 83 83 83 83 83 83 83 83 83 83 83 83 83 83 83
46 46 46 61 61 46 9 9 9 9 83 83 83 83 83 83 83 83 83 83 83 83 83 83 83 83 83 83 83 83
46 46 46 61 61 46 9 9 9 9 83 83 83 83 83 83 83 83 83 83 83 83 83 83 83 83 83 83 83 83 83 83 83 83 83 83
46 46 46 61 61 46 9 9 9 9 56 83 83 56 56 56 56 56 83 83 83 83 83 83 83 83 83 83 83 83 83 83 83 83
46 46 46 61 61 46 9 9 9 9 83 83 83 40 40 40 40 40 83 83 83 83 83 83 83 83 83 83 83 83 83 83 83 83
46 46 46 61 61 46 9 9 9 9 83 83 83 40 40 40 40 40 83 83 83 83 83 83 83 83 83 83 83 83 83 83 83 83
46 46 46 61 61 46 9 9 9 9 83 83 83 40 40 40 40 40 83 83 83 83 83 83 83 83 83 83 83 83 83 83 83 83 83 83 83 83
46 46 46 61 61 46 9 9 9 9 83 83 56 56 56 56 56 56 83 83 83 83 83 83 83 83 83 83 83 83 83 83 83
46 46 46 61 61 46 9 9 9 9 83 83 46 46 46 46 61 61 83 83 9 9 9 9 83 83 83 83 83 83 83 83 83 83 83 83 83 83 83
46 46 46 61 61 46 9 9 9 9 83 83 46 46 46 61 61 46 83 83 9 9 9 9 83 83 83 83 83 83 83 83 83 83 83 83 83 83 83
46 46 46 61 61 46 9 9 9 9 83 83 56 56 56 56 56 56 83 83 83 83 83 83 83 83 83 83 83 83 83 83 83 83 83 83 83 83 83 83 83 83
46 46 46 61 61 46 9 9 9 9 83 83 56 56 56 56 56 56 83 83 83 83 83 83 83 83 83 83 83 83 83 83 83 83 83 83 83 83 83 83 83 83 83 83 83 83
46 46 46 61 61 46 9 9 9 9 83 83 56 56 56 56 56 56 83 83 83 83 83 83 83 83 83 83 83 83 83 83 83 83 83 83 83 83 83 83 83 83 83 83 83 83 83 83 83
46 46 46 61 61 46 9 9 9 9 83 83 56 56 56 56 56 56 83 83 83 83 83 83 83 83 83 83 83 83 83 83 83 83 83 83 83
46 46 46 61 61 46 9 9 9 9 83 83 56 56 56 56 56 56 83 83 83 83 83 83 83 83 83 83 83 83 83 83 83 83 83 83 83
46 46 46 61 61 46 9 9 9 9 83 83 56 56 56 56 56 56 83 83 83 83 83 83 83 83 83 83 83 83 83 83 83 83 83 83 83
46 46 46 61 61 46 9 9 9 9 83 83 56 56 56 56 56 56 83 83 83 83 83 83 83 83 83 83 83 83 83 83 83
46 46 46 61 61 46 9 9 9 9 83 83 56 56 56 56 56 56 83 83 83 83 83 83 83 83 83 83 83 83 83 83 83 83
46 46 46 61 61 46 9 9 9 9 83 83 56 56 56 56 56 56 83 83 83 83 83 83 83 83 83 83 83 83 83 83 83 83 83 83 83
46 46 46 61 61 46 9 9 9 9 83 83 56 56 56 56 56 56 83 83 83 83 83 83 83 83 83 83 83 83 83 83 83 83 83 83 83 83
46 46 46 61 61 46 9 9 9 9 83 83 56 56 56 56 56 56 83 83 83 83 83 83 83 83 83 83 83 83 83 83 83 83 83 83 83 83 83 83 83
46 46 46 61 61 46 9 9 9 9 83 83 56 56 56 56 56 56 83 83 83 83 83 83 83 83 83 83 83 83 83 83 83 83 83 83 83 83
46 46 46 61 61 46 9 9 9 9 83 83 56 56 56 56 56 56 83 83 83 83 83 83 83 83 83 83 83 83 83 83 83 83 83 83 83 83 83 83 83
46 46 46 61 61 46 9 9 9 9 83 83 56 56 56 56 56 56 83 83 83 83 83 83 83 83 83 83 83 83 83 83 83 83 83 83 83 83
46 46 46 61 61 46 9 9 9 9 83 83 56 56 56 56 56 56 83 83 83 83 83 83 83 83 83 83 83 83 83 83 83 83 83 83 83 83 83 83 83
46 46 46 61 61 46 9 9 9 9 83 83 56 56 56 56 56 56 83 83 83 83 83 83 83 83 83 83 83 83 83 83 83 83
46 46 46 61 61 46 9 9 9 9 83 83 56 56 56 56 56 56 83 83 83 83 83 83 83 83 83 83 83 83 83 83 83 83 83 83 83
46 46 46 61 61 46 9 9 9 9 83 83 56 56 56 56 56 56 83 83 83 83 83 83 83 83 83 83 83 83 83 83 83 83
46 46 46 61 61 46 9 9 9 9 83 83 56 56 56 56 56 56 83 83 83 83 83 83 83 83 83 83 83 83 83 83 83 83 83 83 83 83 83 83 83 83
46 46 46 61 61 46 9 9 9 9 83 83 56 56 56 56 56 56 83 83 83 83 83 83 83 83 83 83 83 83 83 83 83 83 83 83 83 83 83 83 83 83 83 83 83
46 46 46 61 61 46 9 9 9 9 83 83 56 56 56 56 56 56 83 83 83 83 83 83 83 83 83 83 83 83 83 83 83 83 83 83 83 83 83 83 83 83
46 46 46 61 61 46 9 9 9 9 83 83 56 56 56 56 56 56 83 83 83 83 83 83 83 83 83 83 83 83 83 83 83 83 83 83 83 83 83 83 83 83 83 83 83
46 46 46 61 61 46 9 9 9 9 83 83 56 56 56 56 56 56 83 83 83 83 83 83 83 83 83 83 83 83 83 83 83 83 83 83 83 83 83 83 83 83
46 46 46 61 61 46 9 9 9 9 83 83 56 56 56 56 56 56 83 83 83 83 83 83 83 83 83 83 83 83 83 83 83 83 83 83 83 83 83 83 83 83 83 83 83
46 46 46 61 61 46 9 9 9 9 83 83 56 56 56 56 56 56 83 83 83 83 83 83 83 83 83 83 83 83 83 83 83 83
46 46 46 61 61 46 9 9 9 9 83 83 56 56 56 56 56 56 83 83 83 83 83 83 83 83 83 83 83 83 83 83 83 83 83 83 83
46 46 46 61 61 46 9 9 9 9 83 83 56 56 56 56 56 56 83 83 83 83 83 83 83 83 83 83 83 83 83 83 83 83
46 46 46 61 61 46 9 9 9 9 83 83 56 56 56 56 56 56 83 83 83 83 83 83 83 83 83 83 83 83 83 83 83 83 83 83 83
46 46 46 61 61 46 9 9 9 9 83 83 56 56 56 56 56 56 83 83 83 83 83 83 83 83 83 83 83 83 83 83 83 83
46 46 46 61 61 46 9 9 9 9 83 83 56 56 56 56 56 56 83 83 83 83 83 83 83 83 83 83 83 83 83 83 83 83 83 83 83
46 46 46 61 61 46 9 9 9 9 83 83 56 56 56 56 56 56 83 83 83 83 83 83 83 83 83 83 83 83 83 83 83 83
46 46 46 61 61 46 9 9 9 9 83 83 56 56 56 56 56 56 83 83 83 83 83 83 83 83 83 83 83 83 83 83 83 83 83 83 83
46 46 46 61 61 46 9 9 9 9 83 83 56 56 56 56 56 56 83 83 83 83 83 83 83 83 83 83 83 83 83 83 83 83 83 83 83 83 83 83 83 83 83 83 83 83
46 46 46 61 61 46 9 9 9 9 83 83 56 56 56 56 56 56 83 83 83 83 83 83 83 83 83 83 83 83 83 83 83 83
46 46 46 61 61 46 9 9 9 9 83 83 56 56 56 56 56 56 83 83 83 83 83 83 83 83 83 83 83 83 83 83 83 83 83 83 83
46 46 46 61 61 46 9 9 9 9 83 83 56 56 56 56 56 56 83 83 83 83 83 83 83 83 83 83 83 83 83 83 83 83
46 46 46 61 61 46 9 9 9 9 83 83 56 56 56 56 56 56 83 83 83 83 83 83 83 83 83 83 83 83 83 83 83 83 83 83 83
46 46 46 61 61 46 9 9 9 9 83 83 46 46 46 46 61 61 83 83 9 9 9 9 83 83 83 83 83 83 83 83 83 83 83 83 83 83 83
46 46 46 61 61 46 9 9 9 9 83 83 46 46 46 61 61 46 83 83 9 9 9 9 83 83 83 83 83 83 83 83 83 83 83 83 83 83 83
46 46 46 61 61 46 9 9 9 9 83 83 46 46 46 46 61 61 83 83 9 9 9 9 83 83 83 83 83 83 83 83 83 83 83 83 83 83 83 83
46 46 46 61 61 46 9 9 9 9 83 83 46 46 46 61 61 46 83 83 9 9 9 9 83 83 83 83 83 83 83 83 83 83 83 83 83 83 83 83
46 46 46 61 61 46 9 9 9 9 83 83 46 46 46 46 61 61 83 83 9 9 9 9 83 83 83 83 83 83 83 83 83 83 83 83 83 83 83 83 83 83 83
46 46 46 61 61 46 9 9 9 9 83 83 46 46 46 61 61 46 83 83 9 9 9 9 83 83 83 83 83 83 83 83 83 83 83 83 83 83 83 83 83 83 83
46 46 46 61 61 46 9 9 9 9 83 83 56 56 56 56 56 56 83 83 83 83 83 83 83 83 83 83 83 83 83 83 83 83 83 83 83 83 83
46 46 46 61 61 46 9 9 9 9 83 83 56 56 56 56 56 56 83 83 83 83 83 83 83 83 83 83 83 83 83 83 83 83 83 83 83 83 83 83 83 83
46 46 46 61 61 46 9 9 9 9 83 83 56 56 56 56 56 56 83 83 83 83 83 83 83 83 83 83 83 83 83 83 83 83 83 83 83 83 83 83 83
46 46 46 61 61 46 9 9 9 9 83 83 56 56 56 56 56 56 83 83 83 83 83 83 83 83 83 83 83 83 83 83 83 83 83 83 83 83 83 83 83 83
46 46 46 61 61 46 9 9 9 9 83 83 56 56 56 56 56 56 83 83 83 83 83 83 83 83 83 83 83 83 83 83 83 83 83 83 83 83 83 83 83
46 46 46 61 61 46 9 9 9 9 83 83 83 56 56 56 56 56 56 83 83 83 83 83 83 83 83 83 83 83 83 83 83 83
46 46 46 61 61 46 9 9 9 9 83 83 83 56 56 56 56 56 56 83 83 83 83 83 83 83 83 83 83 83 83 83 83 83
46 46 46 61 61 46 9 9 9 9 83 83 83 56 56 56 56 56 56 83 83 83 83 83 83 83 83 83 83 83 83 83 83 83 83 83 83 83
46 46 46 61 61 46 9 9 9 9 83 83 56 56 56 56 56 56 83 83 83 83 83 83 83 83 83 83 83 83 83 83 83 83 83 83
46 46 46 61 61 46 9 9 9 9 83 83 56 56 56 56 56 56 83 83 83 83 83 83 83 83 83 83 83 83 83 83 83 83 83 83
46 46 46 61 61 46 9 9 9 9 83 83 56 56 56 56 56 56 83 83 83 83 83 83 83 83 83 83 83 83 83 83 83 83 83 83 83 83 83 83
46 46 46 61 61 46 9 9 9 9 83 83 83 56 56 56 56 56 56 83 83 83 83 83 83 83 83 83 83 83 83 83 83 83 83
46 46 46 61 61 46 9 9 9 9 83 83 83 56 56 56 56 56 56 83 83 83 83 83 83 83 83 83 83 83 83 83 83 83 83
46 46 46 61 61 46 9 9 9 9 83 83 83 56 56 56 56 56 56 83 83 83 83 83 83 83 83 83 83 83 83 83 83 83 83 83 83 83 83
46 46 46 61 61 46 9 9 9 9 83 83 83 56 56 56 56 56 56 83 83 83 83 83 83 83 83 83 83 83 83 83 83 83 83 83 83 83
46 46 46 61 61 46 9 9 9 9 83 83 83 56 56 56 56 56 56 83 83 83 83 83 83 83 83 83 83 83 83 83 83 83 83 83 83 83 83 83 83 83
46 46 46 61 61 46 9 9 9 9 83 83 83 56 56 56 56 56 56 83 83 83 83 83 83 83 83 83 83 83 83 83 83 83 83 83 83 83 83
46 46 46 61 61 46 9 9 9 9 83 83 83 56 56 56 56 56 56 83 83 83 83 83 83 83 83 83 83 83 83 83 83 83 83 83 83 83 83 83 83 83
46 46 46 61 61 46 9 9 9 9 83 83 83 56 56 56 56 56 56 83 83 83 83 83 83 83 83 83 83 83 83 83 83 83 83 83 83 83 83 83 83 83 83
46 46 46 61 61 46 9 9 9 9 83 83 83 56 56 56 56 56 56 83 83 83 83 83 83 83 83 83 83 83 83 83 83 83 83 83 83 83 83 83 83 83 83 83 83 83
46 46 46 61 61 46 9 9 9 9 83 83 83 46 46 46 46 61 61 9 9 9 9 83 83 83 83 83 83 83 83 83 83 83 83 83 83 83 83 83
46 46 46 61 61 46 9 9 9 9 83 83 83 46 46 46 61 61 46 9 9 9 9 83 83 83 83 83 83 83 83 83 83 83 83 83 83
46 46 46 61 61 46 9 9 9 9 83 83 83 46 46 46 61 61 46 9 9 9 9 83 83 83 83 83 83 83 83 83 83 83 83 83 83 83 83 83
46 46 46 61 61 46 9 9 9 9 83 83 83 56 56 56 56 56 56 83 83 83 83 83 83 83 83 83 83 83 83
46 46 46 61 61 46 9 9 9 9 83 83 83 56 56 56 56 56 56 83 83 83 83 83 83 83 83 83 83 83 83 83 83 83
46 46 46 61 61 46 9 9 9 9 83 83 83 56 56 56 56 56 56 83 83 83 83 83 83 83 83 83 83 83 83
46 46 46 61 61 46 9 9 9 9 83 83 83 56 56 56 56 56 56 83 83 83 83 83 83 83 83 83 83 83 83 83 83 83 83 83 83 83 83 83 83 83 83 83 83 83
46 46 46 61 61 46 83 83 9 9 9 9 83 66 65 65 66 66 65 65 22 22 22 22 22 22 22 22 83 83 83 83 83 83 83 83 83 83 83 83 83 83 83 83 83 83
46 46 46 61 61 46 9 9 9 9 83 83 56 56 56 56 56 56 83 83 83 83 83 83 83 83 83 83 83 83 83 83 83
46 46 46 61 61 46 9 9 9 9 83 83 46 46 46 46 61 61 83 83 9 9 9 9 83 83 83 83 83 83 83 83 83 83 83 83 83 83 83
46 46 46 61 61 46 9 9 9 9 83 83 46 46 46 61 61 46 83 83 9 9 9 9 83 83 83 83 83 83 83 83 83 83 83 83 83 83 83
46 46 46 61 61 46 9 9 9 9 83 83 56 56 56 56 56 56 83 83 83 83 83 83 83 83 83 83 83 83 83 83 83
46 46 46 61 61 46 9 9 9 9 83 83 56 56 56 56 56 56 83 83 83 83 83 83 83 83 83 83 83 83 83 83 83
46 46 46 61 61 46 9 9 9 9 83 83 56 56 56 56 56 56 83 83 83 83 83 83 83 83 83 83 83 83 83 83 83 83 83 83 83 83 83 83 83
46 46 46 61 61 46 9 9 9 9 83 83 56 56 56 56 56 56 83 83 83 83 83 83 83 83 83 83 83 83 83 83 83 83 83 83 83 83 83 83 83 83 83 83 83 83 83 83 83
46 46 46 61 61 46 9 9 9 9 83 83 56 56 56 56 56 56 83 83 83 83 83 83 83 83 83 83 83 83 83 83 83 83 83 83 83 83 83 83 83 83 83 83 83 83 83 83 83 83 83 83
46 46 46 61 61 46 9 9 9 9 83 83 56 56 56 56 56 56 83 83 83 83 83 83 83 83 83 83 83 83 83 83 83 83 83 83 83 83 83 83 83 83 83 83 83 83 83 83 83 83 83
46 46 46 61 61 46 9 9 9 9 83 83 56 56 56 56 56 56 83 83 83 83 83 83 83 83 83 83 83 83 83 83 83 83 83 83 83
46 46 46 61 61 46 9 9 9 9 83 83 56 56 56 56 56 56 83 83 83 83 83 83 83 83 83 83 83 83 83 83 83 83 83 83 83 83 83 83
46 46 46 61 61 46 9 9 9 9 83 83 56 56 56 56 56 56 83 83 83 83 83 83 83 83 83 83 83 83 83 83 83 83 83 83 83 83 83
46 46 46 61 61 46 9 9 9 9 83 83 56 56 56 56 56 56 83 83 83 83 83 83 83 83 83 83 83 83 83 83 83 83 83 83 83
46 46 46 61 61 46 9 9 9 9 83 83 56 56 56 56 56 56 83 83 83 83 83 83 83 83 83 83 83 83 83 83 83 83 83 83 83 83 83 83
46 46 46 61 61 46 9 9 9 9 83 56 56 56 56 56 56 83 83 83 83 83 83 83 83 83 83 83 83 83 83 83 83 83 83 83 83 83 83
46 46 46 61 61 46 9 9 9 9 83 83 56 56 56 56 56 56 83 83 83 83 83 83 83 83 83 83 83 83 83 83 83 83 83 83 83 83 83 83 83 83 83 83 83
46 46 46 61 61 46 9 9 9 9 83 83 56 56 56 56 56 56 83 83 83 83 83 83 83 83 83 83 83 83 83 83 83 83 83 83 83 83 83 83 83 83 83 83 83
46 46 46 61 61 46 9 9 9 9 83 83 56 56 56 56 56 56 83 83 83 83 83 83 83 83 83 83 83 83 83 83 83 83 83 83 83 83 83 83 83 83 83 83 83
46 46 46 61 61 46 9 9 9 9 83 83 56 56 56 56 56 56 83 83 83 83 83 83 83 83 83 83 83 83 83 83 83 83 83 83 83 83 83 83 83 83 83 83 83
46 46 46 61 61 46 9 9 9 9 83 83 56 56 56 56 56 56 83 83 83 83 83 83 83 83 83 83 83 83 83 83 83 83 83 83 83 83 83 83 83 83 83 83 83 83 83 83 83 83 83
46 46 46 61 61 46 9 9 9 9 83 83 56 56 56 56 56 56 83 83 83 83 83 83 83 83 83 83 83 83 83 83 83 83 83 83 83 83 83 83 83 83 83 83 83 83 83 83
46 46 46 61 61 46 9 9 9 9 83 83 56 56 56 56 56 56 83 83 83 83 83 83 83 83 83 83 83 83 83 83 83 83 83 83 83 83 83 83 83 83 83 83 83 83 83 83
46 46 46 61 61 46 9 9 9 9 83 83 56 56 56 56 56 56 83 83 83 83 83 83 83 83 83 83 83 83 83 83 83 83 83 83 83 83 83 83 83 83 83 83 83 83 83 83
46 46 46 61 61 46 9 9 9 9 83 83 56 56 56 56 56 56 83 83 83 83 83 83 83 83 83 83 83 83 83 83 83 83 83 83 83 83 83 83 83 83 83 83 83 83 83 83 83 83 83 83 83 83
46 46 46 61 61 46 9 9 9 9 83 83 56 56 56 56 56 56 83 83 83 83 83 83 83 83 83 83 83 83 83 83 83 83 83 83 83 83 83 83 83 83 83 83 83 83 83 83 83 83 83 83 83 83
46 46 46 61 61 46 9 9 9 9 83 83 56 56 56 56 56 56 83 83 83 83 83 83 83 83 83 83 83 83 83 83 83 83 83 83 83 83 83 83 83 83 83 83 83 83 83 83 83 83 83 83 83 83 83 83 83 83
46 46 46 61 61 46 9 9 9 9 83 83 56 56 56 56 56 56 83 83 83 83 83 83 83 83 83 83 83 83 83 83 83 83 83 83 83 83 83 83 83 83 83 83 83 83 83 83 83 83 83 83 83 83 83
46 46 46 61 61 46 9 9 9 9 83 83 46 46 46 46 61 61 83 83 9 83 9 9 9 83 83 83 83 83 83 83 83 83 83 83 83 83 83 83 83 83 83
46 46 46 61 61 46 9 9 9 9 83 83 46 46 46 46 61 61 83 83 9 83 9 9 9 83 83 83 83 83 83 83 83 83 83 83 83 83 83 83 83 83 83 83 83 83 83
46 46 46 61 61 46 9 9 9 9 83 83 56 56 56 56 56 56 83 83 83 83 83 83 83 83 83 83 83 83 83 83 83 83 83 83 83 83 83 83 83 83 83 83 83 83 83 83 83
46 46 46 61 61 46 9 9 9 9 83 83 56 56 56 56 56 56 83 83 83 83 83 83 83 83 83 83 83 83 83 83 83 83 83 83 83 83 83 83 83 83 83 83 83 83 83 83 83 83 83 83
46 46 46 61 61 46 9 9 9 9 83 83 56 56 56 56 56 56 83 83 83 83 83 83 83 83 83 83 83 83 83 83 83 83 83 83 83 83 83 83
46 46 46 61 61 46 9 9 9 9 83 83 46 46 46 46 61 61 83 83 9 9 9 9 83 83 83 83 83 83 83 83 83 83 83 83 83 83 83 83 83 83 83
46 46 46 61 61 46 9 9 9 9 83 83 56 56 56 56 56 56 83 83 83 83 83 83 83 83 83 83 83 83 83 83 83 83 83 83
46 46 46 61 61 46 9 9 9 9 83 83 46 46 46 46 61 61 83 83 9 9 9 9 83 83 83 83 83 83 83 83 83 83 83 83 83 83 83 83 83 83
46 46 46 61 61 46 9 9 9 9 83 83 56 56 56 56 56 56 83 83 83 83 83 83 83 83 83 83 83 83 83 83 83 83 83 83 83 83 83
46 46 46 61 61 46 9 9 9 9 83 83 56 56 56 56 56 56 83 83 83 83 83 83 83 83 83 83 83 83 83 83 83 83 83 83 83 83 83
46 46 46 61 61 46 9 9 9 9 83 83 56 56 56 56 56 56 83 83 83 83 83 83 83 83 83 83 83 83 83 83 83 83 83 83 83 83 83 83
46 46 46 61 61 46 9 9 9 9 83 83 56 56 56 56 56 56 83 83 83 83 83 83 83 83 83 83 83 83 83 83 83 83 83 83 83 83 83 83
46 46 46 61 61 46 9 9 9 9 83 83 56 56 56 56 56 56 83 83 83 83 83 83 83 83 83 83 83 83 83 83 83 83 83 83 83 83 83 83 83 83 83 83
46 46 46 61 61 46 9 9 9 9 83 83 56 56 56 56 56 56 83 83 83 83 83 83 83 83 83 83 83 83 83 83 83 83 83 83
46 46 46 61 61 46 9 9 9 9 83 83 56 56 56 56 56 56 83 83 83 83 83 83 83 83 83 83 83 83 83 83 83 83 83 83
46 46 46 61 61 46 9 9 9 9 83 83 56 56 56 56 56 56 83 83 83 83 83 83 83 83 83 83 83 83 83 83 83 83 83 83 83
46 46 46 61 61 46 9 9 9 9 83 83 56 56 56 56 56 56 83 83 83 83 83 83 83 83 83 83 83 83 83 83 83 83 83 83 83 83 83 83 83 83 83 83
46 46 46 61 61 46 9 9 9 9 83 83 56 56 56 56 56 56 83 83 83 83 83 83 83 83 83 83 83 83 83 83 83 83 83 83 83 83 83 83 83 83 83 83
46 46 46 61 61 46 9 9 9 9 83 83 56 56 56 56 56 56 83 83 83 83 83 83 83 83 83 83 83 83 83 83 83 83 83 83 83 83 83 83 83 83 83 83 83
46 46 46 61 61 46 9 9 9 9 83 83 56 56 56 56 56 56 83 83 83 83 83 83 83 83 83 83 83 83 83 83 83 83 83 83 83 83 83 83 83 83 83 83 83 83 83 83
46 46 46 61 61 46 9 9 9 9 83 83 56 56 56 56 56 56 83 83 83 83 83 83 83 83 83 83 83 83 83 83 83 83 83 83 83 83 83 83 83 83 83 83 83
46 46 46 61 61 46 9 9 9 9 83 83 56 56 56 56 56 56 83 83 83 83 83 83 83 83 83 83 83 83 83 83 83 83 83 83 83 83 83 83 83 83 83 83 83 83 83 83 83
46 46 46 61 61 46 9 9 9 9 83 83 56 56 56 56 56 56 83 83 83 83 83 83 83 83 83 83 83 83 83 83 83 83 83 83 83 83 83 83 83 83 83 83
46 46 46 61 61 46 9 9 9 9 83 83 56 56 56 56 56 56 83 83 83 83 83 83 83 83 83 83 83 83 83 83 83 83 83 83 83 83 83 83 83 83 83 83
46 46 46 61 61 46 9 9 9 9 83 83 46 46 46 46 61 61 83 83 9 9 9 9 83 83 83 83 83 83 83 83 83 83 83 83 83 83 83 83 83 83 83 83
46 46 46 61 61 46 9 9 9 9 83 83 56 56 56 56 56 56 83 83 83 83 83 83 83 83 83 83 83 83 83 83 83 83 83 83 83 83 83 83 83 83 83 83 83 83
46 46 46 61 61 46 9 9 9 9 83 83 56 56 56 56 56 56 83 83 83 83 83 83 83 83 83 83 83 83 83 83 83 83 83 83 83 83 83 83 83 83 83
46 46 46 61 61 46 9 9 9 9 83 83 56 56 56 56 56 56 83 83 83 83 83 83 83 83 83 83 83 83 83 83 83 83 83 83 83 83 83 83 83 83 83 83
46 46 46 61 61 46 9 9 9 9 83 83 56 56 56 56 56 56 83 83 83 83 83 83 83 83 83 83 83 83 83 83 83 83 83 83 83 83 83 83 83 83 83 83
46 46 46 61 61 46 9 9 9 9 83 83 56 56 56 56 56 56 83 83 83 83 83 83 83 83 83 83 83 83 83 83 83 83 83 83 83 83 83 83 83 83 83 83 83
46 46 46 61 61 46 9 9 9 9 83 83 56 56 56 56 56 56 83 83 83 83 83 83 83 83 83 83 83 83 83 83 83 83 83 83 83 83 83 83 83 83 83 83 83 83 83 83
46 46 46 61 61 46 9 9 9 9 83 83 56 56 56 56 56 56 83 83 83 83 83 83 83 83 83 83 83 83 83 83 83 83 83 83 83 83 83 83 83 83 83 83 83 83 83 83
46 46 46 61 61 46 9 9 9 9 83 83 56 56 56 56 56 56 83 83 83 83 83 83 83 83 83 83 83 83 83 83 83 83 83 83 83 83 83 83 83 83 83 83 83
46 46 46 61 61 46 9 9 9 9 83 83 56 56 56 56 56 56 83 83 83 83 83 83 83 83 83 83 83 83 83 83 83 83 83 83 83 83 83 83 83 83 83 83 83 83 83 83
46 46 46 61 61 46 9 9 9 9 83 83 56 56 56 56 56 56 83 83 83 83 83 83 83 83 83 83 83 83 83 83 83 83 83 83 83 83 83 83 83 83 83 83 83 83 83 83 83 83 83
46 46 46 61 61 46 9 9 9 9 83 83 56 56 56 56 56 56 83 83 83 83 83 83 83 83 83 83 83 83 83 83 83 83 83 83 83 83 83 83 83 83 83 83 83 83 83 83 83 83 83 83 83 83
46 46 46 61 61 46 9 9 9 9 83 83 56 56 56 56 56 56 83 83 83 83 83 83 83 83 83 83 83 83 83 83 83 83 83 83 83 83 83 83 83 83 83 83 83 83 83
46 46 46 61 61 46 9 9 9 9 83 83 46 46 46 46 61 61 83 83 83 9 9 9 9 83 83 83 83 83 83 83 83 83 83 83 83 83 83 83 83 83 83
46 46 46 61 61 46 9 9 9 9 83 83 46 46 46 46 61 61 83 83 83 9 9 9 9 83 83 83 83 83 83 83 83 83 83 83 83 83 83 83 83 83 83 83 83 83
46 46 46 61 61 46 9 9 9 9 83 83 46 46 46 46 61 61 83 83 9 9 9 9 83 83 83 83 83 83 83 83 83 83 83 83 83 83 83 83
46 46 46 61 61 46 9 9 9 9 83 83 56 56 56 56 56 56 83 83 83 83 83 83 83 83 83 83 83 83 83 83 83 83
46 46 46 61 61 46 9 9 9 9 83 83 56 56 56 56 56 56 83 83 83 83 83 83 83 83 83 83 83 83 83 83 83 83 83 83 83 83 83 83 83 83 83 83 83 83
46 46 46 61 61 46 9 9 9 9 83 83 56 56 56 56 56 56 83 83 83 83 83 83 83 83 83 83 83 83 83 83 83 83 83 83 83 83 83 83 83 83
46 46 46 61 61 46 9 9 9 9 83 83 56 56 56 56 56 56 83 83 83 83 83 83 83 83 83 83 83 83 83 83 83 83
46 46 46 61 61 46 9 9 9 9 83 83 56 56 56 56 56 56 83 83 83 83 83 83 83 83 83 83 83 83 83 83 83 83 83 83 83
46 46 46 61 61 46 9 9 9 9 83 83 56 56 56 56 56 56 83 83 83 83 83 83 83 83 83 83 83 83 83 83 83 83 83 83 83 83 83 83 83 83 83 83 83 83
46 46 46 61 61 46 9 9 9 9 83 83 56 56 56 56 56 56 83 83 83 83 83 83 83 83 83 83 83 83 83 83 83 83 83 83 83 83 83 83 83 83 83 83 83 83 83 83 83
46 46 46 61 61 46 9 9 9 9 83 83 56 56 56 56 56 56 83 83 83 83 83 83 83 83 83 83 83 83 83 83 83 83 83 83 83 83 83 83 83 83 83 83 83 83 83 83 83
46 46 46 61 61 46 9 9 9 9 83 83 56 56 56 56 56 56 83 83 83 83 83 83 83 83 83 83 83 83 83 83 83 83 83 83 83 83 83 83 83 83 83 83 83 83
46 46 46 61 61 46 9 9 9 9 83 83 56 56 56 56 56 56 83 83 83 83 83 83 83 83 83 83 83 83 83 83 83 83 83 83 83 83 83 83 83 83 83 83 83 83 83 83 83
46 46 46 61 61 46 9 9 9 9 83 83 56 56 56 56 56 56 83 83 83 83 83 83 83 83 83 83 83 83 83 83 83 83 83 83 83 83 83 83 83 83 83 83 83 83
46 46 46 61 61 46 9 9 9 9 83 83 56 56 56 56 56 56 83 83 83 83 83 83 83 83 83 83 83 83 83 83 83 83 83 83 83 83 83 83 83 83 83 83 83 83
46 46 46 61 61 46 9 9 9 9 83 83 56 56 56 56 56 56 83 83 83 83 83 83 83 83 83 83 83 83 83 83 83 83 83 83 83 83 83 83 83 83
46 46 46 61 61 46 9 9 9 9 83 83 56 56 56 56 56 56 83 83 83 83 83 83 83 83 83 83 83 83 83 83 83 83 83 83 83 83 83 83 83 83
46 46 46 61 61 46 9 9 9 9 83 83 56 56 56 56 56 56 83 83 83 83 83 83 83 83 83 83 83 83 83 83 83 83 83 83 83 83 83 83 83 83 83 83 83
46 46 46 61 61 46 9 9 9 9 83 83 56 56 56 56 56 56 83 83 83 83 83 83 83 83 83 83 83 83 83 83 83 83 83 83 83 83 83 83 83 83
46 46 46 61 61 46 9 9 9 9 83 83 56 56 56 56 56 56 83 83 83 83 83 83 83 83 83 83 83 83 83 83 83 83 83 83 83 83 83 83 83 83 83 83 83
46 46 46 61 61 46 9 9 9 9 83 83 46 46 46 46 61 61 83 83 9 9 9 9 83 83 83 83 83 83 83 83 83 83 83 83 83 83 83 83
46 46 46 61 61 46 9 9 9 9 83 83 46 46 46 46 61 61 83 83 9 9 9 9 83 83 83 83 83 83 83 83 83 83 83 83 83 83 83 83 83 83 83 83
46 46 46 61 61 46 9 9 9 9 83 83 46 46 46 46 61 61 83 83 9 9 9 9 83 83 83 83 83 83 83 83 83 83 83 83 83 83 83 83 83 83 83 83
46 46 46 61 61 46 9 9 9 9 83 83 56 56 56 56 56 56 83 83 83 56 56 56 56 56 56 83 83 83 83 83 83 83 83 83 83 83 83 83 83 83 83 83 83
46 46 46 61 61 46 9 9 9 9 83 56 56 56 56 56 56 83 83 83 83 83 83 83 83 83 83 83 83 83 83 83 83 83 83 83 83
46 46 46 61 61 46 9 9 9 9 83 56 56 56 56 56 56 83 83 83 83 83 83 83 83 83 83 83 83 83 83 83 83 83 83 83 83 83 83 83
46 46 46 61 61 46 9 9 9 9 83 83 83 83 83 56 56 56 56 56 56 40 40 40 40 40 83 83 83 83 83 83 83 83 83 83 83 83 83 83 83 83 83 83 83 83 83 83 83 83 83 83 83
46 46 46 61 61 46 9 9 9 9 83 83 83 83 83 56 56 56 56 56 56 40 40 40 40 40 83 83 83 83 83 83 83 83 83 83 83 83 83 83 83 83 83 83 83 83 83 83 83 83 83 83 83
46 46 46 61 61 46 9 9 9 9 83 83 83 83 83 56 56 56 56 56 56 40 40 40 40 40 83 83 83 83 83 83 83 83 83 83 83 83 83 83 83 83 83 83 83 83 83 83 83 83 83 83 83 83 83 83 83
46 46 46 61 61 46 9 9 9 9 83 83 83 83 83 56 56 56 56 56 56 83 83 56 56 56 56 56 56 83 83 83 83 83 83 83 83 83 83 83 83 83 83 83 83 83 83 83 83 83 83
46 46 46 61 61 46 9 9 9 9 83 83 56 56 56 56 56 56 83 83 83 83 83 83 83 83 83 83 83 83 83 83 83 83 83 83 83
46 46 46 61 61 46 9 9 9 9 83 83 56 56 56 56 56 56 83 83 83 83 83 83 83 83 83 83 83 83 83 83 83 83 83 83 83 83 83 83 83
46 46 46 61 61 46 9 9 9 9 83 83 56 56 56 56 56 56 83 83 83 83 83 83 83 83 83 83 83 83 83 83 83 83 83 83 83 83 83 83 83
46 46 46 61 61 46 9 9 9 9 83 83 56 56 56 56 56 56 83 83 83 83 83 83 83 83 83 83 83 83 83 83 83 83 83 83 83 83 83 83 83
46 46 46 61 61 46 9 9 9 9 83 83 56 56 56 56 56 56 83 83 83 83 83 83 83 83 83 83 83 83 83 83 83 83 83 83 83
46 46 46 61 61 46 9 9 9 9 83 83 56 56 56 56 56 56 83 83 83 83 83 83 83 83 83 83 83 83 83 83 83 83 83 83 83
46 46 46 61 61 46 9 9 9 9 83 83 56 56 56 56 56 56 83 83 83 83 83 83 83 83 83 83 83 83 83 83 83 83 83 83 83
46 46 46 61 61 46 9 9 9 9 83 83 56 56 56 56 56 56 83 83 83 83 83 83 83 83 83 83 83 83 83 83 83 83 83 83 83
46 46 46 61 61 46 9 9 9 9 83 83 56 56 56 56 56 56 83 83 83 83 83 83 83 83 83 83 83 83 83 83 83 83 83 83 83 83 83 83 83 83 83 83
46 46 46 61 61 46 9 9 9 9 83 83 56 56 56 56 56 56 83 83 83 83 83 83 83 83 83 83 83 83 83 83 83 83 83 83 83 83 83 83 83 83 83 83
46 46 46 61 61 46 9 9 9 9 83 83 56 56 56 56 56 56 83 83 83 83 83 83 83 83 83 83 83 83 83 83 83 83 83 83 83 83 83 83
46 46 46 61 61 46 9 9 9 9 83 83 56 56 56 56 56 56 83 83 83 83 83 83 83 83 83 83 83 83 83 83 83 83 83 83 83 83 83 83
46 46 46 61 61 46 9 9 9 9 83 83 56 56 56 56 56 56 83 83 83 83 83 83 83 83 83 83 83 83 83 83 83 83 83 83 83 83 83 83
46 46 46 61 61 46 9 9 9 9 83 56 56 56 56 56 56 83 83 83 83 83 83 83 83 83 83 83 83 83 83 83 83 83 83
46 46 46 61 61 46 9 9 9 9 83 56 56 56 56 56 56 83 83 83 83 83 83 83 83 83 83 83 83 83 83 83 83 83 83 83 83 83
46 46 46 61 61 46 9 9 9 9 83 83 56 56 56 56 56 56 83 83 83 83 83 83 83 83 83 83 83 83 83 83 83 83 83 83 83 83 83 83 83 83 83 83 83 83 83 83 83
46 46 46 61 61 46 9 9 9 9 83 83 56 56 56 56 56 56 83 83 83 83 83 83 83 83 83 83 83 83 83 83 83 83 83 83 83 83 83 83 83 83 83 83 83 83 83 83 83 83 83 83
46 46 46 61 61 46 9 9 9 9 83 83 56 56 56 56 56 56 83 83 83 83 83 83 83 83 83 83 83 83 83 83 83 83 83 83 83 83 83 83 83 83 83 83 83 83 83 83
46 46 46 61 61 46 9 9 9 9 83 83 56 56 56 56 56 56 83 83 83 83 83 83 83 83 83 83 83 83 83 83 83 83 83 83 83 83 83 83 83 83 83 83 83
46 46 46 61 61 46 9 9 9 9 83 83 56 56 56 56 56 56 83 83 83 83 83 83 83 83 83 83 83 83 83 83 83 83 83 83 83 83 83 83 83
46 46 46 61 61 46 9 9 9 9 83 83 56 56 56 56 56 56 83 83 83 83 83 83 83 83 83 83 83 83 83 83 83 83 83 83 83
46 46 46 61 61 46 9 9 9 9 83 83 56 56 56 56 56 56 83 83 83 83 83 83 83 83 83 83 83 83 83 83 83 83 83 83 83 83 83 83 83 83 83 83 83 83 83
46 46 46 61 61 46 9 9 9 9 83 83 56 56 56 56 56 56 83 83 83 83 83 83 83 83 83 83 83 83 83 83 83 83 83 83 83 83 83 83 83 83 83
46 46 46 61 61 46 9 9 9 9 83 83 56 56 56 56 56 56 83 83 83 83 83 83 83 83 83 83 83 83 83 83 83 83 83 83 83 83 83
46 46 46 61 61 46 9 9 9 9 83 83 83 83 56 56 56 56 56 56 83 83 83 83 83 83 83 83 83 83 83 83 83 83 83 83 83 83 83 83 83 83 83
46 46 46 61 61 46 9 9 9 9 83 83 83 83 37 37 37 36 36 79 79 79 79 83 83 83 83 83 83 83 83 83 83 83 83 83 83 83 83 83 83 83 83 83 83 83 83 83 83 83
46 46 46 61 61 46 9 9 9 9 83 83 83 83 37 37 37 36 36 79 79 79 79 83 83 83 83 83 83 83 83 83 83 83 83 83 83 83 83 83 83 83 83 83
46 46 46 61 61 46 9 9 9 9 83 83 83 83 46 46 46 61 61 46 9 9 9 9 83 83 83 83 83 83 83 83 83 83 83 83 83 83 83 83 83 83 83 83 83 83 83 83 83 83 83 83
46 46 46 61 61 46 9 9 9 9 83 83 83 83 37 36 36 37 37 79 79 79 79 83 83 83 83 83 83 83 83 83 83 83 83 83 83 83 83 83 83 83 83 83 83
46 46 46 61 61 46 9 9 9 9 83 83 83 83 37 36 36 37 37 79 79 79 79 83 83 83 83 83 83 83 83 83 83 83 83 83 83 83 83 83 83 83 83 83 83
46 46 46 61 61 46 9 9 9 9 83 83 83 83 37 36 36 37 37 79 79 79 79 83 83 83 83 83 83 83 83 83 83 83 83 83 83 83 83 83 83 83 83 83 83 83 83 83 83
46 46 46 61 61 46 83 83 9 9 9 9 83 66 65 65 66 66 65 65 22 22 22 22 22 22 22 22 83 83 83 83 83 83 83 83 83 83 83 83 83 83 83 83 83 83
46 46 46 61 61 46 9 9 9 9 83 83 83 83 37 37 37 36 36 79 79 79 79 83 83 83 83 83 83 83 83 83 83 83 83 83 83 83 83 83 83 83 83 83 83 83
46 46 46 61 61 46 9 9 9 9 83 83 83 83 37 37 37 36 36 79 79 79 79 83 83 83 83 83 83 83 83 83 83 83 83 83 83 83 83 83 83 83 83 83 83 83
46 46 46 61 61 46 9 9 9 9 83 83 83 83 83 83 83 83 83 83 83 83 83
46 46 46 61 61 46 9 9 9 9 83 83 83 83 83 83 83 83 83 83 83 83 83 83 83 83
44 44 44 62 62 44 12 13 13 12 83 83 32 32 32 32 83 56 56 56 56 56 56 83 83 83 83 83 83 83 83 83 83 83 83 83 83 83 83 83 83
44 44 44 62 62 44 12 13 13 12 83 83 32 32 32 32 83 56 56 56 56 56 56 83 83 83 83 83 83 83 83 83 83 83 83 83 83 83 83 83 83 83 83 83 83 83 83 83 83 83 83 83 83 83 83 83 83 83 83 83
44 44 44 62 62 44 12 13 13 12 83 83 32 32 32 32 83 56 56 56 56 56 56 83 83 83 83 83 83 83 83 83 83 83 83 83 83 83 83 83 83 83 83 83 83
44 44 44 62 62 44 12 13 13 12 83 83 32 32 32 32 83 56 56 56 56 56 56 83 83 83 83 83 83 83 83 83 83 83 83 83 83 83 83 83 83 83 83 83 83 83 83 83 83
44 44 44 62 62 44 12 13 13 12 83 83 32 32 32 32 83 56 56 56 56 56 56 83 83 83 83 83 83 83 83 83 83 83 83 83 83 83 83 83 83
44 44 44 62 62 44 12 13 13 12 83 83 32 32 32 32 83 56 56 56 56 56 56 83 83 83 83 83 83 83 83 83 83 83 83 83 83 83 83 83 83
44 44 44 62 62 44 12 13 13 12 83 83 32 32 32 32 83 83 83 56 56 56 56 56 56 83 83 83 83 83 83 83 83 83 83 83 83 83 83 83 83 83 83 83
46 46 46 61 61 46 9 9 9 9 83 56 56 56 56 56 56 83 83 83 83 83 83 83 83 83 83 83 83 83 83 83 83 83 83 83 83 83 83 83 83 83 83 83 83 83 83 83 83 83 83 83 83
46 46 46 61 61 46 9 9 9 9 83 56 56 56 56 56 56 83 83 83 83 83 83 83 83 83 83 83 83 83 83 83 83 83 83 83 83 83 83 83 83 83 83 83 83 83 83 83 83 83 83 83 83 83 83
46 46 46 61 61 46 9 9 9 9 83 56 56 56 56 56 56 83 83 83 83 83 83 83 83 83 83 83 83 83 83 83 83 83 83 83 83 83 83 83 83 83 83 83 83 83 83 83 83 83 83 83 83
46 46 46 61 61 46 9 9 9 9 83 83 56 56 56 56 56 56 83 83 83 83 83 83 83 83 83 83 83 83 83 83 83 83 83 83 83 83 83 83 83 83 83 83 83 83 83 83 83 83 83
46 46 46 61 61 46 9 9 9 9 83 83 56 56 56 56 56 56 83 83 83 83 83 83 83 83 83 83 83 83 83 83 83 83 83 83 83 83 83 83 83 83 83 83 83 83 83
46 46 46 61 61 46 9 9 9 9 83 56 83 83 56 56 56 56 56 83 83 83 83 83 83 83 83 83 83 83 83 83 83 83 83 83 83 83 83 83 83 83 83 83
46 46 46 61 61 46 9 9 9 9 83 56 83 83 56 56 56 56 56 83 83 83 83 83 83 83 83 83 83 83 83 83 83 83 83 83 83 83 83 83 83 83 83 83 83 83 83 83
46 46 46 61 61 46 9 9 9 9 83 56 83 83 56 56 56 56 56 83 83 83 83 83 83 83 83 83 83 83 83 83 83 83 83 83 83 83 83 83 83 83 83 83 83 83 83 83
46 46 46 61 61 46 9 9 9 9 56 83 83 56 56 56 56 56 83 83 83 83 83 83 83 83 83 83 83 83 83 83 83 83 83 83 83 83 83 83 83 83 83 83 83 83 83 83 83 83 83
46 46 46 61 61 46 9 9 9 9 56 83 83 56 56 56 56 56 83 83 83 83 83 83 83 83 83 83 83 83 83 83 83 83 83 83 83 83 83 83 83 83 83 83 83 83 83 83 83 83 83 83 83 83
54 54 54 53 53 54 75 75 75 83 56 83 83 56 56 56 56 56 83 83 83 83 83 83 83 83 83 83 83 83 83 83 83 83 83 83 83 83 83 83 83 83 83 83 83 83 83 83 83 83 83
54 54 54 53 53 54 75 75 75 83 56 83 83 56 56 56 56 56 83 83 83 83 83 83 83 83 83 83 83 83 83 83 83 83 83 83 83 83 83 83 83 83 83 83 83 83 83 83 83 83 83 83 83 83
54 54 54 53 53 54 75 75 75 83 56 83 83 56 56 56 56 56 83 83 83 83 83 83 83 83 83 83 83 83 83 83 83 83 83 83 83 83 83 83 83 83 83 83
54 54 54 53 53 54 75 75 75 83 56 83 83 56 56 56 56 56 83 83 83 83 83 83 83 83 83 83 83 83 83 83
54 54 54 53 53 54 75 75 75 83 56 83 83 56 56 56 56 56 83 83 83 83 83 83 83 83 83 83 83 83 83 83
54 54 54 53 53 54 75 75 75 83 56 83 83 56 56 56 56 56 83 83 83 83 83 83 83 83 83 83 83 83 83 83 83 83 83 83 83 83 83 83
54 54 54 53 53 54 75 75 75 83 56 83 83 56 56 56 56 56 83 83 83 83 83 83 83 83 83 83 83 83 83 83 83 83 83 83 83 83 83 83 83 83 83 83 83
54 54 54 53 53 54 75 75 75 83 56 83 83 56 56 56 56 56 83 83 83 83 83 83 83 83 83 83 83 83 83 83 83 83 83 83 83 83 83 83 83
54 54 54 53 53 54 75 75 75 83 56 83 83 56 56 56 56 56 83 83 83 83 83 83 83 83 83 83 83 83 83 83 83 83 83 83 83
54 54 54 53 53 54 75 75 75 83 56 83 83 56 56 56 56 56 83 83 83 83 83 83 83 83 83 83 83 83 83 83 83 83 83 83 83 83 83 83 83
54 54 54 53 53 54 75 75 75 83 56 83 83 56 56 56 56 56 83 83 83 83 83 83 83 83 83 83 83 83 83 83 83 83 83 83 83 83 83 83 83 83 83 83 83 83 83
54 54 54 53 53 54 75 75 75 83 56 83 83 56 56 56 56 56 83 83 83 83 83 83 83 83 83 83 83 83 83 83 83
54 54 54 53 53 54 75 75 75 83 46 83 83 46 46 46 61 61 83 9 9 9 9 83 83 83 83 83 83 83 83 83 83 83 83 83 83 83 83
54 54 54 53 53 54 75 75 75 83 56 83 83 56 56 56 56 56 83 83 83 83 83 83 83 83 83 83 83 83 83 83 83
54 54 54 53 53 54 75 75 75 83 56 83 83 56 56 56 56 56 83 83 83 83 83 83 83 83 83 83 83 83 83 83 83 83 83 83 83 83 83 83 83 83 83 83 83 83 83 83 83
54 54 54 53 53 54 75 75 75 83 56 83 83 56 56 56 56 56 83 83 83 83 83 83 83 83 83 83 83 83 83 83 83 83 83 83 83 83 83 83 83 83 83 83
54 54 54 53 53 54 75 75 75 83 56 83 83 56 56 56 56 56 83 83 83 83 83 83 83 83 83 83 83 83 83 83 83 83 83 83
54 54 54 53 53 54 75 75 75 83 46 83 83 46 46 46 61 61 83 9 9 9 9 83 83 83 83 83 83 83 83 83 83 83 83 83 83 83 83 83 83 83
54 54 54 53 53 54 75 75 75 83 56 83 83 56 56 56 56 56 83 83 83 83 83 83 83 83 83 83 83 83 83 83 83 83 83 83 83 83 83 83
54 54 54 53 53 54 75 75 75 83 56 83 83 56 56 56 56 56 83 83 83 83 83 83 83 83 83 83 83 83 83 83
54 54 54 53 53 54 75 75 75 83 46 83 83 46 46 46 61 61 83 9 9 9 9 83 83 83 83 83 83 83 83 83 83 83 83 83 83 83
54 54 54 53 53 54 75 75 75 83 46 83 83 46 46 61 61 46 83 9 9 9 9 83 83 83 83 83 83 83 83 83 83 83 83 83 83 83
54 54 54 53 53 54 75 75 75 83 56 83 83 56 56 56 56 56 83 83 83 83 83 83 83 83 83 83 83 83 83 83 83 83 83 83 83 83 83 83 83 83 83 83 83 83 83 83 83 83 83 83
54 54 54 53 53 54 75 75 75 83 83 83 83 56 56 56 56 56 56 83 83 83 83 83 83 83 83 83 83 83 83 83 83 83 83 83 83 83 83 83 83 83 83 83
54 54 54 53 53 54 75 75 75 83 83 83 83 56 56 56 56 56 56 83 83 83 83 83 83 83 83 83 83 83 83 83 83 83 83 83 83 83 83 83
54 54 54 53 53 54 75 75 75 83 83 83 83 56 56 56 56 56 56 83 83 83 83 83 83 83 83 83 83 83 83 83 83 83 83 83 83 83 83 83 83 83 83 83 83 83 83
54 54 54 53 53 54 75 75 75 83 83 83 83 56 56 56 56 56 56 83 83 83 83 83 83 83 83 83 83 83 83 83 83 83 83 83 83 83 83 83 83 83 83
54 54 54 53 53 54 75 75 75 83 83 83 83 56 56 56 56 56 56 83 83 40 40 40 40 40 83 83 83 83 83 83 83 83 83 83 83 83 83 83
54 54 54 53 53 54 75 75 75 56 83 83 56 56 56 56 56 83 83 83 83 83 83 83 83 83 83 83 83 83 83
54 54 54 53 53 54 75 75 75 83 83 83 83 56 56 56 56 56 56 83 83 83 83 83 83 83 83 83 83 83 83
54 54 54 53 53 54 75 75 75 83 83 83 83 46 61 61 46 46 46 9 9 9 9 83 83 83 83 83 83 83 83 83 83 83 83 83 83
54 54 54 53 53 54 75 75 75 83 83 83 83 46 46 61 61 46 46 9 9 9 9 83 83 83 83 83 83 83 83 83 83 83 83 83 83
54 54 54 53 53 54 75 75 75 83 83 83 83 46 61 61 46 46 46 9 9 9 9 83 83 83 83 83 83 83 83 83 83 83 83 83 83 83
54 54 54 53 53 54 75 75 75 83 83 83 83 46 46 61 61 46 46 9 9 9 9 83 83 83 83 83 83 83 83 83 83 83 83 83 83 83
54 54 54 53 53 54 75 75 75 83 83 83 83 46 46 61 61 46 46 9 9 9 9 83 83 83 83 83 83 83 83 83 83 83 83 83 83
54 54 54 53 53 54 75 75 75 83 83 83 83 56 56 56 56 56 56 83 56 56 56 56 56 56 83 83 83 83 83 83 83 83 83 83 83 83 83 83 83 83 83
54 54 54 53 53 54 75 75 75 83 83 83 83 56 56 56 56 56 56 83 56 56 56 56 56 56 83 83 83 83 83 83 83 83 83 83 83 83 83 83 83 83 83
54 54 54 53 53 54 75 75 75 83 83 83 83 56 56 56 56 56 56 56 56 56 56 56 56 83 83 83 83 83 83 83 83 83 83 83 83 83 83 83 83 83
54 54 54 53 53 54 75 75 75 83 83 83 83 46 46 61 61 46 46 9 9 9 9 83 83 83 83 83 83 83 83 83 83 83 83 83 83 83 83 83 83
54 54 54 53 53 54 75 75 75 83 83 83 83 56 56 56 56 56 56 83 83 83 83 83 83 83 83 83 83 83 83 83
54 54 54 53 53 54 75 75 75 83 83 83 83 56 56 56 56 56 56 83 83 83 83 83 83 83 83 83 83 83 83 83 83 83 83
54 54 54 53 53 54 75 75 75 83 83 83 83 56 56 56 56 56 56 83 83 83 83 83 83 83 83 83 83 83 83 83 83 83 83
54 54 54 53 53 54 75 75 75 83 83 83 83 56 56 56 56 56 56 83 83 83 83 83 83 83 83 83 83 83 83 83 83 83 83 83
54 54 54 53 53 54 75 75 75 83 83 83 83 56 56 56 56 56 56 83 83 83 83 83 83 83 83 83 83 83 83 83 83 83 83 83 83 83 83 83 83 83 83
54 54 54 53 53 54 75 75 75 83 56 83 83 56 56 56 56 56 83 83 83 83 83 83 83 83 83 83 83 83 83 83 83 83 83 83 83 83 83 83 83 83 83 83 83 83 83 83 83 83 83 83 83
54 54 54 53 53 54 75 75 75 83 56 83 83 56 56 56 56 56 83 83 83 83 83 83 83 83 83 83 83 83 83 56 56 56 56 56 56 83 83 83 83 83 83 83 83 83 83 83 83 83 83 83 83 83 83 83 83 83 83 83 83 83 83
54 54 54 53 53 54 75 75 75 83 83 83 56 56 56 56 56 56 83 83 83 83 83 83 83 83 83 83 83 83 83 83 83 83 83 83 83 83
54 54 54 53 53 54 75 75 75 83 83 83 56 56 56 56 56 56 83 83 83 83 83 83 83 83 83 83 83 83 83 83 83 83 83 83 83 83 83 83 83
54 54 54 53 53 54 75 75 75 83 83 83 56 56 56 56 56 56 83 83 83 83 83 83 83 83 83 83 83 83 83 83 83 83 83 83 83 83 83 83 83 83 83 83
54 54 54 53 53 54 75 75 75 83 83 83 56 56 56 56 56 56 83 83 83 83 83 83 83 83 83 83 83 83 83 83 83 83 83 83 83 83 83 83 83 83
54 54 54 53 53 54 75 75 75 83 83 83 56 56 56 56 56 56 83 83 83 83 83 83 83 83 83 83 83 83 83 83 83 83 83 83 83 83 83 83 83 83 83 83 83
54 54 54 53 53 54 75 75 75 83 83 83 56 56 56 56 56 56 83 83 83 83 83 83 83 83 83 83 83 83 83 83 83 83 83 83 83 83 83 83 83 83 83 83 83 83 83 83
54 54 54 53 53 54 75 75 75 83 83 56 56 56 56 56 56 83 83 83 83 83 83 83 83 83 83 83 83 83 83 83 83 83 83 83 83 83 83 83 83
54 54 54 53 53 54 75 75 75 83 83 56 56 56 56 56 56 83 83 83 83 83 83 83 83 83 83 83 83 83 83 83 83 83 83 83 83 83 83 83 83 83 83 83
54 54 54 53 53 54 75 75 75 83 83 83 56 56 56 56 56 56 83 83 83 83 83 83 83 83 83 83 83 83
54 54 54 53 53 54 75 75 75 83 83 83 56 56 56 56 56 56 83 83 83 83 83 83 83 83 83 83 83 83
54 54 54 53 53 54 75 75 75 83 83 83 56 56 56 56 56 56 83 83 83 83 83 83 83 83 83 83 83 83 83 83 83
54 54 54 53 53 54 75 75 75 83 83 56 56 56 56 56 56 83 83 83 83 83 83 83 83 83 83 83 83 83
54 54 54 53 53 54 75 75 75 83 83 56 56 56 56 56 56 83 83 83 83 83 83 83 83 83 83 83 83 83 83 83 83
49 49 49 55 55 49 82 81 81 83 83 29 29 29 29 83 83 83 83 83 83 83 83 83 83 83 83
51 51 51 50 50 51 70 69 69 83 83 33 33 33 33 33 83 83 83 83 83 83 83 83 83 83 83 83 83 83
54 54 54 52 52 54 72 71 71 83 83 24 24 24 24 24 24 83 83 83 83 83 83 83 83 83 83 83 83 83 83 83 83
54 54 54 53 53 54 75 73 73 83 83 26 26 26 26 26 26 26 26 26 26 83 83 83 83 83 83 83 83 83 83 83 83 83 83 83 83 83 83 83 83 83 83 83 83
49 49 49 55 55 49 82 81 81 83 83 29 29 29 29 56 56 56 56 56 56 83 83 83 83 83 83 83 83 83 83 83 83 83 83 83
54 54 54 53 53 54 75 75 75 83 83 83 83 56 56 56 56 56 56 83 83 83 83 83 83 83 83 83 83 83 83 83 83 83 83 83 83 83 83 83 83 83 83 83 83
54 54 54 53 53 54 75 75 75 83 83 56 56 56 56 56 56 83 83 83 83 83 83 83 83 83 83 83 83 83 83 83 83 83 83 83 83 83 83 83 83 83 83 83 83
54 54 54 53 53 54 75 75 75 83 83 56 56 56 56 56 56 83 83 83 83 83 83 83 83 83 83 83 83 83 83 83 83 83 83 83 83 83 83 83 83 83 83 83
54 54 54 53 53 54 75 75 75 83 83 83 83 83 56 56 56 56 56 56 83 83 83 83 83 83 83 83 83 83 83 83 83 83 83 83 83 83 83 83 83 83 83 83
54 54 54 53 53 54 75 75 75 83 83 83 83 83 56 56 56 56 56 56 83 83 83 83 83 83 83 83 83 83 83 83 83 83 83 83 83 83 83 83
54 54 54 53 53 54 75 75 75 83 83 83 83 83 56 56 56 56 56 56 83 83 83 83 83 83 83 83 83 83 83 83 83 83 83 83 83 83 83 83 83 83 83 83 83 83 83
54 54 54 53 53 54 75 75 75 83 83 83 83 83 56 56 56 56 56 56 83 83 83 83 83 83 83 83 83 83 83 83 83 83 83 83 83 83 83 83 83 83 83
54 54 54 53 53 54 75 75 75 83 83 83 83 83 56 56 56 56 56 56 83 83 40 40 40 40 40 83 83 83 83 83 83 83 83 83 83 83 83 83
54 54 54 53 53 54 75 75 75 56 83 83 56 56 56 56 56 83 83 83 83 83 83 83 83 83 83 83
54 54 54 53 53 54 75 75 75 56 83 83 56 56 56 56 56 83 83 83 83 83 83 83 83 83 83 83
54 54 54 53 53 54 75 75 75 56 83 83 56 56 56 56 56 83 83 83 83 83 83 83 83 83 83 83
54 54 54 53 53 54 75 75 75 56 83 83 56 56 56 56 56 83 83 83 83 83 83 83 83 83 83 83 83 83 83 83 83 83 83 83 83 83 83 83
54 54 54 53 53 54 75 75 75 83 83 83 83 44 62 62 44 44 44 12 13 13 12 32 32 32 32 83 83 83 83 83 83 83 83 83 83 83 83 83 83 83 83 83
54 54 54 53 53 54 75 75 75 83 83 83 83 44 44 62 62 44 44 12 13 13 12 32 32 32 32 83 83 83 83 83 83 83 83 83 83 83 83 83 83 83 83 83
54 54 54 53 53 54 75 75 75 83 83 83 83 49 55 55 49 49 49 82 81 81 29 29 29 29 83 83 83 83 83 83 83 83 83 83 83 83 83 83 83 83 83
54 54 54 53 53 54 75 75 75 83 83 83 83 49 55 55 49 49 49 82 81 81 29 29 29 29 83 83 83 83 83 83 83 83 83 83 83 83 83 83 83 83 83
54 54 54 53 53 54 75 75 75 83 83 83 83 49 55 55 49 49 49 82 81 81 29 29 29 29 83 83 83 83 83 83 83 83 83 83 83 83 83 83 83 83 83 83 83
54 54 54 53 53 54 75 75 75 83 83 83 83 49 55 55 49 49 49 82 81 81 29 29 29 29 83 83 83 83 83 83 83 83 83 83 83 83 83 83 83 83 83 83 83 83 83 83
54 54 54 53 53 54 75 75 75 83 83 83 83 49 55 55 49 49 49 82 81 81 29 29 29 29 83 83 83 83 83 83 83 83 83 83 83 83 83 83 83 83 83 83
54 54 54 53 53 54 75 75 75 83 83 83 83 49 55 55 49 49 49 82 81 81 29 29 29 29 83 83 83 83 83 83 83 83 83 83 83 83 83 83 83 83
54 54 54 53 53 54 75 75 75 83 83 83 83 49 55 55 49 49 49 82 81 81 29 29 29 29 83 83 83 83 83 83 83 83 83 83 83 83 83 83 83 83
54 54 54 53 53 54 75 75 75 83 83 83 83 49 55 55 49 49 49 82 81 81 29 29 29 29 83 83 83 83 83 83 83 83 83 83 83 83 83 83 83 83 83 83 83 83 83 83
54 54 54 53 53 54 75 75 75 83 83 83 83 49 55 55 49 49 49 82 81 81 29 29 29 29 83 83 83 83 83 83 83 83 83 83 83 83 83 83 83 83 83 83 83 83 83 83 83 83 83
54 54 54 53 53 54 75 75 75 83 83 83 83 56 56 56 56 56 56 56 56 56 56 56 56 83 83 83 83 83 83 83 83 83 83 83 83 83 83 83 83
54 54 54 53 53 54 75 75 75 83 83 83 83 56 56 56 56 56 56 56 56 56 56 56 56 83 83 83 83 83 83 83 83 83 83 83 83 83 83 83 83
54 54 54 53 53 54 75 75 75 83 83 83 83 56 56 56 56 56 56 56 56 56 56 56 56 83 83 83 83 83 83 83 83 83 83 83 83 83 83 83 83
54 54 54 53 53 54 75 75 75 83 83 83 83 56 56 56 56 56 56 56 56 56 56 56 56 83 83 83 83 83 83 83 83 83 83 83 83 83 83 83 83 83
54 54 54 53 53 54 75 75 75 83 83 83 83 56 56 56 56 56 56 56 56 56 56 56 56 83 83 83 83 83 83 83 83 83 83 83 83 83 83 83 83 83
54 54 54 53 53 54 75 75 75 83 83 83 83 56 56 56 56 56 56 56 56 56 56 56 56 83 83 83 83 83 83 83 83 83 83 83 83 83 83 83 83 83
54 54 54 53 53 54 75 75 75 83 83 83 56 83 56 56 56 56 56 83 83 83 83 83 83 83 83 83 83 83 83
54 54 54 53 53 54 75 75 75 83 83 83 56 83 56 56 56 56 56 83 83 83 83 83 83 83 83 83 83 83 83
54 54 54 53 53 54 75 75 75 83 83 83 56 83 56 56 56 56 56 83 83 83 83 83 83 83 83 83 83 83 83 83 83
54 54 54 53 53 54 75 75 75 83 83 83 56 83 56 56 56 56 56 83 83 83 83 83 83 83 83 83 83 83 83 83 83 83 83 83 83 83 83
54 54 54 53 53 54 75 75 75 83 83 56 83 56 56 56 56 56 83 83 83 83 83 83 83 83 83 83 83 83 83 83 83 83 83 83 83 83 83 83 83 83 83
54 54 54 53 53 54 75 75 75 83 83 56 83 56 56 56 56 56 83 83 83 83 83 83 83 83 83 83 83 83 83 83 83 83 83 83 83 83 83 83 83 83 83
54 54 54 53 53 54 75 75 75 83 83 56 83 56 56 56 56 56 83 83 83 83 83 83 83 83 83 83 83 83 83 83 83 83 83 83 83 83 83 83 83 83 83
54 54 54 53 53 54 75 75 75 83 83 56 83 56 56 56 56 56 83 83 83 83 83 83 83 83 83 83 83 83 83 83 83 83 83 83 83 83 83 83 83 83 83 83 83 83 83
54 54 54 53 53 54 75 75 75 83 83 56 83 56 56 56 56 56 83 83 83 83 83 83 83 83 83 83 83 83 83 83 83 83 83
54 54 54 53 53 54 75 75 75 83 83 56 83 56 56 56 56 56 83 83 83 83 83 83 83 83 83 83 83 83 83 83 83 83 83
54 54 54 53 53 54 75 75 75 83 83 56 83 56 56 56 56 56 83 83 83 83 83 83 83 83 83 83 83 83 83 83 83 83 83
54 54 54 53 53 54 75 75 75 83 83 56 83 56 56 56 56 56 83 83 83 83 83 83 83 83 83 83 83 83 83 83 83 83 83
54 54 54 53 53 54 75 75 75 83 83 56 83 56 56 56 56 56 83 83 83 83 83 83 83 83 83 83 83 83 83 83 83 83 83 83 83 83 83 83 83 83 83 83 83 83
54 54 54 53 53 54 75 75 75 83 83 56 83 56 56 56 56 56 83 83 83 83 83 83 83 83 83 83 83 83 83 83 83 83 83 83 83 83 83 83 83 83 83 83 83 83
54 54 54 53 53 54 75 75 75 83 83 56 83 56 56 56 56 56 83 83 83 83 83 83 83 83 83 83 83 83 83 83 83 83 83 83 83 83 83 83 83 83 83 83 83 83 83 83 83 83
54 54 54 53 53 54 75 75 75 83 83 56 56 56 56 56 56 83 83 83 83 83 83 83 83 83 83
54 54 54 53 53 54 75 75 75 83 83 56 56 56 56 56 56 83 83 83 83 83 83 83 83 83 83 83 83 83 83 83 83 83 83 83 83 83 83
54 54 54 53 53 54 75 75 75 83 83 56 56 56 56 56 56 83 83 83 83 83 83 83 83 83 83 83 83 83 83 83 83 83 83 83 83 83 83
54 54 54 53 53 54 75 75 75 83 83 56 56 56 56 56 56 83 83 83 83 83 83 83 83 83 83 83 83 83 83 83 83 83 83 83 83 83 83
54 54 54 53 53 54 75 75 75 83 83 56 56 56 56 56 56 83 83 83 83 83 83 83 83 83 83 83 83 83 83 83 83 83 83 83 83 83 83
54 54 54 53 53 54 75 75 75 83 83 56 56 56 56 56 56 83 83 83 83 83 83 83 83 83 83 83 83 83 83 83 83 83 83
54 54 54 53 53 54 75 75 75 83 83 56 56 56 56 56 56 83 83 83 83 83 83 83 83 83 83 83 83 83 83 83 83 83 83
54 54 54 53 53 54 75 75 75 83 83 56 56 56 56 56 56 83 83 83 83 83 83 83 83 83 83 83 83 83 83 83 83 83 83
54 54 54 53 53 54 75 75 75 83 83 56 56 56 56 56 56 83 83 83 83 83 83 83 83 83 83 83 83 83 83 83 83 83 83
54 54 54 53 53 54 75 75 75 83 83 56 56 56 56 56 56 83 83 83 83 83 83 83 83 83 83
54 54 54 53 53 54 75 75 75 83 83 56 56 56 56 56 56 83 83 83 83 83 83 83 83 83 83
54 54 54 53 53 54 75 75 75 83 83 56 56 56 56 56 56 83 83 83 83 83 83 83 83 83 83 83 83 83 83 83 83 83 83 83
54 54 54 53 53 54 75 75 75 83 83 56 56 56 56 56 56 83 83 83 83 83 83 83 83 83 83 83 83 83 83 83 83 83 83 83 83
54 54 54 53 53 54 75 75 75 83 83 56 56 56 56 56 56 56 56 56 56 56 56 83 83 83 83 83 83 83 83 83 83 83 83 83 83
54 54 54 53 53 54 75 75 75 83 83 56 56 56 56 56 56 83 83 83 83 83 83 83 83 83
54 54 54 53 53 54 75 75 75 83 83 46 46 46 61 61 46 9 9 9 9 83 83 83 83 83 83 83 83 83 83 83 83
54 54 54 53 53 54 75 75 75 83 83 46 46 46 46 61 61 9 9 9 9 83 83 83 83 83 83 83 83 83 83 83 83 83 83 83 83
75 75 75 74 79 79 79 79 74 31 30 29 29 29 29 30 30 29 29 29 29 30 83 83 83 83 83 83 83 83 83 83 83 83 83 83 83 83 83 83 83 83
54 54 54 53 53 54 75 75 75 83 83 56 56 56 56 56 56 83 83 83 83 83 83 83 83 83 83 83 83 83
54 54 54 53 53 54 75 75 75 83 83 56 56 56 56 56 56 83 83 83 83 83 83 83 83 83 83 83 83 83 83 83 83 83 83 83 83 83 83 83 83 83 83 83
54 54 54 53 53 54 75 75 75 83 83 56 56 56 56 56 56 83 83 83 83 83 83 83 83 83 83 83 83 83 83 83 83 83 83 83 83 83 83 83
54 54 54 53 53 54 75 75 75 83 83 46 46 46 61 61 46 83 83 9 9 9 9 83 83 83 83 83 83 83 83 83 83 83 83 83 83
54 54 54 53 53 54 75 75 75 83 56 83 83 56 56 56 56 56 83 83 83 83 83 83 83 83 83 83 83 83 83 83 83 83 83 83 83 83 83 83 83 83 83 83 83 83
54 54 54 53 53 54 75 75 75 56 83 83 56 56 56 56 56 83 83 83 83 83 83 83 83 83 83 83 83 83 83 83 83 83 83 83 83 83 83 83 83 83 83 83 83 83 83 83 83
54 54 54 53 53 54 75 75 75 56 83 83 56 56 56 56 56 83 83 83 83 83 83 83 83 83 83 83 83 83 83 83 83 83 83 83 83 83 83 83 83 83 83 83 83 83 83 83 83 83 83 83
56 56 56 56 56 56 83 56 56 56 56 56 56 83 83 83 83 40 83 83 40 40 40 40 83 83 83 83 83 83 83 83 83 83 83 83 83 83 83 83 83 83 83
56 56 56 56 56 56 83 56 56 56 56 56 56 83 83 83 83 40 83 83 40 40 40 40 83 83 83 83 83 83 83 83 83 83 83 83 83 83 83 83 83 83 83 83 83 83 83
56 56 56 56 56 56 83 56 56 56 56 56 56 83 83 83 40 83 40 40 40 40 83 83 83 83 83 83 83 83 83 83 83 83 83
56 56 56 56 56 56 83 56 56 56 56 56 56 83 83 83 83 40 83 83 40 40 40 40 83 83 83 83 83 83 83 83 83 83 83 83 83 83 83 83 83 83 83
56 56 56 56 56 56 83 56 56 56 56 56 56 83 83 83 83 40 40 40 40 40 83 83 83 83 83 83 83 83 83 83 83 83 83 83 83 83 83 83 83 83 83
56 56 56 56 56 56 83 56 56 56 56 56 56 83 83 40 40 40 40 40 40 83 40 40 40 40 83 83 83 83 83 83 83 83 83 83 83 83 83 83 83 83 83 83 83 83 83 83 83 83 83 83 83 83 83 83 83 83
56 56 56 56 56 56 83 56 56 56 56 56 56 83 83 40 40 40 40 40 40 40 40 40 40 83 83 83 83 83 83 83 83 83 83 83 83 83 83 83 83 83 83 83 83 83 83
56 56 56 56 56 56 83 56 56 56 56 56 56 83 83 83 83 40 83 83 40 40 40 40 56 56 56 56 56 56 83 83 83 83 83 83 83 83 83 83 83 83 83 83 83 83 83 83 83 83 83 83 83
56 56 56 56 56 56 83 56 56 56 56 56 56 83 83 83 83 40 83 83 40 40 40 40 83 83 83 83 83 83 83 83 83 83 83 83 83 83 83 83 83 83 83 83 83 83 83 83 83
56 56 56 56 56 56 83 56 56 56 56 56 56 83 83 83 83 83 83 83 83 83 83 83 83 83 83 83 83 83 83 83 83 83 83 83 83 83 83
56 56 56 56 56 56 83 46 46 46 46 61 61 83 83 9 83 83 9 83 83 9 9 83 83 83 83 83 83 83 83 83 83 83 83 83 83 83 83 83 83
56 56 56 56 56 56 83 56 56 56 56 56 56 83 83 83 83 83 83 83 83 83 83 83 83 83 83 83 83 83 83 83 83 83 83 83 83 83 83
56 56 56 56 56 56 83 56 56 56 56 56 56 83 83 83 83 83 83 83 83 83 83 83 83 83 83 83 83 83 83 83 83 83 83 83 83 83 83 83 83 83 83 83 83 83 83
56 56 56 56 56 56 83 56 56 56 56 56 56 83 83 83 83 83 83 83 83 83 83 83 83 83 83 83 83 83 83 83 83 83 83 83 83 83 83 83 83 83 83 83 83 83 83 83 83 83
56 56 56 56 56 56 83 56 56 56 56 56 56 83 83 83 83 83 83 83 83 83 83 83 83 83 83 83 83 83 83 83 83 83 83 83 83 83 83 83 83 83 83 83 83 83 83 83 83 83 83 83 83
56 56 56 56 56 56 83 56 56 56 56 56 56 83 83 83 83 83 83 83 83 83 83 83 83 83 83 83 83 83 83 83 83 83 83 83 83 83 83 83 83 83 83 83 83 83 83 83 83 83 83 83 83 83 83 83
56 56 56 56 56 56 83 56 56 56 56 56 56 83 83 83 83 83 83 83 83 83 83 83 83 83 83 83 83 83 83 83 83 83 83 83 83 83 83 83 83 83 83 83 83 83 83 83 83 83 83 83 83 83 83 83 83 83 83
56 56 56 56 56 56 83 56 56 56 56 56 56 83 83 83 83 83 83 83 83 83 83 83 83 83 83 83 83 83 83 83 83 83 83 83 83 83 83 83 83 83 83 83 83 83 83
56 56 56 56 56 56 83 56 56 56 56 56 56 83 83 83 83 83 83 83 83 83 83 83 83 83 83 83 83 83 83 83 83 83 83 83 83 83 83 83 83 83 83 83 83 83 83 83 83 83 83 83 83
56 56 56 56 56 56 83 56 56 56 56 56 56 83 83 83 83 83 83 83 83 83 83 83 83 83 83 83 83 83 83 83 83 83 83 83 83 83 83 83 83 83 83 83 83 83 83 83 83 83
56 56 56 56 56 56 83 56 56 56 56 56 56 83 83 83 83 83 83 83 83 83 83 83 83 83 83 83 83 83 83 83 83 83 83 83 83 83 83 83 83 83 83 83 83 83 83 83 83 83 83 83 83 83 83 83
56 56 56 56 56 56 83 56 56 56 56 56 56 83 83 83 83 83 83 83 83 83 83 83 83 83 83 83 83 83 83 83 83 83 83 83 83 83 83 83 83 83 83 83 83 83 83 83 83 83 83 83 83 83 83 83 83 83 83
56 56 56 56 56 56 83 56 56 56 56 56 56 83 83 83 83 83 83 83 83 83 83 83 83 83 83 83 83 83 83 83 83 83 83 83 83 83 83 83 83 83 83 83
56 56 56 56 56 56 83 56 56 56 56 56 56 83 83 83 83 83 83 83 83 83 83 83 83 83 83 83 83 83 83 83 83 83 83 83 83 83 83
16 16 17 17 17 6 6 6 6 17 32 32 32 32 83 56 56 56 56 56 56 83 83 83 83 83 83 83 83 83 83 83 83 83 83 83 83 83 83 83 83 83 83 83 83 83 83 83 83 83 83
16 16 17 17 17 6 6 6 6 17 32 32 32 32 83 56 56 56 56 56 56 83 83 83 83 83 83 83 83 83 83 83 83 83 83 83 83 83 83 83 83 83 83 83 83 83 83 83 83
16 16 17 17 17 6 6 6 6 17 32 32 32 32 83 56 56 56 56 56 56 83 83 83 83 83 83 83 83 83 83 83 83 83 83 83 83 83 83 83 83 83 83 83 83 83 83
16 16 17 17 17 6 6 6 6 17 32 32 32 32 56 56 56 56 56 56 83 83 83 83 83 83 83 83 83 83 83 83 83 83 83 83 83 83 83 83 83 83 83 83 83 83 83 83 83 83
16 16 17 17 17 6 6 6 6 17 32 32 32 32 56 56 56 56 56 56 83 83 83 83 83 83 83 83 83 83 83 83 83 83 83 83 83 83 83 83 83 83 83 83 83 83 83 83
16 16 17 17 17 6 6 6 6 17 32 32 32 32 56 56 56 56 56 56 83 83 83 83 83 83 83 83 83 83 83 83 83 83 83 83 83 83 83 83 83 83 83 83 83 83 83 83 83 83 83 83 83 83
44 44 44 63 63 44 14 21 21 14 83 83 34 35 35 34 32 32 32 32 83 83 83 83 83 83 83 83 83 83 83 83 83 83 83
78 78 80 80 77 67 67 67 77 27 27 27 27 83 56 56 56 56 56 56 83 83 83 83 83 83 83 83 83 83 83 83 83 83 83 83 83 83 83 83 83 83 83 83 83 83 83 83 83 83 83
78 78 80 80 77 67 67 67 77 27 27 27 27 83 56 56 56 56 56 56 83 83 83 83 83 83 83 83 83 83 83 83 83 83 83 83 83 83 83 83 83 83 83 83 83 83 83 83 83
78 78 80 80 77 67 67 67 77 27 27 27 27 56 56 56 56 56 56 83 83 83 83 83 83 83 83 83 83 83 83 83 83 83 83 83 83 83 83 83 83 83 83 83 83 83 83 83 83 83
43 43 43 59 59 43 5 5 4 4 83 83 83 28 28 28 83 56 56 56 56 56 56 83 83 83 83 83 83 83 83 83 83 83 83 83 83 83 83 83 83 83 83 83 83 83 83 83 83 83 83
43 43 43 59 59 43 5 5 4 4 83 83 83 28 28 28 83 56 56 56 56 56 56 83 83 83 83 83 83 83 83 83 83 83 83 83 83 83 83 83 83 83 83 83 83 83 83 83 83
43 43 43 59 59 43 5 5 4 4 83 83 28 28 28 83 56 56 56 56 56 56 83 83 83 83 83 83 83 83 83 83 83 83 83 83 83 83 83 83 83 83 83 83 83 83 83 83 83 83
41 41 41 57 57 41 0 8 0 1 83 83 23 23 83 83 83 83 83 83 83 83 83 83 83 83 83 83
45 45 45 60 60 45 11 8 8 11 83 83 76 83 83 83 83 83 83 83 83 83 83 83 83
48 48 48 64 64 48 18 7 18 19 83 83 7 83 83 83 83 83 83 83 83 83 83 83 83 83 83 83 83 83 83
48 48 48 64 64 48 20 10 10 20 83 83 10 10 83 83 83 83 83 83 83 83 83 83 83 83 83
42 42 42 58 58 42 2 3 10 3 83 83 25 25 83 25 83 83 83 83 83 83 83 83 83 83 83 83 83 83
54 54 54 53 53 54 83 83 75 75 75 83 83 83 83 83 83 83 83 83 83 83 83 83 83 83 83 83 83 83 83 83 83 83 83
43 43 43 59 59 43 4 4 5 5 83 83 28 28 28 83 83 83 83 83 83 83 83 83 83
49 49 49 55 55 49 83 83 81 81 82 29 29 29 29 83 83 83 83 83 83 83 83 83 83
44 44 44 63 63 44 14 21 21 14 83 83 35 34 34 35 32 32 32 32 83 83 83 83 83 83 83 83 83 83 83 83 83
44 44 44 63 63 44 14 21 21 14 83 83 35 34 34 35 32 32 32 32 83 83 83 83 83 83 83 83 83 83 83 83 83 83 83 83 83
44 44 44 63 63 44 14 21 21 14 83 83 35 34 34 35 32 32 32 32 83 83 83 83 83 83 83 83 83 83 83 83 83 83 83 83 83
44 44 44 63 63 44 14 21 21 14 83 83 35 34 34 35 32 32 32 32 83 83 83 83 83 83 83 83 83 83 83
44 44 44 63 63 44 14 21 21 14 83 83 35 34 34 35 32 32 32 32 83 83 83 83 83 83 83 83 83 83 83 83 83 83 83
44 44 44 63 63 44 14 21 21 14 83 83 34 35 35 34 32 32 32 32 83 83 83 83 83 83 83 83 83 83 83 83 83
44 44 44 63 63 44 14 21 21 14 83 83 34 35 35 34 32 32 32 32 83 83 83 83 83 83 83 83 83 83 83 83 83 83 83 83 83
44 44 44 63 63 44 14 21 21 14 83 83 34 35 35 34 32 32 32 32 83 83 83 83 83 83 83 83 83 83 83 83 83 83 83 83 83
44 44 44 63 63 44 14 21 21 14 83 83 34 35 35 34 32 32 32 32 83 83 83 83 83 83 83 83 83 83 83 83 83 83 83 83 83
44 44 44 63 63 44 14 21 21 14 83 83 34 35 35 34 32 32 32 32 83 83 83 83 83 83 83 83 83 83 83
56 56 56 56 56 56 56 56 56 56 56 56 83 83 83 83 83 83 83 83 83 83 83 83 83 83 83 83 83 83 83 83 83 83 83 83 83 83 83