7 12 28 53 51 17 26 6 5 5 5 6 10 9 0 44 54 0 0 0 0 1 1 1 1 11 11 11 3 3
7 12 28 53 51 17 26 6 5 5 5 6 10 9 0 44 54 0 0 0 0 1 1 1 1 11 11 11 3 3
7 12 28 254 51 17 26 6 5 5 5 6 10 9 0 207 0 0 0 0 1 1 1 1 4 4 4
7 12 28 222 51 17 26 6 5 5 5 6 10 9 0 0 339 340 139 341 0 0 0 1 1 1 1 37 37 11 11 11 35 35
7 12 28 222 51 17 26 6 5 5 5 6 10 9 0 129 75 27 13 6 170 6 13 114 1 1 0 0 0 0 1 1 1 1 37 37 0 0 0 0
7 12 7 36 159 17 26 6 5 5 5 6 10 9 0 0 342 287 38 40 18 5 5 5 18 0 0 0 1 1 1 1 0 24 8 8 0 0 0 0 0
7 12 28 222 51 17 26 6 5 5 5 6 10 9 0 129 75 27 13 5 5 5 13 0 0 0 0 1 1 1 1 37 37 0 0 0 0 0
7 12 28 222 51 17 26 6 5 5 5 6 10 9 0 129 0 48 13 5 6 26 115 6 5 5 6 75 0 0 0 1 1 1 1 37 37 0 0 0 0 0 0 0
7 12 7 36 159 17 26 6 5 5 5 6 10 9 0 13 0 45 77 6 6 26 26 6 5 5 6 6 0 0 0 1 1 1 1 0 0 0 0 0 0 0 0 0
7 12 28 222 51 17 26 6 5 5 5 6 10 9 0 288 223 141 0 0 0 0 1 1 1 1 37 37
7 12 28 254 51 17 26 6 5 5 5 6 10 9 0 207 4 4 4 0 0 0 0 1 1 1 1
7 12 28 343 51 17 26 6 5 5 5 6 10 9 0 89 31 41 6 6 170 6 6 114 1 1 0 0 0 0 1 1 1 1 8 8 24 0 0 0 0
7 12 28 53 51 17 26 45 170 6 5 6 10 9 0 114 1 1 44 54 0 0 0 1 1 1 1 11 11 11 3 3
7 12 28 53 51 17 26 21 79 13 5 6 10 9 0 44 54 344 237 224 0 0 0 1 1 1 1 11 11 11 3 3
7 12 28 53 51 17 26 45 149 160 6 6 10 9 198 44 54 114 1 1 171 82 72 82 171 0 0 0 1 1 1 1 11 11 11 3 3 3 3 16 16 16 16 16 16 3 3
7 12 28 53 51 17 26 21 289 13 5 6 10 9 0 44 54 255 64 0 0 0 1 1 1 1 11 11 11 3 3
7 12 28 53 51 17 26 21 79 13 5 6 10 9 0 44 54 70 84 290 176 176 0 0 0 1 1 1 1 11 11 11 3 3 4 4 4 4 4 4
7 12 28 53 51 17 26 21 118 13 5 6 10 9 0 44 54 256 291 292 42 42 0 0 0 1 1 1 1 11 11 11 3 3 20 4 4 4 4 4 4
7 12 28 53 51 17 26 6 6 58 6 6 10 9 198 44 54 171 82 72 82 171 0 0 0 0 1 1 1 1 11 11 11 3 3 3 3 16 16 16 16 16 16 3 3
7 12 28 53 51 17 26 45 160 149 6 6 10 9 44 54 47 42 57 40 18 5 5 5 18 114 1 1 0 0 0 1 1 1 1 11 11 11 3 3 4 4 4 8 8 0 0 0 0 0
7 12 28 53 51 17 26 45 160 149 6 6 10 9 44 54 47 42 57 40 18 5 5 5 18 114 0 0 0 1 1 1 1 11 11 11 3 3 4 4 4 8 8 0 0 0 0 0 1 1
7 12 28 53 51 17 26 45 160 149 6 6 10 9 44 54 177 57 40 18 5 5 5 18 114 1 1 44 225 0 0 0 1 1 1 1 11 11 11 3 3 8 8 0 0 0 0 0 11 11 11 3 3
7 12 28 53 51 17 26 55 105 345 6 6 10 9 44 54 96 114 1 1 40 18 5 5 5 18 0 0 0 1 1 1 1 11 11 11 3 3 8 8 0 0 0 0 0
7 346 28 53 51 347 26 6 5 5 5 6 0 44 54 348 257 3 3 44 208 257 3 3 44 0 0 0 0 11 11 11 3 3 24 11 11 11 24 11 11 11
7 12 28 53 51 17 26 21 79 13 5 6 10 9 0 44 54 70 84 119 111 40 101 124 130 137 133 18 5 5 5 18 56 0 0 0 1 1 1 1 11 11 11 3 3 8 8 3 3 35 35 4 4 4 0 0 0 0 0
7 12 28 53 51 17 26 45 134 6 5 6 10 9 0 44 54 209 210 349 350 70 116 40 18 5 5 5 18 0 0 0 1 1 1 1 11 11 11 3 3 0 8 8 0 0 0 0 0
7 12 28 53 51 17 26 45 134 6 5 6 10 9 0 44 54 209 65 209 70 70 134 6 5 5 5 6 0 0 0 1 1 1 1 11 11 11 3 3 0 0 0 0 0 0
7 12 28 53 51 17 26 45 134 6 5 6 10 9 0 44 54 209 351 352 353 70 0 0 0 1 1 1 1 11 11 11 3 3 0 20
7 12 28 53 51 17 26 45 238 6 5 6 10 9 0 44 54 53 121 211 354 355 111 40 18 5 5 5 18 0 0 0 1 1 1 1 11 11 11 3 3 3 3 3 3 8 8 0 0 0 0 0
7 12 28 53 51 17 26 45 77 6 5 6 10 9 0 44 54 6 6 0 77 6 5 5 5 6 0 0 0 1 1 1 1 11 11 11 3 3 0 0 0 0 0 0
7 12 28 53 51 17 26 45 77 6 5 6 10 9 0 44 54 6 6 0 77 21 23 46 23 21 15 14 15 14 15 14 0 0 0 1 1 1 1 11 11 11 3 3 0 0 0 2 2 2 2 2 2 2 2 2
7 12 28 53 51 17 26 45 41 6 5 6 10 9 0 44 54 31 38 40 18 5 5 5 18 0 0 0 1 1 1 1 11 11 11 3 3 24 8 8 0 0 0 0 0
7 12 28 53 51 17 26 45 58 6 5 6 10 9 0 44 54 47 57 40 32 23 46 23 32 42 15 14 15 14 15 14 0 0 0 1 1 1 1 11 11 11 3 3 8 8 0 0 4 4 4 2 2 2 2 2 2 2 2 2
7 12 28 53 51 17 26 45 149 131 6 6 10 9 31 44 54 38 40 18 5 5 5 18 114 1 1 0 0 0 1 1 1 1 24 11 11 11 3 3 8 8 0 0 0 0 0
7 12 28 53 51 17 26 45 149 160 6 6 10 9 47 44 54 57 40 18 5 5 5 18 114 1 1 42 0 0 0 1 1 1 1 11 11 11 3 3 8 8 0 0 0 0 0 4 4 4
7 12 28 53 51 17 26 45 170 6 5 6 10 9 0 44 54 114 1 1 0 0 0 1 1 1 1 11 11 11 3 3
7 12 28 53 51 17 26 45 149 131 6 6 10 9 31 44 54 38 40 18 6 138 6 18 114 1 1 199 20 200 0 0 0 1 1 1 1 24 11 11 11 3 3 8 8 0 0 0 0 64
7 12 28 53 51 17 26 45 149 160 6 6 10 9 47 44 54 57 40 18 6 138 6 18 114 1 1 199 20 200 42 0 0 0 1 1 1 1 11 11 11 3 3 8 8 0 0 0 0 64 4 4 4
7 12 28 53 51 17 26 45 149 160 6 6 10 9 47 44 54 57 40 18 6 77 6 18 114 1 1 103 0 42 258 183 0 0 0 1 1 1 1 11 11 11 3 3 8 8 0 0 0 0 4 4 4 24 4 4 4
7 12 28 53 51 17 26 45 149 160 6 6 10 9 47 44 54 57 40 18 6 356 6 18 114 1 1 357 42 358 359 360 361 293 293 0 0 0 1 1 1 1 11 11 11 3 3 8 8 0 0 0 0 4 4 4 35 35 11 11 11 11 11 11
7 12 28 53 51 17 26 45 149 131 6 6 10 9 31 44 54 38 40 18 18 362 18 18 114 1 1 363 294 239 239 294 0 0 0 1 1 1 1 24 11 11 11 3 3 8 8 0 0 0 0 364 35 35 35 35
7 12 28 53 51 17 26 45 149 131 6 6 10 9 31 44 54 38 40 18 6 77 6 18 114 1 1 295 0 296 0 0 0 1 1 1 1 24 11 11 11 3 3 8 8 0 0 0 0 1 1
7 12 28 53 51 17 26 45 149 131 6 6 10 9 31 44 54 38 40 18 6 77 6 18 114 1 1 103 0 258 183 0 0 0 1 1 1 1 24 11 11 11 3 3 8 8 0 0 0 0 24 4 4 4
7 12 28 53 51 17 26 45 149 131 6 6 10 9 31 44 54 38 40 18 6 77 6 18 114 1 1 226 0 365 171 171 82 72 82 0 0 0 1 1 1 1 24 11 11 11 3 3 8 8 0 0 0 0 3 3 3 3 16 16 16 16 16 16
7 12 28 53 51 17 26 45 149 131 6 6 10 9 31 44 54 38 40 18 6 77 6 18 114 1 1 226 0 297 42 42 0 0 0 1 1 1 1 24 11 11 11 3 3 8 8 0 0 0 0 4 4 4 4 4 4
7 12 28 53 51 17 26 21 79 13 5 6 10 9 0 44 54 70 84 290 176 176 0 0 0 1 1 1 1 11 11 11 3 3 4 4 4 4 4 4
7 12 28 53 51 17 26 21 118 13 5 6 10 9 0 44 54 256 291 292 42 42 0 0 0 1 1 1 1 11 11 11 3 3 20 4 4 4 4 4 4
7 12 28 53 51 17 26 21 79 13 5 6 10 9 0 44 54 70 366 367 133 0 0 0 1 1 1 1 11 11 11 3 3 56 4 4 4
7 12 28 53 51 17 26 21 79 13 5 6 10 9 0 44 54 70 84 227 176 240 44 0 0 0 1 1 1 1 11 11 11 3 3 4 4 4 3 3 11 11 11
7 12 28 53 51 17 26 21 79 13 5 6 10 9 0 44 54 70 84 227 176 184 259 142 0 0 0 1 1 1 1 11 11 11 3 3 4 4 4 3 3 16 16 11 11 11
7 12 28 53 51 17 26 21 79 13 5 6 10 9 0 44 54 70 84 368 176 111 40 18 5 5 5 18 0 0 0 1 1 1 1 11 11 11 3 3 4 4 4 8 8 0 0 0 0 0
7 12 28 53 51 17 26 21 79 13 5 6 10 9 0 44 54 70 84 227 176 211 132 369 298 298 44 44 0 0 0 1 1 1 1 11 11 11 3 3 4 4 4 3 3 3 3 3 3 3 3 11 11 11 11 11 11
7 12 28 53 51 17 26 21 79 13 5 6 10 9 0 44 54 70 84 172 240 240 44 44 0 0 0 1 1 1 1 11 11 11 3 3 3 3 3 3 11 11 11 11 11 11
7 12 28 53 51 17 26 21 79 13 5 6 10 9 0 44 54 70 84 370 260 260 185 185 185 185 185 185 0 0 0 1 1 1 1 11 11 11 3 3 11 11 11 11 11 11 11 11 11 11 11 11 11 11 11 11 11 11
7 12 28 53 51 17 26 21 79 13 5 6 10 9 0 44 54 70 84 172 184 82 82 184 0 0 0 1 1 1 1 11 11 11 3 3 3 3 16 16 16 16 3 3
7 12 28 53 51 17 26 21 79 13 5 6 10 9 0 44 54 70 84 172 184 82 184 82 72 0 0 0 1 1 1 1 11 11 11 3 3 3 3 16 16 3 3 16 16 16 16
7 12 28 53 51 17 26 21 79 13 5 6 10 9 0 44 54 70 84 172 211 132 211 132 371 299 0 0 0 1 1 1 1 11 11 11 3 3 3 3 3 3 3 3 3 3 4 4 4
7 12 28 53 51 17 26 21 79 13 5 6 10 9 0 44 54 70 84 172 184 300 184 300 372 373 0 0 0 1 1 1 1 11 11 11 3 3 3 3 16 16 3 3 16 16 301 141
7 12 28 53 51 17 26 21 79 13 5 6 10 9 0 44 54 70 84 172 101 241 101 241 374 0 0 0 1 1 1 1 11 11 11 3 3 3 3 35 35 3 3 35 35
7 12 28 53 51 17 26 21 79 13 5 6 10 9 0 44 54 70 84 227 176 101 186 178 0 0 0 1 1 1 1 11 11 11 3 3 4 4 4 3 3 35 35 141
7 12 28 53 51 17 26 21 79 13 5 6 10 9 0 44 54 70 84 172 240 101 186 178 44 0 0 0 1 1 1 1 11 11 11 3 3 3 3 3 3 35 35 141 11 11 11
7 12 28 53 51 17 26 21 79 13 5 6 10 9 0 44 54 70 84 172 184 101 186 178 259 142 0 0 0 1 1 1 1 11 11 11 3 3 3 3 3 3 35 35 141 16 16 11 11 11
7 12 28 53 51 17 26 21 79 13 5 6 10 9 0 44 54 70 84 375 260 101 186 178 185 185 185 0 0 0 1 1 1 1 11 11 11 3 3 3 3 35 35 141 11 11 11 11 11 11 11 11 11
7 12 28 53 51 17 26 21 79 13 5 6 10 9 0 44 54 70 84 119 111 101 186 178 40 18 5 5 5 18 0 0 0 1 1 1 1 11 11 11 3 3 8 8 3 3 35 35 141 0 0 0 0 0
7 12 28 53 51 17 26 21 79 13 5 6 10 9 0 44 54 70 84 172 101 101 186 178 186 178 0 0 0 1 1 1 1 11 11 11 3 3 3 3 3 3 35 35 141 35 35 141
7 12 28 53 51 17 26 21 79 13 5 6 10 9 0 44 54 70 84 172 101 101 241 302 241 302 303 303 0 0 0 1 1 1 1 11 11 11 3 3 3 3 3 3 35 35 35 35 2 2 2 2 2 2
7 12 28 53 51 17 26 21 79 13 5 6 10 9 0 44 54 70 84 227 176 376 377 304 239 239 304 0 0 0 1 1 1 1 11 11 11 3 3 4 4 4 3 3 378 35 35 35 35
7 12 28 53 51 17 26 21 79 13 5 6 10 9 0 44 54 70 84 119 211 59 191 162 111 18 5 5 18 0 0 0 1 1 1 1 11 11 11 3 3 3 3 3 3 8 8 0 0 0 0
7 12 28 53 51 17 26 21 79 13 5 6 10 9 0 44 54 70 84 119 111 101 40 18 5 5 5 18 124 130 137 56 133 0 0 0 1 1 1 1 11 11 11 3 3 8 8 3 3 0 0 0 0 0 35 35 4 4 4
7 12 28 53 51 17 26 21 79 13 5 6 10 9 0 44 54 70 84 119 111 130 137 40 18 13 23 23 32 101 124 56 133 15 14 15 14 0 0 0 1 1 1 1 11 11 11 3 3 8 8 0 0 0 3 3 35 35 4 4 4 2 2 2 2 2 2
7 12 28 53 51 17 26 21 79 13 5 6 10 9 0 44 54 70 84 119 111 130 137 40 32 27 65 27 32 101 124 56 133 15 14 15 14 0 0 0 1 1 1 1 11 11 11 3 3 8 8 0 0 0 3 3 35 35 4 4 4 2 2 2 2 2 2
7 12 28 53 51 17 26 21 79 13 5 6 10 9 0 44 54 70 84 119 111 130 137 40 32 23 46 23 32 101 124 56 133 15 14 15 14 15 14 0 0 0 1 1 1 1 11 11 11 3 3 8 8 0 0 3 3 35 35 4 4 4 2 2 2 2 2 2 2 2 2
7 12 28 53 51 17 26 21 79 13 5 6 10 9 0 44 54 70 84 119 111 130 137 40 18 5 5 5 18 101 124 56 133 0 0 0 0 1 1 1 1 11 11 11 3 3 8 8 0 0 0 0 3 3 35 35 4 4 4
7 12 28 53 51 17 26 21 79 13 5 6 10 9 0 44 54 70 84 119 111 130 137 40 18 5 5 5 18 101 124 56 133 0 0 0 0 1 1 1 1 11 11 11 3 3 8 8 0 0 0 0 3 3 35 35 4 4 4
7 12 28 53 51 17 26 21 79 13 5 6 10 9 0 44 54 70 84 119 111 130 137 40 18 5 5 5 18 101 124 56 133 0 0 0 0 1 1 1 1 11 11 11 3 3 8 8 0 0 0 0 3 3 35 35 4 4 4
7 12 28 53 51 17 26 21 79 13 5 6 10 9 0 44 54 70 84 119 111 130 137 40 18 5 5 5 18 101 124 56 133 0 0 0 0 1 1 1 1 11 11 11 3 3 8 8 0 0 0 0 3 3 35 35 4 4 4
7 12 28 53 51 17 26 21 79 13 5 6 10 9 0 44 54 70 84 119 111 130 137 40 18 5 5 5 18 101 124 56 133 0 0 0 0 1 1 1 1 11 11 11 3 3 8 8 0 0 0 0 3 3 35 35 4 4 4
7 12 28 53 51 17 26 21 79 13 5 6 10 9 0 44 54 70 84 119 111 130 137 40 18 5 5 5 18 101 124 56 133 0 0 0 0 1 1 1 1 11 11 11 3 3 8 8 0 0 0 0 3 3 35 35 4 4 4
7 12 28 53 51 17 26 21 79 13 5 6 10 9 0 44 54 70 84 119 111 130 137 162 146 18 5 5 18 101 124 56 133 30 0 0 0 1 1 1 1 11 11 11 3 3 8 8 0 0 0 0 3 3 35 35 4 4 4 4 4 4
7 12 28 53 51 17 26 21 79 13 5 6 10 9 0 44 54 70 84 119 111 130 137 40 192 117 18 5 18 101 124 56 133 30 0 0 0 1 1 1 1 11 11 11 3 3 8 8 0 0 0 0 3 3 35 35 4 4 4 4 4 4
7 12 28 53 51 17 26 21 79 13 5 6 10 9 0 44 54 70 84 119 111 130 137 40 18 18 117 18 18 101 124 56 133 30 0 0 0 1 1 1 1 11 11 11 3 3 8 8 0 0 0 0 3 3 35 35 4 4 4 4 4 4
7 12 28 53 51 17 26 21 79 13 5 6 10 9 0 44 54 70 84 119 111 130 137 40 18 18 117 18 18 101 124 56 133 30 4 4 4 0 0 0 1 1 1 1 11 11 11 3 3 8 8 0 0 0 0 3 3 35 35 4 4 4
7 12 28 53 51 17 26 21 79 13 5 6 10 9 0 44 54 70 84 119 111 130 137 40 55 170 6 5 18 101 124 56 133 114 1 1 0 0 0 1 1 1 1 11 11 11 3 3 8 8 0 0 0 0 3 3 35 35 4 4 4
7 12 28 53 51 17 26 21 79 13 5 6 10 9 0 44 54 70 84 119 111 130 137 105 102 26 6 5 18 101 124 56 133 6 5 5 6 0 0 0 1 1 1 1 11 11 11 3 3 8 8 0 0 0 3 3 35 35 4 4 4 0 0 0 0
7 12 28 53 51 17 26 21 79 13 5 6 10 9 0 44 54 70 84 119 111 130 137 55 26 26 6 18 40 101 124 56 133 6 5 5 6 0 0 0 1 1 1 1 11 11 11 3 3 8 8 0 0 0 3 3 35 35 4 4 4 0 0 0 0
7 12 28 53 51 17 26 21 79 13 5 6 10 9 0 44 54 70 84 119 111 130 137 40 261 193 262 193 261 101 124 56 133 0 0 0 1 1 1 1 11 11 11 3 3 8 8 0 20 20 0 3 3 35 35 4 4 4
7 12 28 53 51 17 26 21 79 13 5 6 10 9 0 44 54 70 84 119 111 130 137 40 18 6 170 6 18 101 124 56 133 114 1 1 0 0 0 1 1 1 1 11 11 11 3 3 8 8 0 0 0 0 3 3 35 35 4 4 4
7 12 28 53 51 17 26 21 79 13 5 6 10 9 0 44 54 70 84 119 111 379 178 40 18 5 5 5 18 184 305 0 0 0 1 1 1 1 11 11 11 3 3 8 8 35 35 141 0 0 0 0 0 3 3 16 16
7 12 28 53 51 17 26 21 79 13 5 6 10 9 0 44 54 70 84 172 101 186 178 18 5 5 5 18 83 211 59 0 0 0 1 1 1 1 11 11 11 3 3 3 3 35 35 141 0 0 0 0 0 3 3 3 3
7 12 28 53 51 17 26 21 79 13 5 6 10 9 0 44 54 70 84 380 381 101 186 178 306 18 5 5 5 18 263 0 0 0 1 1 1 1 11 11 11 3 3 112 3 3 35 35 141 0 0 0 0 0 11 11 11
7 12 28 53 51 17 26 21 79 13 5 6 10 9 0 44 54 70 84 119 111 130 382 40 18 5 5 5 18 101 124 56 383 44 0 0 0 1 1 1 1 11 11 11 3 3 8 8 0 0 0 0 0 3 3 35 35 3 3 11 11 11
7 12 28 53 51 17 26 21 79 13 5 6 10 9 0 44 54 70 84 119 111 130 384 40 18 5 5 5 18 101 124 56 385 179 179 0 0 0 1 1 1 1 11 11 11 3 3 8 8 0 0 0 0 0 3 3 35 35 122 11 11 11 11 11 11
7 12 28 53 51 17 26 21 79 13 5 6 10 9 0 44 54 70 84 119 111 386 163 40 18 5 5 5 18 101 124 20 138 6 5 5 5 6 0 0 0 1 1 1 1 11 11 11 3 3 8 8 0 0 0 0 0 3 3 35 35 0 0 0 0 0
7 12 28 53 51 17 26 21 79 13 5 6 10 9 0 44 54 70 84 119 111 130 137 40 18 13 27 13 18 101 124 56 133 15 14 0 0 0 1 1 1 1 11 11 11 3 3 8 8 0 0 0 0 3 3 35 35 4 4 4 2 2 2
7 107 108 109 110 43 85 9 10 6 6 138 6 6 67 67 199 20 200 1 1 1 1 0 0 0 0 11 11 11 11 11 11 64
7 107 108 109 110 43 85 9 10 6 5 5 5 6 67 67 0 0 1 1 1 1 0 0 0 11 11 11 11 11 11
7 107 108 109 110 43 387 9 10 143 18 5 18 143 67 67 30 30 1 1 1 1 0 0 0 11 11 11 11 11 11 4 4 4 4 4 4
7 107 108 109 110 43 102 9 10 6 5 6 26 86 67 67 6 5 5 6 1 1 1 1 0 0 0 11 11 11 11 11 11 0 0 0 0
7 107 108 109 110 43 85 9 10 55 83 18 5 6 67 67 97 97 83 18 5 5 5 18 0 0 82 82 1 1 1 1 0 0 0 0 11 11 11 11 11 11 3 3 3 3 0 0 0 16 16 16 16
7 107 108 109 110 43 85 9 10 6 18 83 18 6 67 67 97 82 82 97 83 18 5 5 5 18 0 0 1 1 1 1 0 0 0 0 11 11 11 11 11 11 3 3 16 16 16 16 3 3 0 0 0
7 107 108 109 110 43 85 9 10 21 27 13 5 6 67 67 98 98 27 13 6 170 6 13 114 147 147 388 1 1 1 1 0 0 0 0 11 11 11 11 11 11 0 0 0 0 1 1 35 35 35 35 16 16
7 107 108 109 110 43 85 9 10 21 27 13 5 6 67 67 75 87 164 55 170 6 5 18 114 1 1 1 1 0 0 0 0 11 11 11 11 11 11 37 37 0 0 0 0 1 1
7 107 108 109 110 43 85 9 10 21 27 13 5 6 67 67 98 98 27 13 6 170 6 13 114 307 307 1 1 1 1 0 0 0 0 11 11 11 11 11 11 0 0 0 0 1 1 35 35 35 35
7 107 108 109 110 43 85 9 10 6 18 83 18 6 67 67 59 242 308 24 103 77 6 18 117 18 6 30 4 4 4 1 1 1 1 0 0 0 0 11 11 11 11 11 11 3 3 3 3 0 0 0 0 0
7 107 108 109 110 43 85 9 10 21 289 13 5 6 67 67 255 64 1 1 1 1 0 0 0 0 11 11 11 11 11 11
7 107 108 109 110 43 85 9 10 6 13 27 13 6 67 67 243 264 24 103 77 55 117 18 5 6 75 30 4 4 4 1 1 1 1 0 0 0 0 11 11 11 11 11 11 37 37 0 0 0 0 0
7 107 108 109 110 43 85 9 10 6 13 27 13 6 67 67 309 40 192 117 18 5 18 30 4 4 4 0 310 8 8 98 124 389 1 1 1 1 0 0 0 11 11 11 11 11 11 265 0 0 0 0 35 35 3 3
7 107 108 109 110 43 85 9 10 6 18 83 18 6 67 67 83 18 5 5 5 18 97 82 82 97 1 1 1 1 0 0 0 0 11 11 11 11 11 11 0 0 0 0 0 3 3 16 16 16 16 3 3
7 107 108 109 110 43 85 9 10 55 83 18 5 6 67 67 83 18 5 5 5 18 59 59 1 1 1 1 0 0 0 0 11 11 11 11 11 11 0 0 0 0 0 3 3 3 3
7 107 108 109 110 43 85 9 10 6 18 83 18 6 67 67 83 18 5 5 5 18 59 59 1 1 1 1 0 0 0 0 11 11 11 11 11 11 0 0 0 0 0 3 3 3 3
7 107 108 109 110 43 85 9 10 55 83 18 5 6 67 67 27 13 5 5 5 13 98 147 161 82 97 1 1 1 1 0 0 0 0 11 11 11 11 11 11 0 0 0 0 0 35 35 16 16 16 16 3 3
7 107 108 109 110 43 85 9 10 6 6 170 6 6 67 67 114 1 1 1 1 0 0 0 0 11 11 11 11 11 11 1 1
7 107 108 109 110 43 85 9 10 6 13 27 13 6 67 67 243 264 24 103 77 6 5 5 5 6 75 0 1 1 1 1 0 0 0 11 11 11 11 11 11 37 37 0 0 0 0 0 0
7 107 108 109 110 43 85 9 10 55 40 18 5 6 67 67 38 287 24 103 77 6 5 5 5 6 1 1 1 1 0 0 0 0 11 11 11 11 11 11 8 8 0 0 0 0 0 0
7 107 108 109 110 43 85 9 10 21 23 46 23 21 67 67 15 14 15 14 15 14 1 1 1 1 0 0 11 11 11 11 11 11 2 2 2 2 2 2 2 2 2
7 107 108 109 110 43 85 9 10 6 18 390 18 6 67 67 391 392 82 97 83 18 5 5 5 18 393 141 1 1 1 1 0 0 0 0 11 11 11 11 11 11 394 16 16 16 16 3 3 0 0 0 0 0
7 107 108 109 110 43 85 9 10 55 117 192 117 55 67 67 30 4 4 4 30 4 4 4 1 1 1 1 0 0 0 11 11 11 11 11 11
7 107 108 109 110 43 125 9 10 21 27 13 13 48 67 67 15 14 15 14 1 1 1 1 0 0 0 11 11 11 11 11 11 2 2 2 2 2 2
7 107 108 109 110 43 125 9 10 6 13 23 46 228 67 67 15 14 15 14 15 14 1 1 1 1 0 0 11 11 11 11 11 11 2 2 2 2 2 2 2 2 2
7 107 108 109 110 43 125 9 10 6 13 27 65 48 67 67 15 14 15 14 1 1 1 1 0 0 0 11 11 11 11 11 11 2 2 2 2 2 2
7 107 108 109 110 43 85 9 10 21 27 65 27 21 67 67 15 14 15 14 1 1 1 1 0 0 0 11 11 11 11 11 11 2 2 2 2 2 2
7 107 108 109 110 43 85 9 10 21 23 46 23 21 67 67 15 14 15 14 15 14 1 1 1 1 0 0 11 11 11 11 11 11 2 2 2 2 2 2 2 2 2
7 107 108 109 110 43 85 9 10 45 26 26 6 6 67 67 6 5 5 6 0 1 1 1 1 0 0 0 11 11 11 11 11 11 0 0 0
7 107 108 109 110 43 85 9 10 45 26 26 6 6 67 67 6 5 5 6 0 0 1 1 1 1 0 0 0 11 11 11 11 11 11 0 0
7 107 108 109 110 43 85 9 10 45 26 26 6 6 67 67 6 5 5 6 0 0 1 1 1 1 0 0 0 11 11 11 11 11 11 0 0
7 12 28 53 51 17 102 135 32 27 13 6 10 9 59 121 15 14 0 0 0 1 1 1 1 3 3 3 3 2 2 2
7 12 28 53 51 17 102 135 192 146 146 55 10 9 59 121 30 30 0 0 1 1 1 1 3 3 3 3 4 4 4 4 4 4
7 12 28 53 51 17 102 135 18 5 5 6 10 9 59 121 0 0 0 0 1 1 1 1 3 3 3 3
7 12 7 36 159 17 86 26 6 5 5 6 10 9 6 13 0 0 0 0 1 1 1 1 0 0
7 12 7 36 159 17 86 26 55 117 18 6 10 9 6 13 30 0 0 0 1 1 1 1 0 0 4 4 4
7 12 19 25 33 17 28 311 312 194 97 82 82 97 9 10 207 3 3 16 16 16 16 3 3 1 1 1 1 4 4 4
7 12 19 25 33 17 28 68 312 194 97 82 82 97 9 10 54 44 3 3 16 16 16 16 3 3 1 1 1 1 3 3 11 11 11
7 12 19 25 33 17 19 395 396 194 97 82 82 97 9 10 397 14 3 3 16 16 16 16 3 3 1 1 1 1 2 2 2
7 12 19 25 33 17 7 152 398 194 97 82 82 97 9 10 134 6 5 5 5 6 3 3 16 16 16 16 3 3 1 1 1 1 0 0 0 0 0
7 12 19 25 33 17 22 29 201 194 97 82 82 97 9 10 20 3 3 16 16 16 16 3 3 1 1 1 1
7 12 19 25 33 17 28 165 166 9 10 202 148 132 59 88 40 18 5 5 5 18 1 1 1 1 8 8 3 3 3 3 8 8 0 0 0 0 0
7 12 19 25 33 17 28 165 166 9 10 202 148 132 59 88 40 32 23 46 23 32 15 14 15 14 15 14 1 1 1 1 8 8 3 3 3 3 8 8 0 0 2 2 2 2 2 2 2 2 2
7 12 19 25 33 17 28 165 166 9 10 202 148 132 59 88 40 32 27 65 27 32 15 14 15 14 1 1 1 1 8 8 3 3 3 3 8 8 0 0 0 2 2 2 2 2 2
7 12 19 25 33 17 28 165 166 9 10 202 148 132 59 88 40 18 5 5 5 18 0 0 1 1 1 1 8 8 3 3 3 3 8 8 0 0 0
7 12 19 25 33 17 28 165 166 9 10 202 148 132 59 88 40 18 5 5 5 18 0 0 1 1 1 1 8 8 3 3 3 3 8 8 0 0 0
7 12 19 25 33 17 28 165 166 9 10 202 148 132 59 88 40 18 5 5 5 18 0 0 1 1 1 1 8 8 3 3 3 3 8 8 0 0 0
7 12 19 25 33 17 28 165 166 9 10 202 148 132 59 88 40 18 6 77 6 18 103 0 123 140 126 144 73 56 127 106 73 56 1 1 1 1 8 8 3 3 3 3 8 8 0 0 0 0 24 112 16 16 64 3 3 64
7 12 19 60 61 34 22 71 90 39 93 47 58 6 6 77 6 6 9 10 103 0 123 140 126 56 73 144 127 106 56 73 42 20 8 8 0 0 0 0 1 1 1 1 24 112 64 16 16 3 3 64 4 4 4
7 12 19 60 61 34 22 71 90 39 93 47 58 6 6 77 6 6 9 10 103 0 123 140 126 56 73 144 127 106 56 73 42 0 0 20 8 8 0 0 1 1 1 1 24 112 64 16 16 3 3 64 4 4 4
7 12 19 60 61 34 22 71 90 39 89 31 41 6 6 77 6 6 9 10 103 0 123 212 126 56 73 213 106 56 73 20 8 8 24 0 0 0 0 1 1 1 1 24 112 64 3 3 64
7 12 19 60 61 34 22 71 90 39 93 47 58 6 6 77 6 6 9 10 103 0 123 140 126 56 73 144 127 106 56 73 42 0 0 20 8 8 0 0 1 1 1 1 24 112 64 16 16 3 3 64 4 4 4
7 12 19 60 61 34 22 71 90 39 93 47 58 6 6 77 6 6 9 10 103 0 123 140 126 56 73 144 127 106 56 73 42 0 20 8 8 0 0 0 1 1 1 1 24 112 64 16 16 3 3 64 4 4 4
7 12 19 60 61 34 22 71 90 39 93 47 58 6 6 77 6 6 9 10 103 0 123 140 126 56 73 144 127 106 56 73 42 0 20 8 8 0 0 0 1 1 1 1 24 112 64 16 16 3 3 64 4 4 4
7 12 19 60 61 34 22 71 90 39 93 47 58 6 6 77 6 6 9 10 103 0 123 140 126 56 73 144 127 106 56 73 42 20 8 8 0 0 0 0 1 1 1 1 24 112 64 16 16 3 3 64 4 4 4
7 12 19 60 61 34 22 71 90 39 93 47 58 6 6 77 6 6 9 10 103 0 123 140 126 56 73 42 399 72 82 400 401 20 8 8 0 0 0 0 1 1 1 1 24 112 64 4 4 4 16 16 16 16 16 16 3 3 313 313
7 12 19 60 61 34 22 71 90 39 93 47 58 6 6 138 6 6 9 10 199 20 200 42 20 8 8 0 0 0 0 1 1 1 1 64 4 4 4
7 12 19 60 61 34 22 71 90 39 93 47 58 6 6 77 6 6 9 10 103 0 123 140 126 56 73 144 127 106 56 73 42 0 20 8 8 0 0 0 1 1 1 1 24 112 64 16 16 3 3 64 4 4 4
7 12 19 60 61 34 22 71 90 39 93 47 58 6 6 77 6 6 9 10 103 0 123 140 126 56 73 144 127 106 56 73 42 0 0 20 8 8 0 0 1 1 1 1 24 112 64 16 16 3 3 64 4 4 4
7 12 19 60 61 34 22 71 90 39 93 47 402 143 55 138 55 143 9 10 199 20 200 42 30 30 20 8 8 0 0 1 1 1 1 64 4 4 4 4 4 4 4 4 4
7 12 19 60 61 34 22 71 90 39 93 47 229 6 6 77 55 143 9 10 103 0 123 140 126 56 73 144 127 106 56 73 42 30 4 4 4 20 8 8 0 0 0 1 1 1 1 24 112 64 16 16 3 3 64 4 4 4
7 12 19 60 61 34 22 71 90 39 93 47 136 6 6 77 21 48 9 10 103 0 123 140 126 56 73 144 127 106 56 73 42 15 14 20 8 8 0 0 0 1 1 1 1 24 112 64 16 16 3 3 64 4 4 4 2 2 2
7 12 19 60 61 34 22 71 90 39 93 177 58 6 6 77 6 6 9 10 103 0 123 140 126 56 73 144 127 106 56 73 225 44 20 8 8 0 0 0 0 1 1 1 1 24 112 64 16 16 3 3 64 3 3 11 11 11
7 12 19 60 61 34 22 71 90 39 89 31 41 6 6 77 6 6 9 10 295 0 296 20 8 8 24 0 0 0 0 1 1 1 1 1 1
7 12 19 60 61 34 22 71 90 39 93 47 58 6 5 5 5 6 9 10 42 20 8 8 0 0 0 0 0 1 1 1 1 4 4 4
7 12 19 60 61 34 22 71 90 39 89 31 41 6 6 77 6 6 9 10 103 258 24 183 20 8 8 24 0 0 0 0 1 1 1 1 0 4 4 4
7 12 19 60 61 34 22 71 90 39 89 31 41 6 6 41 6 6 9 10 214 24 183 20 8 8 24 0 0 0 0 1 1 1 1 4 4 4
7 12 19 60 61 34 22 71 90 39 89 31 41 6 6 77 6 6 9 10 226 0 297 42 42 20 8 8 24 0 0 0 0 1 1 1 1 4 4 4 4 4 4
7 12 19 60 61 34 22 71 90 39 89 31 41 6 6 77 6 6 9 10 103 0 308 142 259 266 20 8 8 24 0 0 0 0 1 1 1 1 24 11 11 11 16 16 3 3
7 12 19 60 61 34 22 71 156 39 129 75 27 13 5 5 5 13 9 10 20 37 37 0 0 0 0 0 1 1 1 1
7 12 19 60 61 34 22 71 90 39 89 31 131 6 5 6 26 86 9 10 6 5 5 6 20 8 8 24 0 0 0 1 1 1 1 0 0 0 0
7 12 19 60 61 34 22 71 156 39 129 75 48 13 5 6 26 115 9 10 6 5 5 6 20 37 37 0 0 0 1 1 1 1 0 0 0 0
7 12 19 60 61 34 22 71 156 39 129 75 27 13 5 18 117 32 9 10 30 20 37 37 0 0 0 0 1 1 1 1 4 4 4
7 12 19 60 61 34 22 71 156 39 129 75 27 13 18 117 18 13 9 10 30 20 37 37 0 0 0 0 1 1 1 1 4 4 4
7 12 19 60 61 34 22 71 156 39 129 75 27 13 13 27 13 13 9 10 15 14 20 37 37 0 0 0 0 1 1 1 1 2 2 2
7 12 19 60 61 34 22 71 156 39 129 75 27 13 13 23 23 65 9 10 15 14 15 14 20 37 37 0 0 0 1 1 1 1 2 2 2 2 2 2
7 12 19 60 61 34 22 71 156 39 129 75 27 13 5 5 5 13 9 10 0 20 37 37 0 0 0 0 1 1 1 1
7 12 19 60 61 34 22 71 156 39 129 75 27 13 5 5 5 13 9 10 0 20 37 37 0 0 0 0 1 1 1 1
7 12 19 60 61 34 22 71 90 39 89 31 41 6 5 5 5 6 9 10 0 20 8 8 24 0 0 0 0 1 1 1 1
7 12 19 60 61 34 22 71 90 39 89 31 215 21 27 13 18 143 9 10 30 15 14 20 8 8 24 0 0 0 1 1 1 1 4 4 4 2 2 2
7 12 19 60 61 34 22 71 90 39 89 31 314 48 13 5 18 143 9 10 30 15 14 20 8 8 24 0 0 0 1 1 1 1 4 4 4 2 2 2
7 12 19 60 61 34 22 71 90 39 89 31 104 21 27 13 13 48 9 10 15 14 15 14 20 8 8 24 0 0 0 1 1 1 1 2 2 2 2 2 2
7 12 19 60 61 34 22 71 90 39 93 47 136 21 27 13 13 48 9 10 15 14 15 14 42 20 8 8 0 0 0 1 1 1 1 2 2 2 2 2 2 4 4 4
7 12 19 60 61 34 22 71 90 39 89 31 41 21 27 65 27 21 9 10 15 14 15 14 20 8 8 24 0 0 0 1 1 1 1 2 2 2 2 2 2
7 12 19 60 61 34 22 71 90 39 89 31 41 21 23 46 23 21 9 10 15 14 15 14 15 14 20 8 8 24 0 0 1 1 1 1 2 2 2 2 2 2 2 2 2
7 12 19 60 61 34 22 71 90 39 89 31 104 55 117 18 13 48 9 10 30 4 4 4 15 14 20 8 8 24 0 0 0 1 1 1 1 2 2 2
7 12 19 60 61 34 22 71 90 39 89 31 41 55 117 32 27 21 9 10 30 4 4 4 15 14 20 8 8 24 0 0 0 1 1 1 1 2 2 2
7 12 19 60 61 34 22 71 315 39 121 59 135 18 5 6 26 102 9 10 6 5 5 6 20 3 3 3 3 0 0 0 1 1 1 1 0 0 0 0
7 12 19 60 61 34 22 71 315 39 121 59 157 32 27 13 13 91 9 10 15 14 15 14 20 3 3 3 3 0 0 0 1 1 1 1 2 2 2 2 2 2
7 12 19 60 61 34 22 71 156 39 129 138 6 5 5 5 6 9 10 167 163 20 20 37 37 0 0 0 0 0 1 1 1 1
7 12 19 60 61 34 22 71 156 39 129 75 27 13 5 13 27 65 9 10 15 14 20 37 37 0 0 0 0 1 1 1 1 2 2 2
7 12 19 60 61 34 22 71 156 39 129 40 18 5 5 5 18 9 10 403 404 56 405 20 37 37 0 0 0 0 0 1 1 1 1 8 8
7 12 19 60 61 34 22 406 407 66 13 118 13 5 5 5 13 9 10 316 193 256 20 20 0 0 0 0 0 0 1 1 1 1 0
7 12 19 60 61 34 22 71 408 39 207 9 10 20 4 4 4 1 1 1 1
7 12 19 60 61 34 22 71 90 39 93 47 160 6 6 26 86 86 9 10 103 0 123 140 126 56 73 144 127 106 56 73 42 6 5 5 6 20 8 8 0 0 1 1 1 1 24 112 64 16 16 3 3 64 4 4 4 0 0 0 0
7 12 19 60 61 34 22 71 156 39 9 10 129 75 27 13 5 5 5 13 20 1 1 1 1 37 37 0 0 0 0 0
7 12 19 60 61 34 22 71 90 39 9 10 89 31 41 6 5 5 5 6 20 1 1 1 1 8 8 24 0 0 0 0 0
7 12 19 60 61 34 22 71 156 39 9 10 129 75 27 13 5 5 5 13 20 1 1 1 1 37 37 0 0 0 0 0
7 12 19 60 61 34 22 71 90 39 89 31 131 6 5 6 26 86 9 10 6 5 5 6 20 8 8 24 0 0 0 1 1 1 1 0 0 0 0
7 12 19 60 61 34 28 180 180 39 40 9 10 40 18 18 83 18 18 18 18 83 18 18 97 82 168 142 97 82 168 142 116 116 1 1 1 1 0 0 0 0 0 0 0 0 3 3 16 16 16 16 11 11 11 3 3 16 16 16 16 11 11 11 8 8 8 8
7 12 19 60 61 34 28 180 180 39 40 9 10 40 18 5 18 117 192 192 117 18 5 18 30 4 4 4 30 4 4 4 116 116 1 1 1 1 0 0 0 0 0 0 0 0 8 8 8 8
7 12 19 60 61 34 28 180 180 39 40 9 10 40 18 5 5 5 18 18 5 5 5 18 0 0 116 116 1 1 1 1 0 0 0 0 0 0 0 0 8 8 8 8
7 12 19 60 61 34 28 180 180 39 40 9 10 40 18 5 5 5 18 18 5 5 5 18 0 0 0 0 116 116 1 1 1 1 0 0 0 0 0 0 8 8 8 8
7 12 19 60 61 34 28 150 150 39 9 10 83 83 18 5 5 5 18 18 5 5 5 18 121 59 121 59 1 1 1 1 0 0 0 0 0 0 0 0 0 0 3 3 3 3 3 3 3 3
7 12 19 60 61 34 28 150 150 39 9 10 83 83 18 5 5 5 18 18 5 5 5 18 97 97 80 216 80 216 1 1 1 1 0 0 0 0 0 0 0 0 0 0 3 3 3 3 3 3 16 16 3 3 16 16
7 12 19 60 61 34 28 150 150 39 203 9 10 203 187 72 72 72 187 187 72 72 72 187 188 188 81 1 1 1 1 81 16 16 16 16 16 16 16 16 16 16 16 16 16 16 16 16 16 16 16 16 3 3 3 3
7 12 19 60 61 34 28 180 180 39 40 9 10 40 116 116 18 6 26 26 55 18 6 26 26 55 6 5 5 6 6 5 5 6 1 1 1 1 8 8 8 8 0 0 0 0 0 0 0 0 0 0 0 0 0 0
19 12 7 34 61 66 409 49 7 60 13 6 26 6 5 5 6 115 9 10 0 0 0 0 0 0 1 1 1 1
7 12 19 60 61 34 28 150 150 39 9 10 188 317 244 244 188 317 244 244 1 1 1 1 3 3 81 11 11 11 11 11 11 3 3 81 11 11 11 11 11 11
7 12 19 60 61 34 28 318 318 39 9 10 319 179 179 319 179 179 1 1 1 1 122 11 11 11 11 11 11 122 11 11 11 11 11 11
7 12 19 60 61 34 28 150 150 39 9 10 54 44 54 44 1 1 1 1 3 3 11 11 11 3 3 11 11 11
7 12 19 60 61 34 28 150 150 39 9 10 80 80 82 72 168 142 82 72 168 142 1 1 1 1 3 3 3 3 16 16 16 16 16 16 11 11 11 16 16 16 16 16 16 11 11 11
7 12 19 60 61 34 28 410 411 66 9 10 62 54 48 13 5 5 6 15 14 44 1 1 1 1 3 3 0 0 0 0 2 2 2 11 11 11
7 12 19 60 61 34 28 150 150 39 9 10 188 188 203 203 187 72 72 72 187 187 72 72 72 187 1 1 1 1 3 3 3 3 81 81 16 16 16 16 16 16 16 16 16 16 16 16 16 16 16 16 16 16 16 16
7 12 19 60 61 34 28 150 150 39 9 10 80 82 72 72 168 142 80 82 72 72 168 142 1 1 1 1 3 3 16 16 16 16 16 16 16 16 11 11 11 3 3 16 16 16 16 16 16 16 16 11 11 11
7 12 19 60 61 34 22 71 90 39 116 9 10 169 245 135 135 245 18 5 5 6 6 5 5 18 59 59 20 8 8 1 1 1 1 0 0 0 0 0 0 0 0 3 3 3 3
7 12 19 60 61 34 22 71 90 39 116 9 10 169 125 36 36 125 13 5 5 6 6 5 5 13 66 20 8 8 1 1 1 1 0 0 0 0 0 0 0 0
7 12 19 60 61 34 22 71 90 39 116 9 10 169 85 6 6 85 5 5 5 6 6 5 5 5 20 8 8 1 1 1 1 0 0 0 0 0 0 0 0 0 0
7 12 19 60 61 34 22 71 90 39 116 9 10 169 245 105 105 245 18 5 5 6 6 5 5 18 96 20 8 8 1 1 1 1 0 0 0 0 0 0 0 0 8 8
7 12 19 60 61 34 22 71 90 39 116 9 10 169 125 36 36 125 13 5 5 6 6 5 5 13 66 20 8 8 1 1 1 1 0 0 0 0 0 0 0 0
7 12 19 60 61 34 22 71 90 39 116 9 10 169 102 86 86 102 6 5 5 6 6 5 5 6 20 8 8 1 1 1 1 0 0 0 0 0 0 0 0
7 12 19 60 61 34 22 71 90 39 116 9 10 169 102 26 26 102 6 5 5 6 6 5 5 6 6 6 20 8 8 1 1 1 1 0 0 0 0 0 0 0 0 0 0
7 12 19 60 61 34 22 71 156 39 9 10 288 223 20 1 1 1 1 37 37 141
7 12 7 36 99 17 13 18 162 50 38 31 41 6 6 77 6 6 9 10 103 0 123 212 126 56 73 213 106 56 73 30 0 0 8 8 24 0 0 0 0 1 1 1 1 24 112 64 3 3 64 4 4 4
7 12 7 36 99 17 13 18 162 50 38 31 41 21 23 46 23 21 9 10 30 15 14 15 14 15 14 0 0 8 8 24 0 0 1 1 1 1 4 4 4 2 2 2 2 2 2 2 2 2
7 12 7 36 99 17 13 18 162 50 38 31 41 6 6 77 6 6 9 10 103 0 230 412 106 56 73 320 106 56 73 30 320 0 0 8 8 24 0 0 0 0 1 1 1 1 24 122 64 3 3 64 4 4 4 3 3
7 12 7 36 99 17 13 18 162 50 38 31 41 45 77 6 5 6 9 10 30 0 103 0 123 212 126 56 73 213 106 56 73 0 0 8 8 24 0 0 0 1 1 1 1 4 4 4 24 112 64 3 3 64
7 12 7 36 99 17 13 18 162 194 38 31 41 6 6 77 6 6 9 10 103 0 123 212 126 56 73 213 106 56 73 267 44 0 0 8 8 24 0 0 0 0 1 1 1 1 24 112 64 3 3 64 3 3 11 11 11
7 12 7 36 99 17 13 18 162 50 96 40 32 27 65 27 32 9 10 30 15 14 15 14 0 0 8 8 0 0 0 1 1 1 1 4 4 4 2 2 2 2 2 2
7 12 7 36 62 17 13 18 40 55 38 104 21 27 13 13 48 9 10 0 15 14 15 14 31 0 0 8 8 0 0 0 1 1 1 1 2 2 2 2 2 2 24
7 12 7 36 62 17 13 18 40 55 38 41 21 23 46 23 21 9 10 0 15 14 31 15 14 15 14 0 0 8 8 0 0 1 1 1 1 2 2 2 24 2 2 2 2 2 2
7 12 7 36 62 17 13 18 40 55 57 58 21 23 46 23 21 9 10 0 15 14 47 15 14 15 14 42 0 0 8 8 0 0 1 1 1 1 2 2 2 2 2 2 2 2 2 4 4 4
7 12 7 36 62 17 13 6 41 45 31 113 32 27 13 13 91 9 10 0 15 14 15 14 38 0 0 24 0 0 0 1 1 1 1 2 2 2 2 2 2 8 8
7 12 7 36 62 17 13 6 41 45 153 157 32 27 13 13 91 9 10 0 15 14 15 14 242 59 0 0 24 0 0 0 1 1 1 1 2 2 2 2 2 2 3 3 3 3
7 12 7 36 62 17 13 6 41 45 153 157 32 27 13 13 91 9 10 0 15 14 15 14 266 97 216 0 0 24 0 0 0 1 1 1 1 2 2 2 2 2 2 3 3 3 3 16 16
7 12 7 36 62 17 13 6 41 45 31 40 32 23 46 23 32 9 10 0 15 14 38 15 14 15 14 0 0 24 0 0 1 1 1 1 2 2 2 8 8 2 2 2 2 2 2
7 12 7 36 62 17 13 6 41 45 153 83 32 23 46 23 32 9 10 0 15 14 15 14 15 14 242 59 0 0 24 0 0 1 1 1 1 2 2 2 2 2 2 2 2 2 3 3 3 3
7 12 7 36 62 17 13 6 41 45 153 83 32 23 46 23 32 9 10 0 15 14 15 14 15 14 266 97 216 0 0 24 0 0 1 1 1 1 2 2 2 2 2 2 2 2 2 3 3 3 3 16 16
7 12 7 36 62 17 13 6 58 45 47 40 32 23 46 23 32 9 10 0 15 14 57 15 14 15 14 42 0 0 0 0 1 1 1 1 2 2 2 8 8 2 2 2 2 2 2 4 4 4
7 12 7 36 62 17 13 18 40 55 38 31 104 21 27 13 13 48 9 10 0 15 14 15 14 0 0 8 8 24 0 0 0 1 1 1 1 2 2 2 2 2 2
7 12 7 36 62 17 13 18 40 55 38 31 41 21 23 46 23 21 9 10 0 15 14 15 14 15 14 0 0 8 8 24 0 0 1 1 1 1 2 2 2 2 2 2 2 2 2
7 12 7 36 62 17 13 18 40 55 57 47 58 21 23 46 23 21 9 10 0 15 14 15 14 15 14 42 0 0 8 8 0 0 1 1 1 1 2 2 2 2 2 2 2 2 2 4 4 4
7 12 7 36 62 17 13 18 40 55 38 31 131 6 5 6 26 86 9 10 6 5 5 6 0 0 0 8 8 24 0 0 0 1 1 1 1 0 0 0 0
7 12 7 36 62 17 13 18 40 55 38 31 41 6 5 5 5 6 9 10 0 0 0 0 8 8 24 0 0 0 0 1 1 1 1
7 12 7 36 62 17 13 18 40 55 38 31 215 6 5 5 18 143 9 10 0 30 0 0 0 8 8 24 0 0 0 1 1 1 1 4 4 4
7 12 7 36 62 17 13 6 41 45 31 113 32 27 13 13 91 9 10 15 14 38 15 14 0 0 0 24 0 0 0 1 1 1 1 2 2 2 8 8 2 2 2
7 12 7 36 62 17 13 6 41 45 31 40 32 27 65 27 32 9 10 15 14 38 15 14 0 0 0 24 0 0 0 1 1 1 1 2 2 2 8 8 2 2 2
7 12 7 36 62 17 13 6 41 45 31 113 18 13 27 65 91 9 10 38 15 14 15 14 0 0 0 24 0 0 0 1 1 1 1 8 8 2 2 2 2 2 2
7 12 7 36 62 17 13 6 41 45 31 40 18 5 5 5 18 9 10 38 0 0 0 24 0 0 0 0 0 1 1 1 1 8 8
7 12 7 36 62 17 13 6 41 45 31 40 32 23 46 23 32 9 10 15 14 38 15 14 15 14 0 0 0 24 0 0 1 1 1 1 2 2 2 8 8 2 2 2 2 2 2
7 12 7 36 62 17 13 6 41 45 31 113 18 13 23 46 217 9 10 38 15 14 15 14 15 14 0 0 0 24 0 0 1 1 1 1 8 8 2 2 2 2 2 2 2 2 2
7 12 7 36 62 17 13 6 41 45 31 113 32 23 23 65 91 9 10 38 15 14 15 14 15 14 0 0 0 24 0 0 1 1 1 1 8 8 2 2 2 2 2 2 2 2 2
7 12 7 36 62 17 13 6 41 45 31 246 91 65 27 65 91 9 10 38 15 14 15 14 15 14 0 0 0 24 0 0 1 1 1 1 8 8 2 2 2 2 2 2 2 2 2
7 12 7 36 62 17 13 6 41 45 31 105 102 26 6 5 18 9 10 38 6 5 5 6 0 0 0 24 0 0 0 1 1 1 1 8 8 0 0 0 0
7 12 7 36 62 17 13 6 138 45 163 164 18 5 5 5 18 9 10 167 20 87 0 0 0 0 0 0 0 0 1 1 1 1 37 37
7 12 7 36 62 17 13 18 164 55 87 138 6 5 5 5 6 9 10 167 163 20 0 0 0 37 37 0 0 0 0 0 1 1 1 1
7 12 7 36 62 17 13 18 164 55 87 138 21 23 46 23 21 9 10 167 163 20 15 14 15 14 15 14 0 0 0 37 37 0 0 1 1 1 1 2 2 2 2 2 2 2 2 2
7 12 7 36 62 17 13 18 164 55 87 321 48 13 13 27 21 9 10 167 163 20 15 14 15 14 0 0 0 37 37 0 0 0 1 1 1 1 2 2 2 2 2 2
7 12 7 36 62 17 13 18 164 55 87 321 228 46 23 13 6 9 10 167 163 20 15 14 15 14 15 14 0 0 0 37 37 0 0 1 1 1 1 2 2 2 2 2 2 2 2 2
7 12 7 36 62 17 13 18 164 55 87 138 21 27 65 27 21 9 10 167 163 20 15 14 15 14 0 0 0 37 37 0 0 0 1 1 1 1 2 2 2 2 2 2
7 12 7 36 62 17 13 18 40 55 38 31 41 21 23 46 23 21 9 10 0 15 14 15 14 15 14 0 0 0 8 8 24 0 1 1 1 1 2 2 2 2 2 2 2 2 2
7 12 7 36 62 17 13 18 40 55 38 31 41 21 23 46 23 21 9 10 15 14 15 14 15 14 0 0 0 0 8 8 24 0 1 1 1 1 2 2 2 2 2 2 2 2 2
7 12 7 36 62 17 13 6 58 45 47 113 32 27 13 13 91 9 10 15 14 57 15 14 42 0 0 0 0 0 0 1 1 1 1 2 2 2 8 8 2 2 2 4 4 4
7 12 7 36 62 17 13 6 58 45 47 40 32 27 65 27 32 9 10 15 14 57 15 14 42 0 0 0 0 0 0 1 1 1 1 2 2 2 8 8 2 2 2 4 4 4
7 12 7 36 62 17 13 6 58 45 47 113 18 13 27 65 91 9 10 57 15 14 15 14 42 0 0 0 0 0 0 1 1 1 1 8 8 2 2 2 2 2 2 4 4 4
7 12 7 36 62 17 13 6 58 45 47 113 18 13 23 46 217 9 10 57 15 14 15 14 15 14 42 0 0 0 0 0 1 1 1 1 8 8 2 2 2 2 2 2 2 2 2 4 4 4
7 12 7 36 62 17 13 6 58 45 47 105 102 26 6 5 18 9 10 57 6 5 5 6 42 0 0 0 0 0 0 1 1 1 1 8 8 0 0 0 0 4 4 4
7 12 7 36 62 17 13 18 164 55 87 138 21 23 23 13 6 9 10 167 163 20 15 14 15 14 0 0 0 37 37 0 0 0 1 1 1 1 2 2 2 2 2 2
7 12 7 36 62 17 13 18 164 55 87 138 6 6 138 6 6 9 10 167 163 20 199 20 200 0 0 0 37 37 0 0 0 0 1 1 1 1 64
7 12 7 36 62 17 13 18 40 55 38 31 41 6 5 5 5 6 9 10 0 0 0 8 8 24 0 0 0 0 0 1 1 1 1
7 12 7 36 62 17 13 18 40 55 57 47 58 6 5 5 5 6 9 10 42 0 0 0 8 8 0 0 0 0 0 1 1 1 1 4 4 4
7 12 7 36 99 17 13 5 18 143 9 10 30 0 0 0 1 1 1 1 4 4 4
7 12 7 36 99 17 13 5 18 143 9 10 30 4 4 4 0 0 0 1 1 1 1
7 12 7 36 62 17 13 5 5 6 9 10 0 0 0 0 1 1 1 1
7 12 7 36 62 17 13 5 5 6 9 10 0 0 0 0 1 1 1 1
7 12 7 36 62 17 13 5 5 6 9 10 0 0 0 0 1 1 1 1
7 12 7 36 62 17 13 5 5 6 9 10 0 0 0 0 1 1 1 1
7 12 7 36 181 17 13 5 13 48 9 10 15 14 0 0 0 1 1 1 1 2 2 2
7 12 7 36 181 17 13 5 13 48 9 10 98 145 139 0 0 0 1 1 1 1 35 35 11 11 11
7 12 7 36 181 17 13 5 13 48 9 10 98 147 322 142 0 0 0 1 1 1 1 35 35 16 16 11 11 11
7 12 7 36 181 17 13 5 13 48 9 10 98 145 139 11 11 11 0 0 0 1 1 1 1 35 35
7 12 7 36 181 17 13 5 13 48 9 10 98 147 322 142 16 16 11 11 11 0 0 0 1 1 1 1 35 35
7 12 7 36 181 17 13 5 13 48 9 10 98 147 161 168 16 16 16 16 142 11 11 11 0 0 0 1 1 1 1 35 35
7 12 7 36 181 17 13 5 13 48 9 10 15 14 0 0 0 1 1 1 1 2 2 2
7 12 7 36 62 17 13 18 117 55 9 10 30 0 0 0 1 1 1 1 4 4 4
7 12 7 36 62 17 13 18 117 55 9 10 30 4 4 4 0 0 0 1 1 1 1
7 12 7 36 62 17 13 5 5 6 9 10 0 0 0 0 1 1 1 1
7 12 7 36 62 17 13 5 5 6 9 10 0 0 0 0 1 1 1 1
7 12 7 36 62 17 13 5 5 6 9 10 0 0 0 0 1 1 1 1
7 12 7 36 62 17 13 5 5 6 9 10 0 0 0 0 1 1 1 1
7 12 7 36 62 17 13 13 27 21 9 10 15 14 0 0 0 1 1 1 1 2 2 2
7 12 7 36 62 17 32 117 18 6 9 10 30 0 0 0 1 1 1 1 4 4 4
7 12 7 36 62 17 32 117 18 6 9 10 30 4 4 4 0 0 0 1 1 1 1
7 12 7 36 62 17 13 5 5 6 9 10 0 0 0 0 1 1 1 1
7 12 7 36 62 17 13 5 5 6 9 10 0 0 0 0 1 1 1 1
7 12 7 36 62 17 13 5 5 6 9 10 0 0 0 0 1 1 1 1
7 12 7 36 62 17 13 5 5 6 9 10 0 0 0 0 1 1 1 1
7 12 7 36 62 17 13 5 5 6 9 10 0 0 0 0 1 1 1 1
7 12 7 36 62 17 32 146 146 55 9 10 30 30 0 0 1 1 1 1 4 4 4 4 4 4
7 12 7 36 181 17 13 5 13 209 9 10 70 70 79 13 5 5 5 13 0 0 0 1 1 1 1 0 0 0 0 0
7 12 7 36 159 17 13 5 6 26 9 10 6 6 77 6 5 5 5 6 0 0 0 1 1 1 1 0 0 0 0 0 0 0
7 12 7 36 99 17 13 5 18 135 9 10 59 59 83 18 5 5 5 18 0 0 0 1 1 1 1 3 3 3 3 0 0 0 0 0
7 12 7 36 99 17 13 5 18 105 9 10 38 31 104 21 27 13 13 48 15 14 15 14 0 0 0 1 1 1 1 8 8 24 0 0 0 2 2 2 2 2 2
7 12 7 36 99 17 13 5 18 105 9 10 57 47 136 21 27 13 13 48 15 14 15 14 42 0 0 0 1 1 1 1 8 8 0 0 0 2 2 2 2 2 2 4 4 4
7 12 7 36 99 17 13 5 18 135 9 10 59 59 157 32 27 13 13 91 15 14 15 14 0 0 0 1 1 1 1 3 3 3 3 0 0 0 2 2 2 2 2 2
7 12 7 36 181 17 13 5 13 209 9 10 70 70 413 65 27 13 13 23 15 14 15 14 0 0 0 1 1 1 1 0 0 0 2 2 2 2 2 2
7 12 7 36 99 17 13 5 18 105 9 10 38 31 41 21 23 46 23 21 15 14 15 14 15 14 0 0 0 1 1 1 1 8 8 24 0 0 2 2 2 2 2 2 2 2 2
7 12 7 36 99 17 13 5 18 105 9 10 57 47 58 21 23 46 23 21 15 14 15 14 15 14 42 0 0 0 1 1 1 1 8 8 0 0 2 2 2 2 2 2 2 2 2 4 4 4
7 12 7 36 99 17 13 5 18 135 9 10 59 59 83 32 23 46 23 32 15 14 15 14 15 14 0 0 0 1 1 1 1 3 3 3 3 0 0 2 2 2 2 2 2 2 2 2
7 12 7 36 62 17 9 10 13 6 41 45 323 324 325 85 6 6 85 325 18 5 5 6 6 5 5 18 1 1 1 1 0 0 0 24 326 0 0 0 0 0 0 0 0 0 0
7 12 7 36 62 17 9 10 13 6 41 45 323 324 327 191 59 59 191 327 18 5 5 18 18 5 5 18 1 1 1 1 0 0 0 24 326 3 3 3 3 0 0 0 0 0 0 0 0
7 12 7 36 62 17 13 6 138 45 9 10 199 20 200 0 0 0 1 1 1 1 64
7 12 7 36 62 17 13 18 164 55 9 10 268 223 0 0 0 1 1 1 1 37 37 141
7 12 28 68 92 43 80 94 100 74 154 153 41 21 23 46 23 21 9 10 15 14 15 14 15 14 3 3 16 16 81 3 3 3 3 24 0 0 1 1 1 1 2 2 2 2 2 2 2 2 2
7 12 28 68 92 43 80 94 100 74 189 204 58 21 23 46 23 21 9 10 15 14 15 14 15 14 42 3 3 16 16 81 3 3 3 3 0 0 1 1 1 1 2 2 2 2 2 2 2 2 2 4 4 4
7 12 28 68 92 43 80 94 100 74 188 414 238 21 23 46 23 21 9 10 15 14 15 14 15 14 269 237 3 3 16 16 81 3 3 3 3 0 0 1 1 1 1 2 2 2 2 2 2 2 2 2 224
7 12 28 68 92 43 80 94 100 74 154 153 104 21 27 13 13 48 9 10 15 14 15 14 3 3 16 16 81 3 3 3 3 24 0 0 0 1 1 1 1 2 2 2 2 2 2
7 12 28 68 92 43 80 94 100 74 189 204 136 21 27 13 13 48 9 10 15 14 15 14 42 3 3 16 16 81 3 3 3 3 0 0 0 1 1 1 1 2 2 2 2 2 2 4 4 4
7 12 28 68 92 43 80 94 100 74 189 198 136 21 27 13 13 48 9 10 15 14 15 14 225 44 3 3 16 16 81 3 3 3 3 0 0 0 1 1 1 1 2 2 2 2 2 2 3 3 11 11 11
7 12 28 68 92 43 80 94 100 74 154 153 104 21 27 13 13 48 9 10 98 145 98 145 139 139 3 3 16 16 81 3 3 3 3 24 0 0 0 1 1 1 1 35 35 35 35 11 11 11 11 11 11
7 12 28 68 92 43 80 94 100 74 189 204 136 21 27 13 13 48 9 10 98 145 98 145 139 139 42 3 3 16 16 81 3 3 3 3 0 0 0 1 1 1 1 35 35 35 35 11 11 11 11 11 11 4 4 4
7 12 28 68 92 43 80 94 100 74 154 153 41 6 5 5 5 6 9 10 0 0 3 3 16 16 81 3 3 3 3 24 0 0 0 1 1 1 1
7 12 28 68 92 43 80 94 100 74 189 204 58 6 5 5 5 6 9 10 0 0 42 3 3 16 16 81 3 3 3 3 0 0 0 1 1 1 1 4 4 4
7 12 28 68 92 43 80 94 100 74 154 153 41 6 5 5 5 6 9 10 0 0 3 3 16 16 81 3 3 3 3 24 0 0 0 1 1 1 1
7 12 28 68 92 43 80 94 100 74 154 153 41 6 5 5 5 6 9 10 0 0 3 3 16 16 81 3 3 3 3 24 0 0 0 1 1 1 1
7 12 28 68 92 43 80 94 100 74 154 153 41 6 5 5 5 6 9 10 0 3 3 16 16 81 3 3 3 3 24 0 0 0 0 1 1 1 1
7 12 28 68 92 43 80 94 100 74 189 204 58 6 5 5 5 6 9 10 0 42 3 3 16 16 81 3 3 3 3 0 0 0 0 1 1 1 1 4 4 4
7 12 28 68 92 43 80 94 100 74 154 153 41 6 5 5 5 6 9 10 0 3 3 16 16 81 3 3 3 3 24 0 0 0 0 1 1 1 1
7 12 28 68 92 43 80 94 100 74 328 309 40 32 23 46 23 32 9 10 310 15 14 15 14 15 14 3 3 16 16 81 3 3 3 3 265 0 0 1 1 1 1 8 8 2 2 2 2 2 2 2 2 2
7 12 28 68 92 43 80 94 100 74 415 416 40 32 23 46 23 32 9 10 88 15 14 15 14 15 14 299 3 3 16 16 81 3 3 3 3 0 0 1 1 1 1 8 8 2 2 2 2 2 2 2 2 2 4 4 4
7 12 28 68 92 43 80 94 100 74 189 198 229 6 5 5 18 135 9 10 59 190 3 3 16 16 81 3 3 3 3 0 0 0 0 1 1 1 1 3 3 3 3
7 12 28 68 92 43 80 94 100 74 154 153 131 6 5 6 26 86 9 10 6 5 5 6 3 3 16 16 81 3 3 3 3 24 0 0 0 1 1 1 1 0 0 0 0
7 12 28 68 92 43 80 94 100 74 189 204 160 6 5 6 26 86 9 10 6 5 5 6 42 3 3 16 16 81 3 3 3 3 0 0 0 1 1 1 1 0 0 0 0 4 4 4
7 12 28 68 92 43 80 94 100 74 74 83 18 5 5 5 18 9 10 3 3 16 16 81 3 3 3 3 0 0 0 0 0 1 1 1 1
7 12 28 68 92 43 80 94 100 74 74 191 18 5 5 18 146 9 10 30 3 3 16 16 81 3 3 3 3 0 0 0 0 1 1 1 1 4 4 4
7 12 28 68 92 43 80 94 100 74 74 83 18 5 18 117 192 9 10 30 3 3 16 16 81 3 3 3 3 0 0 0 0 1 1 1 1 4 4 4
7 12 28 68 92 43 80 94 100 74 74 157 18 5 5 13 91 9 10 15 14 3 3 16 16 81 3 3 3 3 0 0 0 0 1 1 1 1 2 2 2
7 12 28 68 92 43 80 94 100 74 74 83 18 5 13 27 32 9 10 15 14 3 3 16 16 81 3 3 3 3 0 0 0 0 1 1 1 1 2 2 2
7 12 28 68 92 43 80 94 100 74 74 83 18 13 27 13 18 9 10 15 14 3 3 16 16 81 3 3 3 3 0 0 0 0 1 1 1 1 2 2 2
7 12 28 68 92 43 80 94 100 74 74 83 18 5 18 117 192 9 10 30 4 4 4 3 3 16 16 81 3 3 3 3 0 0 0 0 1 1 1 1
7 12 28 68 92 43 80 94 100 74 74 83 18 5 13 27 32 9 10 14 2 2 2 15 3 3 16 16 81 3 3 3 3 0 0 0 0 1 1 1 1
7 12 28 68 92 43 80 94 100 74 74 83 18 13 27 13 18 9 10 14 2 2 2 15 3 3 16 16 81 3 3 3 3 0 0 0 0 1 1 1 1
7 12 28 68 92 43 80 94 100 74 74 157 32 27 13 13 91 9 10 15 14 15 14 3 3 16 16 81 3 3 3 3 0 0 0 1 1 1 1 2 2 2 2 2 2
7 12 28 68 92 43 80 94 100 74 74 83 18 13 23 23 32 9 10 15 14 15 14 3 3 16 16 81 3 3 3 3 0 0 0 1 1 1 1 2 2 2 2 2 2
7 12 28 68 92 43 80 94 100 74 74 83 32 23 46 23 32 9 10 15 14 15 14 15 14 3 3 16 16 81 3 3 3 3 0 0 1 1 1 1 2 2 2 2 2 2 2 2 2
7 12 28 68 92 43 80 94 100 74 74 83 18 5 5 5 18 9 10 0 0 3 3 16 16 81 3 3 3 3 0 0 0 1 1 1 1
7 12 28 68 92 43 80 94 203 74 417 142 9 10 3 3 16 16 81 3 3 16 16 11 11 11 1 1 1 1
7 12 28 68 92 43 80 94 329 74 418 9 10 231 231 231 3 3 16 16 81 3 3 1 1 1 1 11 11 11 11 11 11 11 11 11
7 12 28 68 92 43 80 173 218 232 419 9 10 18 5 5 5 18 3 3 16 16 122 3 3 1 1 1 1 0 0 0 0 0
7 12 28 68 92 43 80 94 100 74 188 9 10 420 76 316 193 330 3 3 16 16 81 3 3 3 3 1 1 1 1 0 0 20
7 12 28 68 92 43 80 94 100 74 74 9 10 247 261 193 262 29 3 3 16 16 81 3 3 3 3 1 1 1 1 0 20 20
7 12 28 68 92 43 80 94 203 74 421 9 10 422 423 424 161 425 3 3 16 16 81 3 3 16 16 1 1 1 1 301 35 35 16 16 16 16
7 12 7 49 52 34 13 76 205 39 129 75 27 13 5 5 5 13 9 10 0 0 37 37 0 0 0 0 0 1 1 1 1
7 12 7 49 52 34 13 76 205 39 129 75 48 13 5 6 26 115 9 10 6 5 5 6 0 0 37 37 0 0 0 1 1 1 1 0 0 0 0
7 12 7 49 52 34 13 76 205 39 129 75 27 13 6 26 26 21 9 10 6 5 5 6 0 0 37 37 0 0 0 1 1 1 1 0 0 0 0
7 12 7 49 52 34 13 76 78 39 89 31 104 21 27 13 13 48 9 10 15 14 15 14 0 0 8 8 24 0 0 0 1 1 1 1 2 2 2 2 2 2
7 12 7 49 52 34 13 76 78 39 89 31 41 21 23 46 23 21 9 10 15 14 15 14 15 14 0 0 8 8 24 0 0 1 1 1 1 2 2 2 2 2 2 2 2 2
7 12 7 49 52 34 13 76 78 39 93 47 58 21 23 46 23 21 9 10 15 14 15 14 15 14 42 0 0 8 8 0 0 1 1 1 1 2 2 2 2 2 2 2 2 2 4 4 4
7 12 7 49 52 34 13 76 78 39 93 47 58 6 5 5 5 6 9 10 0 42 0 0 8 8 0 0 0 0 1 1 1 1 4 4 4
7 12 7 49 52 34 13 76 78 39 93 47 58 6 5 5 5 6 9 10 42 0 0 0 8 8 0 0 0 0 1 1 1 1 4 4 4
7 12 7 49 52 34 13 76 78 39 93 47 58 6 5 5 5 6 9 10 42 0 0 0 0 8 8 0 0 0 1 1 1 1 4 4 4
7 12 7 49 52 34 13 76 205 39 129 75 27 13 5 5 5 13 9 10 0 0 37 37 0 0 0 0 0 1 1 1 1
7 12 7 49 52 34 13 76 78 39 89 31 41 6 5 5 5 6 9 10 0 0 8 8 24 0 0 0 0 0 1 1 1 1
7 12 7 49 52 34 13 76 78 39 93 47 58 6 5 5 5 6 9 10 42 0 0 8 8 0 0 0 0 0 1 1 1 1 4 4 4
7 12 7 49 52 34 13 76 78 39 89 31 104 6 5 5 13 48 9 10 15 14 0 0 8 8 24 0 0 0 0 1 1 1 1 2 2 2
7 12 7 49 52 34 13 76 78 39 93 47 136 6 5 5 13 48 9 10 15 14 42 0 0 8 8 0 0 0 0 1 1 1 1 2 2 2 4 4 4
7 12 7 49 52 34 13 76 78 39 89 31 41 6 5 13 27 21 9 10 15 14 0 0 8 8 24 0 0 0 0 1 1 1 1 2 2 2
7 12 7 49 52 34 13 76 78 39 93 47 58 6 5 13 27 21 9 10 15 14 42 0 0 8 8 0 0 0 0 1 1 1 1 2 2 2 4 4 4
7 12 7 49 52 34 13 76 78 39 89 31 41 6 13 27 13 6 9 10 15 14 0 0 8 8 24 0 0 0 0 1 1 1 1 2 2 2
7 12 7 49 52 34 13 76 78 39 93 47 58 6 13 27 13 6 9 10 15 14 42 0 0 8 8 0 0 0 0 1 1 1 1 2 2 2 4 4 4
7 12 7 49 52 34 13 76 78 39 89 31 41 6 5 5 5 6 9 10 0 0 0 8 8 24 0 0 0 0 1 1 1 1
7 12 7 49 52 34 13 76 78 39 93 47 58 6 5 5 5 6 9 10 0 42 0 0 8 8 0 0 0 0 1 1 1 1 4 4 4
7 12 7 49 52 34 13 76 78 39 89 31 41 6 5 5 5 6 9 10 0 0 0 8 8 24 0 0 0 0 1 1 1 1
7 12 7 49 52 34 13 76 78 39 89 31 104 6 13 27 65 48 9 10 15 14 15 14 0 0 8 8 24 0 0 0 1 1 1 1 2 2 2 2 2 2
7 12 7 49 52 34 13 76 78 39 93 47 136 6 13 27 65 48 9 10 15 14 15 14 42 0 0 8 8 0 0 0 1 1 1 1 2 2 2 2 2 2 4 4 4
7 12 7 49 52 34 13 76 78 39 89 31 104 21 27 13 13 48 9 10 15 14 15 14 0 0 8 8 24 0 0 0 1 1 1 1 2 2 2 2 2 2
7 12 7 49 52 34 13 76 78 39 93 47 136 21 27 13 13 48 9 10 15 14 15 14 42 0 0 8 8 0 0 0 1 1 1 1 2 2 2 2 2 2 4 4 4
7 12 7 49 52 34 13 76 78 39 89 31 41 6 13 23 23 21 9 10 15 14 15 14 0 0 8 8 24 0 0 0 1 1 1 1 2 2 2 2 2 2
7 12 7 49 52 34 13 76 78 39 93 47 58 6 13 23 23 21 9 10 15 14 15 14 42 0 0 8 8 0 0 0 1 1 1 1 2 2 2 2 2 2 4 4 4
7 12 7 49 52 34 13 76 78 39 89 31 41 6 5 5 5 6 9 10 0 0 0 0 8 8 24 0 0 0 1 1 1 1
7 12 7 49 52 34 13 76 78 39 93 47 58 6 5 5 5 6 9 10 0 0 42 0 0 8 8 0 0 0 1 1 1 1 4 4 4
7 12 7 49 52 34 13 76 78 39 89 31 41 6 5 5 5 6 9 10 0 0 0 0 8 8 24 0 0 0 1 1 1 1
7 12 7 49 52 34 13 76 78 39 93 47 58 6 5 5 5 6 9 10 0 0 42 0 0 8 8 0 0 0 1 1 1 1 4 4 4
7 12 7 49 52 34 13 76 78 39 89 31 41 6 5 5 5 6 9 10 0 0 0 0 8 8 24 0 0 0 1 1 1 1
7 12 7 49 52 34 13 76 78 39 93 47 58 6 5 5 5 6 9 10 0 0 42 0 0 8 8 0 0 0 1 1 1 1 4 4 4
7 12 7 49 52 34 13 76 78 39 89 31 41 6 5 5 5 6 9 10 0 0 0 0 8 8 24 0 0 0 1 1 1 1
7 12 7 49 52 34 13 76 78 39 93 47 58 6 5 5 5 6 9 10 0 0 42 0 0 8 8 0 0 0 1 1 1 1 4 4 4
7 12 7 49 52 34 13 76 78 39 89 31 41 21 23 46 23 21 9 10 15 14 15 14 15 14 0 0 8 8 24 0 0 1 1 1 1 2 2 2 2 2 2 2 2 2
7 12 7 49 52 34 13 76 78 39 89 31 41 6 5 5 5 6 9 10 0 0 0 0 0 8 8 24 0 0 1 1 1 1
7 12 7 49 52 34 13 76 78 39 93 47 58 6 5 5 5 6 9 10 0 0 0 42 0 0 8 8 0 0 1 1 1 1 4 4 4
7 12 7 49 52 34 13 76 78 39 89 31 41 6 5 5 5 6 9 10 0 0 0 0 0 8 8 24 0 0 1 1 1 1
7 12 7 49 52 34 13 76 78 39 93 47 58 6 5 5 5 6 9 10 0 0 0 42 0 0 8 8 0 0 1 1 1 1 4 4 4
7 12 7 49 52 34 13 76 205 39 129 75 48 13 5 6 26 115 9 10 6 5 5 6 0 0 37 37 0 0 0 1 1 1 1 0 0 0 0
7 12 7 49 52 34 13 76 205 39 129 75 27 13 6 26 26 21 9 10 6 5 5 6 0 0 37 37 0 0 0 1 1 1 1 0 0 0 0
7 12 7 49 52 34 13 76 78 39 89 31 131 6 5 6 26 86 9 10 6 5 5 6 0 0 8 8 24 0 0 0 1 1 1 1 0 0 0 0
7 12 7 49 52 34 13 76 78 39 89 31 41 6 6 26 26 45 9 10 6 5 5 6 0 0 8 8 24 0 0 0 1 1 1 1 0 0 0 0
7 12 7 49 52 34 13 76 78 39 93 47 160 6 5 6 26 86 9 10 6 5 5 6 42 0 0 8 8 0 0 0 1 1 1 1 0 0 0 0 4 4 4
7 12 7 49 52 34 13 76 78 39 93 47 58 6 6 26 26 45 9 10 6 5 5 6 42 0 0 8 8 0 0 0 1 1 1 1 0 0 0 0 4 4 4
7 12 7 49 52 34 13 76 78 39 89 31 41 6 6 41 6 6 9 10 214 24 183 0 0 8 8 24 0 0 0 0 1 1 1 1 4 4 4
7 12 7 49 52 34 13 76 78 39 93 47 58 6 6 41 6 6 9 10 214 24 183 42 0 0 8 8 0 0 0 0 1 1 1 1 4 4 4 4 4 4
7 12 7 49 52 34 13 76 78 39 331 332 238 6 6 41 6 6 9 10 214 24 183 269 237 0 0 8 8 0 0 0 0 1 1 1 1 4 4 4 224
7 12 7 49 52 34 13 76 78 39 93 47 58 6 6 41 6 6 9 10 214 24 42 183 4 4 4 0 0 8 8 0 0 0 0 1 1 1 1 4 4 4
7 12 7 49 52 34 13 76 78 39 331 332 238 6 6 41 6 6 9 10 214 24 269 237 183 4 4 4 0 0 8 8 0 0 0 0 1 1 1 1 224
7 12 7 49 52 34 13 270 271 7 9 10 7 49 13 5 5 13 23 15 14 0 0 1 1 1 1 0 0 0 0 2 2 2
7 12 7 49 52 34 13 270 271 7 9 10 7 118 13 13 27 13 13 15 14 0 0 1 1 1 1 0 0 0 0 2 2 2
7 12 7 49 52 34 13 270 271 7 9 10 7 118 13 13 23 23 65 15 14 15 14 0 0 1 1 1 1 0 0 0 2 2 2 2 2 2
7 12 7 49 52 34 13 76 78 39 9 10 113 18 5 5 13 91 15 14 116 8 8 0 0 1 1 1 1 0 0 0 0 2 2 2
7 12 7 49 52 34 13 76 78 39 9 10 40 18 13 27 13 18 15 14 116 8 8 0 0 1 1 1 1 0 0 0 0 2 2 2
7 12 7 49 52 34 13 76 78 39 9 10 40 18 13 23 23 32 15 14 15 14 116 8 8 0 0 1 1 1 1 0 0 0 2 2 2 2 2 2
7 12 7 49 52 34 13 13 118 66 9 10 21 134 6 5 5 13 48 15 14 0 0 1 1 1 1 0 0 0 0 0 2 2 2
7 12 7 49 52 34 13 13 118 66 9 10 21 77 6 13 27 13 6 15 14 0 0 1 1 1 1 0 0 0 0 0 2 2 2
7 12 7 49 52 34 13 13 118 66 9 10 21 77 6 13 23 23 21 15 14 15 14 0 0 1 1 1 1 0 0 0 0 2 2 2 2 2 2
7 12 7 49 52 34 13 13 195 66 9 10 174 85 6 13 27 13 6 15 14 30 0 0 1 1 1 1 0 0 0 0 2 2 2 4 4 4
7 12 7 49 52 34 13 13 195 66 9 10 174 85 6 13 23 23 21 15 14 15 14 30 0 0 1 1 1 1 0 0 0 2 2 2 2 2 2 4 4 4
7 12 7 49 52 34 13 13 118 66 9 10 21 134 21 27 13 13 48 15 14 15 14 0 0 1 1 1 1 0 0 0 0 2 2 2 2 2 2
7 12 7 49 52 34 13 13 195 66 9 10 174 125 21 27 13 13 48 15 14 15 14 30 0 0 1 1 1 1 0 0 0 2 2 2 2 2 2 4 4 4
7 12 7 49 52 34 13 13 118 66 9 10 21 77 21 23 46 23 21 15 14 15 14 15 14 0 0 1 1 1 1 0 0 0 2 2 2 2 2 2 2 2 2
7 12 7 49 52 34 13 13 195 66 9 10 174 85 21 23 46 23 21 15 14 15 14 15 14 30 0 0 1 1 1 1 0 0 2 2 2 2 2 2 2 2 2 4 4 4
7 12 7 49 52 34 13 13 195 66 9 10 174 102 6 5 6 26 86 6 5 5 6 30 0 0 1 1 1 1 0 0 0 0 0 0 0 4 4 4
7 12 7 49 52 34 13 13 118 66 9 10 21 77 6 6 26 26 45 6 5 5 6 0 0 1 1 1 1 0 0 0 0 0 0 0 0
7 12 7 49 52 34 13 13 195 66 9 10 174 85 6 6 26 26 45 6 5 5 6 30 0 0 1 1 1 1 0 0 0 0 0 0 0 4 4 4
7 12 7 49 52 34 13 13 118 66 9 10 21 77 6 5 5 5 6 0 0 1 1 1 1 0 0 0 0 0 0
7 12 7 49 52 34 13 13 195 66 9 10 174 85 6 5 5 5 6 30 0 0 1 1 1 1 0 0 0 0 0 4 4 4
7 12 7 49 52 34 13 13 118 66 9 10 21 77 6 5 5 5 6 0 0 0 1 1 1 1 0 0 0 0 0
7 12 7 49 52 34 13 13 426 66 9 10 427 40 32 23 46 23 32 15 14 15 14 15 14 38 0 0 1 1 1 1 24 0 0 2 2 2 2 2 2 2 2 2 8 8
7 12 7 49 52 34 9 10 13 76 78 39 116 169 102 26 6 6 26 102 6 5 5 6 6 5 5 6 1 1 1 1 0 0 8 8 0 0 0 0 0 0 0 0 0 0
7 12 19 25 69 17 22 29 196 55 87 75 27 13 5 5 5 13 9 10 20 0 37 37 0 0 0 0 0 1 1 1 1
7 12 19 25 69 17 22 29 196 55 87 75 48 13 5 6 26 115 9 10 6 5 5 6 20 0 37 37 0 0 0 1 1 1 1 0 0 0 0
7 12 19 25 69 17 22 29 196 55 87 75 27 13 6 26 26 21 9 10 6 5 5 6 20 0 37 37 0 0 0 1 1 1 1 0 0 0 0
7 12 19 25 69 17 22 29 196 55 87 75 27 13 5 5 5 13 9 10 0 0 20 0 37 37 0 0 0 1 1 1 1
7 12 19 25 69 17 22 29 196 55 87 75 27 13 5 5 5 13 9 10 0 0 20 0 37 37 0 0 0 1 1 1 1
7 12 19 25 69 17 22 29 196 55 87 75 27 13 13 23 23 65 9 10 15 14 15 14 20 0 37 37 0 0 0 1 1 1 1 2 2 2 2 2 2
7 12 19 25 33 17 22 29 63 50 38 31 41 21 23 46 23 21 9 10 15 14 15 14 30 15 14 20 8 8 24 0 0 1 1 1 1 2 2 2 2 2 2 4 4 4 2 2 2
7 12 19 25 33 17 22 29 63 50 57 47 58 21 23 46 23 21 9 10 15 14 15 14 30 15 14 42 20 8 8 0 0 1 1 1 1 2 2 2 2 2 2 4 4 4 2 2 2 4 4 4
7 12 19 25 33 17 22 29 63 50 96 233 85 21 23 46 23 21 9 10 15 14 15 14 30 15 14 219 1 20 8 8 0 0 1 1 1 1 2 2 2 2 2 2 4 4 4 2 2 2 1
7 12 19 25 33 17 22 29 63 50 38 31 41 6 5 5 5 6 9 10 0 0 30 20 8 8 24 0 0 0 1 1 1 1 4 4 4
7 12 19 25 33 17 22 29 63 50 57 47 58 6 5 5 5 6 9 10 0 0 30 42 20 8 8 0 0 0 1 1 1 1 4 4 4 4 4 4
7 12 19 25 33 17 22 29 63 50 96 233 85 6 5 5 5 6 9 10 0 0 30 219 1 20 8 8 0 0 0 1 1 1 1 4 4 4 1
7 12 19 25 33 17 22 29 63 50 38 31 41 6 5 5 5 6 9 10 0 0 30 0 20 8 8 24 0 0 1 1 1 1 4 4 4
7 12 19 25 33 17 22 29 63 50 57 47 58 6 5 5 5 6 9 10 0 0 30 0 42 20 8 8 0 0 1 1 1 1 4 4 4 4 4 4
7 12 19 25 33 17 22 29 63 50 233 85 6 5 5 5 6 9 10 0 0 30 219 1 96 0 20 0 0 1 1 1 1 4 4 4 1 8 8
7 12 19 25 33 17 22 29 63 50 38 31 104 21 27 13 13 48 9 10 30 15 14 15 14 20 8 8 24 0 0 0 1 1 1 1 4 4 4 2 2 2 2 2 2
7 12 19 25 33 17 22 29 63 50 38 31 41 21 27 65 27 21 9 10 30 15 14 15 14 20 8 8 24 0 0 0 1 1 1 1 4 4 4 2 2 2 2 2 2
7 12 19 25 33 17 22 29 63 50 38 31 104 6 13 27 65 48 9 10 30 15 14 15 14 20 8 8 24 0 0 0 1 1 1 1 4 4 4 2 2 2 2 2 2
7 12 19 25 33 17 22 29 63 50 38 31 41 6 13 23 23 21 9 10 30 15 14 15 14 20 8 8 24 0 0 0 1 1 1 1 4 4 4 2 2 2 2 2 2
7 12 19 25 33 17 22 29 63 50 38 31 104 21 27 13 13 48 9 10 30 98 145 98 145 139 139 20 8 8 24 0 0 0 1 1 1 1 4 4 4 35 35 35 35 11 11 11 11 11 11
7 12 19 25 33 17 22 29 63 50 57 47 136 21 27 13 13 48 9 10 30 15 14 15 14 42 20 8 8 0 0 0 1 1 1 1 4 4 4 2 2 2 2 2 2 4 4 4
7 12 19 25 33 17 22 29 63 50 57 47 58 21 27 65 27 21 9 10 30 15 14 15 14 42 20 8 8 0 0 0 1 1 1 1 4 4 4 2 2 2 2 2 2 4 4 4
7 12 19 25 33 17 22 29 63 50 57 47 136 6 13 27 65 48 9 10 30 15 14 15 14 42 20 8 8 0 0 0 1 1 1 1 4 4 4 2 2 2 2 2 2 4 4 4
7 12 19 25 33 17 22 29 63 50 57 47 136 21 27 13 13 48 9 10 30 98 145 98 145 139 139 42 20 8 8 0 0 0 1 1 1 1 4 4 4 35 35 35 35 11 11 11 11 11 11 4 4 4
7 12 19 25 33 17 22 29 63 50 57 428 58 21 23 46 23 21 9 10 15 14 15 14 30 15 14 429 430 431 20 8 8 0 0 1 1 1 1 2 2 2 2 2 2 4 4 4 2 2 2 37 37 224
7 12 19 25 33 17 22 29 63 50 57 432 58 21 23 46 23 21 9 10 15 14 15 14 30 15 14 433 179 179 20 8 8 0 0 1 1 1 1 2 2 2 2 2 2 4 4 4 2 2 2 122 11 11 11 11 11 11
7 12 19 25 33 17 22 29 63 50 57 177 58 21 23 46 23 21 9 10 15 14 15 14 30 15 14 225 44 20 8 8 0 0 1 1 1 1 2 2 2 2 2 2 4 4 4 2 2 2 3 3 11 11 11
7 12 19 25 33 17 22 29 63 50 38 31 131 6 5 6 26 86 9 10 6 30 5 5 6 20 8 8 24 0 0 0 1 1 1 1 0 4 4 4 0 0 0
7 12 19 25 33 17 22 29 63 50 38 31 131 6 13 48 115 86 9 10 6 30 5 5 6 15 14 20 8 8 24 0 0 1 1 1 1 0 4 4 4 0 0 0 2 2 2
7 12 19 25 33 17 22 29 63 50 38 31 41 21 23 46 23 21 9 10 30 15 14 15 14 15 14 20 8 8 24 0 0 1 1 1 1 4 4 4 2 2 2 2 2 2 2 2 2
7 12 19 25 33 17 22 29 63 50 57 47 58 21 23 46 23 21 9 10 30 15 14 15 14 15 14 42 20 8 8 0 0 1 1 1 1 4 4 4 2 2 2 2 2 2 2 2 2 4 4 4
7 12 19 25 33 17 22 29 63 50 57 47 58 6 5 5 5 6 9 10 30 0 0 42 20 8 8 0 0 0 1 1 1 1 4 4 4 4 4 4
7 12 19 25 33 17 22 29 63 50 38 31 131 6 5 6 26 86 9 10 6 5 5 6 30 20 8 8 24 0 0 0 1 1 1 1 0 0 0 0 4 4 4
7 12 19 25 33 17 22 29 175 50 87 75 27 13 5 5 5 13 9 10 30 20 37 37 0 0 0 0 0 1 1 1 1 4 4 4
7 12 19 25 33 17 22 29 175 50 87 75 48 13 5 6 26 115 9 10 6 5 5 6 30 20 37 37 0 0 0 1 1 1 1 0 0 0 0 4 4 4
7 12 19 25 33 17 22 29 175 50 87 75 27 13 5 18 117 32 9 10 30 30 20 37 37 0 0 0 0 1 1 1 1 4 4 4 4 4 4
7 12 19 25 33 17 22 29 175 50 87 75 27 13 18 117 18 13 9 10 30 30 20 37 37 0 0 0 0 1 1 1 1 4 4 4 4 4 4
7 12 19 25 33 17 22 29 175 50 87 75 27 13 5 13 27 65 9 10 15 14 30 20 37 37 0 0 0 0 1 1 1 1 2 2 2 4 4 4
7 12 19 25 33 17 22 29 175 50 87 75 27 13 13 27 13 13 9 10 15 14 30 20 37 37 0 0 0 0 1 1 1 1 2 2 2 4 4 4
7 12 19 25 33 17 22 29 175 50 87 75 27 13 13 23 23 65 9 10 15 14 15 14 30 20 37 37 0 0 0 1 1 1 1 2 2 2 2 2 2 4 4 4
7 12 19 25 33 17 22 29 175 50 87 75 27 13 5 5 5 13 9 10 0 30 20 37 37 0 0 0 0 1 1 1 1 4 4 4
7 12 19 25 33 17 22 29 175 50 87 75 27 13 5 5 5 13 9 10 0 30 20 37 37 0 0 0 0 1 1 1 1 4 4 4
7 12 19 25 33 17 22 29 63 50 38 31 41 6 5 5 5 6 9 10 0 30 20 8 8 24 0 0 0 0 1 1 1 1 4 4 4
7 12 19 25 33 17 22 29 63 50 38 31 215 21 27 13 18 143 9 10 30 15 14 30 20 8 8 24 0 0 0 1 1 1 1 4 4 4 2 2 2 4 4 4
7 12 19 25 33 17 22 29 63 50 38 31 314 48 13 5 18 143 9 10 30 15 14 30 20 8 8 24 0 0 0 1 1 1 1 4 4 4 2 2 2 4 4 4
7 12 19 25 33 17 22 29 63 50 38 31 104 21 27 13 13 48 9 10 15 14 15 14 30 20 8 8 24 0 0 0 1 1 1 1 2 2 2 2 2 2 4 4 4
7 12 19 25 33 17 22 29 63 50 57 47 136 21 27 13 13 48 9 10 15 14 15 14 42 30 20 8 8 0 0 0 1 1 1 1 2 2 2 2 2 2 4 4 4 4 4 4
7 12 19 25 33 17 22 29 63 50 38 31 41 21 27 65 27 21 9 10 15 14 15 14 30 20 8 8 24 0 0 0 1 1 1 1 2 2 2 2 2 2 4 4 4
7 12 19 25 33 17 22 29 63 50 38 31 41 21 23 46 23 21 9 10 15 14 15 14 15 14 30 20 8 8 24 0 0 1 1 1 1 2 2 2 2 2 2 2 2 2 4 4 4
7 12 19 25 33 17 22 29 63 50 38 31 104 55 117 18 13 48 9 10 30 4 4 4 30 15 14 20 8 8 24 0 0 0 1 1 1 1 4 4 4 2 2 2
7 12 19 25 33 17 22 29 63 50 38 31 41 55 117 32 27 21 9 10 30 4 4 4 15 14 30 20 8 8 24 0 0 0 1 1 1 1 2 2 2 4 4 4
7 12 19 25 33 17 22 29 201 50 59 59 135 18 5 6 26 102 9 10 6 5 5 6 30 20 3 3 3 3 0 0 0 1 1 1 1 0 0 0 0 4 4 4
7 12 19 25 33 17 22 29 201 50 59 59 157 32 27 13 13 91 9 10 15 14 15 14 30 20 3 3 3 3 0 0 0 1 1 1 1 2 2 2 2 2 2 4 4 4
7 12 19 25 33 17 22 29 63 50 38 31 215 55 117 18 18 143 9 10 30 30 30 20 8 8 24 0 0 0 1 1 1 1 4 4 4 4 4 4 4 4 4
7 12 19 25 33 17 22 29 63 50 38 31 215 6 13 27 32 143 9 10 30 30 15 14 20 8 8 24 0 0 0 1 1 1 1 4 4 4 4 4 4 2 2 2
7 12 19 25 33 17 22 29 63 50 38 31 104 55 117 18 13 48 9 10 30 15 14 30 20 8 8 24 0 0 0 1 1 1 1 4 4 4 2 2 2 4 4 4
7 12 19 25 33 17 22 29 63 50 38 31 104 6 13 27 65 48 9 10 30 15 14 15 14 20 8 8 24 0 0 0 1 1 1 1 4 4 4 2 2 2 2 2 2
7 12 19 25 33 17 22 29 63 50 57 47 136 6 13 27 65 48 9 10 30 15 14 15 14 42 20 8 8 0 0 0 1 1 1 1 4 4 4 2 2 2 2 2 2 4 4 4
7 12 19 25 33 17 22 29 63 50 57 47 58 21 27 65 27 21 9 10 30 42 15 14 15 14 20 8 8 0 0 0 1 1 1 1 4 4 4 4 4 4 2 2 2 2 2 2
7 12 19 25 33 17 22 29 63 50 38 31 41 6 13 23 23 21 9 10 30 15 14 15 14 20 8 8 24 0 0 0 1 1 1 1 4 4 4 2 2 2 2 2 2
7 12 19 25 33 17 22 29 63 50 57 47 58 6 13 23 23 21 9 10 30 15 14 15 14 42 20 8 8 0 0 0 1 1 1 1 4 4 4 2 2 2 2 2 2 4 4 4
7 12 19 25 33 17 22 29 63 50 38 31 104 21 27 13 13 48 9 10 30 98 139 145 98 139 145 20 8 8 24 0 0 0 1 1 1 1 4 4 4 11 11 11 35 35 11 11 11 35 35
7 12 19 25 33 17 22 29 63 50 57 47 136 21 27 13 13 48 9 10 30 98 139 145 98 139 145 42 20 8 8 0 0 0 1 1 1 1 4 4 4 11 11 11 35 35 11 11 11 35 35 4 4 4
7 12 19 25 33 17 22 29 63 50 57 47 136 55 117 18 13 48 9 10 30 15 14 30 4 4 4 42 20 8 8 0 0 0 1 1 1 1 4 4 4 2 2 2 4 4 4
7 12 19 25 33 17 22 29 63 50 38 31 131 6 5 6 26 86 9 10 30 6 5 5 6 20 8 8 24 0 0 0 1 1 1 1 4 4 4 0 0 0 0
7 12 19 25 33 17 22 29 63 50 57 47 160 6 5 6 26 86 9 10 30 6 5 5 6 42 20 8 8 0 0 0 1 1 1 1 4 4 4 0 0 0 0 4 4 4
7 12 19 25 69 17 22 29 197 55 38 31 131 6 5 6 26 86 9 10 6 5 5 6 20 0 8 8 24 0 0 0 1 1 1 1 0 0 0 0
7 12 19 25 69 17 22 29 197 55 38 31 41 6 5 5 5 6 9 10 0 20 0 8 8 24 0 0 0 0 1 1 1 1
7 12 19 25 69 17 22 29 197 55 38 31 41 21 23 46 23 21 9 10 15 14 15 14 15 14 20 0 8 8 24 0 0 1 1 1 1 2 2 2 2 2 2 2 2 2
7 12 19 25 69 17 22 29 197 55 38 31 104 21 27 13 13 48 9 10 15 14 15 14 20 0 8 8 24 0 0 0 1 1 1 1 2 2 2 2 2 2
7 12 19 25 69 17 22 120 158 45 31 38 40 18 5 5 5 18 9 10 20 0 24 8 8 0 0 0 0 0 1 1 1 1
7 12 19 25 69 17 22 120 220 45 47 57 40 18 5 5 5 18 9 10 42 20 0 8 8 0 0 0 0 0 1 1 1 1 4 4 4
7 12 19 25 69 17 22 120 158 45 31 38 40 32 23 46 23 32 9 10 15 14 15 14 15 14 20 0 24 8 8 0 0 1 1 1 1 2 2 2 2 2 2 2 2 2
7 12 19 25 69 17 22 120 220 45 47 57 40 32 23 46 23 32 9 10 15 14 15 14 15 14 42 20 0 8 8 0 0 1 1 1 1 2 2 2 2 2 2 2 2 2 4 4 4
7 12 19 25 69 17 22 120 158 45 434 435 306 32 23 46 23 32 9 10 15 14 15 14 15 14 263 20 0 24 112 0 0 1 1 1 1 2 2 2 2 2 2 2 2 2 11 11 11
7 12 19 25 69 17 22 120 158 45 31 38 113 18 13 23 46 217 9 10 15 14 15 14 15 14 20 0 24 8 8 0 0 1 1 1 1 2 2 2 2 2 2 2 2 2
7 12 19 25 69 17 22 120 220 45 47 57 113 18 13 23 46 217 9 10 15 14 15 14 15 14 42 20 0 8 8 0 0 1 1 1 1 2 2 2 2 2 2 2 2 2 4 4 4
7 12 19 25 69 17 22 120 158 45 31 38 246 91 65 27 65 91 9 10 15 14 15 14 15 14 20 0 24 8 8 0 0 1 1 1 1 2 2 2 2 2 2 2 2 2
7 12 19 25 69 17 22 120 158 45 31 38 113 32 23 23 65 91 9 10 15 14 15 14 15 14 20 0 24 8 8 0 0 1 1 1 1 2 2 2 2 2 2 2 2 2
7 12 19 25 69 17 22 120 158 45 31 38 40 18 13 23 23 32 9 10 15 14 15 14 20 0 24 8 8 0 0 0 1 1 1 1 2 2 2 2 2 2
7 12 19 25 69 17 22 120 158 45 31 38 40 32 27 65 27 32 9 10 15 14 15 14 20 0 24 8 8 0 0 0 1 1 1 1 2 2 2 2 2 2
7 12 19 25 69 17 22 120 220 45 47 57 40 32 27 65 27 32 9 10 15 14 15 14 42 20 0 8 8 0 0 0 1 1 1 1 2 2 2 2 2 2 4 4 4
7 12 19 25 69 17 22 120 158 45 31 38 113 32 27 13 13 91 9 10 15 14 15 14 20 0 24 8 8 0 0 0 1 1 1 1 2 2 2 2 2 2
7 12 19 25 69 17 22 120 220 45 47 57 113 32 27 13 13 91 9 10 15 14 15 14 42 20 0 8 8 0 0 0 1 1 1 1 2 2 2 2 2 2 4 4 4
7 12 19 25 69 17 22 120 158 45 31 38 105 18 5 6 26 102 9 10 6 5 5 6 20 0 24 8 8 0 0 0 1 1 1 1 0 0 0 0
7 12 19 25 69 17 22 120 158 45 31 38 105 18 13 48 115 102 9 10 6 5 5 6 15 14 20 0 24 8 8 0 0 1 1 1 1 0 0 0 0 2 2 2
7 12 19 25 69 17 22 120 158 45 31 38 436 91 13 6 26 102 9 10 6 5 5 6 15 14 20 0 24 8 8 0 0 1 1 1 1 0 0 0 0 2 2 2
7 12 19 25 69 17 22 120 158 45 31 38 40 18 13 118 13 18 9 10 66 118 13 5 5 5 13 20 0 24 8 8 0 0 0 0 1 1 1 1 0 0 0 0 0
7 12 19 25 69 17 22 120 158 45 153 83 18 5 5 5 18 9 10 242 59 20 0 24 0 0 0 0 0 1 1 1 1 3 3 3 3
7 12 19 25 69 17 22 120 220 45 204 83 18 5 5 5 18 9 10 190 59 42 20 0 0 0 0 0 0 1 1 1 1 3 3 3 3 4 4 4
7 12 19 25 33 17 22 29 63 50 38 9 10 30 31 104 21 48 115 21 48 26 6 5 5 6 15 14 15 14 20 8 8 1 1 1 1 4 4 4 24 0 0 0 0 0 0 2 2 2 2 2 2
7 12 19 25 33 17 22 29 63 50 38 9 10 30 31 131 21 23 23 21 86 26 6 5 5 6 15 14 15 14 20 8 8 1 1 1 1 4 4 4 24 0 0 0 0 0 0 2 2 2 2 2 2
7 12 19 25 33 17 22 29 63 50 38 9 10 30 31 437 50 50 272 50 50 26 6 5 5 6 30 30 30 30 20 8 8 1 1 1 1 4 4 4 24 0 0 0 0 4 4 4 4 4 4 4 4 4 4 4 4
7 12 19 25 33 17 22 29 63 50 38 9 10 30 31 104 45 26 6 13 48 15 14 26 6 5 5 5 6 20 8 8 1 1 1 1 4 4 4 24 0 0 0 2 2 2 0 0 0 0 0
7 12 19 25 33 17 22 29 63 50 38 31 41 6 5 5 5 6 9 10 30 20 8 8 24 0 0 0 0 0 1 1 1 1 4 4 4
7 12 19 25 33 17 22 29 63 50 38 31 104 6 5 5 13 48 9 10 30 15 14 20 8 8 24 0 0 0 0 1 1 1 1 4 4 4 2 2 2
7 12 19 25 33 17 22 29 63 50 38 31 41 6 5 13 27 21 9 10 30 15 14 20 8 8 24 0 0 0 0 1 1 1 1 4 4 4 2 2 2
7 12 19 25 33 17 22 29 63 50 38 31 41 6 13 27 13 6 9 10 30 15 14 20 8 8 24 0 0 0 0 1 1 1 1 4 4 4 2 2 2
7 12 19 25 33 17 22 29 63 50 38 31 41 6 5 5 5 6 9 10 30 0 20 8 8 24 0 0 0 0 1 1 1 1 4 4 4
7 12 19 25 33 17 22 29 63 50 38 31 41 6 5 5 5 6 9 10 30 0 20 8 8 24 0 0 0 0 1 1 1 1 4 4 4
7 12 19 25 33 17 22 29 63 50 38 31 41 6 5 5 5 6 9 10 30 0 20 8 8 24 0 0 0 0 1 1 1 1 4 4 4
7 12 19 25 33 17 22 29 63 50 38 31 41 6 5 5 5 6 9 10 30 0 20 8 8 24 0 0 0 0 1 1 1 1 4 4 4
7 12 19 25 33 17 22 29 63 50 57 47 58 6 5 13 27 21 9 10 30 15 14 42 20 8 8 0 0 0 0 1 1 1 1 4 4 4 2 2 2 4 4 4
7 12 19 25 33 17 22 29 63 50 57 47 58 6 13 27 13 6 9 10 30 15 14 42 20 8 8 0 0 0 0 1 1 1 1 4 4 4 2 2 2 4 4 4
7 12 19 25 33 17 22 29 63 50 57 47 58 6 5 5 5 6 9 10 30 0 42 20 8 8 0 0 0 0 1 1 1 1 4 4 4 4 4 4
7 12 19 25 33 17 22 29 63 50 57 47 58 6 5 5 5 6 9 10 30 0 42 20 8 8 0 0 0 0 1 1 1 1 4 4 4 4 4 4
7 12 19 25 33 17 22 29 63 50 57 47 58 6 5 5 5 6 9 10 30 0 42 20 8 8 0 0 0 0 1 1 1 1 4 4 4 4 4 4
7 12 19 25 69 17 22 29 196 55 87 138 6 5 5 5 6 9 10 167 163 20 20 0 37 37 0 0 0 0 0 1 1 1 1
7 12 19 25 33 17 22 29 175 50 87 138 6 5 5 5 6 9 10 167 163 20 30 20 37 37 0 0 0 0 0 1 1 1 1 4 4 4
7 12 19 25 69 17 22 29 197 55 57 47 58 21 23 46 23 21 9 10 15 14 15 14 15 14 42 20 0 8 8 0 0 1 1 1 1 2 2 2 2 2 2 2 2 2 4 4 4
7 12 19 25 69 17 22 29 197 55 57 177 58 21 23 46 23 21 9 10 15 14 15 14 15 14 225 44 20 0 8 8 0 0 1 1 1 1 2 2 2 2 2 2 2 2 2 3 3 11 11 11
7 12 19 25 69 17 22 29 197 55 96 233 85 21 23 46 23 21 9 10 15 14 15 14 15 14 219 1 20 0 8 8 0 0 1 1 1 1 2 2 2 2 2 2 2 2 2 1
7 12 19 25 69 17 22 120 138 45 6 6 77 21 23 46 23 21 9 10 15 14 15 14 15 14 20 0 0 0 0 0 1 1 1 1 2 2 2 2 2 2 2 2 2
7 12 19 25 69 17 22 120 138 45 6 6 77 6 13 23 23 21 9 10 15 14 15 14 20 0 0 0 0 0 0 1 1 1 1 2 2 2 2 2 2
7 12 19 25 69 17 22 120 138 45 6 6 77 6 13 27 13 6 9 10 15 14 20 0 0 0 0 0 0 0 1 1 1 1 2 2 2
7 12 19 25 69 17 22 29 247 55 59 59 83 32 23 46 23 32 9 10 15 14 15 14 15 14 20 0 3 3 3 3 0 0 1 1 1 1 2 2 2 2 2 2 2 2 2
7 12 19 25 69 17 22 29 247 55 59 59 83 18 13 23 23 32 9 10 15 14 15 14 20 0 3 3 3 3 0 0 0 1 1 1 1 2 2 2 2 2 2
7 12 19 25 69 17 22 29 247 55 59 59 83 18 13 27 13 18 9 10 15 14 20 0 3 3 3 3 0 0 0 0 1 1 1 1 2 2 2
7 12 19 25 33 17 22 29 63 50 96 9 10 30 113 32 27 13 13 91 15 14 15 14 20 8 8 1 1 1 1 4 4 4 0 0 0 2 2 2 2 2 2
7 12 19 25 33 17 22 29 201 50 232 9 10 30 218 173 97 191 438 18 13 23 217 15 14 15 14 20 3 3 1 1 1 1 4 4 4 122 16 16 3 3 0 0 2 2 2 2 2 2
7 12 19 25 33 17 22 29 201 50 439 9 10 30 440 123 103 85 441 21 27 13 18 15 14 20 3 3 1 1 1 1 4 4 4 112 24 0 0 0 0 2 2 2
7 12 19 25 33 17 22 29 63 50 88 9 10 30 148 132 59 191 162 88 32 23 23 32 15 14 15 14 20 8 8 1 1 1 1 4 4 4 3 3 3 3 8 8 0 0 2 2 2 2 2 2
7 12 19 25 33 17 22 29 63 50 57 9 10 30 177 229 135 59 190 6 13 27 32 15 14 20 8 8 1 1 1 1 4 4 4 3 3 3 3 0 0 0 2 2 2
7 12 19 25 33 17 22 29 63 50 57 9 10 30 177 229 333 59 190 6 5 13 91 15 14 20 8 8 1 1 1 1 4 4 4 3 3 3 3 0 0 0 2 2 2
7 12 19 25 33 17 22 29 63 50 57 9 10 30 177 229 135 59 190 21 23 23 32 15 14 15 14 20 8 8 1 1 1 1 4 4 4 3 3 3 3 0 0 2 2 2 2 2 2
7 12 19 25 69 17 9 10 22 29 197 55 96 169 102 26 6 6 26 102 6 5 5 6 6 5 5 6 1 1 1 1 20 0 8 8 0 0 0 0 0 0 0 0 0 0
7 12 19 25 33 17 22 29 201 50 232 9 10 30 218 173 97 191 334 32 27 13 18 15 14 20 3 3 1 1 1 1 4 4 4 122 16 16 3 3 0 0 0 2 2 2
7 12 19 25 33 17 22 29 201 50 232 9 10 30 218 173 97 191 334 18 13 27 32 15 14 20 3 3 1 1 1 1 4 4 4 122 16 16 3 3 0 0 0 2 2 2
7 12 19 25 69 17 22 29 196 55 9 10 268 223 20 0 1 1 1 1 37 37 141
7 12 19 25 33 17 22 29 175 50 9 10 268 223 30 20 1 1 1 1 37 37 141 4 4 4
7 12 19 25 69 17 28 68 206 55 9 10 121 132 148 88 88 40 18 5 5 5 18 0 1 1 1 1 3 3 3 3 8 8 8 8 0 0 0 0 0
7 12 19 25 69 17 28 68 206 55 9 10 121 132 148 88 88 40 18 6 77 6 18 103 0 123 140 126 144 73 56 127 106 73 56 0 1 1 1 1 3 3 3 3 8 8 8 8 0 0 0 0 24 112 16 16 64 3 3 64
7 12 19 25 69 17 28 68 206 55 9 10 121 132 148 88 88 40 18 13 27 13 18 15 14 0 1 1 1 1 3 3 3 3 8 8 8 8 0 0 0 0 2 2 2
7 12 19 25 69 17 28 68 206 55 9 10 121 132 148 88 88 40 32 27 65 27 32 15 14 15 14 0 1 1 1 1 3 3 3 3 8 8 8 8 0 0 0 2 2 2 2 2 2
7 12 19 25 69 17 28 68 206 55 9 10 121 132 148 88 88 40 18 5 5 5 18 0 0 0 1 1 1 1 3 3 3 3 8 8 8 8 0 0 0
7 12 19 25 69 17 28 68 206 55 9 10 121 132 148 88 88 40 18 5 5 5 18 0 0 0 1 1 1 1 3 3 3 3 8 8 8 8 0 0 0
7 12 19 25 69 17 28 68 206 55 9 10 121 190 442 57 443 167 87 164 18 5 5 5 18 20 0 1 1 1 1 3 3 3 3 8 8 37 37 0 0 0 0 0
7 12 7 195 444 43 13 445 446 447 233 85 21 23 46 23 21 9 10 263 219 1 57 15 14 15 14 15 14 0 0 112 0 0 1 1 1 1 11 11 11 1 8 8 2 2 2 2 2 2 2 2 2
7 12 7 234 273 43 208 154 274 335 448 85 21 23 46 23 21 9 10 179 219 1 74 15 14 15 14 15 14 24 3 3 81 122 0 0 1 1 1 1 11 11 11 1 3 3 2 2 2 2 2 2 2 2 2
7 12 7 234 273 43 208 154 274 335 153 41 21 23 46 23 21 9 10 179 154 15 14 15 14 15 14 24 3 3 81 122 24 0 0 1 1 1 1 11 11 11 3 3 2 2 2 2 2 2 2 2 2
7 12 7 234 275 43 208 154 100 74 94 97 83 32 23 46 23 32 9 10 15 14 15 14 15 14 24 3 3 81 3 3 16 16 3 3 0 0 1 1 1 1 2 2 2 2 2 2 2 2 2
7 12 7 234 275 43 208 154 100 74 94 97 83 18 13 23 23 32 9 10 15 14 15 14 24 3 3 81 3 3 16 16 3 3 0 0 0 1 1 1 1 2 2 2 2 2 2
7 12 28 68 235 43 121 132 148 88 88 113 9 10 32 27 13 13 91 15 14 15 14 3 3 3 3 8 8 8 8 1 1 1 1 0 0 0 2 2 2 2 2 2
7 12 28 68 235 43 121 132 148 88 88 40 9 10 32 23 46 23 32 15 14 15 14 15 14 3 3 3 3 8 8 8 8 1 1 1 1 0 0 2 2 2 2 2 2 2 2 2
7 12 28 68 235 43 121 132 148 88 88 40 9 10 32 23 46 23 32 15 14 15 14 15 14 0 3 3 3 3 8 8 8 8 1 1 1 1 0 2 2 2 2 2 2 2 2 2
7 12 28 68 235 43 121 132 336 88 83 9 10 32 23 46 23 32 15 14 15 14 15 14 132 59 3 3 3 3 8 8 1 1 1 1 0 0 2 2 2 2 2 2 2 2 2 3 3 3 3
7 12 28 68 235 43 121 132 336 88 83 9 10 32 23 46 23 32 15 14 15 14 15 14 97 449 216 3 3 3 3 8 8 1 1 1 1 0 0 2 2 2 2 2 2 2 2 2 3 3 3 3 16 16
7 12 19 25 33 17 22 29 95 38 41 9 10 6 6 77 6 6 31 103 0 123 140 126 56 73 144 127 106 56 73 20 8 8 1 1 1 1 0 0 0 0 24 24 112 64 16 16 3 3 64
7 12 19 25 33 17 22 29 95 57 58 9 10 6 6 77 6 6 47 103 0 123 140 126 56 73 144 127 106 56 73 42 20 8 8 1 1 1 1 0 0 0 0 24 112 64 16 16 3 3 64 4 4 4
7 12 19 25 33 17 22 29 95 38 41 9 10 21 23 46 23 21 31 15 14 15 14 15 14 20 8 8 1 1 1 1 0 0 24 2 2 2 2 2 2 2 2 2
7 12 19 25 33 17 22 29 95 38 41 9 10 6 5 5 5 6 31 0 0 0 20 8 8 1 1 1 1 0 0 24
7 12 19 25 33 17 22 29 95 38 41 9 10 6 5 5 5 6 31 0 0 20 8 8 1 1 1 1 0 0 0 24
7 12 19 25 33 17 22 29 95 38 104 9 10 21 27 13 13 48 31 15 14 15 14 20 8 8 1 1 1 1 0 0 0 24 2 2 2 2 2 2
7 12 7 36 99 17 13 18 105 38 41 9 10 21 23 46 23 21 31 15 14 15 14 15 14 0 0 8 8 1 1 1 1 0 0 24 2 2 2 2 2 2 2 2 2
7 12 7 36 99 17 13 18 105 38 41 9 10 6 13 23 23 21 31 15 14 15 14 0 0 8 8 1 1 1 1 0 0 0 24 2 2 2 2 2 2
7 12 7 36 99 17 13 18 105 38 41 9 10 6 13 27 13 6 31 15 14 0 0 8 8 1 1 1 1 0 0 0 0 24 2 2 2
7 12 7 36 99 17 13 18 105 38 104 9 10 21 27 13 13 48 31 15 14 15 14 0 0 8 8 1 1 1 1 0 0 0 24 2 2 2 2 2 2
7 12 7 36 99 17 13 18 105 38 104 9 10 21 27 13 13 48 31 98 145 98 145 139 139 0 0 8 8 1 1 1 1 0 0 0 24 35 35 35 35 11 11 11 11 11 11
7 12 7 36 99 17 13 18 105 38 41 9 10 6 5 5 5 6 31 0 0 0 0 8 8 1 1 1 1 0 0 0 24
7 12 7 36 99 17 13 18 105 38 131 9 10 6 5 6 26 86 31 6 5 5 6 0 0 8 8 1 1 1 1 0 0 0 24 0 0 0 0
7 12 7 36 99 17 13 18 105 38 41 9 10 6 5 5 5 6 31 0 0 8 8 1 1 1 1 0 0 0 0 0 24
7 12 7 36 99 17 13 18 105 38 41 9 10 6 6 77 6 6 31 103 0 123 212 213 106 56 73 126 56 73 0 0 8 8 1 1 1 1 0 0 0 0 24 24 112 3 3 64 64
7 12 7 36 99 17 13 18 105 57 136 9 10 21 27 13 13 48 47 15 14 15 14 42 0 0 8 8 1 1 1 1 0 0 0 2 2 2 2 2 2 4 4 4
7 12 7 36 99 17 13 18 105 57 58 9 10 6 5 5 5 6 47 0 0 42 0 0 8 8 1 1 1 1 0 0 0 4 4 4
7 12 7 36 99 17 13 18 105 57 160 9 10 6 5 6 26 86 47 6 5 5 6 42 0 0 8 8 1 1 1 1 0 0 0 0 0 0 0 4 4 4
7 12 7 36 99 17 13 18 248 87 27 9 10 13 13 23 23 65 75 15 14 15 14 0 0 37 37 1 1 1 1 0 0 0 2 2 2 2 2 2
7 12 7 36 99 17 13 18 248 87 27 9 10 13 5 5 5 13 75 0 0 0 0 37 37 1 1 1 1 0 0 0
7 12 7 36 99 17 13 18 248 87 48 9 10 13 5 6 26 115 75 6 5 5 6 0 0 37 37 1 1 1 1 0 0 0 0 0 0 0
7 12 7 36 99 17 13 18 248 87 27 9 10 13 6 26 26 21 75 6 5 5 6 0 0 37 37 1 1 1 1 0 0 0 0 0 0 0
7 12 7 36 99 17 13 18 105 57 58 9 10 6 6 77 6 6 47 103 0 123 212 213 106 56 73 126 56 73 42 0 0 8 8 1 1 1 1 0 0 0 0 24 112 3 3 64 64 4 4 4
7 12 19 25 33 17 22 29 95 38 9 10 31 41 21 23 46 23 21 15 14 15 14 15 14 20 8 8 1 1 1 1 24 0 0 2 2 2 2 2 2 2 2 2
7 12 19 25 33 17 22 29 95 38 9 10 31 104 48 13 13 27 21 15 14 15 14 20 8 8 1 1 1 1 24 0 0 0 2 2 2 2 2 2
7 12 19 25 33 17 22 29 95 57 9 10 47 58 21 23 46 23 21 15 14 15 14 15 14 42 20 8 8 1 1 1 1 0 0 2 2 2 2 2 2 2 2 2 4 4 4
7 12 19 25 33 17 22 29 95 57 9 10 47 136 48 13 13 27 21 15 14 15 14 42 20 8 8 1 1 1 1 0 0 0 2 2 2 2 2 2 4 4 4
7 12 19 25 33 17 22 29 95 38 9 10 31 41 6 6 26 6 6 0 0 26 6 5 5 6 20 8 8 1 1 1 1 24 0 0 0 0 0 0
7 12 7 36 99 17 13 18 105 40 9 10 18 5 5 5 18 96 0 0 1 1 1 1 0 0 0 0 0 8 8
7 12 19 25 33 17 22 29 182 87 9 10 75 27 13 5 5 5 13 20 37 37 1 1 1 1 0 0 0 0 0
7 12 19 25 33 17 22 29 182 87 9 10 75 48 115 26 6 5 13 6 5 5 6 20 37 37 1 1 1 1 0 0 0 0 0 0 0
7 12 19 25 33 17 22 29 182 87 9 10 75 27 21 26 26 6 13 6 5 5 6 20 37 37 1 1 1 1 0 0 0 0 0 0 0
7 12 19 25 33 17 22 29 95 38 9 10 31 131 86 26 6 5 6 6 5 5 6 20 8 8 1 1 1 1 24 0 0 0 0 0 0 0
7 12 19 25 33 17 22 29 95 38 9 10 31 41 45 26 26 6 6 6 5 5 6 20 8 8 1 1 1 1 24 0 0 0 0 0 0 0
7 12 19 25 33 17 22 29 182 87 9 10 75 27 21 26 26 6 13 6 5 5 6 20 37 37 1 1 1 1 0 0 0 0 0 0 0
7 12 19 25 33 17 22 29 95 38 9 10 31 104 6 5 5 13 36 66 118 13 5 5 5 13 20 8 8 1 1 1 1 24 0 0 0 0 0 0 0 0 0
7 12 19 25 33 17 22 29 95 38 9 10 31 41 6 13 118 13 6 66 118 13 5 5 5 13 20 8 8 1 1 1 1 24 0 0 0 0 0 0 0 0 0
7 12 19 25 33 17 22 29 95 38 9 10 31 131 6 5 5 6 86 26 6 5 5 5 6 20 8 8 1 1 1 1 24 0 0 0 0 0 0 0 0 0
7 12 19 25 33 17 22 29 95 57 9 10 47 58 45 26 26 6 6 6 5 5 6 42 20 8 8 1 1 1 1 0 0 0 0 0 0 0 4 4 4
7 12 19 25 33 17 22 29 95 38 9 10 31 41 6 5 5 5 6 0 0 20 8 8 1 1 1 1 24 0 0 0
7 12 19 25 33 17 22 29 95 57 9 10 47 58 6 5 5 5 6 42 0 0 20 8 8 1 1 1 1 0 0 0 4 4 4
7 12 19 25 33 17 22 29 95 57 9 10 47 58 6 5 5 5 6 42 0 0 0 20 8 8 1 1 1 1 0 0 4 4 4
7 12 19 25 33 17 22 29 95 38 9 10 31 41 6 13 27 13 6 15 14 20 8 8 1 1 1 1 24 0 0 0 0 2 2 2
7 12 19 25 33 17 22 29 95 57 9 10 47 136 48 13 13 27 21 42 15 14 15 14 20 8 8 1 1 1 1 0 0 0 4 4 4 2 2 2 2 2 2
7 12 7 36 99 17 13 18 135 59 83 9 10 18 6 77 6 18 59 103 0 123 140 126 144 73 56 127 106 73 56 0 0 3 3 1 1 1 1 0 0 0 0 3 3 24 112 16 16 64 3 3 64
7 12 7 276 99 17 115 55 135 59 83 9 10 18 6 77 6 18 59 103 0 123 140 126 144 73 56 127 106 73 56 26 6 5 5 5 6 0 3 3 1 1 1 1 0 0 0 0 3 3 24 112 16 16 64 3 3 64 0 0 0 0 0
7 12 19 25 33 17 7 152 174 30 9 10 62 21 27 13 13 48 15 14 15 14 4 4 4 1 1 1 1 0 0 0 2 2 2 2 2 2
7 12 19 25 33 17 28 165 221 30 9 10 113 32 27 13 13 91 15 14 15 14 116 4 4 4 1 1 1 1 0 0 0 2 2 2 2 2 2 8 8
7 12 19 25 33 17 28 68 221 30 9 10 157 32 27 13 13 91 15 14 15 14 121 59 4 4 4 1 1 1 1 0 0 0 2 2 2 2 2 2 3 3 3 3
7 12 19 25 33 17 7 152 174 30 9 10 134 21 23 46 23 21 15 14 15 14 15 14 4 4 4 1 1 1 1 0 0 2 2 2 2 2 2 2 2 2
7 12 19 25 33 17 28 165 221 30 9 10 40 32 23 46 23 32 15 14 15 14 15 14 116 4 4 4 1 1 1 1 0 0 2 2 2 2 2 2 2 2 2 8 8
7 12 19 25 33 17 28 68 221 30 9 10 83 32 23 46 23 32 15 14 15 14 15 14 121 59 4 4 4 1 1 1 1 0 0 2 2 2 2 2 2 2 2 2 3 3 3 3
7 12 19 25 33 17 22 29 277 9 10 157 32 27 13 13 91 15 14 15 14 59 59 20 1 1 1 1 0 0 0 2 2 2 2 2 2 3 3 3 3
7 12 19 25 33 17 22 29 277 9 10 157 32 27 13 13 91 15 14 15 14 97 216 97 20 1 1 1 1 0 0 0 2 2 2 2 2 2 3 3 16 16 3 3
7 12 19 25 33 17 7 152 174 30 9 10 134 6 5 5 5 6 4 4 4 1 1 1 1 0 0 0 0 0
7 12 19 25 33 17 7 152 174 30 9 10 134 6 5 5 5 6 0 0 4 4 4 1 1 1 1 0 0 0
7 12 19 25 33 17 28 165 221 30 9 10 40 18 5 5 5 18 116 4 4 4 1 1 1 1 0 0 0 0 0 8 8
7 12 19 25 278 17 28 254 450 9 10 26 6 5 5 5 6 207 0 1 1 1 1 0 0 0 0 4 4 4
7 12 19 25 33 17 28 311 451 9 10 40 18 5 5 5 18 207 96 1 1 1 1 0 0 0 0 0 4 4 4 8 8
7 12 19 25 33 17 28 68 166 9 10 97 80 82 82 1 1 1 1 3 3 3 3 16 16 16 16
7 12 19 25 33 17 28 68 166 9 10 80 82 72 82 97 1 1 1 1 3 3 16 16 16 16 16 16 3 3
7 12 19 25 33 17 28 68 166 9 10 97 80 82 72 72 82 1 1 1 1 3 3 3 3 16 16 16 16 16 16 16 16
7 12 19 25 33 17 28 68 166 9 10 97 82 72 72 72 72 72 72 82 80 1 1 1 1 3 3 16 16 16 16 16 16 16 16 16 16 16 16 16 16 16 16 3 3
7 12 19 25 33 17 28 165 166 9 10 59 93 177 190 58 6 5 5 5 6 1 1 1 1 3 3 8 8 3 3 0 0 0 0 0
7 12 19 25 33 17 28 165 221 9 10 30 116 40 32 23 46 23 32 0 15 14 15 14 15 14 1 1 1 1 4 4 4 8 8 0 2 2 2 2 2 2 2 2 2
7 12 19 25 33 17 22 29 277 9 10 83 32 23 46 23 32 0 15 14 15 14 15 14 59 59 20 1 1 1 1 0 2 2 2 2 2 2 2 2 2 3 3 3 3
7 12 19 25 33 17 22 29 95 9 10 41 21 23 46 23 21 0 15 14 15 14 15 14 38 31 20 1 1 1 1 0 2 2 2 2 2 2 2 2 2 8 8 24
7 12 19 25 33 17 22 29 95 38 9 10 31 20 41 21 23 46 23 21 15 14 15 14 15 14 8 8 1 1 1 1 24 0 0 2 2 2 2 2 2 2 2 2
7 12 19 25 33 17 22 29 95 38 9 10 31 20 104 48 13 13 27 21 15 14 15 14 8 8 1 1 1 1 24 0 0 0 2 2 2 2 2 2
7 12 19 25 33 17 22 29 95 57 9 10 47 20 58 21 23 46 23 21 15 14 15 14 15 14 42 8 8 1 1 1 1 0 0 2 2 2 2 2 2 2 2 2 4 4 4
7 12 19 25 33 17 22 29 95 57 9 10 47 20 136 48 13 13 27 21 15 14 15 14 42 8 8 1 1 1 1 0 0 0 2 2 2 2 2 2 4 4 4
7 12 19 25 33 17 22 29 95 38 9 10 31 20 41 6 6 26 6 6 0 0 26 6 5 5 6 8 8 1 1 1 1 24 0 0 0 0 0 0
7 12 7 36 159 17 13 6 86 26 9 10 6 5 5 5 6 0 0 1 1 1 1 0 0 0 0 0
7 12 7 36 159 17 13 6 86 26 9 10 6 5 5 5 6 0 0 0 1 1 1 1 0 0 0 0
7 12 7 36 159 17 13 6 86 26 9 10 6 5 5 5 6 0 0 0 0 1 1 1 1 0 0 0
7 12 7 36 159 17 13 6 86 26 9 10 21 23 46 23 21 15 14 15 14 15 14 0 0 1 1 1 1 0 0 2 2 2 2 2 2 2 2 2
7 12 19 25 33 17 22 29 95 38 9 10 31 131 86 26 6 5 6 45 26 26 45 6 5 5 6 20 8 8 1 1 1 1 24 0 0 0 0 0 0 0 0 0
7 12 19 25 33 17 22 29 95 38 9 10 31 41 45 26 26 6 6 45 26 26 45 6 5 5 6 20 8 8 1 1 1 1 24 0 0 0 0 0 0 0 0 0
7 12 19 25 33 17 22 29 95 38 9 10 31 215 169 102 6 5 6 96 105 102 18 5 5 6 20 8 8 1 1 1 1 24 0 0 0 8 8 0 0 0 0
7 12 19 25 33 17 22 29 95 38 9 10 31 55 105 102 6 6 41 96 105 102 18 5 5 6 20 8 8 1 1 1 1 24 0 0 0 8 8 0 0 0 0
7 12 19 25 33 17 22 29 95 38 9 10 31 21 36 115 21 48 104 66 36 115 13 5 5 6 15 14 20 8 8 1 1 1 1 24 0 0 0 0 0 0 2 2 2
7 12 19 25 33 17 22 29 95 38 9 10 31 6 102 86 45 41 6 279 102 86 6 5 5 6 267 44 20 8 8 1 1 1 1 24 0 0 0 0 0 0 0 3 3 11 11 11
7 12 19 25 33 17 22 29 95 38 9 10 31 55 337 102 6 6 41 452 337 102 18 5 5 6 453 20 8 8 1 1 1 1 24 0 0 0 454 0 0 0 0 141
7 12 19 25 33 17 22 29 95 38 9 10 31 45 26 86 6 6 41 45 26 86 6 5 5 6 0 20 8 8 1 1 1 1 24 0 0 0 0 0 0 0
7 12 19 25 33 17 22 29 95 38 9 10 31 6 26 455 131 6 5 45 26 86 6 5 5 6 0 20 8 8 1 1 1 1 24 0 0 0 0 0 0 0
7 12 19 25 33 17 22 29 95 57 9 10 47 21 36 115 21 48 136 66 36 115 13 5 5 6 15 14 42 20 8 8 1 1 1 1 0 0 0 0 0 0 2 2 2 4 4 4
7 12 19 25 33 17 22 29 95 57 9 10 47 6 102 86 45 58 6 279 102 86 6 5 5 6 267 44 42 20 8 8 1 1 1 1 0 0 0 0 0 0 0 3 3 11 11 11 4 4 4
7 12 19 25 33 17 22 29 182 87 9 10 75 48 115 6 5 5 13 26 6 5 5 5 6 20 37 37 1 1 1 1 0 0 0 0 0 0 0 0 0
7 12 19 25 33 17 22 29 182 87 9 10 75 27 21 26 6 5 13 26 6 5 5 5 6 20 37 37 1 1 1 1 0 0 0 0 0 0 0 0 0
7 12 19 25 33 17 22 29 182 87 9 10 75 27 13 6 26 6 13 26 6 5 5 5 6 20 37 37 1 1 1 1 0 0 0 0 0 0 0 0 0
7 12 19 25 33 17 22 29 182 87 9 10 75 27 65 118 13 5 13 118 13 5 5 5 13 66 20 37 37 1 1 1 1 0 0 0 0 0 0 0 0 0
7 12 19 25 33 17 22 29 182 87 9 10 75 23 49 13 5 5 13 118 13 5 5 5 13 66 20 37 37 1 1 1 1 0 0 0 0 0 0 0 0 0
7 12 19 25 33 17 22 29 182 87 9 10 75 27 13 13 118 13 13 118 13 5 5 5 13 66 20 37 37 1 1 1 1 0 0 0 0 0 0 0 0 0
13 151 66 36 62 6 32 249 152 66 0 9 118 30 13 5 5 5 13 0 0 0 1 1 4 4 4 0 0 0 0
13 151 66 36 62 6 32 249 152 66 0 9 118 30 13 5 5 5 13 0 0 0 0 1 1 4 4 4 0 0 0
13 151 66 36 62 6 32 249 152 66 0 9 118 30 13 6 170 6 13 114 1 1 0 0 1 1 4 4 4 0 0 0 0
13 151 66 36 62 6 32 249 152 66 0 9 118 30 13 13 23 23 65 15 14 15 14 0 0 1 1 4 4 4 0 0 0 2 2 2 2 2 2
13 151 66 36 125 6 32 146 155 0 9 104 30 48 13 13 27 21 38 31 15 14 15 14 0 0 1 1 4 4 4 0 0 0 8 8 24 2 2 2 2 2 2
13 151 66 36 125 6 32 146 155 0 9 41 30 21 27 65 27 21 38 31 15 14 15 14 0 0 1 1 4 4 4 0 0 0 8 8 24 2 2 2 2 2 2
13 151 66 36 125 6 32 146 155 0 9 104 30 48 65 27 13 6 38 31 15 14 15 14 0 0 1 1 4 4 4 0 0 0 8 8 24 2 2 2 2 2 2
13 151 66 36 125 6 32 146 155 0 9 41 30 21 23 46 23 21 38 31 15 14 15 14 15 14 0 0 1 1 4 4 4 0 0 8 8 24 2 2 2 2 2 2 2 2 2
13 151 66 36 125 6 32 146 155 0 9 41 30 6 5 5 5 6 38 31 0 0 0 0 1 1 4 4 4 0 0 0 8 8 24
13 151 66 36 125 6 32 146 155 0 9 41 30 6 5 5 5 6 38 31 0 0 0 0 1 1 4 4 4 0 0 0 8 8 24
13 151 66 36 125 6 32 146 155 0 9 41 30 6 5 5 5 6 38 31 0 0 0 0 1 1 4 4 4 0 0 0 8 8 24
13 151 66 36 125 6 32 146 155 0 9 41 30 6 5 5 5 6 38 31 0 0 0 1 1 4 4 4 0 0 0 0 8 8 24
13 151 66 36 125 6 32 146 155 0 9 136 30 48 13 13 27 21 57 47 15 14 15 14 42 0 0 1 1 4 4 4 0 0 0 8 8 2 2 2 2 2 2 4 4 4
13 151 66 36 125 6 32 146 155 0 9 58 30 21 27 65 27 21 57 47 15 14 15 14 42 0 0 1 1 4 4 4 0 0 0 8 8 2 2 2 2 2 2 4 4 4
13 151 66 36 125 6 32 146 155 0 9 58 30 21 23 46 23 21 57 47 15 14 15 14 15 14 42 0 0 1 1 4 4 4 0 0 8 8 2 2 2 2 2 2 2 2 2 4 4 4
7 12 7 49 52 34 65 36 66 9 10 134 6 5 5 5 6 0 1 1 1 1 0 0 0 0 0
7 12 7 49 52 34 65 36 66 9 10 134 21 23 46 23 21 15 14 15 14 15 14 0 1 1 1 1 0 0 2 2 2 2 2 2 2 2 2
7 12 7 49 52 34 65 36 66 9 10 62 6 13 23 46 228 15 14 15 14 15 14 0 1 1 1 1 0 0 2 2 2 2 2 2 2 2 2
7 12 7 49 52 34 65 36 66 9 10 181 48 65 27 65 48 15 14 15 14 15 14 0 1 1 1 1 0 0 2 2 2 2 2 2 2 2 2
7 12 7 49 52 34 65 36 66 9 10 62 21 23 23 65 48 15 14 15 14 15 14 0 1 1 1 1 0 0 2 2 2 2 2 2 2 2 2
7 12 7 49 52 34 65 36 66 9 10 62 21 27 13 13 48 15 14 15 14 0 1 1 1 1 0 0 0 2 2 2 2 2 2
7 12 7 49 52 34 65 36 66 9 10 134 21 27 65 27 21 15 14 15 14 0 1 1 1 1 0 0 0 2 2 2 2 2 2
7 12 7 49 52 34 65 36 66 9 10 134 6 13 23 23 21 15 14 15 14 0 1 1 1 1 0 0 0 2 2 2 2 2 2
7 12 7 49 52 34 65 36 66 9 10 62 6 13 27 65 48 15 14 15 14 0 1 1 1 1 0 0 0 2 2 2 2 2 2
7 12 7 49 52 34 65 36 66 9 10 134 6 5 5 5 6 0 0 0 1 1 1 1 0 0 0
7 12 7 49 52 34 65 36 66 9 10 134 6 5 5 5 6 0 0 0 1 1 1 1 0 0 0
7 12 7 49 52 34 65 36 66 9 10 134 21 23 456 23 21 15 14 255 15 14 0 1 1 1 1 0 0 2 2 2 64 2 2 2
7 12 7 49 52 34 65 36 66 9 10 115 21 23 23 21 149 15 14 15 14 114 1 1 0 1 1 1 1 0 0 2 2 2 2 2 2
7 12 7 49 52 34 65 36 66 9 10 134 6 6 26 6 6 26 6 5 5 5 6 0 1 1 1 1 0 0 0 0 0 0 0 0 0
7 12 7 49 52 34 65 36 66 9 10 134 280 193 262 193 280 0 1 1 1 1 0 20 20 0
7 12 7 49 52 34 65 36 66 9 10 134 6 6 26 26 45 6 5 5 6 0 1 1 1 1 0 0 0 0 0 0 0
7 12 7 49 52 34 65 36 66 9 10 115 6 13 48 115 86 6 5 5 6 15 14 0 1 1 1 1 0 0 0 0 0 0 2 2 2
457 458 28 25 19 12 7 17 69 459 250 230 251 251 230 250 250 230 251 251 230 250 9 10 0 122 122 24 0 0 24 122 122 24 0 0 24 122 1 1 1 1
7 12 7 49 52 34 210 78 39 9 10 40 18 5 5 5 18 116 0 1 1 1 1 0 0 0 0 0 8 8
7 12 7 49 52 34 210 78 39 9 10 41 21 23 46 23 21 89 31 15 14 15 14 15 14 0 1 1 1 1 0 0 8 8 24 2 2 2 2 2 2 2 2 2
7 12 7 49 52 34 210 78 39 9 10 104 21 27 13 13 48 89 31 15 14 15 14 0 1 1 1 1 0 0 0 8 8 24 2 2 2 2 2 2
7 12 7 49 52 34 210 205 39 9 10 27 13 6 26 26 21 129 75 6 5 5 6 0 1 1 1 1 0 0 0 37 37 0 0 0 0
7 12 28 68 236 43 80 173 218 232 83 9 10 32 23 46 23 32 15 14 15 14 15 14 3 3 16 16 122 3 3 1 1 1 1 0 0 2 2 2 2 2 2 2 2 2
7 12 28 68 236 43 80 173 281 83 9 10 32 23 46 23 32 15 14 15 14 15 14 173 97 3 3 16 16 122 1 1 1 1 0 0 2 2 2 2 2 2 2 2 2 16 16 3 3
7 12 28 68 236 43 80 173 281 83 9 10 32 23 46 23 32 15 14 15 14 15 14 97 252 82 3 3 16 16 122 1 1 1 1 0 0 2 2 2 2 2 2 2 2 2 3 3 16 16 16 16
7 12 22 29 128 43 96 40 32 48 159 48 32 9 10 15 14 26 15 14 6 5 5 6 20 8 8 0 0 1 1 1 1 2 2 2 2 2 2 0 0 0 0
7 12 22 29 128 43 96 40 32 48 460 48 32 9 10 15 14 198 15 14 171 82 82 171 20 8 8 0 0 1 1 1 1 2 2 2 2 2 2 3 3 16 16 16 16 3 3
7 12 22 29 128 43 96 40 18 6 26 6 18 9 10 0 26 0 6 5 5 6 20 8 8 0 0 1 1 1 1 0 0 0 0
7 12 22 29 128 43 96 40 32 48 159 48 32 9 10 15 14 26 15 14 6 5 5 6 20 8 8 0 0 1 1 1 1 2 2 2 2 2 2 0 0 0 0
7 12 22 29 128 43 96 40 55 115 228 23 32 9 10 15 14 26 6 5 5 6 15 14 20 8 8 0 0 1 1 1 1 2 2 2 0 0 0 0 2 2 2
7 12 22 29 128 43 96 40 55 102 461 102 55 9 10 272 272 143 18 18 143 30 143 18 18 143 30 30 30 30 20 8 8 0 0 1 1 1 1 0 0 4 4 4 0 0 4 4 4 4 4 4 4 4 4 4 4 4
7 12 22 29 128 43 96 40 55 115 462 115 55 9 10 26 26 6 5 5 6 6 5 5 6 15 14 20 8 8 0 0 1 1 1 1 0 0 0 0 0 0 0 0 2 2 2
7 12 22 29 128 43 96 40 32 48 159 48 32 9 10 15 14 26 75 87 6 5 5 6 164 18 5 5 5 18 20 8 8 0 0 1 1 1 1 2 2 2 37 37 0 0 0 0 0 0 0 0 0
7 12 22 29 128 43 96 40 32 48 159 48 32 9 10 98 145 26 98 145 6 5 5 6 139 139 20 8 8 0 0 1 1 1 1 35 35 35 35 0 0 0 0 11 11 11 11 11 11
7 12 22 29 128 43 96 40 32 23 46 23 32 9 10 15 14 15 14 0 15 14 20 8 8 0 1 1 1 1 2 2 2 2 2 2 2 2 2
7 12 22 29 128 43 96 105 32 23 46 228 125 9 10 75 15 14 103 15 14 243 264 20 8 8 0 1 1 1 1 2 2 2 0 2 2 2 37 37 24
7 12 22 29 128 43 96 40 32 23 46 23 32 9 10 15 14 15 14 15 14 20 8 8 0 0 1 1 1 1 2 2 2 2 2 2 2 2 2
7 12 22 29 128 43 96 113 32 27 13 13 91 9 10 98 147 161 72 168 142 15 14 20 8 8 0 0 0 1 1 1 1 35 35 16 16 16 16 16 16 11 11 11 2 2 2
7 12 22 29 128 43 96 113 32 27 13 13 91 9 10 98 147 161 72 72 168 15 14 142 20 8 8 0 0 0 1 1 1 1 35 35 16 16 16 16 16 16 16 16 2 2 2 11 11 11
7 12 22 29 128 43 96 113 32 27 13 13 91 9 10 98 147 161 72 72 72 15 14 168 142 20 8 8 0 0 0 1 1 1 1 35 35 16 16 16 16 16 16 16 16 2 2 2 16 16 11 11 11
7 12 22 29 128 43 96 113 32 27 13 13 91 9 10 98 147 161 72 72 72 15 14 72 168 142 20 8 8 0 0 0 1 1 1 1 35 35 16 16 16 16 16 16 16 16 2 2 2 16 16 16 16 11 11 11
7 12 22 29 128 43 96 113 32 27 13 13 91 9 10 98 147 161 72 72 72 15 14 72 72 168 142 20 8 8 0 0 0 1 1 1 1 35 35 16 16 16 16 16 16 16 16 2 2 2 16 16 16 16 16 16 11 11 11
7 12 22 29 128 43 96 113 32 27 13 13 91 9 10 98 147 161 82 127 15 14 106 56 73 20 8 8 0 0 0 1 1 1 1 35 35 16 16 16 16 3 3 2 2 2 64
7 12 22 29 128 43 96 113 32 27 13 13 91 9 10 98 72 82 127 15 14 106 56 73 72 147 161 20 8 8 0 0 0 1 1 1 1 16 16 16 16 3 3 2 2 2 64 16 16 35 35 16 16
7 12 22 29 128 43 96 113 32 27 13 13 91 9 10 98 72 82 127 15 14 106 56 73 147 161 20 8 8 0 0 0 1 1 1 1 16 16 16 16 3 3 2 2 2 64 35 35 16 16
7 12 22 29 128 43 96 113 32 27 13 13 91 9 10 98 72 82 127 15 14 106 56 73 72 147 72 161 20 8 8 0 0 0 1 1 1 1 16 16 16 16 3 3 2 2 2 64 16 16 35 35 16 16 16 16
7 12 22 29 128 43 96 113 32 27 13 13 91 9 10 98 72 82 127 15 14 106 56 73 72 72 72 147 161 20 8 8 0 0 0 1 1 1 1 16 16 16 16 3 3 2 2 2 64 16 16 16 16 16 16 35 35 16 16
7 12 22 29 128 43 96 113 32 27 13 13 91 9 10 98 147 305 127 15 14 106 56 73 20 8 8 0 0 0 1 1 1 1 35 35 16 16 3 3 2 2 2 64
7 12 22 29 128 43 96 40 32 27 65 27 32 9 10 15 14 0 75 463 24 464 243 20 8 8 0 0 1 1 1 1 2 2 2 1 1 37 37
18 13 36 99 194 59 190 177 57 162 12 7 17 7 0 58 21 23 46 23 21 15 14 15 14 15 14 10 9 0 3 3 3 3 8 8 0 0 2 2 2 2 2 2 2 2 2 1 1 1 1
120 22 25 33 279 59 59 135 55 282 12 19 17 7 20 85 21 23 46 23 21 15 14 15 14 15 14 10 9 3 3 3 3 0 0 0 2 2 2 2 2 2 2 2 2 1 1 1 1
120 22 25 278 86 6 6 26 45 465 12 19 17 7 20 26 21 23 46 23 21 15 14 15 14 15 14 10 9 0 0 0 0 0 2 2 2 2 2 2 2 2 2 1 1 1 1
29 22 25 33 194 59 190 177 57 63 12 19 17 7 58 21 23 46 23 21 15 14 15 14 15 14 10 9 20 3 3 3 3 8 8 0 0 2 2 2 2 2 2 2 2 2 1 1 1 1
29 22 25 278 102 6 18 105 96 95 12 19 17 7 85 21 23 46 23 21 15 14 15 14 15 14 10 9 20 0 0 8 8 0 0 2 2 2 2 2 2 2 2 2 1 1 1 1
154 208 234 273 466 173 171 198 189 274 12 7 43 7 58 21 23 46 23 21 15 14 15 14 15 14 10 9 3 3 24 122 16 16 3 3 3 3 81 0 0 2 2 2 2 2 2 2 2 2 1 1 1 1
7 12 19 25 69 17 7 276 134 45 9 10 6 115 26 6 21 27 13 6 15 14 0 1 1 1 1 0 0 0 0 0 2 2 2
18 13 36 99 155 88 253 88 162 12 7 17 7 0 40 32 23 46 23 32 15 14 15 14 15 14 10 9 88 0 8 8 8 8 0 0 2 2 2 2 2 2 2 2 2 1 1 1 1 8 8
120 22 25 33 169 57 338 226 282 12 19 17 7 20 40 32 23 46 23 32 15 14 15 14 15 14 10 9 57 8 8 0 0 0 2 2 2 2 2 2 2 2 2 1 1 1 1 8 8
29 22 25 33 155 88 253 88 63 12 19 17 7 40 32 23 46 23 32 15 14 15 14 15 14 10 9 88 20 8 8 8 8 0 0 2 2 2 2 2 2 2 2 2 1 1 1 1 8 8
7 12 7 36 99 17 13 18 162 155 9 10 0 88 253 88 88 40 32 23 46 23 32 15 14 15 14 15 14 0 1 1 1 1 8 8 8 8 8 8 0 0 2 2 2 2 2 2 2 2 2
7 12 19 25 33 17 22 120 282 169 9 10 20 226 338 57 57 40 32 23 46 23 32 15 14 15 14 15 14 1 1 1 1 0 8 8 8 8 0 0 2 2 2 2 2 2 2 2 2
7 12 19 25 33 17 22 29 63 155 9 10 88 253 88 88 40 32 23 46 23 32 15 14 15 14 15 14 20 1 1 1 1 8 8 8 8 8 8 0 0 2 2 2 2 2 2 2 2 2
7 12 28 283 92 43 284 285 203 74 9 10 187 252 122 16 16 81 3 3 1 1 1 1 16 16 16 16
7 12 28 283 236 43 284 252 252 281 9 10 467 122 16 16 16 16 122 1 1 1 1 16 16
7 12 28 283 92 43 468 469 329 74 9 10 285 231 231 122 81 3 3 1 1 1 1 16 16 11 11 11 11 11 11
7 12 28 470 471 17 284 173 171 198 9 10 171 173 122 16 16 3 3 1 1 1 1 3 3 16 16
7 12 28 68 236 43 188 100 285 218 9 10 472 473 265 328 3 3 81 16 16 122 1 1 1 1 3 3 3 3
7 12 7 474 246 43 9 10 475 476 57 42 38 477 478 257 44 1 1 1 1 8 8 4 4 4 8 8 24 24 3 3 11 11 11
7 12 7 152 275 43 479 53 121 59 9 10 280 193 330 3 3 3 3 1 1 1 1 0 20
7 12 7 152 246 43 9 10 125 105 96 6 5 5 18 1 1 1 1 8 8 0 0 0 0
7 12 19 25 69 17 28 53 286 45 9 10 102 121 59 135 18 5 5 6 0 1 1 1 1 3 3 3 3 0 0 0 0
7 12 19 25 69 17 28 53 286 45 9 10 102 121 59 135 18 13 27 21 15 14 0 1 1 1 1 3 3 3 3 0 0 0 2 2 2
7 12 19 25 69 17 28 53 286 45 9 10 102 121 59 135 32 27 13 6 15 14 0 1 1 1 1 3 3 3 3 0 0 0 2 2 2
7 12 19 25 69 17 7 36 115 45 9 10 86 13 6 26 6 5 5 6 0 1 1 1 1 0 0 0 0 0 0
7 12 19 25 69 17 7 36 115 45 9 10 86 13 6 26 6 13 27 21 15 14 0 1 1 1 1 0 0 0 0 0 2 2 2
7 12 19 25 69 17 7 152 157 55 9 10 59 125 135 59 6 5 5 18 0 1 1 1 1 3 3 3 3 0 0 0 0
7 12 19 25 69 17 7 152 157 55 9 10 59 125 135 59 21 27 13 18 15 14 0 1 1 1 1 3 3 3 3 0 0 0 2 2 2
7 12 19 25 69 17 7 152 157 55 9 10 59 125 333 59 6 5 13 91 15 14 0 1 1 1 1 3 3 3 3 0 0 0 2 2 2
7 12 19 25 69 17 7 152 157 55 9 10 59 125 135 59 6 13 27 32 15 14 0 1 1 1 1 3 3 3 3 0 0 0 2 2 2
7 12 19 25 69 17 7 276 134 45 9 10 6 115 26 6 6 5 5 6 0 1 1 1 1 0 0 0 0 0 0
7 12 28 78 210 151 18 113 217 46 23 13 9 10 15 14 15 14 116 15 14 0 0 0 1 1 1 1 2 2 2 2 2 2 8 8 2 2 2