3 19 33 13 3 3 23 50 19 3 3 13 23 50 19 61 13 19 19 24
61 61 61 22 22 22 61 61 61 61 3 13 13 25 46 3 13 3 3 3 22 22 3 46 13 13 22 61 22 22 61 3
21 13 34 21 13 21 21 21 13 13 13 21 21 3 3 3 3 3 13 21 21
17 3 22 13 13 3 13 3 24 3 3 13 13 13 13 3 17 44 3 13 3 21 3 24 13 49 3 3 3 3 13 3 3 13 3
25 13 19 13 13 19 19 13 19 19 13 25 19 19
3 3 17 3 17 13 3 3 13 17 17 3 17 17 3 61 3 13 13 3 61 13 13 17 3 13 3 3 17 3 3 13 21 61 13 3 3 3 22 3 10 13 13 3 13 13 3 17 13 17 17 3 3 3 13 13 17 3 13 3 17 3 13
23 23 23 23 23 23 23 23 23 23 23 23
19 27 17 17 19 27 19 19 19 19 17 17 17 17 19
31 31 31 31 31 31 31 31 31 31 31 31 31 31 31 31 31 31
23 23 23 23 23 23 23 23 23 23 23 23
17 61 17 17 17 17 17 61 23 61 17 61
33 33 33 33 33 33 33 33 33 33 33 33 33 33 33 33 33 33 33 33
21 21 61 3 24 21 21 24 21 61 21 22 21
23 23 23 22 33 22 22 33 23 22 23 25 23 22 33 23 22 23 23 23
3 13 17 3 19 3 17 3 3 17 13 19 17 23 13 17 19 17 3 17 3 17 3 13 17 13 17 19 17 17 13 13 19 3 3 13 19 61 3 16 19 13 3 17 3 19 3 17 61 19 19 17 61 17 17 3 3 13 17 61 3 17 17 17 3 13 3 17 3 13 17 3
33 33 33 33 33 33 33 33 33 33 33 33 33 33 33 33 33 33 33 33
31 24 31 31 23 24 24 24 31 31 31 31 23 24 24 23 23 23
23 17 3 17 3 3 17 3 23 17 17 17
3 3 3 3 3 3 3 3 3 19 32 3 3 3 3 3 3 3 19
62 13 21 19 17 19 21 22 13 22 21 13 13 13 13 23 22 23 24 19 21 19 13 13 13 23 29 22 24 21 21 17 19 13 62 19 19 17 19 19 22 23 23 19 13 21
13 61 3 61 3 13 44 13 13 13 19 17 13 17 17 17 61 17 19 3 17 19 3 22 3 13 17 61 13 17
13 17 22 22 13 17 19 22 22 22 13 17 17 13 17 22 22 37 17 17 22 22 22 13
3 3 3 61 3 3 61 61 61 61 61 61 3 61 61 61 19 3 61 35 3 3
3 17 17 3 17 17 17 17 27 61 61 17 17 3 17
31 31 31 31 31 31 31 31 31 31 31 31 31 31 31 31 31 31
24 24 13 3 24 3 3 3 3 13 3 3 3
27 19 19 27 27 19 27 27 19 36 19 27 19 19 27 27 27 27 19 27 27 27 27
61 61 61 22 22 22 61 61 61 61 3 13 13 25 46 3 13 3 3 3 61 22 3 46 13 13 22 61 22 22 22 3
19 27 17 17 19 27 19 19 19 19 17 17 17 17 19
23 23 23 23 23 23 23 23 23 23 23 23
17 17 13 17 3 13 13 13 61 17 13 13 19 61 3 13 13 29 61 3 17 17 17 40 13 13
31 55 33 30 31 31 13 33 35 50 30 31 30 33 31 31 31 31 47 31 13 31 31 50 31 31 33 31 30 30 37 19 32 13 30 42 31 31 50 31
24 19 3 3 19 19 19 3 3 19 19 19 24
19 13 17 19 19 17 17 19 29 19 19 13 17 19 17 19
17 17 17 25 17 17 17 17 17 17 17 17 25 17
50 3 17 17 3 17 17 3 3 17 17 29 50 17 50 3
3 3 19 50 3 35 3 19 3 50 19 3 3 19 50 19 3 19 19 19 3 3
3 13 23 3 13 3 13 3 13 13 3 13
17 19 17 45 13 17 17 17 17 13 17 19 17 13 17 17 17 17 17 45 17 13 13 17 17 17 17 17 17 17 17
3 3 13 13 3 61 3 3 13 3 61 3 13 61 13 61 3 3 3 13 34
3 3 3 3 3 27 3 3 3 3 3 3 3 21 3
19 30 3 19 19 19 19 19 21 30 19 21 19 19 19 19 21
24 21 21 24 24 19 24 24 21 19 24 19 21
13 3 50 32 61 13 3 13 61 3 13 50 61 3 3 13 61 50 13
17 17 17 13 17 13 13 13 17 17 13 17 13 25
23 50 3 23 61 23 23 3 50 23 3 13 23 23 50 23 50 36 3 23 23 50 23
21 13 21 21 13 13 13 21 21 21 21 21 29 13 21 13
19 61 19 19 61 61 19 61 19 19 24 19 19
31 31 31 31 31 31 31 31 31 31 31 31 31 31 31 31 31 31
35 31 19 25 31 31 25 34 23 19 33 31 31 35 31 19 31 31 32 34 19 40 31 31 31 24
13 61 3 61 3 36 61 3 50 61 61 13 3 3 13 50 13 61 50 13 61 61 13
30 30 30 30 30 30 30 30 30 30 30 30 30 30 30 30 30
3 3 3 61 61 3 27 3 3 61 61 3 3 3 3
13 13 13 22 17 17 13 17 17 17 17 32 17 22 17 19 17 13 17 42 22 42 13 17 27 17 17 17
23 23 23 23 23 23 23 23 23 23 23 23
23 23 23 23 23 23 23 23 23 23 23 23
13 17 17 13 17 17 25 17 17 13 13 13 13 17
33 33 33 33 33 33 33 33 33 33 33 33 33 33 33 33 33 33 33 33
3 13 3 13 3 13 13 13 13 3 3 23
30 30 30 30 30 30 30 30 30 30 30 30 30 30 30 30 30
13 19 19 13 19 19 13 19 13 19 27 13 19 13 19
19 32 13 19 19 61 19 19 13 61 19 13 13 61 19 13 19 61 13
25 17 3 17 61 21 17 21 61 21 17 3 61 61
17 3 3 13 13 23 17 3 13 17 13 3
33 33 33 33 33 33 33 33 33 33 33 33 33 33 33 33 33 33 33 33
17 3 13 3 27 3 13 3 13 61 13 21 3 3 61
13 61 13 13 61 13 3 13 13 3 34 3 61 3 3 61 3 3 3 3 3
3 17 3 17 3 17 13 3 17 19 3 3 3 17 3 31 3 17
3 3 3 61 3 61 3 3 3 61 3 61 3 27 3
3 22 19 24 22 21 3 22 24 50 22 24 25 24 50 61 17 3 34 3 25
17 17 17 17 61 17 61 61 23 17 17 61
50 13 3 61 17 59 13 17 3 17 61 13 13 23 17 13 3 13 13 13 19 3 3 17 3 13 17 13 3 13 13 13 13 61 19 3 3 30 13 61 61 17 13 50
24 24 24 24 13 13 32 13 13 24 24 24 24 24 13 24 13 24 24
13 13 3 3 13 3 27 3 13 50 13 50 3 13 50
3 13 17 13 3 17 17 17 13 13 3 13 3 32 13 3 17 17 17
21 19 3 17 21 17 25 3 13 25 3 17 3 3
23 23 23 23 23 23 23 23 23 23 23 23
17 17 17 3 3 17 3 17 17 3 24 17 3
23 23 23 17 23 17 17 31 17 23 17 23 23 23 31 17 23 23
31 31 31 31 31 31 31 31 31 31 31 31 31 31 31 31 31 31
50 50 19 19 17 50 17 19 17 19 17 3 17 17 17 17 17 40 17 17 17 17 17 17 21 17
17 23 23 3 24 61 3 9 61 19 3 50 24 17 3 23 13 23 3 61 3 13 19 17 3 61 19 61 3 13 61 19 19 3 13 61 19 13 3 13 61 23 13 19 17 19 61 17 17 32 3 23 19 23 13 61 13 13 24 50 13
21 19 3 17 21 17 25 3 13 25 3 17 3 3
33 33 33 33 33 33 33 33 33 33 33 33 33 33 33 33 33 33 33 33
33 33 33 33 33 33 33 33 33 33 33 33 33 33 33 33 33 33 33 33
21 21 24 24 19 24 24 21 19 24 24 19 21
17 19 17 3 3 17 13 3 17 23 17 23
50 21 19 21 13 32 21 13 21 21 50 21 50 13 21 13 13 22 22
24 27 24 27 27 27 27 24 22 27 27 24 27 22 27
13 23 3 3 13 3 13 13 3 13 3 13
21 21 24 24 19 24 24 21 19 24 24 19 21
3 13 13 3 3 3 13 3 13 23 13 13
17 23 13 19 19 17 19 13 23 23 23 13
61 3 23 21 3 21 21 23 21 29 21 61 61 21 61 23
61 19 21 61 61 21 19 21 21 25 21 21 21 61
13 13 13 3 23 13 13 3 13 3 3 3
23 23 23 23 23 23 23 23 23 23 23 23
61 3 50 61 3 13 50 61 3 61 61 13 3 3 61 3 61 61 13 3 50 61 50 13 13 61 13 61 13 48 3 50 3 3
13 17 17 17 13 17 17 17 24 19 17 17 33 13 3 19 17 17 17 17
33 33 31 34 31 33 31 31 33 31 31 32 33 33 33 31 45 45 45 45 33 33 31 33 45 45 35 33 33 45 31
33 33 33 33 3 33 33 61 33 17 33 33 61 33 33 3 17 41 33 3 33 33 33 33 33 33 33
3 61 24 25 61 24 24 22 61 13 21 61 3 3 19 44 61 3 61 25 24 19 13 22 19 23 19 13 19 3
27 32 22 19 19 22 27 51 21 27 22 29 17 24 23 27 22 37 27 22 22 27 22 45 27 22 22 24 27 22 27 30 51 22 17 19
3 13 3 13 13 13 3 21 3 3 13 3 3 13 3 29
19 3 19 13 3 3 3 31 13 19 19 19 31 19 13 13 13 19
31 31 36 19 41 35 41 31 22 32 31 19 22 32 36 22 31 19 31 32 31 32 19 31 24 35 41
3 3 3 3 13 24 24 13 19 3 13 19 3
19 19 17 17 25 19 17 19 17 35 17 19 19 17 17 17 17 19 19 17 17 17
13 24 61 17 61 17 3 19 23 17 3 17 3 19 17 17 61 51 17 17 17 22 17 13 17 3 13 61 22 22 3 3 22 3 17 17
19 19 19 13 13 19 13 19 19 13 13 27 19 19 13
30 30 30 30 30 30 30 30 30 30 30 30 30 30 30 30 30
3 13 13 3 3 13 3 13 3 30 3 3 13 3 13 3 3
17 17 17 17 61 61 17 17 17 17 17 17 17 61 32 61 17 17 17
24 61 19 19 19 19 19 61 19 19 19 61 61
22 25 22 25 25 22 22 25 25 22 22 25 25 25
61 61 27 61 13 61 61 61 61 50 50 61 61 61 61
33 33 33 33 33 33 33 33 33 33 33 33 33 33 33 33 33 33 33 33
13 13 13 21 13 21 21 21 21 21 21 13 21 29 13 21
61 32 22 13 61 13 61 61 17 13 61 61 61 61 61 61 61 61 17
21 21 24 24 19 24 24 21 19 24 24 19 21
17 21 21 17 17 21 17 61 17 21 29 17 21 21 17 17 17 19 21 41 19 17 22 61 61 17 3
31 31 31 31 31 31 31 31 31 31 31 31 31 31 31 31 31 31
30 33 33 31 30 31 25 30 30 30 27 46 22 23 30 17 46 41 31 34 25 38 22 33 31 51 33 42 25 38 30 30 25 33 24 12 45 33 45 30 24 23 30 33 30 31 27 12 33 54 24 45 45 30 38 17 24 38 30 42 59 25 32 30 22
3 61 61 25 3 61 61 3 61 61 3 3 61 61
3 17 17 17 3 17 3 17 3 17 3 24 17
17 61 17 61 17 61 17 61 17 23 17 17
13 17 17 13 17 17 34 17 13 17 17 17 17 17 13 17 17 17 17 13 13
23 19 23 46 24 19 19 23 27 23 23 17 19 19 23 23 23 22 13 23 19 19 17 23 23 19 23 19 19 13 46 19
21 3 61 3 3 13 3 3 3 3 3 48 13 3 13 3 3 13 23 3 3 3 17 3 61 13 61 13 3 3 13 3 3 3
23 23 23 23 23 23 23 23 23 23 23 23
17 3 61 50 13 17 17 17 17 17 3 17 29 3 3 50
61 3 31 13 3 3 3 3 61 61 61 19 61 3 3 61 3 3
17 19 17 13 17 34 13 13 17 17 17 17 17 17 17 13 17 17 13 17 17
13 23 17 13 17 13 13 13 13 13 13 23
13 19 13 24 50 17 33 17 50 17 13 13 17 3 22 19 3 30 50 19
17 17 17 17 17 17 27 17 17 17 17 17 17 17 17
13 13 13 22 17 17 13 17 17 17 17 32 17 22 17 19 17 13 17 42 22 42 13 17 27 17 17 17
27 27 27 27 27 27 27 27 27 27 27 27 27 27 27
22 17 21 22 17 17 21 31 17 22 22 17 17 21 17 17 22 22
19 19 19 13 22 19 19 17 17 13 13 19 30 61 61 30 61
36 3 50 50 3 3 3 3 3 61 3 61 3 61 3 3 3 61 50 3 3 3 3
17 23 61 17 17 61 17 61 17 17 61 17
19 17 23 19 23 23 22 19 19 19 23 23
13 19 21 19 50 50 19 21 19 23 19 21
23 23 23 23 23 23 23 23 23 23 23 23
23 21 21 21 23 23 23 23 21 13 13 21
13 17 49 3 17 13 3 19 13 13 17 3 17 50 13 13 23 13 22 22 61 61 13 17 13 17 17 17 50 13 17 3 13 50 3
61 22 22 22 61 25 22 22 61 22 22 22 22 25
21 21 21 17 49 17 17 23 23 17 17 21 21 23 23 23 17 17 23 23 21 23 17 23 19 21 23 17 17 17 17 22 23 21 17
3 17 24 3 3 3 3 61 61 3 3 3 17
17 17 50 50 22 17 17 25 61 17 17 50 61 61
17 13 17 17 17 17 13 13 19 3 13 17 17 32 3 13 17 3 3
13 3 21 21 25 21 43 21 3 17 17 3 3 17 13 21 21 17 3 3 17 21 17 19 19 17 17 21 3
19 13 3 3 19 3 61 13 13 13 13 3 61 19 13 3 3 61 61 13 19 61 13 3 3 3 61 3 61 3 3 19 19 61 19 53 19 3
27 27 27 27 27 27 27 27 27 27 27 27 27 27 27
61 3 13 13 61 13 13 61 13 13 29 3 3 3 61 3
23 23 23 23 23 23 23 23 23 23 23 23
50 3 27 13 19 19 36 3 21 23 61 3 13 23 23 61 22 19 19 3 13 27 17
23 3 13 3 3 13 13 13 3 13 3 13
27 27 27 27 27 27 27 27 27 27 27 27 27 27 27
13 61 17 61 13 17 3 3 13 3 19 61 3 19 17 61 17 3 17 13 13 61 13 3 3 17 3 13 61 15 13 17 3 17 13 3 19 3 3 17 17 13 13 17 13 17 19 17 13 61 19 3 3 13 19 13 17 3 19 3 3 17 19 61 13 17 13 13 3
13 13 13 13 13 13 13 24 13 13 13 13 13
13 17 61 17 13 13 61 29 17 3 17 3 17 3 13 13 61 3 13 13 13 45 61 3 13 3 23 3 13 3 3
61 21 25 21 21 21 61 21 61 61 21 21 21 21
31 61 31 43 61 31 19 27 48 31 31 34 13 46 47 23 23 42 31 46 31 13 22 34 31 61 31 38 19 31 23 22 38 31 13 37 23 24 31 23 31 24 56 31 13 22 33 33 42 19 23 38 31 23 23 36 33 34 13 13 11 31 35 31
3 3 13 13 23 3 13 3 3 13 13 13
31 31 31 31 31 31 31 31 31 31 31 31 31 31 31 31 31 31
33 33 31 34 31 33 31 31 33 31 31 32 33 33 33 31 45 45 45 45 33 33 31 33 45 45 35 33 33 45 31
23 23 30 3 23 23 23 3 23 3 23 23 3 3 23 23 23
22 3 13 21 27 3 3 3 21 21 21 21 21 21 21
27 32 22 19 19 22 27 51 23 27 22 31 17 13 27 24 27 22 38 27 22 22 27 22 46 27 22 22 24 21 27 22 27 32 53 22 17 19
17 21 3 19 17 17 17 3 17 17 3 17 17 17 19 17 21 17 21 3 19 3 19 19 17 17 19 42
61 61 61 61 61 61 61 61 61 61 61 61 61 61 61 61 30
17 17 17 61 61 17 61 23 17 17 17 61
61 61 61 17 30 3 3 61 3 61 61 3 61 61 61 61 3
30 25 24 30 22 27 24 30 23 23 23 24 30 30 22 22 30
13 13 13 17 17 13 17 17 17 25 17 13 17 13
13 17 19 13 23 23 17 23 17 17 17 13
21 3 3 22 21 25 3 21 17 21 21 22 25 21
17 3 17 3 17 24 3 3 17 17 17 17 3
27 27 27 27 27 27 27 27 27 27 27 27 27 27 27
31 31 31 31 31 13 31 31 31 31 31 31 13 13 31 31 13 31 31 37 13 31 31 13
23 23 23 61 27 23 23 61 27 23 23 23 61 23 23
24 22 22 19 22 19 24 24 19 27 22 24 3 19 22 17 24 19 22 22 19 24 24 22 24 24 19 51 19 24 22 24 3 24 3 3
13 19 19 13 61 13 19 13 19 19 19 13 19 61 13 61 61 19 32
24 27 24 27 27 27 27 24 22 27 27 24 27 22 27
30 30 30 30 30 30 30 30 30 30 30 30 30 30 30 30 30
33 33 33 33 33 33 33 33 33 33 33 33 33 33 33 33 33 33 33 33
19 50 50 19 50 19 19 19 19 19 19 23
22 19 22 19 19 22 22 22 19 22 22 32 19 22 19 19 22 19 22
23 23 23 23 23 23 23 23 23 23 23 23
3 17 17 32 17 17 17 17 3 17 17 17 23 17 3 17 17 17 3
23 23 23 23 23 23 23 23 23 23 23 23
31 31 30 42 31 34 32 30 31 17 30 34 46 33 49 35 33 31 31 49 31 25 30 27 31 30 30 31 33 46 33 31 17 31 32
13 61 22 17 17 24 61 24 17 13 17 13 24
13 32 17 17 13 13 13 3 17 17 17 17 3 17 13 3 3 13 17
3 61 61 61 3 3 61 3 3 3 3 32 3 61 61 3 3 61 61
50 13 13 13 13 3 3 3 50 27 50 13 3 13 3
23 23 23 23 23 23 23 23 23 23 23 23
3 3 17 13 13 13 61 3 13 3 3 31 3 13 23 13 3 61
23 17 17 17 17 23 17 17 17 17 23 23
13 3 3 13 13 3 13 23 3 17 13 13
3 3 17 3 17 3 3 3 3 21 19 47 17 3 3 3 17 3 61 3 3 3 3 3 17 3 3 17 3 13 30 3 17
19 13 13 19 19 17 17 19 13 13 17 61 61 32 3 13 13 61 19
17 17 29 37 19 19 19 22 21 19 19 19 21 21 19 17 19 21 21 17 21 21 17 19
23 17 3 17 3 3 17 3 23 17 17 17
22 29 17 22 3 3 3 17 22 13 3 13 17 3 17 13
13 21 13 3 13 17 17 13 3 13 19 17 13 13 13 17 48 13 61 17 17 17 21 13 61 13 17 17 61 3 13 13 13 17
13 36 61 3 13 61 3 19 61 19 61 61 19 19 13 13 13 61 19 13 19 19 19
13 17 17 13 3 13 3 31 17 3 13 17 13 3 17 22 17 17
13 3 13 3 13 13 13 13 23 3 3 3
21 3 24 13 13 3 3 3 3 13 3 3 24 3 3 3 13 13 13 3 17 13 3 44 17 6 23 3 17 21 17 3 17 3 3 3 3 3 61 3 24 3 13 3 50 3 21 3 21 17 3 13 3 50 3 13 17 3
27 27 27 27 27 27 27 27 27 27 27 27 27 27 27
3 13 3 13 3 3 3 3 13 3 3 13 13 13 35 3 3 3 3 3 3 3
30 30 30 30 30 30 21 30 21 21 21 30 30 21 30 21 30 30 30 30 21 40 21 30 30 21
23 23 23 23 23 23 23 23 23 23 23 23
3 17 17 3 50 3 17 3 50 17 17 17 50 17 17 3 17 3 3 3 17 17 17 42 17 3 3 17
23 23 23 23 23 23 23 23 23 23 23 23
17 3 3 17 17 23 23 3 17 17 3 17
3 19 17 23 19 22 17 22 19 27 19 17 22 19 22 22 22 17 17 19 19 17 17 17 23 19 17 17 19 13 27 23 23 17 27 3 22 19 17 59 22 17 21 3
17 17 17 17 24 17 17 17 24 17 24 17 17
17 50 17 61 17 17 17 17 61 50 34 3 17 17 17 17 61 17 19 17 21
3 13 17 3 13 17 3 13 17 17 17 13 17 32 19 17 19 17 3
3 61 3 61 3 3 61 27 3 50 50 3 61 3 50
22 17 21 17 17 21 21 3 22 3 21 13 19 17 17 13 17 21 13 21 35 58 17 25 19 61 17 27 13 61 17 3 21 21 13 27 13 3 3 21 17 61 24
3 13 61 13 13 3 13 3 61 22 17 13 3 3 3 17 13 3 61 61 13 13 17 40 13 3
21 17 3 3 17 3 61 61 13 61 61 61 17 3 17 17 17 61 3 3 61 3 61 44 3 13 3 3 17 3
21 24 32 24 24 24 24 24 32 19 19 21 19 24 29 24 32 21 24
3 3 21 21 41 61 21 61 21 61 3 21 61 13 13 13 25 61 21 13 61 21 3 13 17 61 21
21 3 61 61 21 21 21 3 61 21 61 61 61 35 61 61 21 21 61 21 21 61
50 13 61 61 61 13 13 50 25 13 50 13 13 61
31 31 31 31 31 31 31 31 31 31 31 31 31 31 31 31 31 31
3 19 3 3 3 19 3 3 32 3 3 19 3 19 19 19 3 19 19
46 13 13 17 21 3 17 17 13 13 21 17 13 17 17 13 3 13 13 13 13 3 3 13 17 17 13 17 17 17 17 17
24 19 24 3 19 19 19 3 3 19 19 19 3
3 17 61 3 17 17 3 61 3 50 3 50 3 17 17 3 3 61 61 3 50 61 43 17 17 61 61 61 3
13 61 13 3 25 13 3 13 13 61 61 3 3 25
31 31 31 17 17 31 31 31 31 31 37 31 31 17 31 31 31 31 31 17 31 37 17 17
19 61 19 19 61 19 61 19 24 19 61 19 19
30 30 30 30 30 30 30 30 30 30 30 30 30 30 30 30 30
31 31 31 31 31 31 31 31 31 31 31 31 31 31 31 31 31 31
13 13 3 13 13 13 3 3 13 23 3 3
13 17 17 34 13 17 17 19 17 13 17 13 17 19 17 17 13 19 17 17 17
23 23 23 23 23 23 23 23 23 23 23 23
19 13 19 19 13 27 13 19 19 19 13 19 13 19 13
21 21 17 13 21 3 17 3 21 17 21 3 17 17 21 21 21 21 21 45 21 19 21 21 17 21 21 21 3 21 21
13 17 50 3 3 13 17 27 13 3 17 3 50 3 13
23 23 23 23 23 23 23 23 23 23 23 23
23 13 13 23 13 23 13 23 30 23 23 23 23 13 23 30 23
23 23 23 23 23 23 23 23 23 23 23 23
3 61 19 3 21 3 21 21 61 3 61 21 21 21 32 13 21 19 3
13 3 3 13 13 13 13 3 3 17 3 3 3 50 33 3 50 3 61 3
17 19 17 50 17 17 50 32 17 19 17 50 17 17 17 17 21 61 13
13 13 13 13 3 61 3 3 61 61 13 13 3 3 61 29
17 17 17 19 19 27 17 19 19 19 17 27 19 19 17
43 23 23 23 23 23 23 23 23 23 23 24 23 13 23 13 13 23 13 23 24 23 23 23 23 13 25 23 13
31 31 31 17 17 31 31 31 31 31 37 31 31 17 31 31 31 31 31 17 31 37 17 17
17 29 29 21 21 17 21 21 17 17 21 17 21 21 17 21
30 30 30 30 30 30 30 30 30 30 30 30 30 30 30 30 30
25 19 3 19 19 19 19 3 3 19 3 19 19 3
17 25 13 13 3 17 3 13 3 13 13 3 17 13
17 17 3 3 17 17 17 17 23 3 3 23
23 3 17 13 13 13 3 17 3 3 13 17
13 13 13 13 13 13 13 13 23 13 23 13
13 3 13 13 3 3 13 13 13 3 3 23
13 13 13 13 13 13 17 13 45 17 13 13 3 3 13 13 13 13 17 13 13 13 3 13 3 17 13 17 17 19 13
23 23 23 23 23 23 23 23 23 23 23 23
23 23 23 17 23 17 23 17 17 23 17 23 31 31 17 23 23 23
19 21 17 17 21 37 21 17 25 21 17 17 17 19 21 21 17 21 17 21 19 17 17 19
23 21 23 21 23 23 23 21 13 13 21 21
17 24 3 17 3 17 17 3 17 3 17 3 17
33 33 33 33 33 33 33 33 33 33 33 33 33 33 33 33 33 33 33 33
27 19 30 19 19 19 21 22 19 13 27 23 32 27 27 22 19 22 32
31 31 31 13 17 31 31 13 31 13 31 13 31 31 31 32 31 31 17 31 31 17 13 17 17 31 19 31 13 17 45
3 17 17 17 3 61 61 61 3 17 17 61 30 17 17 3 3
31 19 19 24 37 23 19 31 31 37 22 24 24 37 24 24 24 23 24 31 19 23 19 24
3 3 19 61 61 21 21 3 21 21 61 21 22 3 61 61 21 21 35 61 21 3
13 22 27 13 27 22 13 27 22 22 22 22 22 22 13
22 25 22 25 25 22 22 25 25 22 22 25 25 25
3 3 61 61 3 3 3 61 3 27 13 61 3 13 3
17 17 17 25 17 17 17 17 17 17 17 17 25 17
3 17 19 13 25 3 3 19 21 17 25 19 32 19 19 17 3 17 17
19 3 19 13 3 3 3 31 13 19 19 19 31 19 13 13 13 19
3 3 13 13 30 13 3 3 3 3 3 13 13 3 13 3 3
22 21 21 3 17 17 17 19 19 17 19 19 17 3 17 19 19 21 21 19 17 19 21 21 17 17 48 48 17 21 21 17 19 3
61 61 61 61 3 50 61 61 50 50 61 61 29 61 3 61
61 27 61 13 13 19 13 13 3 13 61 3 13 17 50
61 61 23 61 23 13 23 23 23 23 61 40 23 61 13 13 61 23 24 3 13 61 23 13 23 13
3 17 17 3 3 17 17 24 17 17 3 17 3
17 22 30 32 34 32 30 31 17 30 34 19 32 36 35 40 30 35 19 24 30 30 30 32 19 36
17 17 3 24 17 3 3 3 17 17 17 17 3
33 33 33 25 33 22 22 38 22 25 22 38 33 33 22 22 22 38 33 33 38 49 33 25 22 33 38 33 38 38 22 25 38 25 22
31 31 31 31 31 31 31 31 31 31 31 31 31 31 31 31 31 31
3 21 41 17 61 61 61 3 22 61 61 61 61 22 61 22 61 61 21 61 22 61 22 22 61 61 21
3 61 19 61 50 3 3 3 50 3 19 3 3 3 44 3 13 19 3 3 19 3 19 61 19 3 19 19 3 3
3 61 3 3 3 3 61 61 3 3 32 3 3 61 61 3 61 61 61
17 17 19 19 3 19 17 19 19 19 19 61 38 3 13 61 17 3 19 19 3 61 17 3 19
23 23 23 23 23 23 23 23 23 23 23 23
24 21 21 19 24 24 21 24 21 24 19 19 24
22 21 35 22 22 13 21 50 13 21 50 22 13 13 21 13 22 3 21 21 25 21 22 55 21 25 21 13 3 13 21 21 21 21 22 22 22 21 21 3
13 13 13 17 61 13 30 13 61 3 13 13 17 13 13 13 17
17 17 17 17 17 23 61 61 17 61 61 17
13 13 24 13 13 13 13 13 13 13 13 13 13
17 13 13 13 13 19 17 13 27 19 3 19 13 17 19
17 19 19 3 3 22 19 19 61 61 3 61 61 31 19 19 22 17
17 17 17 17 17 17 17 17 17 17 17 17 17 27 17
19 19 17 19 19 17 27 19 17 19 17 27 17 17 19
3 19 19 3 3 19 19 19 19 3 19 3 19 25
3 50 3 13 3 13 61 61 13 13 13 3 13 50 13 3 13 13 13 3 3 13 13 13 48 13 50 3 61 3 29 61 13 13
31 17 31 13 17 13 13 13 17 13 17 13 17 13 17 13 13 13
61 61 13 13 13 61 13 3 3 13 3 13 29 61 3 3
19 19 17 17 27 19 19 17 17 19 19 17 27 17 19
23 23 23 23 23 23 23 23 23 23 23 23
17 3 3 17 17 23 23 3 17 17 3 17
17 17 3 17 17 3 13 3 17 3 17 13 3 13 3 61 21 13 3 4 61 3 3 13 17 3 17 13 17 3 3 3 61 13 3 3 3 3 3 19 3 21 17 3 61 17 3 61 3 3 13 17 3 23 61 13
31 22 30 29 33 17 31 30 17 30 33 17 19 31 36 17 32 36 17 30 17 32 19 17 30 25 30 31 19 44
35 24 22 22 13 19 24 23 19 50 19 19 19 50 19 13 19 19 19 19 19 13
30 30 30 30 30 30 30 30 30 30 30 30 30 30 30 30 30
31 31 31 31 31 31 31 31 31 31 31 31 31 31 31 31 31 31
3 61 3 61 61 3 61 61 3 61 61 25 3 61
17 17 17 19 19 27 17 19 19 19 17 27 19 19 17
17 19 17 45 13 17 17 17 17 17 17 19 17 13 17 17 17 17 17 45 17 13 13 17 17 17 17 17 17 17 13
23 23 23 13 23 13 23 23 13 23 23 23 31 13 13 23 13 23
13 13 13 13 13 61 61 13 13 13 61 13 3 30 17 13 13
13 13 13 19 61 3 61 17 23 24 61 35 17 61 61 61 61 19 3 61 61 27
23 23 23 23 23 23 23 23 23 23 23 23
3 13 30 13 13 3 22 3 13 13 13 13 13 17 13 13 13
22 61 22 61 61 27 22 61 22 22 22 22 22 22 22
3 3 3 17 3 17 17 17 3 17 24 17 17
17 27 27 17 19 17 17 19 19 19 17 17 19 19 19
21 13 3 13 21 32 3 50 21 50 21 13 21 21 50 13 21 21 21
27 27 27 27 27 27 27 27 27 27 27 27 27 27 27
19 19 25 19 13 25 19 19 13 19 13 19 13 13
30 13 22 22 13 13 13 13 22 22 22 22 22 13 22 22 22
23 23 23 23 23 23 23 23 23 23 23 23
23 23 23 23 23 23 23 23 23 23 23 23
22 24 19 19 19 22 25 13 27 23 27 22 22 22 27
17 17 61 61 17 17 17 23 17 61 17 61
3 61 3 3 13 29 13 61 13 13 13 13 61 3 61 3
17 13 17 13 17 13 17 13 25 13 17 17 17 13
13 13 3 13 3 23 13 3 3 13 13 3
35 21 17 25 21 21 35 21 21 17 21 21 21 21 21 21 17 21 21 21 25 17
13 13 3 17 3 37 19 17 13 3 13 3 3 17 17 17 17 3 13 17 13 3 13 3
17 19 19 19 61 61 17 17 19 19 17 61 19 17 17 33 19 17 19 61
30 30 30 30 30 30 30 30 30 30 30 30 30 30 30 30 30
21 62 13 13 17 61 13 17 22 27 17 17 13 17 61 13 3 17 17 3 17 61 17 13 61 61 17 3 61 13 17 13 3 17 17 13 17 3 17 3 3 61 19 13 61 13
13 3 3 3 13 3 3 3 13 13 3 3 13 3 3 13 30
21 17 21 61 61 3 21 61 17 3 25 17 17 61
24 27 24 27 27 27 27 24 22 27 27 24 27 22 27
13 61 13 38 13 61 3 3 13 13 13 3 61 61 61 61 3 13 13 61 61 3 61 50 61
19 21 3 27 19 13 13 21 21 19 19 13 13 27 13
21 21 24 24 19 24 24 21 19 24 24 19 21
27 31 25 17 31 35 21 22 27 27 19 46 31 31 32 17 27 37 17 32 27 19 31 31 31 49 22 22 31 27 17 17 27 22 22 31 31 38 31 19 17 22 24 22 23 8 22 22 30 29 19 38 19 25 31 22 25 25 19 31
24 21 21 13 24 24 17 24 24 22 21 13 22
17 3 17 17 19 17 30 30 13 13 13 17 13 17 23 17 3
17 17 17 17 17 32 17 17 61 17 17 61 17 17 17 61 61 17 17
61 17 17 17 17 61 17 17 17 61 61 23
61 17 17 17 3 17 3 3 61 45 17 13 61 17 23 17 61 3 50 3 50 25 23 50 17 50 19 61 17 17 19
24 24 24 19 24 19 19 24 19 24 33 24 24 19 24 24 33 24 19 19
17 13 22 13 3 3 22 29 17 3 17 13 22 3 3 17
19 13 13 13 19 13 19 13 13 27 19 19 19 19 19
17 17 17 61 19 21 61 19 61 19 17 19 17 17 19 33 61 19 19 19
24 21 21 13 24 24 17 24 24 22 21 13 22
17 17 17 17 17 17 17 17 17 17 17 17 17 27 17
17 3 17 17 13 3 3 17 13 3 32 13 13 17 3 17 13 13 17
13 19 19 17 27 13 17 19 13 13 13 13 19 13 19
17 27 27 17 19 17 17 19 19 19 17 17 19 19 19
22 22 22 22 22 22 22 22 22 22 23 22 22 22 22 22 22 22 23 34 22
3 22 27 19 3 30 22 13 30 22 22 22 22 22 13 22 19
25 25 25 25 25 25 25 25 25 25 25 25 25 25
61 13 13 27 13 61 61 61 19 13 13 13 13 50 50
23 23 23 23 23 23 23 23 23 23 23 23
31 61 19 17 27 21 50 19 19 17 19 17 19 50 19 17 17 17
61 61 29 61 61 17 17 61 17 17 17 61 61 17 17 61
23 23 61 23 61 23 23 23 23 61 23 23 29 23 23 61
24 27 24 27 27 27 27 24 22 27 27 24 27 22 27
17 3 17 24 17 3 3 17 17 17 3 3 17
23 23 23 23 23 23 23 23 23 23 23 23
13 13 3 3 3 13 13 3 13 23 13 3
61 19 3 23 19 23 19 22 61 27 23 23 61 32 24 3 3 19 24 23 33 3 13 21 33 13 61 32 13 22 56 3 17 22 25 24 25 23 23 24 61
33 33 31 34 31 33 31 31 33 31 31 32 33 33 33 31 45 45 45 45 33 33 31 33 45 45 35 33 33 45 31
27 13 30 25 13 25 25 25 23 27 17 13 25 27 27 25 33 17 25 25
23 23 23 23 23 23 23 23 23 23 23 23
3 13 13 3 3 13 3 19 13 19 13 13 13 17 13 31 13 13
23 17 61 17 61 17 17 61 17 17 17 61
23 3 3 3 3 3 3 3 23 17 3 17
23 17 17 17 17 23 17 17 17 17 23 23
61 17 61 29 61 61 61 17 17 17 17 61 61 17 17 61
19 19 19 61 61 19 19 19 24 19 61 61 19
13 13 23 13 13 13 13 13 13 23 13 13
33 21 22 22 17 22 17 22 17 22 22 21 21 17 22 21 21 22 22 22
31 31 31 31 31 31 31 31 31 31 31 31 31 31 31 31 31 31
13 3 17 24 17 13 17 3 43 3 17 13 3 13 13 13 13 13 3 3 17 3 13 17 13 13 3 3 3
21 3 21 35 17 35 21 3 3 17 21 21 21 21 17 21 21 21 21 3 21 17
13 13 24 13 13 13 13 13 13 13 13 13 13
23 23 23 23 23 23 23 23 23 23 23 23
3 23 23 3 3 17 17 17 17 17 3 17
23 21 21 21 23 23 23 23 21 13 13 21
13 13 3 61 13 3 3 17 3 3 41 61 3 13 13 61 3 3 13 3 13 13 13 3 13 13 3
19 19 3 21 19 19 19 19 19 3 25 3 3 13
61 17 17 3 61 61 17 22 3 17 61 17 17 61 17 17 61 17 17 3 40 17 17 19 61 22
25 22 36 32 19 22 40 30 23 23 23 40 29 22 23 22 22 2 19 29 23 22 19 30 19 23 37 51 22 22 22 19 22 31 22 21 30 21 21 23 24 19 22 25 19 21 38 13 27 31 21 31 22 22 17
23 23 23 23 23 23 23 23 23 23 23 23
13 13 13 13 17 3 3 61 19 59 19 13 13 3 13 13 17 17 17 31 3 17 17 17 13 13 17 3 3 13 3 13 61 3 17 3 13 17 22 13 61 13 13 17
23 23 23 61 27 23 23 61 27 23 23 23 61 23 23
23 23 23 23 23 23 23 23 23 23 23 23
23 23 23 23 23 23 23 23 23 23 23 23
3 3 3 23 13 13 13 13 3 13 3 13
23 23 13 23 13 31 23 13 23 23 23 13 23 23 13 13 23 23
22 3 22 22 61 50 17 17 17 61 17 3 17 3 17 3 21 47 50 3 22 3 22 17 3 17 3 21 21 50 17 22 17
13 13 13 13 61 17 61 17 17 13 17 61 31 61 17 17 17 13
17 22 22 22 31 22 22 17 22 17 19 22 22 17 22 17 17 23
21 3 21 35 17 35 21 3 3 17 21 21 21 21 17 21 21 21 21 3 21 17
19 25 19 19 19 19 19 3 19 3 3 3 3 19
19 19 19 19 61 61 19 19 19 19 61 61 24
22 19 22 19 36 17 17 17 17 21 3 19 19 19 17 24 19 22 24 19 22 19 25
19 13 19 19 13 25 19 19 25 19 13 13 19 13
17 13 13 17 13 17 13 13 17 25 17 13 17 17
3 13 17 3 3 13 13 19 25 50 61 13 3 23 3 17 3 17 3 22 61 19 17 21 13 17 17 22 3 17 17 19 3 3 17 53 3 3
32 19 50 61 13 19 50 13 61 13 23 61 50 61 23 19 19 19 23
17 17 13 25 13 17 13 17 13 17 17 13 17 13
23 23 23 23 23 23 23 23 23 23 23 23
27 3 3 13 3 22 21 21 3 21 21 21 21 21 21
23 23 23 23 23 23 23 23 23 23 23 23
33 33 33 33 33 33 33 33 33 33 33 33 33 33 33 33 33 33 33 33
27 27 27 61 32 61 27 61 27 27 27 27 27 61 27 27 27 27 27
31 31 31 31 31 31 31 31 31 31 31 31 31 31 31 31 31 31
19 17 19 13 17 19 61 19 19 61 13 19 3 61 13 61 19 19 61 61 13 17 36
13 13 61 61 61 61 13 13 13 61 61 61 61 3 32 61 17 61 61
21 3 3 22 21 25 3 21 17 21 21 22 25 21
23 13 13 3 13 3 13 3 3 13 13 3
13 13 17 13 17 13 17 13 17 25 17 17 17 13
25 13 23 23 23 13 13 19 23 23 13 21 23 19 13 23 13 23 19 19 19 23 21 23 19 40
17 31 31 25 30 27 17 57 30 27 19 18 19 22 22 17 23 33 22 30 18 31 22 44 22 22 17 40 19 19 22 43 30 60 42 23 34 22 30 22 22 22 24 5 30 19 22 31 17 19 31 46 31 30 23 32 31 17 22 22 19 45 17 19 34 31 25 19 22 17 22 19 30 46 17 32 33 22 41 22 22 22 22 22
19 13 13 19 13 19 19 19 13 19 19 19 13 27 13
17 3 17 17 3 50 17 50 3 21 3 31 21 3 50 3 3 21
61 3 19 19 17 50 17 50 13 17 51 13 3 3 50 13 17 3 27 13 50 19 21 61 17 3 13 13 19 19 21 19 17 13 61 13
29 19 19 17 19 19 17 19 19 17 17 19 17 17 19 17
22 22 25 50 22 50 22 22 22 22 22 22 22 50
3 21 3 13 29 21 13 3 21 22 19 21 27 13 32 21 17 21 3
31 31 31 31 31 31 31 31 31 31 31 31 31 31 31 31 31 31
31 31 31 31 31 31 31 31 31 31 31 31 31 31 31 31 31 31
61 22 3 22 3 33 22 61 3 22 22 22 22 61 22 3 22 3 61 22
3 3 3 47 3 50 19 3 3 3 13 3 3 3 61 13 28 13 3 50 50 3 3 61 3 3 3 61 61 13 13 13 19
50 3 13 3 13 13 3 3 13 13 3 50 13 34 13 13 13 13 50 13 13
17 27 21 3 13 17 25 3 13 3 61 3 16 13 3 3 3 3 13 17 3 50 3 50 3 3 3 17 3 50 17 24 3 13 13 3 13 50 3 13 3 50 3 13 61 50 61 13 29 3 3 3 3 3 61 13 3 23 3 13 3 22 3 3 24 3 50 50 3 17 13 61
61 23 19 19 19 13 19 61 13 22 13 19 13 19 19 19 43 61 21 13 19 17 13 23 17 19 13 19 17
19 23 19 23 23 32 23 23 23 23 32 19 19 19 23 19 23 23 19
17 61 61 17 61 23 17 17 61 17 17 17
13 13 61 13 3 25 13 3 13 3 3 61 3 61 3 3 3 3 32
3 17 17 3 17 3 24 3 17 3 17 17 17
3 13 13 3 17 13 3 3 61 13 29 13 17 13 3 61
30 33 33 33 53 30 23 31 30 22 25 38 33 22 36 49 31 31 24 22 30 12 31 21 30 33 8 31 30 25 21 22 25 13 3 17 31 30 35 3 5 31 22 23 22 22 51 21 22 22 35 30 22 3 25 31 45 30 38 30 21 21 31 21 3 38 59 25 31 21 33 30 30 30 30 30 31 34 3 23 23 17 57 22 22 42 30 23 22 19 45 23 23 31 3 25 2 30 29 32 36 30 33 21 25 27 13 20 21 30 38 30 5 22 21 23 33 43 33 31 26 21 13 38 21 31 30 45 35 31 13 56 22 21 22 25
23 23 23 23 23 23 23 23 23 23 23 23
35 25 27 32 32 25 22 22 22 22 22 27 22 27 25 22 22 22 22 22 25 25
23 23 23 23 23 23 23 23 23 23 23 23
24 23 23 13 19 23 22 21 19 21 23 21 23 21 13 51 19 13 3 22 3 21 19 19 3 13 51 13 23 23 23 3 21 22 23 21
23 30 30 30 30 23 30 30 30 23 30 30 30 23 23 30 30 30 23 42 30 23 23 23 30 23 23 30
13 23 13 21 22 19 21 27 21 27 17 13 21 21 21
24 17 17 3 13 24 17 17 61 13 23 13 13 13 13 13 13 13 21 61 17 13 61 17 19 61 13 42
3 50 3 17 3 3 50 3 3 3 3 24 3
21 17 21 17 17 17 17 21 17 17 21 21 21 17 17 21 37 17 17 21 17 17 17 21
33 33 32 17 37 31 25 31 30 27 33 31 45 8 31 30 31 31 30 45 43 57 25 38 33 31 31 34 17 33 31 46 38 31 32 31 31 30 45 24 45 13 30 38 33 31 31 30 3 33 34 14 32 45 55 31 13 38 31 25 54 36 1 25 17 32
23 23 23 23 23 23 23 23 23 23 23 23
33 33 35 25 31 22 32 27 33 31 24 23 23 23 31 36 25 38 33 25 23 22 22 33 33 38 32 23 31 2 31 35 35 45 38 33 31 22 31 32 55 35 2 31 38 31 33 25 31 34 2 25 29 22 22
23 23 23 23 23 23 23 23 23 23 23 23
24 27 24 27 27 27 27 24 22 27 27 24 27 22 27
17 17 17 17 61 23 17 61 61 61 17 17
19 19 19 13 22 19 19 17 17 13 13 19 30 61 61 30 61
17 17 23 17 3 3 17 3 3 23 17 17
3 22 3 25 22 22 22 25 22 25 22 22 22 3
31 31 31 31 31 31 31 31 31 31 31 31 31 31 31 31 31 31
3 13 50 3 50 13 13 13 3 13 13 3 13 13 17 17 3 34 50 13 13
33 33 33 33 33 33 33 33 33 33 33 33 33 33 33 33 33 33 33 33
13 17 13 3 3 61 23 27 24 19 61 3 17 13 3 19 3 13 32
13 24 3 17 3 17 3 17 19 17 17 17 3
3 3 21 21 17 22 21 21 22 3 3 21 21 27 21
13 13 13 13 13 13 3 31 3 13 13 3 3 3 13 13 13 13
25 19 19 19 19 30 19 22 22 22 19 19 25 19 22 19 22
3 13 61 17 23 34 3 19 22 3 61 19 23 17 3 3 61 13 13 3 61
37 31 17 33 31 32 23 33 17 17 37 31 31 31 17 22 31 31 32 32 31 31 31 31
19 25 25 19 25 19 25 25 19 19 25 19 25 25 19 25 25 25 25 35 25 19
61 17 21 61 17 17 61 37 61 13 21 61 61 21 3 13 13 61 3 13 61 17 13 13
13 13 29 13 13 3 13 61 13 13 19 23 13 3 61 13
24 21 21 19 24 24 21 24 21 24 19 19 24
3 29 22 22 22 22 3 22 22 3 22 3 22 22 3 22
13 19 3 17 13 13 23 3 17 3 3 3 17 3 13 13 3 23 3 3 35 17
23 19 13 23 19 13 23 23 13 19 19 19
3 23 19 23 46 3 13 19 19 23 27 23 13 23 17 19 3 19 23 23 23 22 24 23 19 19 19 23 23 19 23 3 19 19 13 52 19
23 23 23 23 23 23 23 23 23 23 23 23
13 17 19 13 23 23 17 23 17 17 17 13
23 23 22 22 22 22 23 35 23 22 22 23 23 22 23 23 22 22 23 22 23 23
17 3 3 17 3 31 3 3 17 3 3 17 17 3 17 3 3 17
61 3 61 61 61 61 3 25 61 3 61 3 3 61
13 17 3 13 13 23 3 13 3 13 3 13
23 23 23 23 23 23 23 23 23 23 23 23
23 23 23 24 36 13 23 3 3 23 3 13 13 3 23 23 23 23 13 3 17 23 13
35 30 30 30 30 30 3 30 30 30 30 30 30 30 3 30 30 3 3 3 30 30
17 17 17 33 17 3 3 13 17 17 17 3 3 17 17 17 17 17 17 19
33 33 33 33 33 33 33 33 33 33 33 33 33 33 33 33 33 33 33 33
23 23 23 23 23 23 23 23 23 23 23 23
3 3 3 3 3 25 3 3 50 3 3 50 50 3
61 50 61 3 50 3 61 24 3 3 61 3 50
13 3 50 13 13 50 13 50 3 3 13 27 13 3 3
19 13 19 13 19 19 24 13 13 24 19 24 19
13 61 3 50 3 3 61 3 35 50 61 3 61 61 50 3 3 3 3 3 61 61
3 61 61 61 24 50 3 50 3 50 3 3 61
13 3 61 13 13 3 3 13 13 3 13 41 13 13 13 3 13 3 13 61 13 61 3 13 13 13 3
13 61 61 61 13 13 13 13 61 61 61 27 61 13 61
13 23 3 13 3 13 13 3 3 13 13 3
3 3 25 3 3 50 50 3 3 3 3 50 3 3
61 61 3 50 61 3 50 50 50 3 50 3 3 50 61 29
41 41 41 41 41 41 41 41 41 41 41 41 41 41 41 41 41 41 41 41 41 41 41 41 41 41 41
61 3 50 19 3 61 61 61 53 13 61 13 13 61 13 50 3 61 13 13 13 3 17 61 61 3 13 13 61 13 3 13 3 61 3 61 13 13
13 50 13 50 13 50 50 50 50 32 13 50 50 50 50 13 50 50 13
41 3 13 41 41 3 41 3 41 61 41 3 13 41 41 41 41 41 41 64 3 41 3 41 41 13 13 3 41 41 41 41 41 61 13 41 3 50 13 61 3 41 41 50 41 42 50 41 3 3
23 23 23 23 23 23 23 23 23 23 23 23
27 27 27 27 27 27 27 27 27 27 27 27 27 27 27
61 61 61 3 61 50 61 61 61 61 3 61 3 34 50 3 50 61 61 3 61
17 13 19 13 13 13 19 19 50 13 3 17 13 13 61 13 17 13 13 13 3 13 3 3 3 3 17 3 13 13 3 19 13 13 54 3 13 3 50
61 3 50 24 3 50 3 3 61 50 61 3 61
61 61 61 61 50 61 50 61 61 61 50 23
3 3 13 3 3 3 3 3 3 3 35 3 13 3 3 3 3 17 13 13 13 13
13 50 50 13 13 50 3 13 13 61 3 13 50 3 61 3 13 13 13 13 50 3 61 50 13 61 13 42
17 17 19 17 61 19 17 61 17 17 32 17 17 17 61 17 61 17 17
44 44 44 44 44 44 44 44 44 44 44 44 44 44 44 44 44 44 44 44 44 44 44 44 44 44 44 44 44 44
27 27 27 27 27 27 27 27 27 27 27 27 27 27 27
3 13 3 61 13 13 61 13 19 3 13 27 3 61 13
3 3 13 13 19 3 27 13 3 13 61 13 61 13 61
17 13 13 17 3 24 3 13 17 13 17 13 13 37 3 13 13 13 3 17 13 13 17 17
17 23 17 17 61 17 17 61 61 17 17 61
50 61 61 29 3 50 50 50 50 61 50 3 3 3 13 3
13 3 13 3 23 13 13 3 13 3 3 13
17 3 3 17 17 23 17 17 3 17 3 23
3 3 13 3 13 3 3 13 23 13 13 13
21 21 21 25 21 13 13 21 13 25 21 21 13 25
24 24 24 24 24 24 24 24 24 24 24 24 24
17 17 50 17 17 25 50 50 17 17 17 50 50 50
21 17 17 17 21 29 17 21 21 21 17 29 21 21 21 17
61 3 61 61 3 61 24 61 19 61 3 61 3
13 21 21 21 61 61 13 13 13 61 13 25 13 61
44 44 44 44 44 44 44 44 44 44 44 44 44 44 44 44 44 44 44 44 44 44 44 44 44 44 44 44 44 44
3 3 3 3 39 3 3 3 3 3 24 3 39
3 3 61 3 50 50 61 3 3 3 50 3 45 3 3 3 3 3 3 3 50 3 3 61 50 3 3 61 3 50 3
19 13 19 13 19 19 24 13 13 24 19 24 19
21 21 21 21 21 61 21 61 21 21 25 21 61 61
13 17 13 17 13 17 17 25 17 13 17 13 17 13
50 3 3 50 61 61 61 29 3 3 50 3 61 50 50 50
21 21 61 21 21 61 61 61 21 21 21 21 21 25
3 13 13 3 13 3 3 13 13 23 3 13
3 3 50 50 23 3 50 3 50 50 3 50
61 50 61 61 3 3 3 3 3 50 3 3 50 3 3 31 61 3
41 41 41 41 41 41 41 41 41 41 41 41 41 41 41 41 41 41 41 41 41 41 41 41 41 41 41
3 3 17 3 17 3 3 17 17 17 17 24 17
3 3 30 3 22 3 17 17 17 19 3 3 3 3 17 17 17
13 3 3 50 3 50 13 13 13 3 13 3 50 13 34 13 13 13 13 13 13
17 17 17 61 61 17 22 61 17 36 17 17 17 17 17 3 17 3 3 17 17 3 3
50 3 3 50 3 3 3 3 3 3 50 25 3 3
13 13 61 13 50 50 34 13 50 3 19 3 3 13 61 50 13 61 13 50 61
44 44 44 44 44 44 44 44 44 44 44 44 44 44 44 44 44 44 44 44 44 44 44 44 44 44 44 44 44 44
21 19 61 3 61 50 50 31 50 50 17 61 17 3 50 3 3 3
13 61 13 13 13 13 13 3 61 13 13 61 3 3 3 13 61 13 3 13 61 13 61 61 61 40
3 41 41 3 41 41 41 41 41 41 46 41 41 41 41 41 41 41 41 3 41 41 41 41 41 41 41 3 41 41 41 3
27 27 27 27 27 27 27 27 27 27 27 27 27 27 27
3 19 19 3 13 19 19 19 3 61 19 61 61 13 19 3 13 3 13 19 37 61 13 13
27 27 27 27 21 21 21 27 21 21 27 37 27 27 27 21 21 21 27 27 27 27 21 27
13 13 13 13 13 13 13 13 13 13 13 24 13
50 61 61 61 61 50 61 61 61 23 61 50
19 19 19 61 19 19 24 19 19 19 61 61 61
50 50 50 50 50 50 31 3 50 50 50 50 50 50 50 50 50 50
3 3 17 21 3 17 21 21 21 17 3 21 21 21 3 17 3 3 17 21 3 17 3 3 3 3 21 3 3 52 3 17 3 3 3 3 3
61 19 19 19 19 24 19 19 61 19 19 61 61
61 3 3 61 61 61 25 61 61 61 61 3 3 3
61 17 61 17 61 17 17 61 61 33 17 61 61 17 61 61 61 61 61 17
3 61 3 27 3 3 61 3 3 61 61 3 3 3 3
3 30 17 61 3 61 17 3 3 17 17 61 61 17 17 17 3
61 61 61 61 61 61 61 61 61 61 61 61 61 61 61 30 61
13 3 13 3 13 3 30 3 3 3 13 3 13 3 3 13 3
17 50 61 17 61 50 17 45 17 61 3 61 61 61 17 61 3 61 61 50 17 50 61 50 3 50 61 61 3 3 17
3 3 3 3 13 3 13 3 13 30 13 3 3 13 13 3 3
13 61 29 3 61 3 13 61 13 13 3 61 13 3 13 3
24 17 3 3 17 17 3 17 17 3 3 17 17
13 13 21 27 13 13 22 13 13 17 21 34 21 13 13 13 13 21 21 21 21
44 44 51 44 44 44 44 44 44 44 44 44 44 44 44 17 44 44 17 44 17 44 44 44 44 51 17 44 44 44 17 44 17 44 44 44
13 17 30 13 13 13 3 17 13 17 17 17 3 30 17 17 3
44 44 44 44 44 44 44 44 44 44 44 44 44 44 44 44 44 44 44 44 44 44 44 44 44 44 44 44 44 44
22 22 61 22 22 61 27 22 61 22 22 61 22 22 22
61 50 3 61 33 50 61 3 61 61 3 50 61 50 50 3 50 3 61 61
23 23 23 23 23 23 23 23 23 23 23 23
3 50 50 3 50 61 3 61 61 24 3 3 61
3 3 49 13 3 19 3 50 3 3 13 61 3 50 50 13 3 13 3 13 3 3 39 3 61 13 50 13 3 3 3 13 3 50 3
22 21 21 21 21 22 21 13 50 50 39 22 39 21 27
13 3 50 3 13 50 13 3 3 3 13 13 50 13 27
13 13 13 13 13 13 13 30 13 13 61 13 61 61 13 61 13
41 61 41 19 41 41 41 41 41 41 23 41 41 41 41 42 41 19 19 19 41 41 41 41 41 41 41 50 19 61 41 50 41 41 41 55 19 41 17 19
29 3 17 17 17 50 3 17 50 17 3 17 3 50 17 3
23 23 23 23 23 23 23 23 23 23 23 23
61 61 21 17 31 25 61 17 25 21 22 25 22 61 17 21 17 25
13 13 3 3 13 13 3 3 23 13 13 3
61 61 61 17 3 19 17 61 17 61 29 17 61 61 17 17
3 3 61 61 61 3 3 61 32 3 3 3 61 3 61 3 61 3 61
13 13 13 13 13 13 13 13 13 13 13 13 24
41 41 41 41 41 61 41 41 41 41 41 41 41 41 41 41 61 61 41 45 41 41 41 41 41 41 41 41 41 41 61
24 61 61 3 50 3 61 61 3 3 50 50 3
17 17 3 17 24 3 17 17 17 3 3 3 17
33 23 19 23 23 23 19 19 19 23 23 19 19 23 23 19 23 23 19 23
3 13 23 13 13 13 13 3 13 3 3 3
61 61 61 61 61 61 61 24 61 61 61 61 61
61 61 61 61 61 24 61 61 61 61 61 61 61
23 13 13 13 13 13 3 3 3 13 3 3
61 13 17 17 61 17 17 17 13 13 13 61 61 17 13 13 17 31
13 13 61 50 61 50 25 50 61 13 13 13 13 61
61 13 61 61 50 3 50 50 50 3 50 13 50 13 3 38 13 50 3 50 3 13 61 13 50
13 3 13 23 13 13 50 50 50 13 50 13
37 61 61 50 3 61 50 50 3 50 50 61 50 61 3 61 61 3 61 61 3 61 61 61
3 17 29 13 17 22 21 17 21 3 17 34 17 17 21 3 21 21 3 21 21
21 21 21 21 29 21 13 13 21 13 21 13 21 13 21 13
44 44 44 44 44 44 44 44 44 44 44 44 44 44 44 44 44 44 44 44 44 44 44 44 44 44 44 44 44 44
3 61 3 3 3 61 3 3 3 3 50 61 3 31 50 3 61 50
22 3 13 61 13 3 61 13 61 13 61 27 3 13 3
50 50 50 13 13 50 13 24 13 50 13 13 50
41 41 41 41 41 41 41 41 41 41 41 41 41 41 41 41 41 41 41 41 41 41 41 41 41 41 41
61 13 13 61 61 61 13 13 37 61 61 13 13 24 61 61 13 3 13 61 61 13 61 13
61 61 61 61 61 61 23 50 50 61 50 61
39 61 3 61 61 3 61 61 39 61 3 23
22 17 21 22 50 21 17 21 23 21 21 61 25 21 25 22 17 42 50 50 21 50 22 29 25 22 21 21
50 50 61 61 61 23 61 61 61 61 61 50
13 3 13 13 13 3 3 23 13 3 3 13
13 13 13 13 17 17 17 23 17 17 23 23
3 3 3 24 3 61 61 24 61 3 3 3 3
44 44 44 44 44 44 44 44 44 44 44 44 44 44 44 44 44 44 44 44 44 44 44 44 44 44 44 44 44 44
3 3 3 3 13 50 13 3 50 13 3 3 13 50 3 13 13 3 3 33
61 61 61 61 61 61 61 24 61 61 61 61 61
23 3 13 13 3 17 3 3 13 13 13 13
61 17 61 61 23 17 17 17 61 17 17 17
24 24 24 24 24 24 24 24 24 24 24 24 24
3 3 3 50 61 13 19 50 50 17 50 19 50 3 3 61 3 17 61 19 3 17 50 19 19 61 3 19 13 3 17 17 19 62 17 17 19 13 3 17 61 3 3 13 61 21
13 61 61 61 13 30 13 13 13 13 13 13 13 13 61 13 13
41 41 41 41 41 41 41 41 41 41 41 41 41 41 41 41 41 41 41 41 41 41 41 41 41 41 41
39 3 61 61 39 3 23 61 3 61 3 3
17 30 61 61 13 61 13 13 17 13 13 13 61 13 13 13 13
61 61 17 17 61 34 61 17 13 17 13 3 17 3 3 61 61 17 61 13 17
44 44 44 23 44 3 17 17 44 44 44 44 44 44 44 44 17 17 17 44 44 44 56 44 44 44 44 44 3 3 44 44 44 19 44 44 13 44 44 44 44
31 3 61 3 3 61 61 61 61 3 61 61 61 61 61 61 3 61
3 17 17 3 17 61 61 61 3 61 61 3 3 61 3 17 3 3 17 61 3 61 61 61 61 44 17 61 3 17
13 3 13 3 3 13 23 3 3 13 13 13
3 50 22 61 17 17 19 17 3 61 3 17 21 54 13 50 50 29 22 3 50 17 3 61 21 3 17 3 3 3 21 50 21 3 50 21 19 21 21
17 17 61 61 3 3 38 13 61 22 17 3 13 19 3 61 17 3 61 13 13 13 19 61 23
13 61 61 3 61 25 61 3 61 3 3 61 3 61
17 17 17 17 32 13 17 17 32 13 17 13 17 13 13 17 17 17 17
41 44 44 44 2 44 44 41 44 44 41 44 44 44 41 41 44 41 41 44 41 41 41 41 41 44 2 41 41 44 44 44 41 44 41 44 41 44 41 41 44 44 44 41 41 44 41 44 41 44 41 44 44 41 44
3 61 13 3 3 61 3 61 25 61 3 61 61 61
41 41 41 41 41 41 41 41 41 41 41 41 41 41 41 41 41 41 41 41 41 41 41 41 41 41 41
13 13 61 61 61 25 13 61 61 17 61 13 13 13
32 3 3 61 61 61 61 3 3 3 3 61 3 3 3 61 3 61 61
19 19 19 19 30 3 50 19 3 19 19 3 19 61 13 50 3
3 61 3 3 61 50 3 50 61 24 3 61 50
25 61 61 3 61 61 3 61 3 3 61 3 61 61
13 13 19 27 19 19 19 19 13 19 13 13 19 19 13
13 13 21 21 13 13 13 61 13 61 13 13 27 13 13
13 13 13 13 13 23 13 13 23 13 13 13
24 19 61 19 19 19 61 61 61 19 19 19 19
3 17 17 61 3 13 3 17 61 30 61 17 3 17 17 3 17
41 41 41 41 41 41 41 41 41 41 41 41 41 41 41 41 41 41 41 41 41 41 41 41 41 41 41
61 3 3 3 17 21 3 3 3 61 3 3 3 21 21 3 19 61 17 21 3 61 13 17 3 47 3 3 3 61 61 17 3
31 19 61 19 13 19 19 13 61 19 61 13 19 13 19 13 21 19
3 19 19 19 25 21 3 19 13 19 3 3 19 19
3 3 3 3 13 22 13 3 3 3 21 13 3 3 47 3 3 13 3 3 3 3 3 21 3 25 13 13 3 13 3 3 3
13 13 19 3 13 13 19 13 3 27 13 3 3 3 3
17 3 3 13 13 13 13 3 3 13 3 3 13 13 13 13 3 13 13 3 13 58 3 3 13 13 3 13 13 13 13 3 3 22 3 13 13 13 3 22 3 3 13
61 61 17 17 17 17 61 61 17 17 17 23
50 50 50 50 61 61 50 50 50 61 61 50 50 50 50 61 61 50 50 50 61 61 39 50 50 50 50 39 48 50 50 50 50 50
61 13 61 19 50 3 61 17 17 61 13 13 3 61 17 13 17 17 19 3 50 61 61 61 61 61 48 3 13 13 61 50 3 13
41 41 41 41 41 41 41 41 41 41 41 41 41 41 41 41 41 41 41 41 41 41 41 41 41 41 41
13 50 3 3 50 13 3 3 50 13 3 27 13 13 13
13 3 17 13 50 3 17 13 50 17 51 21 3 13 17 3 17 17 23 3 13 13 13 3 50 13 3 17 19 50 61 17 3 3 50 17
3 34 13 61 13 17 13 13 17 61 19 23 61 3 17 13 3 17 13 17 17
13 13 23 13 13 17 17 23 17 17 23 17
13 17 13 17 17 21 21 21 17 13 36 21 21 21 21 17 13 17 13 13 21 17 21
3 13 13 50 13 61 61 32 3 61 3 50 13 61 3 3 13 3 13
24 24 24 24 24 24 24 24 24 24 24 24 24
50 29 21 21 21 21 50 21 21 50 50 21 21 50 21 50
21 21 50 17 13 21 17 50 21 13 21 13 50 17 50 13 13 13 13 13 13 17 13 50 21 21 50 21 13 17 21 13 17 17 49
25 3 3 19 19 3 19 3 3 19 19 19 19 19
3 3 3 3 3 3 3 3 3 3 29 3 3 3 3 3
32 61 61 61 13 61 61 61 61 13 13 61 61 61 61 13 61 13 13
13 13 13 13 13 13 13 13 24 13 13 13 13
17 13 13 17 13 13 25 13 17 17 17 17 13 17
50 23 61 61 50 61 61 50 61 61 61 61
13 13 13 50 13 13 50 13 35 13 13 13 13 50 13 13 13 13 13 13 13 13
3 23 61 50 50 17 50 17 3 32 3 61 17 3 17 61 61 17 17
3 3 13 13 13 61 13 27 13 13 19 3 61 3 61
3 33 3 50 3 13 13 3 3 13 3 13 13 3 3 13 50 3 3 50
13 21 21 13 21 13 21 29 21 21 21 13 21 13 21 13
17 3 13 17 3 3 17 23 23 17 17 19
13 61 13 61 13 13 61 27 61 61 61 61 13 13 61
19 40 61 19 61 19 3 3 3 19 19 19 19 19 19 61 19 19 19 19 3 19 3 61 19 19
23 3 13 13 3 13 3 13 13 13 17 3
17 50 50 13 13 13 13 61 24 50 50 50 13
25 24 3 3 61 24 61 3 3 61 3 3 3 3 24 3 3 3 3 24 61 50 61 61 58 50 24 50 24 13 3 61 24 61 3 24 25 3 3 61 61 24 25
25 3 3 3 50 3 3 3 50 50 3 3 3 3
50 50 3 3 61 61 3 50 61 29 3 50 50 61 50 3
13 3 43 3 17 13 61 17 3 61 13 17 17 13 3 3 3 17 17 3 17 3 17 61 13 61 13 50 17
21 50 29 25 61 29 17 25 21 22 17 22 17 21 25 19
44 44 44 44 44 44 44 44 44 44 44 44 44 44 44 44 44 44 44 44 44 44 44 44 44 44 44 44 44 44
24 24 24 24 24 24 24 24 24 24 24 24 24
3 13 31 61 3 50 3 3 61 61 3 50 13 3 50 61 3 3
3 3 3 3 27 3 3 61 61 3 61 3 3 61 3
44 44 44 44 3 44 44 44 44 44 44 44 50 44 44 44 44 44 3 44 50 44 44 44 44 44 53 44 44 44 50 44 44 44 3 3 3 44
27 27 27 27 27 27 27 27 27 27 27 27 27 27 27
17 17 17 61 17 17 17 61 61 23 17 61
50 3 3 3 61 61 24 3 61 3 50 50 61
61 3 3 3 3 50 3 50 3 61 3 50 3 3 3 50 61 3 3 3 3 50 50 40 3 61
3 61 3 50 61 61 50 50 3 61 29 3 50 50 3 50
44 44 13 44 44 44 44 44 44 44 44 13 44 44 44 44 51 44 44 44 44 44 13 44 44 44 44 44 44 13 13 44 13 44 44 44
17 17 25 17 17 17 17 25 17 17 17 17 17 17
3 17 61 61 3 17 3 17 61 3 3 61 61 61 3 17 17 61 3 61 3 17 3 3 40 17
21 21 21 3 3 21 21 3 21 3 21 21 27 21 3
50 50 61 36 50 13 50 13 50 13 61 13 13 61 61 13 50 13 13 13 13 13 13
3 50 3 50 3 3 24 39 39 50 39 39 3
3 32 17 19 3 13 17 13 13 17 13 13 17 17 17 17 17 13 13
61 61 23 61 61 17 17 17 17 17 17 17
22 13 13 13 3 13 3 13 13 27 13 13 27 3 3
17 23 17 61 61 61 17 17 17 17 17 61
3 17 61 13 13 50 3 40 17 3 13 61 61 13 3 61 3 61 13 50 50 61 50 50 50 61
61 50 17 50 17 17 50 61 31 19 17 50 50 61 17 61 61 17
17 13 17 30 13 13 13 17 13 17 17 30 3 3 17 17 3
3 3 17 3 17 3 17 17 17 3 24 17 17
41 41 41 41 41 41 41 41 41 41 41 41 41 41 41 41 41 41 41 41 41 50 50 41 50 41 44 41 41 41
39 3 17 3 39 3 17 17 17 27 3 3 17 17 17
61 61 3 3 3 3 27 3 3 61 3 3 3 3 61
17 17 17 17 17 17 17 17 27 17 17 17 17 17 17
13 3 61 3 13 61 38 3 61 61 13 61 61 13 13 61 3 3 3 3 3 3 13 3 61
3 3 61 50 61 61 24 50 50 3 3 61 3
17 13 13 17 17 17 13 13 13 13 61 17 13 13 37 13 61 17 61 13 13 13 17 61
17 17 17 3 21 3 17 21 17 37 21 21 17 37 22 3 17 13 3 21 13 25 17 22
3 3 3 3 50 17 61 61 3 17 3 17 61 50 61 17 17 3 3 3 50 3 38 17 17
13 13 61 17 13 61 13 61 61 13 13 61 61 25
50 33 50 50 19 13 13 17 13 61 17 50 13 17 17 17 17 13 50 19
17 17 17 17 17 17 17 17 17 17 13 13 17 13 17 13 34 13 17 17 13
30 50 3 50 50 50 3 3 3 3 3 50 3 50 3 3 3
25 3 61 61 61 61 3 3 61 3 61 61 61 3
24 24 24 24 24 24 24 24 24 24 24 24 24
21 21 21 21 3 3 3 3 21 21 27 21 3 21 21
35 13 3 3 13 3 3 3 13 13 3 3 13 3 3 13 13 3 3 3 3 13
44 44 44 44 44 44 44 44 44 17 44 44 57 44 3 44 44 44 44 44 3 17 44 17 44 44 44 17 44 3 17 17 44 44 44 17 3 44 44 44 44 3
61 3 3 3 61 3 3 3 3 3 3 27 61 3 61
44 44 44 44 44 44 44 44 44 44 44 44 44 44 44 44 44 44 44 44 44 44 44 44 44 44 44 44 44 44
13 13 13 13 61 27 13 13 22 17 13 61 61 22 3
44 44 44 44 44 44 3 44 44 44 44 44 13 3 3 44 44 44 44 44 13 3 3 3 13 3 0 44 44 44 13 13 44 44 3 44 3 13 44 44 3 3 3 3 3 44 44 44 44 44 3
3 25 61 3 61 61 3 3 61 61 61 61 61 3
61 61 17 61 17 17 17 17 23 17 61 17
17 3 17 3 19 17 17 17 3 3 3 3 13 3 17 3 31 17
21 21 17 13 13 61 19 21 19 13 19 21 3 61 61 21 13 19 3 61 61 13 13 13 13 19 61 3 19 13 13 61 21 13 13 61 13 61 17 7 13 21 13 13 21 13 61 13 61 21 19 13 17 19 61 13 17 13 13
61 3 61 3 61 61 29 39 3 3 61 3 61 61 61 39
3 3 50 50 3 50 50 3 50 50 3 23
17 3 3 17 17 23 17 17 3 17 3 23
50 3 25 3 50 50 61 61 50 19 3 3 61 3
50 50 3 61 3 3 3 3 3 3 3 3 13 3 61 61 31 50
17 23 17 17 17 17 61 17 17 61 61 61
50 61 61 61 61 61 50 50 29 61 61 61 61 61 61 61
61 21 21 61 21 21 50 61 61 61 61 21 42 21 21 21 61 50 50 21 61 61 61 61 61 61 50 61
13 13 13 61 61 13 61 61 61 61 61 61 13 13 27
61 61 3 13 61 3 61 61 61 25 3 3 3 61
61 61 61 61 19 61 37 61 50 61 61 3 61 50 50 61 3 3 3 61 61 61 61 61
13 13 39 50 13 50 13 3 50 3 30 3 3 39 13 3 13
3 13 13 3 3 3 61 3 61 3 61 13 61 13 3 3 13 3 3 34 13
21 21 25 21 13 13 21 21 13 25 21 21 13 25
22 22 22 22 19 22 22 19 19 19 22 22 31 19 19 19 31 22
13 27 50 50 13 3 3 3 3 13 13 50 13 3 13
17 32 13 24 24 24 13 24 24 24 25 13 24 24 13 24 24 13 24
50 3 50 50 3 24 3 61 61 3 61 61 3
61 50 61 61 61 50 50 61 61 50 27 50 50 61 61
22 22 3 3 22 22 22 22 3 3 29 22 22 3 22 22
25 61 17 17 61 17 17 39 17 17 17 39 61 61
17 17 21 17 17 17 17 25 25 17 34 21 22 17 17 25 22 17 21 17 25
13 61 61 3 13 61 3 13 3 13 3 3 29 61 13 13
44 44 44 44 44 44 44 44 44 44 44 44 3 44 3 3 44 44 44 13 44 44 56 44 56 44 44 3 44 44 3 3 13 44 3 3 44 44 19 44 44
19 3 3 3 17 3 3 17 31 3 3 17 17 17 13 3 3 17
41 17 61 41 41 41 41 41 41 41 61 41 41 41 41 41 41 17 41 41 61 41 41 41 17 41 41 41 17 17 41 61 41 17 41 41 53 17
44 44 44 44 44 44 44 44 44 44 44 44 44 44 44 44 44 44 44 44 44 44 44 44 44 44 44 44 44 44
27 27 27 27 19 19 27 19 27 34 27 27 27 27 27 19 19 34 34 19 27
21 21 21 21 21 21 21 21 21 21 21 32 21 21 21 21 21 21 21
13 17 61 38 17 19 17 13 13 17 19 21 17 17 17 13 61 13 17 17 61 13 61 17 17
61 3 61 61 3 3 3 3 61 3 61 3 25 61
3 39 3 61 3 39 3 61 61 23 3 61
3 17 24 3 17 17 3 3 17 17 3 17 17
13 13 13 13 50 3 3 13 13 50 13 13 3 21 13 13 13 50 3 13 3 13 40 3 13 3
3 50 3 3 3 3 50 25 3 3 3 3 3 50
13 13 19 19 32 13 13 61 19 13 19 19 19 19 13 19 61 61 61
13 17 50 17 17 3 3 61 3 3 17 17 3 3 3 61 17 38 50 61 3 3 17 61 61
13 13 13 13 3 61 3 13 13 13 61 13 13 13 13 13 61 13 42 3 13 3 13 13 13 3 61 13
3 19 3 3 3 3 3 19 3 3 3 3 3 25
27 13 13 13 3 13 3 13 13 27 13 13 22 3 3
21 21 29 21 13 13 13 21 21 13 13 21 21 13 21 21
3 50 13 13 13 3 3 13 13 3 27 50 13 50 3
21 17 17 17 21 17 17 21 21 29 17 29 21 21 21 21
41 41 41 41 41 41 41 41 41 41 41 41 41 41 41 41 41 41 41 41 41 41 41 41 41 41 41
13 13 23 13 3 13 13 13 3 3 3 3
50 3 3 50 50 3 50 3 50 50 3 23
13 13 3 3 3 13 13 13 3 13 13 13 13 13 3 13 31 13
22 22 22 22 22 22 19 19 19 19 22 22 19 31 19 19 31 22
3 17 23 17 23 17 17 17 3 3 3 17
41 41 41 41 41 41 41 41 41 41 41 41 41 41 41 41 41 41 41 41 41 41 41 41 41 41 41
33 3 13 3 50 50 13 3 13 61 19 3 3 3 3 13 13 13 3 3
17 23 17 17 17 61 61 61 17 61 17 17
19 19 19 61 19 19 19 19 24 61 19 61 61
27 27 27 27 27 27 27 27 27 27 27 27 27 27 27
61 61 61 61 61 50 50 29 61 61 61 61 61 50 61 61
17 21 21 17 21 13 13 17 13 34 21 21 34 21 21 17 17 21 17 13 13
41 41 41 41 41 41 41 41 41 41 41 41 41 41 41 41 41 41 41 41 41 41 41 41 41 41 41
19 13 19 19 21 3 33 19 13 3 13 13 19 13 3 13 19 19 13 3
17 13 13 17 13 13 3 3 13 13 13 13 17 13 51 3 13 13 13 13 3 3 17 13 13 17 21 13 17 17 13 17 3 17 3 13
3 17 23 17 23 17 17 17 3 3 3 17
27 27 27 27 27 27 27 27 27 27 27 27 27 27 27
21 21 21 13 13 13 29 13 21 21 21 21 21 21 13 13
61 61 31 61 61 61 61 61 61 3 61 61 3 3 3 61 3 61
13 17 61 13 61 13 61 13 34 61 13 61 13 13 13 13 17 13 61 61 13
23 61 50 61 61 50 61 61 61 61 61 50
61 61 61 61 50 61 61 61 23 50 50 61
17 13 23 13 17 17 61 13 61 19 61 13 17 61 21 17 13 13 61 17 19 61 61 13 41 13 13
17 17 61 17 19 23 17 61 61 17 3 17
3 13 13 13 13 3 3 3 13 23 3 13
41 13 41 41 41 41 13 41 41 41 41 41 41 41 41 41 41 13 41 41 41 41 41 41 13 41 41 13 41 13 47 41 41
44 44 44 44 44 44 44 44 44 44 44 44 44 44 44 44 44 44 44 44 44 44 44 44 44 44 44 44 44 44
3 3 31 3 17 3 17 3 3 3 17 17 3 17 17 3 3 17
17 17 17 61 23 17 61 61 17 61 17 17
3 3 3 3 61 3 61 61 61 3 61 61 32 3 61 3 3 61 3
13 3 3 3 13 61 13 3 13 61 3 61 61 61 3 3 61 61 3 13 3 38 3 61 13
3 3 3 3 3 3 3 3 3 3 3 3 29 3 3 3
21 21 21 61 21 21 61 21 61 61 61 21 34 50 50 21 21 61 61 50 61
3 50 3 61 3 13 50 13 3 61 50 13 3 3 50 3 54 3 61 61 3 3 50 13 50 13 50 3 61 3 50 61 3 3 13 3 50 61 61
13 61 13 50 61 61 61 61 50 61 13 61 34 50 50 13 61 61 13 61 13
17 17 17 32 13 17 13 19 13 32 17 17 19 17 13 13 17 17 17
61 61 61 61 50 61 61 29 61 50 61 61 61 61 61 50
44 44 44 44 44 44 44 44 44 44 44 44 44 44 44 44 44 44 44 44 44 44 44 44 44 44 44 44 44 44
44 44 44 44 44 44 44 44 44 44 44 44 44 44 44 44 44 44 44 44 44 44 44 44 44 44 44 44 44 44
50 3 50 50 3 3 50 23 3 50 3 50
21 21 32 21 3 21 21 3 61 3 3 21 21 3 61 61 21 21 61
13 3 3 23 3 17 13 13 13 3 13 13
17 17 17 17 17 27 17 17 17 17 17 17 17 17 17
27 27 27 27 27 27 27 27 27 27 27 27 27 27 27
17 61 3 50 3 61 17 17 61 61 17 50 17 3 17 37 61 3 61 17 61 3 50 61
13 17 61 17 61 61 13 13 3 17 13 13 13 61 13 13 17 13 13 13 61 3 17 13 17 13 61 47 3 13 17 13 61
17 17 25 17 17 17 17 25 17 17 17 17 17 17
3 13 23 13 13 3 13 13 3 3 3 13
24 24 24 24 24 24 24 24 24 24 24 24 24
3 3 3 3 3 3 19 3 19 3 3 3 19 19 19 19 19 19 37 3 3 3 3 3
17 13 40 3 13 21 21 3 17 17 3 17 13 3 13 13 3 21 3 17 13 21 3 13 13 3
3 21 3 3 25 13 13 13 13 22 13 13 13 25
3 3 61 61 3 61 50 24 3 3 61 50 50
17 3 17 3 3 13 34 3 50 17 17 3 3 50 3 19 17 17 50 3 3
41 41 41 41 41 41 41 41 41 41 41 41 41 41 41 41 41 41 41 41 41 41 41 41 41 41 41
44 44 44 44 44 44 44 44 44 44 44 44 44 44 44 44 44 44 44 44 44 44 44 44 44 44 44 44 44 44
13 13 3 13 3 13 17 13 13 61 3 3 61 13 3 38 61 3 61 13 61 3 61 61 61
3 25 61 61 3 61 3 61 3 61 61 3 61 61
3 25 3 3 3 3 3 19 3 3 3 3 3 19
3 3 61 17 17 3 3 61 3 41 61 3 3 3 17 3 17 3 61 3 3 17 17 3 3 17 3
13 3 3 3 13 13 23 13 13 3 3 13
3 61 3 13 13 61 13 29 13 13 3 61 61 3 3 13
3 13 61 13 3 13 61 29 13 3 13 3 3 13 61 61
3 13 17 17 19 17 17 3 31 17 17 17 17 17 17 17 31 3
3 3 3 3 3 50 3 21 3 3 3 3 50 36 3 3 3 50 3 3 3 3 3
50 17 13 17 3 17 3 17 35 50 17 3 13 13 3 13 13 17 17 13 3 50
13 13 13 13 23 13 3 3 3 3 3 13
17 61 17 19 21 13 50 17 61 21 50 61 50 31 21 13 50 21
61 13 50 61 13 13 13 50 61 61 25 13 13 50
21 42 13 13 21 13 21 17 13 13 42 22 13 21 13 3 21 21 13 13 21 13 13 13 17 21 13 3
27 27 27 27 27 27 27 27 27 27 27 27 27 27 27
13 3 3 3 13 17 13 3 50 3 50 3 3 3 3 33 13 50 13 13
61 41 61 41 61 41 41 41 61 41 61 41 41 61 41 41 41 49 41 41 41 41 61 41 41 41 41 41 41 61 41 41 41 41 41
3 3 3 61 17 61 61 61 17 3 17 61 61 33 17 17 61 17 17 19
37 3 3 3 3 3 61 3 3 61 61 3 3 3 61 3 3 61 61 3 3 3 61 61
13 3 3 13 3 13 3 13 3 3 3 3 3 41 3 3 3 3 3 3 13 13 3 3 3 3 3
3 61 3 3 3 3 3 27 3 61 61 3 61 3 3
23 3 3 3 3 50 50 3 50 50 50 50
17 3 13 17 3 3 17 23 23 17 17 19
3 3 39 50 24 3 50 61 50 3 50 3 50
21 42 13 13 21 13 21 17 13 13 42 22 13 21 13 3 21 21 13 13 21 13 13 13 17 21 13 3
13 3 17 61 17 61 17 30 3 17 3 61 61 19 17 17 3
50 50 17 50 17 17 50 17 17 17 25 17 50 50
3 61 61 25 61 3 3 61 61 3 61 3 61 61
13 13 23 13 13 3 13 3 3 3 13 3
3 61 3 61 61 39 3 23 3 3 61 39
61 21 3 61 3 3 19 3 61 3 21 63 3 21 21 61 19 19 19 3 3 3 61 3 61 21 13 3 21 3 21 3 19 3 21 3 3 3 3 61 23 3 3 19 61 3 19 3 21
50 13 61 61 61 21 3 13 61 61 61 58 3 13 22 27 13 13 3 50 50 61 13 13 13 3 13 21 50 50 21 3 13 21 13 3 13 21 61 50 21 21 21
34 27 27 27 19 19 27 19 27 27 27 27 27 27 27 19 19 34 34 19 27
61 31 3 3 3 50 61 61 3 3 3 3 61 3 50 50 3 3
21 25 25 25 17 25 21 22 17 22 17 21 25 17
3 61 3 61 3 25 3 61 61 3 61 61 61 61
3 61 13 29 13 13 3 61 13 3 61 61 13 3 13 3
13 50 3 13 61 3 50 50 45 3 61 13 3 50 3 50 3 61 3 13 3 13 61 3 61 61 61 3 61 50 13
17 17 13 43 17 3 13 3 17 19 3 17 17 13 3 13 3 13 3 17 3 17 3 3 3 3 3 3 17
17 61 17 13 17 17 17 61 13 17 17 61 13 61 50 50 34 50 13 13 13
13 13 13 13 13 24 13 13 13 13 13 13 13
13 3 3 3 13 13 17 3 3 17 61 17 3 13 61 29
44 44 44 44 44 44 44 44 44 44 44 44 44 44 44 44 44 44 44 44 44 44 44 44 44 44 44 44 44 44
61 61 61 50 61 61 50 61 61 61 61 61 50 61 61 50 35 50 50 50 61 61
44 44 44 44 44 44 44 44 44 44 48 44 61 44 44 44 44 44 44 44 44 44 44 44 44 44 44 44 61 44 61 61 44 44
41 41 41 41 41 41 41 41 41 41 41 41 41 41 41 41 41 41 41 41 41 41 41 41 41 41 41
13 21 13 13 13 21 35 21 21 21 21 13 13 13 21 13 17 17 13 21 13 21
17 61 61 17 17 61 17 17 17 61 17 23
30 13 13 61 17 13 17 61 13 61 13 61 13 13 13 13 13
44 44 44 44 44 44 44 44 44 44 44 44 44 44 44 44 44 44 44 44 44 44 44 44 44 44 44 44 44 44
3 13 3 61 13 61 3 3 32 61 50 13 13 13 13 3 50 50 61
13 17 21 21 21 22 13 25 21 17 25 25 21 22
50 50 3 50 50 23 3 3 3 3 50 50
23 3 13 3 3 13 13 3 13 13 13 3
13 61 13 50 50 13 13 61 61 61 13 25 50 13
35 3 17 3 17 3 17 3 17 61 3 61 3 61 17 17 3 3 17 3 3 61
17 61 50 37 17 50 50 17 50 50 50 17 61 50 50 50 17 50 61 17 50 61 50 17
61 13 61 41 61 61 61 61 13 61 61 50 61 61 61 13 61 50 61 21 50 13 13 13 61 61 13
61 13 13 13 61 61 13 50 61 50 13 61 50 13 61 61 31 61
3 17 17 17 17 17 17 3 3 3 24 17 3
17 61 61 61 61 17 17 17 17 17 23 17
24 24 24 24 24 24 24 24 24 24 24 24 24
23 23 23 23 23 23 23 23 23 23 23 23
61 3 61 3 61 61 61 50 61 61 3 22 3 27 50
13 3 13 3 3 13 3 13 3 17 3 13 13 3 22 3 3 13 3 3 13 3 13 45 21 3 3 13 3 3 13
13 13 24 13 13 13 17 13 13 13 13 13 17
61 19 3 19 61 19 3 61 19 3 19 61 3 19 61 61 61 3 19 19 35 61
17 17 17 32 13 17 13 19 13 32 17 17 19 17 13 13 17 17 17
3 13 13 3 13 3 13 50 3 3 50 13 27 13 50
61 3 61 61 61 50 50 61 50 3 30 61 3 61 61 3 3
13 17 25 17 17 13 17 17 17 13 13 13 17 13
61 61 61 61 61 25 3 61 3 3 3 61 3 61
3 3 61 61 33 61 61 61 61 61 61 61 22 3 61 3 61 3 61 61
13 13 13 13 13 23 13 13 23 13 13 13
19 13 19 13 19 19 24 13 13 24 19 24 19
61 61 3 3 22 3 61 61 61 29 61 61 3 3 61 61
3 13 17 17 19 17 17 3 31 17 17 17 17 17 17 17 31 3
27 17 50 61 17 17 17 17 61 17 17 61 50 50 61
50 61 17 50 50 17 50 17 31 50 61 61 17 17 17 17 50 61
61 50 3 61 17 3 3 13 17 61 3 61 17 3 61 3 17 61 61 61 61 50 17 3 50 17 17 61 61 13 3 50 61 17 51 3
21 21 21 21 21 21 61 61 61 21 25 21 21 61
17 17 13 13 17 13 17 17 25 17 13 13 13 17
23 23 23 23 23 23 23 23 23 23 23 23
24 24 24 24 24 24 24 24 24 24 24 24 24
17 50 17 17 50 3 50 50 17 17 24 17 17
61 13 13 13 61 50 61 50 50 3 13 13 3 3 13 61 3 32 3
23 23 23 23 23 23 23 23 23 23 23 23
23 23 23 23 23 23 23 23 23 23 23 23
50 3 61 24 61 50 50 61 61 3 3 3 3
61 3 61 61 3 61 61 3 61 3 3 61 61 3 13 61 61 3 61 13 3 61 3 38 3
3 50 61 17 13 3 3 3 17 3 17 61 3 3 17 3 17 3 17 17 3 3 3 3 3 61 50 3 44 50
23 13 23 13 23 23 23 13 13 23 23 23 23 13 13 31 23 23
3 46 61 61 17 17 3 3 61 17 17 22 3 3 17 17 3 17 3 61 17 17 3 61 61 17 17 3 17 3 17 61
27 27 27 27 27 27 27 27 27 27 27 27 27 27 27
17 3 3 24 3 3 17 19 17 13 17 17 17
13 13 13 13 61 13 61 36 13 13 13 13 13 13 13 13 61 3 13 13 13 13 17
3 61 3 25 61 61 61 3 61 3 61 3 61 61
13 13 3 3 23 3 13 13 13 13 3 3
44 44 13 44 61 44 44 44 56 44 44 44 61 44 44 3 50 44 44 44 3 61 44 44 3 44 44 50 44 44 44 44 44 44 44 44 3 3 44 44 44
21 21 61 21 21 25 61 61 21 21 21 61 21 21
19 19 3 3 3 3 19 32 3 19 3 19 3 19 19 3 3 19 3
3 13 61 3 3 3 13 34 61 3 13 3 3 61 13 3 3 61 13 13 3
41 41 41 41 41 41 41 41 41 41 41 41 41 41 41 41 41 41 41 41 41 41 41 41 41 41 41
17 17 17 17 32 13 17 17 32 13 17 13 17 13 13 17 17 17 17
44 44 44 44 44 44 44 44 44 44 44 44 3 44 3 3 44 44 44 13 44 44 56 44 56 44 44 3 44 44 3 3 13 44 3 3 44 44 19 44 44
13 3 3 13 61 13 13 13 61 3 13 13 3 61 61 13 3 13 35 13 13 13
31 3 3 3 3 17 19 3 3 3 17 17 17 17 13 3 17 3
24 24 24 24 24 24 24 24 24 24 24 24 24
17 21 21 17 21 13 13 17 13 34 21 21 34 21 21 17 17 21 17 13 13
50 61 50 3 3 3 61 3 61 24 61 3 50
61 3 3 3 61 3 3 3 3 3 61 61 27 3 3
3 17 3 17 3 31 17 3 17 3 3 3 3 17 17 3 3 17
61 3 3 32 3 3 3 3 61 61 61 3 3 3 61 3 61 61 61
13 3 3 13 29 61 61 13 3 61 3 3 13 13 3 17
17 17 17 17 17 27 17 17 17 17 17 17 17 17 17
19 17 21 13 17 21 61 24 21 21 13 50 50
61 61 3 61 50 3 50 61 61 3 3 3 50 61 61 61 61 3 50 61 61 61 50 17 3 41 3
13 17 17 13 25 13 17 13 17 17 13 17 17 13
13 61 61 61 61 3 3 61 13 61 13 33 3 3 13 3 13 61 13 61
61 3 61 3 61 61 61 25 3 3 61 61 61 3
27 27 27 27 27 27 27 27 27 27 27 27 27 27 27
61 19 61 19 19 19 19 19 61 24 19 19 61
41 13 41 41 41 50 13 53 41 41 41 41 41 41 41 13 41 41 41 41 50 41 41 41 13 41 41 41 41 41 39 41 50 41 13 41 39 13
61 61 13 13 13 27 13 13 13 61 61 61 61 61 61
50 13 13 50 50 50 13 13 50 50 13 50 50 13 29 50
41 41 41 41 50 41 50 41 41 41 41 41 41 41 41 50 41 41 50 41 41 47 41 41 41 50 41 41 41 50 41 41 41
17 17 61 61 17 17 23 61 17 17 61 17
25 61 3 3 61 61 3 3 61 61 61 61 61 3
17 24 3 17 17 17 3 13 17 3 21 17 13
13 3 3 13 50 13 50 3 13 3 13 13 44 3 3 13 61 3 13 13 13 61 3 61 3 61 50 3 13 13
61 23 61 61 61 61 61 61 61 17 61 61
61 61 23 50 61 61 50 61 61 61 61 50
3 17 13 50 13 13 3 3 3 61 50 13 50 61 3 61 61 37 13 3 3 13 3 3
61 3 34 50 61 61 3 50 3 61 61 61 61 3 3 3 61 50 61 3 61
17 17 17 3 21 3 17 21 17 37 21 21 17 37 22 3 17 13 3 21 13 25 17 22
34 27 27 27 19 19 27 19 27 27 27 27 27 27 27 19 19 34 34 19 27
21 21 21 3 21 3 21 3 21 3 21 27 21 3 21
41 44 44 44 2 44 44 41 44 44 41 44 44 44 41 41 44 41 41 44 41 41 41 41 41 44 2 41 41 44 44 44 41 44 41 44 41 44 41 41 44 44 44 41 41 44 41 44 41 44 41 44 44 41 44
23 23 23 23 23 23 23 23 23 23 23 23
3 3 3 3 50 25 3 3 3 3 3 50 50 3
3 50 50 61 61 3 50 3 3 3 61 61 24
13 13 23 13 17 17 17 23 13 17 17 23
27 27 27 27 27 27 27 27 27 27 27 27 27 27 27
44 44 44 44 44 44 44 44 44 44 44 44 44 44 44 44 44 44 44 44 44 44 44 44 44 44 44 44 44 44
3 3 50 50 3 3 50 61 61 3 13 50 3 61 13 3 50 3 13 50 3 3 13 3 3 3 61 13 3 3 46 13
3 13 3 61 3 13 3 61 50 61 21 61 40 13 61 13 61 61 61 50 61 3 13 50 61 61