12 196 299 94 12 12 255 249 196 12 12 94 255 249 196 289 94 196 196 260
342 342 342 273 273 273 342 342 342 342 12 94 94 299 399 12 94 12 12 12 273 273 12 399 94 94 273 342 273 273 342 12
236 94 321 236 94 236 236 236 94 94 94 236 236 12 12 12 12 12 94 236 236
94 12 191 94 94 12 94 12 223 12 12 94 94 94 23 12 128 379 12 23 12 404 12 406 79 402 12 12 12 12 94 12 12 94 12
269 94 196 94 94 196 196 94 196 196 94 269 196 196
12 12 37 12 159 94 12 12 94 110 159 12 56 159 12 342 12 37 94 12 342 94 94 159 12 94 12 12 110 12 12 23 159 342 94 12 12 12 185 12 78 94 94 12 94 94 12 159 23 159 159 12 12 12 94 94 56 12 23 12 37 12 94
301 301 301 301 301 301 301 301 301 301 301 301
196 288 159 159 196 288 196 196 196 196 159 159 159 159 196
46 46 46 46 46 46 46 46 46 46 46 46 46 46 46 46 46 46
301 301 301 301 301 301 301 301 301 301 301 301
159 342 159 159 159 159 159 342 194 342 159 342
116 116 116 116 116 116 116 116 116 116 116 116 116 116 116 116 116 116 116 116
236 236 342 380 269 236 236 269 236 342 236 246 236
301 301 288 273 1 273 273 1 301 273 301 323 301 273 1 288 273 301 301 301
12 94 159 12 196 12 56 12 12 159 79 172 159 212 23 159 196 159 12 128 12 159 12 79 159 94 159 196 110 159 94 23 196 12 12 79 196 342 12 140 196 79 12 159 12 196 12 159 342 196 172 159 342 128 128 12 12 23 159 342 12 159 159 159 12 94 12 159 12 94 159 12
116 116 116 116 116 116 116 116 116 116 116 116 116 116 116 116 116 116 116 116
9 334 9 9 301 334 334 334 9 9 9 9 301 334 334 301 301 301
212 159 12 159 12 12 159 12 212 159 159 159
12 12 12 12 12 12 12 12 12 148 248 12 12 12 12 12 12 12 148
140 94 236 196 151 190 236 273 94 273 236 94 94 94 94 287 273 287 255 190 236 196 94 94 94 227 328 245 271 236 236 151 190 94 140 196 171 151 196 196 273 281 287 196 94 207
37 342 12 342 12 94 356 94 94 94 167 128 94 159 159 159 342 159 167 12 159 167 12 190 12 94 159 342 94 159
94 159 273 273 94 159 167 273 273 273 94 159 159 94 159 273 273 369 159 110 273 273 273 94
12 12 12 342 12 12 342 342 342 342 342 342 12 342 342 342 110 12 342 246 12 12
12 159 94 12 159 159 159 159 236 342 342 159 159 12 94
46 46 46 46 46 46 46 46 46 46 46 46 46 46 46 46 46 46
218 218 79 12 218 12 12 12 12 79 12 12 12
383 196 196 383 383 196 383 383 196 22 196 383 196 196 383 383 383 383 196 383 383 383 383
342 342 342 273 273 273 342 342 342 342 12 94 94 299 399 12 94 12 12 12 342 273 12 399 94 94 273 342 273 273 273 12
196 288 159 159 196 288 196 196 196 196 159 159 159 159 196
301 301 301 301 301 301 301 301 301 301 301 301
159 159 94 159 12 94 94 94 342 159 94 94 110 342 12 94 94 255 342 12 159 159 159 335 94 94
46 195 69 28 46 46 94 51 65 249 28 46 28 51 32 46 46 46 192 46 94 33 33 249 46 46 59 46 28 28 105 167 41 94 28 136 33 46 249 46
246 196 12 12 196 196 196 12 12 196 196 196 246
196 94 151 196 196 151 151 196 285 196 196 94 151 196 151 196
159 159 159 264 159 159 159 159 159 159 159 159 264 159
249 12 159 159 12 159 159 12 12 159 159 227 249 159 249 12
12 12 196 249 12 292 12 196 12 249 196 12 12 196 249 196 12 196 196 196 12 12
12 94 185 12 94 12 94 12 94 94 12 94
159 172 159 0 94 159 159 159 159 94 159 172 159 94 159 159 159 159 159 0 159 94 94 159 159 159 159 159 159 159 159
12 12 94 94 12 342 12 12 94 12 342 12 94 342 94 342 12 12 12 94 260
12 12 12 12 12 207 12 12 12 12 12 12 12 151 12
196 319 12 196 196 196 196 196 218 319 196 218 196 196 196 196 218
299 236 236 299 299 196 299 299 236 196 299 196 236
94 12 249 227 342 94 12 94 342 12 94 249 342 12 12 94 342 249 94
159 159 159 94 159 94 94 94 159 159 94 159 94 236
301 249 12 301 289 301 301 12 249 301 12 23 301 301 249 301 249 349 12 301 301 249 301
236 94 236 236 94 94 94 236 236 236 236 236 292 94 236 94
196 342 196 196 342 342 196 342 196 196 227 196 196
46 46 46 46 46 46 46 46 46 46 46 46 46 46 46 46 46 46
93 46 196 297 46 46 297 86 252 196 74 46 46 93 46 196 46 46 53 86 196 132 46 46 46 282
94 342 12 342 12 255 342 12 249 342 342 94 12 12 94 249 94 342 249 94 342 342 94
28 28 28 28 28 28 28 28 28 28 28 28 28 28 28 28 28
12 12 12 342 342 12 190 12 12 342 342 12 12 12 12
94 94 94 222 159 159 94 159 159 159 159 341 159 236 159 181 159 94 159 2 222 2 94 159 299 159 142 159
301 301 301 301 301 301 301 301 301 301 301 301
301 301 301 301 301 301 301 301 301 301 301 301
94 159 159 94 159 159 236 159 159 94 94 94 94 159
116 116 116 116 116 116 116 116 116 116 116 116 116 116 116 116 116 116 116 116
12 94 12 94 12 94 94 94 94 12 12 185
28 28 28 28 28 28 28 28 28 28 28 28 28 28 28 28 28
94 196 196 94 196 196 94 196 94 196 269 94 196 94 196
196 288 94 196 196 342 196 196 94 342 196 94 94 342 196 94 196 342 94
227 159 12 159 342 196 159 196 342 196 159 12 342 342
128 12 12 94 94 194 128 12 94 56 94 12
116 116 116 116 116 116 116 116 116 116 116 116 116 116 116 116 116 116 116 116
128 380 94 12 218 12 94 12 94 342 94 167 12 12 342
94 342 94 94 342 94 12 94 94 12 260 12 342 12 12 342 12 12 12 12 12
12 159 12 159 12 159 23 12 159 167 12 12 12 159 12 264 12 159
12 12 12 342 12 342 12 12 12 342 12 342 12 190 12
12 273 196 308 273 207 12 273 308 249 273 308 319 308 249 289 56 12 354 12 313
159 159 159 159 342 159 342 342 194 159 159 342
249 94 366 342 159 10 94 110 12 142 342 94 94 227 159 94 366 94 94 79 167 12 12 159 12 94 159 94 12 403 94 94 94 342 148 12 12 292 94 342 342 142 94 249
334 334 334 334 94 94 368 94 94 334 334 334 334 334 94 334 94 334 334
94 94 12 12 94 12 196 12 94 249 94 249 12 94 249
12 94 159 94 12 159 159 159 94 94 12 94 12 276 94 12 159 159 159
196 172 12 159 196 159 248 12 37 248 12 159 12 12
301 301 301 301 301 301 301 301 301 301 301 301
159 159 159 12 12 159 12 159 159 12 212 159 12
301 301 301 159 301 159 159 360 159 301 159 301 301 301 360 159 301 301
46 46 46 46 46 46 46 46 46 46 46 46 46 46 46 46 46 46
249 249 185 185 159 249 159 167 159 185 159 12 159 159 159 159 159 348 159 159 159 159 159 159 190 159
159 301 301 366 305 342 12 125 342 196 12 249 303 159 12 301 23 301 12 342 12 94 196 159 12 342 196 342 12 94 342 196 167 12 94 289 196 23 12 23 342 301 94 196 159 110 342 159 159 371 12 301 196 301 94 342 23 94 305 249 403
196 172 12 159 196 159 248 12 37 248 12 159 12 12
116 116 116 116 116 116 116 116 116 116 116 116 116 116 116 116 116 116 116 116
116 116 116 116 116 116 116 116 116 116 116 116 116 116 116 116 116 116 116 116
236 236 299 299 196 299 299 236 196 299 299 196 236
159 172 159 12 12 159 37 12 159 218 159 218
249 236 142 236 94 303 236 94 236 236 249 236 249 94 236 94 94 246 246
334 371 334 371 371 371 371 334 273 371 371 334 371 273 371
94 185 12 12 94 12 94 94 12 94 12 94
236 236 299 299 196 299 299 236 196 299 299 196 236
12 94 94 12 12 12 94 12 94 185 94 94
159 248 94 194 194 159 194 94 248 248 248 94
342 12 269 236 12 236 236 269 236 288 236 342 342 236 342 269
342 196 229 342 342 229 196 229 229 260 229 229 229 342
94 94 94 12 185 94 94 12 94 12 12 12
301 301 301 301 301 301 301 301 301 301 301 301
342 12 249 342 12 94 249 342 12 342 342 94 12 12 342 12 342 342 94 12 249 342 249 94 94 342 94 342 403 313 12 249 12 12
79 159 159 159 79 159 159 159 229 172 159 159 308 79 12 172 159 56 159 159
116 116 46 127 46 116 46 46 116 46 46 70 116 116 116 46 203 203 203 203 116 116 46 116 203 203 140 116 85 203 46
116 116 116 116 12 116 116 342 116 94 116 116 342 116 116 12 94 137 116 12 116 116 116 116 116 116 116
366 342 299 265 342 299 299 244 342 94 236 342 12 12 196 398 342 12 342 300 299 196 94 244 441 433 113 94 196 12
336 396 273 196 196 273 371 154 464 371 273 465 159 476 450 371 273 477 371 273 273 371 273 124 336 273 273 334 371 273 371 363 154 273 159 196
12 94 12 94 94 94 12 151 12 12 94 12 12 94 12 229
196 12 196 94 12 12 12 295 94 196 196 196 295 196 94 94 94 196
46 46 124 196 146 107 146 46 273 62 375 196 273 68 124 273 46 196 46 68 46 62 196 46 283 107 146
12 12 12 12 94 218 218 94 167 12 94 167 12
196 196 159 159 264 196 159 196 159 347 159 196 196 159 159 159 159 196 196 159 159 159
94 236 342 159 342 159 12 172 212 159 12 159 12 172 159 159 342 2 159 159 159 222 159 94 159 12 94 342 207 222 12 12 207 12 159 159
196 196 196 94 94 196 94 196 196 94 94 269 196 196 94
28 28 28 28 28 28 28 28 28 28 28 28 28 28 28 28 28
12 94 94 12 12 94 12 94 12 229 12 12 94 12 94 12 12
159 159 159 159 342 342 159 159 159 159 159 159 159 342 285 342 159 159 159
227 342 196 196 196 196 196 342 196 196 196 342 342
273 341 273 341 341 273 273 341 341 273 273 341 341 341
342 342 159 342 403 342 342 342 342 249 249 342 342 342 342
116 116 116 116 116 116 116 116 116 116 116 116 116 116 116 116 116 116 116 116
94 94 94 236 94 236 236 236 236 236 236 94 236 292 94 236
342 236 181 94 342 94 342 342 142 94 342 342 342 342 342 342 342 342 142
236 236 299 299 196 299 299 236 196 299 299 196 236
159 236 236 159 159 236 159 342 159 236 305 159 236 236 159 159 159 167 236 374 167 159 243 342 342 159 366
46 46 46 46 46 46 46 46 46 46 46 46 46 46 46 46 46 46
28 116 116 46 28 46 365 28 28 28 361 180 273 301 28 159 180 155 46 98 365 163 273 116 401 206 116 160 425 163 28 392 365 116 327 312 201 39 201 28 420 301 28 116 28 46 370 312 116 232 456 201 184 28 163 159 437 163 28 158 254 365 69 28 273
12 342 342 167 12 342 342 12 342 342 12 12 342 342
12 159 159 159 12 159 12 159 12 159 12 212 159
159 342 159 342 159 342 159 342 159 194 159 159
94 159 159 94 159 159 305 159 94 159 159 159 159 159 94 159 159 159 159 94 94
301 196 301 61 305 196 194 301 305 301 301 128 196 196 248 273 273 248 94 301 196 196 159 301 301 196 301 196 196 94 61 196
151 12 342 12 366 23 12 12 12 12 12 354 94 12 94 12 12 23 190 12 12 12 37 12 342 94 342 94 12 12 94 12 12 12
301 301 301 301 301 301 301 301 301 301 301 301
159 12 289 249 23 159 159 159 159 159 12 159 229 12 12 249
342 12 222 23 12 12 12 12 342 342 342 110 342 12 366 342 12 12
159 167 159 94 159 308 94 94 159 159 159 159 159 159 159 94 110 159 94 159 159
94 212 128 94 128 94 94 94 94 94 94 212
94 181 94 236 249 159 305 159 249 159 94 94 159 12 212 181 12 299 249 181
159 159 159 159 159 159 264 159 159 159 159 159 159 159 159
94 94 94 222 159 159 94 159 159 159 159 341 159 236 159 181 159 94 159 2 222 2 94 159 299 159 142 159
383 383 383 383 383 383 383 383 383 383 383 383 383 383 383
264 159 236 264 159 159 236 326 159 264 264 159 159 236 159 159 264 264
196 196 196 94 222 196 196 142 142 94 94 196 292 342 342 292 342
248 12 249 249 12 12 12 12 12 342 12 342 12 342 12 12 12 342 249 12 12 12 12
159 194 342 159 159 342 159 342 159 159 342 159
196 159 273 196 273 273 248 194 196 194 273 273
403 196 212 196 249 249 196 212 196 227 196 212
301 301 301 301 301 301 301 301 301 301 301 301
273 236 236 236 273 273 273 273 236 94 94 236
94 159 379 12 159 94 12 181 94 342 159 12 37 249 94 94 218 94 212 212 289 289 23 159 94 110 159 159 249 94 159 12 94 249 12
342 273 273 273 342 292 273 273 342 273 273 273 273 292
236 236 236 159 44 159 159 301 301 159 159 236 236 301 301 301 159 159 301 301 236 301 159 301 167 236 301 159 159 159 159 243 301 236 159
12 94 185 12 12 12 12 342 342 12 12 12 94
159 159 249 249 194 159 159 207 342 159 159 249 342 342
159 94 159 159 110 159 94 94 167 12 94 159 159 285 12 94 37 12 12
56 12 236 236 269 236 379 236 12 159 159 12 12 159 23 236 236 128 12 12 159 236 159 151 151 159 159 236 12
196 94 12 12 196 12 342 94 94 23 23 12 342 196 94 12 12 342 342 94 196 342 94 12 12 12 342 12 342 12 12 196 196 342 196 374 196 12
383 383 383 383 383 383 383 383 383 383 383 383 383 383 383
342 12 94 94 342 94 94 342 94 94 212 12 12 12 342 12
301 301 301 301 301 301 301 301 301 301 301 301
249 12 304 94 196 194 352 12 198 248 251 12 23 273 273 251 248 196 167 12 94 304 97
185 12 94 12 12 94 94 94 12 94 12 94
383 383 383 383 383 383 383 383 383 383 383 383 383 383 383
94 342 159 342 23 159 12 12 94 12 196 342 12 196 159 342 159 12 159 94 94 342 94 12 12 159 12 94 342 109 94 159 12 159 94 12 196 12 12 159 110 94 23 159 94 159 196 110 94 342 196 12 12 94 196 94 159 12 196 12 12 159 196 342 94 159 94 94 12
94 94 94 94 94 94 94 207 94 94 94 94 94
94 159 342 159 94 94 342 273 159 12 159 12 159 12 94 94 342 12 94 94 94 360 342 12 94 12 229 12 94 12 12
342 236 264 236 236 236 342 236 342 342 236 236 236 236
46 342 46 138 342 46 167 489 187 46 46 453 94 178 176 301 301 134 46 178 46 94 273 92 46 342 46 469 436 46 301 273 126 46 94 141 301 327 46 301 46 327 210 46 94 273 83 83 157 436 301 118 46 449 301 121 83 11 94 94 280 46 108 46
12 12 94 94 185 12 94 12 12 94 94 94
46 46 46 46 46 46 46 46 46 46 46 46 46 46 46 46 46 46
116 116 46 127 46 116 46 46 116 46 46 70 116 116 116 46 203 203 203 203 116 116 46 116 203 203 140 116 85 203 46
301 301 329 12 301 301 301 12 301 12 301 301 12 12 301 301 301
243 12 23 236 281 12 12 12 236 236 236 236 236 236 236
337 397 273 196 196 273 371 153 466 371 273 467 159 94 482 451 371 273 483 371 273 273 371 273 133 337 273 273 334 468 371 273 371 378 165 273 159 196
159 207 12 196 159 159 159 12 159 159 12 159 159 159 196 159 181 159 207 12 196 12 196 196 159 159 196 369
342 342 342 342 342 342 342 342 342 342 342 342 342 342 342 342 181
159 159 159 342 342 159 342 194 159 159 159 342
342 342 342 37 196 12 12 342 12 342 342 12 342 342 342 342 12
394 348 327 394 273 360 327 394 293 301 301 327 394 394 273 273 394
94 94 94 159 159 94 159 159 159 236 159 94 159 94
94 142 181 94 236 236 159 236 159 159 159 94
236 12 12 248 236 285 12 236 94 236 236 248 285 236
159 12 159 12 159 212 12 12 159 159 159 159 12
383 383 383 383 383 383 383 383 383 383 383 383 383 383 383
46 46 46 46 46 94 46 46 46 46 46 46 94 94 46 46 94 46 46 81 94 46 46 94
301 301 301 342 321 301 301 342 321 301 301 301 342 301 301
334 273 273 196 273 196 334 334 196 341 273 334 12 196 273 56 334 196 273 273 196 334 334 273 334 334 196 85 196 285 273 334 12 334 12 12
94 196 196 94 342 94 196 94 196 196 196 94 196 342 94 342 342 196 288
334 371 334 371 371 371 371 334 273 371 371 334 371 273 371
28 28 28 28 28 28 28 28 28 28 28 28 28 28 28 28 28
116 116 116 116 116 116 116 116 116 116 116 116 116 116 116 116 116 116 116 116
196 249 249 196 249 196 196 196 196 196 196 212
273 196 273 196 196 273 273 273 196 273 273 352 196 273 196 196 273 196 273
301 301 301 301 301 301 301 301 301 301 301 301
12 159 159 293 159 159 159 159 12 159 159 159 212 159 12 159 159 159 12
301 301 301 301 301 301 301 301 301 301 301 301
46 31 28 150 46 84 47 28 46 159 28 84 193 66 199 90 71 46 46 199 46 412 28 320 46 28 28 46 75 193 71 46 159 46 49
94 342 222 159 159 246 342 246 159 94 159 94 246
94 281 159 159 94 23 94 12 159 159 159 110 12 159 94 12 12 94 159
12 342 342 342 12 12 342 12 12 12 12 218 12 342 342 12 12 342 342
249 94 94 94 94 12 12 12 249 196 249 94 12 94 12
301 301 301 301 301 301 301 301 301 301 301 301
12 12 94 94 94 94 342 12 94 12 12 255 12 94 185 94 12 342
248 159 159 159 159 248 159 159 159 159 248 248
94 12 12 94 94 12 94 190 12 110 23 94
12 12 159 344 159 380 12 12 12 181 148 367 159 12 12 12 159 12 342 12 12 12 12 12 24 12 12 159 12 13 237 12 159
190 94 94 190 190 110 159 190 94 94 159 342 342 285 366 94 94 342 190
159 159 308 374 196 196 172 246 236 196 196 196 236 236 196 159 196 236 236 159 236 236 159 196
212 159 12 159 12 12 159 12 212 159 159 159
222 269 159 222 12 12 12 159 222 94 12 94 159 12 159 94
94 159 94 12 94 159 159 15 12 94 142 159 94 94 94 38 377 94 342 96 159 159 143 94 342 94 96 159 342 12 94 94 94 159
94 303 342 366 94 342 366 196 342 196 342 342 196 196 94 94 94 342 196 94 196 196 196
94 159 159 94 12 94 12 276 159 12 94 159 94 12 159 185 159 159
94 12 94 12 94 94 94 94 185 12 12 12
151 12 213 94 94 12 12 12 12 94 12 12 223 12 12 12 94 94 403 12 159 94 12 379 159 91 194 12 159 151 159 12 159 12 12 12 12 12 342 12 406 12 79 12 249 12 151 12 404 159 12 94 12 249 12 94 159 12
383 383 383 383 383 383 383 383 383 383 383 383 383 383 383
12 94 12 94 12 12 12 12 94 12 12 94 94 94 273 12 12 12 12 12 12 12
28 28 28 28 28 28 236 28 236 236 236 28 28 236 28 236 28 28 28 28 236 89 236 28 28 236
301 301 301 301 301 301 301 301 301 301 301 301
12 159 159 12 249 12 159 12 249 159 159 159 249 159 159 12 159 12 12 12 159 159 159 329 159 12 12 159
301 301 301 301 301 301 301 301 301 301 301 301
159 12 12 159 159 212 212 12 159 159 12 159
12 196 159 277 196 273 159 273 167 298 196 159 273 196 273 273 230 159 159 488 196 159 159 159 274 196 159 159 196 23 298 277 212 159 298 12 273 196 159 101 273 159 175 12
159 159 159 159 260 159 159 159 260 159 260 159 159
159 249 159 342 159 159 159 159 342 249 293 366 159 159 159 159 342 159 167 159 181
12 94 27 12 94 159 12 94 96 159 159 94 159 288 452 96 452 159 12
342 342 12 342 12 12 342 172 12 249 249 12 289 366 249
239 159 236 159 159 229 229 12 229 12 229 94 196 159 159 94 159 236 94 236 384 72 159 434 432 342 159 306 403 342 159 12 229 236 94 306 94 12 12 229 159 342 292
12 94 342 94 94 12 94 12 342 190 110 94 12 12 12 56 94 12 342 342 94 94 128 308 94 12
151 159 12 12 159 12 342 342 23 342 342 342 159 12 159 159 159 342 12 12 342 12 342 327 12 23 12 12 159 12
222 334 398 334 334 334 334 334 398 196 196 222 196 334 365 334 398 222 334
366 366 236 236 349 342 236 342 236 342 366 236 342 94 94 94 269 342 236 94 342 236 366 94 110 342 236
236 366 342 342 236 236 236 366 342 236 342 342 342 301 342 342 236 236 342 236 236 342
249 94 342 342 342 94 94 249 181 94 249 94 94 342
46 46 46 46 46 46 46 46 46 46 46 46 46 46 46 46 46 46
12 196 12 12 12 196 12 12 285 12 12 196 12 196 196 196 12 196 196
373 94 94 159 181 12 159 159 94 94 181 159 94 159 159 94 12 94 94 94 94 12 12 94 159 159 94 159 159 159 56 159
246 196 246 12 196 196 196 12 12 196 196 196 12
12 159 342 12 159 159 12 342 12 249 12 249 12 159 159 12 12 342 342 12 249 342 303 159 159 342 342 342 12
94 342 94 12 212 94 12 94 94 342 342 12 12 212
46 46 46 159 159 46 46 46 46 46 91 46 46 159 46 46 46 46 46 159 46 91 159 159
196 342 196 196 342 196 342 196 227 196 342 196 196
28 28 28 28 28 28 28 28 28 28 28 28 28 28 28 28 28
46 46 46 46 46 46 46 46 46 46 46 46 46 46 46 46 46 46
94 94 12 94 94 94 12 12 94 185 12 12
94 159 159 313 94 159 159 142 159 94 159 94 159 172 159 159 94 172 159 159 159
301 301 301 301 301 301 301 301 301 301 301 301
196 94 196 196 94 269 94 196 196 196 94 196 94 196 94
236 236 159 23 236 12 159 12 236 159 236 12 159 159 236 236 236 236 236 5 236 167 236 236 159 236 236 236 12 236 236
403 142 249 12 12 94 142 212 94 12 142 12 249 12 94
301 301 301 301 301 301 301 301 301 301 301 301
301 94 94 301 94 301 94 301 347 301 301 301 301 94 301 347 301
301 301 301 301 301 301 301 301 301 301 301 301
12 342 196 366 229 12 229 229 342 12 342 229 229 229 293 23 229 196 12
94 12 12 94 94 94 94 12 12 110 12 12 12 249 248 12 249 12 289 12
142 172 151 249 151 159 249 285 151 167 159 249 159 159 159 159 181 342 94
94 94 94 94 12 342 12 12 342 342 94 94 12 12 342 212
159 159 159 196 196 288 159 196 196 196 159 288 196 196 159
35 301 301 301 301 301 301 301 301 301 301 305 301 94 301 94 94 301 94 301 305 301 301 301 301 94 308 301 94
46 46 46 159 159 46 46 46 46 46 91 46 46 159 46 46 46 46 46 159 46 91 159 159
159 305 305 236 236 159 236 236 159 159 236 159 236 236 159 236
28 28 28 28 28 28 28 28 28 28 28 28 28 28 28 28 28
246 196 12 196 196 196 196 12 12 196 12 196 196 12
128 218 94 94 12 128 12 94 12 94 94 12 128 94
159 159 12 12 159 159 159 159 212 12 12 212
194 12 128 94 94 94 12 128 12 12 94 56
94 94 94 94 94 94 94 94 207 94 207 94
94 12 94 94 12 12 94 94 94 12 12 185
94 94 94 94 94 94 159 94 364 159 94 94 12 12 94 94 94 94 159 94 94 94 12 94 12 159 94 159 159 167 23
301 301 301 301 301 301 301 301 301 301 301 301
301 301 301 159 301 159 301 159 159 301 159 301 360 360 159 301 301 301
181 236 159 159 236 369 236 159 269 236 159 159 159 167 236 236 159 236 159 236 181 159 159 181
273 236 273 236 273 273 273 236 94 94 236 236
159 212 12 159 12 159 159 12 159 12 159 12 159
116 116 116 116 116 116 116 116 116 116 116 116 116 116 116 116 116 116 116 116
338 196 362 419 182 182 222 273 196 94 338 286 379 329 329 273 196 273 379
46 46 46 94 159 46 46 94 46 94 46 94 46 46 46 50 46 46 159 46 46 159 94 159 159 46 167 46 94 159 123
12 159 159 159 12 342 342 342 12 159 159 342 243 159 159 12 12
9 196 196 334 45 301 196 9 9 45 229 334 334 45 334 334 313 301 334 9 196 301 196 313
12 12 110 342 342 236 236 12 236 236 342 236 243 12 342 342 236 236 313 342 236 366
94 273 313 94 313 273 94 313 273 273 273 273 273 273 94
273 341 273 341 341 273 273 341 341 273 273 341 341 341
12 12 342 342 12 12 12 342 12 194 23 342 12 23 12
159 159 159 264 159 159 159 159 159 159 159 159 264 159
12 159 196 23 285 12 12 196 204 159 285 196 313 196 196 159 12 159 159
196 12 196 94 12 12 12 295 94 196 196 196 295 196 94 94 94 196
12 12 94 94 229 94 12 12 12 12 12 94 94 12 94 12 12
212 236 236 12 159 159 159 181 196 159 151 196 159 12 159 196 196 236 236 196 128 196 236 236 159 159 29 29 159 236 236 159 196 12
342 342 342 342 366 249 342 342 249 249 342 342 167 342 366 342
289 212 342 94 94 94 94 23 380 94 342 380 94 110 249
342 342 301 342 301 94 301 301 301 301 342 371 301 342 94 94 342 301 303 366 94 342 301 94 301 94
12 159 159 12 12 159 159 212 159 159 12 159 12
159 248 28 395 85 48 28 34 159 28 85 196 48 99 91 132 28 91 196 294 28 357 28 48 196 99
159 159 12 212 159 12 12 12 159 159 159 159 12
116 116 116 365 116 273 273 164 273 365 273 164 116 116 273 273 273 164 116 116 164 189 116 365 273 116 164 116 164 164 273 365 164 365 273
46 46 46 46 46 46 46 46 46 46 46 46 46 46 46 46 46 46
366 236 335 159 342 342 342 366 264 342 342 342 342 264 342 264 342 342 236 342 264 342 264 264 342 342 236
12 342 196 342 249 12 12 12 249 12 196 12 12 12 335 12 403 196 12 12 196 12 196 342 196 12 196 196 12 12
12 342 12 12 12 12 342 342 12 12 218 12 12 342 342 12 342 342 342
159 159 172 196 12 196 159 196 196 172 196 342 335 12 403 342 159 12 196 196 12 342 159 12 196
301 301 301 301 301 301 301 301 301 301 301 301
299 236 236 196 299 299 236 299 236 299 196 196 299
273 236 386 273 243 94 236 249 79 236 249 273 94 94 236 94 273 12 236 236 303 236 273 77 236 303 236 94 12 94 236 236 236 236 243 273 273 236 236 314
403 94 94 110 342 94 248 94 342 366 94 94 128 94 94 94 128
159 159 159 159 159 194 342 342 159 342 342 159
94 94 207 94 94 94 94 94 94 94 94 94 94
159 94 94 94 94 185 159 94 255 185 12 185 94 159 185
94 196 196 12 12 222 196 196 342 342 12 342 342 285 196 196 222 94
159 159 159 159 159 159 159 159 159 159 159 159 159 264 159
196 196 159 196 196 159 288 196 159 196 159 288 159 159 196
12 196 196 12 12 196 196 196 196 12 196 12 196 246
12 249 12 94 12 94 342 342 94 94 94 12 94 249 94 12 94 94 94 12 12 94 94 94 354 94 249 12 342 12 255 342 94 94
292 159 292 94 159 94 94 94 159 94 159 94 159 94 159 94 94 94
342 342 94 94 94 342 94 12 12 94 12 94 212 342 12 12
196 196 159 159 288 196 196 159 159 196 196 159 288 159 196
301 301 301 301 301 301 301 301 301 301 301 301
159 12 12 159 159 212 212 12 159 159 12 159
159 159 12 159 159 12 37 12 159 12 159 94 12 94 12 342 151 94 12 42 342 12 12 94 159 12 159 94 159 12 12 12 342 37 12 12 12 12 12 110 12 181 159 12 342 159 12 342 366 12 94 159 12 212 342 23
32 248 28 435 67 159 36 28 159 28 67 159 196 36 100 159 50 100 159 28 159 50 196 159 28 309 28 36 196 133
352 264 243 243 403 196 264 227 196 249 196 196 196 249 196 94 196 196 196 196 196 94
28 28 28 28 28 28 28 28 28 28 28 28 28 28 28 28 28
46 46 46 46 46 46 46 46 46 46 46 46 46 46 46 46 46 46
12 342 12 342 342 12 342 342 12 342 342 167 12 342
159 159 159 196 196 288 159 196 196 196 159 288 196 196 159
159 172 159 0 94 159 159 159 159 159 159 172 159 94 159 159 159 159 159 0 159 94 94 159 159 159 159 159 159 159 94
301 301 301 94 301 94 301 301 94 301 301 301 347 94 94 301 94 301
94 94 94 94 94 342 342 94 94 94 342 94 366 243 110 94 94
94 94 94 185 342 366 342 159 243 246 342 301 159 342 342 342 342 185 12 342 342 269
301 301 301 301 301 301 301 301 301 301 301 301
12 94 260 94 94 12 190 12 94 94 37 94 94 128 94 94 94
273 342 273 342 342 292 273 342 273 273 273 273 273 273 273
12 12 12 159 12 159 159 159 12 159 212 159 159
159 288 288 159 196 159 159 196 196 196 159 159 196 196 196
236 79 12 79 236 295 12 249 236 249 236 79 236 236 249 79 236 236 236
383 383 383 383 383 383 383 383 383 383 383 383 383 383 383
196 196 269 196 94 269 196 196 94 196 94 196 94 94
319 94 273 273 94 94 94 94 273 273 273 273 273 94 273 273 273
301 301 301 301 301 301 301 301 301 301 301 301
301 301 301 301 301 301 301 301 301 301 301 301
273 296 419 182 182 273 319 94 329 286 329 273 273 273 329
159 159 342 342 159 159 159 194 159 342 159 342
12 342 12 12 94 212 94 342 94 94 94 94 342 12 342 12
159 94 159 94 159 94 159 94 236 94 159 159 159 94
94 94 12 94 12 185 94 12 12 94 94 12
382 236 159 299 236 236 382 236 236 159 236 236 236 236 236 236 159 236 236 236 299 159
94 23 12 159 12 308 167 159 94 12 94 12 12 159 159 37 159 12 94 159 94 12 94 12
159 196 196 196 342 342 159 159 196 196 159 342 196 159 159 301 196 159 196 342
28 28 28 28 28 28 28 28 28 28 28 28 28 28 28 28 28
151 20 23 94 159 342 94 159 172 243 159 159 94 159 342 94 12 94 159 12 159 342 159 94 342 342 159 12 342 94 128 23 380 159 159 94 159 12 110 12 12 342 167 94 342 94
94 12 12 12 94 12 12 12 94 94 12 12 94 12 12 94 229
196 159 196 342 342 12 196 342 159 12 227 159 159 342
334 371 334 371 371 371 371 334 273 371 371 334 371 273 371
94 342 94 276 94 342 12 12 403 94 403 12 342 342 342 342 12 94 94 342 342 12 342 249 342
196 218 12 281 196 94 94 218 218 196 196 94 94 281 94
236 236 299 299 196 299 299 236 196 299 299 196 236
338 46 340 159 46 87 222 248 353 355 196 119 46 46 393 159 338 106 159 393 338 196 46 46 46 166 273 273 46 428 159 159 338 273 457 46 46 55 46 196 159 273 424 273 290 242 273 273 358 333 196 117 196 420 46 273 340 340 196 46
292 236 236 94 292 292 159 292 292 264 236 94 264
159 12 159 159 148 159 292 292 94 94 79 142 94 142 227 159 12
159 159 159 159 159 285 159 159 342 159 159 342 159 159 159 342 342 159 159
342 159 159 159 159 342 159 159 159 342 342 194
342 159 26 159 12 159 12 345 342 364 159 403 342 25 248 159 342 342 249 343 249 256 248 249 159 249 111 342 159 159 111
334 334 334 196 334 196 196 334 196 334 390 334 334 196 334 334 390 334 196 196
159 94 222 94 12 12 222 269 159 12 159 94 222 12 12 159
196 94 94 94 196 94 196 94 94 269 196 196 196 196 196
159 159 159 342 167 204 342 196 342 196 159 196 159 159 196 303 342 196 196 196
292 236 236 94 292 292 159 292 292 264 236 94 264
159 159 159 159 159 159 159 159 159 159 159 159 159 264 159
159 12 159 159 94 12 12 159 94 12 276 94 94 159 12 159 94 94 159
94 190 190 159 260 94 159 190 94 94 94 94 190 94 190
159 288 288 159 196 159 159 196 196 196 159 159 196 196 196
273 273 273 273 273 273 273 273 273 273 276 273 273 273 273 273 273 273 276 383 273
12 273 313 167 12 334 273 94 334 273 273 273 273 273 94 273 167
365 365 365 365 365 365 365 365 365 365 365 365 365 365
342 94 94 204 94 342 342 342 79 94 94 94 23 249 249
301 301 301 301 301 301 301 301 301 301 301 301
295 289 196 159 288 204 249 196 196 159 196 159 196 249 196 159 159 159
342 342 222 342 342 159 159 342 159 159 159 342 342 159 159 342
301 301 342 301 342 301 301 301 301 342 301 301 321 301 301 342
334 371 334 371 371 371 371 334 273 371 371 334 371 273 371
159 12 159 212 159 12 12 159 159 159 12 12 159
301 301 301 301 301 301 301 301 301 301 301 301
94 94 12 12 12 94 94 12 94 185 94 12
342 196 12 301 196 301 196 273 342 350 301 301 342 3 246 12 12 196 302 255 7 12 403 204 7 94 342 3 94 273 115 366 479 273 292 308 310 255 301 257 342
116 116 46 127 46 116 46 46 116 46 46 70 116 116 116 46 203 203 203 203 116 116 46 116 203 203 140 116 85 203 46
371 94 379 365 94 365 365 365 218 371 142 94 365 371 371 365 0 142 365 365
301 301 301 301 301 301 301 301 301 301 301 301
12 94 94 12 12 94 12 142 94 142 94 94 94 56 94 269 94 94
194 159 342 159 342 159 159 342 159 159 159 342
194 12 12 12 12 12 12 12 194 128 12 128
248 159 159 159 159 248 159 159 159 159 248 248
342 159 342 222 342 342 342 159 159 159 159 342 342 159 159 342
196 196 196 342 342 196 196 196 227 196 342 342 196
94 94 207 94 94 94 94 94 94 207 94 94
364 218 273 273 159 273 159 273 159 273 273 218 218 159 273 218 218 273 273 273
46 46 46 46 46 46 46 46 46 46 46 46 46 46 46 46 46 46
94 12 159 229 159 79 159 12 348 12 159 94 12 94 94 79 79 94 12 12 159 12 23 159 23 94 12 12 12
218 12 218 365 159 365 218 12 12 159 236 236 218 236 159 236 236 236 236 12 236 159
94 94 207 94 94 94 94 94 94 94 94 94 94
301 301 301 301 301 301 301 301 301 301 301 301
12 212 212 12 12 159 159 159 159 159 12 159
273 236 236 236 273 273 273 273 236 94 94 236
94 94 366 342 94 12 12 110 12 12 305 342 12 94 94 342 12 12 94 12 94 94 94 12 94 94 12
196 196 12 204 196 196 196 196 196 12 248 12 12 23
342 159 159 12 342 342 159 212 12 159 342 159 159 342 79 159 342 159 159 366 329 159 159 181 342 212
330 273 43 6 196 273 80 387 301 301 301 80 339 273 260 273 273 210 196 307 301 273 182 387 182 301 16 156 273 273 273 196 247 446 247 236 356 236 236 408 420 196 273 324 419 236 63 94 421 367 236 376 273 273 159
301 301 301 301 301 301 301 301 301 301 301 301
94 94 94 23 159 12 12 342 167 18 167 94 94 12 94 94 159 159 159 292 12 159 110 159 94 94 159 12 12 94 12 94 342 12 159 12 94 159 194 94 342 94 94 159
301 301 301 342 321 301 301 342 321 301 301 301 342 301 301
301 301 301 301 301 301 301 301 301 301 301 301
301 301 301 301 301 301 301 301 301 301 301 301
12 12 12 185 94 94 94 94 12 94 12 94
301 301 94 301 94 347 301 94 301 301 301 94 301 301 94 94 301 301
264 12 264 264 342 249 94 159 159 342 159 12 159 12 159 12 236 383 249 12 264 12 264 159 12 159 12 236 236 249 159 264 94
94 94 94 94 342 159 342 159 159 94 159 342 264 342 159 159 159 94
159 273 273 273 335 273 273 159 273 159 167 273 273 159 273 159 159 276
218 12 218 365 159 365 218 12 12 159 236 236 218 236 159 236 236 236 236 12 236 159
196 246 196 196 196 196 196 12 196 12 12 12 12 196
196 196 196 196 342 342 196 196 196 196 342 342 227
243 196 243 185 372 159 159 159 159 196 12 196 196 151 159 260 185 243 260 181 243 196 264
196 94 196 196 94 269 196 196 269 196 94 94 196 94
159 94 94 159 94 159 94 94 159 236 159 94 159 159
12 94 159 12 12 94 23 185 264 249 289 94 12 229 12 159 12 159 314 194 342 110 159 190 94 159 159 212 366 159 159 110 12 12 159 2 12 12
288 196 249 342 94 196 249 94 342 94 255 342 249 342 255 196 196 196 255
159 159 94 236 94 159 94 159 94 159 159 94 159 94
301 301 301 301 301 301 301 301 301 301 301 301
281 12 12 23 12 243 236 236 12 236 236 236 236 236 236
301 301 301 301 301 301 301 301 301 301 301 301
116 116 116 116 116 116 116 116 116 116 116 116 116 116 116 116 116 116 116 116
383 383 383 342 399 342 383 342 383 383 383 383 383 342 383 383 383 383 383
46 46 46 46 46 46 46 46 46 46 46 46 46 46 46 46 46 46
196 128 196 403 110 196 342 196 196 342 94 196 366 342 94 342 196 196 342 342 94 128 308
94 94 342 342 342 342 94 94 94 342 342 342 342 366 227 342 110 342 342
236 12 12 248 236 285 12 236 94 236 236 248 285 236
185 94 94 12 94 12 94 12 12 94 94 12
94 94 159 94 159 94 159 94 159 236 159 159 159 94
308 94 301 301 301 94 94 196 301 301 94 207 301 196 94 301 94 301 196 196 196 301 207 301 196 0
159 46 46 284 28 470 159 211 28 490 196 318 196 273 273 159 301 460 273 28 318 46 273 186 273 273 159 416 196 196 273 147 28 241 161 472 459 273 492 273 273 273 327 275 28 405 273 46 159 196 46 179 442 28 301 391 46 159 273 273 196 188 159 196 82 46 486 485 273 159 487 196 429 177 159 385 64 273 145 273 273 273 273 273
196 94 94 196 94 196 196 196 94 196 196 196 94 269 94
159 12 159 159 12 249 159 249 12 196 12 260 196 12 249 12 12 196
342 12 196 196 159 249 159 249 15 159 386 94 12 346 249 94 159 346 288 94 249 114 197 342 159 12 15 94 196 196 197 196 159 463 250 94
288 196 196 159 196 196 159 196 196 159 159 196 159 159 196 159
273 273 285 249 273 249 273 273 273 273 273 273 273 249
12 236 12 94 293 236 94 12 236 248 159 236 299 94 327 236 142 236 12
46 46 46 46 46 46 46 46 46 46 46 46 46 46 46 46 46 46
46 46 46 46 46 46 46 46 46 46 46 46 46 46 46 46 46 46
342 273 12 273 12 321 273 342 12 273 273 273 273 342 273 12 273 12 342 273
12 12 12 326 12 249 148 12 12 12 94 12 12 12 342 94 493 94 12 249 249 12 12 342 12 12 12 342 342 94 94 94 148
249 12 94 12 94 94 12 12 94 94 12 249 94 269 94 94 94 94 249 94 94
159 243 185 12 94 142 236 403 94 12 342 12 120 23 12 12 12 12 94 159 12 249 12 249 12 12 12 142 12 249 142 227 12 94 94 12 94 249 12 94 12 249 12 23 342 249 342 94 273 12 12 12 12 12 342 94 12 229 12 94 12 207 12 12 227 12 249 249 12 56 403 342
342 224 131 172 196 94 196 342 94 174 94 196 94 196 172 196 379 342 152 94 196 461 94 224 151 196 94 196 461
196 301 196 301 301 371 301 301 301 301 371 196 196 196 301 196 301 301 196
159 342 342 159 342 194 159 159 342 159 159 159
94 94 342 94 12 212 94 12 94 12 12 342 12 342 12 12 12 12 260
12 159 159 12 159 12 212 12 159 12 159 159 159
12 94 94 12 110 94 12 380 342 94 227 94 56 23 380 342
28 116 116 58 208 28 301 46 28 273 365 163 116 273 103 445 46 46 236 273 28 311 389 236 426 116 316 46 28 365 236 273 491 94 12 159 46 28 471 12 409 46 273 301 273 273 478 236 462 273 413 392 273 12 332 46 202 28 163 28 236 236 46 236 12 163 439 365 46 236 116 28 28 28 28 28 46 473 12 301 301 159 447 273 273 162 28 301 212 181 202 443 301 46 12 491 278 28 444 411 455 28 116 236 365 458 94 359 236 28 163 28 409 273 236 301 116 102 427 46 17 236 94 52 236 46 28 202 474 46 94 209 273 236 273 491
301 301 301 301 301 301 301 301 301 301 301 301
19 341 354 386 386 305 273 273 273 273 273 354 273 354 341 273 273 273 273 273 341 341
301 301 301 301 301 301 301 301 301 301 301 301
305 301 301 94 196 301 248 236 196 236 301 236 301 236 94 76 196 94 12 248 12 236 196 196 12 94 76 94 301 301 301 12 236 222 301 207
301 28 28 28 28 301 28 28 28 301 28 28 28 301 301 28 28 28 301 124 28 301 301 301 28 301 301 28
94 264 94 236 248 159 236 299 236 299 142 94 236 236 236
255 159 110 12 94 255 159 159 342 94 207 94 94 94 94 94 94 94 196 342 159 94 342 110 167 342 94 364
12 249 12 56 12 12 249 12 12 12 12 172 12
236 159 236 159 159 159 159 236 159 159 236 236 236 159 159 236 365 159 159 236 159 159 159 236
116 116 438 148 144 46 365 46 28 417 116 46 431 317 46 28 46 46 28 431 414 410 365 163 116 46 46 73 148 116 46 430 163 418 440 46 46 28 200 415 200 94 28 163 116 46 46 28 12 116 454 322 448 200 235 46 94 163 46 365 233 122 291 365 148 475
301 301 301 301 301 301 301 301 301 301 301 301
116 116 135 365 46 273 400 417 116 46 315 301 301 301 46 481 365 163 116 325 301 273 273 116 480 163 484 301 46 279 46 139 139 183 163 116 46 273 46 54 234 139 279 46 163 46 116 365 46 423 279 365 331 273 273
301 301 301 301 301 301 301 301 301 301 301 301
334 371 334 371 371 371 371 334 273 371 371 334 371 273 371
159 159 159 159 342 194 159 342 342 342 159 159
196 196 196 94 222 196 196 142 142 94 94 196 292 342 342 292 342
159 159 212 159 12 12 159 12 12 212 159 159
12 273 12 299 273 273 273 299 273 299 273 273 273 12
46 46 46 46 46 46 46 46 46 46 46 46 46 46 46 46 46 46
12 94 249 12 249 94 94 94 12 94 94 12 94 94 110 110 12 270 249 94 94
116 116 116 116 116 116 116 116 116 116 116 116 116 116 116 116 116 116 116 116
94 159 23 12 12 342 243 269 246 185 342 12 159 94 12 185 12 94 295
23 218 12 159 12 159 12 159 167 159 159 159 12
12 12 236 236 56 246 236 236 246 12 12 236 236 285 236
94 94 94 94 94 94 12 255 12 94 94 12 12 12 94 94 94 94
285 196 196 196 196 334 196 248 248 248 196 196 285 196 248 196 248
12 94 342 159 243 295 12 185 222 12 342 185 243 159 12 12 342 94 94 12 342
104 46 159 72 46 60 238 72 159 159 104 46 46 46 159 214 46 46 57 60 46 46 46 46
196 365 365 196 365 196 365 365 196 196 365 196 365 365 196 365 365 365 365 9 365 196
342 159 196 342 159 159 342 301 342 94 196 342 342 196 12 94 94 342 12 94 342 159 94 94
94 94 246 94 94 380 94 342 94 94 142 207 94 380 342 94
299 236 236 196 299 299 236 299 236 299 196 196 299
12 301 273 273 273 273 12 273 273 12 273 12 273 273 12 273
94 167 12 159 94 23 229 12 159 12 12 12 159 12 94 94 12 229 12 12 303 159
255 196 94 255 196 94 255 255 94 196 196 196
12 301 196 301 61 12 94 196 194 301 305 301 23 301 128 196 12 196 248 273 273 248 305 301 196 196 167 301 301 196 301 12 196 196 94 85 196
301 301 301 301 301 301 301 301 301 301 301 301
94 142 181 94 236 236 159 236 159 159 159 94
301 301 273 273 273 273 301 0 301 273 273 301 301 273 301 301 273 273 301 273 301 301
159 12 12 159 12 260 12 12 159 12 12 159 159 12 159 12 12 159
342 12 342 342 342 342 12 167 342 12 342 12 12 342
94 110 12 94 23 190 12 94 12 94 12 94
301 301 301 301 301 301 301 301 301 301 301 301
301 301 301 303 368 94 301 12 12 301 12 94 94 12 301 301 301 301 94 12 110 301 94
40 28 28 28 28 28 12 28 28 28 28 28 28 28 12 28 28 12 12 12 28 28
159 159 159 295 159 12 12 23 159 159 159 12 12 159 159 159 159 159 159 167
116 116 116 116 116 116 116 116 116 116 116 116 116 116 116 116 116 116 116 116
301 301 301 301 301 301 301 301 301 301 301 301
12 12 12 12 12 172 12 12 249 12 12 249 249 12
342 249 342 12 249 12 342 148 12 12 342 12 249
94 12 249 94 94 249 94 249 12 12 94 196 94 12 12
196 94 196 94 196 196 264 94 94 264 196 264 196
23 342 12 249 12 12 342 12 236 249 342 12 342 342 249 12 12 12 366 12 342 342
12 342 342 342 148 249 12 249 12 249 12 12 342
94 12 342 94 94 12 12 94 94 12 94 308 94 94 37 12 94 12 403 342 94 342 12 94 94 37 12
94 342 342 342 94 94 94 94 342 342 342 194 342 94 342
94 185 12 94 12 94 94 12 12 94 94 12
12 12 172 12 12 249 249 12 12 12 12 249 12 12
342 342 12 249 342 12 249 249 249 12 249 12 12 249 342 167
215 215 215 215 215 215 215 215 215 215 215 215 215 215 215 215 215 215 215 215 215 215 215 215 215 215 215
342 12 249 79 12 342 342 342 356 94 342 94 94 342 94 249 12 342 94 94 403 12 56 342 342 12 94 94 289 94 12 94 12 342 12 342 94 94
94 249 94 249 94 249 249 249 249 194 94 249 249 249 249 94 249 249 94
215 12 94 215 215 12 215 12 215 342 215 12 94 215 215 215 215 215 215 240 12 215 12 215 215 94 94 12 215 215 215 215 215 342 94 215 366 249 94 342 12 215 215 249 215 216 249 215 12 12
301 301 301 301 301 301 301 301 301 301 301 301
383 383 383 383 383 383 383 383 383 383 383 383 383 383 383
342 342 342 12 342 249 342 342 342 342 12 342 12 212 249 12 249 342 342 12 342
159 94 142 94 94 94 172 172 249 94 12 159 94 94 289 94 159 94 94 94 12 94 12 12 12 12 159 12 94 94 12 167 94 94 386 12 94 12 249
342 12 249 148 12 249 12 12 342 249 342 12 342
342 342 342 342 249 342 249 342 342 342 249 94
12 12 94 12 12 12 12 12 12 12 276 12 94 12 12 12 12 110 94 94 23 94
94 249 249 94 94 249 12 94 94 342 12 94 249 12 342 12 94 94 94 94 249 12 342 249 94 342 94 293
159 159 167 159 342 167 159 342 159 159 288 159 159 159 342 159 342 159 159
253 253 253 253 253 253 253 253 253 253 253 253 253 253 253 253 253 253 253 253 253 253 253 253 253 253 253 253 253 253
383 383 383 383 383 383 383 383 383 383 383 383 383 383 383
12 94 12 342 94 94 342 94 110 12 94 212 12 342 94
12 12 94 94 110 12 212 94 12 94 342 94 342 94 342
159 94 94 159 12 212 12 94 159 94 159 94 94 323 12 94 23 94 12 159 94 94 159 159
159 194 159 159 342 159 159 342 342 159 159 342
249 342 342 172 12 249 249 249 249 342 249 12 12 366 23 12
94 12 94 12 185 94 94 12 94 12 12 94
159 12 12 159 159 212 159 159 12 159 12 212
12 12 94 12 94 12 12 94 185 94 94 94
236 236 236 290 236 94 94 236 94 290 236 236 94 290
334 334 334 334 334 334 334 334 334 334 334 334 334
159 159 249 159 159 194 249 249 159 159 159 249 249 249
236 159 159 159 236 305 159 236 236 236 159 305 236 236 236 159
342 12 342 342 12 342 167 342 110 342 12 342 12
94 194 194 194 342 342 94 94 94 342 94 222 94 342
253 253 253 253 253 253 253 253 253 253 253 253 253 253 253 253 253 253 253 253 253 253 253 253 253 253 253 253 253 253
12 12 12 12 149 12 12 12 12 12 159 12 149
12 12 342 12 249 249 342 12 12 12 249 12 293 12 12 12 12 12 12 12 249 12 12 342 249 12 12 342 12 249 12
196 94 196 94 196 196 264 94 94 264 196 264 196
236 236 236 236 236 342 236 342 236 236 264 236 342 342
94 159 94 159 94 159 159 236 159 94 159 94 159 94
249 12 12 249 342 342 342 167 12 12 249 12 342 249 249 249
236 236 342 236 236 342 342 342 236 236 236 236 236 264
12 94 94 12 94 12 12 94 94 185 12 94
12 12 249 249 110 12 249 12 249 249 12 249
342 249 342 342 12 12 12 12 12 249 12 12 249 12 12 204 342 12
215 215 215 215 215 215 215 215 215 215 215 215 215 215 215 215 215 215 215 215 215 215 215 215 215 215 215
12 12 159 12 159 12 12 159 159 159 159 212 159
12 12 264 12 159 12 159 159 159 167 12 12 12 12 159 159 159
94 12 12 249 12 249 94 94 94 12 94 12 249 94 269 94 94 94 94 94 94
159 159 159 342 342 159 194 342 159 308 159 159 159 159 159 12 159 12 12 159 159 12 12
249 12 12 249 12 12 12 12 12 12 249 172 12 12
23 94 342 94 249 249 246 94 249 12 110 12 12 94 289 249 94 342 94 249 342
253 253 253 253 253 253 253 253 253 253 253 253 253 253 253 253 253 253 253 253 253 253 253 253 253 253 253 253 253 253
151 94 314 12 342 249 249 222 249 249 94 342 94 12 249 12 12 12
94 342 94 94 94 94 94 12 342 94 94 342 12 12 12 94 342 94 12 94 342 94 342 342 342 293
12 215 215 12 215 215 215 215 215 215 220 215 215 215 215 215 215 215 215 12 215 215 215 215 215 215 215 12 215 215 215 12
383 383 383 383 383 383 383 383 383 383 383 383 383 383 383
12 196 196 12 94 196 196 196 12 342 196 342 342 94 196 12 94 12 94 196 313 342 94 94
383 383 383 383 236 236 236 383 236 236 383 35 383 383 383 236 236 236 383 383 383 383 236 383
94 94 94 94 94 94 94 94 94 94 94 207 94
249 342 342 342 342 249 342 342 342 94 342 249
196 196 196 342 196 196 227 196 196 196 342 342 342
249 249 249 249 249 249 142 342 249 249 249 249 249 249 249 249 249 249
12 12 159 236 12 159 236 236 236 159 12 236 236 236 12 159 12 12 159 236 12 159 12 12 12 12 236 12 12 399 12 159 12 12 12 12 12
342 196 196 196 196 227 196 196 342 196 196 342 342
342 12 12 342 342 342 167 342 342 342 342 12 12 12
342 159 342 159 342 159 159 342 342 248 159 342 342 159 342 342 342 342 342 159
12 342 12 190 12 12 342 12 12 342 342 12 12 12 12
12 243 159 342 12 342 159 12 12 159 159 342 342 159 159 159 12
342 342 342 342 342 342 342 342 342 342 342 342 342 342 342 181 342
94 12 94 12 94 12 229 12 12 12 94 12 94 12 12 94 12
159 249 342 159 342 249 159 301 159 342 12 342 342 342 159 342 12 342 342 249 159 249 342 249 12 249 342 342 12 12 159
12 12 12 12 94 12 94 12 94 229 94 12 12 94 94 12 12
94 342 212 12 342 12 94 342 94 94 12 342 94 12 94 12
212 159 12 12 159 159 12 159 159 12 12 159 159
94 94 236 292 94 94 243 94 94 110 236 335 236 94 94 94 94 236 236 236 236
253 253 263 253 253 253 253 253 253 253 253 253 253 253 253 159 253 253 159 253 159 253 253 253 253 263 159 253 253 253 159 253 159 253 253 253
94 159 281 94 37 94 12 159 94 159 159 159 12 281 128 159 12
253 253 253 253 253 253 253 253 253 253 253 253 253 253 253 253 253 253 253 253 253 253 253 253 253 253 253 253 253 253
273 273 342 273 273 342 292 273 342 273 273 342 273 273 273
342 249 12 342 196 249 342 12 342 342 12 249 342 249 249 12 249 12 342 342
301 301 301 301 301 301 301 301 301 301 301 301
12 249 249 12 249 342 12 342 342 148 12 12 342
12 12 334 94 12 79 12 249 12 12 94 289 12 249 249 37 12 94 12 37 12 12 149 12 289 94 205 94 12 12 12 94 12 249 12
248 236 236 236 236 248 236 403 249 249 149 248 149 236 269
94 12 249 12 94 249 94 12 12 12 94 94 249 94 196
94 94 94 94 94 94 94 236 94 94 342 94 342 342 94 342 94
215 342 215 196 215 215 215 215 215 215 227 215 215 215 215 216 215 196 196 196 215 215 215 215 215 215 215 249 196 342 215 249 215 215 215 231 196 215 12 196
227 12 159 159 159 249 12 159 249 159 12 159 12 249 159 12
301 301 301 301 301 301 301 301 301 301 301 301
342 342 236 159 326 305 342 159 305 236 264 305 264 342 159 236 159 305
94 94 12 12 94 94 12 12 185 94 94 12
342 342 342 159 366 167 159 342 159 342 227 159 342 342 159 159
12 12 342 342 342 12 12 342 218 12 12 12 342 12 342 12 342 12 342
94 94 94 94 94 94 94 94 94 94 94 94 207
215 215 215 215 215 342 215 215 215 215 215 215 215 215 215 215 342 342 215 219 215 215 215 215 215 215 215 215 215 215 342
148 342 342 12 249 12 342 342 12 12 249 249 12
159 159 12 159 212 12 159 159 159 12 12 12 159
371 301 196 301 301 301 196 196 196 301 301 196 196 301 301 196 301 301 196 301
12 94 185 94 94 94 94 12 94 12 12 12
342 342 342 342 342 342 342 142 342 342 342 342 342
342 342 342 342 342 142 342 342 342 342 342 342 342
185 94 94 94 94 94 12 12 12 94 12 12
342 94 159 159 342 159 159 159 94 94 94 342 342 159 94 94 159 264
94 94 342 249 342 249 181 249 342 94 94 94 94 342
342 94 342 342 249 12 249 249 249 12 249 94 249 94 12 255 94 249 12 249 12 94 342 94 249
94 342 94 159 94 94 249 249 249 94 249 94
227 342 342 249 12 342 249 249 12 249 249 342 249 342 12 342 342 12 342 342 12 342 342 342
12 159 305 23 159 243 236 159 236 12 159 338 159 159 236 12 236 236 12 236 236
236 236 236 236 292 236 94 94 236 94 236 94 236 94 236 94
253 253 253 253 253 253 253 253 253 253 253 253 253 253 253 253 253 253 253 253 253 253 253 253 253 253 253 253 253 253
12 342 12 12 12 342 12 12 12 12 249 342 12 204 249 12 342 249
185 12 94 342 94 12 342 94 342 94 342 212 12 94 12
249 249 249 94 94 249 94 159 94 249 94 94 249
215 215 215 215 215 215 215 215 215 215 215 215 215 215 215 215 215 215 215 215 215 215 215 215 215 215 215
342 94 94 342 342 342 94 94 288 342 342 94 94 212 342 342 94 366 94 342 342 94 342 94
342 342 342 342 342 342 94 249 249 342 249 342
149 342 403 342 342 403 342 342 149 342 403 110
248 159 236 264 249 236 159 236 204 236 236 314 305 236 305 248 159 4 249 249 236 249 264 321 305 248 236 236
249 249 342 342 342 94 342 342 342 342 342 249
94 12 94 94 94 12 12 185 94 12 12 94
94 94 94 94 159 159 159 229 159 159 229 229
12 12 12 190 12 342 342 190 342 12 12 12 12
253 253 253 253 253 253 253 253 253 253 253 253 253 253 253 253 253 253 253 253 253 253 253 253 253 253 253 253 253 253
12 12 12 12 94 249 94 12 249 94 12 12 94 249 12 94 94 12 12 246
342 342 342 342 342 342 342 142 342 342 342 342 342
190 12 23 94 12 110 12 12 94 94 94 94
342 159 342 342 194 159 159 159 342 159 159 159
334 334 334 334 334 334 334 334 334 334 334 334 334
12 12 12 249 342 94 196 249 249 159 249 196 249 12 12 342 12 159 342 196 12 96 249 196 196 342 12 196 94 12 159 159 196 8 159 96 196 94 346 159 342 346 12 94 342 170
94 342 342 342 94 236 94 94 94 94 94 94 94 94 342 94 94
215 215 215 215 215 215 215 215 215 215 215 215 215 215 215 215 215 215 215 215 215 215 215 215 215 215 215
149 12 342 342 149 12 128 342 12 342 12 12
110 243 342 342 94 342 94 94 110 94 94 94 342 94 94 94 94
342 342 159 159 342 273 342 159 37 159 403 12 159 12 12 342 342 159 342 37 159
253 253 253 218 253 12 159 159 253 253 253 253 253 253 253 253 159 159 159 253 253 253 268 253 253 253 253 253 12 12 253 253 253 172 253 253 37 253 253 253 253
196 12 342 12 12 342 342 342 342 12 342 342 342 342 342 342 12 342
12 159 159 12 159 342 342 342 12 342 342 12 12 342 12 159 12 12 159 342 12 342 342 342 342 313 159 342 12 159
94 12 94 12 12 94 185 12 12 94 94 94
12 249 159 342 159 37 167 159 12 342 12 159 236 2 23 249 249 305 243 12 249 159 12 342 236 12 159 12 12 12 236 249 236 12 249 236 110 236 236
159 159 342 342 12 12 319 94 342 194 159 12 94 172 12 342 159 12 342 94 94 94 172 342 181
23 342 342 12 342 172 342 366 342 12 12 342 12 342
159 159 159 159 305 94 159 159 305 94 159 94 159 94 94 159 159 159 159
215 253 253 253 351 253 253 215 253 253 215 253 253 253 215 215 253 215 215 253 215 215 215 215 215 253 351 215 215 253 253 253 215 253 215 253 215 253 215 215 253 253 253 215 215 253 215 253 215 253 215 253 253 215 253
12 342 23 12 366 342 12 342 172 342 12 342 342 342
215 215 215 215 215 215 215 215 215 215 215 215 215 215 215 215 215 215 215 215 215 215 215 215 215 215 215
94 94 342 342 342 194 94 342 342 37 342 94 94 94
218 12 12 342 342 342 342 12 12 12 12 342 12 12 12 342 12 342 342
196 196 196 196 264 12 249 196 12 196 196 12 196 289 23 249 12
12 342 12 12 342 249 12 249 342 148 12 342 249
167 342 342 12 342 342 12 342 12 12 342 12 342 342
94 94 196 269 196 196 196 196 94 196 94 94 196 196 94
94 94 159 159 94 94 94 342 94 342 94 94 236 94 94
94 94 94 94 94 207 94 94 207 94 94 94
227 196 342 196 196 196 342 342 342 196 196 196 196
366 159 159 342 12 23 12 159 342 246 342 159 12 159 159 12 159
215 215 215 215 215 215 215 215 215 215 215 215 215 215 215 215 215 215 215 215 215 215 215 215 215 215 215
342 12 12 12 159 207 12 12 12 342 366 12 12 207 207 12 167 342 110 207 366 342 94 159 12 356 12 12 12 342 342 37 12
288 196 342 196 94 196 196 94 342 196 342 94 196 94 196 94 159 196
12 196 196 196 248 204 12 196 23 196 12 12 196 196
12 12 12 12 94 204 94 12 12 12 151 94 12 12 365 12 12 94 12 12 12 12 12 181 12 246 94 94 12 94 12 12 12
94 94 148 12 94 94 148 94 12 227 94 12 12 12 12
110 12 12 94 23 94 94 12 12 94 12 12 94 94 94 94 12 94 94 12 94 1 12 12 94 94 12 94 94 94 94 12 12 185 12 94 94 94 12 185 12 12 94
342 342 159 159 159 159 342 342 159 159 159 194
249 249 249 249 289 289 249 249 249 342 342 249 249 249 249 289 342 249 249 249 289 342 149 249 249 249 249 149 236 249 249 249 249 249
342 403 342 172 249 12 342 159 159 342 94 94 12 342 159 94 159 159 172 12 249 342 342 342 342 342 341 12 94 94 342 249 12 94
215 215 215 215 215 215 215 215 215 215 215 215 215 215 215 215 215 215 215 215 215 215 215 215 215 215 215
94 249 12 12 249 94 12 12 249 94 12 196 94 94 94
94 12 142 94 249 12 159 94 249 159 372 148 12 94 159 12 159 142 204 12 94 94 94 12 249 94 12 37 172 249 289 159 12 12 249 142
12 293 94 342 94 159 94 94 159 342 110 212 342 12 159 94 12 159 94 159 159
94 94 229 94 94 159 159 229 159 159 229 159
94 159 94 159 159 236 236 236 159 94 349 236 236 236 236 159 94 159 94 94 236 159 236
12 94 94 249 94 342 342 229 12 289 366 249 94 342 12 12 94 12 94
334 334 334 334 334 334 334 334 334 334 334 334 334
249 264 236 236 236 236 249 236 236 249 249 236 236 249 236 249
236 236 249 159 94 236 159 249 236 94 236 94 249 159 249 94 94 94 94 94 94 159 94 249 236 236 249 236 94 159 236 94 159 159 388
246 12 12 196 196 12 196 12 12 196 196 196 196 196
12 12 12 12 12 12 12 12 12 12 207 12 12 12 12 12
222 342 342 342 94 342 342 342 342 94 94 342 342 342 342 94 342 94 94
94 94 94 94 94 94 94 94 207 94 94 94 94
159 94 94 159 94 94 236 94 159 159 159 159 94 159
249 94 342 342 249 342 342 249 342 342 342 342
94 94 94 249 94 94 249 94 285 94 94 94 94 249 94 94 94 94 94 94 94 94
12 212 342 249 249 159 249 159 12 255 12 342 159 12 159 342 342 159 159
12 12 94 94 94 342 94 212 94 94 110 12 342 12 342
12 246 12 249 12 94 94 12 12 94 12 94 94 12 12 94 249 12 12 249
94 236 236 94 236 94 236 292 236 236 236 94 236 94 236 94
159 12 37 159 12 12 159 218 218 159 159 172
94 342 94 342 94 94 342 194 342 342 342 342 94 94 342
196 349 342 196 342 196 12 12 12 196 196 196 196 196 196 342 196 196 196 196 12 196 12 342 196 196
190 12 94 23 12 94 12 94 94 94 110 12
110 249 249 94 94 94 94 289 167 249 249 249 94
335 334 12 12 342 334 342 12 12 342 12 12 12 12 334 12 12 366 12 334 342 249 342 342 28 249 334 249 334 23 12 342 334 342 12 334 335 12 366 342 342 334 335
172 12 12 12 249 12 12 12 249 249 12 12 12 12
249 249 12 12 342 342 12 249 342 167 12 249 249 342 249 12
94 12 329 12 56 94 342 159 12 342 94 159 159 94 12 12 12 159 56 12 159 12 159 342 94 342 94 249 159
236 249 321 305 314 321 159 305 236 264 159 264 159 236 305 172
253 253 253 253 253 253 253 253 253 253 253 253 253 253 253 253 253 253 253 253 253 253 253 253 253 253 253 253 253 253
334 334 334 334 334 334 334 334 334 334 334 334 334
12 23 207 342 12 249 12 12 342 342 12 249 23 12 249 342 12 12
12 12 12 12 190 12 12 342 342 12 342 12 12 342 12
253 253 253 253 12 253 253 253 253 253 253 253 249 253 253 253 253 253 12 253 249 253 253 253 253 253 259 253 253 253 249 253 253 253 12 12 12 253
383 383 383 383 383 383 383 383 383 383 383 383 383 383 383
159 159 159 342 159 159 159 342 342 194 159 342
249 12 12 12 342 342 148 12 342 12 249 249 342
342 12 12 12 12 249 12 249 12 342 12 249 12 12 12 249 342 12 12 12 12 249 249 264 12 342
12 342 12 249 342 342 249 249 12 342 167 12 249 249 12 249
253 253 94 253 253 253 253 253 253 253 253 94 253 253 253 253 261 253 253 253 253 253 94 253 253 253 253 253 253 94 94 253 94 253 253 253
159 159 264 159 159 159 159 264 159 159 159 159 159 159
12 159 342 342 12 159 12 159 342 12 12 342 342 342 12 159 159 342 12 342 12 159 12 12 295 159
236 236 236 12 12 236 236 12 236 12 236 236 276 236 12
249 249 342 264 249 94 249 94 249 94 342 94 94 342 342 94 249 94 94 94 94 94 94
12 249 12 249 12 12 94 149 149 249 149 149 12
12 288 159 130 12 94 159 24 24 159 94 94 159 95 159 159 159 94 14
342 342 194 342 342 159 159 159 159 159 159 159
204 94 94 94 12 94 12 94 94 248 94 94 248 12 12
159 194 159 342 342 342 159 159 159 159 159 342
12 128 342 94 403 249 12 273 128 12 94 342 342 94 12 342 12 342 94 249 249 342 249 249 249 342
342 249 159 249 159 159 249 342 227 167 159 249 249 342 159 289 342 159
159 94 159 281 94 37 94 159 94 159 159 281 12 12 128 159 12
12 12 159 12 159 12 159 159 159 12 212 159 159
215 215 215 215 215 215 215 215 215 215 215 215 215 215 215 215 215 215 215 215 215 249 249 215 249 215 217 215 215 215
149 12 159 12 149 12 159 159 159 218 12 12 159 159 159
342 342 12 12 12 12 190 12 12 342 12 12 12 12 342
159 159 159 159 159 159 159 159 264 159 159 159 159 159 159
94 12 342 12 94 342 281 12 342 342 94 342 342 94 94 342 12 12 12 12 12 12 94 12 342
12 12 342 249 342 342 148 249 249 12 12 342 12
159 94 94 159 159 159 94 94 94 94 342 159 94 94 305 94 342 159 342 94 94 94 159 342
159 129 159 12 236 12 129 236 159 371 236 236 159 371 407 12 159 94 12 236 94 293 159 407
12 12 12 12 249 159 342 342 12 159 12 159 342 249 342 159 159 12 12 12 249 12 290 159 159
94 94 342 37 94 342 94 342 342 94 94 342 342 194
249 270 249 249 167 94 94 159 94 289 110 249 94 159 159 159 159 94 249 167
159 159 159 159 159 159 159 159 159 159 94 94 159 94 159 94 305 94 159 159 94
190 249 12 249 249 249 12 12 12 12 12 249 12 249 12 12 12
167 12 342 342 342 342 12 12 342 12 342 342 342 12
334 334 334 334 334 334 334 334 334 334 334 334 334
236 236 236 236 12 12 12 12 236 236 276 236 12 236 236
276 94 12 12 94 12 12 12 94 94 12 12 94 12 12 94 23 12 12 12 12 23
253 253 253 253 253 253 253 253 253 159 253 253 267 253 12 253 253 253 253 253 12 159 253 159 253 253 253 159 253 12 159 159 253 253 253 159 12 253 253 253 253 12
342 12 12 12 342 12 12 12 12 12 12 190 342 12 342
253 253 253 253 253 253 253 253 253 253 253 253 253 253 253 253 253 253 253 253 253 253 253 253 253 253 253 253 253 253
94 94 94 94 342 236 94 94 204 110 94 342 342 204 366
253 253 253 253 253 253 12 253 253 253 253 253 94 12 12 253 253 253 253 253 94 12 12 12 94 12 272 253 253 253 94 94 253 253 12 253 12 94 253 253 12 12 12 12 12 253 253 253 253 253 12
12 167 342 12 342 342 12 12 342 342 342 342 342 12
342 342 159 342 159 159 159 159 194 159 342 159
159 12 159 12 167 159 159 159 12 12 12 12 23 12 159 12 269 37
236 236 110 94 94 342 196 236 196 94 196 236 12 342 342 236 94 196 12 342 342 94 94 94 94 196 342 12 196 23 94 342 236 94 94 342 94 342 110 88 94 236 94 94 236 94 342 94 342 236 196 23 110 196 342 94 110 94 94
342 12 342 12 342 342 172 149 12 12 342 12 342 342 342 149
12 12 249 249 12 249 249 12 249 249 12 110
159 12 12 159 159 212 159 159 12 159 12 212
249 12 167 12 249 249 342 342 249 37 12 12 342 12
249 249 12 342 366 12 12 12 12 12 12 12 23 12 342 342 207 249
159 194 159 159 159 159 342 159 159 342 342 342
249 342 342 342 342 342 249 249 159 342 342 342 342 342 342 342
342 236 236 289 236 236 249 342 342 342 342 236 321 236 236 236 342 249 249 236 342 342 342 289 342 342 249 342
94 94 94 342 342 94 342 342 342 342 342 342 94 94 194
342 342 12 23 342 12 342 342 342 172 366 12 12 342
342 342 342 342 110 342 243 342 249 342 342 12 342 249 249 342 12 12 12 342 342 342 342 342
94 94 149 249 94 249 94 12 249 12 204 12 12 149 94 12 94
12 94 94 12 12 12 342 12 342 12 342 94 342 94 12 12 94 12 12 260 94
236 236 290 236 94 94 236 236 94 290 236 236 94 290
273 273 273 273 196 273 273 196 196 196 273 273 352 196 196 196 352 273
94 196 249 249 94 12 12 12 12 94 94 249 94 12 94
110 369 94 334 334 334 94 334 334 334 335 94 334 334 94 334 334 94 334
249 12 249 249 12 148 12 342 342 12 342 342 12
342 249 342 342 342 249 249 342 342 249 142 249 249 342 342
273 273 12 12 273 273 273 273 12 12 301 273 273 12 273 273
196 342 159 159 342 159 159 149 159 159 159 149 342 342
159 159 236 159 159 159 159 305 305 159 365 236 264 159 159 305 264 159 236 159 305
94 342 342 12 94 342 12 94 12 94 12 12 212 342 94 94
253 253 253 253 253 253 253 253 253 253 253 253 12 253 12 12 253 253 253 37 253 253 266 253 266 253 253 12 253 253 12 12 37 253 12 12 253 253 148 253 253
167 12 12 12 159 12 12 159 264 12 12 159 159 159 23 12 12 159
215 159 342 215 215 215 215 215 215 215 342 215 215 215 215 215 215 159 215 215 342 215 215 215 159 215 215 215 159 159 215 342 215 159 215 215 228 159
253 253 253 253 253 253 253 253 253 253 253 253 253 253 253 253 253 253 253 253 253 253 253 253 253 253 253 253 253 253
383 383 383 383 196 196 383 196 383 21 383 383 383 383 383 196 196 21 21 196 383
236 236 236 236 236 236 236 236 236 236 236 349 236 236 236 236 236 236 236
94 159 342 329 159 172 159 94 94 159 172 181 159 159 159 94 342 94 159 159 342 94 342 159 159
342 12 342 342 12 12 12 366 342 12 342 366 172 342
12 149 12 342 12 149 12 342 342 128 12 342
12 159 212 12 159 159 12 12 159 159 12 159 159
94 94 94 23 249 12 12 94 94 249 94 94 12 148 94 37 37 249 12 94 12 94 303 12 94 12
12 249 12 12 12 12 249 172 12 12 12 12 12 249
94 94 196 196 288 94 94 342 196 94 196 196 196 196 94 196 342 342 342
23 159 249 159 159 12 12 342 12 12 159 159 12 12 12 342 159 292 249 342 12 12 159 289 342
94 94 94 94 12 342 12 94 94 94 342 94 94 94 94 94 342 94 321 12 94 12 94 94 94 12 342 94
12 148 12 12 12 12 12 148 12 12 12 12 12 204
248 94 94 94 12 94 12 94 94 248 94 94 204 12 12
236 236 292 236 94 94 94 236 236 94 94 236 236 94 236 236
12 249 94 94 94 12 12 94 94 12 196 249 94 249 12
236 159 159 159 236 159 159 236 236 305 159 305 236 236 236 236
215 215 215 215 215 215 215 215 215 215 215 215 215 215 215 215 215 215 215 215 215 215 215 215 215 215 215
94 94 185 94 12 94 94 94 12 12 12 12
249 12 12 249 249 12 249 12 249 249 12 110
94 94 12 12 12 94 94 94 12 94 94 94 94 94 12 94 255 94
273 273 273 273 273 273 196 196 196 196 273 273 196 352 196 196 352 273
12 159 212 159 212 159 159 159 12 12 12 159
215 215 215 215 215 215 215 215 215 215 215 215 215 215 215 215 215 215 215 215 215 215 215 215 215 215 215
255 12 94 12 249 249 94 12 94 314 94 12 12 12 12 94 94 94 12 12
159 194 159 159 159 342 342 342 159 342 159 159
196 196 196 342 196 196 196 196 227 342 196 342 342
383 383 383 383 383 383 383 383 383 383 383 383 383 383 383
342 342 342 342 342 249 249 159 342 342 342 342 342 249 342 342
159 236 236 159 236 94 94 159 94 349 236 236 349 236 236 159 159 236 159 94 94
215 215 215 215 215 215 215 215 215 215 215 215 215 215 215 215 215 215 215 215 215 215 215 215 215 215 215
196 94 196 196 204 12 299 196 94 12 94 23 196 94 12 94 196 196 94 12
159 94 94 37 94 94 12 12 94 94 94 94 159 94 382 12 37 37 94 94 12 12 159 94 94 110 148 94 159 159 94 159 12 159 12 94
12 159 212 159 212 159 159 159 12 12 12 159
383 383 383 383 383 383 383 383 383 383 383 383 383 383 383
236 236 236 94 94 94 292 94 236 236 236 236 236 236 94 94
342 342 196 342 342 342 342 342 342 12 342 342 12 12 12 342 12 342
94 128 342 403 342 94 342 94 270 342 94 342 94 94 94 94 128 94 342 342 94
94 342 249 342 342 249 342 342 342 342 342 249
342 342 342 342 249 342 342 342 94 249 249 342
159 94 173 94 159 159 342 94 342 168 342 94 159 342 169 110 94 94 342 95 168 342 342 94 335 94 94
159 159 342 159 167 196 159 342 342 159 366 159
12 94 94 94 94 12 12 12 94 185 12 94
215 94 215 215 215 215 94 215 215 215 215 215 215 215 215 215 215 94 215 215 215 215 215 215 94 215 215 94 215 94 225 215 215
253 253 253 253 253 253 253 253 253 253 253 253 253 253 253 253 253 253 253 253 253 253 253 253 253 253 253 253 253 253
12 12 260 12 159 12 159 12 12 12 159 159 12 159 159 12 12 159
159 159 159 342 194 159 342 342 159 342 159 159
12 12 12 12 342 12 342 342 342 12 342 342 218 12 342 12 12 342 12
94 12 12 12 94 342 94 12 94 342 12 342 342 342 12 12 342 342 12 94 12 281 12 342 94
12 12 12 12 12 12 12 12 12 12 12 12 207 12 12 12
236 236 236 342 236 236 342 236 342 342 342 236 292 249 249 236 236 342 342 249 342
12 249 12 342 12 94 249 94 12 342 249 94 12 12 249 12 334 12 342 342 12 12 249 94 249 94 249 12 342 12 249 342 12 12 94 12 249 342 342
94 289 94 249 342 342 342 342 249 342 94 342 227 249 249 94 289 342 94 342 94
159 159 159 308 94 159 94 172 94 308 159 159 172 159 94 94 159 159 159
342 342 342 342 249 342 342 159 342 249 342 342 342 342 342 249
253 253 253 253 253 253 253 253 253 253 253 253 253 253 253 253 253 253 253 253 253 253 253 253 253 253 253 253 253 253
253 253 253 253 253 253 253 253 253 253 253 253 253 253 253 253 253 253 253 253 253 253 253 253 253 253 253 253 253 253
249 12 249 249 12 12 249 110 12 249 12 249
236 236 293 236 12 236 236 12 342 12 12 236 236 12 342 342 236 236 342
23 12 12 190 12 110 94 94 94 12 94 94
159 159 159 159 159 264 159 159 159 159 159 159 159 159 159
383 383 383 383 383 383 383 383 383 383 383 383 383 383 383
159 342 12 249 12 342 159 159 342 342 159 249 159 12 159 276 342 12 342 159 342 12 249 342
37 159 342 159 342 342 94 403 12 159 37 94 94 342 94 94 159 94 94 94 342 12 159 94 159 94 342 356 12 94 159 94 342
159 159 264 159 159 159 159 264 159 159 159 159 159 159
12 94 185 94 94 12 94 94 12 12 12 94
334 334 334 334 334 334 334 334 334 334 334 334 334
12 12 12 12 12 12 196 12 196 12 12 12 196 196 196 196 196 196 308 12 12 12 12 12
159 94 335 12 94 207 207 12 37 159 12 159 94 12 94 94 12 207 12 110 23 207 12 94 94 12
12 181 12 12 246 94 94 94 94 204 94 94 94 246
12 12 342 342 12 342 249 148 12 12 342 249 249
159 12 159 12 12 23 273 12 249 159 159 12 12 249 12 167 159 159 249 12 12
215 215 215 215 215 215 215 215 215 215 215 215 215 215 215 215 215 215 215 215 215 215 215 215 215 215 215
253 253 253 253 253 253 253 253 253 253 253 253 253 253 253 253 253 253 253 253 253 253 253 253 253 253 253 253 253 253
94 37 12 94 12 94 56 94 94 342 12 12 342 37 12 288 342 12 342 94 342 12 342 342 342
12 167 342 342 12 342 12 342 12 342 342 12 342 342
12 204 12 12 12 12 12 148 12 12 12 12 12 148
12 12 342 159 159 12 12 342 12 305 342 12 12 12 159 12 159 12 342 12 12 159 159 12 12 159 12
94 12 12 12 94 94 185 94 94 12 12 94
12 342 12 94 94 342 94 212 94 94 12 342 342 12 12 94
12 94 342 94 12 94 342 212 94 12 94 12 12 94 342 342
12 37 159 159 172 159 159 12 295 159 159 159 159 159 159 159 295 12
12 12 12 12 12 249 12 151 12 12 12 12 249 269 12 12 12 249 12 12 12 12 12
249 159 94 159 12 159 12 159 288 249 159 12 94 94 12 94 94 159 159 94 12 249
94 94 94 94 185 94 12 12 12 12 12 94
159 342 159 37 207 94 249 159 342 207 249 342 249 264 207 94 249 207
342 94 249 342 94 94 94 249 342 342 181 94 94 249
236 386 94 94 236 94 236 128 37 94 386 204 94 236 94 12 236 236 94 94 236 94 94 94 128 236 37 12
383 383 383 383 383 383 383 383 383 383 383 383 383 383 383
94 12 12 12 94 110 94 12 249 12 249 12 12 12 12 248 94 249 23 94
342 215 342 215 342 215 215 215 342 215 342 215 215 342 215 215 215 221 215 215 215 215 342 215 215 215 215 215 215 342 215 215 215 215 215
12 12 12 342 159 342 342 342 159 12 159 342 342 269 159 159 342 159 159 110
264 12 12 12 12 12 342 12 12 342 342 12 12 12 342 12 12 342 342 12 12 12 342 342
94 12 12 94 12 94 12 94 12 12 12 12 12 301 12 12 12 12 12 12 94 94 12 12 12 12 12
12 342 12 12 12 12 12 190 12 342 342 12 342 12 12
110 12 12 12 12 249 249 12 249 249 249 249
159 12 37 159 12 12 159 218 218 159 159 172
12 12 149 249 128 12 249 289 249 12 249 12 249
236 386 94 94 236 94 236 128 37 94 386 204 94 236 94 12 236 236 94 94 236 94 94 94 128 236 37 12
23 12 159 342 159 342 159 246 12 159 12 342 342 167 159 159 12
249 249 159 249 159 159 249 159 159 159 194 159 249 249
12 342 342 167 342 12 12 342 342 12 342 12 342 342
94 94 185 94 94 12 94 12 12 12 94 12
12 342 12 342 342 149 12 128 12 12 342 149
342 236 12 342 12 12 196 12 342 12 236 30 366 236 236 342 196 196 196 12 12 12 342 12 342 236 23 12 236 12 236 12 196 366 236 366 12 12 12 342 227 12 12 196 342 12 196 12 236
249 94 342 289 342 236 12 403 342 314 342 4 380 94 243 292 94 94 12 249 249 314 94 94 94 380 94 236 249 249 236 12 23 148 94 12 94 236 342 249 236 236 236
21 383 383 383 196 196 383 196 383 383 383 383 383 383 383 196 196 21 21 196 383
342 204 12 12 12 249 342 342 12 12 12 12 342 12 249 249 12 12
236 305 305 305 159 305 236 264 159 264 159 236 305 159
12 342 12 342 12 167 12 342 342 12 342 342 342 342
12 342 94 212 94 94 12 342 94 12 342 342 94 12 94 12
94 249 12 94 342 12 249 249 295 12 342 94 12 249 12 249 12 342 12 94 12 94 342 12 342 342 342 12 342 249 94
110 159 94 341 159 12 94 12 37 167 12 159 110 94 12 23 12 94 12 159 12 159 12 12 12 12 12 12 159
159 342 159 94 159 159 159 342 94 159 159 342 94 342 249 249 273 249 94 94 94
94 94 94 94 94 207 94 94 94 94 94 94 94
94 12 12 12 94 381 95 12 12 112 342 112 422 94 342 227
253 253 253 253 253 253 253 253 253 253 253 253 253 253 253 253 253 253 253 253 253 253 253 253 253 253 253 253 253 253
342 342 342 249 342 342 249 342 342 342 342 289 249 342 342 249 196 249 249 249 342 289
253 253 253 253 253 253 253 253 253 253 258 253 342 253 253 253 253 253 253 253 253 253 253 253 253 253 253 253 342 253 342 342 253 253
215 215 215 215 215 215 215 215 215 215 215 215 215 215 215 215 215 215 215 215 215 215 215 215 215 215 215
94 236 94 94 94 236 335 236 236 236 236 94 94 94 236 94 110 110 94 236 94 236
159 342 342 159 159 342 159 159 159 342 159 194
243 94 94 342 110 94 110 342 94 342 94 342 94 94 94 94 94
253 253 253 253 253 253 253 253 253 253 253 253 253 253 253 253 253 253 253 253 253 253 253 253 253 253 253 253 253 253
12 94 12 342 94 342 12 12 227 342 249 94 94 94 94 12 249 249 342
94 129 236 236 236 247 94 293 236 129 293 293 236 407
249 249 12 249 249 110 12 12 12 12 249 249
185 12 94 12 12 94 94 12 94 94 94 12
94 342 94 249 249 94 94 342 342 342 94 181 249 94
281 12 159 12 159 12 159 12 159 342 12 342 12 342 159 159 12 12 159 12 12 342
159 342 249 248 159 249 249 159 249 249 249 159 342 249 249 249 159 249 342 159 249 342 249 159
342 94 342 281 342 342 342 342 94 342 342 249 342 342 342 94 342 249 342 128 249 94 94 94 342 342 23
342 94 94 94 342 342 94 249 342 249 94 342 249 94 342 342 207 342
12 159 159 159 159 159 159 12 12 12 212 159 12
159 342 342 342 342 159 159 159 159 159 194 159
334 334 334 334 334 334 334 334 334 334 334 334 334
301 301 301 301 301 301 301 301 301 301 301 301
342 12 342 12 342 342 342 249 342 342 12 148 12 185 249
94 12 94 12 12 94 12 94 12 110 12 94 23 12 185 12 12 94 12 12 94 12 94 348 151 12 12 94 12 12 94
94 94 212 94 94 94 110 94 94 94 94 94 110
342 196 12 196 342 196 12 342 196 12 196 342 12 196 342 342 342 12 196 196 290 342
159 159 159 308 94 159 94 172 94 308 159 159 172 159 94 94 159 159 159
12 94 94 12 94 12 94 249 12 12 249 94 196 94 249
342 12 342 342 342 249 249 342 249 12 185 342 12 342 342 12 12
94 159 236 159 159 94 159 159 159 94 94 94 159 94
342 342 342 342 342 167 12 342 12 12 12 342 12 342
12 12 342 342 227 342 342 342 342 342 342 342 142 12 342 12 342 12 342 342
94 94 94 94 94 207 94 94 207 94 94 94
196 94 196 94 196 196 264 94 94 264 196 264 196
342 342 12 12 142 12 342 342 342 196 342 342 12 12 342 342
12 37 159 159 172 159 159 12 295 159 159 159 159 159 159 159 295 12
207 159 249 342 159 159 159 159 342 159 159 342 249 249 342
249 342 159 249 249 159 249 159 222 249 342 342 159 159 159 159 249 342
342 249 12 342 159 12 12 23 159 342 366 342 159 12 342 366 159 342 342 289 342 249 159 12 249 37 159 342 289 23 12 249 342 159 341 12
236 236 236 236 236 236 342 342 342 236 264 236 236 342
159 159 94 94 159 94 159 159 236 159 94 94 94 159
301 301 301 301 301 301 301 301 301 301 301 301
334 334 334 334 334 334 334 334 334 334 334 334 334
159 249 159 159 249 342 249 249 159 159 194 159 159
342 94 94 94 342 249 342 249 249 12 94 94 12 12 94 342 12 227 12
301 301 301 301 301 301 301 301 301 301 301 301
301 301 301 301 301 301 301 301 301 301 301 301
249 12 342 148 342 249 249 342 342 12 12 12 12
342 12 342 342 12 342 342 12 342 12 12 342 342 12 23 342 342 12 342 23 12 342 12 269 12
12 249 342 159 23 12 12 12 159 12 159 342 12 12 159 12 159 12 159 159 12 12 12 366 12 342 249 12 321 249
301 94 301 94 301 301 301 94 94 301 301 301 301 94 94 347 301 301
12 354 342 342 159 159 12 12 342 159 159 194 12 12 159 159 12 159 12 342 159 159 12 342 342 159 159 12 159 12 159 342
383 383 383 383 383 383 383 383 383 383 383 383 383 383 383
159 12 12 218 12 12 159 167 159 23 159 159 159
94 94 94 94 342 94 342 293 94 94 94 94 94 94 94 94 342 366 94 94 94 94 110
12 342 12 167 342 342 342 12 342 12 342 12 342 342
94 94 12 12 185 12 94 94 94 94 12 12
253 253 403 253 342 253 253 253 262 253 253 253 342 253 253 12 249 253 253 253 12 342 253 253 12 253 253 249 253 253 253 253 253 253 253 253 12 12 253 253 253
236 236 342 236 236 264 342 342 236 236 236 342 236 236
196 196 12 12 12 12 196 285 12 196 12 196 12 196 196 12 12 196 12
12 94 342 12 12 12 94 260 342 12 94 12 12 342 94 12 12 342 94 94 12
215 215 215 215 215 215 215 215 215 215 215 215 215 215 215 215 215 215 215 215 215 215 215 215 215 215 215
159 159 159 159 305 94 159 159 305 94 159 94 159 94 94 159 159 159 159
253 253 253 253 253 253 253 253 253 253 253 253 12 253 12 12 253 253 253 37 253 253 266 253 266 253 253 12 253 253 12 12 37 253 12 12 253 253 148 253 253
94 12 12 94 342 94 94 94 342 12 94 94 12 342 342 94 12 94 276 94 94 94
264 12 12 12 12 159 167 12 12 12 159 159 159 159 23 12 159 12
334 334 334 334 334 334 334 334 334 334 334 334 334
159 236 236 159 236 94 94 159 94 349 236 236 349 236 236 159 159 236 159 94 94
249 342 249 12 12 12 342 12 342 148 342 12 249
342 12 12 12 342 12 12 12 12 12 342 342 190 12 12
12 159 12 159 12 260 159 12 159 12 12 12 12 159 159 12 12 159
342 12 12 218 12 12 12 12 342 342 342 12 12 12 342 12 342 342 342
94 12 12 94 218 342 342 94 366 342 12 12 94 94 12 110
159 159 159 159 159 264 159 159 159 159 159 159 159 159 159
167 159 207 94 159 207 289 227 207 207 94 249 249
342 342 12 342 249 12 249 342 342 12 12 366 249 342 342 342 342 366 249 342 342 342 249 12 12 264 366
94 159 159 94 236 94 159 94 159 159 94 159 159 94
94 342 342 342 342 12 12 342 94 342 94 243 12 12 94 12 94 342 94 342
342 12 342 12 342 342 342 167 12 12 342 342 342 12
383 383 383 383 383 383 383 383 383 383 383 383 383 383 383
342 196 342 196 196 196 196 196 342 227 196 196 342
215 94 215 215 215 249 94 226 215 215 215 215 215 215 215 94 215 215 215 215 249 215 215 215 94 215 215 215 215 215 149 215 249 215 94 215 149 94
342 342 94 94 94 194 94 94 94 342 342 342 342 342 342
249 94 94 249 249 249 94 94 249 249 94 249 249 94 181 249
215 215 215 215 249 215 249 215 215 215 215 215 215 215 215 249 215 215 249 215 215 219 215 215 215 249 215 215 215 249 215 215 215
159 159 342 342 159 159 194 342 159 159 342 159
167 342 12 12 342 342 12 12 342 342 342 342 342 12
159 222 12 159 159 159 12 37 159 12 181 159 37
94 12 12 94 249 94 249 12 94 12 94 94 313 12 12 94 342 12 94 94 94 342 12 342 12 342 249 12 94 94
342 142 342 342 342 342 342 342 342 37 342 342
342 342 94 249 342 342 249 342 342 342 342 249
12 110 23 249 94 94 12 12 12 342 249 94 249 342 12 342 342 273 94 12 12 94 12 12
342 366 218 249 342 342 12 249 12 342 342 342 342 366 12 12 342 249 342 12 342
159 129 159 12 236 12 129 236 159 371 236 236 159 371 407 12 159 94 12 236 94 293 159 407
21 383 383 383 196 196 383 196 383 383 383 383 383 383 383 196 196 21 21 196 383
236 236 236 12 236 12 236 12 236 12 236 276 236 12 236
215 253 253 253 351 253 253 215 253 253 215 253 253 253 215 215 253 215 215 253 215 215 215 215 215 253 351 215 215 253 253 253 215 253 215 253 215 253 215 215 253 253 253 215 215 253 215 253 215 253 215 253 253 215 253
301 301 301 301 301 301 301 301 301 301 301 301
12 12 12 12 249 172 12 12 12 12 12 249 249 12
12 249 249 342 342 12 249 12 12 12 342 342 148
94 94 229 94 159 159 159 229 94 159 159 229
383 383 383 383 383 383 383 383 383 383 383 383 383 383 383
253 253 253 253 253 253 253 253 253 253 253 253 253 253 253 253 253 253 253 253 253 253 253 253 253 253 253 253 253 253
12 12 249 249 12 12 249 342 342 12 94 249 12 342 94 12 249 12 94 249 12 12 94 12 12 12 342 94 12 12 305 94
12 94 12 342 12 94 12 342 249 342 159 342 276 94 342 94 342 342 342 249 342 12 94 249 342 342