77 77 77 77 77 77 77
77 77 77 77 166 77 77 77 77 77 77 77 77
77 77 77 77 77 77 77
77 77 77 77 77 77 77
191 77 77 191 77 77 77 106 77 191
191 191 191 258 304 258 258 258
77 77 77 77 77 77 77
191 191 304 258 191 258 258 258
77 77 77 166 77 77 77 77 77 77 77 77 77
10 10 77 258 77 77 77 10 10 10 258 77 77 258 77 77 77 258 210 77 77 77
125 125 125 125 125 125 125 125
125 125 125 10 10 258 258 10 183 125 258 125 125 10 10 258 125
125 125 125 125 125 125 125 125
179 258 10 10 258 10 218 10 258 191 10 10 258 10 191 10 10 258 258 10 273 258
77 77 77 77 77 77 77
77 77 77 10 77 10 273 10 258 258 77 10 21 77 170 258
77 125 125 77 125 77 125 125 125 125 77 77 179 77
77 77 77 77 77 77 77
89 89 258 258 10 10 258 10 10
125 125 125 125 125 125 125 125
167 10 125 125 125 125 10 125 10 167 10 125
284 125 10 125 230 10 10 230 125 230 125 125 125 10 10 230 230 230 230 230 230 230 230 125
156 156 156 156 156 156 156 156 156
10 258 10 258 131 10 258 258 258 10 10 258 258 258
77 77 77 77 77 77 77
10 258 258 258 191 258 10 191 258 258 258 191 258 258 191 191 10 10 191 191 10 167
247 247 247 247 247 247 247 247 247 247 247 247 247 247 247 247 247 247 247 247 247 247 247 247 247 247 247 247 247 247 247 247 247 247 247 247 247 247
247 247 247 247 247 247 247 247 247 247 247 247 247 247 247 247 247 247 247 247 247 247 247 247 247 247 247 247 247 247 247 247 247 247 247 247 247 247
293 293 293 293 293 293 293 293 293 293 293 293 293 293 293
77 77 77 77 77 77 77
156 156 156 156 156 156 156 156 156
156 156 156 156 156 156 156 156 156
191 191 191 258 191 191 191
258 106 258 258 258 258 258 258 258 258 258 258 258
125 125 125 125 125 125 125 125
258 125 125 166 191 125 125 258 125 258 191 258 125 191 125
77 77 77 156 156 77 77 156 191 222 258 191 258 156 77 191 156 156 156 156 258 258
230 207 10 10 207 207 207 10 207 207 207 207 207 207 10 10
77 125 125 125 10 271 77 77 10 77 258 125 258 125 77 10 125 125 10 258 10 77 150 258 150 125 125 125 258 125 125 258
77 77 77 77 77 77 77
191 258 258 258 258 10 258 258 258 191 10 258 191 146 10 10 10
77 77 10 77 10 77 10 146 77 10 77 10
230 230 230 230 230 230 230 230 230 230 230 230
123 123 123 123 123 123 123 123 123 123 123 123 123 123 123 123 123 123 123 123 123 123
156 156 156 156 156 156 156 156 156
77 191 191 77 191 191 191 191 77 191 191 77 191 191 191 77 191 77 153
156 156 156 156 156 156 156 156 156
77 77 77 77 77 77 77
217 156 217 179 230 217 156 4 230 179 179 217 230 230 230 4 230 230 217 230 230 230
77 77 77 77 77 77 77
77 77 77 77 77 77 77
179 156 156 179 252 179 156 156 196 179 183 156 196 179 156 252 196
125 125 125 125 125 125 125 125
271 77 77 10 271 271 131 271 282 10 271 10 258 10 89 21 10 258 271 10 271 10 271 77 10 77 131 282 96 77 10 43 271 271 282 10
156 125 125 156 125 125 156 156 217 125 156 156 125 156 156 125
142 125 10 142 10 116 125 125 10 116 10 10 10 142 10 258 258 10 36 258 150 246 10 258 258 153
77 191 77 77 125 191 77 191 77 125 191
258 191 191 36 258 191 258 191 191 258 191
77 77 77 77 77 77 77
125 125 125 125 125 125 125 125
258 10 10 271 271 125 125 258 258 34 271 191 271 10 125 10 271 10 10 125 191 258 125 271 125 271 271 10 125 271 271 191 271 10 10 10 271 271
179 179 125 179 125 179 179 179 231 179 179 179 125 125 125 125 125
77 191 77 77 10 10 77 191 191 10 77 10 10 156 77
230 230 230 230 230 230 230 230 230 230 230 230
191 191 77 191 77 77 106 77 77 77
156 156 146 156 156 156 10 77 156 10 10 10 10 10 77 156 77 10 266 10 77 10 77 10 161 21 10 10 10
125 125 125 125 125 125 125 125
273 140 10 10 10 191 10 273 258 10 258 191 258 191 191
293 250 250 250 250 293 250 293 293 250 293 293 250 293 293 250 293 293 293 250 74 293 250 293 293 250 250
258 125 258 96 258 10 10 96 258 125 10 273 10 10 10 125 258 125 258 21 125 125 241 258 125 96 10 10
77 146 10 10 10 77 10 77 77 77 10 77
125 125 125 125 125 125 125 125
179 207 179 276 207 207 207 179 207 207 179 183 210 179 207 179 207 179 179 207
179 179 179 179 179 179 179 179 179 179
230 230 230 230 230 230 230 230 230 230 230 230
271 271 179 258 125 179 179 258 271 179 179 212 212 271 179 179 212 212 271 179 271 258 179 85 179 179 271 258 271 212 179 125 271 179 271 271 271 271
271 156 271 156 271 271 156 156 156 156 271 271 271 271 271 271 271 156 8 156 271 271
179 179 179 179 179 179 179 179 179 179
10 191 10 291 191 170 258 10 10 191 10 65 192 10 65 51 10
156 156 156 156 156 156 156 156 156
273 258 258 258 258 218 258 258 191 258 191 191 116 191 191
230 230 125 230 230 230 125 230 125 230 125 125 125 230 125 269 230 230 230
10 122 10 122 10 10 10 10 10 10
258 258 10 89 258 10 258 10 10 10
207 207 207 156 77 207 287 156 156 207 156 77 156 77 287 207 156 77 207 77 156 207 207
77 77 77 77 77 77 77
125 125 125 125 125 125 125 125
10 10 10 258 258 258 89 258 10 10
77 77 77 77 77 77 77
179 258 258 179 179 179 179 258 199 199 179 179 179
250 250 250 250 250 250 250 250 250 250 250 250 250
230 230 230 191 10 271 230 10 230 10 10 230 230 10 10 230 10 230 10 10 230 191 230 10 191
122 122 77 122 77 122 122 122
77 77 77 77 77 77 77
247 247 247 247 247 247 247 247 247 247 247 247 247 247 247 247 247 247 247 247 247 247 247 247 247 247 247 247 247 247 247 247 247 247 247 247 247 247
77 77 77 77 77 77 77
179 179 179 179 179 179 179 179 179 179
150 125 10 125 125 150 10 179 125 10 125 258 10 10 258
293 293 293 293 293 293 293 293 293 293 293 293 293 293 293
179 179 179 179 179 179 179 179 179 179
125 125 125 125 125 125 125 125
77 77 77 166 77 77 77 77 77 77 77 77 77
77 258 77 77 258 77 125 77 77 258 258
77 77 77 77 77 77 77
10 21 10 10 21 117 10
125 125 125 125 125 125 125 125
50 191 10 10 191 10 10 191 10
10 77 146 10 77 77 77 10 77 77 10 10
156 156 156 172 258 258 156 258 156 156 258 156 156
207 77 207 207 207 207 77 207 207 207 77 207 207 77 77 77 239
191 191 191 191 191 191 77 191 258 191 191 191 191 258
258 258 258 156 125 10 156 156 10 125 10 125 258 258 10 273 125 125 125 156 156 258 156 125 156 156 273 264 10
10 258 258 258 77 245 77 10 10 10 77 10 258 258 77 21 10 258 258 258 10 10 258 258 258 89 10 10 258 10 10 10 77 10
77 77 77 77 77 77 77
125 125 125 125 125 125 125 125
258 10 10 10 10 10 258 10 10 10 10 10 258 258 150
125 125 125 125 125 125 125 125
191 258 10 258 191 191 191 196 258 258 10 258 10 10 258 258 258 258 258 258 10 191 191 258 258 258 258 258
125 125 125 125 125 125 125 125
102 92 92 10 92 92 92 92 92 10 92 191 92 50 10 92 92 10 92 92 92 191 92 92 92 92 92
179 179 179 179 179 179 179 179 179 179
191 218 191 191 218 191 273
258 258 258 258 258 258 258 258 36
179 179 179 179 179 179 179 179 179 179
10 77 116 116 77 116 116 116
230 230 230 230 230 230 230 230 230 230 230 230
77 153 77 153 77 153 77 77 77 153
77 77 77 191 191 106 77 191 77 77
258 258 10 258 10 10 258 10 10 122 258 258 258 10 170 258 10 10
125 125 125 191 142 125 125 191 125 191 125
156 156 156 156 156 156 156 156 156
230 230 276 230 230 230 156 156 156 276 276 156 230 156 230 156 230 230
156 156 156 156 156 156 156 156 156
10 10 117 117 21 10 10 10
258 191 191 191 191 191 191
77 153 77 153 77 153 77 77 77 153
10 10 125 125 10 10 125 125 125 125 125 10 167
252 77 186 191 142 77 77 177 156 156 77 156 191 156 77 77 77 142 156 77 77 77 177
10 10 10 10 191 258 10 10 10 191 258 191 10 122 10 10 258 10 10 190 258 10
186 156 156 77 171 186 186 186 186 156 122
258 258 258 258 258 258 258 258 36
156 156 156 156 156 156 156 156 156
125 125 125 125 125 125 125 125
258 258 36 258 258 258 36 258
156 77 156 156 77 77 156 156 201 156 77 156 77 156 77
50 10 10 50 10 191 191 191 304 191 10 191 10 10 10 50 161
125 125 125 125 125 125 125 125
156 156 156 156 156 156 156 156 156
258 258 258 258 258 36 258 36
77 10 77 10 77 77 77 77 10 77 77 77 190 142 190
207 207 207 207 207 207 207 207 207 207 207
125 125 125 125 125 125 125 125
179 179 179 179 179 179 179 179 179 179
179 179 77 179 221 77 179 77 179 77 179 179 179 221 77
10 10 10 122 10 10 10 10 10 10 10
77 77 77 166 77 77 77 77 77 166 77 77
77 77 10 258 191 77 50 10
131 125 77 125 125 183 89 77 77 125 125 125 77 77
258 77 258 77 77 10 273 258 10 146 10 77 258 226 77 77 258 77 77 273 258 77 10 77 77
207 207 207 8 8 207 271 207 271 207 207 179 271 8 201 201 8 207 66 271 271 179 271 66 271 44
125 125 125 125 125 125 125 125
258 258 304 191 258 191 258 191
10 156 10 156 206 10 170 10 258 77 10 125 212 125 125 289 289 156 77 125 77 258 125 258 167 125 21 258 258
77 77 77 199 199 199 125 231 199 77 179 179 179 77 199 231
10 10 10 10 150 10 258 258 10 10 10 10 10 258 258
10 156 10 156 10 214 10 10 156 10 156 156 156 10 10 10 156 10 156
10 77 10 10 77 77 10 77 10 77 77 146
125 125 125 125 125 125 125 125
191 179 179 179 179 179 334 191 179 179 179 179 191 190
271 293 293 293 293 293 271 271 293 271 271 271 293 88 293 271 271 293 293 271 271 293 271 293 88 293 271
258 10 131 273 77 13 156 258 258 10 77 10 156 258 258 156 258 77 10 77 10 258 258 77 77 156 258 77 10 258 10 77 258 156 258 89 156 273 10 156 258 156 77 258 258 21 77 258 21 258
191 191 191 191 191 258 191
77 77 77 77 77 77 77 207 77 77 77 77 77 207 77 77 77
92 92 92 92 92 92 92 92 156 156 156 156 156 156 156 92 92 92 92 92 92 92 115 92 156 92 92 92
125 125 125 125 125 125 125 125
125 125 125 125 125 125 125 125
77 77 77 77 77 77 77
77 77 77 77 77 77 77
258 10 258 191 258 191 10 10 258 258 191 10 146 258 258 258 10
237 10 156 237 179 10 179 217 10 217 179 217 156 10 217 217
96 10 96 96 10 10 96 10
106 156 156 210 156 258 156 304 156 10 10 77 10 156 156 156 304
258 10 10 258 10 10 258 10 89 258
77 77 77 77 77 77 77
258 273 117 117 258 258 258
125 125 125 125 125 125 125 125
50 300 179 212 222 179 179 196 201 156 10 201 300 179 10 201 212 196 196 179 179 201 122
156 77 201 156 77 156 77 156 77 156 156 77 156 77 156
156 156 156 156 156 156 156 156 156
123 123 123 123 123 123 123 123 123 123 123 123 123 123 123 123 123 123 123 123 123 123
142 191 125 125 125 191 125 191 125 125 125
125 125 125 125 142 125 191 125 125 191 191
258 258 10 191 77 258 258 254 10 191 258 258 77 77 77 10 191 77 191 258 77 77 10 191 77 258 191 77 77 10 10 10 77 77 10 10 10
117 271 271 271 10 10 125 271 117 258 271 271 271 258 271 125 271 271 125 271 10 125 258 125 10 271 19 271 10 258 125 125
258 77 77 258 146 77 167 258 258 258 77 258 167 258
179 179 179 179 179 179 179 179 179 179
156 125 125 263 125 156 125 125 156 125 156 125 156 156 156 263 125 125 125 125 125
125 125 125 125 125 125 125 125
161 77 156 10 89 10 77 156 77 10 77 156 10 77 230 36 156 156 156 156
77 258 36 293 131 258 10 77 258 131 167 77 258 10 10 258 258 10 21 258 258 191 10 258 258 77 10 218 10 10 191 258 36 131 77 191 10 77 258 146 258 258 77 258
10 191 191 191 89 10 191 10 10 191 191 10
258 10 258 10 10 89 258 258 10 10
77 77 77 77 77 77 77
179 179 179 179 179 179 179 179 179 179
156 156 156 156 156 156 156 156 156
77 77 77 77 77 77 77
258 273 273 258 258 258 258 258 50
77 77 77 77 166 77 77 77 77 77 77 77 77
156 156 156 156 156 156 156 156 156
258 258 258 258 191 191 304 191
271 271 271 271 271 271 271 271 271 271 271 271 271 271
179 179 179 179 179 179 179 179 179 179
191 10 10 258 191 10 191 258 258 10 116 10 258
156 156 156 156 156 156 258 258 156 156 258 258 172
230 230 230 230 230 230 230 230 230 230 230 230
77 77 77 77 77 77 77
77 77 77 77 77 77 77
156 156 156 156 156 156 156 156 156
156 156 156 156 156 156 156 156 156
125 125 125 125 125 125 125 125
10 10 122 10 122 10 10 10 10 10
77 77 77 77 77 77 77
258 258 258 258 36 258 258 258 258
167 122 96 125 186 186 10 125 10 125 142 125 10
258 36 258 258 258 258 258 258 258
125 186 186 186 125 125 125 77 125 171 237 156 186 125 125 156 156 122
123 123 123 123 123 123 123 123 123 123 123 123 123 123 123 123 123 123 123 123 123 123
77 77 77 77 77 77 77 207 77 77 77 77 77 207 77 77 77
191 191 191 191 191 191 191 258 191 106 191 191 191 191 191 191 191 191
77 77 77 258 125 258 77 77 258 77 258
271 271 271 271 271 271 271 271 271 271 271 271 271 271
179 179 179 179 179 179 179 179 179 179
2 38 28 179 258 15 258 293 117 28 15 179 293 293 293 179 77 117 258 293 77 15 258 293 15 293 77
77 77 77 77 77 77 77
77 77 77 77 77 77 77
125 125 125 258 153 258 125 125 258 125 258 125
125 10 125 125 334 214 207 125 191 179 10 10 166 191 179 125 191 179
125 125 125 125 125 125 125 125
191 77 77 77 191 191 258 125 191 77 77 77
10 258 258 77 258 258 77 77 10 258 252 258 77 258 250 21 10 258 258 250 77 250 258 258 250 10 77 250 10 258 250 44 250 258 250 258 191 258 258 258 258 258 258 10 250 191 10 250 10 10 250 191
271 10 8 271 179 271 10 271 271 271 179 16 220 220 271 8 8 8 8 303
207 232 207 207 271 279 328 188 77 250 277 296 82 10 271 321 10 250 313 250 10 310 235 77 271 147 179 271 326 327 188 325 250 10 77 207 296 325 250 288 10 77 10 271 250 179 288 250
77 77 77 77 77 77 77
156 258 10 77 156 234 10 77 77 156 156 156 122 77 122 156 10 10 10 156 156 258
156 156 156 156 156 156 156 156 156
77 77 77 77 77 77 77
77 77 77 77 77 77 77
77 77 77 77 77 77 77
125 125 125 125 125 125 125 125
258 258 258 258 36 258 258 258 258
179 179 179 179 179 179 179 179 179 179
179 179 179 179 179 179 179 179 179 179
77 77 77 77 77 77 77
125 125 125 125 125 125 125 125
77 77 77 77 77 77 77
125 125 125 125 125 125 125 125
271 8 271 156 271 156 156 271 271 156 156 271 271 156 156 271 156 271 271 271 271 271
92 92 92 92 92 92 92 92 92 92 92 92 92 92 92 92 92 92 92 92
77 89 125 77 125 77 77 77 89 77 125 77 77 125 125 77 179 125 222
10 122 10 10 10 10 10 10 10 10 10
238 131 191 218 191 191 334 191 238 10 117 10 191 191 10 191 10 10
125 125 125 258 125 258 125 125 258 153 258 125
125 125 125 125 125 125 125 125
156 156 156 156 156 156 156 156 156
247 247 247 247 247 247 247 247 247 247 247 247 247 247 247 247 247 247 247 247 247 247 247 247 247 247 247 247 247 247 247 247 247 247 247 247 247 247
77 77 77 77 77 77 77
179 179 179 10 10 10 10 179 10 210 179 179 179 179 179
125 125 125 125 125 125 125 125
271 179 271 271 271 179 179 271 272 271 271 271 271 271 179 271 271 271 271 179 179 179 271 271 271 271 271 271 109 179 271 179 271 271 272 271
191 258 10 10 10 10 10 77 10 77 10 10 258 77 258 10 10 10 10 10 191 77 77 10 191 10 258 228 77
77 77 77 77 77 77 77
258 207 10 77 207 207 207 290 77 258 258 263 77 234 131 304 290 10 10 220 234 10 77 298 258 258 10 207 263 10
142 258 258 125 37 125 154 297 125 142 283 125 10 125 142 258 125 258 140 125 125 118 260 125 78 21 125 125 125 140
258 10 10 258 10 10 89 258 258 10
191 77 10 77 10 10 21 191 106 77 77 77 191 191 77 191 191 207 122 191 258 191 218 10
179 179 179 179 179 179 179 179 179 179
77 77 77 77 77 77 77
177 77 177 77 125 125 125 77 177 125 77 125
156 77 77 156 156 10 10 10 10 77 258 77 156 156 258 77 156 10 10 258 10 77 156 10 77 10 10 10 77 10 77 10 258 156 10 77 77 298 77 10
230 230 276 230 230 230 156 156 156 276 276 156 230 156 230 156 230 230
77 77 77 77 77 77 77
92 92 92 92 92 92 92 92 92 92 92 92 92 92 92 92 92 92 92 92
92 92 92 92 92 92 92 92 92 92 92 92 92 92 92 92 92 92 92 92
10 89 10 258 258 258 258 10 10 10
156 156 156 156 156 156 156 156 156
77 77 77 77 77 77 77
77 125 77 77 77 125 258 258 125 125 258 125 125 199 125 258 77 77
125 199 125 125 125 125 125 125 125 125 125 125 125 125 125
258 258 258 258 258 258 258 36 258
77 77 10 10 77 77 146 10 10 77 77 10
10 10 10 10 258 10 258 10 258 10 10 258 10 10 179 10 10 10 10 10
125 125 125 125 125 125 125 125
123 123 123 123 123 123 123 123 123 123 123 123 123 123 123 123 123 123 123 123 123 123
77 258 77 77 77 77 258 258 77 258 125
191 191 77 77 10 10 77 10 77 10 191 167 77 191 191 191 10 77
258 10 258 191 191 10 191 10 258 116 10 258 10
77 77 77 77 77 77 77
156 156 156 156 156 156 156 156 156
112 15 112 142 179 77 301 124 230 77 250 301 293 230 293 77 297 112 250 179 293 293 230 293 179 293 124 250 293 77 112 293 263
10 10 258 258 258 10 10 10 89 258
125 125 125 125 125 125 125 125
191 10 191 10 10 50 191 10 10
171 156 241 171 156 171 156 156 156 156 156 156 201 156 156 171 171
77 77 77 77 77 77 77
77 77 77 77 77 77 77
77 77 77 77 77 77 77
77 77 77 77 77 77 77
77 77 77 77 77 77 77
125 125 125 125 125 125 125 125
77 77 77 77 77 77 77
10 10 258 10 258 258 10 89 10 258
191 191 304 258 191 191 191 191 191
125 125 125 125 125 125 125 125
77 258 77 258 258 77 77 125 77 77 258
77 77 77 77 77 77 77
92 92 92 92 92 92 92 92 92 92 92 92 92 92 92 92 92 92 92 92
271 271 271 271 271 271 271 271 271 271 271 271 271 271
77 297 297 177 25 77 301 77 77 230 48 201 230 156 297 250 250 156 156 297 77 301 297 156 250 230 299
179 179 179 179 179 179 179 179 179 179
258 191 191 304 258 258 258 191
258 258 258 258 258 258 96 258 96 21
125 125 125 125 125 125 125 125
258 258 77 258 167 258 146 258 258 258 77 258 146 77 77
258 10 89 10 10 10 258 10 258 258
10 10 258 258 10 89 10 10 258 258
191 258 191 304 258 258 258 191
156 156 156 156 156 156 156 156 156
77 77 191 77 304 258 77 191 258 153 77 304 77 191 304
77 258 258 258 183 36 117 191 258 77 191 258 77 258 117 258 191 258 258 77 77 77 258
122 10 10 10 10 10 10 10 10 122
156 15 179 15 156 10 156 156 179 10 179 179 156 10 179 179 179 156 190 10 190 179 198 179 156 179 179 179 179
191 89 116 258 191 258 10 10 258 191 10 10
258 117 191 191 238 117 258 117 191 125 191 191 117 258 191 258 117 304 191 117 125 117 125 125 258 125 191 125 258 117 238 222 117 258 125 117 191 191
258 258 10 258 210 77 258 77 191 258 77 258 10 77 10 258 258 258 77 10 77 191 258 258 191 10 258
258 199 179 179 179 258 179 258 258 179 179 179 179 179
77 77 77 77 77 77 77
92 179 92 179 92 179 92 92 92 92 92 92 92 92 179 92 179 179 179 92 92 92 92 92 179 121 92 92 179
125 191 191 125 125 142 125 125 125 125 191
77 77 77 77 77 77 77
125 10 10 125 10 125 125 10 125 10 125 10 10 10 10 125 10 198
247 247 247 247 247 247 247 247 247 247 247 247 247 247 247 247 247 247 247 247 247 247 247 247 247 247 247 247 247 247 247 247 247 247 247 247 247 247
92 92 92 92 92 92 92 92 92 92 92 92 92 92 92 92 92 92 92 92
92 92 92 92 92 92 92 92 92 92 92 92 92 92 92 92 92 92 92 92
230 230 230 230 230 230 230 230 230 230 230 230
24 24 24 24 24 24 24 24 24 24 24 24 24 24 24 24 24
191 156 156 191 156 156 156 156 156 167 191 156
258 258 258 258 21 140 273 10 258 258 10 10 10 258
77 77 77 77 77 77 77
191 10 10 125 191 191 172 10 125 125 10 125 125 125 125 10
179 179 179 179 179 179 179 179 179 179
125 125 125 125 125 125 125 125
10 10 10 10 10 10 10 122 10 10 10
125 125 125 125 125 125 125 125
125 125 125 125 125 125 125 125
156 156 156 156 156 156 156 156 156
191 125 191 125 142 125 191 125 125 125 125
12 230 230 230 10 43 156 230 230 164 330 10 107 10 164 258 329 258 258 230 258 10 258 21 230 230 230 156 258 156 10 333 22 230 261 10 230 156 290 79 156
156 156 156 156 156 156 156 156 156
131 77 10 212 10 10 77 131 77 77 77 77 212 10 77 77 10 10
258 258 258 125 77 77 258 77 77 77 77
156 156 156 156 156 156 156 156 156
271 271 271 271 271 271 271 271 271 271 271 271 271 271
156 156 156 156 156 156 156 156 156
258 89 258 258 10 10 89 10 10
24 24 24 24 24 24 24 24 24 24 24 24 24 24 24 24 24
77 77 77 77 77 77 77
77 77 77 77 77 77 77
258 191 258 77 77 191 77 258 191 191 191 258 77 191 191 258 191 258 191 77 258 179 77 258
271 271 250 60 271 265 271 250 271 60 250 250 250 271 60 250 271 250 276 271 250 271 250 276
10 77 77 10 77 10 77 77 10 146 10 77
258 77 77 77 258 258 258 258 258 77 77 258 290 290 191 77 191 170
77 170 10 77 77 89 77 10 77 258 10 273 258 10 10 258
258 10 89 258 10 258 258 10 10 10
77 77 77 77 77 77 77
77 125 77 77 258 77 258 77 258 258 77
191 10 153 10 10 191 10 218 191 10 21 191 10 10 10 191 10
89 258 258 10 10 258 10 89 10
156 156 156 156 156 156 156 156 156
156 297 297 186 125 101 125 258 301 304 156 156 230 156 125 25 125 156 230 156 297 297 250 156 125 156 191 156 230 125 258 304 156 301 250 156 250 125 297 156 156 4 191
125 125 125 125 125 125 125 125
125 125 125 125 125 125 125 125
77 77 77 77 77 77 77
125 125 258 125 10 10 10 10 10 125 125 258 125 258 125 183 258
77 77 77 77 77 77 77
125 77 125 77 77 77 179 77 125 125 125 77 125 125
125 77 125 125 125 77 125 77 77 77 179 179 125
217 156 217 179 179 217 217 179 217 156 217 217
77 77 77 77 77 77 77
77 77 77 77 77 77 77
156 156 156 156 156 156 156 156 156
10 77 191 156 77 156 10 77 77 77 10 191 10
10 10 199 10 199 199 199 125 10 199 179 179 179 222 10 199
77 77 77 77 77 77 77
171 77 77 171 171 125 171 125 77 125 125
230 230 230 230 230 230 230 230 230 230 230 230
77 77 77 77 77 77 77
191 191 50 10 10 191 10 10 10
247 247 247 247 247 247 247 247 247 247 247 247 247 247 247 247 247 247 247 247 247 247 247 247 247 247 247 247 247 247 247 247 247 247 247 247 247 247
258 258 140 21 258 10 258 258 273 258 10 10 10 258
258 191 191 36 258 258 258 191 191 191 191
89 10 10 258 10 10 10 258 258 258
77 77 77 77 77 77 77
77 258 258 77 77 77 77 77 258 179 77 77 77 77 258 77 77
125 125 125 125 125 125 125 125
191 191 191 191 258 191 191
77 77 77 77 77 77 77
77 77 191 191 106 77 191 77 77 77
125 125 125 125 125 125 125 125
207 207 207 8 8 207 271 207 271 207 207 179 271 8 201 201 8 207 66 271 271 179 271 66 271 44
77 77 77 77 77 77 77
77 77 77 77 77 77 77 77 77 77 77 77 166
77 77 77 77 77 77 77
77 77 77 77 77 77 77
258 258 258 36 258 258 258 258 258
258 258 77 156 10 142 234 77 142 156 258 156 156 258 77 156 156 77 10 10 156 156
258 191 191 10 258 21 10 21 10 10 191 258 258 10 258 21 10 191 10 10 10 10 191 10 10 21 239 10 258 258 191 10 10 10 258
258 125 10 125 10 183 125 125 125 258 125 258 10 125 258 10 10
271 271 271 271 271 271 271 271 271 271 271 271 271 271
77 77 77 166 77 77 77 77 77 166 77 77
77 77 77 77 77 77 77
10 77 258 150 122 77 273 116 258 258 116 116
125 125 125 125 125 125 125 125
258 191 191 258 304 191 258 258
125 125 125 125 125 125 125 125
179 179 179 179 179 179 179 179 179 179
156 156 156 156 156 156 156 156 156
10 179 179 179 179 10 179 10 179 210 179 179 10 210
125 125 125 125 125 125 125 125
179 179 179 179 179 179 179 179 179 179
293 77 77 293 293 2 2 2 293 77 293 293 293 2 293 293 293 293
156 156 156 156 156 156 156 156 156
230 230 230 230 230 230 230 230 230 230 230 230
258 198 258 258 10 258 10 10 191 10 258 10 258 258 258 10 191 258 191 258 258 10 10 258 10 10
207 207 207 156 77 207 287 156 156 207 156 77 156 77 287 207 156 77 207 77 156 207 207
167 10 167 10 10 167 77 77 131 77 10 10
77 77 77 77 77 77 77
125 125 258 258 290 77 258 125 125 125 146 221 290 258 258 77 77 77 77 89 258 125
156 156 156 156 156 156 156 156 156
156 156 156 156 156 156 156 156 156
77 77 77 77 77 77 77
125 125 125 125 125 125 125 125
10 10 10 10 10 10 10 10 10 10 10 10 166 10 10 10
247 247 247 247 247 247 251 247 247 247 247 247 247 247 10 10 247 247 247 247 21 247 247 247 10 247 247 247 247 247 247 248 247 247 247 247 247 247 247 247 247 247 10
167 50 10 125 167 167 125 125 142 125 10
258 258 191 191 258 304 258 191
258 273 258 117 258 117 258
77 77 191 77 77 106 77 77 191 191
77 77 77 77 77 77 77
258 304 191 258 258 258 191 191
77 77 77 77 77 77 77
125 125 125 125 125 125 125 125
77 77 77 77 77 77 77
77 77 77 77 77 77 77
17 271 271 179 271 17 271 179 271 271 179 179 271 179 179 271 179 271 271 271 179 271
258 117 258 258 258 273 117
258 10 290 77 210 10 77 10 258 36 36 89 77 122 77 10 10 106 77 10
179 179 179 179 179 179 179 179 179 179
77 77 77 77 77 77 77
125 125 125 125 125 125 125 125
77 77 77 77 77 77 77
297 140 297 125 297 125 297 230 125 10 140 297 50 230 31 297 250 10 297 125 10 297 250 250 10 230 125 250
125 125 125 125 125 125 125 125
77 77 77 77 77 77 77
258 36 258 258 258 258 258 258 258
157 156 218 156 191 77 77 77 156 117 157 217 306 156 156 191 77 306 156
258 156 258 156 172 156 156 156 156 156 258 156 258
125 125 125 125 125 125 125 125
89 77 77 77 77 131 77 258 258 258 273
230 230 179 179 179 293 179 179 230 230 179 230 230 179 230 293 230 230 230 179
271 271 271 271 271 271 271 271 271 271 271 271 271 271 271 271 271 271 271 271 271 271 271 271 271 73 271
247 247 247 247 247 247 247 247 247 247 247 247 247 247 125 247 247 247 247 247 247 125 247 247 125 247 247 125 247 247 247 247 247 247 125 125 247 247 247 247 125 247 247 253 247
77 77 77 77 77 77 77
179 179 179 179 179 179 179 179 179 179
10 122 10 10 10 10 10 10 10 10 10
125 77 125 258 77 77 258 77 77 258
77 77 77 77 77 77 77
77 77 77 77 77 77 77
156 156 156 10 156 10 156 156 258 10 10 206 258 156 258 10 258 156
10 258 10 258 77 77 10 21 122 21
258 258 273 117 258 258 117
36 258 258 258 258 258 258 36
10 258 10 258 10 10 89 258 258 10
156 156 77 156 156 77 77 156 156 201 156 201 77 77
77 77 77 77 77 77 77
125 125 258 125 125 153 258 258 125 125 258 125
258 258 258 10 10 258 258 258 258 258 10 258 258 156 10 258 258 10
10 156 10 10 10 10 156 156 156 156 156 156 156 186
77 77 77 77 77 77 77
166 77 77 77 77 77 77 77 77 77 77 77 77
77 77 77 77 77 77 77
179 179 179 179 179 179 179 179 179 179
258 191 258 258 258 191 191 304
156 156 156 156 156 156 156 156 156
258 10 77 207 258 77 10 77 77 258 258 259 258 77 77 258 10 259 259 258 258 259 10 10
191 258 258 304 258 191 258 191
258 191 191 258 258 258 191 304
271 271 271 271 271 271 271 271 271 271 271 271 271 271
271 271 258 258 298 271 258 10 258 10 271 271 271 10 271 271 10 271 271 10 271 271 271
230 230 230 230 230 230 230 230 230 230 230 230
122 258 77 77 77 77 122 258 122
258 191 304 258 191 258 258 191
125 125 125 125 125 125 125 125
156 156 156 156 156 156 156 156 156
156 156 156 156 156 156 156 156 156
77 77 77 77 77 77 77
125 125 125 125 125 125 125 125
10 217 156 156 156 156 21 10 122 10 156 10 156 156 10 10 10 161
125 125 125 125 125 125 125 125
208 208 208 208 208 208 208 208 208 208 208 208 208 208 208 208 208 208 208 208 208 208 208 208 208 208 208 208 208 208 208 208
208 208 208 208 208 208 208 208 208 208 208 208 208 208 208 208 208 208 208 208 208 208 208 208 208 208 208 208 208 208 208 208
77 77 77 77 77 77 77
179 179 179 179 179 179 179 179 179 179
191 191 10 10 50 10 191 10 10
156 156 156 156 156 156 156 156 156
10 10 10 10 122 10 10 10 10 10 10
125 125 125 125 125 125 125 125
77 77 77 77 77 77 77
10 77 77 10 10 77 10 10 10 10 10 77 177 10 77 10 77
156 156 156 156 156 156 156 156 156
77 77 77 77 77 77 77
77 77 77 77 77 77 77
77 77 77 77 77 77 77
77 77 77 77 77 77 77
125 125 125 125 125 125 125 125
125 125 125 191 142 191 125 125 125 125 191
77 258 125 125 258 77 77 77 77 258
10 10 10 10 10 122 10 10 122 10
208 208 208 208 208 208 208 208 208 208 208 208 208 208 208 208 208 208 208 208 208 208 208 208 208 208 208 208 208 208 208 208
77 77 77 77 77 77 77
258 258 258 10 131 10 10 258 258 258 10 10 258 258
10 122 10 10 122 10 10 10 10 10
10 10 122 10 10 10 10 10 10 10 10
77 77 77 77 77 77 77
10 258 258 10 10 10 258 89 258 10
10 258 89 258 10 10 10 258 258 10
10 10 10 10 10 10 258 10 191 290 50 258 10 191 10 191 167 290
125 125 125 125 125 125 125 125
45 45 54 54 45 45 60 45 45 151 45 45 45 45 45 45 151 45 45 45 151 45 151 45 45 45 45 45 45 45 45 45
77 77 77 77 77 77 77
77 77 77 77 77 77 77
125 125 125 125 125 125 125 125
77 77 77 77 77 77 77
191 10 10 10 10 10 140 10 10 191 10 10 191 10
77 77 77 77 77 77 77
77 77 77 10 10 10 77 77 10 77 10 146
77 77 77 77 77 77 77
258 191 258 304 191 191 258 258
258 10 10 258 258 131 258 10 258 10 258 258 10 258
77 258 77 125 77 77 258 258 77 258 77
125 125 125 125 125 125 125 125
77 263 230 230 230 77 230 230 77 230 230 230 230 77 77 230 230 77
77 77 77 77 77 77 77
77 77 77 77 77 77 77
125 125 125 125 125 125 125 125
89 156 156 156 77 156 77 161 77 156 156 156 77 77 206
77 77 106 77 171 77 77 77 106 77 125 77 106
77 77 77 77 77 77 77
77 258 77 258 258 77 77 77 258 77 125
207 207 207 207 207 207 207 207 207 207 207
191 191 191 191 258 191 191
77 77 77 77 77 77 77
293 293 293 293 293 293 293 293 293 293 293 293 293 293 293
156 156 156 156 156 156 156 156 156
45 45 45 45 45 45 45 45 45 45 45 45 45 45 45 45 45 45
77 77 77 77 77 77 77
258 258 258 258 36 258 258 258 258
125 125 125 125 125 125 125 125
10 122 10 10 10 10 10 10 10 10 10
36 10 10 10 196 196 10 10 36 10 10 10 10 116 10 10 10
77 77 77 77 77 77 77
179 179 179 179 179 179 179 179 179 179
258 258 125 125 258 258 258 125 258 125 258 258 125 125 171 125
156 156 156 156 156 156 156 156 156
77 77 77 77 77 77 77
77 191 77 191 77 77 191 77 106 77
125 125 125 125 125 125 125 125
194 194 194 194 194 194 194 194 194 194 194 194 194 194 194 194 194 194 194 194 194 194 194 194 194 194 194 194 194 194
208 208 208 208 208 208 208 208 208 208 208 208 208 208 208 208 208 208 208 208 208 208 208 208 208 208 208 208 208 208 208 208
125 125 125 125 125 125 125 125
258 258 125 258 171 258 125 125 258 125 125 258 258 125 258 125
230 230 230 230 230 230 230 230 230 230 230 230
77 77 77 77 77 77 77
106 77 77 77 191 77 191 191 77 77
89 10 10 10 258 10 258 258 10 258
77 77 77 77 77 77 77
77 77 77 77 77 77 77
125 125 125 125 125 125 125 125
77 191 273 258 258 258 258 191 258 77 167 77 191 77 258 89 258 77
10 258 10 258 10 258 258 258 258 258 258 10 258 258 258 156 10 258
125 191 125 191 125 125 191 125 191 191 191 125 153 125
125 125 125 125 125 125 125 125
191 191 191 191 191 191 258
10 10 10 36 258 10 77 10 10 269 10 21 77 10 77 10 36 36 258 258 258 10 21 258 258 77 77 10 77 258 10 50 10 258 258 10 10 258
77 77 77 77 77 77 77
156 156 156 156 156 156 156 156 156
77 77 77 77 77 77 77
77 77 77 77 77 77 77
258 21 258 258 21 258 21
77 77 77 77 77 77 77
194 191 194 194 194 194 194 191 194 194 194 194 195 194 194 194 194 194 194 194 194 194 194 194 194 191 194 194 194 194 194 194 194
156 156 156 156 156 156 156 156 156
146 77 77 10 77 10 77 77 10 10 10 77
10 10 10 10 10 10 10 122 10 10 10
200 200 200 200 200 200 200 200 200 200 200 200 200 200 200 200 200 200 200 200 200 200 200 200 200 200 200 200 200 200 200
10 10 258 258 10 258 89 10 10 258
10 10 21 10 10 117 10 117
89 258 10 10 89 258 258 10 10
89 10 10 258 10 10 10 258 258 258
77 77 77 77 77 77 77
258 258 258 258 258 258 258 273 258 258 258 258 258 258 273 191 258 258 258 258 191 304 172
258 10 190 258 77 77 258 36 77 258 77 258 36 258 77 10 106 10 258 258
77 77 77 77 166 77 77 77 77 77 77 77 77
77 77 77 77 77 77 77
77 258 156 156 258 258 258 77 156 258 77 77 258 156 258 156 258 258 77 241 258 77 258 156 156 258 156
125 125 125 125 125 125 125 125
77 77 77 77 77 77 77
258 258 304 191 191 258 191 258
125 207 250 207 207 125 207 125 207 125 125 207 207 125 207 207 125 207
77 77 77 77 77 77 77
258 191 117 258 258 191 218 258 10
125 125 125 125 125 125 125 125
77 77 77 77 77 77 77
258 10 10 258 10 258 89 10 10 258
191 191 191 191 258 191 191 258 258 258 36
156 156 156 156 156 156 156 156 156
77 77 77 77 77 77 77
258 156 77 77 258 10 156 161 77 156 258 156 258 10 156 77 21 77 77 239 10 156 10 156
10 10 10 10 10 10 122 10 10 10 10
77 77 77 77 77 77 77
258 258 10 258 258 191 191 191 10 258 258 10 146 258 258 10 10
125 10 125 258 125 191 125 125 10 191 258 10 10 258 191 125 10 196 258 125
77 77 77 77 77 77 77
77 77 77 77 77 77 77
45 45 258 45 45 45 45 45 45 45 258 45 258 45 45 45 45 55 258 45 45 45
77 77 77 77 77 77 77
208 208 208 208 208 208 208 208 208 208 208 208 208 208 208 208 208 208 208 208 208 208 208 208 208 208 208 208 208 208 208 208
77 77 77 77 77 77 77
77 77 77 77 77 77 77
191 191 10 10 10 50 191 10 10
258 77 10 10 258 10 10 77 10 10 146 258 10 77 10 10 10 77 221 122 10 258 77 10
77 77 77 77 77 77 77
125 125 125 125 125 125 125 125
125 125 125 125 125 125 125 125
258 10 77 10 10 10 10 77 258 170 258 77 273 77 77 89
125 125 125 125 125 125 125 125
77 10 77 10 146 77 10 10 77 77 10 77
77 77 77 77 77 77 77
10 10 36 36 10 10 125 10 10 125
77 77 77 77 77 77 77
77 77 77 77 77 77 77
10 258 150 10 10 258 10 10 10 89 10 10 10 258
125 125 125 125 10 10 10 167 125 125 125 125 125 125 222 10 125 125 125
10 10 122 10 10 10 10 10 10 10 10
304 258 258 191 191 191 258 258
208 209 208 200 208 200 208 225 200 208 200 208 200 200 200 208 208 208 208 208 200 200 208 208 200 208 209 225 208 208 200 209 208 294 200 208 209 200 209 200 208 208 208 208 225 208 200 294 209 208 200 200 209 200 209 294 200 208 208 200
77 77 77 77 77 77 77
10 10 10 10 122 10 10 10 10 10 10
77 77 77 77 77 77 77
77 77 77 77 77 77 77
77 77 77 77 77 77 77
258 89 258 258 258 10 10 10 146 258 191 191 10 258 191 258
10 77 77 10 77 77 77 77 10 10 10 10 77 77 220 10 77 10 10 77 77 146
179 179 210 179 10 179 179 10 10 179 10 179 179 179 10
258 125 153 258 258 125 125 125 258 125 125 125
179 125 125 125 125 179 10 125 179 265 258 10 10 179 179 179 258 179 179 258 258 10 179 10 125 125
77 77 77 77 77 77 77
194 200 200 208 208 208 200 200 208 194 200 208 24 194 203 229 24 200 200 194 208 194 229 194 47 194 208 208 208 208 203 208 208 194 200 208 274 194 200 24 194 200 208 194 285 24 208 194 194 24 194 208 274 285 208 208 208 24 24 208 24 30 24 208 208 274 208 294 194 295 274 200 274 200 24 285 208 200 194 38 194 229 208 274 200 274 200 208 24
77 77 77 77 77 77 77
10 10 89 258 10 258 10 258 258 10
207 207 207 207 207 207 207 207 207 207 207
156 156 156 156 156 156 156 156 156
191 258 258 191 191 77 258 77 273 89 191 258 77 258 172 258 77 191 77 258 191
10 210 10 210 179 179 10 179 179 179 179 179 179 10
10 10 125 10 125 125 198 10 125 10 10 10 125 10 10 10 125 125
77 77 77 77 77 77 77
77 77 77 77 77 77 77
77 77 77 77 77 77 77
125 125 125 125 125 125 125 125
10 125 167 125 167 10 125 125 125 10 10 125
200 200 200 200 200 200 200 200 200 200 200 200 200 200 200 200 200 200 200 200 200 200 200 200 200 200 200 200 200 200 200
293 293 293 293 293 293 293 293 293 293 293 293 293 293 293
45 45 54 54 45 45 60 45 45 151 45 45 45 45 45 45 151 45 45 45 151 45 151 45 45 45 45 45 45 45 45 45
191 10 191 191 10 10 171 10 10 10 10 10 10 10 10 10 10 10 10
77 77 77 258 258 10 77 77 258 10 258 77 10 167 10 10
77 77 77 77 77 77 77
24 200 203 24 200 200 200 200 200 200 38 229 200 24 200 200 24 200 24 24 200 200 24 200 200 200 200 203 229 24 200 200 200 24 24 229 229 200 200 200 229 200 24
146 77 258 77 10 258 258 77 10 77 258 167 10 77 10
77 77 77 77 77 77 77
77 77 77 77 77 77 77
10 10 50 10 191 10 191 191 10
156 156 156 156 156 156 156 156 156
77 77 77 77 77 77 77
258 258 258 258 258 258 36 258 258
45 45 45 179 84 45 84 45 45 84 45 179 84 84 45 45 45 179 45 179 179 45 45
77 77 77 77 77 77 77
77 77 77 77 77 77 77
156 156 156 156 156 156 156 156 156
77 77 77 77 77 77 77
77 77 77 77 77 77 77
24 24 24 24 24 24 24 24 24 24 24 24 24 24 24 24 24
77 77 77 77 77 77 77
10 10 89 258 10 258 10 258 258 10
125 125 10 10 167 125 125 125 167 10 10 125
10 77 10 146 77 258 10 10 10 77 10 77 77 196 77 258 10 77
258 179 258 179 179 179 258 179 179 179 258 199 179 179
10 10 10 10 10 10 10 10 10 122 10
10 10 10 10 10 10 10 10 122 10 10
24 24 24 24 24 24 24 24 24 24 24 24 24 24 24 24 24
125 77 258 77 258 77 77 77 77 258 258
208 208 208 208 208 208 208 208 208 208 208 208 208 208 208 208 208 208 208 208 208 208 208 208 208 208 208 208 208 208 208 208
24 24 24 24 24 24 24 24 24 24 24 24 24 24 24 24 24
10 10 10 258 258 10 258 89 258 10
77 77 77 77 77 77 77
77 77 77 77 77 77 77
77 77 77 77 77 77 77
10 10 10 10 258 258 89 10 258 258
10 10 200 200 200 200 200 200 200 200 10 200 200 10 10 10 200 200 200 10 200 200 10 200 10 200 200 200 208 200 200 10 200 200 200 10 200 200 200 200 10 200 10 10 10 200
179 179 179 207 207 207 179 179 207 179 207 207 179 275 207 179 207 179 207 207
122 10 10 10 10 122 10 10 10 10
77 77 77 77 77 77 77
77 77 77 77 77 77 77
10 77 10 77 10 77 77 10 10 10 177 10 10 77 77 10 10
21 10 10 10 10 10 10 10 21 10 167 10 10 10 10 10
191 156 222 191 258 191 156 77 77 258 156 156 77 156 77 156 77 258 156 258 77 156
10 122 10 10 10 10 10 10 10 10 10
77 77 77 77 77 77 77
191 10 10 50 191 10 191 10 10
77 77 77 77 77 77 77 166 77 77 77 77 77
10 273 258 258 89 258 258 258 258 206 10 77 77 258 77 125 10 10 77 10 258 258 258
77 258 77 258 258 77 125 77 77 77 258
10 89 77 125 77 10 77 10 10 125 21 77 125 125 125 77 125 125 212
125 131 77 77 89 183 77 125 125 77 125 125 77 125
156 156 156 156 156 156 156 156 156
77 77 77 77 77 77 77
77 77 77 77 77 77 77
194 200 200 194 197 200 200 194 274 274 200 200 194 194 194 200 200 194 200 274 194 200 274 194 200 274 200 194 274 200 200 200 194 200 197 200 194 209 274 194 200 274 194 200 274 274 194 194 200 194 197
125 125 125 125 125 125 125 125
77 77 77 77 77 77 77
10 199 10 125 10 10 125 10 10 125 10 21 10 131 125 125 10 125
258 10 10 258 10 258 10 258 89 10
125 125 125 125 125 125 125 125
258 304 258 258 191 304 191
258 258 50 10 258 10 10 258 258 10 10 10 246 191 10 258 10 10 10 10 10 10 10 10 10 10 258 191 10 10 258 10 10 10 10 10
194 194 194 194 194 194 194 194 194 194 194 194 194 194 194 194 194 194 194 194 194 194 194 194 194 194 194 194 194 194
45 45 45 45 45 45 45 45 45 45 45 45 45 45 45 45 45 45
24 24 24 24 24 24 24 24 24 24 24 24 24 24 24 24 24
10 125 125 125 198 10 125 10 10 125 10 10 10 125 10 10 125 10
125 258 77 77 77 258 77 258 258 77 77
258 293 77 293 258 293 293 293 77 293 293 258 293 77 293 20 293 258 293 77 293 258 258 293 77 258 77 293 258
10 77 77 77 10 146 77 77 77 10 10 10
77 77 77 77 77 77 77
77 77 77 77 77 77 77
77 77 77 77 77 77 77
10 191 10 258 258 21 258 258 10 10 258 21 10 10 10 258 258 10 210 10 10 191 10 10 191 258 10
10 50 191 191 191 10 10 10 10
179 179 179 179 179 179 179 179 179 179
77 77 77 77 77 77 77
179 179 179 179 179 179 179 179 179 179
131 11 10 10 10 10 11 11 11 10 10
77 77 77 77 77 77 77
125 258 77 77 258 77 258 77 258 77 77
191 258 258 304 258 191 258 191
77 10 77 77 179 21 10 77 77 10 89 10 10 10 10 10 10
77 77 77 77 77 77 77
156 156 156 156 156 156 156 156 156
77 77 77 77 77 77 77
77 77 77 77 77 77 77
10 191 117 162 191 10 10 10 77 10 218
77 77 77 77 77 77 77
77 77 77 77 77 77 77
125 77 77 258 258 77 77 258 77 77 258
125 125 191 125 125 125 191 142 191 125 125
156 156 156 156 156 156 156 156 156
77 77 77 77 77 77 77
150 10 10 258 258 10 10 10 10 258 10 10 10 10 258
194 194 194 194 194 194 194 194 194 194 194 194 194 194 194 194 194 194 194 194 194 194 194 194 194 194 194 194 194 194
125 125 125 125 125 125 125 125
77 77 77 77 77 77 77
10 156 156 156 190 161 10 156 21 156 10 10 156 156
125 125 125 125 125 125 125 125
77 77 77 77 77 77 77
125 10 10 125 125 167 125 125 10 125 10 167
77 77 77 77 77 77 77
131 10 258 10 10 258 258 258 10 258 258 258 10 258
191 258 191 191 191 191 191
258 10 10 191 10 191 10 191 258 258 116 10 258
21 10 10 21 10 10 10 125 10 10 10
125 125 125 125 125 125 125 125
77 77 77 77 77 77 77
125 10 10 125 125 167 125 125 10 125 10 167
10 10 10 10 10 10 10 10 122 10 10
77 77 77 77 77 77 77
125 125 125 125 125 125 125 125
258 258 191 10 258 167 258 258 258 10 258 258 10 258 258 10 191 10 258 258 191
77 77 77 77 77 77 77
77 77 77 77 77 77 77
77 77 77 77 77 77 77
258 10 258 10 10 89 258 258 10 10
77 77 77 77 77 77 77
10 77 77 77 77 10 10 146 10 77 10 77
10 10 191 304 258 10 10 258 116 191 258 10
125 125 191 125 125 142 191 125 191 125 125
10 142 10 10 186 77 77 77 77 161 77 77 77 186
77 77 77 77 77 77 77
77 77 77 77 77 77 77
125 125 125 125 125 125 125 125
194 194 194 194 194 194 194 194 194 194 194 194 194 194 194 194 194 194 194 194 194 194 194 194 194 194 194 194 194 194
77 77 77 77 77 77 77
156 156 156 156 156 156 156 156 156
77 77 77 77 77 77 77
10 10 10 10 10 10 10 122 10 10 10
125 125 125 125 125 125 125 125
77 77 166 77 77 77 77 77 77 77 77 77 77
77 77 77 77 77 77 77
125 125 125 125 125 125 125 125
293 293 293 293 293 293 293 293 293 293 293 293 293 293 293
77 77 77 77 77 77 77
125 125 125 125 125 125 125 125
77 77 77 77 77 77 77
207 207 207 207 207 207 207 207 207 207 207
191 191 77 77 10 77 10 191 156 77 10 146 10 77
77 77 77 77 77 77 77
77 77 77 77 77 77 77
258 258 258 36 258 36 258 258
179 179 179 179 179 179 179 179 179 179
77 77 77 77 77 77 77
10 10 125 10 125 10 125 125 125 10 167 125 125
194 200 200 194 197 200 200 194 274 274 200 200 194 194 194 200 200 194 200 274 194 200 274 194 200 274 200 194 274 200 200 200 194 200 197 200 194 209 274 194 200 274 194 200 274 274 194 194 200 194 197
10 10 10 10 10 10 10 10 122 10 10
45 45 45 45 45 45 45 45 45 45 45 45 45 45 45 45 45 45
258 191 191 304 191 258 258 258
125 125 125 125 125 125 125 125
77 77 77 77 77 77 77
153 153 258 258 125 125 125 125 125 258 125
179 179 179 179 179 179 179 179 179 179
77 77 77 77 77 77 77
125 125 125 125 125 125 125 125
10 10 10 150 258 258 10 258 10 10 258 10 10 10 10
10 10 77 10 77 77 77 146 10 77 146
89 10 10 258 10 10 258 258 258 10
77 77 77 77 77 77 77
77 77 77 77 77 77 77
125 125 125 125 199 125 125 125 125 125 125 125 125 125 125
258 258 10 10 258 89 10 10 258 10
258 258 258 36 191 191 191 191 258 191 191
77 77 77 77 77 125 258 258 77 258 258
125 125 125 125 125 125 125 125
77 77 77 77 77 77 77
125 258 77 77 77 258 77 77 258 258 77
125 125 125 125 125 125 125 125
258 258 36 258 258 258 258 258 258
10 258 258 10 89 258 10 258 10 10
77 77 77 77 77 77 77
77 77 77 77 77 77 77
179 179 179 179 179 179 179 179 179 179
293 293 293 293 293 293 293 293 293 293 293 293 293 293 293
179 179 179 179 179 179 179 179 179 179
77 77 77 77 77 77 77
10 10 125 258 10 131 10 125 10 10 10 10 258 125 125 131 10 258 10 273 10 125 10 10 237 125
77 77 77 77 77 77 77
45 45 45 45 45 45 45 45 45 45 45 45 45 45 45 45 45 45
258 258 258 304 258 191 191 258 258 258 191 191 106 191
10 191 10 10 77 77 10 191 77 10 191 212 10 258 10 10 191 77 191 77 258 10 258 77 10 191 258
258 10 10 258 258 258 10 258 258 131 258 10 258 10
125 125 125 125 125 125 125 125
125 125 125 125 125 125 125 125
50 10 10 10 191 191 191 10 10
125 125 125 125 125 125 125 125
156 156 156 156 156 156 156 156 156
77 77 77 77 77 77 77
10 10 191 191 191 10 50 10 10
77 77 77 77 77 77 77
125 125 125 125 125 125 125 125
125 125 125 125 125 125 125 125
45 200 45 200 233 200 200 45 200 200 204 72 202 200 53 45 45 200 45 53 200 200 45 53 200 200 200 200 233 202 200 45 200 200 200 202 45 202 200 45 200 200 202 53 45 200 200
77 77 77 77 77 77 77
156 156 156 156 156 156 156 156 156
77 77 77 77 77 77 77
77 77 77 77 77 77 77
10 10 10 10 21 117 117 10
45 45 45 45 45 45 45 45 45 45 45 45 45 45 45 45 45 45
77 77 77 77 77 77 77
45 45 45 45 45 45 45 45 45 45 45 45 45 45 45 45 45 45
10 10 10 258 258 89 10 89 258
230 230 230 230 230 230 230 230 230 230 230 230
77 77 77 77 77 77 77 77 77 166 77 77 77
10 258 10 186 36 10 258 10 36 258 258 258 10 10 258 258 10 10 10 10 36
179 194 200 179 200 194 197 200 200 194 274 274 200 200 194 194 194 200 200 179 194 179 200 274 194 179 179 200 274 194 200 179 280 200 194 280 200 200 200 194 200 197 200 194 209 274 194 200 274 194 200 274 274 194 194 200 194 197 179
125 125 125 125 125 125 125 125
293 293 293 293 293 293 293 293 293 293 293 293 293 293 293
10 258 10 10 89 10 10 258 258 258
77 77 77 77 77 77 77
77 77 77 77 77 77 77
36 258 10 258 10 10 210 196 10 10 36 258 10 10 10 10 116 10 89 10
179 210 10 10 179 10 10 179 179 179 179 179 179 10 179
156 156 156 156 156 156 156 156 156
122 10 10 10 10 10 10 10 10 10 10
77 77 77 77 77 77 77
230 230 230 230 230 230 230 230 230 230 230 230
293 293 293 293 293 293 293 293 293 293 293 293 293 293 293
194 194 194 194 194 194 194 194 194 194 194 194 194 194 194 194 194 194 194 194 194 194 194 194 194 194 194 194 194 194
179 179 179 179 179 179 179 179 179 179
89 10 10 258 258 10 10 258 258 10
77 191 77 77 106 191 77 77 191 77
10 77 10 10 10 177 10 77 10 77 10 10 77 10 77 10 77
293 194 293 194 293 216 194 293 194 194 194 194 293 194 194 293 194 293 194 293 194 293 194 194 293 194 293 293 194 194 194 194 194 194 194 216 194 194 194 194 293 194 194
258 191 304 258 191 191 258 258
77 77 77 77 77 77 77
125 125 125 153 258 258 258 258 125 125 125 125
191 304 191 191 191 191 191 191 191 191
77 77 77 77 77 77 77
77 77 77 77 77 77 77
10 10 10 258 10 258 258 10 89 258
125 125 125 125 125 125 125 125
77 77 77 77 77 77 77
10 122 10 10 10 10 10 10 10 10 10
258 77 10 10 258 77 77 258 10 258 258 77 10 258 10 10 258 10 10 10 258 258 10 10 10 10 258 77 258 77 258 10 10 244
10 191 10 191 50 10 10 10 191
89 258 10 10 10 10 10 258 258 258
125 125 125 125 125 125 125 125
194 200 200 194 197 200 200 194 274 274 200 200 194 194 194 200 200 194 200 274 194 200 274 194 200 274 200 194 274 200 200 200 194 200 197 200 194 209 274 194 200 274 194 200 274 274 194 194 200 194 197
258 77 258 125 77 258 77 258 77 77 77
77 77 77 77 77 77 77
258 258 258 258 258 258 258 258 36
208 208 208 208 208 208 208 208 208 208 208 208 208 208 208 208 208 208 208 208 208 208 208 208 208 208 208 208 208 208 208 208
10 10 10 146 10 77 77 77 77 10 77 77
10 116 10 10 10 10 116 116 10
77 77 77 77 77 77 77
156 156 156 156 156 156 156 156 156
77 77 77 77 77 77 77
10 10 36 10 258 96 96 258 290
77 77 77 77 77 77 77
258 10 258 161 10 10 10 10 10 10 10 10 10 191 191 191 258 258
77 77 77 77 77 77 77
156 156 156 156 156 156 156 156 156
77 77 77 77 77 77 77
125 125 125 125 125 125 125 125
24 24 24 24 24 24 24 24 24 24 24 24 24 24 24 24 24
258 89 10 10 258 10 10 258 10 258
210 10 156 258 36 36 156 156 156 258 156 304 10 156 258 156 10 156
10 122 10 10 10 122 10 10 10 10
45 24 293 73 24 24 45 38 176 38 24 293 45 293 45 293 45 293 293 45 293 24 45 24 293 45 45 293 73 293 293 293 45 45 24 24 45 24 293 24 38 38 293 38 45 45 45 24
258 258 234 207 210 207 258 207 258 273 207 258 258 258 207 207 207 207 207
45 45 45 45 45 45 45 45 45 45 45 45 45 45 45 45 45 45
156 156 156 156 156 156 156 156 156
10 10 10 10 10 10 10 10 10 10 122
194 200 200 194 197 200 200 194 274 200 200 200 194 194 194 200 200 194 200 274 194 200 274 194 200 274 200 194 274 200 200 274 194 200 197 200 194 209 274 194 200 274 194 200 274 274 194 194 200 194 197
10 10 10 10 10 122 10 10 10 10 10
10 258 10 10 258 10 258 89 258 10
77 77 77 77 77 77 77
10 179 10 210 210 179 10 179 179 179 179 179 179 10
77 77 10 77 10 206 77 77 77 77 77 77 191 191 191 77 21 10 89 10 77
36 258 258 36 258 36 36
10 226 156 77 156 201 77 10 10 10 156 156 77 10 77 156 156 77 156
156 156 10 156 186 10 156 10 156 10 156 156 156 10
77 77 77 77 77 77 77
45 45 45 258 45 258 45 258 45 45 45 45 45 45 45 258 45 45 45 45 55 45
10 146 10 77 77 77 10 77 10 77 10 77
191 10 10 10 258 10 10 21 10 10 273 10 10 258 10 10 191 10 258 196 10 10 191
125 125 125 125 125 125 125 125
21 258 21 258 21 258 258
156 156 258 156 190 156 156 258 258 258 258 171 156 258 171
258 77 125 77 77 125 258 77 258 77
45 45 45 45 45 45 45 45 45 45 45 45 45 45 45 45 45 45
77 77 77 77 77 77 77
77 10 10 146 77 10 77 10 77 10 77 77
10 89 258 10 258 258 258 10 10 10
77 77 77 77 77 77 77
77 77 77 77 77 77 77
77 77 77 77 77 77 77
191 10 10 191 10 191 10 50 10
208 208 208 208 208 208 208 208 208 208 208 208 208 208 208 208 208 208 208 208 208 208 208 208 208 208 208 208 208 208 208 208
156 156 156 156 156 156 156 156 156
77 258 258 77 77 125 258 77 258 77 77
258 258 258 258 191 258 258 258 191 77 191 258
10 10 125 125 10 10 10 125 167 125 125 125 125
10 10 122 10 10 10 10 10 10 10 10
258 10 89 89 10 10 10 258 258
179 179 179 179 179 179 179 179 179 179
77 146 10 10 10 77 77 10 77 10 77 77
125 125 125 125 125 125 125 125
10 106 153 77 77 77 77 36 77 10 10 36
21 230 77 230 263 10 230 230 77 10 116 10 10 10 10 230 77 230 24 10 10 116 230 230 10 21 10 10 10 230 10 10 10 230 10 10 10 77 10 77
77 77 77 77 77 77 77
10 10 258 10 10 258 10 89 258 258
258 77 77 77 258 258 258 77 77 125 77
77 77 77 77 77 77 77
10 10 10 122 10 10 10 10 10 10 10
191 191 258 304 258 191 258 258
77 77 77 77 77 77 77
125 10 10 10 125 10 10 10 10 77 10 10 10 10 106 10 10 125 10 10 10 106 77 153 10 125 106 272 10 10 77 10 125 125
45 45 200 205 77 45 200 200 200 236 77 45 200 200 60 45 45 200 200 45 45 200 77 45 45 200 200 45 60 45 77 200 200 200 205 200 77 45 200 200 200 200 200 77 200 200 200 60 200 200 200 200 60 200
10 116 10 10 10 10 10 116 10 10 10 10 10 161
10 10 10 10 10 10 10 10 10 10 122
208 208 208 208 208 208 208 208 208 208 208 208 208 208 208 208 208 208 208 208 208 208 208 208 208 208 208 208 208 208 208 208
77 77 77 77 77 77 77
258 258 10 10 258 89 10 258 10 10
77 77 77 77 77 77 77
77 77 77 77 77 77 77
125 125 125 125 125 125 125 125
77 125 125 125 77 77 77 125 179 125 77 125 125 77
45 1 45 91 230 151 45 230 151 110 45 255 207 331 151 230 316 230 244 151 61 230 61 207 151 7 230 45 230 67 61 113 59 207
258 156 258 156 36 156 258 258 21 156 258 258 156 156 89 220 156 21 156 258
207 207 207 207 207 207 207 207 207 207 207
271 271 271 271 271 271 271 271 271 271 271 271 271 271
207 207 207 207 207 207 207 207 207 207 207
207 207 191 207 191 207 207 207 207 207 207 207 214 191
230 230 230 230 230 230 230 230 230 230 230 230
179 179 179 179 179 179 179 179 179 179
125 125 125 125 125 125 125 125
64 10 64 64 64 64 10
156 156 156 156 156 156 156 156 156
207 207 207 207 207 207 207 207 207 207 207
24 24 24 24 24 24 24 24 24 24 24 24 24 24 24 24 24
125 125 125 125 125 125 125 125
168 244 244 179 179 179 168 179 156 307 193 244 244 156 156
125 125 125 125 125 125 125 125
92 92 92 92 92 92 92 92 92 92 92 92 92 92 92 92 92 92 92 92
125 125 125 125 125 125 125 125
125 125 125 125 125 125 125 125
207 207 207 207 207 207 207 207 207 207 207
258 10 10 89 258 10 258 258 10 10
92 92 98 271 92 129 286 129 92 92 129 92 92 129 129 92 271 92 129 92 129 129 271 129 271
77 77 77 77 77 77 77
77 77 77 77 77 77 77
156 156 156 156 156 156 156 156 156
36 258 258 258 258 258 258 258 258
156 156 156 156 156 156 156 156 156
125 125 125 125 125 125 125 125
77 77 77 77 77 77 77
77 77 77 77 77 77 77
77 77 77 77 77 77 77
156 177 177 177 156 177 177 177 177 177
179 179 179 179 179 179 179 179 179 179
156 156 156 156 156 156 156 156 156
125 125 125 125 125 125 125 125
207 207 207 207 207 207 207 207 207 207 207
45 148 80 322 24 312 45 45 63 125 24 45 24 63 319 156 319 45 45 45 169 45 24 125 125 125 45 45 58 45 156 125 24 104 24 24 58 311 156 94 311 45 45
92 92 45 116 139 45 271 24 318 92 152 143 24 128 24 152 45 143 5 116 92 92 56 116 92 68 172 314 271 211 24 159 159 175 24 128 92 45 10 24 77 215 24 159 128 77 128 271 83 182 314 128 45 40
258 207 191 234 207 156 258 234 191 207 234 234 258 234 191 258 156 234 252 207
77 77 77 77 77 77 77
156 156 156 156 156 156 156 156 156
264 207 207 207 207 156 156 156 207 156 156 207 264 156 207 264 207
69 69 69 69 69 69 69 69 69 69 69 69 69 69 69 69 69 69 69
230 230 230 230 230 230 230 230 230 230 230 230
77 77 77 77 77 77 77
179 179 258 258 199 179 179 199 179 258 179 179 179
77 77 77 77 77 77 77
92 92 45 120 45 92 62 45 92 62 45 45 92 92 92 62 160 160 160 160 92 92 45 92 160 160 92 92 62 160 45
125 125 125 125 125 125 125 125
77 77 77 77 77 77 77
116 116 77 116 116 10 116 77
258 10 50 50 10 50 50
156 156 156 156 156 156 156 156 156
77 77 77 77 77 77 77
125 125 125 125 125 125 125 125
125 125 125 125 125 199 125 125 125 125 125 125 125 125 125
166 166 125 125 77 166 125 166 166 77
125 125 125 125 125 125 125 125
207 77 77 77 207 207 77 207 207 207 239 77 207 207 207 77 207
156 156 156 156 156 156 156 156 156
207 250 207 207 278 105 187 278 207 270 125 77 243 213 278 207 29 278 207 207 278 207 93 207 207 207 250 77 278 207 278 243 114 207 125
125 258 125 258 125 125 125 258 125 153 258 125
156 156 156 156 156 156 156 156 156
106 191 77 191 77 77 77 77 191 77
125 125 125 125 125 125 125 125
10 156 125 156 156 125 156 156 10 125 125 156 237 125 156 125 10 10 125 156 10
156 156 156 156 156 156 156 156 156
24 24 24 24 24 24 24 24 24 24 24 24 24 24 24 24 24
179 179 258 258 199 179 179 199 179 258 179 179 179
77 77 77 77 77 77 77
230 230 230 230 230 230 230 230 230 230 230 230
77 77 77 77 77 77 77 77 77 77 77 77 166
96 258 10 140 258 96 10 10 96 258 10 258
230 230 15 231 230 230 231 230 230 230 230 230 230 230 230 230 230 230 234 230 230 230 230
10 77 77 146 77 10 77 10 77 10 10 77
125 125 125 125 125 125 125 125
77 77 201 77 156 156 156 156 77 201 156 156 77 156
226 156 156 156 156 156 156 226 226 156 226 156 156 156
125 239 239 196 179 125 179 179 166 125 179 125 179 196 125 196
207 179 179 179 275 210 179 179 179 179 179 179 179 179 179 10 179 10 179 179 207
77 77 77 77 77 77 77
125 125 125 125 125 125 125 125
191 77 220 179 226 191 179 77 77 179 179 179 191 220 77 179 179
125 125 125 125 125 125 125 125
125 125 125 125 125 125 125 125
183 131 131 156 156 77 131 156 77 77 183 156 217 156 156
156 156 156 156 156 156 156 156 156
156 156 156 156 156 156 156 156 156
125 156 201 156 156 125 201 201 201 125 201 156
258 258 191 258 258 304 191 191
156 156 156 156 156 156 156 156 156
77 77 10 10 77 170 10 10 96 77 77 170 96
156 156 156 156 156 156 156 156 156
271 271 271 271 271 271 271 271 271 271 271 271 271 271
125 125 125 125 125 125 125 125
125 125 125 125 125 131 125 125 131 125 125 125 125 125 125 125 125 245 125 125 125 125
10 10 140 50 10 50 10 50 258 10 10 10
125 125 77 77 125 179 179 77 77 125 125 125 77
191 77 77 77 77 191 191 77 106 77
77 77 77 77 77 77 77
156 10 10 10 10 186 156 156 156 156 156 156 156 10
77 77 77 77 166 77 77 77 77 77 77 77 77
125 125 125 125 125 125 125 125
179 179 179 179 179 179 179 179 179 179
207 207 207 207 207 207 207 207 207 207 207
10 258 50 50 50 10 50
77 77 77 77 77 77 77
125 125 125 125 228 171 77 77 125 125 171 125 125 125 125 77 171 125
92 92 92 92 92 92 92 92 92 92 92 92 92 92 92 92 92 92 92 92
156 156 156 156 156 156 156 156 156
24 24 24 24 24 24 24 24 24 24 24 24 24 24 24 24 24
77 77 334 106 77 77 191 77 191 77 191
24 24 24 24 24 24 24 24 24 24 24 24 24 24 24 24 24
156 156 156 156 156 156 156 156 156
156 156 156 156 156 156 156 156 156
77 77 10 10 10 77 10 77 146 77 77 10
77 77 77 77 77 77 77
77 77 77 77 77 77 77
77 77 77 77 77 77 77
156 156 156 156 156 156 156 156 156
271 271 271 271 271 271 271 271 271 271 271 271 271 271
77 77 77 77 77 77 77
69 69 69 69 69 69 69 69 69 69 69 69 69 69 69 69 69 69 69
77 77 77 77 77 77 77
258 21 258 258 258 21 21
156 156 156 156 156 156 156 156 156
77 77 77 77 77 77 77
179 179 179 179 179 179 179 179 179 179
156 125 156 125 10 156 125 10 156 125
156 156 156 156 156 156 156 156 156
92 92 92 92 92 92 92 92 92 92 92 92 92 92 92 92 92 92 92 92
77 77 77 77 77 77 77
230 230 230 230 230 230 230 230 230 230 230 230
125 125 125 125 125 125 125 125
156 156 156 156 156 156 156 156 156
156 156 156 156 156 156 156 156 156
77 125 77 179 125 125 125 125 77 77 179 125 77
258 258 156 156 156 258 191 183 156 156 156 156 156 191 258 191
231 207 10 207 10 207 10 10 50 207 207 207 207 207 212 212
125 125 125 125 125 125 125 125
250 278 250 278 278 278 278 250 250 278 278 278 207 278 207
77 191 106 77 77 191 77 191 77 77
156 156 156 156 156 156 156 156 156
125 125 212 207 254 207 207 125 207 125 142 207 207 125 207 207 125 212
156 239 156 156 177 177 177 156 226 239 177 239 156 177 156
69 69 69 69 69 69 69 69 69 69 69 69 69 69 69 69 69 69 69
77 77 179 125 125 125 125 125 77 77 125 77 77 125
125 77 125 125 263 125 191 77 125 10 125 125 77 125 125 77 125 10 125 125 10 77 125 77 125 10 191 10 191
6 150 77 122 150 207 207 77 77 77 207 207 207 156 77 122 179 246 150 77 6 125 122 207 207 207 77
271 271 271 271 271 271 271 271 271 271 271 271 271 271
125 125 125 125 125 125 125 125
10 191 191 191 50 10 10 10 10
77 77 77 77 77 77 77
125 125 125 125 125 125 125 125
77 77 77 77 77 77 77
207 207 207 207 207 207 207 207 207 207 207
77 77 77 77 77 77 77
125 125 125 125 125 125 125 125
125 125 125 125 125 125 125 125
125 125 125 125 125 125 125 125
92 92 92 92 92 92 92 92 92 92 92 92 92 92 92 92 92 92 92 92
125 125 125 125 125 125 125 125
77 77 77 77 77 77 77
258 77 77 258 77 77 258 125 77 258 77
77 258 77 10 77 258 10 10 258 77 77 77 258 10 10 167
92 92 92 92 92 92 92 92 92 92 92 92 92 92 92 92 92 92 92 92
125 125 125 125 198 125 125 125 198 125 198 125 125
156 156 156 156 156 156 156 156 156
156 156 77 77 156 77 156 156 201 201 156 77 77 156
258 172 156 156 258 156 156 156 156 258 156 258 156
183 153 153 10 77 10 77 10 77 183 77 10 77 77
77 77 77 77 77 77 77
125 125 125 125 125 125 125 125
156 156 156 156 156 156 156 156 156
179 179 179 179 179 179 179 179 179 179
10 122 10 10 10 10 10 10 10 10 10
156 156 156 156 156 156 156 156 156
92 77 92 92 10 92 92 258 92 92 92 92 273 92 92 10 77 103 92 10 92 92 92 92 93 92 92
179 179 179 179 179 179 179 179 179 179
156 156 201 156 10 77 226 10 156 77 156 77 77 10 156 156 10 146
69 69 69 69 69 69 69 69 69 69 69 69 69 69 69 69 69 69 69
191 191 191 191 191 258 191
24 24 10 116 39 125 125 125 24 10 24 10 177 24 125 125 177 116 125 24 125 24 116 125 125 130 10 24 39 125 125 125 24 39 125 10 24 10 125 77 172 24 125 125 77 125 24 125 24 125
77 77 77 77 77 77 77
167 177 10 156 50 146 125 10 146 10 125 177
230 230 230 230 230 230 230 230 230 230 230 230
77 77 77 77 77 77 77
179 179 179 179 179 179 179 179 179 179
125 125 125 125 125 125 125 125
45 45 45 45 45 45 45 45 45 45 45 45 45 45 45 45 45 45
156 156 156 156 156 156 156 156 156
156 156 156 156 156 156 156 156 156
24 24 24 24 24 24 24 24 24 24 24 24 24 24 24 24 24
179 179 179 179 179 179 179 179 179 179
179 179 179 179 179 179 179 179 179 179
77 77 77 77 77 77 77
179 179 179 179 210 210 179 10 179 10 179 10 179 10
125 125 125 125 125 125 125 125
167 125 125 125 125 10 125 10 125 10 125 10 10
77 77 77 77 77 77 77
156 156 156 156 156 156 156 156 156
24 24 24 24 24 24 24 24 24 24 24 24 24 24 24 24 24
258 125 258 125 125 125 153 125 258 258 125 125
77 77 77 77 77 77 77
156 156 156 156 156 156 156 156 156
77 77 125 77 177 177 125 177 125 125 125 77
258 125 125 258 191 166 125 191 258 258 125 125 191 125 125
125 179 179 171 179 257 125 125 77 179 171 179 179 77 77 125 257 179 179
45 155 71 24 45 45 77 46 57 191 24 45 24 46 32 45 45 45 149 45 77 24 26 191 45 45 42 45 24 24 52 131 42 77 24 100 26 45 191 45
258 77 77 258 77 77 77 258 125 77 258
156 156 156 156 156 156 156 156 156
125 125 125 125 125 125 125 125
125 125 125 125 125 125 125 125
156 156 156 156 156 156 156 156 156
77 77 77 77 77 77 77
125 125 125 125 125 125 125 125
179 179 179 179 179 179 179 179 179 179
230 230 230 230 230 230 258 230 258 230 230 230 258 258 230 241
125 10 125 125 125 10 167 10 10 125 125 125 10
77 77 77 77 77 77 77
156 156 156 156 156 156 156 156 156
179 179 179 179 179 179 179 179 179 179
156 156 156 156 156 156 156 156 156
207 165 92 45 136 156 45 271 320 179 249 145 240 69 207 179 207 271 145 45 156 207 75 302 173 69 165 332 179 207 207 92 125 158 90 173 125 69 271 125 69 156 125 92 179 158 219 268 69 223 179 45 317 69 179 92 181 179 207 125 158 173 179 69 127 14 134 132 309 69 108 81 309 207 86 92 69 69
10 77 258 77 206 77 50 50 77 258 10 10 156 10 10 258 258 258 77 10 10
77 77 77 77 77 77 77
156 125 9 77 258 191 258 77 10 191 125 77 258 290 258 125 177 156 77 177 125 191 77 125 77 258 258 21 290 77 258 258 77 125 77 77 125 191 191 258 125 10 125 77 156 258
77 77 77 77 77 77 77
258 258 258 258 258 258 258 258 106 258 258 258 258
207 156 258 156 77 156 258 207 201 156 207 258 298 207 156 77 156 77 207 207 156 258 77 207 207 77 207 207
125 125 125 125 125 125 125 125
199 125 199 10 125 10 10 199 125 10 10 10 125 199
77 77 77 77 77 77 77
207 207 207 207 207 207 207 207 207 207 207
271 271 271 271 271 271 271 271 271 271 271 271 271 271
125 125 125 125 125 125 125 125
230 258 230 230 258 230 230 230 258 230 230 230 241 230 230 258
10 10 125 21 21 10 10 10 10 10 10
125 125 125 125 125 125 125 125
199 179 179 179 179 179 258 179 199 179 258 258 179
156 156 156 258 172 156 156 258 156 156 258 156 258
179 179 179 179 179 179 179 179 179 179
77 77 77 77 77 77 77
125 125 125 125 125 125 125 125
77 258 77 77 258 77 77 125 258 258 77
92 92 92 92 92 92 92 92 92 92 92 92 92 92 92 92 92 92 92 92
77 77 77 77 77 77 77
45 45 45 45 45 45 45 45 45 45 45 45 45 45 45 45 45 45
165 92 92 92 69 165 165 165 92 165 69 69 92 92 165 69 69 69 92 92 92 165 69 92 165 95 69 81 92 69 69
207 207 207 207 207 207 207 207 207 207 207
10 172 77 172 172 125 172 172 77 125 125
156 156 156 156 156 156 156 156 156
125 10 125 10 10 125 10 125 125 125 10 167 125
50 10 191 10 191 10 10 191 10
125 125 125 125 125 125 125 125
77 77 77 77 77 77 77
183 153 153 10 77 10 77 10 77 183 77 10 77 77
165 92 98 271 92 69 69 286 174 165 92 174 69 271 174 92 92 174 69 92 271 69 92 129 92 174 69 129 174 133 69 81 271 69 69 69
77 77 77 77 77 77 77
207 207 207 207 207 207 207 207 207 207 207
77 77 77 77 77 77 77
207 207 207 207 207 207 207 207 207 207 207
77 77 77 77 77 77 77
125 125 125 125 125 125 125 125
77 77 77 77 77 77 77
77 77 77 77 77 77 77
156 156 156 156 156 156 156 156 156
77 77 77 77 77 77 77
45 45 24 135 230 77 180 45 207 230 57 207 24 180 185 207 144 207 278 207 45 24 77 111 131 24 33 308 33 244 178 24 207 45 45 111 262 24 230 45 24 144 45 77 141 207 207 87
125 77 156 170 156 77 126 258 305 77 156 156 125 258 156 77 305 77 258 156 89 10 77 156 126 156 170 156 222 35 77 77 212 156 258 166 131 156 10 10 77 77 156
77 77 77 77 77 77 77
24 24 24 24 24 24 24 24 24 24 24 24 24 24 24 24 24
77 77 77 77 77 77 77
125 125 125 125 125 125 125 125
125 77 125 171 171 77 171 125 77 171 125
45 45 45 45 45 45 45 45 45 45 45 45 45 45 45 45 45 45
125 125 125 125 125 125 125 125
10 10 177 77 10 10 10 77 10 77 10 77 77 77 10 10 10
77 77 77 77 77 77 77
156 156 201 156 77 201 156 156 77 156 77 156 77 77
27 315 24 323 41 33 24 24 41 156 33 73 24 73 24 33 156 24 324 24 33 156 73
156 258 156 258 156 156 258 156 156 156 258 156 172
271 271 156 156 8 156 271 156 156 271 271 271 271 156 156 271 271 271 156 271 271 271
77 77 77 77 77 77 77
156 156 156 156 156 156 156 156 156
10 10 77 10 77 77 10 10 146 77 77 77
156 156 156 156 156 156 156 156 156
77 156 89 156 156 77 77 156 161 156 77 206 77 156 156
156 156 156 156 156 156 156 156 156
228 125 125 179 125 125 179 125 10 125 8 125 10 125 125 125 179 179 10 10 179 125 125 228 179 125 125 8 125 125
156 156 156 156 156 156 156 156 156
207 207 207 207 207 207 207 207 207 207 207
89 10 258 10 10 258 258 10 10 258
24 24 24 24 24 24 24 24 24 24 24 24 24 24 24 24 24
125 125 125 125 125 125 125 125
156 156 156 156 156 156 156 156 156
179 125 179 221 179 179 221 125 221 179 125 221 221
77 77 77 77 77 77 77
50 10 191 10 191 10 191 10 10
77 77 179 125 77 125 125 125 77 77 125 179 125
125 125 125 125 125 125 125 125
179 179 179 179 179 179 179 179 179 179
156 156 156 156 156 156 156 156 156
179 179 179 179 179 179 179 179 179 179
10 191 10 10 191 191 10 50 10
125 125 125 125 125 125 125 125
125 125 125 125 125 125 125 125
77 77 146 77 10 10 77 10 10 77 10 77
199 77 77 125 77 77 125 258 125 77 77 258 258 125 125 258 125 125
77 77 77 77 77 77 77
125 125 125 161 290 258 258 125 125 191 125 290 125
150 10 77 10 10 21 77 89 77 77 10 77
45 92 92 70 24 224 24 92 45 45 39 23 24 49 24 45 23 45 258 45 45 24 92 45 0 230 97 24 45 45 24 189 45 119 230 119 24 242 97 92 24 258 184 92 230 138 92 258 119 97 24 97 3 137 24 121 24 81 45 97 24 230 45
125 125 125 125 125 125 125 125
125 125 125 125 125 125 125 125
77 125 179 77 125 125 125 125 77 125 77 179 77
77 77 77 77 77 77 77
179 179 179 179 179 179 179 179 179 179
45 45 45 45 45 125 45 45 45 45 45 48 45 45 125 45 45 125 125 125 45 131 45 125 76
77 77 77 77 77 77 77
183 156 183 146 281 125 125 125 125 156 10 156 156 122 125 198 146 183 198 142 183 156 199
125 125 125 125 125 125 125 125
179 179 179 179 179 179 179 179 179 179
125 10 10 125 125 167 167 10 125 125 10 125
125 125 125 125 125 125 125 125
156 156 156 156 156 156 156 156 156
179 207 10 10 10 179 179 207 10 179 179 10 10 10 10 179 179 230
77 77 77 77 77 77 77
191 125 125 125 125 125 191 191 142 125 125
125 258 125 258 125 125 258 153 258 125 125 125
156 10 191 10 191 21 156 156 199 161 156 191 156 156 10 156 10
271 271 271 271 271 271 271 271 271 271 271 271 271 271
258 21 258 258 21 21 258
258 150 150 258 150 77 125 170 125 258 258 150 150
77 77 77 77 77 77 77
156 156 156 156 156 156 156 156 156
77 77 77 77 77 77 77
77 77 77 77 77 77 77
77 77 77 77 77 77 77
77 125 231 10 199 125 10 77 199 77 77 10 125 77 10 10 125 199 77 10
77 77 77 77 77 77 77
183 183 156 156 156 183 183 183 156 77 77
125 156 201 156 156 125 125 201 201 201 201 156
125 156 125 156 156 125 125 125 156 156 125 156 217 125 156 156
69 69 69 69 69 69 69 69 69 69 69 69 69 69 69 69 69 69 69
165 92 98 271 92 69 69 286 174 165 92 174 69 271 174 92 92 174 69 92 271 69 92 129 92 174 69 129 174 133 69 81 271 69 69 69
77 77 77 77 77 77 77
191 258 191 191 191 191 191
230 207 156 2 207 234 265 207 234 230 230 230 2 2 230 2 230 207 2
45 45 45 45 45 45 45 45 45 45 45 45 45 45 45 45 45 45
207 207 207 207 207 207 207 207 207 207 207
207 207 207 207 207 207 207 207 207 207 207
77 146 77 10 10 77 10 10 77 10 77 77
125 125 125 125 125 125 125 125
77 77 77 77 77 77 77
156 156 156 156 156 156 156 156 156
125 179 179 77 171 179 257 125 77 179 171 179 179 125 77 125 257 179 179
92 92 92 92 92 92 92 92 92 92 92 92 92 92 92 92 92 92 92 92
116 77 77 116 77 172 77 116 77 10 116 77 77 77
156 125 156 125 10 156 125 10 156 125
150 10 10 258 10 258 10 10 10 10 258 10 10 10 258
258 258 10 10 10 10 258 10 89 258
201 258 258 167 258 10 258 50 125 125 258 125 10 125 258 258 142 258 167
258 191 258 258 258 191 191 304
125 125 125 125 125 125 125 125
258 258 258 10 258 10 10 258 131 258 258 10 10 258
271 271 271 271 271 271 271 271 271 271 271 271 271 271
125 125 125 125 125 125 125 125
207 207 207 207 207 207 207 207 207 207 207
45 45 45 45 45 45 45 45 45 45 45 45 45 45 45 45 45 45
77 77 77 77 77 77 77
165 92 98 271 92 69 174 286 174 165 92 174 69 271 69 92 92 174 69 92 271 69 92 129 92 174 69 129 174 133 69 81 271 69 69 69
77 77 77 77 77 77 77
77 77 77 77 77 77 77
179 125 179 125 125 177 177 156 177 125 125 125 179 179 287 18 125 183 258 125 221 304 258 125 177 179 221 156 177 125 258 221
258 258 258 258 258 36 258 258 258
77 77 77 77 77 77 77
77 77 77 77 77 77 77
207 207 207 207 207 207 207 207 207 207 207
125 125 125 125 125 125 125 125
77 125 125 77 179 125 125 125 125 125 77 77 77 77
156 156 156 156 156 156 156 156 156
92 92 92 92 92 92 92 92 92 92 92 92 92 92 92 92 92 92 92 92
125 125 125 125 125 125 125 125
77 77 77 77 77 77 77
125 125 125 125 125 125 125 125
6 150 77 122 150 207 207 77 77 77 207 207 207 156 77 122 179 246 150 77 6 125 122 207 207 207 77
125 156 125 125 131 125 156 156 125 220 161 156 156 125 156 156
207 10 10 207 207 207 207 230 207 10 10 230 207 207 207
179 179 179 179 179 179 179 179 179 179
156 177 177 177 156 177 177 177 177 177
230 230 230 230 230 230 230 230 230 230 230 230
77 77 77 77 77 77 77
207 207 207 207 207 207 207 207 207 207 207
183 183 156 156 156 183 183 183 156 77 77
10 258 258 10 10 258 258 89 10 10
156 156 156 156 156 156 156 156 156
125 125 125 125 125 125 125 125
77 77 77 77 77 77 77
125 10 207 230 10 207 214 125 10 10 125 207 10 10 207 207 125 10 125 125 207 50 207 207 142 10 289
179 179 179 179 179 179 179 179 179 179
125 125 125 125 125 125 125 125
156 156 156 156 156 156 156 156 156
125 125 125 125 125 125 125 125
77 77 77 77 77 77 77
156 156 156 156 156 156 156 156 156
125 125 125 125 125 125 125 125
77 77 77 77 77 77 77
156 156 156 156 156 156 156 156 156
77 77 77 77 77 166 77 77 77 77 77 77 77
179 179 179 179 179 179 179 179 179 179
179 179 179 179 179 179 179 179 179 179
50 125 77 77 125 50 10 122 214 125 10 77 77 125 125 125 125 153
156 156 156 156 156 156 156 156 156
125 125 125 125 125 125 125 125
77 77 77 77 77 77 77
271 271 271 271 271 271 271 271 271 271 271 271 271 271
271 271 271 271 271 271 271 271 271 271 271 271 271 271
77 77 77 77 77 77 77
92 92 92 92 10 92 92 92 92 92 10 21 92 92 93 92 92 92 10 92 92 99 10 92 92
125 125 125 125 125 125 125 125
258 122 258 258 258 258 258 258 258 191 21 191 64
258 258 258 36 258 36 258 258
156 156 156 156 156 156 156 156 156
156 156 156 156 156 156 156 156 156
10 10 156 10 10 10 191 156 10 125 10 199 156 278 191 10 10 156 125 156 125 10 191 10 156 199 156 125 199 156
125 125 125 125 77 267 89 125 77 125 10 96 106 77 96 125 125 125 77 125 77 125 10 167 10 125 125
10 191 10 191 10 191 50 10 10
125 125 125 125 125 125 125 125
230 230 230 230 258 258 258 230 230 241 230 230 230 230 230 258
77 77 77 77 77 77 77
77 77 77 77 77 77 77
207 207 207 207 207 207 207 207 207 207 207
156 156 156 156 156 156 156 156 156
77 77 77 77 77 77 77
179 179 179 179 179 179 179 179 179 179
77 77 77 77 77 77 77
207 207 207 207 207 207 207 207 207 207 207
207 250 207 207 278 105 163 278 207 256 125 227 213 278 207 29 278 207 207 278 207 93 207 207 207 250 278 207 278 227 105 207 125
156 258 172 258 156 156 156 156 156 156 156 258 258
77 77 77 77 77 77 77
125 125 125 125 125 125 125 125
156 156 156 156 156 156 156 156 156
77 77 77 77 77 77 166 77 77 77 77 77 77
179 228 156 228 228 156 179 179 228 156 228 179 228
207 207 207 207 207 207 207 207 207 207 207
77 77 77 77 77 77 77
50 10 10 10 191 191 10 191 10
77 77 77 77 77 77 77
125 125 125 125 125 125 125 125
77 77 77 77 77 77 77
207 10 222 207 207 10 222 207 207 222 207 207 222
271 271 271 271 271 271 271 271 271 271 271 271 271 271
77 77 77 77 77 77 77
156 156 156 156 156 156 156 156 156
156 207 156 207 207 77 156 207 156 77 207 77 156 77 77 77 207 156 156 156 207 207 287 207 207
125 125 125 125 125 125 125 125
230 230 230 230 230 230 230 230 230 230 230 230
258 191 89 50 191 191 10 10 50 50
179 179 179 179 179 179 179 179 179 179
207 207 207 207 207 207 207 207 207 207 207
125 125 125 125 125 125 125 125
125 125 125 125 125 125 125 125
156 271 271 156 271 156 271 271 156 156 271 156 271 271 156 271 271 271 271 8 271 156
179 125 179 125 125 125 125 179 179 125 179 231 179 179 179 125 179
230 230 230 230 230 230 230 230 230 230 230 230
125 125 125 125 125 125 125 125
77 77 258 125 77 258 258 77 77 258 77
207 207 207 207 207 207 207 207 207 207 207
230 230 230 230 230 230 230 230 230 230 230 230
10 77 10 77 10 77 10 77 146 77 77 10
10 77 125 10 10 77 10 146 199 77 10 177 10 125 10 125 153 10 125 146 77 125 10 167 125 125 125 10 10 125 292 10 10
77 10 258 77 156 77 50 50 258 258 258 77 10 258 172 77
156 156 156 156 156 156 156 156 156
125 125 125 125 125 125 125 125
304 191 258 304 258 191 258
77 77 77 77 77 77 77
179 228 156 179 228 156 228 179 228 156 228 179 228
77 77 77 77 77 77 77
10 258 191 191 10 10 122 191 64 258 191 64
125 125 125 125 125 125 125 125
207 207 207 207 207 207 207 207 207 207 207
207 207 207 207 207 207 207 207 207 207 207
250 278 250 278 278 278 278 250 250 278 278 278 207 278 207
230 230 230 230 230 230 230 230 230 230 230 230
230 230 230 230 230 230 230 230 230 230 230 230
199 179 179 179 179 179 258 179 199 179 258 258 179
271 271 271 271 271 271 271 271 271 271 271 271 271 271
191 207 191 207 207 191 214 207 207 207 207 207 207 207
125 125 125 125 125 125 125 125
125 142 191 125 191 125 191 125 125 125 125
179 77 140 156 258 77 142 77 258 167 156 156 140 265 258 156 258 77 179 122 156 156 156 77
77 77 77 77 77 77 77
207 207 207 207 207 207 207 207 207 207 207
10 10 122 10 10 10 10 10 10 10 10
207 207 207 207 207 207 207 207 207 207 207
166 166 77 125 125 77 231 258 77 258 125 166 258 166 77 199 258 77 77 258 258
125 125 125 125 125 125 125 125
92 92 92 92 92 92 92 92 92 92 92 92 92 92 92 92 92 92 92 92