306 649 247 470 306 306 466 97 649 306 306 470 466 97 649 66 470 649 649 462
172 172 172 687 687 687 172 172 172 172 306 470 470 306 209 306 470 306 306 306 687 687 306 209 470 470 687 172 687 687 172 306
30 470 15 30 470 30 30 30 470 470 470 30 30 306 306 306 306 306 470 30 30
144 306 155 470 470 306 470 306 157 306 306 470 470 470 240 306 351 388 306 240 306 354 306 383 351 390 306 306 306 306 470 306 306 470 306
466 470 649 470 470 649 649 470 649 649 470 466 649 649
306 306 241 306 581 470 306 306 470 51 581 306 251 581 306 172 306 251 470 306 172 470 470 581 306 470 306 306 51 306 306 240 160 172 470 306 306 306 435 306 387 470 470 306 470 470 306 581 240 581 581 306 306 306 470 470 242 306 240 306 57 306 470
687 687 687 687 687 687 687 687 687 687 687 687
649 645 581 581 649 645 649 649 649 649 581 581 581 581 649
687 687 687 687 687 687 687 687 687 687 687 687 687 687 687 687 687 687
687 687 687 687 687 687 687 687 687 687 687 687
581 172 581 581 581 581 581 172 545 172 581 172
687 687 687 687 687 687 687 687 687 687 687 687 687 687 687 687 687 687 687 687
30 30 172 132 120 30 30 120 30 172 30 1 30
687 687 306 687 306 687 687 306 687 687 687 306 687 687 306 306 687 687 687 687
306 470 581 306 649 306 251 306 306 581 351 537 581 296 240 581 649 581 306 351 306 581 306 351 581 470 581 649 397 581 470 240 649 306 306 351 649 172 306 389 649 351 306 581 306 649 306 581 172 649 537 581 172 351 351 306 306 240 581 172 306 581 581 581 306 470 306 581 306 470 581 306
687 687 687 687 687 687 687 687 687 687 687 687 687 687 687 687 687 687 687 687
687 687 687 687 687 687 687 687 687 687 687 687 687 687 687 687 687 687
557 581 306 581 306 306 581 306 557 581 581 581
306 306 306 306 306 306 306 306 306 351 383 306 306 306 306 306 306 306 351
524 470 30 649 505 455 30 687 470 687 30 470 470 470 470 306 687 306 502 455 30 649 470 470 470 518 581 1 11 30 30 505 455 470 524 649 537 505 649 649 687 97 306 649 470 629
251 172 306 172 306 470 147 470 470 470 283 88 470 581 581 581 172 581 283 306 581 283 306 248 306 470 581 172 470 581
470 581 687 687 470 581 532 687 687 687 470 581 581 470 581 687 687 448 581 397 687 687 687 470
306 306 306 172 306 306 172 172 172 172 172 172 306 172 172 172 264 306 172 331 306 306
306 581 264 306 581 581 581 581 293 172 172 581 581 306 264
687 687 687 687 687 687 687 687 687 687 687 687 687 687 687 687 687 687
383 383 351 306 383 306 306 306 306 351 306 306 306
687 649 649 687 687 649 687 687 649 649 649 687 649 649 687 687 687 687 649 687 687 687 687
172 172 172 687 687 687 172 172 172 172 306 470 470 306 209 306 470 306 306 306 172 687 306 209 470 470 687 172 687 687 687 306
649 645 581 581 649 645 649 649 649 649 581 581 581 581 649
687 687 687 687 687 687 687 687 687 687 687 687
581 581 470 581 306 470 470 470 172 581 470 470 144 172 306 470 470 490 172 306 581 581 581 544 470 470
687 475 351 687 687 687 470 666 465 97 687 687 687 666 649 687 687 687 350 687 470 649 649 97 687 687 350 687 687 687 282 435 301 470 687 496 649 687 97 687
634 649 306 306 649 649 649 306 306 649 649 649 634
649 470 505 649 649 505 505 649 644 649 649 470 505 649 505 649
581 581 581 611 581 581 581 581 581 581 581 581 611 581
97 306 581 581 306 581 581 306 306 581 581 80 97 581 97 306
306 306 649 97 306 347 306 649 306 97 649 306 306 649 97 649 306 649 649 649 306 306
306 470 283 306 470 306 470 306 470 470 306 470
581 537 581 619 470 581 581 581 581 470 581 94 581 470 581 581 581 581 581 619 581 470 470 581 581 581 581 581 581 581 581
306 306 470 470 306 172 306 306 470 306 172 306 470 172 470 172 306 306 306 470 336
306 306 306 306 306 372 306 306 306 306 306 306 306 351 306
649 661 306 649 649 649 649 649 634 661 649 634 649 649 649 649 634
27 30 30 27 27 649 27 27 30 649 27 649 30
470 306 97 429 172 470 306 470 172 306 470 97 172 306 306 470 172 97 470
581 581 581 470 581 470 470 470 581 581 470 581 470 570
687 97 306 687 43 687 687 306 97 687 306 240 687 687 97 687 97 106 306 687 687 97 687
30 470 30 30 470 470 470 30 30 30 30 30 16 470 30 470
649 172 649 649 172 172 649 172 649 649 631 649 649
687 687 687 687 687 687 687 687 687 687 687 687 687 687 687 687 687 687
419 687 649 457 687 687 457 611 420 649 581 687 687 419 687 649 687 687 172 611 649 418 687 687 687 454
470 172 306 172 306 425 172 306 97 172 172 470 306 306 470 97 470 172 97 470 172 172 470
687 687 687 687 687 687 687 687 687 687 687 687 687 687 687 687 687
306 306 306 172 172 306 329 306 306 172 172 306 306 306 306
470 470 470 455 581 581 470 581 581 581 581 460 581 611 581 545 581 470 581 504 455 504 470 581 618 581 421 581
687 687 687 687 687 687 687 687 687 687 687 687
687 687 687 687 687 687 687 687 687 687 687 687
470 581 581 470 581 581 455 581 581 470 470 470 470 581
687 687 687 687 687 687 687 687 687 687 687 687 687 687 687 687 687 687 687 687
306 470 306 470 306 470 470 470 470 306 306 283
687 687 687 687 687 687 687 687 687 687 687 687 687 687 687 687 687
470 649 649 470 649 649 470 649 470 649 466 470 649 470 649
649 638 470 649 649 172 649 649 470 172 649 470 470 172 649 470 649 172 470
164 581 306 581 172 557 581 557 172 557 581 306 172 172
88 306 306 470 470 85 88 306 470 82 470 306
687 687 687 687 687 687 687 687 687 687 687 687 687 687 687 687 687 687 687 687
88 75 470 306 246 306 470 306 470 172 470 84 306 306 172
470 172 470 470 172 470 306 470 470 306 415 306 172 306 306 172 306 306 306 306 306
306 581 306 581 306 581 240 306 581 532 306 306 306 581 306 338 306 581
306 306 306 172 306 172 306 306 306 172 306 172 306 329 306
306 687 649 649 687 96 306 687 649 97 687 649 96 649 97 66 251 306 253 306 626
581 581 581 581 172 581 172 172 545 581 581 172
97 470 127 172 581 89 470 397 306 421 172 470 470 344 581 470 127 470 470 351 53 306 306 581 306 470 581 470 306 75 470 470 470 172 149 306 306 414 470 172 172 421 470 97
687 687 687 687 470 470 470 470 470 687 687 687 687 687 470 687 470 687 687
470 470 306 306 470 306 430 306 470 97 470 97 306 470 97
306 470 581 470 306 581 581 581 470 470 306 470 306 281 470 306 581 581 581
557 537 306 581 557 581 558 306 251 558 306 581 306 306
687 687 687 687 687 687 687 687 687 687 687 687
581 581 581 306 306 581 306 581 581 306 557 581 306
687 687 687 581 687 581 581 581 581 687 581 687 687 687 581 581 687 687
687 687 687 687 687 687 687 687 687 687 687 687 687 687 687 687 687 687
97 97 557 557 581 97 581 532 581 557 581 306 581 581 581 581 581 95 581 581 581 581 581 581 550 581
581 687 687 127 97 172 306 549 172 649 306 97 55 581 306 687 240 687 306 172 306 470 649 581 306 172 649 172 306 470 172 649 532 306 470 66 649 240 306 48 172 687 470 649 581 264 172 581 581 649 306 687 649 687 470 172 240 470 97 97 132
557 537 306 581 557 581 558 306 251 558 306 581 306 306
687 687 687 687 687 687 687 687 687 687 687 687 687 687 687 687 687 687 687 687
687 687 687 687 687 687 687 687 687 687 687 687 687 687 687 687 687 687 687 687
30 30 27 27 649 27 27 30 649 27 27 649 30
581 537 581 306 306 581 82 306 581 535 581 535
97 30 404 30 470 110 30 470 30 30 97 30 97 470 30 470 470 1 1
687 687 687 687 687 687 687 687 687 687 687 687 687 687 687
470 435 306 306 470 306 470 470 306 470 306 470
30 30 27 27 649 27 27 30 649 27 27 649 30
306 470 470 306 306 306 470 306 470 283 470 470
581 458 470 611 611 581 611 470 458 458 458 470
172 306 228 30 306 30 30 228 30 136 30 172 172 30 172 228
172 649 677 172 172 677 649 677 677 171 677 677 677 172
470 470 470 306 435 470 470 306 470 306 306 306
687 687 687 687 687 687 687 687 687 687 687 687
172 306 97 172 306 470 97 172 306 172 172 470 306 306 172 306 172 172 470 306 97 172 97 470 470 172 470 172 75 208 306 97 306 306
351 581 581 581 351 581 581 581 344 537 581 581 596 351 306 537 581 251 581 581
687 687 687 30 687 687 687 687 687 687 687 30 687 687 687 687 36 36 36 36 687 687 687 687 36 36 36 687 36 36 687
687 687 687 687 306 687 687 172 687 264 687 687 172 687 687 306 264 264 687 306 687 687 687 687 687 687 687
127 172 27 119 172 27 27 1 172 470 30 172 306 306 649 174 172 306 172 26 27 649 470 1 404 50 58 470 649 306
642 642 687 649 649 687 687 643 455 687 687 455 581 470 172 687 687 545 687 687 687 687 687 500 642 687 687 687 687 687 687 644 643 687 581 649
306 470 306 470 470 470 306 351 306 306 470 306 306 470 306 442
649 306 649 470 306 306 306 633 470 649 649 649 633 649 470 470 470 649
687 687 563 649 562 30 562 687 687 581 392 649 687 30 563 687 687 649 687 30 687 581 649 687 569 30 562
306 306 306 306 470 337 337 470 283 306 470 283 306
649 649 581 581 611 649 581 649 581 648 581 649 649 581 581 581 581 649 649 581 581 581
470 449 172 581 172 581 306 94 557 581 306 581 306 94 581 581 172 459 581 581 581 455 581 470 581 306 470 172 557 455 306 306 557 306 581 581
649 649 649 470 470 649 470 649 649 470 470 642 649 649 470
687 687 687 687 687 687 687 687 687 687 687 687 687 687 687 687 687
306 470 470 306 306 470 306 470 306 337 306 306 470 306 470 306 306
581 581 581 581 172 172 581 581 581 581 581 581 581 172 592 172 581 581 581
170 172 649 649 649 649 649 172 649 649 649 172 172
687 687 687 687 687 687 687 687 687 687 687 687 687 687
172 172 199 172 132 172 172 172 172 97 97 172 172 172 172
687 687 687 687 687 687 687 687 687 687 687 687 687 687 687 687 687 687 687 687
470 470 470 30 470 30 30 30 30 30 30 470 30 393 470 30
172 221 187 470 172 470 172 172 160 470 172 172 172 172 172 172 172 172 160
30 30 27 27 649 27 27 30 649 27 27 649 30
581 30 30 581 581 30 581 172 581 30 530 581 30 30 581 581 581 532 30 589 532 581 0 172 172 581 127
687 687 687 687 687 687 687 687 687 687 687 687 687 687 687 687 687 687
687 687 687 687 687 687 687 687 687 687 16 658 687 687 687 581 658 654 687 32 687 687 687 687 651 121 687 652 582 687 687 649 687 687 687 662 36 264 36 687 677 687 687 687 687 687 470 662 687 255 584 36 519 687 687 581 605 687 687 39 625 687 30 687 687
306 172 172 269 306 172 172 306 172 172 306 306 172 172
306 581 581 581 306 581 306 581 306 581 306 296 581
581 172 581 172 581 172 581 172 581 545 581 581
470 581 581 470 581 581 458 581 470 581 581 581 581 581 470 581 581 581 581 470 470
687 649 687 655 97 649 611 687 641 687 687 88 649 649 458 648 648 645 470 687 649 649 581 687 687 649 687 649 649 470 655 649
351 306 172 306 127 240 306 306 306 306 306 384 470 306 470 306 306 240 236 306 306 306 241 306 172 470 172 470 306 306 470 306 306 306
687 687 687 687 687 687 687 687 687 687 687 687
581 306 66 97 240 581 581 581 581 581 306 581 551 306 306 97
172 306 181 240 306 306 306 306 172 172 172 144 172 306 127 172 306 306
581 532 581 470 581 586 470 470 581 581 581 581 581 581 581 470 51 581 470 581 581
470 476 404 470 88 470 470 470 470 470 470 476
470 166 470 142 97 581 69 581 97 581 470 470 581 306 286 166 306 141 97 505
581 581 581 581 581 581 611 581 581 581 581 581 581 581 581
470 470 470 455 581 581 470 581 581 581 581 460 581 611 581 545 581 470 581 504 455 504 470 581 618 581 421 581
687 687 687 687 687 687 687 687 687 687 687 687 687 687 687
21 581 30 21 581 581 30 25 581 21 21 581 581 30 581 581 21 21
649 649 649 470 631 649 649 421 421 470 470 649 464 172 172 464 172
353 306 97 97 306 306 306 306 306 172 306 172 306 172 306 306 306 172 97 306 306 306 306
581 545 172 581 581 172 581 172 581 581 172 581
649 581 608 649 608 608 645 611 649 611 608 608
132 649 170 649 97 97 649 170 649 169 649 170
687 687 687 687 687 687 687 687 687 687 687 687
16 30 30 30 16 16 16 16 30 470 470 30
470 581 559 306 581 470 306 505 470 68 581 306 241 97 470 470 284 470 286 286 43 43 48 581 470 51 581 581 97 470 581 306 470 97 306
172 687 687 687 172 172 687 687 172 687 687 687 687 172
30 30 30 581 22 581 581 687 687 581 581 30 30 687 687 687 581 581 687 687 30 687 581 687 532 30 687 581 581 581 581 0 687 30 581
306 264 329 306 306 306 306 172 172 306 306 306 264
581 581 97 97 545 581 581 90 172 581 581 97 172 172
581 470 581 581 397 581 470 470 532 306 470 581 581 398 306 470 57 306 306
144 306 30 30 119 30 358 30 306 581 581 306 306 581 48 30 30 351 306 306 581 30 581 329 329 581 581 30 306
649 470 306 306 649 306 172 470 470 240 240 306 172 649 470 306 306 172 172 470 649 172 470 306 306 306 172 306 172 306 306 649 649 172 649 640 649 306
687 687 687 687 687 687 687 687 687 687 687 687 687 687 687
172 306 470 470 172 470 470 172 470 470 140 306 306 306 172 306
687 687 687 687 687 687 687 687 687 687 687 687
97 306 641 470 649 611 81 306 626 458 66 306 240 648 648 66 645 649 532 306 470 641 397
283 306 470 306 306 470 470 470 306 470 306 470
687 687 687 687 687 687 687 687 687 687 687 687 687 687 687
470 172 581 172 240 581 306 306 470 306 649 172 306 649 581 172 581 306 581 470 470 172 470 306 306 581 306 470 172 511 470 581 306 581 470 306 649 306 306 581 51 470 240 581 470 581 649 51 470 172 649 306 306 470 649 470 581 306 649 306 306 581 649 172 470 581 470 470 306
470 470 470 470 470 470 470 505 470 470 470 470 470
470 581 172 581 470 470 172 294 581 306 581 306 581 306 470 470 172 306 470 470 470 483 172 306 470 306 570 306 470 306 306
172 30 122 30 30 30 172 30 172 172 30 30 30 30
687 172 687 151 172 687 435 453 368 687 687 20 470 287 434 687 687 496 687 287 687 470 687 650 687 172 687 34 427 687 687 687 379 687 470 36 687 687 687 687 687 687 386 687 470 687 36 36 520 427 687 367 687 484 687 307 36 506 470 470 214 687 30 687
306 306 470 470 283 306 470 306 306 470 470 470
687 687 687 687 687 687 687 687 687 687 687 687 687 687 687 687 687 687
687 687 687 30 687 687 687 687 687 687 687 30 687 687 687 687 36 36 36 36 687 687 687 687 36 36 36 687 36 36 687
687 687 306 306 687 687 687 306 687 306 687 687 306 306 687 687 687
42 306 48 30 41 306 306 306 30 30 30 30 30 30 30
642 642 687 649 649 687 687 643 514 687 687 514 581 470 515 269 687 687 267 687 687 687 687 687 516 642 687 687 687 494 687 687 687 521 522 687 581 649
581 96 306 649 581 581 581 306 581 581 306 581 581 581 649 581 537 581 96 306 649 306 649 649 581 581 649 587
172 172 172 172 172 172 172 172 172 172 172 172 172 172 172 172 222
581 581 581 172 172 581 172 545 581 581 581 172
172 172 172 195 207 306 306 172 306 172 172 306 172 172 172 172 306
649 649 687 649 687 649 687 649 649 687 687 687 649 649 687 687 649
470 470 470 581 581 470 581 581 581 455 581 470 581 470
470 421 166 470 417 417 581 417 581 581 581 470
30 306 306 5 30 226 306 30 264 30 30 5 226 30
581 306 581 306 581 557 306 306 581 581 581 581 306
687 687 687 687 687 687 687 687 687 687 687 687 687 687 687
687 687 687 687 687 470 687 687 687 687 687 687 470 470 687 687 470 687 687 470 470 687 687 470
687 687 687 172 172 687 687 172 172 687 687 687 172 687 687
687 687 687 649 687 649 687 687 649 97 687 687 306 649 687 82 687 649 687 687 649 687 687 687 687 687 649 627 649 97 687 687 306 687 306 306
470 649 649 470 172 470 649 470 649 649 649 470 649 172 470 172 172 649 463
687 687 687 687 687 687 687 687 687 687 687 687 687 687 687
687 687 687 687 687 687 687 687 687 687 687 687 687 687 687 687 687
687 687 687 687 687 687 687 687 687 687 687 687 687 687 687 687 687 687 687 687
649 97 97 649 97 649 649 649 649 649 649 629
687 649 687 649 649 687 687 687 649 687 687 649 649 687 649 649 687 649 687
687 687 687 687 687 687 687 687 687 687 687 687
306 581 581 595 581 581 581 581 306 581 581 581 296 581 306 581 581 581 306
687 687 687 687 687 687 687 687 687 687 687 687
687 649 687 612 687 24 30 687 687 581 687 24 17 467 613 583 442 687 687 613 687 582 687 609 687 687 687 687 581 17 442 687 581 687 677
470 172 455 581 581 159 172 159 581 470 581 470 159
470 447 581 581 470 48 470 306 581 581 581 397 306 581 470 306 306 470 581
306 172 172 172 306 306 172 306 306 306 306 330 306 172 172 306 306 172 172
97 470 470 470 470 306 306 306 97 85 97 470 306 470 306
687 687 687 687 687 687 687 687 687 687 687 687
306 306 144 470 470 470 172 306 470 306 306 440 306 470 329 470 306 172
611 581 581 581 581 611 581 581 581 581 611 611
470 306 306 470 470 306 470 274 306 397 240 470
306 306 581 44 581 132 306 306 306 537 351 561 581 306 306 306 581 306 172 306 306 306 306 306 241 306 306 581 306 48 359 306 581
455 470 470 455 455 397 581 455 470 470 581 172 172 499 44 470 470 172 455
581 581 527 526 649 649 537 1 30 649 649 649 30 30 649 581 649 30 30 581 30 30 581 649
557 581 306 581 306 306 581 306 557 581 581 581
455 453 581 455 306 306 306 581 455 470 306 470 581 306 581 470
470 160 470 306 470 581 581 240 306 470 404 581 470 470 470 251 510 470 172 397 581 581 401 470 172 470 397 581 172 306 470 470 470 581
470 423 172 127 470 172 44 649 172 649 172 172 649 649 470 470 470 172 649 470 649 649 649
470 581 581 470 306 470 306 567 581 306 470 581 470 306 581 435 581 581
470 306 470 306 470 470 470 470 435 306 306 306
180 306 186 470 470 306 306 306 306 470 306 306 327 306 306 306 470 470 132 306 581 470 306 498 581 305 372 306 581 351 581 306 581 306 306 306 306 306 172 306 383 306 351 306 97 306 351 306 354 581 306 470 306 97 306 470 581 306
687 687 687 687 687 687 687 687 687 687 687 687 687 687 687
306 470 306 470 306 306 306 306 470 306 306 470 470 470 364 306 306 306 306 306 306 306
687 687 687 687 687 687 30 687 30 30 30 687 687 30 687 30 687 687 687 687 30 30 30 687 687 30
687 687 687 687 687 687 687 687 687 687 687 687
306 581 581 306 97 306 581 306 97 581 581 581 97 581 581 306 581 306 306 306 581 581 581 345 581 306 306 581
687 687 687 687 687 687 687 687 687 687 687 687
581 306 306 581 581 557 557 306 581 581 306 581
306 649 581 97 649 687 581 687 532 618 649 581 687 649 687 687 611 581 581 532 649 581 581 581 55 649 581 581 649 240 618 97 296 581 618 306 687 649 581 299 687 581 94 306
581 581 581 581 611 581 581 581 611 581 611 581 581
581 97 581 172 581 581 581 581 172 97 590 127 581 581 581 581 172 581 53 581 94
306 470 241 306 470 581 306 470 397 581 581 470 581 275 53 397 532 581 306
114 172 306 172 306 306 172 101 306 97 97 306 66 127 97
0 581 30 581 581 677 677 306 634 306 677 470 649 581 581 470 581 30 470 30 657 597 581 659 399 172 581 227 75 172 581 306 677 30 470 227 470 306 306 677 581 172 21
306 470 172 470 470 306 470 306 172 277 397 470 306 306 306 242 470 306 172 172 470 470 404 482 470 306
351 581 306 306 581 306 172 172 240 172 172 172 581 306 581 581 581 172 306 306 172 306 172 369 306 240 306 306 581 306
642 687 642 687 687 687 687 687 642 649 649 642 649 687 470 687 642 642 687
44 44 30 30 62 172 30 172 30 172 127 30 172 470 470 470 3 172 30 470 172 30 127 470 397 172 30
30 127 172 172 30 30 30 44 172 30 172 172 172 8 172 172 30 30 172 30 30 172
97 470 172 172 172 470 470 97 84 470 97 470 470 172
687 687 687 687 687 687 687 687 687 687 687 687 687 687 687 687 687 687
306 649 306 306 306 649 306 306 348 306 306 649 306 649 649 649 306 649 649
503 470 470 581 94 306 581 581 470 470 537 581 470 581 581 470 306 470 470 470 470 306 306 470 581 581 470 581 581 581 82 581
634 649 634 306 649 649 649 306 306 649 649 649 306
306 581 172 306 581 581 306 172 306 97 306 97 306 581 581 306 306 172 172 306 97 172 341 581 581 172 172 172 306
470 172 470 306 413 470 306 470 470 172 172 306 306 413
687 687 687 581 581 687 687 687 687 687 581 687 687 581 687 687 687 687 687 581 687 581 581 581
649 172 649 649 172 649 172 649 631 649 172 649 649
687 687 687 687 687 687 687 687 687 687 687 687 687 687 687 687 687
687 687 687 687 687 687 687 687 687 687 687 687 687 687 687 687 687 687
470 470 306 470 470 470 306 306 470 435 306 306
470 581 581 602 470 581 581 404 581 470 581 470 581 537 581 581 470 537 581 581 581
687 687 687 687 687 687 687 687 687 687 687 687
649 470 649 649 470 642 470 649 649 649 470 649 470 649 470
30 30 581 48 30 306 581 306 30 581 30 306 581 581 30 30 30 30 30 33 30 532 30 30 581 30 30 30 306 30 30
132 160 97 306 306 470 160 152 470 306 160 306 97 306 470
687 687 687 687 687 687 687 687 687 687 687 687
687 470 470 687 470 687 470 687 470 687 687 687 687 470 687 470 687
687 687 687 687 687 687 687 687 687 687 687 687
306 172 649 127 677 306 677 677 172 306 172 677 677 677 257 240 677 649 306
470 306 306 470 470 470 470 306 306 397 306 306 306 97 333 306 97 306 43 306
421 484 505 97 505 581 97 93 505 532 581 97 581 581 581 581 479 172 470
470 470 470 470 306 172 306 306 172 172 470 470 306 306 172 431
581 581 581 649 649 577 581 649 649 649 581 577 649 649 581
404 687 687 687 687 687 687 687 687 687 687 97 687 470 687 470 470 687 470 687 97 687 687 687 687 470 97 687 470
687 687 687 581 581 687 687 687 687 687 581 687 687 581 687 687 687 687 687 581 687 581 581 581
581 530 530 30 30 581 30 30 581 581 30 581 30 30 581 30
687 687 687 687 687 687 687 687 687 687 687 687 687 687 687 687 687
634 649 306 649 649 649 649 306 306 649 306 649 649 306
351 337 470 470 306 351 306 470 306 470 470 306 351 470
581 581 306 306 581 581 581 581 557 306 306 557
248 306 88 470 470 470 306 88 306 306 470 251
470 470 470 470 470 470 470 470 505 470 505 470
470 306 470 470 306 306 470 470 470 306 306 435
470 470 470 470 470 470 581 470 513 581 470 470 306 306 470 470 470 470 581 470 470 470 306 470 306 581 470 581 581 532 240
687 687 687 687 687 687 687 687 687 687 687 687
687 687 687 581 687 581 687 581 581 687 581 687 581 581 581 687 687 687
545 30 581 581 30 588 30 581 119 30 581 581 581 532 30 30 581 30 581 30 545 581 581 545
393 30 393 30 393 393 393 30 470 470 30 30
581 557 306 581 306 581 581 306 581 306 581 306 581
687 687 687 687 687 687 687 687 687 687 687 687 687 687 687 687 687 687 687 687
642 649 644 490 518 518 642 687 649 470 642 306 523 515 515 687 649 687 523
687 687 687 470 581 687 687 470 687 470 687 470 687 687 687 55 687 687 581 687 687 581 470 581 581 687 532 687 470 581 448
306 581 581 581 306 172 172 172 306 581 581 172 293 581 581 306 306
687 649 649 687 634 687 649 687 687 634 634 687 687 634 687 687 306 687 687 687 649 687 649 306
306 306 264 172 172 30 30 306 30 30 172 30 42 306 172 172 30 30 266 172 30 127
470 687 470 470 470 687 470 470 687 687 687 687 687 687 470
687 687 687 687 687 687 687 687 687 687 687 687 687 687
306 306 172 172 306 306 306 172 306 323 240 172 306 240 306
581 581 581 611 581 581 581 581 581 581 581 581 611 581
306 581 649 240 577 306 306 649 54 581 577 649 237 649 649 581 306 581 581
649 306 649 470 306 306 306 633 470 649 649 649 633 649 470 470 470 649
306 306 470 470 337 470 306 306 306 306 306 470 470 306 470 306 306
263 30 30 306 581 581 581 166 649 581 329 649 581 306 581 649 649 30 30 649 351 649 30 30 581 581 328 328 581 30 30 581 649 306
172 172 172 172 127 97 172 172 97 97 172 172 198 172 127 172
66 406 172 470 470 105 470 195 75 470 172 75 470 397 97
172 172 687 172 687 470 687 687 687 687 172 184 687 172 470 470 172 687 55 127 470 172 687 470 687 470
306 581 581 306 306 581 581 296 581 581 306 581 306
581 645 687 614 24 30 687 649 581 687 24 649 30 681 583 615 687 583 649 584 687 617 687 30 649 681
581 581 306 557 581 306 306 306 581 581 581 581 306
687 687 687 687 687 687 687 687 687 687 687 687 687 687 687 687 687 687 687 687 687 687 687 687 687 687 687 687 687 687 687 687 687 687 687
687 687 687 687 687 687 687 687 687 687 687 687 687 687 687 687 687 687
127 30 218 581 172 172 172 44 21 172 172 172 172 21 172 21 172 172 30 172 21 172 21 21 172 172 30
306 172 649 172 97 306 306 306 97 306 649 306 306 306 361 306 132 649 306 306 649 306 649 172 649 306 649 649 306 306
306 172 306 306 306 306 172 172 306 306 330 306 306 172 172 306 172 172 172
581 581 537 649 306 649 581 649 649 537 649 172 536 306 75 172 581 306 649 649 306 172 581 306 649
687 687 687 687 687 687 687 687 687 687 687 687
624 30 30 649 624 624 30 624 30 624 649 649 624
687 30 13 687 0 470 30 97 351 30 97 687 470 470 30 470 687 306 30 30 351 30 687 31 30 351 30 470 306 470 30 30 30 30 0 687 687 30 30 67
75 470 470 397 172 470 72 470 172 127 470 470 88 470 470 470 88
581 581 581 581 581 545 172 172 581 172 172 581
470 470 505 470 470 470 470 470 470 470 470 470 470
581 470 470 470 470 557 581 470 453 557 306 557 470 581 557
264 649 649 306 306 170 649 649 172 172 306 172 172 268 649 649 170 264
581 581 581 581 581 581 581 581 581 581 581 581 581 611 581
649 649 581 649 649 581 645 649 581 649 581 645 581 581 649
306 649 649 306 306 649 649 649 649 306 649 306 649 301
306 97 306 470 306 470 172 172 470 470 470 306 470 97 470 306 470 470 470 306 306 470 470 470 314 470 97 306 172 306 490 172 470 470
573 581 573 470 581 470 470 470 581 470 581 470 581 470 581 470 470 470
172 172 470 470 470 172 470 306 306 470 306 470 156 172 306 306
649 649 581 581 645 649 649 581 581 649 649 581 645 581 649
687 687 687 687 687 687 687 687 687 687 687 687
581 306 306 581 581 557 557 306 581 581 306 581
581 581 306 581 581 306 82 306 581 306 581 470 306 470 306 172 351 470 306 600 172 306 306 470 581 306 581 470 581 306 306 306 172 82 306 306 306 306 306 264 306 537 581 306 172 581 306 172 127 306 470 581 306 296 172 240
649 645 687 672 672 581 687 687 581 687 672 581 649 687 681 581 677 681 581 687 581 677 649 581 687 681 687 687 649 610
665 638 642 642 132 649 638 170 649 97 649 649 649 97 649 470 649 649 649 649 649 470
687 687 687 687 687 687 687 687 687 687 687 687 687 687 687 687 687
687 687 687 687 687 687 687 687 687 687 687 687 687 687 687 687 687 687
306 172 306 172 172 306 172 172 306 172 172 269 306 172
581 581 581 649 649 577 581 649 649 649 581 577 649 649 581
581 537 581 619 470 581 581 581 581 581 581 94 581 470 581 581 581 581 581 619 581 470 470 581 581 581 581 581 581 581 470
687 687 687 470 687 470 687 687 470 687 687 687 470 470 470 687 470 687
470 470 470 470 470 172 172 470 470 470 172 470 127 479 397 470 470
470 470 470 557 172 127 172 581 453 451 172 211 581 172 172 172 172 557 306 172 172 450
687 687 687 687 687 687 687 687 687 687 687 687
306 470 488 470 470 306 248 306 470 470 251 470 470 88 470 470 470
687 172 687 172 172 172 687 172 687 687 687 687 687 687 687
306 306 306 581 306 581 581 581 306 581 296 581 581
581 577 577 581 649 581 581 649 649 649 581 581 649 649 649
30 351 306 351 30 12 306 97 30 97 30 351 30 30 97 351 30 30 30
687 687 687 687 687 687 687 687 687 687 687 687 687 687 687
649 649 642 649 470 642 649 649 470 649 470 649 470 470
470 470 687 687 470 470 470 470 687 687 687 687 687 470 687 687 687
687 687 687 687 687 687 687 687 687 687 687 687
687 687 687 687 687 687 687 687 687 687 687 687
687 470 286 518 518 687 490 470 515 306 515 687 687 687 515
581 581 172 172 581 581 581 545 581 172 581 172
306 172 306 306 470 262 470 172 470 470 470 470 172 306 172 306
581 470 581 470 581 470 581 470 570 470 581 581 581 470
470 470 306 470 306 435 470 306 306 470 470 306
35 30 581 530 30 30 35 30 30 581 30 30 30 30 30 30 581 30 30 30 530 581
470 240 306 581 306 436 532 581 470 306 470 306 306 581 581 57 581 306 470 581 470 306 470 306
581 649 649 649 172 172 581 581 649 649 581 172 649 581 581 576 649 581 649 172
687 687 687 687 687 687 687 687 687 687 687 687 687 687 687 687 687
180 487 195 470 581 172 470 581 124 164 581 581 470 581 172 470 306 144 581 306 581 172 581 470 172 172 581 306 172 470 88 240 132 581 581 470 581 306 397 306 306 172 53 470 172 470
470 306 306 306 470 306 306 306 470 470 306 306 470 306 306 470 442
557 581 557 172 172 306 557 172 581 306 553 581 581 172
687 687 687 687 687 687 687 687 687 687 687 687 687 687 687
470 172 470 428 470 172 306 306 132 470 132 306 172 172 172 172 306 470 470 172 172 306 172 97 172
649 634 306 633 649 470 470 634 634 649 649 470 470 633 470
30 30 27 27 649 27 27 30 649 27 27 649 30
642 687 687 581 687 337 642 577 470 283 649 620 687 687 525 581 642 639 581 525 642 649 687 687 687 599 687 687 687 598 581 581 642 687 560 687 687 601 687 649 581 687 605 687 470 684 687 687 617 364 649 367 649 579 687 687 687 687 649 687
391 30 30 470 391 391 581 391 391 21 30 470 21
581 306 581 581 149 581 416 416 470 470 351 421 470 421 560 581 306
581 581 581 581 581 592 581 581 172 581 581 172 581 581 581 172 172 581 581
172 581 581 581 581 172 581 581 581 172 172 166
172 581 241 581 306 581 306 127 172 205 581 75 172 195 611 581 172 114 97 127 97 59 611 97 581 97 259 172 581 581 259
687 687 687 649 687 649 649 687 649 687 649 687 687 649 687 687 649 687 649 649
581 470 570 470 306 306 570 567 581 306 581 470 570 306 306 581
649 470 470 470 649 470 649 470 470 642 649 649 649 649 649
581 581 581 172 532 54 172 649 172 649 581 649 581 581 649 540 172 649 649 649
391 30 30 470 391 391 581 391 391 21 30 470 21
581 581 581 581 581 581 581 581 581 581 581 581 581 611 581
581 306 581 581 470 306 306 581 470 306 555 470 470 581 306 581 470 470 581
470 570 570 581 502 470 581 570 470 470 470 470 570 470 570
581 577 577 581 649 581 581 649 649 649 581 581 649 649 649
687 687 687 687 687 687 687 687 687 687 55 687 687 687 687 687 687 687 55 55 687
306 687 470 283 306 283 687 470 283 687 687 687 687 687 470 687 283
687 687 687 687 687 687 687 687 687 687 687 687 687 687
172 470 470 424 470 172 172 172 175 470 470 470 195 97 97
687 687 687 687 687 687 687 687 687 687 687 687
65 66 649 581 645 54 97 649 649 581 649 581 649 97 649 581 581 581
172 172 192 172 172 581 581 172 581 581 581 172 172 581 581 172
687 687 172 687 172 687 687 687 687 172 687 687 172 687 687 172
687 687 687 687 687 687 687 687 687 687 687 687 687 687 687
581 306 581 557 581 306 306 581 581 581 306 306 581
687 687 687 687 687 687 687 687 687 687 687 687
470 470 306 306 306 470 470 306 470 435 470 306
172 649 306 687 649 687 649 687 172 649 687 687 172 649 301 306 306 649 55 642 629 306 75 626 629 470 172 649 470 687 194 44 397 687 172 649 626 642 687 637 172
687 687 687 30 687 687 687 687 687 687 687 30 687 687 687 687 36 36 36 36 687 687 687 687 36 36 36 687 36 36 687
470 470 421 687 470 687 687 687 484 470 421 470 687 470 470 687 484 421 687 687
687 687 687 687 687 687 687 687 687 687 687 687
306 470 470 306 306 470 306 404 470 404 470 470 470 251 470 285 470 470
545 581 172 581 172 581 581 172 581 581 581 172
372 306 306 306 306 306 306 306 372 351 306 351
611 581 581 581 581 611 581 581 581 581 611 611
172 581 172 192 172 172 172 581 581 581 581 172 172 581 581 172
649 649 649 172 172 649 649 649 631 649 172 172 649
470 470 505 470 470 470 470 470 470 505 470 470
611 611 687 687 581 687 581 687 581 687 687 611 611 581 687 611 611 687 687 687
687 687 687 687 687 687 687 687 687 687 687 687 687 687 687 687 687 687
470 306 581 560 581 351 581 306 444 306 581 470 306 470 470 351 351 470 306 306 581 306 240 581 240 470 306 306 306
611 306 611 593 581 593 611 306 306 581 30 30 611 30 581 30 30 30 30 306 30 581
470 470 505 470 470 470 470 470 470 470 470 470 470
687 687 687 687 687 687 687 687 687 687 687 687
306 296 296 306 306 581 581 581 581 581 306 581
16 30 30 30 16 16 16 16 30 470 470 30
470 470 127 172 470 306 306 397 306 306 481 172 306 470 470 172 306 306 470 306 470 470 470 306 470 470 306
649 649 306 626 649 649 649 649 649 306 298 306 306 240
172 581 581 306 172 172 581 293 306 581 172 581 581 172 258 581 172 581 581 127 216 581 581 545 172 293
581 687 162 563 649 687 679 652 687 687 687 679 455 687 517 687 687 680 649 527 687 687 518 652 518 687 552 38 687 687 687 649 5 664 5 30 501 30 30 630 677 649 687 160 490 30 165 470 649 517 30 636 687 687 581
687 687 687 687 687 687 687 687 687 687 687 687
470 470 470 48 581 306 306 172 532 507 53 470 470 306 470 470 581 581 581 502 306 581 397 581 470 470 581 306 306 470 306 470 172 306 581 306 470 581 166 470 172 470 470 581
687 687 687 172 172 687 687 172 172 687 687 687 172 687 687
687 687 687 687 687 687 687 687 687 687 687 687
687 687 687 687 687 687 687 687 687 687 687 687
306 306 306 283 470 470 470 470 306 470 306 470
687 687 470 687 470 470 687 470 687 687 687 470 687 687 470 470 687 687
21 306 21 21 172 97 264 581 581 172 581 306 581 306 581 306 30 23 97 306 21 306 21 581 306 581 306 30 30 97 581 21 264
470 470 470 470 172 581 172 581 581 470 581 172 417 172 581 581 581 470
581 687 687 687 532 687 687 581 687 581 532 687 687 581 687 581 581 55
611 306 611 593 581 593 611 306 306 581 30 30 611 30 581 30 30 30 30 306 30 581
649 634 649 649 649 649 649 306 649 306 306 306 306 649
649 649 649 649 172 172 649 649 649 649 172 172 631
642 649 642 296 646 581 581 581 581 293 306 649 649 421 581 611 296 642 611 545 642 649 433
649 470 649 649 470 642 649 649 642 649 470 470 649 470
581 470 470 581 470 581 470 470 581 570 581 470 581 581
306 470 581 306 306 470 240 296 412 97 66 470 306 148 306 581 306 581 56 413 172 264 581 289 470 581 581 164 44 581 581 264 306 306 581 382 306 306
74 649 97 172 470 649 97 470 172 470 642 172 97 172 642 649 649 649 642
581 581 470 570 470 581 470 581 470 581 581 470 581 470
687 687 687 687 687 687 687 687 687 687 687 687
231 306 306 240 306 42 30 30 306 30 30 30 30 30 30
687 687 687 687 687 687 687 687 687 687 687 687
687 687 687 687 687 687 687 687 687 687 687 687 687 687 687 687 687 687 687 687
687 687 687 172 172 172 687 172 687 687 687 687 687 172 687 687 687 687 687
687 687 687 687 687 687 687 687 687 687 687 687 687 687 687 687 687 687
649 88 649 75 397 649 172 649 649 172 470 649 44 172 470 172 649 649 172 172 470 88 628
470 470 172 172 172 172 470 470 470 172 172 172 172 127 210 172 397 172 172
30 306 306 5 30 226 306 30 264 30 30 5 226 30
435 470 470 306 470 306 470 306 306 470 470 306
470 470 581 470 581 470 581 470 581 455 581 581 581 470
97 470 687 687 687 470 470 649 687 687 470 96 687 649 470 687 470 687 649 649 649 687 96 687 649 87
581 687 687 577 687 565 581 621 687 21 649 622 649 687 687 581 687 302 687 687 622 687 687 29 687 687 581 678 649 649 687 580 687 304 652 634 24 687 649 687 687 687 687 685 687 545 687 687 581 649 687 653 677 687 687 606 687 581 687 687 649 28 581 649 583 687 647 537 687 581 542 649 649 230 581 470 578 687 623 687 687 687 687 687
649 470 470 649 470 649 649 649 470 649 649 649 470 642 470
581 306 581 581 306 97 581 97 306 557 306 318 557 306 97 306 306 557
172 306 649 649 581 97 581 97 240 581 138 470 306 127 97 470 581 127 577 470 97 399 626 172 581 306 240 470 649 649 626 649 581 61 66 470
645 649 649 581 649 649 581 649 649 581 581 649 581 581 649 581
687 687 97 97 687 97 687 687 687 687 687 687 687 97
306 30 306 470 265 30 470 306 30 5 427 30 422 470 432 30 421 30 306
687 687 687 687 687 687 687 687 687 687 687 687 687 687 687 687 687 687
687 687 687 687 687 687 687 687 687 687 687 687 687 687 687 687 687 687
172 687 306 687 306 144 687 172 306 687 687 687 687 172 687 306 687 306 172 687
306 306 306 375 306 97 351 306 306 306 470 306 306 306 172 470 40 470 306 97 97 306 306 172 306 306 306 172 172 470 470 470 351
97 306 470 306 470 470 306 306 470 470 306 97 470 79 470 470 470 470 97 470 470
581 164 140 306 470 421 143 195 470 306 172 306 223 175 306 306 306 306 470 581 306 97 306 97 306 306 306 421 306 97 421 146 306 470 470 306 470 97 306 470 306 97 306 175 172 97 172 470 294 306 306 306 306 306 172 470 306 570 306 470 306 296 306 306 146 306 97 97 306 251 132 172
172 518 404 484 649 470 649 172 470 187 470 649 470 649 484 649 188 172 160 470 649 404 470 518 505 649 470 649 404
649 687 649 687 687 649 687 687 687 687 649 649 649 649 687 649 687 687 649
581 172 172 581 172 545 581 581 172 581 581 581
470 470 172 470 306 413 470 306 470 306 306 172 306 172 306 306 306 306 415
306 581 581 306 581 306 296 306 581 306 581 581 581
306 470 470 306 397 470 306 132 172 470 273 470 251 240 132 172
687 687 687 667 373 687 687 687 687 687 687 687 687 687 683 668 687 687 480 687 687 675 677 30 160 687 663 687 687 687 30 687 687 470 306 581 687 687 453 306 686 687 687 687 687 687 37 30 1 687 673 649 687 306 97 687 36 687 687 687 30 30 687 30 306 687 682 687 687 30 687 687 687 687 687 687 687 20 306 687 687 581 669 687 687 652 687 687 490 505 36 7 687 687 306 687 366 687 10 677 563 687 687 30 687 470 470 468 30 687 687 687 686 687 30 687 687 486 442 687 469 30 470 670 30 687 687 36 603 687 470 671 687 30 687 687
687 687 687 687 687 687 687 687 687 687 687 687
470 687 470 470 470 470 687 687 687 687 687 470 687 470 687 687 687 687 687 687 687 687
687 687 687 687 687 687 687 687 687 687 687 687
97 687 687 470 649 687 5 30 649 30 687 30 687 30 470 86 649 470 306 5 306 30 649 649 306 470 86 470 687 687 687 306 30 631 687 96
687 687 687 687 687 687 687 687 687 687 687 687 687 687 687 687 687 687 687 687 687 687 687 687 687 687 687 687
470 173 470 30 5 427 30 422 30 422 421 470 30 30 30
294 581 397 306 470 294 581 581 172 470 505 470 470 470 470 470 470 470 296 172 581 470 172 397 283 172 470 295
306 97 306 82 306 306 97 306 306 306 306 319 306
30 581 30 581 581 581 581 30 581 581 30 30 30 581 581 30 25 581 581 30 581 581 581 30
687 687 301 283 322 687 687 687 687 470 687 687 660 371 687 687 687 687 687 660 650 674 687 687 687 687 687 350 283 687 687 529 687 687 470 687 687 687 36 336 36 470 687 687 687 687 687 687 306 687 611 380 30 36 472 687 470 687 687 687 255 349 607 687 283 581
687 687 687 687 687 687 687 687 687 687 687 687
687 687 16 687 687 687 306 470 687 687 470 687 687 687 687 393 687 687 687 421 687 687 687 687 442 687 306 687 687 365 687 36 36 519 687 687 687 687 687 172 472 36 365 687 687 687 687 687 687 229 365 687 364 687 687
687 687 687 687 687 687 687 687 687 687 687 687
687 687 687 687 687 687 687 687 687 687 687 687 687 687 687
581 581 581 581 172 545 581 172 172 172 581 581
649 649 649 470 631 649 649 421 421 470 470 649 464 172 172 464 172
581 581 557 581 306 306 581 306 306 557 581 581
306 687 306 306 687 687 687 306 687 306 687 687 687 306
687 687 687 687 687 687 687 687 687 687 687 687 687 687 687 687 687 687
306 470 97 306 97 470 470 470 306 470 470 306 470 470 397 397 306 249 97 470 470
687 687 687 687 687 687 687 687 687 687 687 687 687 687 687 687 687 687 687 687
470 581 240 306 306 172 453 158 159 557 172 306 581 470 306 557 306 470 325
240 238 306 581 306 581 306 581 53 581 581 581 306
306 306 30 30 251 1 30 30 1 306 306 30 30 225 30
470 470 470 470 470 470 306 490 306 470 470 306 306 306 470 470 470 470
645 649 649 649 649 672 649 577 577 577 649 649 645 649 577 649 577
306 470 172 581 453 326 306 557 455 306 172 557 453 581 306 306 172 470 470 306 172
568 687 581 442 687 470 567 442 581 581 568 687 687 687 581 560 687 687 306 470 687 687 687 687
649 687 687 649 687 649 687 687 649 649 687 649 687 687 649 687 687 687 687 649 687 649
172 581 557 172 581 581 172 191 172 470 557 172 172 557 306 470 470 172 306 470 172 581 470 470
470 470 73 470 470 75 470 172 470 470 88 505 470 75 172 470
624 30 30 649 624 624 30 624 30 624 649 649 624
306 306 687 687 687 687 306 687 687 306 687 306 687 687 306 687
470 53 306 581 470 240 455 306 581 306 306 306 581 306 470 470 306 455 306 306 310 581
466 649 470 466 649 470 466 466 470 649 649 649
306 687 649 687 676 306 470 649 611 687 647 687 240 687 404 649 306 649 604 648 648 645 97 687 649 649 532 687 687 649 687 306 649 649 470 303 649
687 687 687 687 687 687 687 687 687 687 687 687
470 421 166 470 417 417 581 417 581 581 581 470
687 687 687 687 687 687 687 687 687 687 687 687 687 687 687 687 687 687 687 687 687 687
581 306 306 581 306 560 306 306 581 306 306 581 581 306 581 306 306 581
172 306 172 172 172 172 306 180 172 306 172 306 306 172
470 397 306 470 48 396 306 470 306 470 306 470
687 687 687 687 687 687 687 687 687 687 687 687
687 687 687 55 50 470 687 306 306 687 306 470 470 306 687 687 687 687 470 306 51 687 470
306 687 687 687 687 687 306 687 687 687 687 687 687 687 306 687 687 306 306 306 687 687
581 581 581 594 581 306 306 240 581 581 581 306 306 581 581 581 581 581 581 532
687 687 687 687 687 687 687 687 687 687 687 687 687 687 687 687 687 687 687 687
687 687 687 687 687 687 687 687 687 687 687 687
306 306 306 306 306 319 306 306 97 306 306 97 97 306
172 97 172 306 97 306 172 129 306 306 172 306 97
470 306 97 470 470 97 470 97 306 306 470 430 470 306 306
649 470 649 470 649 649 642 470 470 642 649 642 649
48 172 306 97 306 306 172 306 49 97 172 306 172 172 97 306 306 306 44 306 172 172
306 172 172 172 259 97 306 97 306 97 306 306 172
470 306 172 470 470 306 306 470 470 306 470 493 470 470 251 306 470 306 132 172 470 172 306 470 470 251 306
470 172 172 172 470 470 470 470 172 172 172 427 172 470 172
470 435 306 470 306 470 470 306 306 470 470 306
306 306 319 306 306 97 97 306 306 306 306 97 306 306
172 172 306 97 172 306 97 97 97 306 97 306 306 97 172 139
687 687 687 687 687 687 687 687 687 687 687 687 687 687 687 687 687 687 687 687 687 687 687 687 687 687 687
172 306 97 242 306 172 172 172 201 470 172 470 470 172 470 97 306 172 470 470 75 306 82 172 172 306 470 470 66 470 306 470 306 172 306 172 470 470
470 97 470 97 470 97 97 97 97 410 470 97 97 97 97 470 97 97 470
687 306 470 687 687 306 687 306 687 172 687 306 470 687 687 687 687 687 687 335 306 687 306 687 687 470 470 306 687 687 687 687 687 172 470 687 127 97 470 172 306 687 687 97 687 55 97 687 306 306
687 687 687 687 687 687 687 687 687 687 687 687
687 687 687 687 687 687 687 687 687 687 687 687 687 687 687
172 172 172 306 172 97 172 172 172 172 306 172 306 206 97 306 97 172 172 306 172
581 470 404 470 470 470 537 537 97 470 306 581 470 470 66 470 581 470 470 470 306 470 306 306 306 306 581 306 470 470 306 532 470 470 574 306 470 306 97
172 306 97 137 306 97 306 306 172 97 172 306 172
172 172 172 172 97 172 97 172 172 172 97 175
306 306 470 306 306 306 306 306 306 306 363 306 470 306 306 306 306 397 470 470 240 470
470 97 97 470 470 97 306 470 470 172 306 470 97 306 172 306 470 470 470 470 97 306 172 97 470 172 470 477
581 581 532 581 172 532 581 172 581 581 585 581 581 581 172 581 172 581 581
687 687 687 687 687 687 687 687 687 687 687 687 687 687 687 687 687 687 687 687 687 687 687 687 687 687 687 687 687 687
687 687 687 687 687 687 687 687 687 687 687 687 687 687 687
306 470 306 172 470 470 172 470 264 306 470 431 306 172 470
306 306 470 470 264 306 431 470 306 470 172 470 172 470 172
581 470 470 581 306 473 306 470 581 470 581 470 470 556 306 470 240 470 306 581 470 470 581 581
581 545 581 581 172 581 581 172 172 581 581 172
97 172 172 101 306 97 97 97 97 172 97 306 306 127 240 306
470 306 470 306 435 470 470 306 470 306 306 470
581 306 306 581 581 557 581 581 306 581 306 557
306 306 470 306 470 306 306 470 283 470 470 470
30 30 30 16 30 470 470 30 470 16 30 30 470 16
687 687 687 687 687 687 687 687 687 687 687 687 687
581 581 97 581 581 539 97 97 581 581 581 97 97 97
30 581 581 581 30 21 581 30 30 30 581 21 30 30 30 581
172 306 172 172 306 172 180 172 144 172 306 172 306
470 505 505 505 172 172 470 470 470 172 470 484 470 172
687 687 687 687 687 687 687 687 687 687 687 687 687 687 687 687 687 687 687 687 687 687 687 687 687 687 687 687 687 687
306 306 306 306 55 306 306 306 306 306 313 306 55
306 306 172 306 97 97 172 306 306 306 97 306 377 306 306 306 306 306 306 306 97 306 306 172 97 306 306 172 306 97 306
649 470 649 470 649 649 642 470 470 642 649 642 649
30 30 30 30 30 172 30 172 30 30 5 30 172 172
470 581 470 581 470 581 581 455 581 470 581 470 581 470
97 306 306 97 172 172 172 107 306 306 97 306 172 97 97 97
30 30 172 30 30 172 172 172 30 30 30 30 30 5
306 470 470 306 470 306 306 470 470 283 306 470
306 306 97 97 254 306 97 306 97 97 306 97
172 97 172 172 306 306 306 306 306 97 306 306 97 306 306 130 172 306
687 687 687 687 687 687 687 687 687 687 687 687 687 687 687 687 687 687 687 687 687 687 687 687 687 687 687
306 306 581 306 581 306 306 581 581 581 581 296 581
306 306 312 306 313 306 581 581 581 53 306 306 306 306 581 581 581
470 306 306 97 306 97 470 470 470 306 470 306 97 470 488 470 470 470 470 470 470
581 581 581 172 172 581 545 172 581 591 581 581 581 581 581 306 581 306 306 581 581 306 306
97 306 306 97 306 306 306 306 306 306 97 83 306 306
240 470 172 470 97 97 407 470 97 306 264 306 306 470 66 97 470 172 470 97 172
687 687 687 687 687 687 687 687 687 687 687 687 687 687 687 687 687 687 687 687 687 687 687 687 687 687 687 687 687 687
351 254 114 306 172 97 97 321 97 97 264 172 264 306 97 306 306 306
470 172 470 470 470 470 470 306 172 470 470 172 306 306 306 470 172 470 306 470 172 470 172 172 172 485
306 687 687 306 687 687 687 687 687 687 306 687 687 687 687 687 687 687 687 306 687 687 687 687 687 687 687 306 687 687 687 306
687 687 687 687 687 687 687 687 687 687 687 687 687 687 687
306 649 649 306 470 649 649 649 306 172 649 172 172 470 649 306 470 306 470 649 300 172 470 470
687 687 687 687 30 30 30 687 30 30 687 30 687 687 687 30 30 30 687 687 687 687 30 687
470 470 470 470 470 470 470 470 470 470 470 505 470
97 172 172 172 172 97 172 172 172 76 172 97
649 649 649 172 649 649 631 649 649 649 172 172 172
97 97 97 97 97 97 117 114 97 97 97 97 97 97 97 97 97 97
306 306 581 30 306 581 30 30 30 581 306 30 30 30 306 581 306 306 581 30 306 581 306 306 306 306 30 306 306 381 306 581 306 306 306 306 306
172 649 649 649 649 170 649 649 172 649 649 172 172
172 306 306 172 172 172 180 172 172 172 172 306 306 306
172 581 172 581 172 581 581 172 172 215 581 172 172 581 172 172 172 172 172 581
306 172 306 329 306 306 172 306 306 172 172 306 306 306 306
306 293 581 172 306 172 581 306 306 581 581 172 172 581 581 581 306
172 172 172 172 172 172 172 172 172 172 172 172 172 172 172 222 172
470 306 470 306 470 306 442 306 306 306 470 306 470 306 306 470 306
581 97 172 581 172 97 581 538 581 172 306 172 172 172 581 172 306 172 172 97 581 97 172 97 306 97 172 172 306 306 581
306 306 306 306 470 306 470 306 470 337 470 306 306 470 470 306 306
470 172 413 306 172 306 470 172 470 470 306 172 470 306 470 306
557 581 306 306 581 581 306 581 581 306 306 581 581
470 470 30 16 470 470 0 470 470 397 30 471 30 470 470 470 470 30 30 30 30
687 687 581 687 687 687 687 687 687 687 687 687 687 687 687 581 687 687 581 687 581 687 687 687 687 581 581 687 687 687 581 687 581 687 687 687
470 581 452 470 251 470 306 581 470 581 581 581 306 452 404 581 306
687 687 687 687 687 687 687 687 687 687 687 687 687 687 687 687 687 687 687 687 687 687 687 687 687 687 687 687 687 687
687 687 172 687 687 172 172 687 172 687 687 172 687 687 687
172 97 306 172 176 97 172 306 172 172 306 97 172 97 97 306 97 306 172 172
687 687 687 687 687 687 687 687 687 687 687 687
306 97 97 306 97 172 306 172 172 245 306 306 172
306 306 378 470 306 232 306 97 306 306 470 66 306 97 97 82 306 470 306 82 306 306 55 306 43 470 60 470 306 306 306 470 306 97 306
5 30 30 30 30 5 30 132 97 97 55 5 55 30 4
470 306 97 306 470 97 470 306 306 306 470 470 97 470 430
470 470 470 470 470 470 470 484 470 470 172 470 172 172 470 172 470
687 172 687 649 687 687 687 687 687 687 170 687 687 687 687 55 687 649 649 649 687 687 687 687 687 687 687 97 649 172 687 97 687 687 687 168 649 687 125 649
291 306 581 581 581 97 306 581 97 581 306 581 306 97 581 306
687 687 687 687 687 687 687 687 687 687 687 687
172 172 30 581 167 584 172 581 584 30 21 584 21 172 581 30 581 584
470 470 306 306 470 470 306 306 435 470 470 306
172 172 172 581 127 532 581 172 581 172 189 581 172 172 581 581
306 306 172 172 172 306 306 172 330 306 306 306 172 306 172 306 172 306 172
470 470 470 470 470 470 470 470 470 470 470 470 505
687 687 687 687 687 172 687 687 687 687 687 687 687 687 687 687 172 172 687 172 687 687 687 687 687 687 687 687 687 687 172
137 172 172 306 97 306 172 172 306 306 97 97 306
581 581 306 581 557 306 581 581 581 306 306 306 581
649 687 649 687 687 687 649 649 649 687 687 649 649 687 687 649 687 687 649 687
306 470 283 470 470 470 470 306 470 306 306 306
172 172 172 172 172 172 172 217 172 172 172 172 172
172 172 172 172 172 217 172 172 172 172 172 172 172
435 470 470 470 470 470 306 306 306 470 306 306
172 470 581 581 172 581 581 581 470 470 470 172 172 581 470 470 581 159
470 470 172 97 172 97 411 97 172 470 470 470 470 172
172 470 172 172 97 306 97 97 97 306 97 470 97 470 306 154 470 97 306 97 306 470 172 470 97
470 114 470 409 470 470 97 97 97 470 97 470
200 172 172 97 306 172 97 97 306 97 97 172 97 172 306 172 172 306 172 172 306 172 172 172
306 581 530 240 581 0 30 581 30 306 581 288 581 581 30 306 30 30 306 30 30
30 30 30 30 16 30 470 470 30 470 30 470 30 470 30 470
687 687 687 687 687 687 687 687 687 687 687 687 687 687 687 687 687 687 687 687 687 687 687 687 687 687 687 687 687 687
306 172 306 306 306 172 306 306 306 306 97 172 306 324 97 306 172 97
283 306 470 172 470 306 172 470 172 470 172 280 306 470 306
97 97 97 470 470 97 470 111 470 97 470 470 97
687 687 687 687 687 687 687 687 687 687 687 687 687 687 687 687 687 687 687 687 687 687 687 687 687 687 687
172 470 470 172 172 172 470 470 213 172 172 470 470 473 172 172 470 127 470 172 172 470 172 470
172 172 172 172 172 172 175 97 97 172 97 172
55 172 195 172 172 195 172 172 55 172 195 45
122 581 30 530 97 30 581 30 131 30 30 114 584 30 584 122 581 123 97 97 30 97 530 113 584 122 30 30
97 97 172 172 172 76 172 172 172 172 172 97
470 306 470 470 470 306 306 435 470 306 306 470
470 470 470 470 581 581 581 455 581 581 455 455
306 306 306 329 306 172 172 329 172 306 306 306 306
687 687 687 687 687 687 687 687 687 687 687 687 687 687 687 687 687 687 687 687 687 687 687 687 687 687 687 687 687 687
306 306 306 306 470 97 470 306 97 470 306 306 470 97 306 470 470 306 306 334
172 172 172 172 172 172 172 217 172 172 172 172 172
236 306 240 470 306 51 306 306 470 470 470 470
172 581 172 172 166 581 581 581 172 581 581 581
687 687 687 687 687 687 687 687 687 687 687 687 687
306 306 306 97 172 470 649 97 97 581 97 649 97 306 306 172 306 581 172 649 306 397 97 649 649 172 306 649 470 306 581 581 649 320 581 397 649 470 127 581 172 127 306 470 172 533
470 172 172 172 470 484 470 470 470 470 470 470 470 470 172 470 470
687 687 687 687 687 687 687 687 687 687 687 687 687 687 687 687 687 687 687 687 687 687 687 687 687 687 687
55 306 172 172 55 306 46 172 306 172 306 306
51 52 172 172 470 172 470 470 51 470 470 470 172 470 470 470 470
172 172 581 581 172 190 172 581 82 581 132 306 581 306 306 172 172 581 172 82 581
687 687 687 91 687 306 581 581 687 687 687 687 687 687 687 687 581 581 581 687 687 687 91 687 687 687 687 687 306 306 687 687 687 94 687 687 82 687 687 687 687
271 306 172 306 306 172 172 172 172 306 172 172 172 172 172 172 306 172
306 581 581 306 581 172 172 172 306 172 172 306 306 172 306 581 306 306 581 172 306 172 172 172 172 343 581 172 306 581
470 306 470 306 306 470 435 306 306 470 470 470
306 97 313 172 581 241 53 581 306 172 306 581 30 355 240 97 97 21 42 306 97 581 306 172 30 306 581 306 306 306 30 97 30 306 97 30 264 30 30
581 581 172 172 306 306 547 470 172 545 581 306 470 537 306 172 581 306 172 470 470 470 537 172 402
240 172 172 306 172 235 172 44 172 306 306 172 306 172
581 581 581 581 604 470 581 581 604 470 581 470 581 470 470 581 581 581 581
687 687 687 687 687 687 687 687 687 687 687 687 687 687 687 687 687 687 687 687 687 687 687 687 687 687 687 687 687 687 687 687 687 687 687 687 687 687 687 687 687 687 687 687 687 687 687 687 687 687 687 687 687 687 687
306 172 240 306 127 172 306 172 178 172 306 172 172 172
687 687 687 687 687 687 687 687 687 687 687 687 687 687 687 687 687 687 687 687 687 687 687 687 687 687 687
470 470 172 172 172 427 470 172 172 195 172 470 470 470
330 306 306 172 172 172 172 306 306 306 306 172 306 306 306 172 306 172 172
649 649 649 649 632 306 97 649 306 649 649 306 649 66 240 97 306
306 172 306 306 172 97 306 97 172 259 306 172 97
180 172 172 306 172 172 306 172 306 306 172 306 172 172
470 470 649 466 649 649 649 649 470 649 470 470 649 649 470
470 470 421 421 470 470 470 172 470 172 470 470 484 470 470
470 470 470 470 470 505 470 470 505 470 470 470
631 649 172 649 649 649 172 172 172 649 649 649 649
127 581 581 172 306 48 306 581 172 126 172 581 306 581 581 306 581
687 687 687 687 687 687 687 687 687 687 687 687 687 687 687 687 687 687 687 687 687 687 687 687 687 687 687
172 306 306 306 581 455 306 306 306 172 127 306 306 455 455 306 532 172 397 455 127 172 470 581 306 183 306 306 306 172 172 241 306
630 649 172 649 470 649 649 470 172 649 172 470 649 470 649 470 160 649
306 649 649 649 239 54 306 649 240 649 306 306 649 649
306 306 306 306 470 505 470 306 306 306 351 470 306 306 385 306 306 470 306 306 306 306 306 283 306 286 470 470 306 470 306 306 306
470 470 351 306 470 470 351 470 306 442 470 306 306 306 306
51 306 306 470 48 470 470 306 306 470 306 306 470 470 470 470 306 470 470 306 470 374 306 306 470 470 306 470 470 470 470 306 306 435 306 470 470 470 306 435 306 306 470
172 172 581 581 581 581 172 172 581 581 581 166
97 97 97 97 66 66 97 97 97 172 172 97 97 97 97 66 172 97 97 97 66 172 55 97 97 97 97 55 118 97 97 97 97 97
172 132 172 94 97 306 172 581 581 172 470 470 306 172 581 470 581 581 94 306 97 172 172 172 172 172 203 306 470 470 172 97 306 470
687 687 687 687 687 687 687 687 687 687 687 687 687 687 687 687 687 687 687 687 687 687 687 687 687 687 687
470 97 306 306 97 470 306 306 97 470 306 403 470 470 470
470 306 421 470 97 306 581 470 97 581 492 401 306 470 581 306 581 421 131 306 470 470 470 306 97 470 306 241 94 97 66 581 306 306 97 421
306 412 470 172 470 581 470 470 581 172 144 296 172 306 581 470 306 581 470 581 581
470 470 455 470 470 581 581 455 581 581 455 581
470 581 470 581 581 30 30 30 581 470 446 30 30 30 30 581 470 581 470 470 30 581 30
306 470 470 97 470 172 172 276 306 66 127 97 470 172 306 306 470 306 470
687 687 687 687 687 687 687 687 687 687 687 687 687
97 99 30 30 30 30 97 30 30 97 97 30 30 97 30 97
30 30 97 581 470 30 581 97 30 470 30 470 97 581 97 470 470 470 470 470 470 581 470 97 30 30 97 30 470 581 30 470 581 581 2
301 306 306 649 649 306 649 306 306 649 649 649 649 649
306 306 306 306 306 306 306 306 306 306 372 306 306 306 306 306
212 172 172 172 470 172 172 172 172 470 470 172 172 172 172 470 172 470 470
470 470 470 470 470 470 470 470 505 470 470 470 470
581 470 470 581 470 470 570 470 581 581 581 581 470 581
97 76 172 172 97 172 172 97 172 172 172 172
470 470 470 97 470 470 97 470 508 470 470 470 470 97 470 470 470 470 470 470 470 470
306 296 172 97 97 581 97 581 306 292 306 172 581 306 581 172 172 581 581
306 306 470 470 470 172 470 431 470 470 264 306 172 306 172
306 315 306 97 306 470 470 306 306 470 306 470 470 306 306 470 97 306 306 97
470 30 30 470 30 470 30 393 30 30 30 470 30 470 30 470
581 306 251 581 306 306 581 291 291 581 581 537
470 172 470 172 470 470 172 427 172 172 172 172 470 470 172
649 656 172 649 172 649 306 306 306 649 649 649 649 649 649 172 649 649 649 649 306 649 306 172 649 649
274 306 470 240 306 470 306 470 470 470 397 306
397 97 97 470 470 470 470 43 395 97 97 97 470
55 687 306 306 172 687 172 306 306 172 306 306 306 306 687 306 306 127 306 687 172 97 172 172 63 97 687 97 687 48 306 172 687 172 306 687 55 306 127 172 172 687 55
319 306 306 306 97 306 306 306 97 97 306 306 306 306
97 97 306 306 172 172 306 97 172 107 306 97 97 172 97 306
470 306 437 306 251 470 172 581 306 172 470 581 581 470 306 306 306 581 251 306 581 306 581 172 470 172 470 97 581
30 97 98 25 114 98 581 25 30 21 581 21 581 30 25 537
687 687 687 687 687 687 687 687 687 687 687 687 687 687 687 687 687 687 687 687 687 687 687 687 687 687 687 687 687 687
687 687 687 687 687 687 687 687 687 687 687 687 687
306 240 308 172 306 97 306 306 172 172 306 97 240 306 97 172 306 306
306 306 306 306 329 306 306 172 172 306 172 306 306 172 306
687 687 687 687 306 687 687 687 687 687 687 687 97 687 687 687 687 687 306 687 97 687 687 687 687 687 251 687 687 687 97 687 687 687 306 306 306 687
687 687 687 687 687 687 687 687 687 687 687 687 687 687 687
581 581 581 172 581 581 581 172 172 545 581 172
97 306 306 306 172 172 78 306 172 306 97 97 172
172 306 306 306 306 97 306 97 306 172 306 97 306 306 306 97 172 306 306 306 306 97 97 150 306 172
306 172 306 97 172 172 97 97 306 172 260 306 97 97 306 97
687 687 470 687 687 687 687 687 687 687 687 470 687 687 687 687 470 687 687 687 687 687 470 687 687 687 687 687 687 470 470 687 470 687 687 687
581 581 611 581 581 581 581 611 581 581 581 581 581 581
306 581 172 172 306 581 306 581 172 306 306 172 172 172 306 581 581 172 306 172 306 581 306 306 342 581
30 30 30 306 306 30 30 306 30 306 30 30 11 30 306
97 97 172 102 97 470 97 470 97 470 172 470 470 172 172 470 97 470 470 470 470 470 470
306 97 306 97 306 306 243 55 55 97 55 55 306
306 290 581 88 306 470 581 251 251 581 470 470 581 397 581 581 581 470 240
172 172 166 172 172 581 581 581 581 581 581 581
505 470 470 470 306 470 306 470 470 490 470 470 490 306 306
581 545 581 172 172 172 581 581 581 581 581 172
306 404 172 470 75 97 306 278 404 306 470 172 172 470 306 172 306 172 470 97 97 172 97 97 97 172
172 97 581 97 581 581 97 172 133 532 581 97 97 172 581 66 172 581
581 470 581 566 470 251 470 581 470 581 581 566 306 306 404 581 306
306 306 581 306 581 306 581 581 581 306 296 581 581
687 687 687 687 687 687 687 687 687 687 687 687 687 687 687 687 687 687 687 687 687 97 97 687 97 687 97 687 687 687
55 306 581 306 55 306 581 581 581 47 306 306 581 581 581
172 172 306 306 306 306 149 306 306 172 306 306 306 306 172
581 581 581 581 581 581 581 581 611 581 581 581 581 581 581
470 306 172 306 470 172 441 306 172 172 470 172 172 470 470 172 306 306 306 306 306 306 470 306 172
306 306 172 97 172 172 259 97 97 306 306 172 306
581 470 470 581 581 581 470 470 470 470 172 581 470 470 572 470 172 581 172 470 470 470 581 172
581 421 581 306 30 306 421 30 581 554 30 30 581 554 5 306 581 470 306 30 470 422 581 122
306 306 306 306 97 581 172 172 306 581 306 581 172 97 172 581 581 306 306 306 97 306 317 581 581
470 470 172 195 470 172 470 172 172 470 470 172 172 427
97 100 97 97 53 470 470 581 470 66 51 97 470 581 581 581 581 470 97 532
581 581 581 581 581 581 581 581 581 581 470 470 581 470 581 470 604 470 581 581 470
109 97 306 97 97 97 306 306 306 306 306 97 306 97 306 306 306
269 306 172 172 172 172 306 306 172 306 172 172 172 306
687 687 687 687 687 687 687 687 687 687 687 687 687
30 30 30 30 306 306 306 306 30 30 11 30 306 30 30
443 470 306 306 470 306 306 306 470 470 306 306 470 306 306 470 240 306 306 306 306 240
687 687 687 687 687 687 687 687 687 581 687 687 557 687 306 687 687 687 687 687 306 581 687 581 687 687 687 581 687 306 581 581 687 687 687 581 306 687 687 687 687 306
172 306 306 306 172 306 306 306 306 306 306 149 172 306 172
687 687 687 687 687 687 687 687 687 687 687 687 687 687 687 687 687 687 687 687 687 687 687 687 687 687 687 687 687 687
470 470 470 470 172 161 470 470 505 397 470 172 172 505 127
687 687 687 687 687 687 306 687 687 687 687 687 470 306 306 687 687 687 687 687 470 306 306 306 470 306 364 687 687 687 470 470 687 687 306 687 306 470 687 687 306 306 306 306 306 687 687 687 687 687 306
306 269 172 306 172 172 306 306 172 172 172 172 172 306
172 172 581 172 581 581 581 581 166 581 172 581
581 306 581 306 532 581 581 581 306 306 306 306 240 306 581 306 339 57
30 30 397 470 470 172 649 30 649 470 649 30 306 172 172 30 470 649 306 172 172 470 470 470 470 649 172 306 649 48 470 172 30 470 470 172 470 172 397 19 470 30 470 470 30 470 172 470 172 30 649 240 397 649 172 470 397 470 470
172 306 172 306 172 172 178 55 306 306 172 306 172 172 172 55
306 306 97 97 306 97 97 306 97 97 306 254
581 306 306 581 581 557 581 581 306 581 306 557
97 306 252 306 97 97 172 172 97 104 306 306 172 306
97 97 306 172 127 306 306 306 306 306 306 306 240 306 172 172 71 97
581 545 581 581 581 581 172 581 581 172 172 172
97 172 172 172 172 172 97 97 77 172 172 172 172 172 172 172
172 30 30 66 30 30 97 172 172 172 172 30 196 30 30 30 172 97 97 30 172 172 172 43 172 172 97 172
470 470 470 172 172 470 172 172 172 172 172 172 470 470 427
172 172 306 240 172 306 172 172 172 178 127 306 306 172
172 172 172 172 264 172 219 172 97 172 172 306 172 97 97 172 306 306 306 172 172 172 172 172
470 470 55 97 470 97 470 306 97 306 394 306 306 55 470 306 470
306 470 470 306 306 306 172 306 172 306 172 470 172 470 306 306 470 306 306 336 470
30 30 16 30 470 470 30 30 470 16 30 30 470 16
687 687 687 687 649 687 687 649 649 649 687 687 649 649 649 649 649 687
470 403 97 97 470 306 306 306 306 470 470 97 470 306 470
397 397 470 687 687 687 470 687 687 687 55 470 687 687 470 687 687 470 687
97 306 97 97 306 78 306 172 172 306 172 172 306
172 97 172 172 172 97 97 172 172 97 177 97 97 172 172
687 687 306 306 687 687 687 687 306 306 306 687 687 306 687 687
163 172 581 581 172 581 581 55 581 581 581 55 172 172
581 581 30 581 581 581 581 584 584 581 616 30 530 581 581 584 530 581 30 581 584
470 172 172 306 470 172 306 470 306 470 306 306 413 172 470 470
687 687 687 687 687 687 687 687 687 687 687 687 306 687 306 306 687 687 687 82 687 687 354 687 354 687 687 306 687 687 306 306 251 687 306 306 687 687 351 687 687
532 306 306 306 581 306 306 581 531 306 306 581 581 581 48 306 306 581
687 581 172 687 687 687 687 687 687 687 172 687 687 687 687 687 687 581 687 687 172 687 687 687 581 687 687 687 581 581 687 172 687 581 687 687 545 581
687 687 687 687 687 687 687 687 687 687 687 687 687 687 687 687 687 687 687 687 687 687 687 687 687 687 687 687 687 687
687 687 687 687 649 649 687 649 687 649 687 687 687 687 687 649 649 649 649 649 687
30 30 30 30 30 30 30 30 30 30 30 36 30 30 30 30 30 30 30
470 581 172 456 581 537 581 470 470 581 537 94 581 581 581 470 172 470 581 581 172 470 172 581 581
172 306 172 172 306 306 306 127 172 306 172 127 178 172
306 55 306 172 306 55 306 172 172 234 306 172
306 581 296 306 581 581 306 306 581 581 306 581 581
470 470 470 240 97 306 306 470 470 97 470 470 306 64 470 251 251 97 306 470 306 470 478 306 470 306
306 97 306 306 306 306 97 319 306 306 306 306 306 97
470 470 649 649 463 470 470 172 649 470 649 649 649 649 470 649 172 172 172
240 581 97 581 581 306 306 172 306 306 581 581 306 306 306 172 581 311 97 172 306 306 581 43 172
470 470 470 470 306 172 306 470 470 470 172 470 470 470 470 470 172 470 512 306 470 306 470 470 470 306 172 470
306 351 306 306 306 306 306 351 306 306 306 306 306 372
286 470 470 470 306 470 306 470 470 286 470 470 505 306 306
30 30 16 30 470 470 470 30 30 470 470 30 30 470 30 30
306 97 470 470 470 306 306 470 470 306 248 97 470 97 306
30 581 581 581 30 581 581 30 30 21 581 21 30 30 30 30
687 687 687 687 687 687 687 687 687 687 687 687 687 687 687 687 687 687 687 687 687 687 687 687 687 687 687
470 470 435 470 306 470 470 470 306 306 306 306
97 306 306 97 97 306 97 306 97 97 306 108
470 470 306 306 306 470 470 470 306 470 470 470 470 470 306 470 490 470
687 687 687 687 687 687 649 649 649 649 687 687 649 649 649 649 649 687
306 581 296 581 296 581 581 581 306 306 306 581
687 687 687 687 687 687 687 687 687 687 687 687 687 687 687 687 687 687 687 687 687 687 687 687 687 687 687
439 306 470 306 97 97 470 306 470 114 254 306 306 306 306 470 470 470 306 306
581 545 581 581 581 172 172 172 581 172 581 581
649 649 649 172 649 649 649 649 631 172 649 172 172
687 687 687 687 687 687 687 687 687 687 687 687 687 687 687
172 172 172 172 172 97 97 199 172 172 172 172 172 97 172 172
581 30 30 581 30 470 470 581 470 528 30 30 528 30 30 581 581 30 581 470 470
687 687 687 687 687 687 687 687 687 687 687 687 687 687 687 687 687 687 687 687 687 687 687 687 687 687 687
649 470 649 649 626 306 461 649 470 306 470 48 649 470 306 470 649 649 470 306
581 470 470 241 470 470 306 306 470 470 470 470 581 470 575 306 251 251 470 470 306 306 581 470 470 397 401 470 581 581 470 581 306 581 306 470
306 581 296 581 296 581 581 581 306 306 306 581
687 687 687 687 687 687 687 687 687 687 687 687 687 687 687
30 30 30 470 470 470 16 470 30 30 30 30 30 30 470 470
172 172 207 172 172 172 172 172 172 306 172 172 306 306 306 172 306 172
470 88 172 75 172 470 172 470 474 172 470 172 470 470 470 470 88 470 172 172 470
175 172 97 172 172 97 172 172 172 172 172 97
172 172 172 172 97 172 172 172 175 97 97 172
581 470 402 470 581 581 172 470 172 537 172 470 581 172 533 397 470 470 172 397 537 172 172 470 571 470 470
581 581 172 581 532 163 581 172 172 581 127 581
306 470 470 470 470 306 306 306 470 283 306 470
687 470 687 687 687 687 470 687 687 687 687 687 687 687 687 687 687 470 687 687 687 687 687 687 470 687 687 470 687 470 470 687 687
687 687 687 687 687 687 687 687 687 687 687 687 687 687 687 687 687 687 687 687 687 687 687 687 687 687 687 687 687 687
306 306 344 306 581 306 581 306 306 306 581 581 306 581 581 306 306 581
581 581 581 172 545 581 172 172 581 172 581 581
306 306 306 306 172 306 172 172 172 306 172 172 330 306 172 306 306 172 306
470 306 306 306 470 172 470 306 470 172 306 172 172 172 306 306 172 172 306 470 306 441 306 172 470
306 306 306 306 306 306 306 306 306 306 306 306 372 306 306 306
30 30 30 172 30 30 172 30 172 172 172 30 6 97 97 30 30 172 172 97 172
306 97 306 172 306 470 97 470 306 172 97 470 306 306 97 306 357 306 172 172 306 306 97 470 97 470 97 306 172 306 97 172 306 306 470 306 97 172 172
470 66 470 97 172 172 172 172 97 172 470 172 405 97 97 470 43 172 470 172 470
581 581 581 602 470 581 470 537 470 602 581 581 537 581 470 470 581 581 581
172 172 172 172 97 172 172 199 172 97 172 172 172 172 172 97
687 687 687 687 687 687 687 687 687 687 687 687 687 687 687 687 687 687 687 687 687 687 687 687 687 687 687 687 687 687
687 687 687 687 687 687 687 687 687 687 687 687 687 687 687 687 687 687 687 687 687 687 687 687 687 687 687 687 687 687
97 306 97 97 306 306 97 108 306 97 306 97
30 30 9 30 306 30 30 306 172 306 306 30 30 306 172 172 30 30 172
240 306 306 236 306 51 470 470 470 306 470 470
581 581 581 581 581 611 581 581 581 581 581 581 581 581 581
687 687 687 687 687 687 687 687 687 687 687 687 687 687 687
581 172 306 97 306 172 581 581 172 172 581 97 581 306 581 546 172 306 172 581 172 306 97 172
251 581 172 581 172 172 470 75 306 581 251 470 470 172 470 470 581 470 470 470 172 306 581 470 581 470 172 250 306 470 581 470 172
581 581 611 581 581 581 581 611 581 581 581 581 581 581
306 470 283 470 470 306 470 470 306 306 306 470
687 687 687 687 687 687 687 687 687 687 687 687 687
306 306 306 306 306 306 649 306 649 306 306 306 649 649 649 649 649 649 370 306 306 306 306 306
581 470 495 306 470 570 570 306 241 581 306 581 470 306 470 470 306 570 306 397 240 570 306 470 470 306
306 283 306 306 286 470 470 470 470 505 470 470 470 286
306 306 172 172 306 172 97 259 306 306 172 97 97
581 306 581 306 306 240 316 306 97 581 581 306 306 97 306 532 581 581 97 306 306
687 687 687 687 687 687 687 687 687 687 687 687 687 687 687 687 687 687 687 687 687 687 687 687 687 687 687
687 687 687 687 687 687 687 687 687 687 687 687 687 687 687 687 687 687 687 687 687 687 687 687 687 687 687 687 687 687
470 251 306 470 306 470 82 470 470 172 306 306 172 251 306 438 172 306 172 470 172 306 172 172 172
306 269 172 172 306 172 306 172 306 172 172 306 172 172
306 372 306 306 306 306 306 351 306 306 306 306 306 351
306 306 172 581 581 306 306 172 306 360 172 306 306 306 581 306 581 306 172 306 306 581 581 306 306 581 306
470 306 306 306 470 470 435 470 470 306 306 470
306 172 306 470 470 172 470 262 470 470 306 172 172 306 306 470
306 470 172 470 306 470 172 280 470 306 470 306 306 470 172 172
306 251 581 581 94 581 581 306 297 581 581 581 581 581 581 581 297 306
306 306 306 306 306 97 306 351 306 306 306 306 97 376 306 306 306 97 306 306 306 306 306
97 581 470 581 306 581 306 581 92 97 581 306 470 470 306 470 470 581 581 470 306 97
470 470 470 470 435 470 306 306 306 306 306 470
581 172 581 135 570 470 97 581 172 570 97 172 97 134 570 470 97 570
172 470 97 172 470 470 470 97 172 172 153 470 470 97
30 18 470 470 30 470 30 404 82 470 18 505 470 30 470 306 30 30 470 470 30 470 470 470 404 30 251 306
687 687 687 687 687 687 687 687 687 687 687 687 687 687 687
470 306 306 306 470 397 470 306 97 306 97 306 306 306 306 333 470 97 240 470
172 687 172 687 172 687 687 687 172 687 172 687 687 172 687 687 687 195 687 687 687 687 172 687 687 687 687 687 687 172 687 687 687 687 687
306 306 306 172 581 172 172 172 581 306 581 172 172 548 581 581 172 581 581 264
362 306 306 306 306 306 172 306 306 172 172 306 306 306 172 306 306 172 172 306 306 306 172 172
470 306 306 470 306 470 306 470 306 306 306 306 306 445 306 306 306 306 306 306 470 470 306 306 306 306 306
306 172 306 306 306 306 306 329 306 172 172 306 172 306 306
254 306 306 306 306 97 97 306 97 97 97 97
581 306 251 581 306 306 581 291 291 581 581 537
306 306 55 97 233 306 97 43 97 306 97 306 97
30 18 470 470 30 470 30 404 82 470 18 505 470 30 470 306 30 30 470 470 30 470 470 470 404 30 251 306
240 306 581 172 581 172 581 256 306 581 306 172 172 53 581 581 306
97 97 581 97 581 581 97 581 581 581 112 581 97 97
306 172 172 269 172 306 306 172 172 306 172 306 172 172
470 470 435 470 470 306 470 306 306 306 470 306
306 172 306 172 172 55 306 258 306 306 172 55
172 30 306 172 306 306 649 306 172 306 30 14 44 30 30 172 649 649 649 306 306 306 172 306 172 30 240 306 30 306 30 306 649 127 30 44 306 306 306 172 170 306 306 649 172 306 649 306 30
97 470 172 66 172 30 306 132 172 114 172 116 75 470 42 393 470 470 306 97 97 114 470 470 470 75 470 30 97 97 30 306 240 401 470 306 470 30 172 97 30 30 30
649 687 687 687 649 649 687 649 687 687 687 687 687 687 687 649 649 649 649 649 687
172 145 306 306 306 97 172 172 306 306 306 306 172 306 97 97 306 306
30 584 584 584 581 584 30 21 581 21 581 30 584 581
306 172 306 172 306 269 306 172 172 306 172 172 172 172
306 172 470 262 470 470 306 172 470 306 172 172 470 306 470 306
470 97 306 470 172 306 97 97 408 306 172 470 306 97 306 97 306 172 306 470 306 470 172 306 172 172 172 306 172 97 470
397 581 470 400 581 306 470 306 241 53 306 581 397 470 306 48 306 470 306 581 306 581 306 306 306 306 306 306 581
581 172 581 470 581 581 581 172 470 581 581 172 470 172 97 97 543 97 470 470 470
470 470 470 470 470 505 470 470 470 470 470 470 470
470 306 306 306 470 75 397 306 306 88 172 88 127 470 172 244
687 687 687 687 687 687 687 687 687 687 687 687 687 687 687 687 687 687 687 687 687 687 687 687 687 687 687 687 687 687
172 172 172 97 172 172 97 172 172 172 172 66 97 172 172 97 204 97 97 97 172 43
687 687 687 687 687 687 687 687 687 687 172 687 172 687 687 687 687 687 687 687 687 687 687 687 687 687 687 687 172 687 172 172 687 687
687 687 687 687 687 687 687 687 687 687 687 687 687 687 687 687 687 687 687 687 687 687 687 687 687 687 687
470 30 470 470 470 30 471 30 30 30 30 470 470 470 30 470 397 397 470 30 470 30
581 172 172 581 581 172 581 581 581 172 581 545
479 470 470 172 397 470 397 172 470 172 470 172 470 470 470 470 470
687 687 687 687 687 687 687 687 687 687 687 687 687 687 687 687 687 687 687 687 687 687 687 687 687 687 687 687 687 687
306 470 306 172 470 172 306 306 279 172 97 470 470 470 470 306 97 97 172
470 421 30 30 30 122 470 422 30 421 422 422 30 122
97 97 306 97 97 108 306 306 306 306 97 97
283 306 470 306 306 470 470 306 470 470 470 306
470 172 470 97 97 470 470 172 172 172 470 411 97 470
340 306 581 306 581 306 581 306 581 172 306 172 306 172 581 581 306 306 581 306 306 172
581 172 97 541 581 97 97 581 97 97 97 581 172 97 97 97 581 97 172 581 97 172 97 581
172 470 172 224 172 172 172 172 470 172 172 97 172 172 172 470 172 97 172 217 97 470 470 470 172 172 195
172 470 470 470 172 172 470 97 172 97 470 172 97 470 172 172 185 172
306 581 581 581 581 581 581 306 306 306 296 581 306
581 172 172 172 172 581 581 581 581 581 545 581
687 687 687 687 687 687 687 687 687 687 687 687 687
687 687 687 687 687 687 687 687 687 687 687 687
172 306 172 306 172 172 172 97 172 172 306 137 306 179 97
470 306 470 306 306 470 306 470 306 397 306 470 48 306 435 306 306 470 306 306 470 306 470 497 351 306 306 470 306 306 470
470 470 473 470 470 470 397 470 470 470 470 470 397
172 649 306 649 172 649 306 172 649 306 649 172 306 649 172 172 172 306 649 649 193 172
581 581 581 602 470 581 470 537 470 602 581 581 537 581 470 470 581 581 581
306 470 470 306 470 306 470 97 306 306 97 470 277 470 97
172 306 172 172 172 97 97 172 97 306 179 172 306 172 172 306 306
470 581 455 581 581 470 581 581 581 470 470 470 581 470
172 172 172 172 172 180 306 172 306 306 306 172 306 172
306 306 172 172 272 172 172 172 172 172 172 172 217 306 172 306 172 306 172 172
470 470 470 470 470 505 470 470 505 470 470 470
649 470 649 470 649 649 642 470 470 642 649 642 649
172 172 306 306 217 306 172 172 172 271 172 172 306 306 172 172
306 251 581 581 94 581 581 306 297 581 581 581 581 581 581 581 297 306
534 581 97 172 581 581 581 581 172 581 581 172 97 97 172
97 172 581 97 97 581 97 581 103 97 172 172 581 581 581 581 97 172
172 97 306 172 581 306 306 240 581 172 127 172 581 306 172 127 581 172 172 66 172 97 581 306 97 241 581 172 43 240 306 97 172 581 202 306
30 30 30 30 30 30 172 172 172 30 5 30 30 172
581 581 470 470 581 470 581 581 570 581 470 470 470 581
687 687 687 687 687 687 687 687 687 687 687 687
687 687 687 687 687 687 687 687 687 687 687 687 687
581 97 581 581 97 114 97 97 581 581 539 581 581
172 470 470 470 172 97 172 97 97 306 470 470 306 306 470 172 306 152 306
687 687 687 687 687 687 687 687 687 687 687 687
687 687 687 687 687 687 687 687 687 687 687 687
97 306 172 78 172 97 97 172 172 306 306 306 306
172 306 172 172 306 172 172 306 172 306 306 172 172 306 195 172 172 306 172 195 306 172 306 332 306
306 97 172 581 240 306 306 306 581 306 581 172 306 306 581 306 581 306 581 581 306 306 306 127 306 172 97 306 352 97
687 470 687 470 687 687 687 470 470 687 687 687 687 470 470 470 687 687
306 346 172 172 581 581 306 306 172 581 581 166 306 306 581 581 306 581 306 172 581 581 306 172 172 581 581 306 581 306 581 172
687 687 687 687 687 687 687 687 687 687 687 687 687 687 687
581 306 306 289 306 306 581 532 581 240 581 581 581
470 470 470 470 172 470 172 509 470 470 470 470 470 470 470 470 172 127 470 470 470 470 397
306 172 306 269 172 172 172 306 172 306 172 306 172 172
470 470 306 306 435 306 470 470 470 470 306 306
687 687 75 687 172 687 687 687 70 687 687 687 172 687 687 306 97 687 687 687 306 172 687 687 306 687 687 97 687 687 687 687 687 687 687 687 306 306 687 687 687
30 30 172 30 30 5 172 172 30 30 30 172 30 30
649 649 306 306 306 306 649 635 306 649 306 649 306 649 649 306 306 649 306
306 470 172 306 306 306 470 336 172 306 470 306 306 172 470 306 306 172 470 470 306
687 687 687 687 687 687 687 687 687 687 687 687 687 687 687 687 687 687 687 687 687 687 687 687 687 687 687
581 581 581 581 604 470 581 581 604 470 581 470 581 470 470 581 581 581 581
687 687 687 687 687 687 687 687 687 687 687 687 306 687 306 306 687 687 687 82 687 687 354 687 354 687 687 306 687 687 306 306 251 687 306 306 687 687 351 687 687
470 306 306 470 172 470 470 470 172 306 470 470 306 172 172 470 306 470 489 470 470 470
338 306 306 306 306 581 532 306 306 306 581 581 581 581 240 306 581 306
687 687 687 687 687 687 687 687 687 687 687 687 687
581 30 30 581 30 470 470 581 470 528 30 30 528 30 30 581 581 30 581 470 470
97 172 97 306 306 306 172 306 172 70 172 306 97
172 306 306 306 172 306 306 306 306 306 172 172 149 306 306
306 581 306 581 306 344 581 306 581 306 306 306 306 581 581 306 306 581
172 306 306 182 306 306 306 306 172 172 172 306 306 306 172 306 172 172 172
470 306 306 470 261 172 172 470 127 172 306 306 470 470 306 397
581 581 581 581 581 611 581 581 581 581 581 581 581 581 581
532 581 570 470 581 570 66 564 570 570 470 97 97
172 172 306 172 97 306 97 172 172 306 306 127 97 172 172 172 172 127 97 172 172 172 97 128 306 220 44
470 581 581 470 455 470 581 470 581 581 470 581 581 470
470 172 172 172 172 306 306 172 470 172 470 426 306 306 470 306 470 172 470 172
172 306 172 306 172 172 172 180 306 306 172 172 172 306
687 687 687 687 687 687 687 687 687 687 687 687 687 687 687
172 649 172 649 649 649 649 649 172 170 649 649 172
687 470 687 687 687 97 470 401 687 687 687 687 687 687 687 470 687 687 687 687 97 687 687 687 470 687 687 687 687 687 55 687 97 687 470 687 55 470
172 172 470 470 470 187 470 470 470 172 172 172 172 172 172
97 470 470 97 97 97 470 470 97 97 470 97 97 470 115 97
687 687 687 687 97 687 97 687 687 687 687 687 687 687 687 97 687 687 97 687 687 114 687 687 687 97 687 687 687 97 687 687 687
581 581 172 172 581 581 545 172 581 581 172 581
180 172 306 306 172 172 306 306 172 172 172 172 172 306
581 291 306 581 581 581 306 251 581 306 537 581 251
470 306 306 470 97 470 97 306 470 306 470 470 491 306 306 470 172 306 470 470 470 172 306 172 306 172 97 306 470 470
172 217 172 172 172 172 172 172 172 195 172 172
172 172 175 97 172 172 97 172 172 172 172 97
306 51 240 97 470 470 306 306 306 172 97 470 97 172 306 172 172 309 470 306 306 470 306 306
172 127 197 97 172 172 306 97 306 172 172 172 172 44 306 306 172 97 172 306 172
581 421 581 306 30 306 421 30 581 554 30 30 581 554 5 306 581 470 306 30 470 422 581 122
649 687 687 687 649 649 687 649 687 687 687 687 687 687 687 649 649 649 649 649 687
30 30 30 306 30 306 30 306 30 306 30 11 30 306 30
687 687 687 687 687 687 687 687 687 687 687 687 687 687 687 687 687 687 687 687 687 687 687 687 687 687 687 687 687 687 687 687 687 687 687 687 687 687 687 687 687 687 687 687 687 687 687 687 687 687 687 687 687 687 687
687 687 687 687 687 687 687 687 687 687 687 687
306 306 306 306 97 319 306 306 306 306 306 97 97 306
306 97 97 172 172 306 97 306 306 306 172 172 245
470 470 455 470 581 581 581 455 470 581 581 455
687 687 687 687 687 687 687 687 687 687 687 687 687 687 687
687 687 687 687 687 687 687 687 687 687 687 687 687 687 687 687 687 687 687 687 687 687 687 687 687 687 687 687 687 687
306 306 97 97 306 306 97 172 172 306 470 97 306 172 470 306 97 306 470 97 306 306 470 306 306 306 172 470 306 306 356 470
306 470 306 172 306 470 306 172 97 172 160 172 270 470 172 470 172 172 172 97 172 306 470 97 172 172