12 201 315 95 12 12 268 260 201 12 12 95 268 260 201 304 95 201 201 273
357 357 357 288 288 288 357 357 357 357 12 95 95 315 414 12 95 12 12 12 288 288 12 414 95 95 288 357 288 288 357 12
245 95 338 245 95 245 245 245 95 95 95 245 245 12 12 12 12 12 95 245 245
95 12 195 95 95 12 95 12 231 12 12 95 95 95 24 12 129 394 12 24 12 418 12 420 80 416 12 12 12 12 95 12 12 95 12
283 95 201 95 95 201 201 95 201 201 95 283 201 201
12 12 39 12 161 95 12 12 95 111 161 12 57 161 12 357 12 39 95 12 357 95 95 161 12 95 12 12 111 12 12 24 161 357 95 12 12 12 188 12 79 95 95 12 95 95 12 161 24 161 161 12 12 12 95 95 57 12 24 12 39 12 95
317 317 317 317 317 317 317 317 317 317 317 317
201 303 161 161 201 303 201 201 201 201 161 161 161 161 201
48 48 48 48 48 48 48 48 48 48 48 48 48 48 48 48 48 48
317 317 317 317 317 317 317 317 317 317 317 317
161 357 161 161 161 161 161 357 199 357 161 357
117 117 117 117 117 117 117 117 117 117 117 117 117 117 117 117 117 117 117 117
245 245 357 395 283 245 245 283 245 357 245 255 245
317 317 303 288 1 288 288 1 317 288 317 340 317 288 1 303 288 317 317 317
12 95 161 12 201 12 57 12 12 161 80 175 161 219 24 161 201 161 12 129 12 161 12 80 161 95 161 201 111 161 95 24 201 12 12 80 201 357 12 141 201 80 12 161 12 201 12 161 357 201 175 161 357 129 129 12 12 24 161 357 12 161 161 161 12 95 12 161 12 95 161 12
117 117 117 117 117 117 117 117 117 117 117 117 117 117 117 117 117 117 117 117
9 349 9 9 317 349 349 349 9 9 9 9 317 349 349 317 317 317
219 161 12 161 12 12 161 12 219 161 161 161
12 12 12 12 12 12 12 12 12 149 259 12 12 12 12 12 12 12 149
141 95 245 201 152 194 245 288 95 288 245 95 95 95 95 302 288 302 268 194 245 201 95 95 95 235 344 254 285 245 245 152 194 95 141 201 174 152 201 201 288 296 302 201 95 213
39 357 12 357 12 95 371 95 95 95 170 129 95 161 161 161 357 161 170 12 161 170 12 194 12 95 161 357 95 161
95 161 288 288 95 161 170 288 288 288 95 161 161 95 161 288 288 384 161 111 288 288 288 95
12 12 12 357 12 12 357 357 357 357 357 357 12 357 357 357 111 12 357 255 12 12
12 161 95 12 161 161 161 161 245 357 357 161 161 12 95
48 48 48 48 48 48 48 48 48 48 48 48 48 48 48 48 48 48
226 226 80 12 226 12 12 12 12 80 12 12 12
398 201 201 398 398 201 398 398 201 23 201 398 201 201 398 398 398 398 201 398 398 398 398
357 357 357 288 288 288 357 357 357 357 12 95 95 315 414 12 95 12 12 12 357 288 12 414 95 95 288 357 288 288 288 12
201 303 161 161 201 303 201 201 201 201 161 161 161 161 201
317 317 317 317 317 317 317 317 317 317 317 317
161 161 95 161 12 95 95 95 357 161 95 95 111 357 12 95 95 268 357 12 161 161 161 350 95 95
48 200 70 30 48 48 95 53 66 260 30 48 30 53 34 48 48 48 197 48 95 35 35 260 48 48 60 48 30 30 106 170 43 95 30 137 35 48 260 48
255 201 12 12 201 201 201 12 12 201 201 201 255
201 95 152 201 201 152 152 201 300 201 201 95 152 201 152 201
161 161 161 278 161 161 161 161 161 161 161 161 278 161
260 12 161 161 12 161 161 12 12 161 161 235 260 161 260 12
12 12 201 260 12 308 12 201 12 260 201 12 12 201 260 201 12 201 201 201 12 12
12 95 188 12 95 12 95 12 95 95 12 95
161 175 161 0 95 161 161 161 161 95 161 175 161 95 161 161 161 161 161 0 161 95 95 161 161 161 161 161 161 161 161
12 12 95 95 12 357 12 12 95 12 357 12 95 357 95 357 12 12 12 95 273
12 12 12 12 12 213 12 12 12 12 12 12 12 152 12
201 336 12 201 201 201 201 201 226 336 201 226 201 201 201 201 226
315 245 245 315 315 201 315 315 245 201 315 201 245
95 12 260 235 357 95 12 95 357 12 95 260 357 12 12 95 357 260 95
161 161 161 95 161 95 95 95 161 161 95 161 95 245
317 260 12 317 304 317 317 12 260 317 12 24 317 317 260 317 260 364 12 317 317 260 317
245 95 245 245 95 95 95 245 245 245 245 245 308 95 245 95
201 357 201 201 357 357 201 357 201 201 235 201 201
48 48 48 48 48 48 48 48 48 48 48 48 48 48 48 48 48 48
94 48 201 313 48 48 313 87 264 201 75 48 48 94 48 201 48 48 55 87 201 133 48 48 48 297
95 357 12 357 12 268 357 12 260 357 357 95 12 12 95 260 95 357 260 95 357 357 95
30 30 30 30 30 30 30 30 30 30 30 30 30 30 30 30 30
12 12 12 357 357 12 194 12 12 357 357 12 12 12 12
95 95 95 230 161 161 95 161 161 161 161 356 161 245 161 184 161 95 161 2 230 2 95 161 315 161 143 161
317 317 317 317 317 317 317 317 317 317 317 317
317 317 317 317 317 317 317 317 317 317 317 317
95 161 161 95 161 161 245 161 161 95 95 95 95 161
117 117 117 117 117 117 117 117 117 117 117 117 117 117 117 117 117 117 117 117
12 95 12 95 12 95 95 95 95 12 12 188
30 30 30 30 30 30 30 30 30 30 30 30 30 30 30 30 30
95 201 201 95 201 201 95 201 95 201 283 95 201 95 201
201 303 95 201 201 357 201 201 95 357 201 95 95 357 201 95 201 357 95
235 161 12 161 357 201 161 201 357 201 161 12 357 357
129 12 12 95 95 199 129 12 95 57 95 12
117 117 117 117 117 117 117 117 117 117 117 117 117 117 117 117 117 117 117 117
129 395 95 12 226 12 95 12 95 357 95 170 12 12 357
95 357 95 95 357 95 12 95 95 12 273 12 357 12 12 357 12 12 12 12 12
12 161 12 161 12 161 24 12 161 170 12 12 12 161 12 278 12 161
12 12 12 357 12 357 12 12 12 357 12 357 12 194 12
12 288 201 324 288 213 12 288 324 260 288 324 336 324 260 304 57 12 369 12 329
161 161 161 161 357 161 357 357 199 161 161 357
260 95 381 357 161 10 95 111 12 143 357 95 95 235 161 95 381 95 95 80 170 12 12 161 12 95 161 95 12 417 95 95 95 357 149 12 12 308 95 357 357 143 95 260
349 349 349 349 95 95 383 95 95 349 349 349 349 349 95 349 95 349 349
95 95 12 12 95 12 201 12 95 260 95 260 12 95 260
12 95 161 95 12 161 161 161 95 95 12 95 12 291 95 12 161 161 161
201 175 12 161 201 161 259 12 39 259 12 161 12 12
317 317 317 317 317 317 317 317 317 317 317 317
161 161 161 12 12 161 12 161 161 12 219 161 12
317 317 317 161 317 161 161 375 161 317 161 317 317 317 375 161 317 317
48 48 48 48 48 48 48 48 48 48 48 48 48 48 48 48 48 48
260 260 188 188 161 260 161 170 161 188 161 12 161 161 161 161 161 363 161 161 161 161 161 161 194 161
161 317 317 381 321 357 12 126 357 201 12 260 319 161 12 317 24 317 12 357 12 95 201 161 12 357 201 357 12 95 357 201 170 12 95 304 201 24 12 24 357 317 95 201 161 111 357 161 161 386 12 317 201 317 95 357 24 95 321 260 417
201 175 12 161 201 161 259 12 39 259 12 161 12 12
117 117 117 117 117 117 117 117 117 117 117 117 117 117 117 117 117 117 117 117
117 117 117 117 117 117 117 117 117 117 117 117 117 117 117 117 117 117 117 117
245 245 315 315 201 315 315 245 201 315 315 201 245
161 175 161 12 12 161 39 12 161 226 161 226
260 245 143 245 95 319 245 95 245 245 260 245 260 95 245 95 95 255 255
349 386 349 386 386 386 386 349 288 386 386 349 386 288 386
95 188 12 12 95 12 95 95 12 95 12 95
245 245 315 315 201 315 315 245 201 315 315 201 245
12 95 95 12 12 12 95 12 95 188 95 95
161 259 95 199 199 161 199 95 259 259 259 95
357 12 283 245 12 245 245 283 245 303 245 357 357 245 357 283
357 201 238 357 357 238 201 238 238 273 238 238 238 357
95 95 95 12 188 95 95 12 95 12 12 12
317 317 317 317 317 317 317 317 317 317 317 317
357 12 260 357 12 95 260 357 12 357 357 95 12 12 357 12 357 357 95 12 260 357 260 95 95 357 95 357 417 329 12 260 12 12
80 161 161 161 80 161 161 161 238 175 161 161 324 80 12 175 161 57 161 161
117 117 48 128 48 117 48 48 117 48 48 71 117 117 117 48 209 209 209 209 117 117 48 117 209 209 141 117 86 209 48
117 117 117 117 12 117 117 357 117 95 117 117 357 117 117 12 95 138 117 12 117 117 117 117 117 117 117
381 357 315 279 357 315 315 253 357 95 245 357 12 12 201 413 357 12 357 316 315 201 95 253 451 445 114 95 201 12
351 411 288 201 201 288 386 156 469 386 288 470 161 478 457 386 288 479 386 288 288 386 288 125 351 288 288 349 386 288 386 378 156 288 161 201
12 95 12 95 95 95 12 152 12 12 95 12 12 95 12 238
201 12 201 95 12 12 12 311 95 201 201 201 311 201 95 95 95 201
48 48 125 201 147 108 147 48 288 63 390 201 288 69 125 288 48 201 48 69 48 63 201 48 298 108 147
12 12 12 12 95 226 226 95 170 12 95 170 12
201 201 161 161 278 201 161 201 161 362 161 201 201 161 161 161 161 201 201 161 161 161
95 245 357 161 357 161 12 175 219 161 12 161 12 175 161 161 357 2 161 161 161 230 161 95 161 12 95 357 213 230 12 12 213 12 161 161
201 201 201 95 95 201 95 201 201 95 95 283 201 201 95
30 30 30 30 30 30 30 30 30 30 30 30 30 30 30 30 30
12 95 95 12 12 95 12 95 12 238 12 12 95 12 95 12 12
161 161 161 161 357 357 161 161 161 161 161 161 161 357 300 357 161 161 161
235 357 201 201 201 201 201 357 201 201 201 357 357
288 356 288 356 356 288 288 356 356 288 288 356 356 356
357 357 161 357 417 357 357 357 357 260 260 357 357 357 357
117 117 117 117 117 117 117 117 117 117 117 117 117 117 117 117 117 117 117 117
95 95 95 245 95 245 245 245 245 245 245 95 245 308 95 245
357 245 184 95 357 95 357 357 143 95 357 357 357 357 357 357 357 357 143
245 245 315 315 201 315 315 245 201 315 315 201 245
161 245 245 161 161 245 161 357 161 245 321 161 245 245 161 161 161 170 245 389 170 161 252 357 357 161 381
48 48 48 48 48 48 48 48 48 48 48 48 48 48 48 48 48 48
30 117 117 48 30 48 380 30 30 30 376 183 288 317 30 161 183 157 48 99 380 165 288 117 415 212 117 163 439 165 30 405 380 117 343 328 207 41 207 30 434 317 30 117 30 48 385 328 117 241 462 207 187 30 165 161 448 165 30 160 267 380 70 30 288
12 357 357 170 12 357 357 12 357 357 12 12 357 357
12 161 161 161 12 161 12 161 12 161 12 219 161
161 357 161 357 161 357 161 357 161 199 161 161
95 161 161 95 161 161 321 161 95 161 161 161 161 161 95 161 161 161 161 95 95
317 201 317 62 321 201 199 317 321 317 317 129 201 201 259 288 288 259 95 317 201 201 161 317 317 201 317 201 201 95 62 201
152 12 357 12 381 24 12 12 12 12 12 369 95 12 95 12 12 24 194 12 12 12 39 12 357 95 357 95 12 12 95 12 12 12
317 317 317 317 317 317 317 317 317 317 317 317
161 12 304 260 24 161 161 161 161 161 12 161 238 12 12 260
357 12 230 24 12 12 12 12 357 357 357 111 357 12 381 357 12 12
161 170 161 95 161 324 95 95 161 161 161 161 161 161 161 95 111 161 95 161 161
95 219 129 95 129 95 95 95 95 95 95 219
95 184 95 245 260 161 321 161 260 161 95 95 161 12 219 184 12 315 260 184
161 161 161 161 161 161 278 161 161 161 161 161 161 161 161
95 95 95 230 161 161 95 161 161 161 161 356 161 245 161 184 161 95 161 2 230 2 95 161 315 161 143 161
398 398 398 398 398 398 398 398 398 398 398 398 398 398 398
278 161 245 278 161 161 245 342 161 278 278 161 161 245 161 161 278 278
201 201 201 95 230 201 201 143 143 95 95 201 308 357 357 308 357
259 12 260 260 12 12 12 12 12 357 12 357 12 357 12 12 12 357 260 12 12 12 12
161 199 357 161 161 357 161 357 161 161 357 161
201 161 288 201 288 288 259 199 201 199 288 288
417 201 219 201 260 260 201 219 201 235 201 219
317 317 317 317 317 317 317 317 317 317 317 317
288 245 245 245 288 288 288 288 245 95 95 245
95 161 394 12 161 95 12 184 95 331 161 12 29 260 95 95 222 95 219 219 263 263 16 161 95 111 161 161 260 95 161 12 95 260 12
357 288 288 288 357 308 288 288 357 288 288 288 288 308
245 245 245 161 46 161 161 317 317 161 161 245 245 317 317 317 161 161 317 317 245 317 161 317 170 245 317 161 161 161 161 252 317 245 161
12 95 188 12 12 12 12 357 357 12 12 12 95
161 161 260 260 199 161 161 213 357 161 161 260 357 357
161 95 161 161 111 161 95 95 170 12 95 161 161 300 12 95 39 12 12
57 12 245 245 283 245 394 245 12 161 161 12 12 161 24 245 245 129 12 12 161 245 161 152 152 161 161 245 12
201 95 12 12 201 12 357 95 95 24 24 12 357 201 95 12 12 357 357 95 201 357 95 12 12 12 357 12 357 12 12 201 201 357 201 389 201 12
398 398 398 398 398 398 398 398 398 398 398 398 398 398 398
357 12 95 95 357 95 95 357 95 95 219 12 12 12 357 12
317 317 317 317 317 317 317 317 317 317 317 317
260 12 320 95 201 199 367 12 203 258 262 12 24 286 286 262 257 201 170 12 95 320 98
188 12 95 12 12 95 95 95 12 95 12 95
398 398 398 398 398 398 398 398 398 398 398 398 398 398 398
95 357 161 357 24 161 12 12 95 12 201 357 12 201 161 357 161 12 161 95 95 357 95 12 12 161 12 95 357 110 95 161 12 161 95 12 201 12 12 161 111 95 24 161 95 161 201 111 95 357 201 12 12 95 201 95 161 12 201 12 12 161 201 357 95 161 95 95 12
95 95 95 95 95 95 95 213 95 95 95 95 95
95 161 357 161 95 95 357 288 161 12 161 12 161 12 95 95 357 12 95 95 95 375 357 12 95 12 238 12 95 12 12
357 245 278 245 245 245 357 245 357 357 245 245 245 245
48 357 48 139 357 48 170 487 191 48 48 460 95 181 179 317 317 135 48 181 48 95 288 93 48 357 48 474 504 48 317 288 127 48 95 142 317 343 48 317 48 343 217 48 95 288 84 84 159 504 317 120 48 512 317 122 84 11 95 95 295 48 109 48
12 12 95 95 188 12 95 12 12 95 95 95
48 48 48 48 48 48 48 48 48 48 48 48 48 48 48 48 48 48
117 117 48 128 48 117 48 48 117 48 48 71 117 117 117 48 209 209 209 209 117 117 48 117 209 209 141 117 86 209 48
317 317 345 12 317 317 317 12 317 12 317 317 12 12 317 317 317
252 12 24 245 296 12 12 12 245 245 245 245 245 245 245
352 412 288 201 201 288 386 155 471 386 288 472 161 95 482 458 386 288 483 386 288 288 386 288 134 352 288 288 349 473 386 288 386 393 168 288 161 201
161 213 12 201 161 161 161 12 161 161 12 161 161 161 201 161 184 161 213 12 201 12 201 201 161 161 201 384
357 357 357 357 357 357 357 357 357 357 357 357 357 357 357 357 184
161 161 161 357 357 161 357 199 161 161 161 357
357 357 357 39 201 12 12 357 12 357 357 12 357 357 357 357 12
409 363 343 409 288 375 343 409 309 317 317 343 409 409 288 288 409
95 95 95 161 161 95 161 161 161 245 161 95 161 95
95 143 184 95 245 245 161 245 161 161 161 95
245 12 12 259 245 300 12 245 95 245 245 259 300 245
161 12 161 12 161 219 12 12 161 161 161 161 12
398 398 398 398 398 398 398 398 398 398 398 398 398 398 398
48 48 48 48 48 95 48 48 48 48 48 48 95 95 48 48 95 48 48 82 95 48 48 95
317 317 317 357 338 317 317 357 338 317 317 317 357 317 317
349 288 288 201 288 201 349 349 201 356 288 349 12 201 288 57 349 201 288 288 201 349 349 288 349 349 201 86 201 300 288 349 12 349 12 12
95 201 201 95 357 95 201 95 201 201 201 95 201 357 95 357 357 201 303
349 386 349 386 386 386 386 349 288 386 386 349 386 288 386
30 30 30 30 30 30 30 30 30 30 30 30 30 30 30 30 30
117 117 117 117 117 117 117 117 117 117 117 117 117 117 117 117 117 117 117 117
201 260 260 201 260 201 201 201 201 201 201 219
288 201 288 201 201 288 288 288 201 288 288 367 201 288 201 201 288 201 288
317 317 317 317 317 317 317 317 317 317 317 317
12 161 161 309 161 161 161 161 12 161 161 161 219 161 12 161 161 161 12
317 317 317 317 317 317 317 317 317 317 317 317
48 33 30 151 48 85 49 30 48 161 30 85 198 67 205 91 72 48 48 205 48 426 30 337 48 30 30 48 76 198 72 48 161 48 51
95 357 230 161 161 255 357 255 161 95 161 95 255
95 296 161 161 95 24 95 12 161 161 161 111 12 161 95 12 12 95 161
12 357 357 357 12 12 357 12 12 12 12 226 12 357 357 12 12 357 357
260 95 95 95 95 12 12 12 260 201 260 95 12 95 12
317 317 317 317 317 317 317 317 317 317 317 317
12 12 95 95 95 95 357 12 95 12 12 268 12 95 188 95 12 357
259 161 161 161 161 259 161 161 161 161 259 259
95 12 12 95 95 12 95 194 12 111 24 95
12 12 161 359 161 395 12 12 12 184 149 382 161 12 12 12 161 12 357 12 12 12 12 12 25 12 12 161 12 13 246 12 161
194 95 95 194 194 111 161 194 95 95 161 357 357 300 381 95 95 357 194
161 161 324 389 201 201 175 255 245 201 201 201 245 245 201 161 201 245 245 161 245 245 161 201
219 161 12 161 12 12 161 12 219 161 161 161
230 283 161 230 12 12 12 161 230 95 12 95 161 12 161 95
95 161 95 12 95 161 161 15 12 95 143 161 95 95 95 40 392 95 357 97 161 161 144 95 357 95 97 161 357 12 95 95 95 161
95 319 357 381 95 357 381 201 357 201 357 357 201 201 95 95 95 357 201 95 201 201 201
95 161 161 95 12 95 12 291 161 12 95 161 95 12 161 188 161 161
95 12 95 12 95 95 95 95 188 12 12 12
152 12 220 95 95 12 12 12 12 95 12 12 231 12 12 12 95 95 417 12 161 95 12 394 161 92 199 12 161 152 161 12 161 12 12 12 12 12 357 12 420 12 80 12 260 12 152 12 418 161 12 95 12 260 12 95 161 12
398 398 398 398 398 398 398 398 398 398 398 398 398 398 398
12 95 12 95 12 12 12 12 95 12 12 95 95 95 288 12 12 12 12 12 12 12
30 30 30 30 30 30 245 30 245 245 245 30 30 245 30 245 30 30 30 30 245 90 245 30 30 245
317 317 317 317 317 317 317 317 317 317 317 317
12 161 161 12 260 12 161 12 260 161 161 161 260 161 161 12 161 12 12 12 161 161 161 345 161 12 12 161
317 317 317 317 317 317 317 317 317 317 317 317
161 12 12 161 161 219 219 12 161 161 12 161
12 201 161 292 201 288 161 288 170 314 201 161 288 201 288 288 239 161 161 485 201 161 161 161 289 201 161 161 201 24 314 292 219 161 314 12 288 201 161 102 288 161 178 12
161 161 161 161 273 161 161 161 273 161 273 161 161
161 260 161 357 161 161 161 161 357 260 309 381 161 161 161 161 357 161 170 161 184
12 95 28 12 95 161 12 95 97 161 161 95 161 303 459 97 459 161 12
357 357 12 357 12 12 357 175 12 260 260 12 304 381 260
248 161 245 161 161 238 238 12 238 12 238 95 201 161 161 95 161 245 95 245 399 73 161 446 444 357 161 322 417 357 161 12 238 245 95 322 95 12 12 238 161 357 308
12 95 357 95 95 12 95 12 357 194 111 95 12 12 12 57 95 12 357 357 95 95 129 324 95 12
152 161 12 12 161 12 357 357 24 357 357 357 161 12 161 161 161 357 12 12 357 12 357 343 12 24 12 12 161 12
230 349 413 349 349 349 349 349 413 201 201 230 201 349 380 349 413 230 349
381 381 245 245 364 357 245 357 245 357 381 245 357 95 95 95 283 357 245 95 357 245 381 95 111 357 245
245 381 357 357 245 245 245 381 357 245 357 357 357 317 357 357 245 245 357 245 245 357
260 95 357 357 357 95 95 260 184 95 260 95 95 357
48 48 48 48 48 48 48 48 48 48 48 48 48 48 48 48 48 48
12 201 12 12 12 201 12 12 300 12 12 201 12 201 201 201 12 201 201
388 95 95 161 184 12 161 161 95 95 184 161 95 161 161 95 12 95 95 95 95 12 12 95 161 161 95 161 161 161 57 161
255 201 255 12 201 201 201 12 12 201 201 201 12
12 161 357 12 161 161 12 357 12 260 12 260 12 161 161 12 12 357 357 12 260 357 319 161 161 357 357 357 12
95 357 95 12 219 95 12 95 95 357 357 12 12 219
48 48 48 161 161 48 48 48 48 48 92 48 48 161 48 48 48 48 48 161 48 92 161 161
201 357 201 201 357 201 357 201 235 201 357 201 201
30 30 30 30 30 30 30 30 30 30 30 30 30 30 30 30 30
48 48 48 48 48 48 48 48 48 48 48 48 48 48 48 48 48 48
95 95 12 95 95 95 12 12 95 188 12 12
95 161 161 329 95 161 161 143 161 95 161 95 161 175 161 161 95 175 161 161 161
317 317 317 317 317 317 317 317 317 317 317 317
201 95 201 201 95 283 95 201 201 201 95 201 95 201 95
245 245 161 24 245 12 161 12 245 161 245 12 161 161 245 245 245 245 245 5 245 170 245 245 161 245 245 245 12 245 245
417 143 260 12 12 95 143 219 95 12 143 12 260 12 95
317 317 317 317 317 317 317 317 317 317 317 317
317 95 95 317 95 317 95 317 362 317 317 317 317 95 317 362 317
317 317 317 317 317 317 317 317 317 317 317 317
12 357 201 381 238 12 238 238 357 12 357 238 238 238 309 24 238 201 12
95 12 12 95 95 95 95 12 12 111 12 12 12 260 259 12 260 12 304 12
143 175 152 260 152 161 260 300 152 170 161 260 161 161 161 161 184 357 95
95 95 95 95 12 357 12 12 357 357 95 95 12 12 357 219
161 161 161 201 201 303 161 201 201 201 161 303 201 201 161
37 317 317 317 317 317 317 317 317 317 317 321 317 95 317 95 95 317 95 317 321 317 317 317 317 95 324 317 95
48 48 48 161 161 48 48 48 48 48 92 48 48 161 48 48 48 48 48 161 48 92 161 161
161 321 321 245 245 161 245 245 161 161 245 161 245 245 161 245
30 30 30 30 30 30 30 30 30 30 30 30 30 30 30 30 30
255 201 12 201 201 201 201 12 12 201 12 201 201 12
129 226 95 95 12 129 12 95 12 95 95 12 129 95
161 161 12 12 161 161 161 161 219 12 12 219
199 12 129 95 95 95 12 129 12 12 95 57
95 95 95 95 95 95 95 95 213 95 213 95
95 12 95 95 12 12 95 95 95 12 12 188
95 95 95 95 95 95 161 95 379 161 95 95 12 12 95 95 95 95 161 95 95 95 12 95 12 161 95 161 161 170 24
317 317 317 317 317 317 317 317 317 317 317 317
317 317 317 161 317 161 317 161 161 317 161 317 375 375 161 317 317 317
184 245 161 161 245 384 245 161 283 245 161 161 161 170 245 245 161 245 161 245 184 161 161 184
288 245 288 245 288 288 288 245 95 95 245 245
161 219 12 161 12 161 161 12 161 12 161 12 161
117 117 117 117 117 117 117 117 117 117 117 117 117 117 117 117 117 117 117 117
353 201 377 433 185 185 230 288 201 95 353 301 394 345 345 288 201 288 394
48 48 48 95 161 48 48 95 48 95 48 95 48 48 48 52 48 48 161 48 48 161 95 161 161 48 170 48 95 161 124
12 161 161 161 12 357 357 357 12 161 161 357 252 161 161 12 12
9 201 201 349 47 317 201 9 9 47 238 349 349 47 349 349 329 317 349 9 201 317 201 329
12 12 111 357 357 245 245 12 245 245 357 245 252 12 357 357 245 245 329 357 245 381
95 288 329 95 329 288 95 329 288 288 288 288 288 288 95
288 356 288 356 356 288 288 356 356 288 288 356 356 356
12 12 357 357 12 12 12 357 12 199 24 357 12 24 12
161 161 161 278 161 161 161 161 161 161 161 161 278 161
12 161 201 24 300 12 12 201 210 161 300 201 329 201 201 161 12 161 161
201 12 201 95 12 12 12 311 95 201 201 201 311 201 95 95 95 201
12 12 95 95 238 95 12 12 12 12 12 95 95 12 95 12 12
219 245 245 12 161 161 161 184 201 161 152 201 161 12 161 201 201 245 245 201 129 201 245 245 161 161 31 31 161 245 245 161 201 12
357 357 357 357 381 260 357 357 260 260 357 357 170 357 381 357
304 219 357 95 95 95 95 24 395 95 357 395 95 111 260
357 357 317 357 317 95 317 317 317 317 357 386 317 357 95 95 357 317 319 381 95 357 317 95 317 95
12 161 161 12 12 161 161 219 161 161 12 161 12
161 259 30 410 86 50 30 36 161 30 86 201 50 100 92 133 30 92 201 310 30 372 30 50 201 100
161 161 12 219 161 12 12 12 161 161 161 161 12
117 117 117 380 117 288 288 167 288 380 288 167 117 117 288 288 288 167 117 117 167 193 117 380 288 117 167 117 167 167 288 380 167 380 288
48 48 48 48 48 48 48 48 48 48 48 48 48 48 48 48 48 48
381 245 350 161 357 357 357 381 278 357 357 357 357 278 357 278 357 357 245 357 278 357 278 278 357 357 245
12 357 201 357 260 12 12 12 260 12 201 12 12 12 350 12 417 201 12 12 201 12 201 357 201 12 201 201 12 12
12 357 12 12 12 12 357 357 12 12 226 12 12 357 357 12 357 357 357
161 161 175 201 12 201 161 201 201 175 201 357 350 12 417 357 161 12 201 201 12 357 161 12 201
317 317 317 317 317 317 317 317 317 317 317 317
315 245 245 201 315 315 245 315 245 315 201 201 315
288 245 400 288 252 95 245 260 80 245 260 288 95 95 245 95 288 12 245 245 319 245 288 78 245 319 245 95 12 95 245 245 245 245 252 288 288 245 245 330
417 95 95 111 357 95 259 95 357 381 95 95 129 95 95 95 129
161 161 161 161 161 199 357 357 161 357 357 161
95 95 213 95 95 95 95 95 95 95 95 95 95
161 95 95 95 95 188 161 95 268 188 12 188 95 161 188
95 201 201 12 12 230 201 201 357 357 12 357 357 300 201 201 230 95
161 161 161 161 161 161 161 161 161 161 161 161 161 278 161
201 201 161 201 201 161 303 201 161 201 161 303 161 161 201
12 201 201 12 12 201 201 201 201 12 201 12 201 255
12 260 12 95 12 95 357 357 95 95 95 12 95 260 95 12 95 95 95 12 12 95 95 95 369 95 260 12 357 12 268 357 95 95
308 161 308 95 161 95 95 95 161 95 161 95 161 95 161 95 95 95
357 357 95 95 95 357 95 12 12 95 12 95 219 357 12 12
201 201 161 161 303 201 201 161 161 201 201 161 303 161 201
317 317 317 317 317 317 317 317 317 317 317 317
161 12 12 161 161 219 219 12 161 161 12 161
161 161 12 161 161 12 39 12 161 12 161 95 12 95 12 357 152 95 12 44 357 12 12 95 161 12 161 95 161 12 12 12 357 39 12 12 12 12 12 111 12 184 161 12 357 161 12 357 381 12 95 161 12 219 357 24
34 259 30 447 68 161 38 30 161 30 68 161 201 38 101 161 52 101 161 30 161 52 201 161 30 325 30 38 201 134
367 278 252 252 417 201 278 235 201 260 201 201 201 260 201 95 201 201 201 201 201 95
30 30 30 30 30 30 30 30 30 30 30 30 30 30 30 30 30
48 48 48 48 48 48 48 48 48 48 48 48 48 48 48 48 48 48
12 357 12 357 357 12 357 357 12 357 357 170 12 357
161 161 161 201 201 303 161 201 201 201 161 303 201 201 161
161 175 161 0 95 161 161 161 161 161 161 175 161 95 161 161 161 161 161 0 161 95 95 161 161 161 161 161 161 161 95
317 317 317 95 317 95 317 317 95 317 317 317 362 95 95 317 95 317
95 95 95 95 95 357 357 95 95 95 357 95 381 252 111 95 95
95 95 95 188 357 381 357 161 252 255 357 317 161 357 357 357 357 188 12 357 357 283
317 317 317 317 317 317 317 317 317 317 317 317
12 95 273 95 95 12 194 12 95 95 39 95 95 129 95 95 95
288 357 288 357 357 308 288 357 288 288 288 288 288 288 288
12 12 12 161 12 161 161 161 12 161 219 161 161
161 303 303 161 201 161 161 201 201 201 161 161 201 201 201
245 80 12 80 245 311 12 260 245 260 245 80 245 245 260 80 245 245 245
398 398 398 398 398 398 398 398 398 398 398 398 398 398 398
201 201 283 201 95 283 201 201 95 201 95 201 95 95
336 95 288 288 95 95 95 95 288 288 288 288 288 95 288 288 288
317 317 317 317 317 317 317 317 317 317 317 317
317 317 317 317 317 317 317 317 317 317 317 317
288 312 433 185 185 288 336 95 345 301 345 288 288 288 345
161 161 357 357 161 161 161 199 161 357 161 357
12 357 12 12 95 219 95 357 95 95 95 95 357 12 357 12
161 95 161 95 161 95 161 95 245 95 161 161 161 95
95 95 12 95 12 188 95 12 12 95 95 12
397 245 161 315 245 245 397 245 245 161 245 245 245 245 245 245 161 245 245 245 315 161
95 24 12 161 12 324 170 161 95 12 95 12 12 161 161 39 161 12 95 161 95 12 95 12
161 201 201 201 357 357 161 161 201 201 161 357 201 161 161 317 201 161 201 357
30 30 30 30 30 30 30 30 30 30 30 30 30 30 30 30 30
152 21 24 95 161 357 95 161 175 252 161 161 95 161 357 95 12 95 161 12 161 357 161 95 357 357 161 12 357 95 129 24 395 161 161 95 161 12 111 12 12 357 170 95 357 95
95 12 12 12 95 12 12 12 95 95 12 12 95 12 12 95 238
201 161 201 357 357 12 201 357 161 12 235 161 161 357
349 386 349 386 386 386 386 349 288 386 386 349 386 288 386
95 357 95 291 95 357 12 12 417 95 417 12 357 357 357 357 12 95 95 357 357 12 357 260 357
201 226 12 296 201 95 95 226 226 201 201 95 95 296 95
245 245 315 315 201 315 315 245 201 315 315 201 245
353 48 355 161 48 88 230 259 368 370 201 119 48 48 406 161 353 107 161 406 353 201 48 48 48 169 288 288 48 441 161 161 353 288 463 48 48 56 48 201 161 288 438 288 306 251 288 288 373 347 201 118 201 434 48 288 355 355 201 48
308 245 245 95 308 308 161 308 308 278 245 95 278
161 12 161 161 149 161 308 308 95 95 80 143 95 143 235 161 12
161 161 161 161 161 300 161 161 357 161 161 357 161 161 161 357 357 161 161
357 161 161 161 161 357 161 161 161 357 357 199
357 161 27 161 12 161 12 360 357 379 161 417 357 26 259 161 357 357 260 358 260 269 259 260 161 260 112 357 161 161 112
349 349 349 201 349 201 201 349 201 349 404 349 349 201 349 349 404 349 201 201
161 95 230 95 12 12 230 283 161 12 161 95 230 12 12 161
201 95 95 95 201 95 201 95 95 283 201 201 201 201 201
161 161 161 357 170 210 357 201 357 201 161 201 161 161 201 319 357 201 201 201
308 245 245 95 308 308 161 308 308 278 245 95 278
161 161 161 161 161 161 161 161 161 161 161 161 161 278 161
161 12 161 161 95 12 12 161 95 12 291 95 95 161 12 161 95 95 161
95 194 194 161 273 95 161 194 95 95 95 95 194 95 194
161 303 303 161 201 161 161 201 201 201 161 161 201 201 201
288 288 288 288 288 288 288 288 288 288 291 288 288 288 288 288 288 288 291 398 288
12 288 329 170 12 349 288 95 349 288 288 288 288 288 95 288 170
380 380 380 380 380 380 380 380 380 380 380 380 380 380
357 95 95 210 95 357 357 357 80 95 95 95 24 260 260
317 317 317 317 317 317 317 317 317 317 317 317
311 304 201 161 303 210 260 201 201 161 201 161 201 260 201 161 161 161
357 357 230 357 357 161 161 357 161 161 161 357 357 161 161 357
317 317 357 317 357 317 317 317 317 357 317 317 338 317 317 357
349 386 349 386 386 386 386 349 288 386 386 349 386 288 386
161 12 161 219 161 12 12 161 161 161 12 12 161
317 317 317 317 317 317 317 317 317 317 317 317
95 95 12 12 12 95 95 12 95 188 95 12
357 201 12 317 201 317 201 288 357 365 317 317 357 3 255 12 12 201 318 265 7 12 511 204 7 95 357 3 95 288 116 513 481 288 308 324 326 265 317 270 357
117 117 48 128 48 117 48 48 117 48 48 71 117 117 117 48 209 209 209 209 117 117 48 117 209 209 141 117 86 209 48
386 95 394 380 95 380 380 380 226 386 143 95 380 386 386 380 0 143 380 380
317 317 317 317 317 317 317 317 317 317 317 317
12 95 95 12 12 95 12 143 95 143 95 95 95 57 95 283 95 95
199 161 357 161 357 161 161 357 161 161 161 357
199 12 12 12 12 12 12 12 199 129 12 129
259 161 161 161 161 259 161 161 161 161 259 259
357 161 357 230 357 357 357 161 161 161 161 357 357 161 161 357
201 201 201 357 357 201 201 201 235 201 357 357 201
95 95 213 95 95 95 95 95 95 213 95 95
379 226 288 288 161 288 161 288 161 288 288 226 226 161 288 226 226 288 288 288
48 48 48 48 48 48 48 48 48 48 48 48 48 48 48 48 48 48
95 12 161 238 161 80 161 12 363 12 161 95 12 95 95 80 80 95 12 12 161 12 24 161 24 95 12 12 12
226 12 226 380 161 380 226 12 12 161 245 245 226 245 161 245 245 245 245 12 245 161
95 95 213 95 95 95 95 95 95 95 95 95 95
317 317 317 317 317 317 317 317 317 317 317 317
12 219 219 12 12 161 161 161 161 161 12 161
288 245 245 245 288 288 288 288 245 95 95 245
95 95 381 357 95 12 12 111 12 12 321 357 12 95 95 357 12 12 95 12 95 95 95 12 95 95 12
201 201 12 210 201 201 201 201 201 12 259 12 12 24
357 161 161 12 357 357 161 219 12 161 357 161 161 357 80 161 357 161 161 381 345 161 161 184 357 219
346 288 45 6 201 288 81 401 317 317 317 81 354 288 273 288 288 217 201 323 317 288 185 401 185 317 17 158 288 288 288 201 256 454 256 245 371 245 245 422 434 201 288 341 433 245 64 95 435 382 245 391 288 288 161
317 317 317 317 317 317 317 317 317 317 317 317
95 95 95 24 161 12 12 357 170 19 170 95 95 12 95 95 161 161 161 308 12 161 111 161 95 95 161 12 12 95 12 95 357 12 161 12 95 161 199 95 357 95 95 161
317 317 317 357 338 317 317 357 338 317 317 317 357 317 317
317 317 317 317 317 317 317 317 317 317 317 317
317 317 317 317 317 317 317 317 317 317 317 317
12 12 12 188 95 95 95 95 12 95 12 95
317 317 95 317 95 362 317 95 317 317 317 95 317 317 95 95 317 317
278 12 278 278 357 260 95 161 161 357 161 12 161 12 161 12 245 398 260 12 278 12 278 161 12 161 12 245 245 260 161 278 95
95 95 95 95 357 161 357 161 161 95 161 357 278 357 161 161 161 95
161 288 288 288 350 288 288 161 288 161 170 288 288 161 288 161 161 291
226 12 226 380 161 380 226 12 12 161 245 245 226 245 161 245 245 245 245 12 245 161
201 255 201 201 201 201 201 12 201 12 12 12 12 201
201 201 201 201 357 357 201 201 201 201 357 357 235
252 201 252 188 387 161 161 161 161 201 12 201 201 152 161 273 188 252 273 184 252 201 278
201 95 201 201 95 283 201 201 283 201 95 95 201 95
161 95 95 161 95 161 95 95 161 245 161 95 161 161
12 95 161 12 12 95 24 188 274 260 500 95 12 236 12 161 12 161 305 196 357 111 161 189 95 161 161 214 502 161 161 501 12 12 161 2 12 12
303 201 260 357 95 201 260 95 357 95 268 357 260 357 268 201 201 201 268
161 161 95 245 95 161 95 161 95 161 161 95 161 95
317 317 317 317 317 317 317 317 317 317 317 317
296 12 12 24 12 252 245 245 12 245 245 245 245 245 245
317 317 317 317 317 317 317 317 317 317 317 317
117 117 117 117 117 117 117 117 117 117 117 117 117 117 117 117 117 117 117 117
398 398 398 357 414 357 398 357 398 398 398 398 398 357 398 398 398 398 398
48 48 48 48 48 48 48 48 48 48 48 48 48 48 48 48 48 48
201 129 201 417 111 201 357 201 201 357 95 201 381 357 95 357 201 201 357 357 95 129 324
95 95 357 357 357 357 95 95 95 357 357 357 357 381 235 357 111 357 357
245 12 12 259 245 300 12 245 95 245 245 259 300 245
188 95 95 12 95 12 95 12 12 95 95 12
95 95 161 95 161 95 161 95 161 245 161 161 161 95
324 95 317 317 317 95 95 201 317 317 95 213 317 201 95 317 95 317 201 201 201 317 213 317 201 0
161 48 48 299 30 514 161 218 30 488 201 335 201 288 288 161 317 466 288 30 335 48 288 190 288 288 161 430 201 201 288 148 30 250 164 475 465 288 489 288 288 288 343 290 30 419 288 48 161 201 48 182 452 30 317 407 48 161 288 288 201 192 161 201 83 48 496 520 288 161 521 201 442 180 161 495 65 288 146 288 288 288 288 288
201 95 95 201 95 201 201 201 95 201 201 201 95 283 95
161 12 161 161 12 260 161 260 12 201 12 273 201 12 260 12 12 201
357 12 201 201 161 260 161 260 15 161 400 95 12 361 260 95 161 361 303 95 260 115 202 357 161 12 15 95 201 201 202 201 161 468 261 95
303 201 201 161 201 201 161 201 201 161 161 201 161 161 201 161
288 288 300 260 288 260 288 288 288 288 288 288 288 260
12 245 12 95 309 245 95 12 245 259 161 245 315 95 343 245 143 245 12
48 48 48 48 48 48 48 48 48 48 48 48 48 48 48 48 48 48
48 48 48 48 48 48 48 48 48 48 48 48 48 48 48 48 48 48
357 288 12 288 12 338 288 357 12 288 288 288 288 357 288 12 288 12 357 288
12 12 12 342 12 260 149 12 12 12 95 12 12 12 357 95 522 95 12 260 260 12 12 357 12 12 12 357 357 95 95 95 149
260 12 95 12 95 95 12 12 95 95 12 260 95 283 95 95 95 95 260 95 95
161 252 188 12 95 143 245 417 95 12 357 12 121 24 12 12 12 12 95 161 12 260 12 260 12 12 12 143 12 260 143 235 12 95 95 12 95 260 12 95 12 260 12 24 357 260 357 95 288 12 12 12 12 12 357 95 12 238 12 95 12 213 12 12 235 12 260 260 12 57 417 357
357 232 132 175 201 95 201 357 95 177 95 201 95 201 175 201 394 357 153 95 201 467 95 232 152 201 95 201 467
201 317 201 317 317 386 317 317 317 317 386 201 201 201 317 201 317 317 201
161 357 357 161 357 199 161 161 357 161 161 161
95 95 357 95 12 219 95 12 95 12 12 357 12 357 12 12 12 12 273
12 161 161 12 161 12 219 12 161 12 161 161 161
12 95 95 12 111 95 12 395 357 95 235 95 57 24 395 357
30 117 117 59 215 30 317 48 30 288 380 166 117 288 104 453 48 48 245 288 30 327 403 245 519 117 333 48 30 380 245 288 486 95 12 161 48 30 476 12 423 48 288 317 288 288 503 245 516 288 427 408 288 12 515 48 208 30 166 30 245 245 48 245 12 166 450 380 48 245 117 30 30 30 30 30 48 477 12 317 317 161 455 288 288 510 30 317 219 184 208 517 317 48 12 486 293 30 518 425 499 30 117 245 380 464 95 374 245 30 166 30 423 288 245 317 117 103 440 48 18 245 95 54 245 48 30 208 509 48 95 216 288 245 288 486
317 317 317 317 317 317 317 317 317 317 317 317
20 356 369 400 400 321 288 288 288 288 288 369 288 369 356 288 288 288 288 288 356 356
317 317 317 317 317 317 317 317 317 317 317 317
321 317 317 95 201 317 259 245 201 245 317 245 317 245 95 77 201 95 12 259 12 245 201 201 12 95 77 95 317 317 317 12 245 230 317 213
317 30 30 30 30 317 30 30 30 317 30 30 30 317 317 30 30 30 317 125 30 317 317 317 30 317 317 30
95 278 95 245 259 161 245 315 245 315 143 95 245 245 245
268 161 111 12 95 268 161 161 357 95 213 95 95 95 95 95 95 95 201 357 161 95 357 111 170 357 95 379
12 260 12 57 12 12 260 12 12 12 12 175 12
245 161 245 161 161 161 161 245 161 161 245 245 245 161 161 245 380 161 161 245 161 161 161 245
117 117 449 149 145 48 380 48 30 431 117 48 443 334 48 30 48 48 30 443 429 424 380 165 117 48 48 74 149 117 48 498 165 432 497 48 48 30 206 428 206 95 30 165 117 48 48 30 12 117 461 339 456 206 243 48 95 165 48 380 242 123 307 380 149 494
317 317 317 317 317 317 317 317 317 317 317 317
117 117 136 380 48 288 508 431 117 48 332 317 317 317 48 505 380 165 117 507 317 288 288 117 480 165 484 317 48 294 48 140 140 186 165 117 48 288 48 506 244 140 294 48 165 48 117 380 48 437 294 380 348 288 288
317 317 317 317 317 317 317 317 317 317 317 317
349 386 349 386 386 386 386 349 288 386 386 349 386 288 386
161 161 161 161 357 199 161 357 357 357 161 161
201 201 201 95 230 201 201 143 143 95 95 201 308 357 357 308 357
161 161 219 161 12 12 161 12 12 219 161 161
12 288 12 315 288 288 288 315 288 315 288 288 288 12
48 48 48 48 48 48 48 48 48 48 48 48 48 48 48 48 48 48
12 95 260 12 260 95 95 95 12 95 95 12 95 95 111 111 12 284 260 95 95
117 117 117 117 117 117 117 117 117 117 117 117 117 117 117 117 117 117 117 117
95 161 24 12 12 357 252 283 255 188 357 12 161 95 12 188 12 95 311
24 226 12 161 12 161 12 161 170 161 161 161 12
12 12 245 245 57 255 245 245 255 12 12 245 245 300 245
95 95 95 95 95 95 12 268 12 95 95 12 12 12 95 95 95 95
300 201 201 201 201 349 201 259 259 259 201 201 300 201 259 201 259
12 95 357 161 252 311 12 188 230 12 357 188 252 161 12 12 357 95 95 12 357
105 48 161 73 48 61 247 73 161 161 105 48 48 48 161 221 48 48 58 61 48 48 48 48
201 380 380 201 380 201 380 380 201 201 380 201 380 380 201 380 380 380 380 9 380 201
357 161 201 357 161 161 357 317 357 95 201 357 357 201 12 95 95 357 12 95 357 161 95 95
95 95 255 95 95 395 95 357 95 95 143 213 95 395 357 95
315 245 245 201 315 315 245 315 245 315 201 201 315
12 317 288 288 288 288 12 288 288 12 288 12 288 288 12 288
95 170 12 161 95 24 238 12 161 12 12 12 161 12 95 95 12 238 12 12 319 161
268 201 95 268 201 95 268 268 95 201 201 201
12 317 201 317 62 12 95 201 199 317 321 317 24 317 129 201 12 201 259 288 288 259 321 317 201 201 170 317 317 201 317 12 201 201 95 86 201
317 317 317 317 317 317 317 317 317 317 317 317
95 143 184 95 245 245 161 245 161 161 161 95
317 317 288 288 288 288 317 0 317 288 288 317 317 288 317 317 288 288 317 288 317 317
161 12 12 161 12 273 12 12 161 12 12 161 161 12 161 12 12 161
357 12 357 357 357 357 12 170 357 12 357 12 12 357
95 111 12 95 24 194 12 95 12 95 12 95
317 317 317 317 317 317 317 317 317 317 317 317
317 317 317 319 383 95 317 12 12 317 12 95 95 12 317 317 317 317 95 12 111 317 95
42 30 30 30 30 30 12 30 30 30 30 30 30 30 12 30 30 12 12 12 30 30
161 161 161 311 161 12 12 24 161 161 161 12 12 161 161 161 161 161 161 170
117 117 117 117 117 117 117 117 117 117 117 117 117 117 117 117 117 117 117 117
317 317 317 317 317 317 317 317 317 317 317 317
12 12 12 12 12 175 12 12 260 12 12 260 260 12
357 260 357 12 260 12 357 149 12 12 357 12 260
95 12 260 95 95 260 95 260 12 12 95 201 95 12 12
201 95 201 95 201 201 278 95 95 278 201 278 201
24 357 12 260 12 12 357 12 245 260 357 12 357 357 260 12 12 12 381 12 357 357
12 357 357 357 149 260 12 260 12 260 12 12 357
95 12 357 95 95 12 12 95 95 12 95 324 95 95 39 12 95 12 417 357 95 357 12 95 95 39 12
95 357 357 357 95 95 95 95 357 357 357 199 357 95 357
95 188 12 95 12 95 95 12 12 95 95 12
12 12 175 12 12 260 260 12 12 12 12 260 12 12
357 357 12 260 357 12 260 260 260 12 260 12 12 260 357 170
223 223 223 223 223 223 223 223 223 223 223 223 223 223 223 223 223 223 223 223 223 223 223 223 223 223 223
357 12 260 80 12 357 357 357 371 95 357 95 95 357 95 260 12 357 95 95 417 12 57 357 357 12 95 95 304 95 12 95 12 357 12 357 95 95
95 260 95 260 95 260 260 260 260 199 95 260 260 260 260 95 260 260 95
223 12 95 223 223 12 223 12 223 357 223 12 95 223 223 223 223 223 223 249 12 223 12 223 223 95 95 12 223 223 223 223 223 357 95 223 381 260 95 357 12 223 223 260 223 224 260 223 12 12
317 317 317 317 317 317 317 317 317 317 317 317
398 398 398 398 398 398 398 398 398 398 398 398 398 398 398
357 357 357 12 357 260 357 357 357 357 12 357 12 219 260 12 260 357 357 12 357
161 95 143 95 95 95 175 175 260 95 12 161 95 95 304 95 161 95 95 95 12 95 12 12 12 12 161 12 95 95 12 170 95 95 400 12 95 12 260
357 12 260 149 12 260 12 12 357 260 357 12 357
357 357 357 357 260 357 260 357 357 357 260 95
12 12 95 12 12 12 12 12 12 12 291 12 95 12 12 12 12 111 95 95 24 95
95 260 260 95 95 260 12 95 95 357 12 95 260 12 357 12 95 95 95 95 260 12 357 260 95 357 95 309
161 161 170 161 357 170 161 357 161 161 303 161 161 161 357 161 357 161 161
266 266 266 266 266 266 266 266 266 266 266 266 266 266 266 266 266 266 266 266 266 266 266 266 266 266 266 266 266 266
398 398 398 398 398 398 398 398 398 398 398 398 398 398 398
12 95 12 357 95 95 357 95 111 12 95 219 12 357 95
12 12 95 95 111 12 219 95 12 95 357 95 357 95 357
161 95 95 161 12 219 12 95 161 95 161 95 95 340 12 95 24 95 12 161 95 95 161 161
161 199 161 161 357 161 161 357 357 161 161 357
260 357 357 175 12 260 260 260 260 357 260 12 12 381 24 12
95 12 95 12 188 95 95 12 95 12 12 95
161 12 12 161 161 219 161 161 12 161 12 219
12 12 95 12 95 12 12 95 188 95 95 95
245 245 245 306 245 95 95 245 95 306 245 245 95 306
349 349 349 349 349 349 349 349 349 349 349 349 349
161 161 260 161 161 199 260 260 161 161 161 260 260 260
245 161 161 161 245 321 161 245 245 245 161 321 245 245 245 161
357 12 357 357 12 357 170 357 111 357 12 357 12
95 199 199 199 357 357 95 95 95 357 95 230 95 357
266 266 266 266 266 266 266 266 266 266 266 266 266 266 266 266 266 266 266 266 266 266 266 266 266 266 266 266 266 266
12 12 12 12 150 12 12 12 12 12 161 12 150
12 12 357 12 260 260 357 12 12 12 260 12 309 12 12 12 12 12 12 12 260 12 12 357 260 12 12 357 12 260 12
201 95 201 95 201 201 278 95 95 278 201 278 201
245 245 245 245 245 357 245 357 245 245 278 245 357 357
95 161 95 161 95 161 161 245 161 95 161 95 161 95
260 12 12 260 357 357 357 170 12 12 260 12 357 260 260 260
245 245 357 245 245 357 357 357 245 245 245 245 245 278
12 95 95 12 95 12 12 95 95 188 12 95
12 12 260 260 111 12 260 12 260 260 12 260
357 260 357 357 12 12 12 12 12 260 12 12 260 12 12 210 357 12
223 223 223 223 223 223 223 223 223 223 223 223 223 223 223 223 223 223 223 223 223 223 223 223 223 223 223
12 12 161 12 161 12 12 161 161 161 161 219 161
12 12 278 12 161 12 161 161 161 170 12 12 12 12 161 161 161
95 12 12 260 12 260 95 95 95 12 95 12 260 95 283 95 95 95 95 95 95
161 161 161 357 357 161 199 357 161 324 161 161 161 161 161 12 161 12 12 161 161 12 12
260 12 12 260 12 12 12 12 12 12 260 175 12 12
24 95 357 95 260 260 255 95 260 12 111 12 12 95 304 260 95 357 95 260 357
266 266 266 266 266 266 266 266 266 266 266 266 266 266 266 266 266 266 266 266 266 266 266 266 266 266 266 266 266 266
152 95 330 12 357 260 260 230 260 260 95 357 95 12 260 12 12 12
95 357 95 95 95 95 95 12 357 95 95 357 12 12 12 95 357 95 12 95 357 95 357 357 357 309
12 223 223 12 223 223 223 223 223 223 228 223 223 223 223 223 223 223 223 12 223 223 223 223 223 223 223 12 223 223 223 12
398 398 398 398 398 398 398 398 398 398 398 398 398 398 398
12 201 201 12 95 201 201 201 12 357 201 357 357 95 201 12 95 12 95 201 329 357 95 95
398 398 398 398 245 245 245 398 245 245 398 37 398 398 398 245 245 245 398 398 398 398 245 398
95 95 95 95 95 95 95 95 95 95 95 213 95
260 357 357 357 357 260 357 357 357 95 357 260
201 201 201 357 201 201 235 201 201 201 357 357 357
260 260 260 260 260 260 143 357 260 260 260 260 260 260 260 260 260 260
12 12 161 245 12 161 245 245 245 161 12 245 245 245 12 161 12 12 161 245 12 161 12 12 12 12 245 12 12 414 12 161 12 12 12 12 12
357 201 201 201 201 235 201 201 357 201 201 357 357
357 12 12 357 357 357 170 357 357 357 357 12 12 12
357 161 357 161 357 161 161 357 357 259 161 357 357 161 357 357 357 357 357 161
12 357 12 194 12 12 357 12 12 357 357 12 12 12 12
12 252 161 357 12 357 161 12 12 161 161 357 357 161 161 161 12
357 357 357 357 357 357 357 357 357 357 357 357 357 357 357 184 357
95 12 95 12 95 12 238 12 12 12 95 12 95 12 12 95 12
161 260 357 161 357 260 161 317 161 357 12 357 357 357 161 357 12 357 357 260 161 260 357 260 12 260 357 357 12 12 161
12 12 12 12 95 12 95 12 95 238 95 12 12 95 95 12 12
95 357 219 12 357 12 95 357 95 95 12 357 95 12 95 12
219 161 12 12 161 161 12 161 161 12 12 161 161
95 95 245 308 95 95 252 95 95 111 245 350 245 95 95 95 95 245 245 245 245
266 266 277 266 266 266 266 266 266 266 266 266 266 266 266 161 266 266 161 266 161 266 266 266 266 277 161 266 266 266 161 266 161 266 266 266
95 161 296 95 39 95 12 161 95 161 161 161 12 296 129 161 12
266 266 266 266 266 266 266 266 266 266 266 266 266 266 266 266 266 266 266 266 266 266 266 266 266 266 266 266 266 266
288 288 357 288 288 357 308 288 357 288 288 357 288 288 288
357 260 12 357 201 260 357 12 357 357 12 260 357 260 260 12 260 12 357 357
317 317 317 317 317 317 317 317 317 317 317 317
12 260 260 12 260 357 12 357 357 149 12 12 357
12 12 349 95 12 80 12 260 12 12 95 304 12 260 260 39 12 95 12 39 12 12 150 12 304 95 211 95 12 12 12 95 12 260 12
259 245 245 245 245 259 245 417 260 260 150 259 150 245 283
95 12 260 12 95 260 95 12 12 12 95 95 260 95 201
95 95 95 95 95 95 95 245 95 95 357 95 357 357 95 357 95
223 357 223 201 223 223 223 223 223 223 235 223 223 223 223 224 223 201 201 201 223 223 223 223 223 223 223 260 201 357 223 260 223 223 223 240 201 223 12 201
235 12 161 161 161 260 12 161 260 161 12 161 12 260 161 12
317 317 317 317 317 317 317 317 317 317 317 317
357 357 245 161 342 321 357 161 321 245 278 321 278 357 161 245 161 321
95 95 12 12 95 95 12 12 188 95 95 12
357 357 357 161 381 170 161 357 161 357 235 161 357 357 161 161
12 12 357 357 357 12 12 357 226 12 12 12 357 12 357 12 357 12 357
95 95 95 95 95 95 95 95 95 95 95 95 213
223 223 223 223 223 357 223 223 223 223 223 223 223 223 223 223 357 357 223 227 223 223 223 223 223 223 223 223 223 223 357
149 357 357 12 260 12 357 357 12 12 260 260 12
161 161 12 161 219 12 161 161 161 12 12 12 161
386 317 201 317 317 317 201 201 201 317 317 201 201 317 317 201 317 317 201 317
12 95 188 95 95 95 95 12 95 12 12 12
357 357 357 357 357 357 357 143 357 357 357 357 357
357 357 357 357 357 143 357 357 357 357 357 357 357
188 95 95 95 95 95 12 12 12 95 12 12
357 95 161 161 357 161 161 161 95 95 95 357 357 161 95 95 161 278
95 95 357 260 357 260 184 260 357 95 95 95 95 357
357 95 357 357 260 12 260 260 260 12 260 95 260 95 12 268 95 260 12 260 12 95 357 95 260
95 357 95 161 95 95 260 260 260 95 260 95
235 357 357 260 12 357 260 260 12 260 260 357 260 357 12 357 357 12 357 357 12 357 357 357
12 161 321 24 161 252 245 161 245 12 161 353 161 161 245 12 245 245 12 245 245
245 245 245 245 308 245 95 95 245 95 245 95 245 95 245 95
266 266 266 266 266 266 266 266 266 266 266 266 266 266 266 266 266 266 266 266 266 266 266 266 266 266 266 266 266 266
12 357 12 12 12 357 12 12 12 12 260 357 12 210 260 12 357 260
188 12 95 357 95 12 357 95 357 95 357 219 12 95 12
260 260 260 95 95 260 95 161 95 260 95 95 260
223 223 223 223 223 223 223 223 223 223 223 223 223 223 223 223 223 223 223 223 223 223 223 223 223 223 223
357 95 95 357 357 357 95 95 303 357 357 95 95 219 357 357 95 381 95 357 357 95 357 95
357 357 357 357 357 357 95 260 260 357 260 357
150 357 417 357 357 417 357 357 150 357 417 111
259 161 245 278 260 245 161 245 210 245 245 330 321 245 321 259 161 4 260 260 245 260 278 338 321 259 245 245
260 260 357 357 357 95 357 357 357 357 357 260
95 12 95 95 95 12 12 188 95 12 12 95
95 95 95 95 161 161 161 238 161 161 238 238
12 12 12 194 12 357 357 194 357 12 12 12 12
266 266 266 266 266 266 266 266 266 266 266 266 266 266 266 266 266 266 266 266 266 266 266 266 266 266 266 266 266 266
12 12 12 12 95 260 95 12 260 95 12 12 95 260 12 95 95 12 12 255
357 357 357 357 357 357 357 143 357 357 357 357 357
194 12 24 95 12 111 12 12 95 95 95 95
357 161 357 357 199 161 161 161 357 161 161 161
349 349 349 349 349 349 349 349 349 349 349 349 349
12 12 12 260 357 95 201 260 260 161 260 201 260 12 12 357 12 161 357 201 12 97 260 201 201 357 12 201 95 12 161 161 201 8 161 97 201 95 361 161 357 361 12 95 357 173
95 357 357 357 95 245 95 95 95 95 95 95 95 95 357 95 95
223 223 223 223 223 223 223 223 223 223 223 223 223 223 223 223 223 223 223 223 223 223 223 223 223 223 223
150 12 357 357 150 12 129 357 12 357 12 12
111 252 357 357 95 357 95 95 111 95 95 95 357 95 95 95 95
357 357 161 161 357 288 357 161 39 161 417 12 161 12 12 357 357 161 357 39 161
266 266 266 226 266 12 161 161 266 266 266 266 266 266 266 266 161 161 161 266 266 266 282 266 266 266 266 266 12 12 266 266 266 175 266 266 39 266 266 266 266
201 12 357 12 12 357 357 357 357 12 357 357 357 357 357 357 12 357
12 161 161 12 161 357 357 357 12 357 357 12 12 357 12 161 12 12 161 357 12 357 357 357 357 329 161 357 12 161
95 12 95 12 12 95 188 12 12 95 95 95
12 260 154 357 161 491 162 161 12 357 12 161 245 2 490 260 260 493 492 12 260 161 12 357 245 12 161 12 12 12 245 260 245 12 260 245 111 245 245
161 161 357 357 12 12 336 95 357 199 161 12 95 175 12 357 161 12 357 95 95 95 175 357 184
24 357 357 12 357 175 357 381 357 12 12 357 12 357
161 161 161 161 321 95 161 161 321 95 161 95 161 95 95 161 161 161 161
223 266 266 266 366 266 266 223 266 266 223 266 266 266 223 223 266 223 223 266 223 223 223 223 223 266 366 223 223 266 266 266 223 266 223 266 223 266 223 223 266 266 266 223 223 266 223 266 223 266 223 266 266 223 266
12 357 24 12 381 357 12 357 175 357 12 357 357 357
223 223 223 223 223 223 223 223 223 223 223 223 223 223 223 223 223 223 223 223 223 223 223 223 223 223 223
95 95 357 357 357 199 95 357 357 39 357 95 95 95
226 12 12 357 357 357 357 12 12 12 12 357 12 12 12 357 12 357 357
201 201 201 201 278 12 260 201 12 201 201 12 201 304 24 260 12
12 357 12 12 357 260 12 260 357 149 12 357 260
170 357 357 12 357 357 12 357 12 12 357 12 357 357
95 95 201 283 201 201 201 201 95 201 95 95 201 201 95
95 95 161 161 95 95 95 357 95 357 95 95 245 95 95
95 95 95 95 95 213 95 95 213 95 95 95
235 201 357 201 201 201 357 357 357 201 201 201 201
381 161 161 357 12 24 12 161 357 255 357 161 12 161 161 12 161
223 223 223 223 223 223 223 223 223 223 223 223 223 223 223 223 223 223 223 223 223 223 223 223 223 223 223
357 12 12 12 161 213 12 12 12 357 381 12 12 213 213 12 170 357 111 213 381 357 95 161 12 371 12 12 12 357 357 39 12
303 201 357 201 95 201 201 95 357 201 357 95 201 95 201 95 161 201
12 201 201 201 259 210 12 201 24 201 12 12 201 201
12 12 12 12 95 210 95 12 12 12 152 95 12 12 380 12 12 95 12 12 12 12 12 184 12 255 95 95 12 95 12 12 12
95 95 149 12 95 95 149 95 12 235 95 12 12 12 12
111 12 12 95 24 95 95 12 12 95 12 12 95 95 95 95 12 95 95 12 95 1 12 12 95 95 12 95 95 95 95 12 12 188 12 95 95 95 12 188 12 12 95
357 357 161 161 161 161 357 357 161 161 161 199
260 260 260 260 304 304 260 260 260 357 357 260 260 260 260 304 357 260 260 260 304 357 150 260 260 260 260 150 245 260 260 260 260 260
357 417 357 175 260 12 357 161 161 357 95 95 12 357 161 95 161 161 175 12 260 357 357 357 357 357 356 12 95 95 357 260 12 95
223 223 223 223 223 223 223 223 223 223 223 223 223 223 223 223 223 223 223 223 223 223 223 223 223 223 223
95 260 12 12 260 95 12 12 260 95 12 201 95 95 95
95 12 143 95 260 12 161 95 260 161 387 149 12 95 161 12 161 143 210 12 95 95 95 12 260 95 12 39 175 260 304 161 12 12 260 143
12 309 95 357 95 161 95 95 161 357 111 219 357 12 161 95 12 161 95 161 161
95 95 238 95 95 161 161 238 161 161 238 161
95 161 95 161 161 245 245 245 161 95 364 245 245 245 245 161 95 161 95 95 245 161 245
12 95 95 260 95 357 357 238 12 304 381 260 95 357 12 12 95 12 95
349 349 349 349 349 349 349 349 349 349 349 349 349
260 278 245 245 245 245 260 245 245 260 260 245 245 260 245 260
245 245 260 161 95 245 161 260 245 95 245 95 260 161 260 95 95 95 95 95 95 161 95 260 245 245 260 245 95 161 245 95 161 161 402
255 12 12 201 201 12 201 12 12 201 201 201 201 201
12 12 12 12 12 12 12 12 12 12 213 12 12 12 12 12
230 357 357 357 95 357 357 357 357 95 95 357 357 357 357 95 357 95 95
95 95 95 95 95 95 95 95 213 95 95 95 95
161 95 95 161 95 95 245 95 161 161 161 161 95 161
260 95 357 357 260 357 357 260 357 357 357 357
95 95 95 260 95 95 260 95 300 95 95 95 95 260 95 95 95 95 95 95 95 95
12 219 357 260 260 161 260 161 12 268 12 357 161 12 161 357 357 161 161
12 12 95 95 95 357 95 219 95 95 111 12 357 12 357
12 255 12 260 12 95 95 12 12 95 12 95 95 12 12 95 260 12 12 260
95 245 245 95 245 95 245 308 245 245 245 95 245 95 245 95
161 12 39 161 12 12 161 226 226 161 161 175
95 357 95 357 95 95 357 199 357 357 357 357 95 95 357
201 364 357 201 357 201 12 12 12 201 201 201 201 201 201 357 201 201 201 201 12 201 12 357 201 201
194 12 95 24 12 95 12 95 95 95 111 12
111 260 260 95 95 95 95 304 170 260 260 260 95
350 349 12 12 357 349 357 12 12 357 12 12 12 12 349 12 12 381 12 349 357 260 357 357 30 260 349 260 349 24 12 357 349 357 12 349 350 12 381 357 357 349 350
175 12 12 12 260 12 12 12 260 260 12 12 12 12
260 260 12 12 357 357 12 260 357 170 12 260 260 357 260 12
95 12 345 12 57 95 357 161 12 357 95 161 161 95 12 12 12 161 57 12 161 12 161 357 95 357 95 260 161
245 260 338 321 330 338 161 321 245 278 161 278 161 245 321 175
266 266 266 266 266 266 266 266 266 266 266 266 266 266 266 266 266 266 266 266 266 266 266 266 266 266 266 266 266 266
349 349 349 349 349 349 349 349 349 349 349 349 349
12 24 213 357 12 260 12 12 357 357 12 260 24 12 260 357 12 12
12 12 12 12 194 12 12 357 357 12 357 12 12 357 12
266 266 266 266 12 266 266 266 266 266 266 266 260 266 266 266 266 266 12 266 260 266 266 266 266 266 272 266 266 266 260 266 266 266 12 12 12 266
398 398 398 398 398 398 398 398 398 398 398 398 398 398 398
161 161 161 357 161 161 161 357 357 199 161 357
260 12 12 12 357 357 149 12 357 12 260 260 357
357 12 12 12 12 260 12 260 12 357 12 260 12 12 12 260 357 12 12 12 12 260 260 278 12 357
12 357 12 260 357 357 260 260 12 357 170 12 260 260 12 260
266 266 95 266 266 266 266 266 266 266 266 95 266 266 266 266 275 266 266 266 266 266 95 266 266 266 266 266 266 95 95 266 95 266 266 266
161 161 278 161 161 161 161 278 161 161 161 161 161 161
12 161 357 357 12 161 12 161 357 12 12 357 357 357 12 161 161 357 12 357 12 161 12 12 311 161
245 245 245 12 12 245 245 12 245 12 245 245 291 245 12
260 260 357 278 260 95 260 95 260 95 357 95 95 357 357 95 260 95 95 95 95 95 95
12 260 12 260 12 12 95 150 150 260 150 150 12
12 303 161 131 12 95 161 25 25 161 95 95 161 96 161 161 161 95 14
357 357 199 357 357 161 161 161 161 161 161 161
210 95 95 95 12 95 12 95 95 259 95 95 259 12 12
161 199 161 357 357 357 161 161 161 161 161 357
12 129 357 95 417 260 12 288 129 12 95 357 357 95 12 357 12 357 95 260 260 357 260 260 260 357
357 260 161 260 161 161 260 357 235 170 161 260 260 357 161 304 357 161
161 95 161 296 95 39 95 161 95 161 161 296 12 12 129 161 12
12 12 161 12 161 12 161 161 161 12 219 161 161
223 223 223 223 223 223 223 223 223 223 223 223 223 223 223 223 223 223 223 223 223 260 260 223 260 223 225 223 223 223
150 12 161 12 150 12 161 161 161 226 12 12 161 161 161
357 357 12 12 12 12 194 12 12 357 12 12 12 12 357
161 161 161 161 161 161 161 161 278 161 161 161 161 161 161
95 12 357 12 95 357 296 12 357 357 95 357 357 95 95 357 12 12 12 12 12 12 95 12 357
12 12 357 260 357 357 149 260 260 12 12 357 12
161 95 95 161 161 161 95 95 95 95 357 161 95 95 321 95 357 161 357 95 95 95 161 357
161 130 161 12 245 12 130 245 161 386 245 245 161 386 421 12 161 95 12 245 95 309 161 421
12 12 12 12 260 161 357 357 12 161 12 161 357 260 357 161 161 12 12 12 260 12 306 161 161
95 95 357 39 95 357 95 357 357 95 95 357 357 199
260 284 260 260 170 95 95 161 95 304 111 260 95 161 161 161 161 95 260 170
161 161 161 161 161 161 161 161 161 161 95 95 161 95 161 95 321 95 161 161 95
194 260 12 260 260 260 12 12 12 12 12 260 12 260 12 12 12
170 12 357 357 357 357 12 12 357 12 357 357 357 12
349 349 349 349 349 349 349 349 349 349 349 349 349
245 245 245 245 12 12 12 12 245 245 291 245 12 245 245
291 95 12 12 95 12 12 12 95 95 12 12 95 12 12 95 24 12 12 12 12 24
266 266 266 266 266 266 266 266 266 161 266 266 281 266 12 266 266 266 266 266 12 161 266 161 266 266 266 161 266 12 161 161 266 266 266 161 12 266 266 266 266 12
357 12 12 12 357 12 12 12 12 12 12 194 357 12 357
266 266 266 266 266 266 266 266 266 266 266 266 266 266 266 266 266 266 266 266 266 266 266 266 266 266 266 266 266 266
95 95 95 95 357 245 95 95 210 111 95 357 357 210 381
266 266 266 266 266 266 12 266 266 266 266 266 95 12 12 266 266 266 266 266 95 12 12 12 95 12 287 266 266 266 95 95 266 266 12 266 12 95 266 266 12 12 12 12 12 266 266 266 266 266 12
12 170 357 12 357 357 12 12 357 357 357 357 357 12
357 357 161 357 161 161 161 161 199 161 357 161
161 12 161 12 170 161 161 161 12 12 12 12 24 12 161 12 283 39
245 245 111 95 95 357 201 245 201 95 201 245 12 357 357 245 95 201 12 357 357 95 95 95 95 201 357 12 201 24 95 357 245 95 95 357 95 357 111 89 95 245 95 95 245 95 357 95 357 245 201 24 111 201 357 95 111 95 95
357 12 357 12 357 357 175 150 12 12 357 12 357 357 357 150
12 12 260 260 12 260 260 12 260 260 12 111
161 12 12 161 161 219 161 161 12 161 12 219
260 12 170 12 260 260 357 357 260 39 12 12 357 12
260 260 12 357 381 12 12 12 12 12 12 12 24 12 357 357 213 260
161 199 161 161 161 161 357 161 161 357 357 357
260 357 357 357 357 357 260 260 161 357 357 357 357 357 357 357
357 245 245 304 245 245 260 357 357 357 357 245 338 245 245 245 357 260 260 245 357 357 357 304 357 357 260 357
95 95 95 357 357 95 357 357 357 357 357 357 95 95 199
357 357 12 24 357 12 357 357 357 175 381 12 12 357
357 357 357 357 111 357 252 357 260 357 357 12 357 260 260 357 12 12 12 357 357 357 357 357
95 95 150 260 95 260 95 12 260 12 210 12 12 150 95 12 95
12 95 95 12 12 12 357 12 357 12 357 95 357 95 12 12 95 12 12 273 95
245 245 306 245 95 95 245 245 95 306 245 245 95 306
288 288 288 288 201 288 288 201 201 201 288 288 367 201 201 201 367 288
95 201 260 260 95 12 12 12 12 95 95 260 95 12 95
111 384 95 349 349 349 95 349 349 349 350 95 349 349 95 349 349 95 349
260 12 260 260 12 149 12 357 357 12 357 357 12
357 260 357 357 357 260 260 357 357 260 143 260 260 357 357
288 288 12 12 288 288 288 288 12 12 317 288 288 12 288 288
201 357 161 161 357 161 161 150 161 161 161 150 357 357
161 161 245 161 161 161 161 321 321 161 380 245 278 161 161 321 278 161 245 161 321
95 357 357 12 95 357 12 95 12 95 12 12 219 357 95 95
266 266 266 266 266 266 266 266 266 266 266 266 12 266 12 12 266 266 266 39 266 266 280 266 280 266 266 12 266 266 12 12 39 266 12 12 266 266 149 266 266
170 12 12 12 161 12 12 161 278 12 12 161 161 161 24 12 12 161
223 161 357 223 223 223 223 223 223 223 357 223 223 223 223 223 223 161 223 223 357 223 223 223 161 223 223 223 161 161 223 357 223 161 223 223 237 161
266 266 266 266 266 266 266 266 266 266 266 266 266 266 266 266 266 266 266 266 266 266 266 266 266 266 266 266 266 266
398 398 398 398 201 201 398 201 398 22 398 398 398 398 398 201 201 22 22 201 398
245 245 245 245 245 245 245 245 245 245 245 364 245 245 245 245 245 245 245
95 161 357 345 161 175 161 95 95 161 175 184 161 161 161 95 357 95 161 161 357 95 357 161 161
357 12 357 357 12 12 12 381 357 12 357 381 175 357
12 150 12 357 12 150 12 357 357 129 12 357
12 161 219 12 161 161 12 12 161 161 12 161 161
95 95 95 24 260 12 12 95 95 260 95 95 12 149 95 39 39 260 12 95 12 95 319 12 95 12
12 260 12 12 12 12 260 175 12 12 12 12 12 260
95 95 201 201 303 95 95 357 201 95 201 201 201 201 95 201 357 357 357
24 161 260 161 161 12 12 357 12 12 161 161 12 12 12 357 161 308 260 357 12 12 161 304 357
95 95 95 95 12 357 12 95 95 95 357 95 95 95 95 95 357 95 338 12 95 12 95 95 95 12 357 95
12 149 12 12 12 12 12 149 12 12 12 12 12 210
259 95 95 95 12 95 12 95 95 259 95 95 210 12 12
245 245 308 245 95 95 95 245 245 95 95 245 245 95 245 245
12 260 95 95 95 12 12 95 95 12 201 260 95 260 12
245 161 161 161 245 161 161 245 245 321 161 321 245 245 245 245
223 223 223 223 223 223 223 223 223 223 223 223 223 223 223 223 223 223 223 223 223 223 223 223 223 223 223
95 95 188 95 12 95 95 95 12 12 12 12
260 12 12 260 260 12 260 12 260 260 12 111
95 95 12 12 12 95 95 95 12 95 95 95 95 95 12 95 268 95
288 288 288 288 288 288 201 201 201 201 288 288 201 367 201 201 367 288
12 161 219 161 219 161 161 161 12 12 12 161
223 223 223 223 223 223 223 223 223 223 223 223 223 223 223 223 223 223 223 223 223 223 223 223 223 223 223
268 12 95 12 260 260 95 12 95 330 95 12 12 12 12 95 95 95 12 12
161 199 161 161 161 357 357 357 161 357 161 161
201 201 201 357 201 201 201 201 235 357 201 357 357
398 398 398 398 398 398 398 398 398 398 398 398 398 398 398
357 357 357 357 357 260 260 161 357 357 357 357 357 260 357 357
161 245 245 161 245 95 95 161 95 364 245 245 364 245 245 161 161 245 161 95 95
223 223 223 223 223 223 223 223 223 223 223 223 223 223 223 223 223 223 223 223 223 223 223 223 223 223 223
201 95 201 201 210 12 315 201 95 12 95 24 201 95 12 95 201 201 95 12
161 95 95 39 95 95 12 12 95 95 95 95 161 95 397 12 39 39 95 95 12 12 161 95 95 111 149 95 161 161 95 161 12 161 12 95
12 161 219 161 219 161 161 161 12 12 12 161
398 398 398 398 398 398 398 398 398 398 398 398 398 398 398
245 245 245 95 95 95 308 95 245 245 245 245 245 245 95 95
357 357 201 357 357 357 357 357 357 12 357 357 12 12 12 357 12 357
95 129 357 417 357 95 357 95 284 357 95 357 95 95 95 95 129 95 357 357 95
95 357 260 357 357 260 357 357 357 357 357 260
357 357 357 357 260 357 357 357 95 260 260 357
161 95 176 95 161 161 357 95 357 171 357 95 161 357 172 111 95 95 357 96 171 357 357 95 350 95 95
161 161 357 161 170 201 161 357 357 161 381 161
12 95 95 95 95 12 12 12 95 188 12 95
223 95 223 223 223 223 95 223 223 223 223 223 223 223 223 223 223 95 223 223 223 223 223 223 95 223 223 95 223 95 233 223 223
266 266 266 266 266 266 266 266 266 266 266 266 266 266 266 266 266 266 266 266 266 266 266 266 266 266 266 266 266 266
12 12 273 12 161 12 161 12 12 12 161 161 12 161 161 12 12 161
161 161 161 357 199 161 357 357 161 357 161 161
12 12 12 12 357 12 357 357 357 12 357 357 226 12 357 12 12 357 12
95 12 12 12 95 357 95 12 95 357 12 357 357 357 12 12 357 357 12 95 12 296 12 357 95
12 12 12 12 12 12 12 12 12 12 12 12 213 12 12 12
245 245 245 357 245 245 357 245 357 357 357 245 308 260 260 245 245 357 357 260 357
12 260 12 357 12 95 260 95 12 357 260 95 12 12 260 12 349 12 357 357 12 12 260 95 260 95 260 12 357 12 260 357 12 12 95 12 260 357 357
95 304 95 260 357 357 357 357 260 357 95 357 235 260 260 95 304 357 95 357 95
161 161 161 324 95 161 95 175 95 324 161 161 175 161 95 95 161 161 161
357 357 357 357 260 357 357 161 357 260 357 357 357 357 357 260
266 266 266 266 266 266 266 266 266 266 266 266 266 266 266 266 266 266 266 266 266 266 266 266 266 266 266 266 266 266
266 266 266 266 266 266 266 266 266 266 266 266 266 266 266 266 266 266 266 266 266 266 266 266 266 266 266 266 266 266
260 12 260 260 12 12 260 111 12 260 12 260
245 245 309 245 12 245 245 12 357 12 12 245 245 12 357 357 245 245 357
24 12 12 194 12 111 95 95 95 12 95 95
161 161 161 161 161 278 161 161 161 161 161 161 161 161 161
398 398 398 398 398 398 398 398 398 398 398 398 398 398 398
161 357 12 260 12 357 161 161 357 357 161 260 161 12 161 291 357 12 357 161 357 12 260 357
39 161 357 161 357 357 95 417 12 161 39 95 95 357 95 95 161 95 95 95 357 12 161 95 161 95 357 371 12 95 161 95 357
161 161 278 161 161 161 161 278 161 161 161 161 161 161
12 95 188 95 95 12 95 95 12 12 12 95
349 349 349 349 349 349 349 349 349 349 349 349 349
12 12 12 12 12 12 201 12 201 12 12 12 201 201 201 201 201 201 324 12 12 12 12 12
161 95 350 12 95 213 213 12 39 161 12 161 95 12 95 95 12 213 12 111 24 213 12 95 95 12
12 184 12 12 255 95 95 95 95 210 95 95 95 255
12 12 357 357 12 357 260 149 12 12 357 260 260
161 12 161 12 12 24 288 12 260 161 161 12 12 260 12 170 161 161 260 12 12
223 223 223 223 223 223 223 223 223 223 223 223 223 223 223 223 223 223 223 223 223 223 223 223 223 223 223
266 266 266 266 266 266 266 266 266 266 266 266 266 266 266 266 266 266 266 266 266 266 266 266 266 266 266 266 266 266
95 39 12 95 12 95 57 95 95 357 12 12 357 39 12 303 357 12 357 95 357 12 357 357 357
12 170 357 357 12 357 12 357 12 357 357 12 357 357
12 210 12 12 12 12 12 149 12 12 12 12 12 149
12 12 357 161 161 12 12 357 12 321 357 12 12 12 161 12 161 12 357 12 12 161 161 12 12 161 12
95 12 12 12 95 95 188 95 95 12 12 95
12 357 12 95 95 357 95 219 95 95 12 357 357 12 12 95
12 95 357 95 12 95 357 219 95 12 95 12 12 95 357 357
12 39 161 161 175 161 161 12 311 161 161 161 161 161 161 161 311 12
12 12 12 12 12 260 12 152 12 12 12 12 260 283 12 12 12 260 12 12 12 12 12
260 161 95 161 12 161 12 161 303 260 161 12 95 95 12 95 95 161 161 95 12 260
95 95 95 95 188 95 12 12 12 12 12 95
161 357 161 39 213 95 260 161 357 213 260 357 260 278 213 95 260 213
357 95 260 357 95 95 95 260 357 357 184 95 95 260
245 400 95 95 245 95 245 129 39 95 400 210 95 245 95 12 245 245 95 95 245 95 95 95 129 245 39 12
398 398 398 398 398 398 398 398 398 398 398 398 398 398 398
95 12 12 12 95 111 95 12 260 12 260 12 12 12 12 259 95 260 24 95
357 223 357 223 357 223 223 223 357 223 357 223 223 357 223 223 223 229 223 223 223 223 357 223 223 223 223 223 223 357 223 223 223 223 223
12 12 12 357 161 357 357 357 161 12 161 357 357 283 161 161 357 161 161 111
278 12 12 12 12 12 357 12 12 357 357 12 12 12 357 12 12 357 357 12 12 12 357 357
95 12 12 95 12 95 12 95 12 12 12 12 12 317 12 12 12 12 12 12 95 95 12 12 12 12 12
12 357 12 12 12 12 12 194 12 357 357 12 357 12 12
111 12 12 12 12 260 260 12 260 260 260 260
161 12 39 161 12 12 161 226 226 161 161 175
12 12 150 260 129 12 260 304 260 12 260 12 260
245 400 95 95 245 95 245 129 39 95 400 210 95 245 95 12 245 245 95 95 245 95 95 95 129 245 39 12
24 12 161 357 161 357 161 255 12 161 12 357 357 170 161 161 12
260 260 161 260 161 161 260 161 161 161 199 161 260 260
12 357 357 170 357 12 12 357 357 12 357 12 357 357
95 95 188 95 95 12 95 12 12 12 95 12
12 357 12 357 357 150 12 129 12 12 357 150
357 245 12 357 12 12 201 12 357 12 245 32 381 245 245 357 201 201 201 12 12 12 357 12 357 245 24 12 245 12 245 12 201 381 245 381 12 12 12 357 235 12 12 201 357 12 201 12 245
260 95 357 304 357 245 12 417 357 330 357 4 395 95 252 308 95 95 12 260 260 330 95 95 95 395 95 245 260 260 245 12 24 149 95 12 95 245 357 260 245 245 245
22 398 398 398 201 201 398 201 398 398 398 398 398 398 398 201 201 22 22 201 398
357 210 12 12 12 260 357 357 12 12 12 12 357 12 260 260 12 12
245 321 321 321 161 321 245 278 161 278 161 245 321 161
12 357 12 357 12 170 12 357 357 12 357 357 357 357
12 357 95 219 95 95 12 357 95 12 357 357 95 12 95 12
95 260 12 95 357 12 260 260 311 12 357 95 12 260 12 260 12 357 12 95 12 95 357 12 357 357 357 12 357 260 95
111 161 95 356 161 12 95 12 39 170 12 161 111 95 12 24 12 95 12 161 12 161 12 12 12 12 12 12 161
161 357 161 95 161 161 161 357 95 161 161 357 95 357 260 260 288 260 95 95 95
95 95 95 95 95 213 95 95 95 95 95 95 95
95 12 12 12 95 396 96 12 12 113 357 113 436 95 357 235
266 266 266 266 266 266 266 266 266 266 266 266 266 266 266 266 266 266 266 266 266 266 266 266 266 266 266 266 266 266
357 357 357 260 357 357 260 357 357 357 357 304 260 357 357 260 201 260 260 260 357 304
266 266 266 266 266 266 266 266 266 266 271 266 357 266 266 266 266 266 266 266 266 266 266 266 266 266 266 266 357 266 357 357 266 266
223 223 223 223 223 223 223 223 223 223 223 223 223 223 223 223 223 223 223 223 223 223 223 223 223 223 223
95 245 95 95 95 245 350 245 245 245 245 95 95 95 245 95 111 111 95 245 95 245
161 357 357 161 161 357 161 161 161 357 161 199
252 95 95 357 111 95 111 357 95 357 95 357 95 95 95 95 95
266 266 266 266 266 266 266 266 266 266 266 266 266 266 266 266 266 266 266 266 266 266 266 266 266 266 266 266 266 266
12 95 12 357 95 357 12 12 235 357 260 95 95 95 95 12 260 260 357
95 130 245 245 245 256 95 309 245 130 309 309 245 421
260 260 12 260 260 111 12 12 12 12 260 260
188 12 95 12 12 95 95 12 95 95 95 12
95 357 95 260 260 95 95 357 357 357 95 184 260 95
296 12 161 12 161 12 161 12 161 357 12 357 12 357 161 161 12 12 161 12 12 357
161 357 260 259 161 260 260 161 260 260 260 161 357 260 260 260 161 260 357 161 260 357 260 161
357 95 357 296 357 357 357 357 95 357 357 260 357 357 357 95 357 260 357 129 260 95 95 95 357 357 24
357 95 95 95 357 357 95 260 357 260 95 357 260 95 357 357 213 357
12 161 161 161 161 161 161 12 12 12 219 161 12
161 357 357 357 357 161 161 161 161 161 199 161
349 349 349 349 349 349 349 349 349 349 349 349 349
317 317 317 317 317 317 317 317 317 317 317 317
357 12 357 12 357 357 357 260 357 357 12 149 12 188 260
95 12 95 12 12 95 12 95 12 111 12 95 24 12 188 12 12 95 12 12 95 12 95 363 152 12 12 95 12 12 95
95 95 219 95 95 95 111 95 95 95 95 95 111
357 201 12 201 357 201 12 357 201 12 201 357 12 201 357 357 357 12 201 201 306 357
161 161 161 324 95 161 95 175 95 324 161 161 175 161 95 95 161 161 161
12 95 95 12 95 12 95 260 12 12 260 95 201 95 260
357 12 357 357 357 260 260 357 260 12 188 357 12 357 357 12 12
95 161 245 161 161 95 161 161 161 95 95 95 161 95
357 357 357 357 357 170 12 357 12 12 12 357 12 357
12 12 357 357 235 357 357 357 357 357 357 357 143 12 357 12 357 12 357 357
95 95 95 95 95 213 95 95 213 95 95 95
201 95 201 95 201 201 278 95 95 278 201 278 201
357 357 12 12 143 12 357 357 357 201 357 357 12 12 357 357
12 39 161 161 175 161 161 12 311 161 161 161 161 161 161 161 311 12
213 161 260 357 161 161 161 161 357 161 161 357 260 260 357
260 357 161 260 260 161 260 161 230 260 357 357 161 161 161 161 260 357
357 260 12 357 161 12 12 24 161 357 381 357 161 12 357 381 161 357 357 304 357 260 161 12 260 39 161 357 304 24 12 260 357 161 356 12
245 245 245 245 245 245 357 357 357 245 278 245 245 357
161 161 95 95 161 95 161 161 245 161 95 95 95 161
317 317 317 317 317 317 317 317 317 317 317 317
349 349 349 349 349 349 349 349 349 349 349 349 349
161 260 161 161 260 357 260 260 161 161 199 161 161
357 95 95 95 357 260 357 260 260 12 95 95 12 12 95 357 12 235 12
317 317 317 317 317 317 317 317 317 317 317 317
317 317 317 317 317 317 317 317 317 317 317 317
260 12 357 149 357 260 260 357 357 12 12 12 12
357 12 357 357 12 357 357 12 357 12 12 357 357 12 24 357 357 12 357 24 12 357 12 283 12
12 260 357 161 24 12 12 12 161 12 161 357 12 12 161 12 161 12 161 161 12 12 12 381 12 357 260 12 338 260
317 95 317 95 317 317 317 95 95 317 317 317 317 95 95 362 317 317
12 369 357 357 161 161 12 12 357 161 161 199 12 12 161 161 12 161 12 357 161 161 12 357 357 161 161 12 161 12 161 357
398 398 398 398 398 398 398 398 398 398 398 398 398 398 398
161 12 12 226 12 12 161 170 161 24 161 161 161
95 95 95 95 357 95 357 309 95 95 95 95 95 95 95 95 357 381 95 95 95 95 111
12 357 12 170 357 357 357 12 357 12 357 12 357 357
95 95 12 12 188 12 95 95 95 95 12 12
266 266 417 266 357 266 266 266 276 266 266 266 357 266 266 12 260 266 266 266 12 357 266 266 12 266 266 260 266 266 266 266 266 266 266 266 12 12 266 266 266
245 245 357 245 245 278 357 357 245 245 245 357 245 245
201 201 12 12 12 12 201 300 12 201 12 201 12 201 201 12 12 201 12
12 95 357 12 12 12 95 273 357 12 95 12 12 357 95 12 12 357 95 95 12
223 223 223 223 223 223 223 223 223 223 223 223 223 223 223 223 223 223 223 223 223 223 223 223 223 223 223
161 161 161 161 321 95 161 161 321 95 161 95 161 95 95 161 161 161 161
266 266 266 266 266 266 266 266 266 266 266 266 12 266 12 12 266 266 266 39 266 266 280 266 280 266 266 12 266 266 12 12 39 266 12 12 266 266 149 266 266
95 12 12 95 357 95 95 95 357 12 95 95 12 357 357 95 12 95 291 95 95 95
278 12 12 12 12 161 170 12 12 12 161 161 161 161 24 12 161 12
349 349 349 349 349 349 349 349 349 349 349 349 349
161 245 245 161 245 95 95 161 95 364 245 245 364 245 245 161 161 245 161 95 95
260 357 260 12 12 12 357 12 357 149 357 12 260
357 12 12 12 357 12 12 12 12 12 357 357 194 12 12
12 161 12 161 12 273 161 12 161 12 12 12 12 161 161 12 12 161
357 12 12 226 12 12 12 12 357 357 357 12 12 12 357 12 357 357 357
95 12 12 95 226 357 357 95 381 357 12 12 95 95 12 111
161 161 161 161 161 278 161 161 161 161 161 161 161 161 161
170 161 213 95 161 213 304 235 213 213 95 260 260
357 357 12 357 260 12 260 357 357 12 12 381 260 357 357 357 357 381 260 357 357 357 260 12 12 278 381
95 161 161 95 245 95 161 95 161 161 95 161 161 95
95 357 357 357 357 12 12 357 95 357 95 252 12 12 95 12 95 357 95 357
357 12 357 12 357 357 357 170 12 12 357 357 357 12
398 398 398 398 398 398 398 398 398 398 398 398 398 398 398
357 201 357 201 201 201 201 201 357 235 201 201 357
223 95 223 223 223 260 95 234 223 223 223 223 223 223 223 95 223 223 223 223 260 223 223 223 95 223 223 223 223 223 150 223 260 223 95 223 150 95
357 357 95 95 95 199 95 95 95 357 357 357 357 357 357
260 95 95 260 260 260 95 95 260 260 95 260 260 95 184 260
223 223 223 223 260 223 260 223 223 223 223 223 223 223 223 260 223 223 260 223 223 227 223 223 223 260 223 223 223 260 223 223 223
161 161 357 357 161 161 199 357 161 161 357 161
170 357 12 12 357 357 12 12 357 357 357 357 357 12
161 230 12 161 161 161 12 39 161 12 184 161 39
95 12 12 95 260 95 260 12 95 12 95 95 329 12 12 95 357 12 95 95 95 357 12 357 12 357 260 12 95 95
357 143 357 357 357 357 357 357 357 39 357 357
357 357 95 260 357 357 260 357 357 357 357 260
12 111 24 260 95 95 12 12 12 357 260 95 260 357 12 357 357 288 95 12 12 95 12 12
357 381 226 260 357 357 12 260 12 357 357 357 357 381 12 12 357 260 357 12 357
161 130 161 12 245 12 130 245 161 386 245 245 161 386 421 12 161 95 12 245 95 309 161 421
22 398 398 398 201 201 398 201 398 398 398 398 398 398 398 201 201 22 22 201 398
245 245 245 12 245 12 245 12 245 12 245 291 245 12 245
223 266 266 266 366 266 266 223 266 266 223 266 266 266 223 223 266 223 223 266 223 223 223 223 223 266 366 223 223 266 266 266 223 266 223 266 223 266 223 223 266 266 266 223 223 266 223 266 223 266 223 266 266 223 266
317 317 317 317 317 317 317 317 317 317 317 317
12 12 12 12 260 175 12 12 12 12 12 260 260 12
12 260 260 357 357 12 260 12 12 12 357 357 149
95 95 238 95 161 161 161 238 95 161 161 238
398 398 398 398 398 398 398 398 398 398 398 398 398 398 398
266 266 266 266 266 266 266 266 266 266 266 266 266 266 266 266 266 266 266 266 266 266 266 266 266 266 266 266 266 266
12 12 260 260 12 12 260 357 357 12 95 260 12 357 95 12 260 12 95 260 12 12 95 12 12 12 357 95 12 12 321 95
12 95 12 357 12 95 12 357 260 357 161 357 291 95 357 95 357 357 357 260 357 12 95 260 357 357