210 210 210 210 210 210 210
210 210 210 210 55 210 210 210 210 210 210 210 210
210 210 210 210 210 210 210
210 210 210 210 210 210 210
58 210 210 58 210 210 210 10 210 58
58 58 58 117 157 117 117 117
210 210 210 210 210 210 210
58 58 157 117 58 117 117 117
210 210 210 55 210 210 210 210 210 210 210 210 210
167 167 210 117 210 210 210 167 167 167 117 210 210 117 210 210 210 117 90 210 210 210
29 29 29 29 29 29 29 29
29 29 29 167 167 117 117 167 69 29 117 29 29 167 167 117 29
29 29 29 29 29 29 29 29
67 117 167 167 117 167 81 167 117 58 167 167 117 167 58 167 167 117 117 167 133 117
210 210 210 210 210 210 210
210 210 210 167 210 167 133 167 117 117 210 167 174 210 59 117
210 29 29 210 29 210 29 29 29 29 210 210 67 210
210 210 210 210 210 210 210
217 217 117 117 167 167 117 167 167
29 29 29 29 29 29 29 29
57 167 29 29 29 29 167 29 167 57 167 29
150 29 167 29 109 167 167 109 29 109 29 29 29 167 167 109 109 109 109 109 109 109 109 29
51 51 51 51 51 51 51 51 51
167 117 167 117 32 167 117 117 117 167 167 117 117 117
210 210 210 210 210 210 210
167 117 117 117 58 117 167 58 117 117 117 58 117 117 58 58 167 167 58 58 167 57
124 124 124 124 124 124 124 124 124 124 124 124 124 124 124 124 124 124 124 124 124 124 124 124 124 124 124 124 124 124 124 124 124 124 124 124 124 124
124 124 124 124 124 124 124 124 124 124 124 124 124 124 124 124 124 124 124 124 124 124 124 124 124 124 124 124 124 124 124 124 124 124 124 124 124 124
156 156 156 156 156 156 156 156 156 156 156 156 156 156 156
210 210 210 210 210 210 210
51 51 51 51 51 51 51 51 51
51 51 51 51 51 51 51 51 51
58 58 58 117 58 58 58
117 10 117 117 117 117 117 117 117 117 117 117 117
29 29 29 29 29 29 29 29
117 29 29 55 58 29 29 117 29 117 58 117 29 58 29
210 210 210 51 51 210 210 51 58 103 117 58 117 51 210 58 51 51 51 51 117 117
109 89 167 167 89 89 89 167 89 89 89 89 89 89 167 167
210 29 29 29 167 140 210 210 167 210 117 29 117 29 210 167 29 29 167 117 167 210 45 117 45 29 29 29 117 29 29 117
210 210 210 210 210 210 210
58 117 117 117 117 167 117 117 117 58 167 117 58 43 167 167 167
210 210 167 210 167 210 167 43 210 167 210 167
109 109 109 109 109 109 109 109 109 109 109 109
28 28 28 28 28 28 28 28 28 28 28 28 28 28 28 28 28 28 28 28 28 28
51 51 51 51 51 51 51 51 51
210 58 58 210 58 58 58 58 210 58 58 210 58 58 58 210 58 210 49
51 51 51 51 51 51 51 51 51
210 210 210 210 210 210 210
96 51 96 67 109 96 51 169 109 67 67 96 109 109 109 169 109 109 96 109 109 109
210 210 210 210 210 210 210
210 210 210 210 210 210 210
67 51 51 67 127 67 51 51 77 67 69 51 77 67 51 127 77
29 29 29 29 29 29 29 29
140 210 210 167 140 140 32 140 149 167 140 167 117 167 217 174 167 117 140 167 140 167 140 210 167 210 32 149 5 210 167 195 140 140 149 167
51 29 29 51 29 29 51 51 96 29 51 51 29 51 51 29
41 29 167 41 167 18 29 29 167 18 167 167 167 41 167 117 117 167 183 117 45 122 167 117 117 49
210 58 210 210 29 58 210 58 210 29 58
117 58 58 183 117 58 117 58 58 117 58
210 210 210 210 210 210 210
29 29 29 29 29 29 29 29
117 167 167 140 140 29 29 117 117 190 140 58 140 167 29 167 140 167 167 29 58 117 29 140 29 140 140 167 29 140 140 58 140 167 167 167 140 140
67 67 29 67 29 67 67 67 110 67 67 67 29 29 29 29 29
210 58 210 210 167 167 210 58 58 167 210 167 167 51 210
109 109 109 109 109 109 109 109 109 109 109 109
58 58 210 58 210 210 10 210 210 210
51 51 43 51 51 51 167 210 51 167 167 167 167 167 210 51 210 167 136 167 210 167 210 167 53 174 167 167 167
29 29 29 29 29 29 29 29
133 36 167 167 167 58 167 133 117 167 117 58 117 58 58
156 123 123 123 123 156 123 156 156 123 156 156 123 156 156 123 156 156 156 123 214 156 123 156 156 123 123
117 29 117 5 117 167 167 5 117 29 167 133 167 167 167 29 117 29 117 174 29 29 116 117 29 5 167 167
210 43 167 167 167 210 167 210 210 210 167 210
29 29 29 29 29 29 29 29
67 89 67 145 89 89 89 67 89 89 67 69 90 67 89 67 89 67 67 89
67 67 67 67 67 67 67 67 67 67
109 109 109 109 109 109 109 109 109 109 109 109
140 140 67 117 29 67 67 117 140 67 67 93 93 140 67 67 93 93 140 67 140 117 67 0 67 67 140 117 140 93 67 29 140 67 140 140 140 140
140 51 140 51 140 140 51 51 51 51 140 140 140 140 140 140 140 51 171 51 140 140
67 67 67 67 67 67 67 67 67 67
167 58 167 157 58 59 117 167 167 58 167 210 81 167 210 202 167
51 51 51 51 51 51 51 51 51
133 117 117 117 117 81 117 117 58 117 58 58 18 58 58
109 109 29 109 109 109 29 109 29 109 29 29 29 109 29 138 109 109 109
167 25 167 25 167 167 167 167 167 167
117 117 167 217 117 167 117 167 167 167
89 89 89 51 210 89 153 51 51 89 51 210 51 210 153 89 51 210 89 210 51 89 89
210 210 210 210 210 210 210
29 29 29 29 29 29 29 29
167 167 167 117 117 117 217 117 167 167
210 210 210 210 210 210 210
67 117 117 67 67 67 67 117 83 83 67 67 67
123 123 123 123 123 123 123 123 123 123 123 123 123
109 109 109 58 167 140 109 167 109 167 167 109 109 167 167 109 167 109 167 167 109 58 109 167 58
25 25 210 25 210 25 25 25
210 210 210 210 210 210 210
124 124 124 124 124 124 124 124 124 124 124 124 124 124 124 124 124 124 124 124 124 124 124 124 124 124 124 124 124 124 124 124 124 124 124 124 124 124
210 210 210 210 210 210 210
67 67 67 67 67 67 67 67 67 67
45 29 167 29 29 45 167 67 29 167 29 117 167 167 117
156 156 156 156 156 156 156 156 156 156 156 156 156 156 156
67 67 67 67 67 67 67 67 67 67
29 29 29 29 29 29 29 29
210 210 210 55 210 210 210 210 210 210 210 210 210
210 117 210 210 117 210 29 210 210 117 117
210 210 210 210 210 210 210
167 174 167 167 174 180 167
29 29 29 29 29 29 29 29
193 58 167 167 58 167 167 58 167
167 210 43 167 210 210 210 167 210 210 167 167
51 51 51 62 117 117 51 117 51 51 117 51 51
89 210 89 89 89 89 210 89 89 89 210 89 89 210 210 210 115
58 58 58 58 58 58 210 58 117 58 58 58 58 117
117 117 117 51 29 167 51 51 167 29 167 29 117 117 167 133 29 29 29 51 51 117 51 29 51 51 133 134 167
167 117 117 117 210 121 210 167 167 167 210 167 117 117 210 174 167 117 117 117 167 167 117 117 117 217 167 167 117 167 167 167 210 167
210 210 210 210 210 210 210
29 29 29 29 29 29 29 29
117 167 167 167 167 167 117 167 167 167 167 167 117 117 45
29 29 29 29 29 29 29 29
58 117 167 117 58 58 58 77 117 117 167 117 167 167 117 117 117 117 117 117 167 58 58 117 117 117 117 117
29 29 29 29 29 29 29 29
13 4 4 167 4 4 4 4 4 167 4 58 4 193 167 4 4 167 4 4 4 58 4 4 4 4 4
67 67 67 67 67 67 67 67 67 67
58 81 58 58 81 58 133
117 117 117 117 117 117 117 117 183
67 67 67 67 67 67 67 67 67 67
167 210 18 18 210 18 18 18
109 109 109 109 109 109 109 109 109 109 109 109
210 49 210 49 210 49 210 210 210 49
210 210 210 58 58 10 210 58 210 210
117 117 167 117 167 167 117 167 167 25 117 117 117 167 59 117 167 167
29 29 29 58 41 29 29 58 29 58 29
51 51 51 51 51 51 51 51 51
109 109 145 109 109 109 51 51 51 145 145 51 109 51 109 51 109 109
51 51 51 51 51 51 51 51 51
167 167 180 180 174 167 167 167
117 58 58 58 58 58 58
210 49 210 49 210 49 210 210 210 49
167 167 29 29 167 167 29 29 29 29 29 167 57
127 210 73 58 41 210 210 63 51 51 210 51 58 51 210 210 210 41 51 210 210 210 63
167 167 167 167 58 117 167 167 167 58 117 58 167 25 167 167 117 167 167 75 117 167
73 51 51 210 61 73 73 73 73 51 25
117 117 117 117 117 117 117 117 183
51 51 51 51 51 51 51 51 51
29 29 29 29 29 29 29 29
117 117 183 117 117 117 183 117
51 210 51 51 210 210 51 51 84 51 210 51 210 51 210
193 167 167 193 167 58 58 58 157 58 167 58 167 167 167 193 53
29 29 29 29 29 29 29 29
51 51 51 51 51 51 51 51 51
117 117 117 117 117 183 117 183
210 167 210 167 210 210 210 210 167 210 210 210 75 41 75
89 89 89 89 89 89 89 89 89 89 89
29 29 29 29 29 29 29 29
67 67 67 67 67 67 67 67 67 67
67 67 210 67 101 210 67 210 67 210 67 67 67 101 210
167 167 167 25 167 167 167 167 167 167 167
210 210 210 55 210 210 210 210 210 55 210 210
210 210 167 117 58 210 193 167
32 29 210 29 29 69 217 210 210 29 29 29 210 210
117 210 117 210 210 167 133 117 167 43 167 210 117 104 210 210 117 210 210 133 117 210 167 210 210
89 89 89 171 171 89 140 89 140 89 89 67 140 171 84 84 171 89 209 140 140 67 140 209 140 196
29 29 29 29 29 29 29 29
117 117 157 58 117 58 117 58
167 51 167 51 87 167 59 167 117 210 167 29 93 29 29 154 154 51 210 29 210 117 29 117 57 29 174 117 117
210 210 210 83 83 83 29 110 83 210 67 67 67 210 83 110
167 167 167 167 45 167 117 117 167 167 167 167 167 117 117
167 51 167 51 167 95 167 167 51 167 51 51 51 167 167 167 51 167 51
167 210 167 167 210 210 167 210 167 210 210 43
29 29 29 29 29 29 29 29
58 67 67 67 67 67 220 58 67 67 67 67 58 75
140 156 156 156 156 156 140 140 156 140 140 140 156 2 156 140 140 156 156 140 140 156 140 156 2 156 140
117 167 32 133 210 173 51 117 117 167 210 167 51 117 117 51 117 210 167 210 167 117 117 210 210 51 117 210 167 117 167 210 117 51 117 217 51 133 167 51 117 51 210 117 117 174 210 117 174 117
58 58 58 58 58 117 58
210 210 210 210 210 210 210 89 210 210 210 210 210 89 210 210 210
4 4 4 4 4 4 4 4 51 51 51 51 51 51 51 4 4 4 4 4 4 4 24 4 51 4 4 4
29 29 29 29 29 29 29 29
29 29 29 29 29 29 29 29
210 210 210 210 210 210 210
210 210 210 210 210 210 210
117 167 117 58 117 58 167 167 117 117 58 167 43 117 117 117 167
113 167 51 113 67 167 67 96 167 96 67 96 51 167 96 96
5 167 5 5 167 167 5 167
10 51 51 90 51 117 51 157 51 167 167 210 167 51 51 51 157
117 167 167 117 167 167 117 167 217 117
210 210 210 210 210 210 210
117 133 180 180 117 117 117
29 29 29 29 29 29 29 29
193 164 67 93 103 67 67 77 84 51 167 84 164 67 167 84 93 77 77 67 67 84 25
51 210 84 51 210 51 210 51 210 51 51 210 51 210 51
51 51 51 51 51 51 51 51 51
28 28 28 28 28 28 28 28 28 28 28 28 28 28 28 28 28 28 28 28 28 28
41 58 29 29 29 58 29 58 29 29 29
29 29 29 29 41 29 58 29 29 58 58
117 117 167 58 210 117 117 129 167 58 117 117 210 210 210 167 58 210 58 117 210 210 167 58 210 117 58 210 210 167 167 167 210 210 167 167 167
180 140 140 140 167 167 29 140 180 117 140 140 140 117 140 29 140 140 29 140 167 29 117 29 167 140 179 140 167 117 29 29
117 210 210 117 43 210 57 117 117 117 210 117 57 117
67 67 67 67 67 67 67 67 67 67
51 29 29 132 29 51 29 29 51 29 51 29 51 51 51 132 29 29 29 29 29
29 29 29 29 29 29 29 29
53 210 51 167 217 167 210 51 210 167 210 51 167 210 109 183 51 51 51 51
210 117 183 156 32 117 167 210 117 32 57 210 117 167 167 117 117 167 174 117 117 58 167 117 117 210 167 81 167 167 58 117 183 32 210 58 167 210 117 43 117 117 210 117
167 58 58 58 217 167 58 167 167 58 58 167
117 167 117 167 167 217 117 117 167 167
210 210 210 210 210 210 210
67 67 67 67 67 67 67 67 67 67
51 51 51 51 51 51 51 51 51
210 210 210 210 210 210 210
117 133 133 117 117 117 117 117 193
210 210 210 210 55 210 210 210 210 210 210 210 210
51 51 51 51 51 51 51 51 51
117 117 117 117 58 58 157 58
140 140 140 140 140 140 140 140 140 140 140 140 140 140
67 67 67 67 67 67 67 67 67 67
58 167 167 117 58 167 58 117 117 167 18 167 117
51 51 51 51 51 51 117 117 51 51 117 117 62
109 109 109 109 109 109 109 109 109 109 109 109
210 210 210 210 210 210 210
210 210 210 210 210 210 210
51 51 51 51 51 51 51 51 51
51 51 51 51 51 51 51 51 51
29 29 29 29 29 29 29 29
167 167 25 167 25 167 167 167 167 167
210 210 210 210 210 210 210
117 117 117 117 183 117 117 117 117
57 25 5 29 73 73 167 29 167 29 41 29 167
117 183 117 117 117 117 117 117 117
29 73 73 73 29 29 29 210 29 61 113 51 73 29 29 51 51 25
28 28 28 28 28 28 28 28 28 28 28 28 28 28 28 28 28 28 28 28 28 28
210 210 210 210 210 210 210 89 210 210 210 210 210 89 210 210 210
58 58 58 58 58 58 58 117 58 10 58 58 58 58 58 58 58 58
210 210 210 117 29 117 210 210 117 210 117
140 140 140 140 140 140 140 140 140 140 140 140 140 140
67 67 67 67 67 67 67 67 67 67
168 192 186 67 117 175 117 156 180 186 175 67 156 156 156 67 210 180 117 156 210 175 117 156 175 156 210
210 210 210 210 210 210 210
210 210 210 210 210 210 210
29 29 29 117 49 117 29 29 117 29 117 29
29 167 29 29 220 95 89 29 58 67 167 167 55 58 67 29 58 67
29 29 29 29 29 29 29 29
58 210 210 210 58 58 117 29 58 210 210 210
167 117 117 210 117 117 210 210 167 117 127 117 210 117 123 174 167 117 117 123 210 123 117 117 123 167 210 123 167 117 123 196 123 117 123 117 58 117 117 117 117 117 117 167 123 58 167 123 167 167 123 58
140 167 171 140 67 140 167 140 140 140 67 176 100 100 140 171 171 171 171 166
89 112 89 89 140 147 141 75 210 123 146 158 218 167 140 139 167 123 14 123 167 129 113 210 140 46 67 140 206 217 75 155 123 167 210 89 158 155 123 154 167 210 167 140 123 67 154 123
210 210 210 210 210 210 210
51 117 167 210 51 112 167 210 210 51 51 51 25 210 25 51 167 167 167 51 51 117
51 51 51 51 51 51 51 51 51
210 210 210 210 210 210 210
210 210 210 210 210 210 210
210 210 210 210 210 210 210
29 29 29 29 29 29 29 29
117 117 117 117 183 117 117 117 117
67 67 67 67 67 67 67 67 67 67
67 67 67 67 67 67 67 67 67 67
210 210 210 210 210 210 210
29 29 29 29 29 29 29 29
210 210 210 210 210 210 210
29 29 29 29 29 29 29 29
140 171 140 51 140 51 51 140 140 51 51 140 140 51 51 140 51 140 140 140 140 140
4 4 4 4 4 4 4 4 4 4 4 4 4 4 4 4 4 4 4 4
210 217 29 210 29 210 210 210 217 210 29 210 210 29 29 210 67 29 103
167 25 167 167 167 167 167 167 167 167 167
102 32 58 81 58 58 220 58 102 167 180 167 58 58 167 58 167 167
29 29 29 117 29 117 29 29 117 49 117 29
29 29 29 29 29 29 29 29
51 51 51 51 51 51 51 51 51
124 124 124 124 124 124 124 124 124 124 124 124 124 124 124 124 124 124 124 124 124 124 124 124 124 124 124 124 124 124 124 124 124 124 124 124 124 124
210 210 210 210 210 210 210
67 67 67 167 167 167 167 67 167 90 67 67 67 67 67
29 29 29 29 29 29 29 29
140 67 140 140 140 67 67 140 141 140 140 140 140 140 67 140 140 140 140 67 67 67 140 140 140 140 140 140 19 67 140 67 140 140 141 140
58 117 167 167 167 167 167 210 167 210 167 167 117 210 117 167 167 167 167 167 58 210 210 167 58 167 117 107 210
210 210 210 210 210 210 210
117 89 167 210 89 89 89 144 210 117 117 132 210 112 32 157 144 167 167 100 112 167 210 162 117 117 167 89 132 167
41 117 117 29 193 29 51 161 29 41 150 29 167 29 41 117 29 117 36 29 29 25 133 29 217 174 29 29 29 36
117 167 167 117 167 167 217 117 117 167
58 210 167 210 167 167 174 58 10 210 210 210 58 58 210 58 58 89 25 58 117 58 81 167
67 67 67 67 67 67 67 67 67 67
210 210 210 210 210 210 210
63 210 63 210 29 29 29 210 63 29 210 29
51 210 210 51 51 167 167 167 167 210 117 210 51 51 117 210 51 167 167 117 167 210 51 167 210 167 167 167 210 167 210 167 117 51 167 210 210 162 210 167
109 109 145 109 109 109 51 51 51 145 145 51 109 51 109 51 109 109
210 210 210 210 210 210 210
4 4 4 4 4 4 4 4 4 4 4 4 4 4 4 4 4 4 4 4
4 4 4 4 4 4 4 4 4 4 4 4 4 4 4 4 4 4 4 4
167 217 167 117 117 117 117 167 167 167
51 51 51 51 51 51 51 51 51
210 210 210 210 210 210 210
210 29 210 210 210 29 117 117 29 29 117 29 29 83 29 117 210 210
29 83 29 29 29 29 29 29 29 29 29 29 29 29 29
117 117 117 117 117 117 117 183 117
210 210 167 167 210 210 43 167 167 210 210 167
167 167 167 167 117 167 117 167 117 167 167 117 167 167 67 167 167 167 167 167
29 29 29 29 29 29 29 29
28 28 28 28 28 28 28 28 28 28 28 28 28 28 28 28 28 28 28 28 28 28
210 117 210 210 210 210 117 117 210 117 29
58 58 210 210 167 167 210 167 210 167 58 57 210 58 58 58 167 210
117 167 117 58 58 167 58 167 117 18 167 117 167
210 210 210 210 210 210 210
51 51 51 51 51 51 51 51 51
21 175 21 41 67 210 165 30 109 210 123 165 156 109 156 210 161 21 123 67 156 156 109 156 67 156 30 123 156 210 21 156 132
167 167 117 117 117 167 167 167 217 117
29 29 29 29 29 29 29 29
58 167 58 167 167 193 58 167 167
61 51 116 61 51 61 51 51 51 51 51 51 84 51 51 61 61
210 210 210 210 210 210 210
210 210 210 210 210 210 210
210 210 210 210 210 210 210
210 210 210 210 210 210 210
210 210 210 210 210 210 210
29 29 29 29 29 29 29 29
210 210 210 210 210 210 210
167 167 117 167 117 117 167 217 167 117
58 58 157 117 58 58 58 58 58
29 29 29 29 29 29 29 29
210 117 210 117 117 210 210 29 210 210 117
210 210 210 210 210 210 210
4 4 4 4 4 4 4 4 4 4 4 4 4 4 4 4 4 4 4 4
140 140 140 140 140 140 140 140 140 140 140 140 140 140
210 161 161 63 184 210 165 210 210 109 198 84 109 51 161 123 123 51 51 161 210 165 161 51 123 109 163
67 67 67 67 67 67 67 67 67 67
117 58 58 157 117 117 117 58
117 117 117 117 117 117 5 117 5 174
29 29 29 29 29 29 29 29
117 117 210 117 57 117 43 117 117 117 210 117 43 210 210
117 167 217 167 167 167 117 167 117 117
167 167 117 117 167 217 167 167 117 117
58 117 58 157 117 117 117 58
51 51 51 51 51 51 51 51 51
210 210 58 210 157 117 210 58 117 49 210 157 210 58 157
210 117 117 117 69 183 180 58 117 210 58 117 210 117 180 117 58 117 117 210 210 210 117
25 167 167 167 167 167 167 167 167 25
51 175 67 175 51 167 51 51 67 167 67 67 51 167 67 67 67 51 75 167 75 67 80 67 51 67 67 67 67
58 217 18 117 58 117 167 167 117 58 167 167
117 180 58 58 102 180 117 180 58 29 58 58 180 117 58 117 180 157 58 180 29 180 29 29 117 29 58 29 117 180 102 103 180 117 29 180 58 58
117 117 167 117 90 210 117 210 58 117 210 117 167 210 167 117 117 117 210 167 210 58 117 117 58 167 117
117 83 67 67 67 117 67 117 117 67 67 67 67 67
210 210 210 210 210 210 210
4 67 4 67 4 67 4 4 4 4 4 4 4 4 67 4 67 67 67 4 4 4 4 4 67 27 4 4 67
29 58 58 29 29 41 29 29 29 29 58
210 210 210 210 210 210 210
29 167 167 29 167 29 29 167 29 167 29 167 167 167 167 29 167 80
124 124 124 124 124 124 124 124 124 124 124 124 124 124 124 124 124 124 124 124 124 124 124 124 124 124 124 124 124 124 124 124 124 124 124 124 124 124
4 4 4 4 4 4 4 4 4 4 4 4 4 4 4 4 4 4 4 4
4 4 4 4 4 4 4 4 4 4 4 4 4 4 4 4 4 4 4 4
109 109 109 109 109 109 109 109 109 109 109 109
182 182 182 182 182 182 182 182 182 182 182 182 182 182 182 182 182
58 51 51 58 51 51 51 51 51 57 58 51
117 117 117 117 174 36 133 167 117 117 167 167 167 117
210 210 210 210 210 210 210
58 167 167 29 58 58 62 167 29 29 167 29 29 29 29 167
67 67 67 67 67 67 67 67 67 67
29 29 29 29 29 29 29 29
167 167 167 167 167 167 167 25 167 167 167
29 29 29 29 29 29 29 29
29 29 29 29 29 29 29 29
51 51 51 51 51 51 51 51 51
58 29 58 29 41 29 58 29 29 29 29
174 109 109 109 167 195 51 109 109 55 202 167 18 167 55 117 183 117 117 109 117 167 117 174 109 109 109 51 117 51 167 59 183 109 133 167 109 51 144 217 51
51 51 51 51 51 51 51 51 51
32 210 167 93 167 167 210 32 210 210 210 210 93 167 210 210 167 167
117 117 117 29 210 210 117 210 210 210 210
51 51 51 51 51 51 51 51 51
140 140 140 140 140 140 140 140 140 140 140 140 140 140
51 51 51 51 51 51 51 51 51
117 217 117 117 167 167 217 167 167
182 182 182 182 182 182 182 182 182 182 182 182 182 182 182 182 182
210 210 210 210 210 210 210
210 210 210 210 210 210 210
117 58 117 210 210 58 210 117 58 58 58 117 210 58 58 117 58 117 58 210 117 67 210 117
140 140 123 206 140 135 140 123 140 206 123 123 123 140 206 123 140 123 145 140 123 140 123 145
167 210 210 167 210 167 210 210 167 43 167 210
117 210 210 210 117 117 117 117 117 210 210 117 144 144 58 210 58 59
210 59 167 210 210 217 210 167 210 117 167 133 117 167 167 117
117 167 217 117 167 117 117 167 167 167
210 210 210 210 210 210 210
210 29 210 210 117 210 117 210 117 117 210
58 167 49 167 167 58 167 81 58 167 174 58 167 167 167 58 167
217 117 117 167 167 117 167 217 167
51 51 51 51 51 51 51 51 51
51 161 161 73 29 12 29 117 165 157 51 51 109 51 29 184 29 51 109 51 161 161 123 51 29 51 58 51 109 29 117 157 51 165 123 51 123 29 161 51 51 169 58
29 29 29 29 29 29 29 29
29 29 29 29 29 29 29 29
210 210 210 210 210 210 210
29 29 117 29 167 167 167 167 167 29 29 117 29 117 29 69 117
210 210 210 210 210 210 210
29 210 29 210 210 210 67 210 29 29 29 210 29 29
29 210 29 29 29 210 29 210 210 210 67 67 29
96 51 96 67 67 96 96 67 96 51 96 96
210 210 210 210 210 210 210
210 210 210 210 210 210 210
51 51 51 51 51 51 51 51 51
167 210 58 51 210 51 167 210 210 210 167 58 167
167 167 83 167 83 83 83 29 167 83 67 67 67 103 167 83
210 210 210 210 210 210 210
61 210 210 61 61 29 61 29 210 29 29
109 109 109 109 109 109 109 109 109 109 109 109
210 210 210 210 210 210 210
58 58 193 167 167 58 167 167 167
124 124 124 124 124 124 124 124 124 124 124 124 124 124 124 124 124 124 124 124 124 124 124 124 124 124 124 124 124 124 124 124 124 124 124 124 124 124
117 117 36 174 117 167 117 117 133 117 167 167 167 117
117 58 58 183 117 117 117 58 58 58 58
217 167 167 117 167 167 167 117 117 117
210 210 210 210 210 210 210
210 117 117 210 210 210 210 210 117 67 210 210 210 210 117 210 210
29 29 29 29 29 29 29 29
58 58 58 58 117 58 58
210 210 210 210 210 210 210
210 210 58 58 10 210 58 210 210 210
29 29 29 29 29 29 29 29
89 89 89 171 171 89 140 89 140 89 89 67 140 171 84 84 171 89 209 140 140 67 140 209 140 196
210 210 210 210 210 210 210
210 210 210 210 210 210 210 210 210 210 210 210 55
210 210 210 210 210 210 210
210 210 210 210 210 210 210
117 117 117 183 117 117 117 117 117
117 117 210 51 167 41 112 210 41 51 117 51 51 117 210 51 51 210 167 167 51 51
117 58 58 167 117 174 167 174 167 167 58 117 117 167 117 174 167 58 167 167 167 167 58 167 167 174 115 167 117 117 58 167 167 167 117
117 29 167 29 167 69 29 29 29 117 29 117 167 29 117 167 167
140 140 140 140 140 140 140 140 140 140 140 140 140 140
210 210 210 55 210 210 210 210 210 55 210 210
210 210 210 210 210 210 210
167 210 117 45 25 210 133 18 117 117 18 18
29 29 29 29 29 29 29 29
117 58 58 117 157 58 117 117
29 29 29 29 29 29 29 29
67 67 67 67 67 67 67 67 67 67
51 51 51 51 51 51 51 51 51
167 67 67 67 67 167 67 167 67 90 67 67 167 90
29 29 29 29 29 29 29 29
67 67 67 67 67 67 67 67 67 67
156 210 210 156 156 168 168 168 156 210 156 156 156 168 156 156 156 156
51 51 51 51 51 51 51 51 51
109 109 109 109 109 109 109 109 109 109 109 109
117 80 117 117 167 117 167 167 58 167 117 167 117 117 117 167 58 117 58 117 117 167 167 117 167 167
89 89 89 51 210 89 153 51 51 89 51 210 51 210 153 89 51 210 89 210 51 89 89
57 167 57 167 167 57 210 210 32 210 167 167
210 210 210 210 210 210 210
29 29 117 117 144 210 117 29 29 29 43 101 144 117 117 210 210 210 210 217 117 29
51 51 51 51 51 51 51 51 51
51 51 51 51 51 51 51 51 51
210 210 210 210 210 210 210
29 29 29 29 29 29 29 29
167 167 167 167 167 167 167 167 167 167 167 167 55 167 167 167
124 124 124 124 124 124 128 124 124 124 124 124 124 124 167 167 124 124 124 124 174 124 124 124 167 124 124 124 124 124 124 125 124 124 124 124 124 124 124 124 124 124 167
57 193 167 29 57 57 29 29 41 29 167
117 117 58 58 117 157 117 58
117 133 117 180 117 180 117
210 210 58 210 210 10 210 210 58 58
210 210 210 210 210 210 210
117 157 58 117 117 117 58 58
210 210 210 210 210 210 210
29 29 29 29 29 29 29 29
210 210 210 210 210 210 210
210 210 210 210 210 210 210
177 140 140 67 140 177 140 67 140 140 67 67 140 67 67 140 67 140 140 140 67 140
117 180 117 117 117 133 180
117 167 144 210 90 167 210 167 117 183 183 217 210 25 210 167 167 10 210 167
67 67 67 67 67 67 67 67 67 67
210 210 210 210 210 210 210
29 29 29 29 29 29 29 29
210 210 210 210 210 210 210
161 36 161 29 161 29 161 109 29 167 36 161 193 109 187 161 123 167 161 29 167 161 123 123 167 109 29 123
29 29 29 29 29 29 29 29
210 210 210 210 210 210 210
117 183 117 117 117 117 117 117 117
53 51 81 51 58 210 210 210 51 180 53 96 217 51 51 58 210 217 51
117 51 117 51 62 51 51 51 51 51 117 51 117
29 29 29 29 29 29 29 29
217 210 210 210 210 32 210 117 117 117 133
109 109 67 67 67 156 67 67 109 109 67 109 109 67 109 156 109 109 109 67
140 140 140 140 140 140 140 140 140 140 140 140 140 140 140 140 140 140 140 140 140 140 140 140 140 213 140
124 124 124 124 124 124 124 124 124 124 124 124 124 124 29 124 124 124 124 124 124 29 124 124 29 124 124 29 124 124 124 124 124 124 29 29 124 124 124 124 29 124 124 130 124
210 210 210 210 210 210 210
67 67 67 67 67 67 67 67 67 67
167 25 167 167 167 167 167 167 167 167 167
29 210 29 117 210 210 117 210 210 117
210 210 210 210 210 210 210
210 210 210 210 210 210 210
51 51 51 167 51 167 51 51 117 167 167 87 117 51 117 167 117 51
167 117 167 117 210 210 167 174 25 174
117 117 133 180 117 117 180
183 117 117 117 117 117 117 183
167 117 167 117 167 167 217 117 117 167
51 51 210 51 51 210 210 51 51 84 51 84 210 210
210 210 210 210 210 210 210
29 29 117 29 29 49 117 117 29 29 117 29
117 117 117 167 167 117 117 117 117 117 167 117 117 51 167 117 117 167
167 51 167 167 167 167 51 51 51 51 51 51 51 73
210 210 210 210 210 210 210
55 210 210 210 210 210 210 210 210 210 210 210 210
210 210 210 210 210 210 210
67 67 67 67 67 67 67 67 67 67
117 58 117 117 117 58 58 157
51 51 51 51 51 51 51 51 51
117 167 210 89 117 210 167 210 210 117 117 133 117 210 210 117 167 133 133 117 117 133 167 167
58 117 117 157 117 58 117 58
117 58 58 117 117 117 58 157
140 140 140 140 140 140 140 140 140 140 140 140 140 140
140 140 117 117 162 140 117 167 117 167 140 140 140 167 140 140 167 140 140 167 140 140 140
109 109 109 109 109 109 109 109 109 109 109 109
25 117 210 210 210 210 25 117 25
117 58 157 117 58 117 117 58
29 29 29 29 29 29 29 29
51 51 51 51 51 51 51 51 51
51 51 51 51 51 51 51 51 51
210 210 210 210 210 210 210
29 29 29 29 29 29 29 29
167 96 51 51 51 51 174 167 25 167 51 167 51 51 167 167 167 53
29 29 29 29 29 29 29 29
91 91 91 91 91 91 91 91 91 91 91 91 91 91 91 91 91 91 91 91 91 91 91 91 91 91 91 91 91 91 91 91
91 91 91 91 91 91 91 91 91 91 91 91 91 91 91 91 91 91 91 91 91 91 91 91 91 91 91 91 91 91 91 91
210 210 210 210 210 210 210
67 67 67 67 67 67 67 67 67 67
58 58 167 167 193 167 58 167 167
51 51 51 51 51 51 51 51 51
167 167 167 167 25 167 167 167 167 167 167
29 29 29 29 29 29 29 29
210 210 210 210 210 210 210
167 210 210 167 167 210 167 167 167 167 167 210 63 167 210 167 210
51 51 51 51 51 51 51 51 51
210 210 210 210 210 210 210
210 210 210 210 210 210 210
210 210 210 210 210 210 210
210 210 210 210 210 210 210
29 29 29 29 29 29 29 29
29 29 29 58 41 58 29 29 29 29 58
210 117 29 29 117 210 210 210 210 117
167 167 167 167 167 25 167 167 25 167
91 91 91 91 91 91 91 91 91 91 91 91 91 91 91 91 91 91 91 91 91 91 91 91 91 91 91 91 91 91 91 91
210 210 210 210 210 210 210
117 117 117 167 32 167 167 117 117 117 167 167 117 117
167 25 167 167 25 167 167 167 167 167
167 167 25 167 167 167 167 167 167 167 167
210 210 210 210 210 210 210
167 117 117 167 167 167 117 217 117 167
167 117 217 117 167 167 167 117 117 167
167 167 167 167 167 167 117 167 58 144 193 117 167 58 167 58 57 144
29 29 29 29 29 29 29 29
197 197 201 201 197 197 206 197 197 48 197 197 197 197 197 197 48 197 197 197 48 197 48 197 197 197 197 197 197 197 197 197
210 210 210 210 210 210 210
210 210 210 210 210 210 210
29 29 29 29 29 29 29 29
210 210 210 210 210 210 210
58 167 167 167 167 167 36 167 167 58 167 167 58 167
210 210 210 210 210 210 210
210 210 210 167 167 167 210 210 167 210 167 43
210 210 210 210 210 210 210
117 58 117 157 58 58 117 117
117 167 167 117 117 32 117 167 117 167 117 117 167 117
210 117 210 29 210 210 117 117 210 117 210
29 29 29 29 29 29 29 29
210 132 109 109 109 210 109 109 210 109 109 109 109 210 210 109 109 210
210 210 210 210 210 210 210
210 210 210 210 210 210 210
29 29 29 29 29 29 29 29
217 51 51 51 210 51 210 53 210 51 51 51 210 210 87
210 210 10 210 61 210 210 210 10 210 29 210 10
210 210 210 210 210 210 210
210 117 210 117 117 210 210 210 117 210 29
89 89 89 89 89 89 89 89 89 89 89
58 58 58 58 117 58 58
210 210 210 210 210 210 210
156 156 156 156 156 156 156 156 156 156 156 156 156 156 156
51 51 51 51 51 51 51 51 51
197 197 197 197 197 197 197 197 197 197 197 197 197 197 197 197 197 197
210 210 210 210 210 210 210
117 117 117 117 183 117 117 117 117
29 29 29 29 29 29 29 29
167 25 167 167 167 167 167 167 167 167 167
183 167 167 167 77 77 167 167 183 167 167 167 167 18 167 167 167
210 210 210 210 210 210 210
67 67 67 67 67 67 67 67 67 67
117 117 29 29 117 117 117 29 117 29 117 117 29 29 61 29
51 51 51 51 51 51 51 51 51
210 210 210 210 210 210 210
210 58 210 58 210 210 58 210 10 210
29 29 29 29 29 29 29 29
78 78 78 78 78 78 78 78 78 78 78 78 78 78 78 78 78 78 78 78 78 78 78 78 78 78 78 78 78 78
91 91 91 91 91 91 91 91 91 91 91 91 91 91 91 91 91 91 91 91 91 91 91 91 91 91 91 91 91 91 91 91
29 29 29 29 29 29 29 29
117 117 29 117 61 117 29 29 117 29 29 117 117 29 117 29
109 109 109 109 109 109 109 109 109 109 109 109
210 210 210 210 210 210 210
10 210 210 210 58 210 58 58 210 210
217 167 167 167 117 167 117 117 167 117
210 210 210 210 210 210 210
210 210 210 210 210 210 210
29 29 29 29 29 29 29 29
210 58 133 117 117 117 117 58 117 210 57 210 58 210 117 217 117 210
167 117 167 117 167 117 117 117 117 117 117 167 117 117 117 51 167 117
29 58 29 58 29 29 58 29 58 58 58 29 49 29
29 29 29 29 29 29 29 29
58 58 58 58 58 58 117
167 167 167 183 117 167 210 167 167 138 167 174 210 167 210 167 183 183 117 117 117 167 174 117 117 210 210 167 210 117 167 193 167 117 117 167 167 117
210 210 210 210 210 210 210
51 51 51 51 51 51 51 51 51
210 210 210 210 210 210 210
210 210 210 210 210 210 210
117 174 117 117 174 117 174
210 210 210 210 210 210 210
78 58 78 78 78 78 78 58 78 78 78 78 79 78 78 78 78 78 78 78 78 78 78 78 78 58 78 78 78 78 78 78 78
51 51 51 51 51 51 51 51 51
43 210 210 167 210 167 210 210 167 167 167 210
167 167 167 167 167 167 167 25 167 167 167
85 85 85 85 85 85 85 85 85 85 85 85 85 85 85 85 85 85 85 85 85 85 85 85 85 85 85 85 85 85 85
167 167 117 117 167 117 217 167 167 117
167 167 174 167 167 180 167 180
217 117 167 167 217 117 117 167 167
217 167 167 117 167 167 167 117 117 117
210 210 210 210 210 210 210
117 117 117 117 117 117 117 133 117 117 117 117 117 117 133 58 117 117 117 117 58 157 62
117 167 75 117 210 210 117 183 210 117 210 117 183 117 210 167 10 167 117 117
210 210 210 210 55 210 210 210 210 210 210 210 210
210 210 210 210 210 210 210
210 117 51 51 117 117 117 210 51 117 210 210 117 51 117 51 117 117 210 116 117 210 117 51 51 117 51
29 29 29 29 29 29 29 29
210 210 210 210 210 210 210
117 117 157 58 58 117 58 117
29 89 123 89 89 29 89 29 89 29 29 89 89 29 89 89 29 89
210 210 210 210 210 210 210
117 58 180 117 117 58 81 117 167
29 29 29 29 29 29 29 29
210 210 210 210 210 210 210
117 167 167 117 167 117 217 167 167 117
58 58 58 58 117 58 58 117 117 117 183
51 51 51 51 51 51 51 51 51
210 210 210 210 210 210 210
117 51 210 210 117 167 51 53 210 51 117 51 117 167 51 210 174 210 210 115 167 51 167 51
167 167 167 167 167 167 25 167 167 167 167
210 210 210 210 210 210 210
117 117 167 117 117 58 58 58 167 117 117 167 43 117 117 167 167
29 167 29 117 29 58 29 29 167 58 117 167 167 117 58 29 167 77 117 29
210 210 210 210 210 210 210
210 210 210 210 210 210 210
197 197 117 197 197 197 197 197 197 197 117 197 117 197 197 197 197 203 117 197 197 197
210 210 210 210 210 210 210
91 91 91 91 91 91 91 91 91 91 91 91 91 91 91 91 91 91 91 91 91 91 91 91 91 91 91 91 91 91 91 91
210 210 210 210 210 210 210
210 210 210 210 210 210 210
58 58 167 167 167 193 58 167 167
117 210 167 167 117 167 167 210 167 167 43 117 167 210 167 167 167 210 101 25 167 117 210 167
210 210 210 210 210 210 210
29 29 29 29 29 29 29 29
29 29 29 29 29 29 29 29
117 167 210 167 167 167 167 210 117 59 117 210 133 210 210 217
29 29 29 29 29 29 29 29
210 167 210 167 43 210 167 167 210 210 167 210
210 210 210 210 210 210 210
167 167 183 183 167 167 29 167 167 29
210 210 210 210 210 210 210
210 210 210 210 210 210 210
167 117 45 167 167 117 167 167 167 217 167 167 167 117
29 29 29 29 167 167 167 57 29 29 29 29 29 29 103 167 29 29 29
167 167 25 167 167 167 167 167 167 167 167
157 117 117 58 58 58 117 117
91 92 91 85 91 85 91 106 85 91 85 91 85 85 85 91 91 91 91 91 85 85 91 91 85 91 92 106 91 91 85 92 91 159 85 91 92 85 92 85 91 91 91 91 106 91 85 159 92 91 85 85 92 85 92 159 85 91 91 85
210 210 210 210 210 210 210
167 167 167 167 25 167 167 167 167 167 167
210 210 210 210 210 210 210
210 210 210 210 210 210 210
210 210 210 210 210 210 210
117 217 117 117 117 167 167 167 43 117 58 58 167 117 58 117
167 210 210 167 210 210 210 210 167 167 167 167 210 210 100 167 210 167 167 210 210 43
67 67 90 67 167 67 67 167 167 67 167 67 67 67 167
117 29 49 117 117 29 29 29 117 29 29 29
67 29 29 29 29 67 167 29 67 135 117 167 167 67 67 67 117 67 67 117 117 167 67 167 29 29
210 210 210 210 210 210 210
78 85 85 91 91 91 85 85 91 78 85 91 182 78 86 108 182 85 85 78 91 78 108 78 199 78 91 91 91 91 86 91 91 78 85 91 142 78 85 182 78 85 91 78 152 182 91 78 78 182 78 91 142 152 91 91 91 182 182 91 182 188 182 91 91 142 91 159 78 160 142 85 142 85 182 152 91 85 78 192 78 108 91 142 85 142 85 91 182
210 210 210 210 210 210 210
167 167 217 117 167 117 167 117 117 167
89 89 89 89 89 89 89 89 89 89 89
51 51 51 51 51 51 51 51 51
58 117 117 58 58 210 117 210 133 217 58 117 210 117 62 117 210 58 210 117 58
167 90 167 90 67 67 167 67 67 67 67 67 67 167
167 167 29 167 29 29 80 167 29 167 167 167 29 167 167 167 29 29
210 210 210 210 210 210 210
210 210 210 210 210 210 210
210 210 210 210 210 210 210
29 29 29 29 29 29 29 29
167 29 57 29 57 167 29 29 29 167 167 29
85 85 85 85 85 85 85 85 85 85 85 85 85 85 85 85 85 85 85 85 85 85 85 85 85 85 85 85 85 85 85
156 156 156 156 156 156 156 156 156 156 156 156 156 156 156
197 197 201 201 197 197 206 197 197 48 197 197 197 197 197 197 48 197 197 197 48 197 48 197 197 197 197 197 197 197 197 197
58 167 58 58 167 167 61 167 167 167 167 167 167 167 167 167 167 167 167
210 210 210 117 117 167 210 210 117 167 117 210 167 57 167 167
210 210 210 210 210 210 210
182 85 86 182 85 85 85 85 85 85 192 108 85 182 85 85 182 85 182 182 85 85 182 85 85 85 85 86 108 182 85 85 85 182 182 108 108 85 85 85 108 85 182
43 210 117 210 167 117 117 210 167 210 117 57 167 210 167
210 210 210 210 210 210 210
210 210 210 210 210 210 210
167 167 193 167 58 167 58 58 167
51 51 51 51 51 51 51 51 51
210 210 210 210 210 210 210
117 117 117 117 117 117 183 117 117
197 197 197 67 219 197 219 197 197 219 197 67 219 219 197 197 197 67 197 67 67 197 197
210 210 210 210 210 210 210
210 210 210 210 210 210 210
51 51 51 51 51 51 51 51 51
210 210 210 210 210 210 210
210 210 210 210 210 210 210
182 182 182 182 182 182 182 182 182 182 182 182 182 182 182 182 182
210 210 210 210 210 210 210
167 167 217 117 167 117 167 117 117 167
29 29 167 167 57 29 29 29 57 167 167 29
167 210 167 43 210 117 167 167 167 210 167 210 210 77 210 117 167 210
117 67 117 67 67 67 117 67 67 67 117 83 67 67
167 167 167 167 167 167 167 167 167 25 167
167 167 167 167 167 167 167 167 25 167 167
182 182 182 182 182 182 182 182 182 182 182 182 182 182 182 182 182
29 210 117 210 117 210 210 210 210 117 117
91 91 91 91 91 91 91 91 91 91 91 91 91 91 91 91 91 91 91 91 91 91 91 91 91 91 91 91 91 91 91 91
182 182 182 182 182 182 182 182 182 182 182 182 182 182 182 182 182
167 167 167 117 117 167 117 217 117 167
210 210 210 210 210 210 210
210 210 210 210 210 210 210
210 210 210 210 210 210 210
167 167 167 167 117 117 217 167 117 117
167 167 85 85 85 85 85 85 85 85 167 85 85 167 167 167 85 85 85 167 85 85 167 85 167 85 85 85 91 85 85 167 85 85 85 167 85 85 85 85 167 85 167 167 167 85
67 67 67 89 89 89 67 67 89 67 89 89 67 143 89 67 89 67 89 89
25 167 167 167 167 25 167 167 167 167
210 210 210 210 210 210 210
210 210 210 210 210 210 210
167 210 167 210 167 210 210 167 167 167 63 167 167 210 210 167 167
174 167 167 167 167 167 167 167 174 167 57 167 167 167 167 167
58 51 103 58 117 58 51 210 210 117 51 51 210 51 210 51 210 117 51 117 210 51
167 25 167 167 167 167 167 167 167 167 167
210 210 210 210 210 210 210
58 167 167 193 58 167 58 167 167
210 210 210 210 210 210 210 55 210 210 210 210 210
167 133 117 117 217 117 117 117 117 87 167 210 210 117 210 29 167 167 210 167 117 117 117
210 117 210 117 117 210 29 210 210 210 117
167 217 210 29 210 167 210 167 167 29 174 210 29 29 29 210 29 29 93
29 32 210 210 217 69 210 29 29 210 29 29 210 29
51 51 51 51 51 51 51 51 51
210 210 210 210 210 210 210
210 210 210 210 210 210 210
78 85 85 78 82 85 85 78 142 142 85 85 78 78 78 85 85 78 85 142 78 85 142 78 85 142 85 78 142 85 85 85 78 85 82 85 78 92 142 78 85 142 78 85 142 142 78 78 85 78 82
29 29 29 29 29 29 29 29
210 210 210 210 210 210 210
167 83 167 29 167 167 29 167 167 29 167 174 167 32 29 29 167 29
117 167 167 117 167 117 167 117 217 167
29 29 29 29 29 29 29 29
117 157 117 117 58 157 58
117 117 193 167 117 167 167 117 117 167 167 167 122 58 167 117 167 167 167 167 167 167 167 167 167 167 117 58 167 167 117 167 167 167 167 167
78 78 78 78 78 78 78 78 78 78 78 78 78 78 78 78 78 78 78 78 78 78 78 78 78 78 78 78 78 78
197 197 197 197 197 197 197 197 197 197 197 197 197 197 197 197 197 197
182 182 182 182 182 182 182 182 182 182 182 182 182 182 182 182 182
167 29 29 29 80 167 29 167 167 29 167 167 167 29 167 167 29 167
29 117 210 210 210 117 210 117 117 210 210
117 156 210 156 117 156 156 156 210 156 156 117 156 210 156 181 156 117 156 210 156 117 117 156 210 117 210 156 117
167 210 210 210 167 43 210 210 210 167 167 167
210 210 210 210 210 210 210
210 210 210 210 210 210 210
210 210 210 210 210 210 210
167 58 167 117 117 174 117 117 167 167 117 174 167 167 167 117 117 167 90 167 167 58 167 167 58 117 167
167 193 58 58 58 167 167 167 167
67 67 67 67 67 67 67 67 67 67
210 210 210 210 210 210 210
67 67 67 67 67 67 67 67 67 67
32 174 167 167 167 167 174 174 174 167 167
210 210 210 210 210 210 210
29 117 210 210 117 210 117 210 117 210 210
58 117 117 157 117 58 117 58
210 167 210 210 67 174 167 210 210 167 217 167 167 167 167 167 167
210 210 210 210 210 210 210
51 51 51 51 51 51 51 51 51
210 210 210 210 210 210 210
210 210 210 210 210 210 210
167 58 180 31 58 167 167 167 210 167 81
210 210 210 210 210 210 210
210 210 210 210 210 210 210
29 210 210 117 117 210 210 117 210 210 117
29 29 58 29 29 29 58 41 58 29 29
51 51 51 51 51 51 51 51 51
210 210 210 210 210 210 210
45 167 167 117 117 167 167 167 167 117 167 167 167 167 117
78 78 78 78 78 78 78 78 78 78 78 78 78 78 78 78 78 78 78 78 78 78 78 78 78 78 78 78 78 78
29 29 29 29 29 29 29 29
210 210 210 210 210 210 210
167 51 51 51 75 53 167 51 174 51 167 167 51 51
29 29 29 29 29 29 29 29
210 210 210 210 210 210 210
29 167 167 29 29 57 29 29 167 29 167 57
210 210 210 210 210 210 210
32 167 117 167 167 117 117 117 167 117 117 117 167 117
58 117 58 58 58 58 58
117 167 167 58 167 58 167 58 117 117 18 167 117
174 167 167 174 167 167 167 29 167 167 167
29 29 29 29 29 29 29 29
210 210 210 210 210 210 210
29 167 167 29 29 57 29 29 167 29 167 57
167 167 167 167 167 167 167 167 25 167 167
210 210 210 210 210 210 210
29 29 29 29 29 29 29 29
117 117 58 167 117 57 117 117 117 167 117 117 167 117 117 167 58 167 117 117 58
210 210 210 210 210 210 210
210 210 210 210 210 210 210
210 210 210 210 210 210 210
117 167 117 167 167 217 117 117 167 167
210 210 210 210 210 210 210
167 210 210 210 210 167 167 43 167 210 167 210
167 167 58 157 117 167 167 117 18 58 117 167
29 29 58 29 29 41 58 29 58 29 29
167 41 167 167 73 210 210 210 210 53 210 210 210 73
210 210 210 210 210 210 210
210 210 210 210 210 210 210
29 29 29 29 29 29 29 29
78 78 78 78 78 78 78 78 78 78 78 78 78 78 78 78 78 78 78 78 78 78 78 78 78 78 78 78 78 78
210 210 210 210 210 210 210
51 51 51 51 51 51 51 51 51
210 210 210 210 210 210 210
167 167 167 167 167 167 167 25 167 167 167
29 29 29 29 29 29 29 29
210 210 55 210 210 210 210 210 210 210 210 210 210
210 210 210 210 210 210 210
29 29 29 29 29 29 29 29
156 156 156 156 156 156 156 156 156 156 156 156 156 156 156
210 210 210 210 210 210 210
29 29 29 29 29 29 29 29
210 210 210 210 210 210 210
89 89 89 89 89 89 89 89 89 89 89
58 58 210 210 167 210 167 58 51 210 167 43 167 210
210 210 210 210 210 210 210
210 210 210 210 210 210 210
117 117 117 183 117 183 117 117
67 67 67 67 67 67 67 67 67 67
210 210 210 210 210 210 210
167 167 29 167 29 167 29 29 29 167 57 29 29
78 85 85 78 82 85 85 78 142 142 85 85 78 78 78 85 85 78 85 142 78 85 142 78 85 142 85 78 142 85 85 85 78 85 82 85 78 92 142 78 85 142 78 85 142 142 78 78 85 78 82
167 167 167 167 167 167 167 167 25 167 167
197 197 197 197 197 197 197 197 197 197 197 197 197 197 197 197 197 197
117 58 58 157 58 117 117 117
29 29 29 29 29 29 29 29
210 210 210 210 210 210 210
49 49 117 117 29 29 29 29 29 117 29
67 67 67 67 67 67 67 67 67 67
210 210 210 210 210 210 210
29 29 29 29 29 29 29 29
167 167 167 45 117 117 167 117 167 167 117 167 167 167 167
167 167 210 167 210 210 210 43 167 210 43
217 167 167 117 167 167 117 117 117 167
210 210 210 210 210 210 210
210 210 210 210 210 210 210
29 29 29 29 83 29 29 29 29 29 29 29 29 29 29
117 117 167 167 117 217 167 167 117 167
117 117 117 183 58 58 58 58 117 58 58
210 210 210 210 210 29 117 117 210 117 117
29 29 29 29 29 29 29 29
210 210 210 210 210 210 210
29 117 210 210 210 117 210 210 117 117 210
29 29 29 29 29 29 29 29
117 117 183 117 117 117 117 117 117
167 117 117 167 217 117 167 117 167 167
210 210 210 210 210 210 210
210 210 210 210 210 210 210
67 67 67 67 67 67 67 67 67 67
156 156 156 156 156 156 156 156 156 156 156 156 156 156 156
67 67 67 67 67 67 67 67 67 67
210 210 210 210 210 210 210
167 167 29 117 167 32 167 29 167 167 167 167 117 29 29 32 167 117 167 133 167 29 167 167 113 29
210 210 210 210 210 210 210
197 197 197 197 197 197 197 197 197 197 197 197 197 197 197 197 197 197
117 117 117 157 117 58 58 117 117 117 58 58 10 58
167 58 167 167 210 210 167 58 210 167 58 93 167 117 167 167 58 210 58 210 117 167 117 210 167 58 117
117 167 167 117 117 117 167 117 117 32 117 167 117 167
29 29 29 29 29 29 29 29
29 29 29 29 29 29 29 29
193 167 167 167 58 58 58 167 167
29 29 29 29 29 29 29 29
51 51 51 51 51 51 51 51 51
210 210 210 210 210 210 210
167 167 58 58 58 167 193 167 167
210 210 210 210 210 210 210
29 29 29 29 29 29 29 29
29 29 29 29 29 29 29 29
197 85 197 85 111 85 85 197 85 85 88 213 86 85 201 197 197 85 197 201 85 85 197 201 85 85 85 85 111 86 85 197 85 85 85 86 197 86 85 197 85 85 86 201 197 85 85
210 210 210 210 210 210 210
51 51 51 51 51 51 51 51 51
210 210 210 210 210 210 210
210 210 210 210 210 210 210
167 167 167 167 174 180 180 167
197 197 197 197 197 197 197 197 197 197 197 197 197 197 197 197 197 197
210 210 210 210 210 210 210
197 197 197 197 197 197 197 197 197 197 197 197 197 197 197 197 197 197
167 167 167 117 117 217 167 217 117
109 109 109 109 109 109 109 109 109 109 109 109
210 210 210 210 210 210 210 210 210 55 210 210 210
167 117 167 73 183 167 117 167 183 117 117 117 167 167 117 117 167 167 167 167 183
67 78 85 67 85 78 82 85 85 78 142 142 85 85 78 78 78 85 85 67 78 67 85 142 78 67 67 85 142 78 85 67 148 85 78 148 85 85 85 78 85 82 85 78 92 142 78 85 142 78 85 142 142 78 78 85 78 82 67
29 29 29 29 29 29 29 29
156 156 156 156 156 156 156 156 156 156 156 156 156 156 156
167 117 167 167 217 167 167 117 117 117
210 210 210 210 210 210 210
210 210 210 210 210 210 210
183 117 167 117 167 167 90 77 167 167 183 117 167 167 167 167 18 167 217 167
67 90 167 167 67 167 167 67 67 67 67 67 67 167 67
51 51 51 51 51 51 51 51 51
25 167 167 167 167 167 167 167 167 167 167
210 210 210 210 210 210 210
109 109 109 109 109 109 109 109 109 109 109 109
156 156 156 156 156 156 156 156 156 156 156 156 156 156 156
78 78 78 78 78 78 78 78 78 78 78 78 78 78 78 78 78 78 78 78 78 78 78 78 78 78 78 78 78 78
67 67 67 67 67 67 67 67 67 67
217 167 167 117 117 167 167 117 117 167
210 58 210 210 10 58 210 210 58 210
167 210 167 167 167 63 167 210 167 210 167 167 210 167 210 167 210
156 78 156 78 156 98 78 156 78 78 78 78 156 78 78 156 78 156 78 156 78 156 78 78 156 78 156 156 78 78 78 78 78 78 78 98 78 78 78 78 156 78 78
117 58 157 117 58 58 117 117
210 210 210 210 210 210 210
29 29 29 49 117 117 117 117 29 29 29 29
58 157 58 58 58 58 58 58 58 58
210 210 210 210 210 210 210
210 210 210 210 210 210 210
167 167 167 117 167 117 117 167 217 117
29 29 29 29 29 29 29 29
210 210 210 210 210 210 210
167 25 167 167 167 167 167 167 167 167 167
117 210 167 167 117 210 210 117 167 117 117 210 167 117 167 167 117 167 167 167 117 117 167 167 167 167 117 210 117 210 117 167 167 120
167 58 167 58 193 167 167 167 58
217 117 167 167 167 167 167 117 117 117
29 29 29 29 29 29 29 29
78 85 85 78 82 85 85 78 142 142 85 85 78 78 78 85 85 78 85 142 78 85 142 78 85 142 85 78 142 85 85 85 78 85 82 85 78 92 142 78 85 142 78 85 142 142 78 78 85 78 82
117 210 117 29 210 117 210 117 210 210 210
210 210 210 210 210 210 210
117 117 117 117 117 117 117 117 183
91 91 91 91 91 91 91 91 91 91 91 91 91 91 91 91 91 91 91 91 91 91 91 91 91 91 91 91 91 91 91 91
167 167 167 43 167 210 210 210 210 167 210 210
167 18 167 167 167 167 18 18 167
210 210 210 210 210 210 210
51 51 51 51 51 51 51 51 51
210 210 210 210 210 210 210
167 167 183 167 117 5 5 117 144
210 210 210 210 210 210 210
117 167 117 53 167 167 167 167 167 167 167 167 167 58 58 58 117 117
210 210 210 210 210 210 210
51 51 51 51 51 51 51 51 51
210 210 210 210 210 210 210
29 29 29 29 29 29 29 29
182 182 182 182 182 182 182 182 182 182 182 182 182 182 182 182 182
117 217 167 167 117 167 167 117 167 117
90 167 51 117 183 183 51 51 51 117 51 157 167 51 117 51 167 51
167 25 167 167 167 25 167 167 167 167
197 182 156 213 182 182 197 192 66 192 182 156 197 156 197 156 197 156 156 197 156 182 197 182 156 197 197 156 213 156 156 156 197 197 182 182 197 182 156 182 192 192 156 192 197 197 197 182
117 117 112 89 90 89 117 89 117 133 89 117 117 117 89 89 89 89 89
197 197 197 197 197 197 197 197 197 197 197 197 197 197 197 197 197 197
51 51 51 51 51 51 51 51 51
167 167 167 167 167 167 167 167 167 167 25
78 85 85 78 82 85 85 78 142 85 85 85 78 78 78 85 85 78 85 142 78 85 142 78 85 142 85 78 142 85 85 142 78 85 82 85 78 92 142 78 85 142 78 85 142 142 78 78 85 78 82
167 167 167 167 167 25 167 167 167 167 167
167 117 167 167 117 167 117 217 117 167
210 210 210 210 210 210 210
167 67 167 90 90 67 167 67 67 67 67 67 67 167
210 210 167 210 167 87 210 210 210 210 210 210 58 58 58 210 174 167 217 167 210
183 117 117 183 117 183 183
167 104 51 210 51 84 210 167 167 167 51 51 210 167 210 51 51 210 51
51 51 167 51 73 167 51 167 51 167 51 51 51 167
210 210 210 210 210 210 210
197 197 197 117 197 117 197 117 197 197 197 197 197 197 197 117 197 197 197 197 203 197
167 43 167 210 210 210 167 210 167 210 167 210
58 167 167 167 117 167 167 174 167 167 133 167 167 117 167 167 58 167 117 77 167 167 58
29 29 29 29 29 29 29 29
174 117 174 117 174 117 117
51 51 117 51 75 51 51 117 117 117 117 61 51 117 61
117 210 29 210 210 29 117 210 117 210
197 197 197 197 197 197 197 197 197 197 197 197 197 197 197 197 197 197
210 210 210 210 210 210 210
210 167 167 43 210 167 210 167 210 167 210 210
167 217 117 167 117 117 117 167 167 167
210 210 210 210 210 210 210
210 210 210 210 210 210 210
210 210 210 210 210 210 210
58 167 167 58 167 58 167 193 167
91 91 91 91 91 91 91 91 91 91 91 91 91 91 91 91 91 91 91 91 91 91 91 91 91 91 91 91 91 91 91 91
51 51 51 51 51 51 51 51 51
210 117 117 210 210 29 117 210 117 210 210
117 117 117 117 58 117 117 117 58 210 58 117
167 167 29 29 167 167 167 29 57 29 29 29 29
167 167 25 167 167 167 167 167 167 167 167
117 167 217 217 167 167 167 117 117
67 67 67 67 67 67 67 67 67 67
210 43 167 167 167 210 210 167 210 167 210 210
29 29 29 29 29 29 29 29
167 10 49 210 210 210 210 183 210 167 167 183
174 109 210 109 132 167 109 109 210 167 18 167 167 167 167 109 210 109 182 167 167 18 109 109 167 174 167 167 167 109 167 167 167 109 167 167 167 210 167 210
210 210 210 210 210 210 210
167 167 117 167 167 117 167 217 117 117
117 210 210 210 117 117 117 210 210 29 210
210 210 210 210 210 210 210
167 167 167 25 167 167 167 167 167 167 167
58 58 117 157 117 58 117 117
210 210 210 210 210 210 210
29 167 167 167 29 167 167 167 167 210 167 167 167 167 10 167 167 29 167 167 167 10 210 49 167 29 10 141 167 167 210 167 29 29
197 197 85 88 210 197 85 85 85 114 210 197 85 85 206 197 197 85 85 197 197 85 210 197 197 85 85 197 206 197 210 85 85 85 88 85 210 197 85 85 85 85 85 210 85 85 85 206 85 85 85 85 206 85
167 18 167 167 167 167 167 18 167 167 167 167 167 53
167 167 167 167 167 167 167 167 167 167 25
91 91 91 91 91 91 91 91 91 91 91 91 91 91 91 91 91 91 91 91 91 91 91 91 91 91 91 91 91 91 91 91
210 210 210 210 210 210 210
117 117 167 167 117 217 167 117 167 167
210 210 210 210 210 210 210
210 210 210 210 210 210 210
29 29 29 29 29 29 29 29
210 29 29 29 210 210 210 29 67 29 210 29 29 210
197 168 197 3 109 48 197 109 48 20 197 131 89 146 48 109 162 109 120 48 207 109 207 89 48 171 109 197 109 211 207 22 205 89
117 51 117 51 183 51 117 117 174 51 117 117 51 51 217 100 51 174 51 117
89 89 89 89 89 89 89 89 89 89 89
140 140 140 140 140 140 140 140 140 140 140 140 140 140
89 89 89 89 89 89 89 89 89 89 89
89 89 58 89 58 89 89 89 89 89 89 89 95 58
109 109 109 109 109 109 109 109 109 109 109 109
67 67 67 67 67 67 67 67 67 67
29 29 29 29 29 29 29 29
202 167 202 202 202 202 167
51 51 51 51 51 51 51 51 51
89 89 89 89 89 89 89 89 89 89 89
182 182 182 182 182 182 182 182 182 182 182 182 182 182 182 182 182
29 29 29 29 29 29 29 29
59 120 120 67 67 67 59 67 51 77 77 120 120 51 51
29 29 29 29 29 29 29 29
4 4 4 4 4 4 4 4 4 4 4 4 4 4 4 4 4 4 4 4
29 29 29 29 29 29 29 29
29 29 29 29 29 29 29 29
89 89 89 89 89 89 89 89 89 89 89
117 167 167 217 117 167 117 117 167 167
4 4 9 140 4 33 151 33 4 4 33 4 4 33 33 4 140 4 33 4 33 33 140 33 140
210 210 210 210 210 210 210
210 210 210 210 210 210 210
51 51 51 51 51 51 51 51 51
183 117 117 117 117 117 117 117 117
51 51 51 51 51 51 51 51 51
29 29 29 29 29 29 29 29
210 210 210 210 210 210 210
210 210 210 210 210 210 210
210 210 210 210 210 210 210
51 63 63 63 51 63 63 63 63 63
67 67 67 67 67 67 67 67 67 67
51 51 51 51 51 51 51 51 51
29 29 29 29 29 29 29 29
89 89 89 89 89 89 89 89 89 89 89
197 47 216 69 182 166 197 197 208 29 182 197 182 208 197 51 197 197 197 197 60 197 182 29 29 29 197 197 204 197 51 29 182 16 182 182 204 213 51 7 213 197 197
4 4 197 18 39 197 140 182 145 4 50 42 182 33 182 50 197 42 170 18 4 4 204 18 4 211 62 190 140 94 182 54 54 65 182 33 4 197 167 182 210 97 182 54 33 210 33 140 219 71 190 33 197 195
117 89 58 112 89 51 117 112 58 89 112 112 117 112 58 117 51 112 127 89
210 210 210 210 210 210 210
51 51 51 51 51 51 51 51 51
134 89 89 89 89 51 51 51 89 51 51 89 134 51 89 134 89
211 211 211 211 211 211 211 211 211 211 211 211 211 211 211 211 211 211 211
109 109 109 109 109 109 109 109 109 109 109 109
210 210 210 210 210 210 210
67 67 117 117 83 67 67 83 67 117 67 67 67
210 210 210 210 210 210 210
4 4 197 26 197 4 207 197 4 207 197 197 4 4 4 207 54 54 54 54 4 4 197 4 54 54 4 4 207 54 197
29 29 29 29 29 29 29 29
210 210 210 210 210 210 210
18 18 210 18 18 167 18 210
117 167 193 193 167 193 193
51 51 51 51 51 51 51 51 51
210 210 210 210 210 210 210
29 29 29 29 29 29 29 29
29 29 29 29 29 83 29 29 29 29 29 29 29 29 29
55 55 29 29 210 55 29 55 55 210
29 29 29 29 29 29 29 29
89 210 210 210 89 89 210 89 89 89 115 210 89 89 89 210 89
51 51 51 51 51 51 51 51 51
89 123 89 89 146 17 75 146 89 140 29 210 120 95 146 89 187 146 89 89 146 89 6 89 89 89 123 210 146 89 146 120 23 89 29
29 117 29 117 29 29 29 117 29 49 117 29
51 51 51 51 51 51 51 51 51
10 58 210 58 210 210 210 210 58 210
29 29 29 29 29 29 29 29
167 51 29 51 51 29 51 51 167 29 29 51 113 29 51 29 167 167 29 51 167
51 51 51 51 51 51 51 51 51
182 182 182 182 182 182 182 182 182 182 182 182 182 182 182 182 182
67 67 117 117 83 67 67 83 67 117 67 67 67
210 210 210 210 210 210 210
109 109 109 109 109 109 109 109 109 109 109 109
210 210 210 210 210 210 210 210 210 210 210 210 55
5 117 167 36 117 5 167 167 5 117 167 117
109 109 175 110 109 109 110 109 109 109 109 109 109 109 109 109 109 109 112 109 109 109 109
167 210 210 43 210 167 210 167 210 167 167 210
29 29 29 29 29 29 29 29
210 210 84 210 51 51 51 51 210 84 51 51 210 51
104 51 51 51 51 51 51 104 104 51 104 51 51 51
29 115 115 77 67 29 67 67 55 29 67 29 67 77 29 77
89 67 67 67 143 90 67 67 67 67 67 67 67 67 67 167 67 167 67 67 89
210 210 210 210 210 210 210
29 29 29 29 29 29 29 29
58 210 100 67 104 58 67 210 210 67 67 67 58 100 210 67 67
29 29 29 29 29 29 29 29
29 29 29 29 29 29 29 29
69 32 32 51 51 210 32 51 210 210 69 51 96 51 51
51 51 51 51 51 51 51 51 51
51 51 51 51 51 51 51 51 51
29 51 84 51 51 29 84 84 84 29 84 51
117 117 58 117 117 157 58 58
51 51 51 51 51 51 51 51 51
210 210 167 167 210 59 167 167 5 210 210 59 5
51 51 51 51 51 51 51 51 51
140 140 140 140 140 140 140 140 140 140 140 140 140 140
29 29 29 29 29 29 29 29
29 29 29 29 29 32 29 29 32 29 29 29 29 29 29 29 29 121 29 29 29 29
167 167 36 193 167 193 167 193 117 167 167 167
29 29 210 210 29 67 67 210 210 29 29 29 210
58 210 210 210 210 58 58 210 10 210
210 210 210 210 210 210 210
51 167 167 167 167 73 51 51 51 51 51 51 51 167
210 210 210 210 55 210 210 210 210 210 210 210 210
29 29 29 29 29 29 29 29
67 67 67 67 67 67 67 67 67 67
89 89 89 89 89 89 89 89 89 89 89
167 117 193 193 193 167 193
210 210 210 210 210 210 210
29 29 29 29 107 61 210 210 29 29 61 29 29 29 29 210 61 29
4 4 4 4 4 4 4 4 4 4 4 4 4 4 4 4 4 4 4 4
51 51 51 51 51 51 51 51 51
182 182 182 182 182 182 182 182 182 182 182 182 182 182 182 182 182
210 210 220 10 210 210 58 210 58 210 58
182 182 182 182 182 182 182 182 182 182 182 182 182 182 182 182 182
51 51 51 51 51 51 51 51 51
51 51 51 51 51 51 51 51 51
210 210 167 167 167 210 167 210 43 210 210 167
210 210 210 210 210 210 210
210 210 210 210 210 210 210
210 210 210 210 210 210 210
51 51 51 51 51 51 51 51 51
140 140 140 140 140 140 140 140 140 140 140 140 140 140
210 210 210 210 210 210 210
211 211 211 211 211 211 211 211 211 211 211 211 211 211 211 211 211 211 211
210 210 210 210 210 210 210
117 174 117 117 117 174 174
51 51 51 51 51 51 51 51 51
210 210 210 210 210 210 210
67 67 67 67 67 67 67 67 67 67
51 29 51 29 167 51 29 167 51 29
51 51 51 51 51 51 51 51 51
4 4 4 4 4 4 4 4 4 4 4 4 4 4 4 4 4 4 4 4
210 210 210 210 210 210 210
109 109 109 109 109 109 109 109 109 109 109 109
29 29 29 29 29 29 29 29
51 51 51 51 51 51 51 51 51
51 51 51 51 51 51 51 51 51
210 29 210 67 29 29 29 29 210 210 67 29 210
117 117 51 51 51 117 58 69 51 51 51 51 51 58 117 58
110 89 167 89 167 89 167 167 193 89 89 89 89 89 93 93
29 29 29 29 29 29 29 29
123 146 123 146 146 146 146 123 123 146 146 146 89 146 89
210 58 10 210 210 58 210 58 210 210
51 51 51 51 51 51 51 51 51
29 29 93 89 129 89 89 29 89 29 41 89 89 29 89 89 29 93
51 115 51 51 63 63 63 51 104 115 63 115 51 63 51
211 211 211 211 211 211 211 211 211 211 211 211 211 211 211 211 211 211 211
210 210 67 29 29 29 29 29 210 210 29 210 210 29
29 210 29 29 132 29 58 210 29 167 29 29 210 29 29 210 29 167 29 29 167 210 29 210 29 167 58 167 58
170 45 210 25 45 89 89 210 210 210 89 89 89 51 210 25 67 122 45 210 170 29 25 89 89 89 210
140 140 140 140 140 140 140 140 140 140 140 140 140 140
29 29 29 29 29 29 29 29
167 58 58 58 193 167 167 167 167
210 210 210 210 210 210 210
29 29 29 29 29 29 29 29
210 210 210 210 210 210 210
89 89 89 89 89 89 89 89 89 89 89
210 210 210 210 210 210 210
29 29 29 29 29 29 29 29
29 29 29 29 29 29 29 29
29 29 29 29 29 29 29 29
4 4 4 4 4 4 4 4 4 4 4 4 4 4 4 4 4 4 4 4
29 29 29 29 29 29 29 29
210 210 210 210 210 210 210
117 210 210 117 210 210 117 29 210 117 210
210 117 210 167 210 117 167 167 117 210 210 210 117 167 167 57
4 4 4 4 4 4 4 4 4 4 4 4 4 4 4 4 4 4 4 4
29 29 29 29 80 29 29 29 80 29 80 29 29
51 51 51 51 51 51 51 51 51
51 51 210 210 51 210 51 51 84 84 51 210 210 51
117 62 51 51 117 51 51 51 51 117 51 117 51
69 49 49 167 210 167 210 167 210 69 210 167 210 210
210 210 210 210 210 210 210
29 29 29 29 29 29 29 29
51 51 51 51 51 51 51 51 51
67 67 67 67 67 67 67 67 67 67
167 25 167 167 167 167 167 167 167 167 167
51 51 51 51 51 51 51 51 51
4 210 4 4 167 4 4 117 4 4 4 4 133 4 4 167 210 15 4 167 4 4 4 4 6 4 4
67 67 67 67 67 67 67 67 67 67
51 51 84 51 167 210 104 167 51 210 51 210 210 167 51 51 167 43
211 211 211 211 211 211 211 211 211 211 211 211 211 211 211 211 211 211 211
58 58 58 58 58 117 58
182 182 167 18 194 29 29 29 182 167 182 167 63 182 29 29 63 18 29 182 29 182 18 29 29 34 167 182 194 29 29 29 182 194 29 167 182 167 29 210 62 182 29 29 210 29 182 29 182 29
210 210 210 210 210 210 210
57 63 167 51 193 43 29 167 43 167 29 63
109 109 109 109 109 109 109 109 109 109 109 109
210 210 210 210 210 210 210
67 67 67 67 67 67 67 67 67 67
29 29 29 29 29 29 29 29
197 197 197 197 197 197 197 197 197 197 197 197 197 197 197 197 197 197
51 51 51 51 51 51 51 51 51
51 51 51 51 51 51 51 51 51
182 182 182 182 182 182 182 182 182 182 182 182 182 182 182 182 182
67 67 67 67 67 67 67 67 67 67
67 67 67 67 67 67 67 67 67 67
210 210 210 210 210 210 210
67 67 67 67 90 90 67 167 67 167 67 167 67 167
29 29 29 29 29 29 29 29
57 29 29 29 29 167 29 167 29 167 29 167 167
210 210 210 210 210 210 210
51 51 51 51 51 51 51 51 51
182 182 182 182 182 182 182 182 182 182 182 182 182 182 182 182 182
117 29 117 29 29 29 49 29 117 117 29 29
210 210 210 210 210 210 210
51 51 51 51 51 51 51 51 51
210 210 29 210 63 63 29 63 29 29 29 210
117 29 29 117 58 55 29 58 117 117 29 29 58 29 29
29 67 67 61 67 131 29 29 210 67 61 67 67 210 210 29 131 67 67
197 52 212 182 197 197 210 198 204 58 182 197 182 198 189 197 197 197 47 197 210 182 185 58 197 197 195 197 182 182 201 32 195 210 182 12 185 197 58 197
117 210 210 117 210 210 210 117 29 210 117
51 51 51 51 51 51 51 51 51
29 29 29 29 29 29 29 29
29 29 29 29 29 29 29 29
51 51 51 51 51 51 51 51 51
210 210 210 210 210 210 210
29 29 29 29 29 29 29 29
67 67 67 67 67 67 67 67 67 67
109 109 109 109 109 109 117 109 117 109 109 109 117 117 109 116
29 167 29 29 29 167 57 167 167 29 29 29 167
210 210 210 210 210 210 210
51 51 51 51 51 51 51 51 51
67 67 67 67 67 67 67 67 67 67
51 51 51 51 51 51 51 51 51
89 56 4 197 38 51 197 140 69 67 126 44 118 211 89 67 89 140 44 197 51 89 215 166 64 211 56 127 67 89 89 4 29 54 3 64 29 211 140 29 211 51 29 4 67 54 99 138 211 104 67 197 145 211 67 4 71 67 89 29 54 64 67 211 33 175 37 35 120 211 19 216 120 89 1 4 211 211
167 210 117 210 87 210 193 193 210 117 167 167 51 167 167 117 117 117 210 167 167
210 210 210 210 210 210 210
51 29 172 210 117 58 117 210 167 58 29 210 117 144 117 29 63 51 210 63 29 58 210 29 210 117 117 174 144 210 117 117 210 29 210 210 29 58 58 117 29 167 29 210 51 117
210 210 210 210 210 210 210
117 117 117 117 117 117 117 117 10 117 117 117 117
89 51 117 51 210 51 117 89 84 51 89 117 162 89 51 210 51 210 89 89 51 117 210 89 89 210 89 89
29 29 29 29 29 29 29 29
83 29 83 167 29 167 167 83 29 167 167 167 29 83
210 210 210 210 210 210 210
89 89 89 89 89 89 89 89 89 89 89
140 140 140 140 140 140 140 140 140 140 140 140 140 140
29 29 29 29 29 29 29 29
109 117 109 109 117 109 109 109 117 109 109 109 116 109 109 117
167 167 29 174 174 167 167 167 167 167 167
29 29 29 29 29 29 29 29
83 67 67 67 67 67 117 67 83 67 117 117 67
51 51 51 117 62 51 51 117 51 51 117 51 117
67 67 67 67 67 67 67 67 67 67
210 210 210 210 210 210 210
29 29 29 29 29 29 29 29
210 117 210 210 117 210 210 29 117 117 210
4 4 4 4 4 4 4 4 4 4 4 4 4 4 4 4 4 4 4 4
210 210 210 210 210 210 210
197 197 197 197 197 197 197 197 197 197 197 197 197 197 197 197 197 197
56 4 4 4 211 56 56 56 4 56 211 211 4 4 56 211 211 211 4 4 4 56 211 4 56 8 211 216 4 211 211
89 89 89 89 89 89 89 89 89 89 89
167 62 210 62 62 29 62 62 210 29 29
51 51 51 51 51 51 51 51 51
29 167 29 167 167 29 167 29 29 29 167 57 29
193 167 58 167 58 167 167 58 167
29 29 29 29 29 29 29 29
210 210 210 210 210 210 210
69 49 49 167 210 167 210 167 210 69 210 167 210 210
56 4 9 140 4 211 211 151 64 56 4 64 211 140 64 4 4 64 211 4 140 211 4 33 4 64 211 33 64 35 211 216 140 211 211 211
210 210 210 210 210 210 210
89 89 89 89 89 89 89 89 89 89 89
210 210 210 210 210 210 210
89 89 89 89 89 89 89 89 89 89 89
210 210 210 210 210 210 210
29 29 29 29 29 29 29 29
210 210 210 210 210 210 210
210 210 210 210 210 210 210
51 51 51 51 51 51 51 51 51
210 210 210 210 210 210 210
197 197 182 37 109 210 70 197 89 109 204 89 182 70 74 89 42 89 146 89 197 182 210 20 32 182 190 132 190 120 68 182 89 197 197 20 132 182 109 197 182 42 197 210 40 89 89 1
29 210 51 59 51 210 32 117 174 210 51 51 29 117 51 210 174 210 117 51 217 167 210 51 32 51 59 51 103 191 210 210 93 51 117 55 32 51 167 167 210 210 51
210 210 210 210 210 210 210
182 182 182 182 182 182 182 182 182 182 182 182 182 182 182 182 182
210 210 210 210 210 210 210
29 29 29 29 29 29 29 29
29 210 29 61 61 210 61 29 210 61 29
197 197 197 197 197 197 197 197 197 197 197 197 197 197 197 197 197 197
29 29 29 29 29 29 29 29
167 167 63 210 167 167 167 210 167 210 167 210 210 210 167 167 167
210 210 210 210 210 210 210
51 51 84 51 210 84 51 51 210 51 210 51 210 210
185 69 182 120 195 190 182 182 195 51 190 213 182 213 182 190 51 182 57 182 190 51 213
51 117 51 117 51 51 117 51 51 51 117 51 62
140 140 51 51 171 51 140 51 51 140 140 140 140 51 51 140 140 140 51 140 140 140
210 210 210 210 210 210 210
51 51 51 51 51 51 51 51 51
167 167 210 167 210 210 167 167 43 210 210 210
51 51 51 51 51 51 51 51 51
210 51 217 51 51 210 210 51 53 51 210 87 210 51 51
51 51 51 51 51 51 51 51 51
107 29 29 67 29 29 67 29 167 29 171 29 167 29 29 29 67 67 167 167 67 29 29 107 67 29 29 171 29 29
51 51 51 51 51 51 51 51 51
89 89 89 89 89 89 89 89 89 89 89
217 167 117 167 167 117 117 167 167 117
182 182 182 182 182 182 182 182 182 182 182 182 182 182 182 182 182
29 29 29 29 29 29 29 29
51 51 51 51 51 51 51 51 51
67 29 67 101 67 67 101 29 101 67 29 101 101
210 210 210 210 210 210 210
193 167 58 167 58 167 58 167 167
210 210 67 29 210 29 29 29 210 210 29 67 29
29 29 29 29 29 29 29 29
67 67 67 67 67 67 67 67 67 67
51 51 51 51 51 51 51 51 51
67 67 67 67 67 67 67 67 67 67
167 58 167 167 58 58 167 193 167
29 29 29 29 29 29 29 29
29 29 29 29 29 29 29 29
210 210 43 210 167 167 210 167 167 210 167 210
83 210 210 29 210 210 29 117 29 210 210 117 117 29 29 117 29 29
210 210 210 210 210 210 210
29 29 29 53 144 117 117 29 29 58 29 144 29
45 167 210 167 167 174 210 217 210 210 167 210
197 4 4 212 182 105 182 4 197 197 194 182 182 200 182 197 182 197 117 197 197 182 4 197 168 109 9 182 197 197 182 76 197 26 109 26 182 119 9 4 182 117 72 4 109 39 4 117 26 9 182 9 169 38 182 27 182 216 197 9 182 109 197
29 29 29 29 29 29 29 29
29 29 29 29 29 29 29 29
210 29 67 210 29 29 29 29 210 29 210 67 210
210 210 210 210 210 210 210
67 67 67 67 67 67 67 67 67 67
197 197 197 197 197 29 197 197 197 197 197 198 197 197 29 197 197 29 29 29 197 32 197 29 215
210 210 210 210 210 210 210
69 51 69 43 147 29 29 29 29 51 167 51 51 25 29 80 43 69 80 41 69 51 83
29 29 29 29 29 29 29 29
67 67 67 67 67 67 67 67 67 67
29 167 167 29 29 57 57 167 29 29 167 29
29 29 29 29 29 29 29 29
51 51 51 51 51 51 51 51 51
67 89 167 167 167 67 67 89 167 67 67 167 167 167 167 67 67 109
210 210 210 210 210 210 210
58 29 29 29 29 29 58 58 41 29 29
29 117 29 117 29 29 117 49 117 29 29 29
51 167 58 167 58 174 51 51 83 53 51 58 51 51 167 51 167
140 140 140 140 140 140 140 140 140 140 140 140 140 140
117 174 117 117 174 174 117
117 45 45 117 45 210 29 59 29 117 117 45 45
210 210 210 210 210 210 210
51 51 51 51 51 51 51 51 51
210 210 210 210 210 210 210
210 210 210 210 210 210 210
210 210 210 210 210 210 210
210 29 110 167 83 29 167 210 83 210 210 167 29 210 167 167 29 83 210 167
210 210 210 210 210 210 210
69 69 51 51 51 69 69 69 51 210 210
29 51 84 51 51 29 29 84 84 84 84 51
29 51 29 51 51 29 29 29 51 51 29 51 96 29 51 51
211 211 211 211 211 211 211 211 211 211 211 211 211 211 211 211 211 211 211
56 4 9 140 4 211 211 151 64 56 4 64 211 140 64 4 4 64 211 4 140 211 4 33 4 64 211 33 64 35 211 216 140 211 211 211
210 210 210 210 210 210 210
58 117 58 58 58 58 58
109 89 51 168 89 112 135 89 112 109 109 109 168 168 109 168 109 89 168
197 197 197 197 197 197 197 197 197 197 197 197 197 197 197 197 197 197
89 89 89 89 89 89 89 89 89 89 89
89 89 89 89 89 89 89 89 89 89 89
210 43 210 167 167 210 167 167 210 167 210 210
29 29 29 29 29 29 29 29
210 210 210 210 210 210 210
51 51 51 51 51 51 51 51 51
29 67 67 210 61 67 131 29 210 67 61 67 67 29 210 29 131 67 67
4 4 4 4 4 4 4 4 4 4 4 4 4 4 4 4 4 4 4 4
18 210 210 18 210 62 210 18 210 167 18 210 210 210
51 29 51 29 167 51 29 167 51 29
45 167 167 117 167 117 167 167 167 167 117 167 167 167 117
117 117 167 167 167 167 117 167 217 117
84 117 117 57 117 167 117 193 29 29 117 29 167 29 117 117 41 117 57
117 58 117 117 117 58 58 157
29 29 29 29 29 29 29 29
117 117 117 167 117 167 167 117 32 117 117 167 167 117
140 140 140 140 140 140 140 140 140 140 140 140 140 140
29 29 29 29 29 29 29 29
89 89 89 89 89 89 89 89 89 89 89
197 197 197 197 197 197 197 197 197 197 197 197 197 197 197 197 197 197
210 210 210 210 210 210 210
56 4 9 140 4 211 64 151 64 56 4 64 211 140 211 4 4 64 211 4 140 211 4 33 4 64 211 33 64 35 211 216 140 211 211 211
210 210 210 210 210 210 210
210 210 210 210 210 210 210
67 29 67 29 29 63 63 51 63 29 29 29 67 67 153 178 29 69 117 29 101 157 117 29 63 67 101 51 63 29 117 101
117 117 117 117 117 183 117 117 117
210 210 210 210 210 210 210
210 210 210 210 210 210 210
89 89 89 89 89 89 89 89 89 89 89
29 29 29 29 29 29 29 29
210 29 29 210 67 29 29 29 29 29 210 210 210 210
51 51 51 51 51 51 51 51 51
4 4 4 4 4 4 4 4 4 4 4 4 4 4 4 4 4 4 4 4
29 29 29 29 29 29 29 29
210 210 210 210 210 210 210
29 29 29 29 29 29 29 29
170 45 210 25 45 89 89 210 210 210 89 89 89 51 210 25 67 122 45 210 170 29 25 89 89 89 210
29 51 29 29 32 29 51 51 29 100 53 51 51 29 51 51
89 167 167 89 89 89 89 109 89 167 167 109 89 89 89
67 67 67 67 67 67 67 67 67 67
51 63 63 63 51 63 63 63 63 63
109 109 109 109 109 109 109 109 109 109 109 109
210 210 210 210 210 210 210
89 89 89 89 89 89 89 89 89 89 89
69 69 51 51 51 69 69 69 51 210 210
167 117 117 167 167 117 117 217 167 167
51 51 51 51 51 51 51 51 51
29 29 29 29 29 29 29 29
210 210 210 210 210 210 210
29 167 89 109 167 89 95 29 167 167 29 89 167 167 89 89 29 167 29 29 89 193 89 89 41 167 154
67 67 67 67 67 67 67 67 67 67
29 29 29 29 29 29 29 29
51 51 51 51 51 51 51 51 51
29 29 29 29 29 29 29 29
210 210 210 210 210 210 210
51 51 51 51 51 51 51 51 51
29 29 29 29 29 29 29 29
210 210 210 210 210 210 210
51 51 51 51 51 51 51 51 51
210 210 210 210 210 55 210 210 210 210 210 210 210
67 67 67 67 67 67 67 67 67 67
67 67 67 67 67 67 67 67 67 67
193 29 210 210 29 193 167 25 95 29 167 210 210 29 29 29 29 49
51 51 51 51 51 51 51 51 51
29 29 29 29 29 29 29 29
210 210 210 210 210 210 210
140 140 140 140 140 140 140 140 140 140 140 140 140 140
140 140 140 140 140 140 140 140 140 140 140 140 140 140
210 210 210 210 210 210 210
4 4 4 4 167 4 4 4 4 4 167 174 4 4 6 4 4 4 167 4 4 11 167 4 4
29 29 29 29 29 29 29 29
117 25 117 117 117 117 117 117 117 58 174 58 202
117 117 117 183 117 183 117 117
51 51 51 51 51 51 51 51 51
51 51 51 51 51 51 51 51 51
167 167 51 167 167 167 58 51 167 29 167 83 51 146 58 167 167 51 29 51 29 167 58 167 51 83 51 29 83 51
29 29 29 29 210 137 217 29 210 29 167 5 10 210 5 29 29 29 210 29 210 29 167 57 167 29 29
167 58 167 58 167 58 193 167 167
29 29 29 29 29 29 29 29
109 109 109 109 117 117 117 109 109 116 109 109 109 109 109 117
210 210 210 210 210 210 210
210 210 210 210 210 210 210
89 89 89 89 89 89 89 89 89 89 89
51 51 51 51 51 51 51 51 51
210 210 210 210 210 210 210
67 67 67 67 67 67 67 67 67 67
210 210 210 210 210 210 210
89 89 89 89 89 89 89 89 89 89 89
89 123 89 89 146 17 55 146 89 131 29 107 95 146 89 187 146 89 89 146 89 6 89 89 89 123 146 89 146 107 17 89 29
51 117 62 117 51 51 51 51 51 51 51 117 117
210 210 210 210 210 210 210
29 29 29 29 29 29 29 29
51 51 51 51 51 51 51 51 51
210 210 210 210 210 210 55 210 210 210 210 210 210
67 107 51 107 107 51 67 67 107 51 107 67 107
89 89 89 89 89 89 89 89 89 89 89
210 210 210 210 210 210 210
193 167 167 167 58 58 167 58 167
210 210 210 210 210 210 210
29 29 29 29 29 29 29 29
210 210 210 210 210 210 210
89 167 103 89 89 167 103 89 89 103 89 89 103
140 140 140 140 140 140 140 140 140 140 140 140 140 140
210 210 210 210 210 210 210
51 51 51 51 51 51 51 51 51
51 89 51 89 89 210 51 89 51 210 89 210 51 210 210 210 89 51 51 51 89 89 153 89 89
29 29 29 29 29 29 29 29
109 109 109 109 109 109 109 109 109 109 109 109
117 58 217 193 58 58 167 167 193 193
67 67 67 67 67 67 67 67 67 67
89 89 89 89 89 89 89 89 89 89 89
29 29 29 29 29 29 29 29
29 29 29 29 29 29 29 29
51 140 140 51 140 51 140 140 51 51 140 51 140 140 51 140 140 140 140 171 140 51
67 29 67 29 29 29 29 67 67 29 67 110 67 67 67 29 67
109 109 109 109 109 109 109 109 109 109 109 109
29 29 29 29 29 29 29 29
210 210 117 29 210 117 117 210 210 117 210
89 89 89 89 89 89 89 89 89 89 89
109 109 109 109 109 109 109 109 109 109 109 109
167 210 167 210 167 210 167 210 43 210 210 167
167 210 29 167 167 210 167 43 83 210 167 63 167 29 167 29 49 167 29 43 210 29 167 57 29 29 29 167 167 29 155 167 167
210 167 117 210 51 210 193 193 117 117 117 210 167 117 62 210
51 51 51 51 51 51 51 51 51
29 29 29 29 29 29 29 29
157 58 117 157 117 58 117
210 210 210 210 210 210 210
67 107 51 67 107 51 107 67 107 51 107 67 107
210 210 210 210 210 210 210
167 117 58 58 167 167 25 58 202 117 58 202
29 29 29 29 29 29 29 29
89 89 89 89 89 89 89 89 89 89 89
89 89 89 89 89 89 89 89 89 89 89
123 146 123 146 146 146 146 123 123 146 146 146 89 146 89
109 109 109 109 109 109 109 109 109 109 109 109
109 109 109 109 109 109 109 109 109 109 109 109
83 67 67 67 67 67 117 67 83 67 117 117 67
140 140 140 140 140 140 140 140 140 140 140 140 140 140
58 89 58 89 89 58 95 89 89 89 89 89 89 89
29 29 29 29 29 29 29 29
29 41 58 29 58 29 58 29 29 29 29
67 210 36 51 117 210 41 210 117 57 51 51 36 135 117 51 117 210 67 25 51 51 51 210
210 210 210 210 210 210 210
89 89 89 89 89 89 89 89 89 89 89
167 167 25 167 167 167 167 167 167 167 167
89 89 89 89 89 89 89 89 89 89 89
55 55 210 29 29 210 110 117 210 117 29 55 117 55 210 83 117 210 210 117 117
29 29 29 29 29 29 29 29
4 4 4 4 4 4 4 4 4 4 4 4 4 4 4 4 4 4 4 4