461 461 461 461 461 461 461
461 461 461 461 477 461 461 461 461 461 461 461 461
461 461 461 461 461 461 461
461 461 461 461 461 461 461
226 461 461 226 461 461 461 221 461 226
226 226 226 278 207 278 278 278
461 461 461 461 461 461 461
226 226 207 278 226 278 278 278
461 461 461 477 461 461 461 461 461 461 461 461 461
373 373 461 278 461 461 461 373 373 373 278 461 461 278 461 461 461 278 363 461 461 461
513 513 513 513 513 513 513 513
513 513 513 373 373 278 278 373 500 513 278 513 513 373 373 278 513
513 513 513 513 513 513 513 513
294 278 373 373 278 373 204 373 278 226 373 373 278 373 226 373 373 278 278 373 247 278
461 461 461 461 461 461 461
461 461 461 373 461 373 247 373 278 278 461 373 340 461 442 278
461 513 513 461 513 461 513 513 513 513 461 461 453 461
461 461 461 461 461 461 461
257 257 278 278 373 373 278 373 373
513 513 513 513 513 513 513 513
366 373 513 513 513 513 373 513 373 366 373 513
497 513 373 513 65 373 373 65 513 65 513 513 513 373 373 65 65 65 65 65 65 65 65 513
557 557 557 557 557 557 557 557 557
373 278 373 278 353 373 278 278 278 373 373 278 278 278
461 461 461 461 461 461 461
373 278 278 278 226 235 373 226 278 278 278 226 278 278 226 226 373 373 226 226 373 352
183 183 183 183 183 183 183 183 183 183 183 183 183 183 183 183 183 183 183 183 183 183 183 183 183 183 183 183 183 183 183 183 183 183 183 183 183 183
183 183 183 183 183 183 183 183 183 183 183 183 183 183 183 183 183 183 183 183 183 183 183 183 183 183 183 183 183 183 183 183 183 183 183 183 183 183
102 102 102 102 102 102 102 102 102 102 102 102 102 102 102
461 461 461 461 461 461 461
557 557 557 557 557 557 557 557 557
557 557 557 557 557 557 557 557 557
226 226 226 235 226 226 226
278 320 278 278 278 278 278 278 278 278 278 278 278
513 513 513 513 513 513 513 513
278 513 513 269 226 513 513 278 513 278 226 278 513 226 513
461 461 461 557 557 461 461 557 226 457 278 226 278 557 461 226 557 557 557 557 278 278
29 45 373 373 45 45 45 373 45 45 45 45 45 45 373 373
461 513 513 513 373 454 461 461 373 461 278 513 278 513 461 373 513 513 373 278 373 461 494 278 494 513 513 513 278 513 513 278
461 461 461 461 461 461 461
226 278 278 278 278 373 278 278 278 226 373 278 226 208 373 373 373
461 461 373 461 373 461 373 447 461 373 461 373
65 65 65 65 65 65 65 65 65 65 65 65
163 163 163 163 163 163 163 163 163 163 163 163 163 163 163 163 163 163 163 163 163 163
557 557 557 557 557 557 557 557 557
461 226 226 461 226 226 226 226 461 226 226 461 226 226 226 461 226 461 432
557 557 557 557 557 557 557 557 557
461 461 461 461 461 461 461
529 557 529 19 65 529 557 528 65 19 19 529 65 65 65 528 65 65 529 65 65 65
461 461 461 461 461 461 461
461 461 461 461 461 461 461
19 557 557 19 9 19 557 557 10 19 372 557 10 19 557 9 10
513 513 513 513 513 513 513 513
96 461 461 373 96 96 262 96 93 373 96 373 278 373 425 340 373 278 96 373 96 373 96 461 373 461 262 93 394 461 373 434 96 96 93 373
557 513 513 557 513 513 557 557 554 513 557 557 513 557 557 513
494 513 373 494 373 394 513 513 373 394 373 373 373 494 373 278 278 373 309 278 384 495 373 278 278 494
461 226 461 461 431 226 461 226 461 431 226
278 226 226 251 278 226 278 226 226 278 226
461 461 461 461 461 461 461
513 513 513 513 513 513 513 513
278 373 373 96 96 513 513 278 278 259 96 226 96 373 513 373 96 373 373 513 226 278 513 96 513 96 96 373 513 96 96 226 96 373 373 373 96 96
19 19 513 19 513 19 19 19 15 19 19 19 513 513 513 513 513
461 226 461 461 373 373 461 226 226 373 461 373 373 428 461
65 65 65 65 65 65 65 65 65 65 65 65
226 226 461 226 461 461 221 461 461 461
557 557 447 557 557 557 373 461 557 373 373 373 373 373 461 557 461 373 549 373 461 373 461 373 538 340 373 373 373
513 513 513 513 513 513 513 513
188 338 373 373 373 226 373 187 278 373 278 226 278 226 226
102 81 81 81 81 102 81 102 102 81 102 102 81 102 102 81 102 102 102 81 99 102 81 102 102 81 81
278 513 278 394 278 373 373 394 278 513 373 247 373 373 373 513 278 513 278 340 513 513 304 278 513 394 373 373
461 447 373 373 373 461 373 461 461 461 373 461
513 513 513 513 513 513 513 513
19 45 19 0 45 45 45 19 45 45 19 7 25 19 45 19 45 19 19 45
19 19 19 19 19 19 19 19 19 19
65 65 65 65 65 65 65 65 65 65 65 65
96 96 19 278 513 19 19 278 96 19 19 482 482 96 19 19 482 482 96 19 96 278 19 83 19 19 96 278 96 482 19 513 96 19 96 96 96 96
96 557 96 557 96 96 557 557 557 557 96 96 96 96 96 96 96 557 95 557 96 96
19 19 19 19 19 19 19 19 19 19
373 226 373 207 226 380 278 373 373 226 373 257 204 373 257 203 373
557 557 557 557 557 557 557 557 557
247 278 278 278 278 186 278 278 226 278 226 226 282 226 226
65 65 513 65 65 65 513 65 513 65 513 513 513 65 513 60 65 65 65
373 394 373 394 373 373 373 373 373 373
278 278 373 257 278 373 278 373 373 373
45 45 45 557 461 45 40 557 557 45 557 461 557 461 40 45 557 461 45 461 557 45 45
461 461 461 461 461 461 461
513 513 513 513 513 513 513 513
373 373 373 278 278 278 351 278 373 373
461 461 461 461 461 461 461
19 278 278 19 19 19 19 278 8 8 19 19 19
81 81 81 81 81 81 81 81 81 81 81 81 81
65 65 65 226 373 56 65 373 65 373 373 65 65 373 373 65 373 65 373 373 65 226 65 373 226
477 477 461 477 461 477 477 477
461 461 461 461 461 461 461
183 183 183 183 183 183 183 183 183 183 183 183 183 183 183 183 183 183 183 183 183 183 183 183 183 183 183 183 183 183 183 183 183 183 183 183 183 183
461 461 461 461 461 461 461
19 19 19 19 19 19 19 19 19 19
494 513 373 513 513 494 373 493 513 373 513 278 373 373 278
102 102 102 102 102 102 102 102 102 102 102 102 102 102 102
19 19 19 19 19 19 19 19 19 19
513 513 513 513 513 513 513 513
461 461 461 477 461 461 461 461 461 461 461 461 461
461 278 461 461 278 461 436 461 461 278 278
461 461 461 461 461 461 461
373 340 373 373 340 198 373
513 513 513 513 513 513 513 513
213 226 373 373 226 373 373 226 373
373 461 362 373 461 461 461 373 461 461 373 373
557 557 557 543 278 278 557 278 557 557 278 557 557
45 461 45 45 45 45 461 45 45 45 461 45 45 461 461 461 36
226 226 226 226 226 226 242 226 235 226 226 226 226 235
278 278 278 557 513 373 557 557 373 513 373 513 278 278 373 247 513 513 513 557 557 278 557 513 557 557 247 307 373
373 278 278 278 461 400 461 373 373 373 461 373 278 278 461 340 373 278 278 278 373 373 278 278 278 425 373 373 278 373 373 373 461 373
461 461 461 461 461 461 461
513 513 513 513 513 513 513 513
278 373 373 373 373 373 278 373 373 373 373 373 278 278 262
513 513 513 513 513 513 513 513
226 278 373 278 226 226 226 231 278 278 373 278 373 373 278 278 278 278 278 278 373 226 226 278 278 278 278 278
513 513 513 513 513 513 513 513
160 162 162 373 162 162 162 162 162 373 162 226 162 346 373 162 162 373 162 162 162 226 162 162 162 162 162
19 19 19 19 19 19 19 19 19 19
226 204 226 226 186 226 227
278 278 278 278 278 278 278 278 309
19 19 19 19 19 19 19 19 19 19
373 461 362 362 461 362 362 362
65 65 65 65 65 65 65 65 65 65 65 65
461 477 461 477 461 477 461 461 461 477
461 461 461 226 226 430 461 226 461 461
278 278 373 278 373 373 278 373 373 394 278 278 278 373 297 278 373 373
513 513 513 226 491 513 513 226 513 226 513
557 557 557 557 557 557 557 557 557
65 65 63 65 65 65 557 557 557 63 63 557 65 557 65 557 65 65
557 557 557 557 557 557 557 557 557
373 373 198 198 340 373 373 373
235 226 226 226 226 226 226
461 477 461 477 461 477 461 461 461 477
373 373 513 513 373 373 513 513 513 513 513 373 366
466 461 224 226 447 461 461 545 557 557 461 557 226 557 461 461 461 447 557 461 461 461 545
373 373 373 373 226 278 373 373 373 226 278 226 373 394 373 373 278 373 373 398 278 373
475 557 557 461 550 475 475 475 475 557 477
278 278 278 278 278 278 278 278 309
557 557 557 557 557 557 557 557 557
513 513 513 513 513 513 513 513
278 278 309 278 278 278 309 278
557 461 557 557 461 461 557 557 550 557 461 557 461 557 461
257 373 373 257 373 226 226 226 250 226 373 226 373 373 373 257 261
513 513 513 513 513 513 513 513
557 557 557 557 557 557 557 557 557
278 278 278 278 278 309 278 309
461 373 461 373 461 461 461 461 373 461 461 461 470 362 470
45 45 45 45 45 45 45 45 45 45 45
513 513 513 513 513 513 513 513
19 19 19 19 19 19 19 19 19 19
19 19 461 19 12 461 19 461 19 461 19 19 19 12 461
373 373 373 394 373 373 373 373 373 373 373
461 461 461 477 461 461 461 461 461 477 461 461
211 211 373 278 226 211 351 373
488 513 461 513 513 487 195 461 461 513 513 513 461 461
278 461 278 461 461 373 247 278 373 362 373 461 278 302 461 461 278 461 461 247 278 461 373 461 461
45 45 45 535 535 45 96 45 96 45 45 19 96 535 529 529 535 45 38 96 96 19 96 38 96 39
513 513 513 513 513 513 513 513
278 278 250 226 278 226 278 226
373 557 373 557 458 373 545 373 278 461 373 513 267 513 513 385 385 557 461 513 461 278 513 278 277 513 309 278 278
461 461 461 15 15 15 513 409 15 461 19 19 19 461 15 409
373 373 373 373 384 373 278 278 373 373 373 373 373 278 278
373 557 373 557 373 393 373 373 557 373 557 557 557 373 373 373 557 373 557
373 461 373 373 461 461 373 461 373 461 461 362
513 513 513 513 513 513 513 513
226 19 19 19 19 19 165 226 19 19 19 19 226 201
96 102 102 102 102 102 96 96 102 96 96 96 102 87 102 96 96 102 102 96 96 102 96 102 87 102 96
278 373 194 188 461 324 557 278 278 373 461 373 557 278 278 557 278 461 373 461 373 278 278 461 461 557 278 461 373 278 373 461 278 557 278 425 557 247 373 557 278 557 461 278 278 340 461 278 340 278
226 226 226 226 226 235 226
461 461 461 461 461 461 461 480 461 461 461 461 461 480 461 461 461
162 162 162 162 162 162 162 162 557 557 557 557 557 557 557 162 162 162 162 162 162 162 161 162 557 162 162 162
513 513 513 513 513 513 513 513
513 513 513 513 513 513 513 513
461 461 461 461 461 461 461
461 461 461 461 461 461 461
278 373 278 226 278 226 373 373 278 278 226 373 290 278 278 278 373
368 373 557 368 19 373 19 529 373 529 19 529 557 373 529 529
394 373 394 394 373 373 394 373
293 557 557 292 557 278 557 309 557 373 373 257 373 557 557 557 309
278 373 373 278 373 373 278 373 257 278
461 461 461 461 461 461 461
278 247 198 198 278 278 278
513 513 513 513 513 513 513 513
257 263 19 368 258 19 19 10 529 557 373 529 263 19 373 529 368 330 10 19 19 529 262
557 461 550 557 461 557 461 557 461 557 557 461 557 461 557
557 557 557 557 557 557 557 557 557
163 163 163 163 163 163 163 163 163 163 163 163 163 163 163 163 163 163 163 163 163 163
222 226 513 513 513 226 513 226 513 513 513
513 513 513 513 491 513 226 513 513 226 226
278 278 373 226 461 278 278 295 373 226 278 278 461 461 461 373 226 461 226 278 461 461 373 226 461 278 226 461 461 373 373 373 461 461 373 373 373
198 96 96 96 373 373 513 96 198 278 96 96 96 278 96 513 96 96 513 96 373 513 278 513 373 96 185 96 373 278 513 513
278 461 461 278 437 461 318 278 278 278 461 278 318 278
19 19 19 19 19 19 19 19 19 19
557 513 513 556 513 557 513 513 557 513 557 513 557 557 557 556 513 513 513 513 513
513 513 513 513 513 513 513 513
538 461 557 373 425 373 461 557 461 373 461 557 373 461 539 199 557 557 557 557
461 278 346 325 362 278 373 461 278 362 318 461 278 373 373 278 278 373 340 278 278 226 373 278 278 461 373 186 373 373 226 278 346 362 461 226 373 461 278 437 278 278 461 278
373 226 226 226 347 373 226 373 373 226 226 373
278 373 278 373 373 257 278 278 373 373
461 461 461 461 461 461 461
19 19 19 19 19 19 19 19 19 19
557 557 557 557 557 557 557 557 557
461 461 461 461 461 461 461
278 188 247 278 278 278 278 278 284
461 461 461 461 477 461 461 461 461 461 461 461 461
557 557 557 557 557 557 557 557 557
278 278 278 278 226 226 250 226
96 96 96 96 96 96 96 96 96 96 96 96 96 96
19 19 19 19 19 19 19 19 19 19
226 373 373 278 226 373 226 278 278 373 211 373 278
557 557 557 557 557 557 278 278 557 557 278 278 543
65 65 65 65 65 65 65 65 65 65 65 65
461 461 461 461 461 461 461
461 461 461 461 461 461 461
557 557 557 557 557 557 557 557 557
557 557 557 557 557 557 557 557 557
513 513 513 513 513 513 513 513
373 373 394 373 394 373 373 373 373 373
461 461 461 461 461 461 461
278 278 278 278 309 278 278 278 278
350 384 394 513 383 383 373 513 373 513 274 513 373
278 309 278 278 278 278 278 278 278
513 552 552 552 513 513 513 461 513 550 509 557 552 513 513 557 557 477
163 163 163 163 163 163 163 163 163 163 163 163 163 163 163 163 163 163 163 163 163 163
461 461 461 461 461 461 461 480 461 461 461 461 461 480 461 461 461
226 226 226 226 226 226 226 235 226 243 226 226 226 226 226 226 226 226
461 461 461 278 436 278 461 461 278 461 278
96 96 96 96 96 96 96 96 96 96 96 96 96 96
19 19 19 19 19 19 19 19 19 19
418 416 417 19 278 98 278 102 198 417 98 19 102 102 102 19 461 198 278 102 461 98 278 102 98 102 461
461 461 461 461 461 461 461
461 461 461 461 461 461 461
513 513 513 278 494 278 513 513 278 513 278 513
513 373 513 513 165 164 367 513 226 525 373 373 366 226 525 513 226 525
513 513 513 513 513 513 513 513
226 461 461 461 226 226 235 234 226 461 461 461
373 278 278 461 278 278 461 461 373 278 76 278 461 278 81 340 373 278 278 81 461 81 278 278 81 373 461 81 373 278 81 387 81 278 81 278 226 278 278 278 278 278 278 373 81 226 373 81 373 373 81 226
96 373 2 96 19 96 373 96 96 96 19 327 329 329 96 2 2 2 2 332
45 31 45 45 96 30 89 8 461 81 245 415 33 373 96 375 373 81 395 81 373 77 35 461 96 34 19 96 86 425 8 396 81 373 461 45 415 396 81 32 373 461 373 96 81 19 32 81
461 461 461 461 461 461 461
557 278 373 461 557 542 373 461 461 557 557 557 268 461 268 557 373 373 373 557 557 278
557 557 557 557 557 557 557 557 557
461 461 461 461 461 461 461
461 461 461 461 461 461 461
461 461 461 461 461 461 461
513 513 513 513 513 513 513 513
278 278 278 278 309 278 278 278 278
19 19 19 19 19 19 19 19 19 19
19 19 19 19 19 19 19 19 19 19
461 461 461 461 461 461 461
513 513 513 513 513 513 513 513
461 461 461 461 461 461 461
513 513 513 513 513 513 513 513
96 95 96 557 96 557 557 96 96 557 557 96 96 557 557 96 557 96 96 96 96 96
162 162 162 162 162 162 162 162 162 162 162 162 162 162 162 162 162 162 162 162
461 195 513 461 513 461 461 461 425 461 513 461 461 513 513 461 453 513 465
373 394 373 373 373 373 373 373 373 373 373
235 238 226 204 226 226 165 226 235 373 198 373 226 226 373 226 373 373
513 513 513 278 513 278 513 513 278 494 278 513
513 513 513 513 513 513 513 513
557 557 557 557 557 557 557 557 557
183 183 183 183 183 183 183 183 183 183 183 183 183 183 183 183 183 183 183 183 183 183 183 183 183 183 183 183 183 183 183 183 183 183 183 183 183 183
461 461 461 461 461 461 461
19 19 19 373 373 373 373 19 373 10 19 19 19 19 19
513 513 513 513 513 513 513 513
96 19 96 96 96 19 19 96 89 96 96 96 96 96 19 96 96 96 96 19 19 19 96 96 96 96 96 96 3 19 96 19 96 96 89 96
226 278 373 373 373 373 373 461 373 461 373 373 278 461 278 373 373 373 373 373 226 461 461 373 226 373 278 206 461
461 461 461 461 461 461 461
278 45 373 461 45 45 45 250 461 278 278 471 461 374 447 250 250 373 373 36 374 373 461 298 278 278 373 45 471 373
274 278 278 513 257 513 303 326 513 274 321 513 373 513 274 278 513 278 491 513 513 255 247 513 293 309 513 513 513 491
278 373 373 278 373 373 257 278 278 373
226 461 373 461 373 284 210 226 430 461 461 461 226 226 351 226 226 241 208 226 278 226 204 373
19 19 19 19 19 19 19 19 19 19
461 461 461 461 461 461 461
453 461 453 461 513 513 513 461 453 513 461 513
557 461 461 557 557 373 373 373 373 461 278 461 557 557 278 461 557 373 373 278 373 461 557 373 461 373 373 373 461 373 461 373 278 557 373 461 461 551 461 373
65 65 63 65 65 65 557 557 557 63 63 557 65 557 65 557 65 65
461 461 461 461 461 461 461
162 162 162 162 162 162 162 162 162 162 162 162 162 162 162 162 162 162 162 162
162 162 162 162 162 162 162 162 162 162 162 162 162 162 162 162 162 162 162 162
373 351 373 278 278 278 278 373 373 373
557 557 557 557 557 557 557 557 557
461 461 461 461 461 461 461
461 513 461 461 461 513 278 278 513 513 278 513 513 451 513 278 461 461
513 525 513 513 513 513 513 513 513 513 513 513 513 513 513
278 278 278 278 278 278 278 309 278
461 461 373 373 461 461 447 373 373 461 461 373
373 373 373 373 278 373 278 373 278 373 373 278 373 373 399 373 373 373 373 373
513 513 513 513 513 513 513 513
163 163 163 163 163 163 163 163 163 163 163 163 163 163 163 163 163 163 163 163 163 163
461 278 461 461 461 461 278 278 461 278 436
226 226 461 461 373 373 461 373 461 373 226 233 461 226 226 226 373 461
278 373 278 226 226 373 226 373 278 254 373 278 373
461 461 461 461 461 461 461
557 557 557 557 557 557 557 557 557
70 4 70 362 19 461 73 69 65 461 81 73 102 65 102 461 75 70 81 19 102 102 65 102 19 102 69 81 102 461 70 102 79
373 373 278 278 278 373 373 373 351 278
513 513 513 513 513 513 513 513
226 373 226 373 373 213 226 373 373
550 557 566 550 557 550 557 557 557 557 557 557 459 557 557 550 550
461 461 461 461 461 461 461
461 461 461 461 461 461 461
461 461 461 461 461 461 461
461 461 461 461 461 461 461
461 461 461 461 461 461 461
513 513 513 513 513 513 513 513
461 461 461 461 461 461 461
373 373 278 373 278 278 373 351 373 278
226 226 237 235 226 226 226 226 226
513 513 513 513 513 513 513 513
461 278 461 278 278 461 461 436 461 461 278
461 461 461 461 461 461 461
162 162 162 162 162 162 162 162 162 162 162 162 162 162 162 162 162 162 162 162
96 96 96 96 96 96 96 96 96 96 96 96 96 96
461 54 54 372 52 461 53 461 461 65 413 459 65 557 54 81 81 557 557 54 461 53 54 557 81 65 78
19 19 19 19 19 19 19 19 19 19
278 226 226 250 278 278 278 226
278 278 278 278 278 278 320 278 320 309
513 513 513 513 513 513 513 513
278 278 461 278 318 278 437 278 278 278 461 278 437 461 461
278 373 257 373 373 373 278 373 278 278
373 373 278 278 373 351 373 373 278 278
226 278 226 207 278 278 278 226
557 557 557 557 557 557 557 557 557
461 461 226 461 309 278 461 226 278 427 461 309 461 226 309
461 278 278 278 438 309 198 226 278 461 226 278 461 278 198 278 226 278 278 461 461 461 278
394 373 373 373 373 373 373 373 373 394
557 530 19 530 557 373 557 557 19 373 19 19 557 373 19 19 19 557 8 373 8 19 8 19 557 19 19 19 19
226 257 205 278 226 278 373 373 278 226 373 373
278 198 226 226 235 198 278 198 226 513 226 226 198 278 226 278 198 207 226 198 513 198 513 513 278 513 226 513 278 198 235 285 198 278 513 198 226 226
278 278 373 278 314 461 278 461 226 278 461 278 373 461 373 278 278 278 461 373 461 226 278 278 226 373 278
278 244 19 19 19 278 19 278 278 19 19 19 19 19
461 461 461 461 461 461 461
162 19 162 19 162 19 162 162 162 162 162 162 162 162 19 162 19 19 19 162 162 162 162 162 19 154 162 162 19
513 226 226 513 513 491 513 513 513 513 226
461 461 461 461 461 461 461
513 373 373 513 373 513 513 373 513 373 513 373 373 373 373 513 373 503
183 183 183 183 183 183 183 183 183 183 183 183 183 183 183 183 183 183 183 183 183 183 183 183 183 183 183 183 183 183 183 183 183 183 183 183 183 183
162 162 162 162 162 162 162 162 162 162 162 162 162 162 162 162 162 162 162 162
162 162 162 162 162 162 162 162 162 162 162 162 162 162 162 162 162 162 162 162
65 65 65 65 65 65 65 65 65 65 65 65
129 129 129 129 129 129 129 129 129 129 129 129 129 129 129 129 129
226 557 557 226 557 557 557 557 557 225 226 557
278 278 278 278 190 283 247 373 278 278 373 373 373 278
461 461 461 461 461 461 461
226 373 373 513 226 226 212 373 513 513 373 513 513 513 513 373
19 19 19 19 19 19 19 19 19 19
513 513 513 513 513 513 513 513
373 373 373 373 373 373 373 394 373 373 373
513 513 513 513 513 513 513 513
513 513 513 513 513 513 513 513
557 557 557 557 557 557 557 557 557
226 513 226 513 222 513 226 513 513 513 513
251 65 65 65 373 312 557 65 65 225 347 373 239 373 225 278 346 278 278 65 278 373 278 340 65 65 65 557 278 557 373 541 253 65 247 373 65 557 207 230 557
557 557 557 557 557 557 557 557 557
447 461 373 473 373 373 461 447 461 461 461 461 473 373 461 461 373 373
278 278 278 268 461 461 278 461 461 461 461
557 557 557 557 557 557 557 557 557
96 96 96 96 96 96 96 96 96 96 96 96 96 96
557 557 557 557 557 557 557 557 557
278 257 278 278 373 373 257 373 373
129 129 129 129 129 129 129 129 129 129 129 129 129 129 129 129 129
461 461 461 461 461 461 461
461 461 461 461 461 461 461
278 226 278 461 461 226 461 278 226 226 226 278 461 226 226 278 226 278 226 461 278 289 461 278
96 96 81 86 96 79 96 81 96 86 81 81 81 96 86 81 96 81 93 96 81 96 81 93
373 461 461 373 461 373 461 461 373 362 373 461
278 461 461 461 278 278 278 278 235 461 461 278 250 250 226 461 226 300
461 356 373 461 461 425 461 373 461 278 373 188 278 373 373 278
278 373 257 278 373 278 278 373 373 373
461 461 461 461 461 461 461
461 436 461 461 278 461 278 461 278 278 461
226 373 232 373 373 226 373 204 226 373 340 226 373 373 373 226 373
257 278 278 373 373 278 373 257 373
557 557 557 557 557 557 557 557 557
557 54 54 224 513 512 513 278 53 309 557 557 65 557 513 62 513 557 65 557 54 54 81 557 513 557 226 557 65 513 278 309 557 53 81 557 81 513 54 557 557 306 226
513 513 513 513 513 513 513 513
513 513 513 513 513 513 513 513
461 461 461 461 461 461 461
513 513 278 513 373 373 373 373 373 513 513 278 513 278 513 493 278
461 461 461 461 461 461 461
513 461 513 461 461 461 505 461 513 513 513 461 513 513
513 461 513 513 513 461 513 461 461 461 505 505 513
529 557 529 19 19 529 529 19 529 557 529 529
461 461 461 461 461 461 461
461 461 461 461 461 461 461
557 557 557 557 557 557 557 557 557
373 461 226 359 461 359 373 461 461 461 373 226 373
373 373 15 373 15 15 15 513 373 15 19 19 19 328 373 15
461 461 461 461 461 461 461
453 461 461 453 453 513 453 513 461 513 513
65 65 65 65 65 65 65 65 65 65 65 65
461 461 461 461 461 461 461
226 226 213 373 373 226 373 373 373
183 183 183 183 183 183 183 183 183 183 183 183 183 183 183 183 183 183 183 183 183 183 183 183 183 183 183 183 183 183 183 183 183 183 183 183 183 183
278 278 283 190 278 373 278 278 247 278 373 373 373 278
278 226 226 251 278 278 278 226 226 226 226
351 373 373 278 373 373 373 278 278 278
461 461 461 461 461 461 461
461 278 278 461 461 461 461 461 278 467 461 461 461 461 278 461 461
513 513 513 513 513 513 513 513
226 226 226 226 235 226 226
461 461 461 461 461 461 461
461 461 226 226 430 461 226 461 461 461
513 513 513 513 513 513 513 513
45 45 45 535 535 45 96 45 96 45 45 19 96 535 529 529 535 45 38 96 96 19 96 38 96 39
461 461 461 461 461 461 461
461 461 461 461 461 461 461 461 461 461 461 461 477
461 461 461 461 461 461 461
461 461 461 461 461 461 461
278 278 278 309 278 278 278 278 278
278 278 461 557 373 362 276 461 362 557 278 557 557 278 461 557 557 461 373 373 557 557
278 226 226 373 278 340 373 190 373 373 226 278 278 373 278 340 373 226 373 373 373 373 226 373 373 340 287 373 278 278 226 373 373 373 278
278 513 373 513 373 270 513 513 513 278 513 278 373 513 278 373 373
96 96 96 96 96 96 96 96 96 96 96 96 96 96
461 461 461 477 461 461 461 461 461 477 461 461
461 461 461 461 461 461 461
373 461 278 246 189 461 247 362 278 278 362 362
513 513 513 513 513 513 513 513
278 226 226 278 250 226 278 278
513 513 513 513 513 513 513 513
19 19 19 19 19 19 19 19 19 19
557 557 557 557 557 557 557 557 557
373 19 19 19 19 373 19 373 19 330 19 19 373 330
513 513 513 513 513 513 513 513
19 19 19 19 19 19 19 19 19 19
102 461 461 102 102 101 101 101 102 461 102 102 102 101 102 102 102 102
557 557 557 557 557 557 557 557 557
65 65 65 65 65 65 65 65 65 65 65 65
278 316 278 278 373 278 373 373 226 373 278 373 278 278 278 373 226 278 226 278 278 373 373 278 373 373
45 45 45 557 461 45 40 557 557 45 557 461 557 461 40 45 557 461 45 461 557 45 45
389 373 389 373 373 389 461 461 362 461 373 373
461 461 461 461 461 461 461
513 513 278 278 250 461 278 513 513 513 486 301 250 278 278 461 461 461 461 425 278 513
557 557 557 557 557 557 557 557 557
557 557 557 557 557 557 557 557 557
461 461 461 461 461 461 461
513 513 513 513 513 513 513 513
373 373 373 373 373 373 373 373 373 373 373 373 403 373 373 373
183 183 183 183 183 183 337 183 183 183 183 183 183 183 373 373 183 183 183 183 340 183 183 183 373 183 183 183 183 183 183 181 183 183 183 183 183 183 183 183 183 183 373
270 257 373 513 270 270 513 513 274 513 373
278 278 226 226 278 250 278 226
278 247 278 198 278 198 278
461 461 226 461 461 430 461 461 226 226
461 461 461 461 461 461 461
278 250 226 278 278 278 226 226
461 461 461 461 461 461 461
513 513 513 513 513 513 513 513
461 461 461 461 461 461 461
461 461 461 461 461 461 461
82 96 96 19 96 82 96 19 96 96 19 19 96 19 19 96 19 96 96 96 19 96
278 198 278 278 278 247 198
278 373 250 461 252 373 461 373 278 213 253 236 461 394 461 373 373 430 461 373
19 19 19 19 19 19 19 19 19 19
461 461 461 461 461 461 461
513 513 513 513 513 513 513 513
461 461 461 461 461 461 461
75 491 75 513 75 513 75 65 513 373 491 75 213 65 74 75 81 373 75 513 373 75 81 81 373 65 513 81
513 513 513 513 513 513 513 513
461 461 461 461 461 461 461
278 309 278 278 278 278 278 278 278
538 557 186 557 226 461 461 461 557 198 538 540 425 557 557 226 461 195 557
278 557 278 557 277 557 557 557 557 557 278 557 278
513 513 513 513 513 513 513 513
425 461 461 461 461 423 461 278 278 278 188
65 65 19 19 19 51 19 19 65 65 19 65 65 19 65 51 65 65 65 19
96 96 96 96 96 96 96 96 96 96 96 96 96 96 96 96 96 96 96 96 96 96 96 96 96 97 96
183 183 183 183 183 183 183 183 183 183 183 183 183 183 513 183 183 183 183 183 183 513 183 183 513 183 183 513 183 183 183 183 183 183 513 513 183 183 183 183 513 183 183 182 183
461 461 461 461 461 461 461
19 19 19 19 19 19 19 19 19 19
373 394 373 373 373 373 373 373 373 373 373
436 461 436 278 461 461 278 461 461 278
461 461 461 461 461 461 461
461 461 461 461 461 461 461
557 557 557 373 557 373 557 557 278 373 373 544 278 557 278 373 278 557
373 278 373 278 351 351 373 309 293 309
278 278 247 198 278 278 198
309 278 278 278 278 278 278 309
373 278 373 278 373 373 351 278 278 373
557 557 461 557 557 461 461 557 557 550 557 550 461 461
461 461 461 461 461 461 461
513 513 278 513 513 494 278 278 513 513 278 513
278 278 278 373 373 278 278 278 278 278 373 278 278 315 373 278 278 373
373 557 373 373 373 373 557 557 557 557 557 557 557 372
461 461 461 461 461 461 461
477 461 461 461 461 461 461 461 461 461 461 461 461
461 461 461 461 461 461 461
19 19 19 19 19 19 19 19 19 19
278 226 278 278 278 226 226 250
557 557 557 557 557 557 557 557 557
278 373 461 313 278 461 373 461 461 278 278 247 278 461 461 278 373 247 247 278 278 247 373 373
226 278 278 207 278 226 278 226
278 226 226 278 278 278 226 250
96 96 96 96 96 96 96 96 96 96 96 96 96 96
96 96 278 278 90 96 278 373 278 373 96 96 96 373 96 96 373 96 96 373 96 96 96
65 65 65 65 65 65 65 65 65 65 65 65
268 278 461 461 461 461 268 278 268
278 226 250 278 226 278 278 226
513 513 513 513 513 513 513 513
557 557 557 557 557 557 557 557 557
557 557 557 557 557 557 557 557 557
461 461 461 461 461 461 461
513 513 513 513 513 513 513 513
373 546 557 557 557 557 340 373 394 373 557 373 557 557 373 373 373 538
513 513 513 513 513 513 513 513
180 180 180 180 180 180 180 180 180 180 180 180 180 180 180 180 180 180 180 180 180 180 180 180 180 180 180 180 180 180 180 180
180 180 180 180 180 180 180 180 180 180 180 180 180 180 180 180 180 180 180 180 180 180 180 180 180 180 180 180 180 180 180 180
461 461 461 461 461 461 461
19 19 19 19 19 19 19 19 19 19
226 226 373 373 213 373 226 373 373
557 557 557 557 557 557 557 557 557
373 373 373 373 394 373 373 373 373 373 373
513 513 513 513 513 513 513 513
461 461 461 461 461 461 461
373 461 461 373 373 461 373 373 373 373 373 461 389 373 461 373 461
557 557 557 557 557 557 557 557 557
461 461 461 461 461 461 461
461 461 461 461 461 461 461
461 461 461 461 461 461 461
461 461 461 461 461 461 461
513 513 513 513 513 513 513 513
513 513 513 226 491 226 513 513 513 513 226
461 278 436 436 278 461 461 461 461 278
373 373 373 373 373 394 373 373 394 373
180 180 180 180 180 180 180 180 180 180 180 180 180 180 180 180 180 180 180 180 180 180 180 180 180 180 180 180 180 180 180 180
461 461 461 461 461 461 461
278 278 278 373 293 373 373 278 278 278 373 373 278 278
373 394 373 373 394 373 373 373 373 373
373 373 394 373 373 373 373 373 373 373 373
461 461 461 461 461 461 461
373 278 278 373 373 373 278 351 278 373
373 278 351 278 373 373 373 278 278 373
373 373 373 373 373 373 278 373 226 250 346 278 373 226 373 226 382 250
513 513 513 513 513 513 513 513
144 144 141 141 144 144 141 144 144 145 144 144 144 144 144 144 145 144 144 144 145 144 145 144 144 144 144 144 144 144 144 144
461 461 461 461 461 461 461
461 461 461 461 461 461 461
513 513 513 513 513 513 513 513
461 461 461 461 461 461 461
226 373 373 373 373 373 214 373 373 226 373 373 226 373
461 461 461 461 461 461 461
461 461 461 373 373 373 461 461 373 461 373 447
461 461 461 461 461 461 461
278 226 278 250 226 226 278 278
278 373 373 278 278 293 278 373 278 373 278 278 373 278
461 278 461 436 461 461 278 278 461 278 461
513 513 513 513 513 513 513 513
461 414 65 65 65 461 65 65 461 65 65 65 65 461 461 65 65 461
461 461 461 461 461 461 461
461 461 461 461 461 461 461
513 513 513 513 513 513 513 513
425 557 557 557 461 557 461 197 461 557 557 557 461 461 424
461 461 436 461 467 461 461 461 436 461 436 461 436
461 461 461 461 461 461 461
461 278 461 278 278 461 461 461 278 461 436
45 45 45 45 45 45 45 45 45 45 45
226 226 226 226 235 226 226
461 461 461 461 461 461 461
102 102 102 102 102 102 102 102 102 102 102 102 102 102 102
557 557 557 557 557 557 557 557 557
144 144 144 144 144 144 144 144 144 144 144 144 144 144 144 144 144 144
461 461 461 461 461 461 461
278 278 278 278 309 278 278 278 278
513 513 513 513 513 513 513 513
373 394 373 373 373 373 373 373 373 373 373
213 373 373 373 218 218 373 373 213 373 373 373 373 394 373 373 373
461 461 461 461 461 461 461
19 19 19 19 19 19 19 19 19 19
278 278 513 513 278 278 278 513 278 513 278 278 513 513 305 513
557 557 557 557 557 557 557 557 557
461 461 461 461 461 461 461
461 226 461 226 461 461 226 461 430 461
513 513 513 513 513 513 513 513
172 172 172 172 172 172 172 172 172 172 172 172 172 172 172 172 172 172 172 172 172 172 172 172 172 172 172 172 172 172
180 180 180 180 180 180 180 180 180 180 180 180 180 180 180 180 180 180 180 180 180 180 180 180 180 180 180 180 180 180 180 180
513 513 513 513 513 513 513 513
278 278 513 278 305 278 513 513 278 513 513 278 278 513 278 513
65 65 65 65 65 65 65 65 65 65 65 65
461 461 461 461 461 461 461
430 461 461 461 226 461 226 226 461 461
351 373 373 373 278 373 278 278 373 278
461 461 461 461 461 461 461
461 461 461 461 461 461 461
513 513 513 513 513 513 513 513
461 226 247 278 278 278 278 226 278 461 209 461 226 461 278 425 278 461
373 278 373 278 373 278 278 278 278 278 278 373 278 278 278 355 373 278
513 226 513 226 513 513 226 513 226 226 226 513 492 513
513 513 513 513 513 513 513 513
226 226 226 226 226 226 235
373 373 373 309 278 373 461 373 373 405 373 340 461 373 461 373 346 346 278 278 278 373 190 278 278 461 461 373 461 278 373 346 373 278 278 373 373 278
461 461 461 461 461 461 461
557 557 557 557 557 557 557 557 557
461 461 461 461 461 461 461
461 461 461 461 461 461 461
278 309 278 278 309 278 309
461 461 461 461 461 461 461
172 226 172 172 172 172 172 226 172 172 172 172 171 172 172 172 172 172 172 172 172 172 172 172 172 226 172 172 172 172 172 172 172
557 557 557 557 557 557 557 557 557
447 461 461 373 461 373 461 461 373 373 373 461
373 373 373 373 373 373 373 394 373 373 373
178 178 178 178 178 178 178 178 178 178 178 178 178 178 178 178 178 178 178 178 178 178 178 178 178 178 178 178 178 178 178
373 373 278 278 373 278 351 373 373 278
373 373 340 373 373 198 373 198
257 278 373 373 257 278 278 373 373
351 373 373 278 373 373 373 278 278 278
461 461 461 461 461 461 461
278 278 278 278 278 278 278 188 278 278 278 278 278 278 247 226 278 278 278 278 226 250 323
278 373 291 278 461 461 278 346 461 278 461 278 346 278 461 373 430 373 278 278
461 461 461 461 477 461 461 461 461 461 461 461 461
461 461 461 461 461 461 461
461 278 557 557 278 278 278 461 557 278 461 461 278 557 278 557 278 278 461 439 278 461 278 557 557 278 557
513 513 513 513 513 513 513 513
461 461 461 461 461 461 461
278 278 250 226 226 278 226 278
513 45 483 45 45 513 45 513 45 513 513 45 45 513 45 45 513 45
461 461 461 461 461 461 461
278 226 198 278 278 226 204 278 248
513 513 513 513 513 513 513 513
461 461 461 461 461 461 461
278 373 373 278 373 278 257 373 373 278
226 226 226 226 278 226 226 278 278 278 228
557 557 557 557 557 557 557 557 557
461 461 461 461 461 461 461
278 557 461 461 278 373 557 197 461 557 278 557 278 373 557 461 340 461 461 266 373 557 373 557
373 373 373 373 373 373 394 373 373 373 373
461 461 461 461 461 461 461
278 278 373 278 278 226 226 226 373 278 278 373 290 278 278 373 373
513 373 513 278 513 226 513 513 373 226 278 373 373 278 226 513 373 498 278 513
461 461 461 461 461 461 461
461 461 461 461 461 461 461
144 144 278 144 144 144 144 144 144 144 278 144 278 144 144 144 144 138 278 144 144 144
461 461 461 461 461 461 461
180 180 180 180 180 180 180 180 180 180 180 180 180 180 180 180 180 180 180 180 180 180 180 180 180 180 180 180 180 180 180 180
461 461 461 461 461 461 461
461 461 461 461 461 461 461
226 226 373 373 373 213 226 373 373
278 461 373 373 278 373 373 461 373 373 447 278 373 461 373 373 373 461 264 394 373 278 461 373
461 461 461 461 461 461 461
513 513 513 513 513 513 513 513
513 513 513 513 513 513 513 513
278 373 461 373 373 373 373 461 278 256 278 461 247 461 461 425
513 513 513 513 513 513 513 513
461 373 461 373 447 461 373 373 461 461 373 461
461 461 461 461 461 461 461
373 373 346 346 373 373 379 373 373 379
461 461 461 461 461 461 461
461 461 461 461 461 461 461
373 278 384 373 373 278 373 373 373 351 373 373 373 278
513 513 513 513 373 373 373 501 513 513 513 513 513 513 517 373 513 513 513
373 373 394 373 373 373 373 373 373 373 373
250 278 278 226 226 226 278 278
180 174 180 178 180 178 180 179 178 180 178 180 178 178 178 180 180 180 180 180 178 178 180 180 178 180 174 179 180 180 178 174 180 175 178 180 174 178 174 178 180 180 180 180 179 180 178 175 174 180 178 178 174 178 174 175 178 180 180 178
461 461 461 461 461 461 461
373 373 373 373 394 373 373 373 373 373 373
461 461 461 461 461 461 461
461 461 461 461 461 461 461
461 461 461 461 461 461 461
278 257 278 278 278 373 373 373 290 278 226 226 373 278 226 278
373 461 461 373 461 461 461 461 373 373 373 373 461 461 473 373 461 373 373 461 461 362
19 19 10 19 373 19 19 373 373 19 373 19 19 19 373
278 513 274 278 278 513 513 513 278 513 513 513
19 513 513 513 513 19 373 513 19 13 278 373 373 19 19 19 278 19 19 278 278 373 19 373 513 513
461 461 461 461 461 461 461
172 178 178 180 180 180 178 178 180 172 178 180 129 172 485 118 129 178 178 172 180 172 118 172 116 172 180 180 180 180 485 180 180 172 178 180 170 172 178 129 172 178 180 172 167 129 180 172 172 129 172 180 170 167 180 180 180 129 129 180 129 169 129 180 180 170 180 173 172 117 170 178 170 178 129 167 180 178 172 119 172 118 180 170 178 170 178 180 129
461 461 461 461 461 461 461
373 373 351 278 373 278 373 278 278 373
45 45 45 45 45 45 45 45 45 45 45
557 557 557 557 557 557 557 557 557
226 278 278 226 226 461 278 461 247 195 226 278 461 278 229 278 461 226 461 278 226
373 330 373 330 19 19 373 19 19 19 19 19 19 373
373 373 513 373 513 513 391 373 513 373 373 373 513 373 373 373 513 513
461 461 461 461 461 461 461
461 461 461 461 461 461 461
461 461 461 461 461 461 461
513 513 513 513 513 513 513 513
373 513 366 513 366 373 513 513 513 373 373 513
178 178 178 178 178 178 178 178 178 178 178 178 178 178 178 178 178 178 178 178 178 178 178 178 178 178 178 178 178 178 178
102 102 102 102 102 102 102 102 102 102 102 102 102 102 102
144 144 141 141 144 144 141 144 144 145 144 144 144 144 144 144 145 144 144 144 145 144 145 144 144 144 144 144 144 144 144 144
226 373 226 226 373 373 217 373 373 373 373 373 373 373 373 373 373 373 373
461 461 461 278 278 373 461 461 278 373 278 461 373 433 373 373
461 461 461 461 461 461 461
129 178 177 129 178 178 178 178 178 178 119 110 178 129 178 178 129 178 129 129 178 178 129 178 178 178 178 177 110 129 178 178 178 129 129 110 110 178 178 178 110 178 129
447 461 278 461 373 278 278 461 373 461 278 443 373 461 373
461 461 461 461 461 461 461
461 461 461 461 461 461 461
373 373 346 373 226 373 226 226 373
557 557 557 557 557 557 557 557 557
461 461 461 461 461 461 461
278 278 278 278 278 278 309 278 278
144 144 144 19 130 144 130 144 144 130 144 19 130 130 144 144 144 19 144 19 19 144 144
461 461 461 461 461 461 461
461 461 461 461 461 461 461
557 557 557 557 557 557 557 557 557
461 461 461 461 461 461 461
461 461 461 461 461 461 461
129 129 129 129 129 129 129 129 129 129 129 129 129 129 129 129 129
461 461 461 461 461 461 461
373 373 351 278 373 278 373 278 278 373
513 513 373 373 501 513 513 513 501 373 373 513
373 461 373 384 461 278 373 373 373 461 373 257 461 448 461 278 373 461
278 19 278 19 19 19 278 19 19 19 278 244 19 19
373 373 373 373 373 373 373 373 373 394 373
373 373 373 373 373 373 373 373 394 373 373
129 129 129 129 129 129 129 129 129 129 129 129 129 129 129 129 129
436 461 278 461 278 461 461 461 461 278 278
180 180 180 180 180 180 180 180 180 180 180 180 180 180 180 180 180 180 180 180 180 180 180 180 180 180 180 180 180 180 180 180
129 129 129 129 129 129 129 129 129 129 129 129 129 129 129 129 129
373 373 373 278 278 373 278 351 278 373
461 461 461 461 461 461 461
461 461 461 461 461 461 461
461 461 461 461 461 461 461
373 373 373 373 278 278 351 373 278 278
373 373 178 178 178 178 178 178 178 178 373 178 178 373 373 373 178 178 178 373 178 178 373 178 373 178 178 178 397 178 178 373 178 178 178 373 178 178 178 178 373 178 373 373 373 178
19 19 19 45 45 45 19 19 45 19 45 45 19 1 45 19 45 19 45 45
394 373 373 373 373 394 373 373 373 373
461 461 461 461 461 461 461
461 461 461 461 461 461 461
373 461 373 461 373 461 461 373 373 373 389 373 373 461 461 373 373
190 373 373 373 373 373 373 373 190 373 192 373 373 373 373 373
226 557 223 226 278 226 557 461 461 278 557 557 461 557 461 557 461 278 557 278 461 557
373 394 373 373 373 373 373 373 373 373 373
461 461 461 461 461 461 461
226 373 373 213 226 373 226 373 373
461 461 461 461 461 461 461 477 461 461 461 461 461
373 247 278 278 195 278 278 278 278 354 373 461 461 278 461 268 373 373 461 373 278 278 278
461 278 461 278 278 461 436 461 461 461 278
373 425 461 513 461 373 461 373 373 513 340 461 513 513 513 461 513 513 357
513 488 461 461 195 487 461 513 513 461 513 513 461 513
557 557 557 557 557 557 557 557 557
461 461 461 461 461 461 461
461 461 461 461 461 461 461
172 178 178 172 168 178 178 172 170 170 178 178 172 172 172 178 178 172 178 170 172 178 170 172 178 170 178 172 170 178 178 178 172 178 168 178 172 174 170 172 178 170 172 178 170 170 172 172 178 172 168
513 513 513 513 513 513 513 513
461 461 461 461 461 461 461
373 376 373 513 373 373 513 373 373 513 373 340 373 196 513 513 373 513
278 373 373 278 373 278 373 278 257 373
513 513 513 513 513 513 513 513
278 250 278 278 226 250 226
278 278 346 373 278 373 373 278 278 373 373 373 299 226 373 278 373 373 373 373 373 373 373 373 373 373 278 226 373 373 278 373 373 373 373 373
172 172 172 172 172 172 172 172 172 172 172 172 172 172 172 172 172 172 172 172 172 172 172 172 172 172 172 172 172 172
144 144 144 144 144 144 144 144 144 144 144 144 144 144 144 144 144 144
129 129 129 129 129 129 129 129 129 129 129 129 129 129 129 129 129
373 513 513 513 391 373 513 373 373 513 373 373 373 513 373 373 513 373
268 278 461 461 461 278 461 278 278 461 461
278 102 461 102 278 102 102 102 461 102 102 278 102 461 102 279 102 278 102 461 102 278 278 102 461 278 461 102 278
373 461 461 461 373 362 461 461 461 373 373 373
461 461 461 461 461 461 461
461 461 461 461 461 461 461
461 461 461 461 461 461 461
373 226 373 278 278 340 278 278 373 373 278 190 373 373 373 278 278 373 216 373 373 226 373 373 226 278 373
373 346 226 226 226 373 373 373 373
19 19 19 19 19 19 19 19 19 19
461 461 461 461 461 461 461
19 19 19 19 19 19 19 19 19 19
378 340 373 373 373 373 340 190 340 373 373
461 461 461 461 461 461 461
268 278 461 461 278 461 278 461 278 461 461
226 278 278 207 278 226 278 226
461 373 461 461 388 340 373 461 461 373 425 373 373 373 373 373 373
461 461 461 461 461 461 461
557 557 557 557 557 557 557 557 557
461 461 461 461 461 461 461
461 461 461 461 461 461 461
373 226 198 200 226 373 373 373 342 373 204
461 461 461 461 461 461 461
461 461 461 461 461 461 461
436 461 461 278 278 461 461 278 461 461 278
513 513 226 513 513 513 226 491 226 513 513
557 557 557 557 557 557 557 557 557
461 461 461 461 461 461 461
384 373 373 278 278 373 373 373 373 278 373 373 373 373 278
172 172 172 172 172 172 172 172 172 172 172 172 172 172 172 172 172 172 172 172 172 172 172 172 172 172 172 172 172 172
513 513 513 513 513 513 513 513
461 461 461 461 461 461 461
373 557 557 557 339 197 373 557 340 557 373 373 557 557
513 513 513 513 513 513 513 513
461 461 461 461 461 461 461
513 373 373 513 513 501 513 513 373 513 373 501
461 461 461 461 461 461 461
353 373 278 373 373 278 278 278 373 278 278 278 373 278
226 235 226 226 226 226 226
278 373 373 226 373 226 373 226 278 278 254 373 278
340 373 373 190 373 373 373 377 373 373 373
513 513 513 513 513 513 513 513
461 461 461 461 461 461 461
513 373 373 513 513 501 513 513 373 513 373 501
373 373 373 373 373 373 373 373 394 373 373
461 461 461 461 461 461 461
513 513 513 513 513 513 513 513
278 278 226 373 278 310 278 278 278 373 278 278 373 278 278 373 226 373 278 278 226
461 461 461 461 461 461 461
461 461 461 461 461 461 461
461 461 461 461 461 461 461
278 373 278 373 373 257 278 278 373 373
461 461 461 461 461 461 461
373 461 461 461 461 373 373 362 373 461 373 461
373 373 226 207 278 373 373 278 343 226 278 373
513 513 226 513 513 491 226 513 226 513 513
373 362 373 373 364 461 461 461 461 477 461 461 461 364
461 461 461 461 461 461 461
461 461 461 461 461 461 461
513 513 513 513 513 513 513 513
172 172 172 172 172 172 172 172 172 172 172 172 172 172 172 172 172 172 172 172 172 172 172 172 172 172 172 172 172 172
461 461 461 461 461 461 461
557 557 557 557 557 557 557 557 557
461 461 461 461 461 461 461
373 373 373 373 373 373 373 394 373 373 373
513 513 513 513 513 513 513 513
461 461 477 461 461 461 461 461 461 461 461 461 461
461 461 461 461 461 461 461
513 513 513 513 513 513 513 513
102 102 102 102 102 102 102 102 102 102 102 102 102 102 102
461 461 461 461 461 461 461
513 513 513 513 513 513 513 513
461 461 461 461 461 461 461
45 45 45 45 45 45 45 45 45 45 45
226 226 461 461 373 461 373 226 220 461 373 447 373 461
461 461 461 461 461 461 461
461 461 461 461 461 461 461
278 278 278 309 278 309 278 278
19 19 19 19 19 19 19 19 19 19
461 461 461 461 461 461 461
373 373 513 373 513 373 513 513 513 373 366 513 513
172 178 178 172 168 178 178 172 170 170 178 178 172 172 172 178 178 172 178 170 172 178 170 172 178 170 178 172 170 178 178 178 172 178 168 178 172 174 170 172 178 170 172 178 170 170 172 172 178 172 168
373 373 373 373 373 373 373 373 394 373 373
144 144 144 144 144 144 144 144 144 144 144 144 144 144 144 144 144 144
278 226 226 250 226 278 278 278
513 513 513 513 513 513 513 513
461 461 461 461 461 461 461
274 274 278 278 513 513 513 513 513 278 513
19 19 19 19 19 19 19 19 19 19
461 461 461 461 461 461 461
513 513 513 513 513 513 513 513
373 373 373 384 278 278 373 278 373 373 278 373 373 373 373
373 373 461 373 461 461 461 362 373 461 362
351 373 373 278 373 373 278 278 278 373
461 461 461 461 461 461 461
461 461 461 461 461 461 461
513 513 513 513 525 513 513 513 513 513 513 513 513 513 513
278 278 373 373 278 257 373 373 278 373
278 278 278 251 226 226 226 226 278 226 226
461 461 461 461 461 436 278 278 461 278 278
513 513 513 513 513 513 513 513
461 461 461 461 461 461 461
268 278 461 461 461 278 461 461 278 278 461
513 513 513 513 513 513 513 513
278 278 309 278 278 278 278 278 278
373 278 278 373 351 278 373 278 373 373
461 461 461 461 461 461 461
461 461 461 461 461 461 461
19 19 19 19 19 19 19 19 19 19
102 102 102 102 102 102 102 102 102 102 102 102 102 102 102
19 19 19 19 19 19 19 19 19 19
461 461 461 461 461 461 461
373 373 513 278 373 488 373 513 373 373 373 373 278 377 513 488 373 278 373 247 373 513 373 373 401 513
461 461 461 461 461 461 461
144 144 144 144 144 144 144 144 144 144 144 144 144 144 144 144 144 144
278 278 278 250 278 226 226 278 278 278 226 226 288 226
373 226 373 373 461 461 373 226 461 373 226 381 373 278 373 373 226 461 226 461 278 373 278 461 373 226 278
278 373 373 278 278 278 373 278 278 293 278 373 278 373
513 513 513 513 513 513 513 513
513 513 513 513 513 513 513 513
346 373 373 373 226 226 226 373 373
513 513 513 513 513 513 513 513
557 557 557 557 557 557 557 557 557
461 461 461 461 461 461 461
373 373 226 226 226 373 346 373 373
461 461 461 461 461 461 461
513 513 513 513 513 513 513 513
513 513 513 513 513 513 513 513
144 178 144 178 134 178 178 144 178 178 176 142 177 178 141 144 144 178 144 141 178 178 144 141 178 178 178 178 134 177 178 144 178 178 178 177 144 177 178 144 178 178 177 141 144 178 178
461 461 461 461 461 461 461
557 557 557 557 557 557 557 557 557
461 461 461 461 461 461 461
461 461 461 461 461 461 461
373 373 373 373 340 198 198 373
144 144 144 144 144 144 144 144 144 144 144 144 144 144 144 144 144 144
461 461 461 461 461 461 461
144 144 144 144 144 144 144 144 144 144 144 144 144 144 144 144 144 144
373 373 373 278 278 351 373 351 278
65 65 65 65 65 65 65 65 65 65 65 65
461 461 461 461 461 461 461 461 461 477 461 461 461
373 278 373 386 320 373 278 373 320 278 278 278 373 373 278 278 373 373 373 373 320
19 172 178 19 178 172 168 178 178 172 166 166 178 178 172 172 172 178 178 19 172 19 178 166 172 19 19 178 166 172 178 19 6 178 172 6 178 178 178 172 178 168 178 172 88 166 172 178 166 172 178 166 166 172 172 178 172 168 19
513 513 513 513 513 513 513 513
102 102 102 102 102 102 102 102 102 102 102 102 102 102 102
373 278 373 373 351 373 373 278 278 278
461 461 461 461 461 461 461
461 461 461 461 461 461 461
346 278 373 278 373 373 265 404 373 373 213 278 373 373 373 373 394 373 257 373
19 10 373 373 19 373 373 19 19 19 19 19 19 373 19
557 557 557 557 557 557 557 557 557
394 373 373 373 373 373 373 373 373 373 373
461 461 461 461 461 461 461
65 65 65 65 65 65 65 65 65 65 65 65
102 102 102 102 102 102 102 102 102 102 102 102 102 102 102
172 172 172 172 172 172 172 172 172 172 172 172 172 172 172 172 172 172 172 172 172 172 172 172 172 172 172 172 172 172
19 19 19 19 19 19 19 19 19 19
351 373 373 278 278 373 373 278 278 373
461 226 461 461 430 226 461 461 226 461
373 461 373 373 373 389 373 461 373 461 373 373 461 373 461 373 461
102 172 102 172 102 100 172 102 172 172 172 172 102 172 172 102 172 102 172 102 172 102 172 172 102 172 102 102 172 172 172 172 172 172 172 100 172 172 172 172 102 172 172
278 226 250 278 226 226 278 278
461 461 461 461 461 461 461
513 513 513 494 278 278 278 278 513 513 513 513
226 237 226 226 226 226 226 226 226 226
461 461 461 461 461 461 461
461 461 461 461 461 461 461
373 373 373 278 373 278 278 373 351 278
513 513 513 513 513 513 513 513
461 461 461 461 461 461 461
373 394 373 373 373 373 373 373 373 373 373
278 461 373 373 278 461 461 278 373 278 278 461 373 278 373 373 278 373 373 373 278 278 373 373 373 373 278 461 278 461 278 373 373 317
373 226 373 226 346 373 373 373 226
257 278 373 373 373 373 373 278 278 278
513 513 513 513 513 513 513 513
172 178 178 172 168 178 178 172 170 170 178 178 172 172 172 178 178 172 178 170 172 178 170 172 178 170 178 172 170 178 178 178 172 178 168 178 172 174 170 172 178 170 172 178 170 170 172 172 178 172 168
278 461 278 268 461 278 461 278 461 461 461
461 461 461 461 461 461 461
278 278 278 278 278 278 278 278 309
180 180 180 180 180 180 180 180 180 180 180 180 180 180 180 180 180 180 180 180 180 180 180 180 180 180 180 180 180 180 180 180
373 373 373 362 373 461 461 461 461 373 461 461
373 394 373 373 373 373 394 394 373
461 461 461 461 461 461 461
557 557 557 557 557 557 557 557 557
461 461 461 461 461 461 461
373 373 346 373 278 343 343 278 207
461 461 461 461 461 461 461
278 373 278 260 373 373 373 373 373 373 373 373 373 226 226 226 278 278
461 461 461 461 461 461 461
557 557 557 557 557 557 557 557 557
461 461 461 461 461 461 461
513 513 513 513 513 513 513 513
129 129 129 129 129 129 129 129 129 129 129 129 129 129 129 129 129
278 257 373 373 278 373 373 278 373 278
369 373 557 278 346 346 557 557 557 278 557 250 373 557 278 557 373 557
373 394 373 373 373 394 373 373 373 373
144 129 102 142 129 129 144 119 108 119 129 102 144 102 144 102 144 102 102 144 102 129 144 129 102 144 144 102 142 102 102 102 144 144 129 129 144 129 102 129 119 119 102 119 144 144 144 129
278 278 281 45 184 45 278 45 278 247 45 278 278 278 45 45 45 45 45
144 144 144 144 144 144 144 144 144 144 144 144 144 144 144 144 144 144
557 557 557 557 557 557 557 557 557
373 373 373 373 373 373 373 373 373 373 394
172 178 178 172 168 178 178 172 170 178 178 178 172 172 172 178 178 172 178 170 172 178 170 172 178 170 178 172 170 178 178 170 172 178 168 178 172 174 170 172 178 170 172 178 170 170 172 172 178 172 168
373 373 373 373 373 394 373 373 373 373 373
373 278 373 373 278 373 278 351 278 373
461 461 461 461 461 461 461
373 19 373 330 330 19 373 19 19 19 19 19 19 373
461 461 373 461 373 469 461 461 461 461 461 461 226 226 226 461 340 373 195 373 461
320 278 278 320 278 320 320
373 370 557 461 557 550 461 373 373 373 557 557 461 373 461 557 557 461 557
557 557 373 557 545 373 557 373 557 373 557 557 557 373
461 461 461 461 461 461 461
144 144 144 278 144 278 144 278 144 144 144 144 144 144 144 278 144 144 144 144 138 144
373 362 373 461 461 461 373 461 373 461 373 461
226 373 373 373 278 373 373 340 373 373 247 373 373 278 373 373 226 373 278 215 373 373 226
513 513 513 513 513 513 513 513
309 278 309 278 309 278 278
557 557 278 557 308 557 557 278 278 278 278 543 557 278 543
278 461 268 461 461 268 278 461 278 461
144 144 144 144 144 144 144 144 144 144 144 144 144 144 144 144 144 144
461 461 461 461 461 461 461
461 373 373 447 461 373 461 373 461 373 461 461
373 351 278 373 278 278 278 373 373 373
461 461 461 461 461 461 461
461 461 461 461 461 461 461
461 461 461 461 461 461 461
226 373 373 226 373 226 373 213 373
180 180 180 180 180 180 180 180 180 180 180 180 180 180 180 180 180 180 180 180 180 180 180 180 180 180 180 180 180 180 180 180
557 557 557 557 557 557 557 557 557
461 278 278 461 461 436 278 461 278 461 461
278 278 278 278 226 278 278 278 226 286 226 278
373 373 513 513 373 373 373 513 366 513 513 513 513
373 373 394 373 373 373 373 373 373 373 373
278 373 257 257 373 373 373 278 278
19 19 19 19 19 19 19 19 19 19
461 447 373 373 373 461 461 373 461 373 461 461
513 513 513 513 513 513 513 513
373 221 344 461 461 461 461 346 461 373 373 346
190 65 461 65 59 373 65 65 461 373 394 373 373 373 373 65 461 65 193 373 373 394 65 65 373 190 373 373 373 65 373 373 373 65 373 373 373 461 373 461
461 461 461 461 461 461 461
373 373 278 373 373 278 373 351 278 278
278 461 461 461 278 278 278 461 461 268 461
461 461 461 461 461 461 461
373 373 373 394 373 373 373 373 373 373 373
226 226 278 207 278 226 278 278
461 461 461 461 461 461 461
513 373 373 373 513 373 373 373 373 461 373 373 373 373 436 373 373 513 373 373 373 436 461 494 373 513 436 406 373 373 461 373 513 513
144 144 178 176 461 144 178 178 178 135 461 144 178 178 141 144 144 178 178 144 144 178 461 144 144 178 178 144 141 144 461 178 178 178 176 178 461 144 178 178 178 178 178 461 178 178 178 141 178 178 178 178 141 178
373 394 373 373 373 373 373 394 373 373 373 373 373 403
373 373 373 373 373 373 373 373 373 373 394
180 180 180 180 180 180 180 180 180 180 180 180 180 180 180 180 180 180 180 180 180 180 180 180 180 180 180 180 180 180 180 180
461 461 461 461 461 461 461
278 278 373 373 278 257 373 278 373 373
461 461 461 461 461 461 461
461 461 461 461 461 461 461
513 513 513 513 513 513 513 513
461 513 513 513 461 461 461 513 453 513 461 513 513 461
144 561 144 569 65 573 144 65 573 562 144 560 45 43 573 65 37 65 51 573 55 65 55 45 573 568 65 144 65 534 55 66 130 45
278 557 278 557 309 557 278 278 309 557 278 278 557 557 320 322 557 309 557 278
45 45 45 45 45 45 45 45 45 45 45
96 96 96 96 96 96 96 96 96 96 96 96 96 96
45 45 45 45 45 45 45 45 45 45 45
45 45 226 45 226 45 45 45 45 45 45 45 26 226
65 65 65 65 65 65 65 65 65 65 65 65
19 19 19 19 19 19 19 19 19 19
513 513 513 513 513 513 513 513
394 373 394 394 394 394 373
557 557 557 557 557 557 557 557 557
45 45 45 45 45 45 45 45 45 45 45
129 129 129 129 129 129 129 129 129 129 129 129 129 129 129 129 129
513 513 513 513 513 513 513 513
372 392 392 19 19 19 545 19 557 10 330 392 392 557 557
513 513 513 513 513 513 513 513
162 162 162 162 162 162 162 162 162 162 162 162 162 162 162 162 162 162 162 162
513 513 513 513 513 513 513 513
513 513 513 513 513 513 513 513
45 45 45 45 45 45 45 45 45 45 45
278 373 373 257 278 373 278 278 373 373
162 162 156 96 162 155 23 155 162 162 155 162 162 155 155 162 96 162 155 162 155 155 96 155 96
461 461 461 461 461 461 461
461 461 461 461 461 461 461
557 557 557 557 557 557 557 557 557
309 278 278 278 278 278 278 278 278
557 557 557 557 557 557 557 557 557
513 513 513 513 513 513 513 513
461 461 461 461 461 461 461
461 461 461 461 461 461 461
461 461 461 461 461 461 461
557 567 567 567 557 567 567 567 567 567
19 19 19 19 19 19 19 19 19 19
557 557 557 557 557 557 557 557 557
513 513 513 513 513 513 513 513
45 45 45 45 45 45 45 45 45 45 45
144 112 143 459 129 460 144 144 127 513 129 144 129 127 124 557 124 144 144 144 114 144 129 513 513 513 144 144 126 144 557 513 129 280 129 129 126 111 557 563 111 144 144
162 162 144 447 531 144 96 129 93 162 128 109 129 84 129 128 144 109 94 447 162 162 103 447 162 537 470 104 96 107 129 133 133 91 129 84 162 144 373 129 461 472 129 133 84 461 84 96 335 92 104 84 144 122
278 45 226 533 45 557 278 533 226 45 533 533 278 533 226 278 557 533 249 45
461 461 461 461 461 461 461
557 557 557 557 557 557 557 557 557
42 45 45 45 45 557 557 557 45 557 557 45 42 557 45 42 45
149 149 149 149 149 149 149 149 149 149 149 149 149 149 149 149 149 149 149
65 65 65 65 65 65 65 65 65 65 65 65
461 461 461 461 461 461 461
19 19 278 278 8 19 19 8 19 278 19 19 19
461 461 461 461 461 461 461
162 162 144 157 144 162 132 144 162 132 144 144 162 162 162 132 133 133 133 133 162 162 144 162 133 133 162 162 132 133 144
513 513 513 513 513 513 513 513
461 461 461 461 461 461 461
447 447 461 447 447 373 447 461
278 373 257 257 373 257 257
557 557 557 557 557 557 557 557 557
461 461 461 461 461 461 461
513 513 513 513 513 513 513 513
513 513 513 513 513 525 513 513 513 513 513 513 513 513 513
453 453 513 513 461 453 513 453 453 461
513 513 513 513 513 513 513 513
45 461 461 461 45 45 461 45 45 45 36 461 45 45 45 461 45
557 557 557 557 557 557 557 557 557
45 81 45 45 22 50 474 22 45 462 513 461 463 28 22 45 71 22 45 45 22 45 47 45 45 45 81 461 22 45 22 463 464 45 513
513 278 513 278 513 513 513 278 513 494 278 513
557 557 557 557 557 557 557 557 557
221 226 461 226 461 461 461 461 226 461
513 513 513 513 513 513 513 513
373 557 513 557 557 513 557 557 373 513 513 557 371 513 557 513 373 373 513 557 373
557 557 557 557 557 557 557 557 557
129 129 129 129 129 129 129 129 129 129 129 129 129 129 129 129 129
19 19 278 278 8 19 19 8 19 278 19 19 19
461 461 461 461 461 461 461
65 65 65 65 65 65 65 65 65 65 65 65
461 461 461 461 461 461 461 461 461 461 461 461 477
394 278 373 384 278 394 373 373 394 278 373 278
65 65 67 57 65 65 57 65 65 65 65 65 65 65 65 65 65 65 57 65 65 65 65
373 461 461 362 461 373 461 373 461 373 373 461
513 513 513 513 513 513 513 513
461 461 459 461 557 557 557 557 461 459 557 557 461 557
567 557 557 557 557 557 557 567 567 557 567 557 557 557
513 496 496 330 19 513 19 19 501 513 19 513 19 330 513 330
330 19 19 19 331 330 19 19 19 19 19 19 19 19 19 373 19 373 19 19 330
461 461 461 461 461 461 461
513 513 513 513 513 513 513 513
226 461 411 19 219 226 19 461 461 19 19 19 226 411 461 19 19
513 513 513 513 513 513 513 513
513 513 513 513 513 513 513 513
372 362 362 557 557 461 362 557 461 461 372 557 370 557 557
557 557 557 557 557 557 557 557 557
557 557 557 557 557 557 557 557 557
513 557 510 557 557 513 510 510 510 513 510 557
278 278 226 278 278 250 226 226
557 557 557 557 557 557 557 557 557
461 461 373 373 461 449 373 373 394 461 461 449 394
557 557 557 557 557 557 557 557 557
96 96 96 96 96 96 96 96 96 96 96 96 96 96
513 513 513 513 513 513 513 513
513 513 513 513 513 196 513 513 488 513 513 513 513 513 513 513 513 527 513 513 513 513
373 373 384 257 373 257 373 257 278 373 373 373
513 513 461 461 513 505 505 461 461 513 513 513 461
226 461 461 461 461 226 226 461 221 461
461 461 461 461 461 461 461
557 373 373 373 373 545 557 557 557 557 557 557 557 373
461 461 461 461 477 461 461 461 461 461 461 461 461
513 513 513 513 513 513 513 513
19 19 19 19 19 19 19 19 19 19
45 45 45 45 45 45 45 45 45 45 45
373 278 351 351 351 373 351
461 461 461 461 461 461 461
513 513 513 513 521 505 461 461 513 513 505 513 513 513 513 461 505 513
162 162 162 162 162 162 162 162 162 162 162 162 162 162 162 162 162 162 162 162
557 557 557 557 557 557 557 557 557
129 129 129 129 129 129 129 129 129 129 129 129 129 129 129 129 129
461 461 165 422 461 461 226 461 226 461 226
129 129 129 129 129 129 129 129 129 129 129 129 129 129 129 129 129
557 557 557 557 557 557 557 557 557
557 557 557 557 557 557 557 557 557
461 461 373 373 373 461 373 461 447 461 461 373
461 461 461 461 461 461 461
461 461 461 461 461 461 461
461 461 461 461 461 461 461
557 557 557 557 557 557 557 557 557
96 96 96 96 96 96 96 96 96 96 96 96 96 96
461 461 461 461 461 461 461
149 149 149 149 149 149 149 149 149 149 149 149 149 149 149 149 149 149 149
461 461 461 461 461 461 461
278 309 278 278 278 309 309
557 557 557 557 557 557 557 557 557
461 461 461 461 461 461 461
19 19 19 19 19 19 19 19 19 19
501 513 501 513 373 501 513 373 501 513
557 557 557 557 557 557 557 557 557
162 162 162 162 162 162 162 162 162 162 162 162 162 162 162 162 162 162 162 162
461 461 461 461 461 461 461
65 65 65 65 65 65 65 65 65 65 65 65
513 513 513 513 513 513 513 513
557 557 557 557 557 557 557 557 557
557 557 557 557 557 557 557 557 557
461 513 461 453 513 513 513 513 461 461 453 513 461
278 278 557 557 557 278 226 275 557 557 557 557 557 226 278 226
341 45 373 45 373 45 373 373 346 45 45 45 45 45 202 202
513 513 513 513 513 513 513 513
81 72 81 72 72 72 72 81 81 72 72 72 45 72 45
461 226 430 461 461 226 461 226 461 461
557 557 557 557 557 557 557 557 557
513 513 202 45 489 45 45 513 45 513 491 45 45 513 45 45 513 202
557 572 557 557 567 567 567 557 567 572 567 572 557 567 557
149 149 149 149 149 149 149 149 149 149 149 149 149 149 149 149 149 149 149
461 461 453 513 513 513 513 513 461 461 513 461 461 513
513 461 513 513 520 513 226 461 513 373 513 513 461 513 513 461 513 373 513 513 373 461 513 461 513 373 226 373 226
481 453 461 477 453 45 45 461 461 461 45 45 45 429 461 477 479 483 453 461 481 513 477 45 45 45 461
96 96 96 96 96 96 96 96 96 96 96 96 96 96
513 513 513 513 513 513 513 513
373 226 226 226 346 373 373 373 373
461 461 461 461 461 461 461
513 513 513 513 513 513 513 513
461 461 461 461 461 461 461
45 45 45 45 45 45 45 45 45 45 45
461 461 461 461 461 461 461
513 513 513 513 513 513 513 513
513 513 513 513 513 513 513 513
513 513 513 513 513 513 513 513
162 162 162 162 162 162 162 162 162 162 162 162 162 162 162 162 162 162 162 162
513 513 513 513 513 513 513 513
461 461 461 461 461 461 461
278 461 461 278 461 461 278 268 461 278 461
461 278 461 373 461 278 373 373 278 461 461 461 278 373 373 433
162 162 162 162 162 162 162 162 162 162 162 162 162 162 162 162 162 162 162 162
513 513 513 513 525 513 513 513 525 513 525 513 513
557 557 557 557 557 557 557 557 557
557 557 461 461 557 461 557 557 550 550 557 461 461 557
278 277 557 557 278 557 557 557 557 278 557 278 557
470 477 477 373 461 373 461 373 461 470 461 373 461 461
461 461 461 461 461 461 461
513 513 513 513 513 513 513 513
557 557 557 557 557 557 557 557 557
19 19 19 19 19 19 19 19 19 19
373 394 373 373 373 373 373 373 373 373 373
557 557 557 557 557 557 557 557 557
162 351 162 162 373 162 162 278 162 162 162 162 247 162 162 373 351 348 162 373 162 162 162 162 159 162 162
19 19 19 19 19 19 19 19 19 19
557 557 550 557 373 461 548 373 557 461 557 461 461 373 557 557 373 447
149 149 149 149 149 149 149 149 149 149 149 149 149 149 149 149 149 149 149
226 226 226 226 226 235 226
129 129 373 447 115 513 513 513 129 373 129 373 453 129 513 513 453 447 513 129 513 129 447 513 513 390 373 129 115 513 513 513 129 115 513 373 129 373 513 461 470 129 513 513 461 513 129 513 129 513
461 461 461 461 461 461 461
350 383 373 270 351 501 513 373 501 373 513 383
65 65 65 65 65 65 65 65 65 65 65 65
461 461 461 461 461 461 461
19 19 19 19 19 19 19 19 19 19
513 513 513 513 513 513 513 513
144 144 144 144 144 144 144 144 144 144 144 144 144 144 144 144 144 144
557 557 557 557 557 557 557 557 557
557 557 557 557 557 557 557 557 557
129 129 129 129 129 129 129 129 129 129 129 129 129 129 129 129 129
19 19 19 19 19 19 19 19 19 19
19 19 19 19 19 19 19 19 19 19
461 461 461 461 461 461 461
19 19 19 19 10 10 19 373 19 373 19 373 19 373
513 513 513 513 513 513 513 513
501 513 513 513 513 373 513 373 513 373 513 373 373
461 461 461 461 461 461 461
557 557 557 557 557 557 557 557 557
129 129 129 129 129 129 129 129 129 129 129 129 129 129 129 129 129
278 513 278 513 513 513 274 513 278 278 513 513
461 461 461 461 461 461 461
557 557 557 557 557 557 557 557 557
461 461 513 461 453 453 513 453 513 513 513 461
278 513 513 278 226 269 513 226 278 278 513 513 226 513 513
513 19 19 505 19 14 513 513 461 19 505 19 19 461 461 513 14 19 19
144 426 142 129 144 144 461 121 421 226 129 144 129 121 123 144 144 144 120 144 461 129 113 226 144 144 122 144 129 129 138 447 122 461 129 455 113 144 226 144
278 461 461 278 461 461 461 278 268 461 278
557 557 557 557 557 557 557 557 557
513 513 513 513 513 513 513 513
513 513 513 513 513 513 513 513
557 557 557 557 557 557 557 557 557
461 461 461 461 461 461 461
513 513 513 513 513 513 513 513
19 19 19 19 19 19 19 19 19 19
65 65 65 65 65 65 278 65 278 65 65 65 278 278 65 58
513 373 513 513 513 373 501 373 373 513 513 513 373
461 461 461 461 461 461 461
557 557 557 557 557 557 557 557 557
19 19 19 19 19 19 19 19 19 19
557 557 557 557 557 557 557 557 557
45 153 162 144 511 557 144 96 550 19 524 412 49 149 45 19 45 96 412 144 557 45 16 523 152 149 153 20 19 45 45 162 513 131 570 152 513 149 96 513 149 557 513 162 19 131 571 44 149 508 19 144 333 149 19 162 18 19 45 513 131 152 19 149 155 559 46 150 547 149 41 5 547 45 24 162 149 149
373 461 278 461 296 461 351 351 461 278 373 373 360 373 373 278 278 278 461 373 373
461 461 461 461 461 461 461
366 513 516 230 278 226 278 461 373 226 513 461 278 207 278 513 505 366 461 505 513 226 461 513 461 278 278 309 250 461 278 278 461 513 461 461 513 226 226 278 513 373 513 461 366 278
461 461 461 461 461 461 461
278 278 278 278 278 278 278 278 320 278 278 278 278
45 557 278 557 461 557 278 45 550 557 45 278 27 45 557 461 557 461 45 45 557 278 461 45 45 461 45 45
513 513 513 513 513 513 513 513
504 513 504 373 513 373 373 504 513 373 373 373 513 504
461 461 461 461 461 461 461
45 45 45 45 45 45 45 45 45 45 45
96 96 96 96 96 96 96 96 96 96 96 96 96 96
513 513 513 513 513 513 513 513
65 278 65 65 278 65 65 65 278 65 65 65 58 65 65 278
373 373 377 190 340 373 373 373 373 373 373
513 513 513 513 513 513 513 513
8 19 19 19 19 19 278 19 8 19 278 278 19
557 557 557 278 543 557 557 278 557 557 278 557 278
19 19 19 19 19 19 19 19 19 19
461 461 461 461 461 461 461
513 513 513 513 513 513 513 513
461 278 461 461 278 461 461 436 278 278 461
162 162 162 162 162 162 162 162 162 162 162 162 162 162 162 162 162 162 162 162
461 461 461 461 461 461 461
144 144 144 144 144 144 144 144 144 144 144 144 144 144 144 144 144 144
148 162 162 162 149 148 148 148 162 148 149 149 162 162 148 149 149 149 162 162 162 148 149 162 148 154 149 146 162 149 149
45 45 45 45 45 45 45 45 45 45 45
373 361 461 361 361 513 361 361 461 513 513
557 557 557 557 557 557 557 557 557
513 373 513 373 373 513 373 513 513 513 373 501 513
346 373 226 373 226 373 373 226 373
513 513 513 513 513 513 513 513
461 461 461 461 461 461 461
470 477 477 373 461 373 461 373 461 470 461 373 461 461
148 162 156 96 162 149 149 85 147 148 162 147 149 96 147 162 162 147 149 162 96 149 162 158 162 147 149 158 147 151 149 146 96 149 149 149
461 461 461 461 461 461 461
45 45 45 45 45 45 45 45 45 45 45
461 461 461 461 461 461 461
45 45 45 45 45 45 45 45 45 45 45
461 461 461 461 461 461 461
513 513 513 513 513 513 513 513
461 461 461 461 461 461 461
461 461 461 461 461 461 461
557 557 557 557 557 557 557 557 557
461 461 461 461 461 461 461
144 144 129 48 65 461 334 144 45 65 441 45 129 334 440 45 125 45 558 45 124 129 461 562 447 129 104 61 104 51 105 129 45 144 144 562 44 129 65 144 129 125 144 461 446 45 45 24
513 461 557 545 557 461 196 278 190 461 557 557 513 278 557 461 340 461 278 557 425 373 461 557 196 557 545 557 553 476 461 461 458 557 278 501 196 557 373 373 461 461 557
461 461 461 461 461 461 461
129 129 129 129 129 129 129 129 129 129 129 129 129 129 129 129 129
461 461 461 461 461 461 461
513 513 513 513 513 513 513 513
513 461 513 505 505 461 505 513 461 505 513
144 144 144 144 144 144 144 144 144 144 144 144 144 144 144 144 144 144
513 513 513 513 513 513 513 513
373 373 389 461 373 373 373 461 373 461 373 461 461 461 373 373 373
461 461 461 461 461 461 461
557 557 550 557 461 550 557 557 461 557 461 557 461 461
113 459 129 410 420 104 129 129 420 557 104 419 129 419 129 104 557 129 543 129 104 557 419
557 278 557 278 557 557 278 557 557 557 278 557 543
96 96 557 557 95 557 96 557 557 96 96 96 96 557 557 96 96 96 557 96 96 96
461 461 461 461 461 461 461
557 557 557 557 557 557 557 557 557
373 373 461 373 461 461 373 373 362 461 461 461
557 557 557 557 557 557 557 557 557
461 557 425 557 557 461 461 557 538 557 461 456 461 557 557
557 557 557 557 557 557 557 557 557
482 513 513 19 513 513 19 513 373 513 526 513 373 513 513 513 19 19 373 373 19 513 513 482 19 513 513 526 513 513
557 557 557 557 557 557 557 557 557
45 45 45 45 45 45 45 45 45 45 45
351 373 278 373 373 278 278 373 373 278
129 129 129 129 129 129 129 129 129 129 129 129 129 129 129 129 129
513 513 513 513 513 513 513 513
557 557 557 557 557 557 557 557 557
19 513 19 15 19 19 15 513 15 19 513 15 15
461 461 461 461 461 461 461
346 373 226 373 226 373 226 373 373
461 461 453 513 461 513 513 513 461 461 513 453 513
513 513 513 513 513 513 513 513
19 19 19 19 19 19 19 19 19 19
557 557 557 557 557 557 557 557 557
19 19 19 19 19 19 19 19 19 19
373 226 373 373 226 226 373 346 373
513 513 513 513 513 513 513 513
513 513 513 513 513 513 513 513
461 461 447 461 373 373 461 373 373 461 373 461
451 461 461 513 461 461 513 278 513 461 461 278 278 513 513 278 513 513
461 461 461 461 461 461 461
513 513 513 490 207 278 278 513 513 226 513 207 513
358 373 461 373 373 340 461 425 461 461 373 461
144 162 162 142 129 140 129 162 144 144 115 514 129 138 129 144 514 144 278 144 144 129 162 144 68 65 156 129 144 144 129 515 144 157 65 157 129 63 156 162 129 278 106 162 65 518 162 278 157 156 129 156 64 273 129 139 129 137 144 156 129 65 144
513 513 513 513 513 513 513 513
513 513 513 513 513 513 513 513
461 513 453 461 513 513 513 513 461 513 461 453 461
461 461 461 461 461 461 461
19 19 19 19 19 19 19 19 19 19
144 144 144 144 144 513 144 144 144 144 144 136 144 144 513 144 144 513 513 513 144 488 144 513 484
461 461 461 461 461 461 461
550 557 550 366 555 513 513 513 513 365 373 557 557 436 513 525 366 550 525 494 550 557 445
513 513 513 513 513 513 513 513
19 19 19 19 19 19 19 19 19 19
513 373 373 513 513 501 501 373 513 513 373 513
513 513 513 513 513 513 513 513
557 557 557 557 557 557 557 557 557
19 10 373 373 373 19 19 10 373 19 19 373 373 373 373 19 19 11
461 461 461 461 461 461 461
226 513 513 513 513 513 226 226 222 513 513
513 278 513 278 513 513 278 494 278 513 513 513
557 373 226 373 226 340 557 557 345 538 557 226 557 557 373 557 373
96 96 96 96 96 96 96 96 96 96 96 96 96 96
278 309 278 278 309 309 278
278 505 505 278 505 461 513 272 513 278 278 505 505
461 461 461 461 461 461 461
557 557 557 557 557 557 557 557 557
461 461 461 461 461 461 461
461 461 461 461 461 461 461
461 461 461 461 461 461 461
461 513 452 373 504 513 373 461 504 461 461 373 513 461 373 373 513 504 461 373
461 461 461 461 461 461 461
459 459 557 557 557 459 459 459 557 461 461
513 557 510 557 557 513 513 510 510 510 510 557
513 557 513 557 557 513 513 513 557 557 513 557 510 513 557 557
149 149 149 149 149 149 149 149 149 149 149 149 149 149 149 149 149 149 149
148 162 156 96 162 149 149 85 147 148 162 147 149 96 147 162 162 147 149 162 96 149 162 158 162 147 149 158 147 151 149 146 96 149 149 149
461 461 461 461 461 461 461
226 235 226 226 226 226 226
65 45 557 21 45 42 63 45 42 65 65 65 21 21 65 21 65 45 21
144 144 144 144 144 144 144 144 144 144 144 144 144 144 144 144 144 144
45 45 45 45 45 45 45 45 45 45 45
45 45 45 45 45 45 45 45 45 45 45
461 447 461 373 373 461 373 373 461 373 461 461
513 513 513 513 513 513 513 513
461 461 461 461 461 461 461
557 557 557 557 557 557 557 557 557
513 19 19 461 505 19 14 513 461 19 505 19 19 513 461 513 14 19 19
162 162 162 162 162 162 162 162 162 162 162 162 162 162 162 162 162 162 162 162
362 461 461 362 461 364 461 362 461 373 362 461 461 461
501 513 501 513 373 501 513 373 501 513
384 373 373 278 373 278 373 373 373 373 278 373 373 373 278
278 278 373 373 373 373 278 373 257 278
319 278 278 493 278 373 278 257 513 513 278 513 373 513 278 278 494 278 493
278 226 278 278 278 226 226 250
513 513 513 513 513 513 513 513
278 278 278 373 278 373 373 278 293 278 278 373 373 278
96 96 96 96 96 96 96 96 96 96 96 96 96 96
513 513 513 513 513 513 513 513
45 45 45 45 45 45 45 45 45 45 45
144 144 144 144 144 144 144 144 144 144 144 144 144 144 144 144 144 144
461 461 461 461 461 461 461
148 162 156 96 162 149 147 85 147 148 162 147 149 96 149 162 162 147 149 162 96 149 162 158 162 147 149 158 147 151 149 146 96 149 149 149
461 461 461 461 461 461 461
461 461 461 461 461 461 461
19 513 19 513 513 567 567 557 567 513 513 513 19 19 564 522 513 565 278 513 15 207 278 513 567 19 15 557 567 513 278 15
278 278 278 278 278 309 278 278 278
461 461 461 461 461 461 461
461 461 461 461 461 461 461
45 45 45 45 45 45 45 45 45 45 45
513 513 513 513 513 513 513 513
461 513 513 461 453 513 513 513 513 513 461 461 461 461
557 557 557 557 557 557 557 557 557
162 162 162 162 162 162 162 162 162 162 162 162 162 162 162 162 162 162 162 162
513 513 513 513 513 513 513 513
461 461 461 461 461 461 461
513 513 513 513 513 513 513 513
481 453 461 477 453 45 45 461 461 461 45 45 45 429 461 477 479 483 453 461 481 513 477 45 45 45 461
513 557 513 513 488 513 557 557 513 507 538 557 557 513 557 557
45 373 373 45 45 45 45 29 45 373 373 29 45 45 45
19 19 19 19 19 19 19 19 19 19
557 567 567 567 557 567 567 567 567 567
65 65 65 65 65 65 65 65 65 65 65 65
461 461 461 461 461 461 461
45 45 45 45 45 45 45 45 45 45 45
459 459 557 557 557 459 459 459 557 461 461
373 278 278 373 373 278 278 351 373 373
557 557 557 557 557 557 557 557 557
513 513 513 513 513 513 513 513
461 461 461 461 461 461 461
513 373 45 29 373 45 26 513 373 373 513 45 373 373 45 45 513 373 513 513 45 346 45 45 491 373 502
19 19 19 19 19 19 19 19 19 19
513 513 513 513 513 513 513 513
557 557 557 557 557 557 557 557 557
513 513 513 513 513 513 513 513
461 461 461 461 461 461 461
557 557 557 557 557 557 557 557 557
513 513 513 513 513 513 513 513
461 461 461 461 461 461 461
557 557 557 557 557 557 557 557 557
461 461 461 461 461 477 461 461 461 461 461 461 461
19 19 19 19 19 19 19 19 19 19
19 19 19 19 19 19 19 19 19 19
351 513 461 461 513 351 373 268 499 513 373 461 461 513 513 513 513 349
557 557 557 557 557 557 557 557 557
513 513 513 513 513 513 513 513
461 461 461 461 461 461 461
96 96 96 96 96 96 96 96 96 96 96 96 96 96
96 96 96 96 96 96 96 96 96 96 96 96 96 96
461 461 461 461 461 461 461
162 162 162 162 373 162 162 162 162 162 373 340 162 162 159 162 162 162 373 162 162 336 373 162 162
513 513 513 513 513 513 513 513
278 311 278 278 278 278 278 278 278 226 309 226 210
278 278 278 309 278 309 278 278
557 557 557 557 557 557 557 557 557
557 557 557 557 557 557 557 557 557
373 373 557 373 373 373 226 557 373 513 373 402 557 408 226 373 373 557 513 557 513 373 226 373 557 402 557 513 402 557
513 513 513 513 461 519 425 513 461 513 373 394 191 461 394 513 513 513 461 513 461 513 373 501 373 513 513
373 226 373 226 373 226 346 373 373
513 513 513 513 513 513 513 513
65 65 65 65 278 278 278 65 65 58 65 65 65 65 65 278
461 461 461 461 461 461 461
461 461 461 461 461 461 461
45 45 45 45 45 45 45 45 45 45 45
557 557 557 557 557 557 557 557 557
461 461 461 461 461 461 461
19 19 19 19 19 19 19 19 19 19
461 461 461 461 461 461 461
45 45 45 45 45 45 45 45 45 45 45
45 81 45 45 22 50 453 22 45 450 513 36 28 22 45 80 22 45 45 22 45 47 45 45 45 81 22 45 22 36 50 45 513
557 278 543 278 557 557 557 557 557 557 557 278 278
461 461 461 461 461 461 461
513 513 513 513 513 513 513 513
557 557 557 557 557 557 557 557 557
461 461 461 461 461 461 477 461 461 461 461 461 461
19 17 557 17 17 557 19 19 17 557 17 19 17
45 45 45 45 45 45 45 45 45 45 45
461 461 461 461 461 461 461
346 373 373 373 226 226 373 226 373
461 461 461 461 461 461 461
513 513 513 513 513 513 513 513
461 461 461 461 461 461 461
45 373 29 45 45 373 29 45 45 29 45 45 29
96 96 96 96 96 96 96 96 96 96 96 96 96 96
461 461 461 461 461 461 461
557 557 557 557 557 557 557 557 557
557 45 557 45 45 461 557 45 557 461 45 461 557 461 461 461 45 557 557 557 45 45 532 45 45
513 513 513 513 513 513 513 513
65 65 65 65 65 65 65 65 65 65 65 65
278 226 205 257 226 226 373 373 257 257
19 19 19 19 19 19 19 19 19 19
45 45 45 45 45 45 45 45 45 45 45
513 513 513 513 513 513 513 513
513 513 513 513 513 513 513 513
557 96 96 557 96 557 96 96 557 557 96 557 96 96 557 96 96 96 96 536 96 557
19 513 19 513 513 513 513 19 19 513 19 15 19 19 19 513 19
65 65 65 65 65 65 65 65 65 65 65 65
513 513 513 513 513 513 513 513
461 461 278 436 461 278 278 461 461 278 461
45 45 45 45 45 45 45 45 45 45 45
65 65 65 65 65 65 65 65 65 65 65 65
373 461 373 461 373 461 373 461 362 461 461 373
373 461 513 373 373 461 373 501 435 461 373 271 373 513 373 513 433 373 513 501 461 513 373 270 513 513 513 373 373 513 407 373 373
461 373 278 461 443 461 351 351 278 278 278 461 373 278 444 461
557 557 557 557 557 557 557 557 557
513 513 513 513 513 513 513 513
207 226 278 207 278 226 278
461 461 461 461 461 461 461
19 17 557 19 17 557 17 19 17 557 17 19 17
461 461 461 461 461 461 461
373 235 226 226 373 373 240 226 347 235 226 347
513 513 513 513 513 513 513 513
45 45 45 45 45 45 45 45 45 45 45
45 45 45 45 45 45 45 45 45 45 45
81 72 81 72 72 72 72 81 81 72 72 72 45 72 45
65 65 65 65 65 65 65 65 65 65 65 65
65 65 65 65 65 65 65 65 65 65 65 65
8 19 19 19 19 19 278 19 8 19 278 278 19
96 96 96 96 96 96 96 96 96 96 96 96 96 96
226 45 226 45 45 226 202 45 45 45 45 45 45 45
513 513 513 513 513 513 513 513
513 491 226 513 226 513 226 513 513 513 513
479 461 467 557 278 461 437 461 278 225 557 557 467 478 278 557 278 461 479 477 557 557 557 461
461 461 461 461 461 461 461
45 45 45 45 45 45 45 45 45 45 45
373 373 394 373 373 373 373 373 373 373 373
45 45 45 45 45 45 45 45 45 45 45
505 505 461 513 513 461 506 278 461 278 513 505 278 505 461 468 278 461 461 278 278
513 513 513 513 513 513 513 513
162 162 162 162 162 162 162 162 162 162 162 162 162 162 162 162 162 162 162 162