30 30 12 30 30 30 30 15 30 30 30 30 30 15 30 12 30 30 30 3
30 30 30 30 30 30 30 30 30 30 30 30 30 30 30 30 30 30 30 30 30 30 30 30 30 30 30 30 30 30 30 30
30 30 30 30 30 30 30 30 30 30 30 30 30 30 30 30 30 30 30 30 30
30 30 15 30 30 30 30 30 30 30 30 30 30 30 3 30 30 15 30 3 30 15 30 30 30 12 30 30 30 30 30 30 30 30 30
30 30 30 30 30 30 30 30 30 30 30 30 30 30
30 30 5 30 30 30 30 30 30 3 30 30 15 30 30 30 30 15 30 30 30 30 30 30 30 30 30 30 3 30 30 3 30 30 30 30 30 30 30 30 10 30 30 30 30 30 30 30 3 30 30 30 30 30 30 30 12 30 3 30 5 30 30
30 30 30 30 30 30 30 30 30 30 30 30
30 30 30 30 30 30 30 30 30 30 30 30 30 30 30
30 30 30 30 30 30 30 30 30 30 30 30 30 30 30 30 30 30
30 30 30 30 30 30 30 30 30 30 30 30
30 30 30 30 30 30 30 30 30 30 30 30
30 30 30 30 30 30 30 30 30 30 30 30 30 30 30 30 30 30 30 30
30 30 30 15 15 30 30 15 30 30 30 15 30
30 30 30 30 30 30 30 30 30 30 30 30 30 30 30 30 30 30 30 30
30 30 30 30 30 30 15 30 30 30 30 15 30 30 3 30 30 30 30 30 30 30 30 30 30 30 30 30 3 30 30 3 30 30 30 30 30 30 30 13 30 30 30 30 30 30 30 30 30 30 15 30 30 30 30 30 30 3 30 30 30 30 30 30 30 30 30 30 30 30 30 30
30 30 30 30 30 30 30 30 30 30 30 30 30 30 30 30 30 30 30 30
30 30 30 30 30 30 30 30 30 30 30 30 30 30 30 30 30 30
30 30 30 30 30 30 30 30 30 30 30 30
30 30 30 30 30 30 30 30 30 30 30 30 30 30 30 30 30 30 30
22 30 30 30 30 30 30 30 30 30 30 30 30 30 30 30 30 30 30 30 30 30 30 30 30 30 30 15 30 30 30 30 30 30 22 30 15 30 30 30 30 15 30 30 30 15
15 30 30 30 30 30 15 30 30 30 30 15 30 30 30 30 30 30 30 30 30 30 30 15 30 30 30 30 30 30
30 30 30 30 30 30 3 30 30 30 30 30 30 30 30 30 30 3 30 3 30 30 30 30
30 30 30 30 30 30 30 30 30 30 30 30 30 30 30 30 30 30 30 30 30 30
30 30 30 30 30 30 30 30 30 30 30 30 30 30 30
30 30 30 30 30 30 30 30 30 30 30 30 30 30 30 30 30 30
30 30 30 30 30 30 30 30 30 30 30 30 30
30 30 30 30 30 30 30 30 30 30 30 30 30 30 30 30 30 30 30 30 30 30 30
30 30 30 30 30 30 30 30 30 30 30 30 30 30 30 30 30 30 30 30 30 30 30 30 30 30 30 30 30 30 30 30
30 30 30 30 30 30 30 30 30 30 30 30 30 30 30
30 30 30 30 30 30 30 30 30 30 30 30
30 30 30 30 30 30 30 30 30 30 30 30 30 30 30 30 30 30 30 30 30 30 30 30 30 30
30 15 30 30 30 30 30 30 30 15 30 30 30 30 30 30 30 30 30 30 30 30 30 15 30 30 30 30 30 30 30 30 30 30 30 30 30 30 15 30
30 30 30 30 30 30 30 30 30 30 30 30 30
30 30 30 30 30 30 30 30 30 30 30 30 30 30 30 30
30 30 30 30 30 30 30 30 30 30 30 30 30 30
15 30 30 30 30 30 30 30 30 30 30 15 15 30 15 30
30 30 30 15 30 15 30 30 30 15 30 30 30 30 15 30 30 30 30 30 30 30
30 30 30 30 30 30 30 30 30 30 30 30
30 15 30 15 30 30 30 30 30 30 30 15 30 30 30 30 30 30 30 15 30 30 30 30 30 30 30 30 30 30 30
30 30 30 30 30 30 30 30 30 30 30 30 30 30 30 30 30 30 30 30 30
30 30 30 30 30 30 30 30 30 30 30 30 30 30 30
30 30 30 30 30 30 30 30 30 30 30 30 30 30 30 30 30
30 30 30 30 30 30 30 30 30 30 30 30 30
30 30 15 15 30 30 30 30 30 30 30 15 30 30 30 30 30 15 30
30 30 30 30 30 30 30 30 30 30 30 30 30 30
30 15 30 30 1 30 30 30 15 30 30 3 30 30 15 30 15 16 30 30 30 15 30
30 30 30 30 30 30 30 30 30 30 30 30 30 30 30 30
30 30 30 30 30 30 30 30 30 30 30 30 30
30 30 30 30 30 30 30 30 30 30 30 30 30 30 30 30 30 30
30 30 30 30 30 30 30 30 30 30 30 30 30 30 30 30 30 30 30 30 30 30 30 30 30 30
30 30 30 30 30 15 30 30 15 30 30 30 30 30 30 15 30 30 15 30 30 30 30
30 30 30 30 30 30 30 30 30 30 30 30 30 30 30 30 30
30 30 30 30 30 30 30 30 30 30 30 30 30 30 30
30 30 30 30 30 30 30 30 30 30 30 30 30 30 30 30 30 30 30 30 30 30 30 30 30 30 30 30
30 30 30 30 30 30 30 30 30 30 30 30
30 30 30 30 30 30 30 30 30 30 30 30
30 30 30 30 30 30 30 30 30 30 30 30 30 30
30 30 30 30 30 30 30 30 30 30 30 30 30 30 30 30 30 30 30 30
30 30 30 30 30 30 30 30 30 30 30 30
30 30 30 30 30 30 30 30 30 30 30 30 30 30 30 30 30
30 30 30 30 30 30 30 30 30 30 30 30 30 30 30
30 30 30 30 30 30 30 30 30 30 30 30 30 30 30 30 30 30 30
30 30 30 30 30 30 30 30 30 30 30 30 30 30
15 30 30 30 30 15 15 30 30 15 30 30
30 30 30 30 30 30 30 30 30 30 30 30 30 30 30 30 30 30 30 30
15 15 30 30 15 30 30 30 30 30 30 15 30 30 30
30 30 30 30 30 30 30 30 30 30 30 30 30 30 30 30 30 30 30 30 30
30 30 30 30 30 30 3 30 30 3 30 30 30 30 30 3 30 30
30 30 30 30 30 30 30 30 30 30 30 30 30 30 30
30 30 30 30 30 15 30 30 30 15 30 30 15 30 15 12 15 30 16 30 3
30 30 30 30 30 30 30 30 30 30 30 30
15 30 3 30 30 13 30 3 30 30 30 30 30 30 30 30 3 30 30 30 3 30 30 30 30 30 30 30 30 15 30 30 30 30 30 30 30 30 30 30 30 30 30 15
30 30 30 30 30 30 30 30 30 30 30 30 30 30 30 30 30 30 30
30 30 30 30 30 30 15 30 30 15 30 15 30 30 15
30 30 30 30 30 30 30 30 30 30 30 30 30 30 30 30 30 30 30
30 15 30 30 30 30 15 30 15 15 30 30 30 30
30 30 30 30 30 30 30 30 30 30 30 30
30 30 30 30 30 30 30 30 30 30 30 30 30
30 30 30 30 30 30 30 30 30 30 30 30 30 30 30 30 30 30
30 30 30 30 30 30 30 30 30 30 30 30 30 30 30 30 30 30
15 15 30 30 30 15 30 3 30 30 30 30 30 30 30 30 30 12 30 30 30 30 30 30 3 30
30 30 30 3 15 30 30 9 30 30 30 15 3 30 30 30 3 30 30 30 30 30 30 30 30 30 30 30 30 30 30 30 3 30 30 12 30 3 30 3 30 30 30 30 30 30 30 30 30 30 30 30 30 30 30 30 3 30 15 15 15
30 15 30 30 30 30 15 30 15 15 30 30 30 30
30 30 30 30 30 30 30 30 30 30 30 30 30 30 30 30 30 30 30 30
30 30 30 30 30 30 30 30 30 30 30 30 30 30 30 30 30 30 30 30
30 30 30 30 30 30 30 30 30 30 30 30 30
30 15 30 30 30 30 15 30 30 15 30 15
15 30 15 30 30 22 30 30 30 30 15 30 15 30 30 30 30 15 15
30 30 30 30 30 30 30 30 30 30 30 30 30 30 30
30 30 30 30 30 30 30 30 30 30 30 30
30 30 30 30 30 30 30 30 30 30 30 30 30
30 30 30 30 30 30 30 30 30 30 30 30
30 30 30 30 30 30 30 30 30 30 30 30
30 30 30 30 30 30 30 30 30 30 30 30 30 30 30 30
30 30 30 30 30 30 30 30 30 30 30 30 30 30
30 30 30 30 30 30 30 30 30 30 30 30
30 30 30 30 30 30 30 30 30 30 30 30
30 30 15 30 30 30 15 30 30 30 30 30 30 30 30 30 30 30 30 30 15 30 15 30 30 30 30 30 15 22 30 15 30 30
30 30 30 30 30 30 30 30 30 15 30 30 15 30 30 15 30 15 30 30
30 30 30 30 30 30 30 30 30 30 30 30 30 30 30 30 30 30 30 30 30 30 30 30 30 30 30 30 30 30 30
30 30 30 30 30 30 30 30 30 30 30 30 30 30 30 30 30 30 30 30 30 30 30 30 30 30 30
3 30 30 3 30 30 30 15 30 30 30 30 30 30 30 6 30 30 30 3 30 30 30 15 15 3 5 30 30 30
30 30 30 30 30 30 30 30 30 30 30 30 30 30 30 30 30 30 30 30 30 30 30 30 30 30 30 30 30 30 30 30 30 30 30 30
30 30 30 30 30 30 30 30 30 30 30 30 30 30 30 30
30 30 30 30 30 30 30 30 30 30 30 30 30 30 30 30 30 30
30 30 30 30 30 30 30 30 30 30 30 30 30 30 30 30 30 30 30 30 30 30 30 30 30 30 30
30 30 30 30 30 30 30 30 30 30 30 30 30
30 30 30 30 30 30 30 30 30 30 30 30 30 30 30 30 30 30 30 30 30 30
30 15 30 30 30 30 30 15 30 30 30 30 30 15 30 30 30 15 30 30 30 30 30 30 30 30 30 30 30 30 30 30 30 30 30 30
30 30 30 30 30 30 30 30 30 30 30 30 30 30 30
30 30 30 30 30 30 30 30 30 30 30 30 30 30 30 30 30
30 30 30 30 30 30 30 30 30 30 30 30 30 30 30 30 30
30 30 30 30 30 30 30 30 30 30 30 30 30 30 30 30 30 30 30
30 30 30 30 30 30 30 30 30 30 30 30 30
30 30 30 30 30 30 30 30 30 30 30 30 30 30
30 30 15 30 15 30 30 30 30 15 15 30 30 30 30
30 30 30 30 30 30 30 30 30 30 30 30 30 30 30 30 30 30 30 30
30 30 30 30 30 30 30 30 30 30 30 30 30 30 30 30
30 30 30 30 30 30 30 30 30 30 30 30 30 30 30 30 30 30 30
30 30 30 30 30 30 30 30 30 30 30 30 30
30 30 30 30 30 30 30 30 30 30 30 30 30 30 30 30 30 3 30 5 3 30 3 30 30 30 3
30 30 30 30 30 30 30 30 30 30 30 30 30 30 30 30 30 30
30 30 30 30 30 30 30 30 30 30 30 30 30 30 30 30 30 30 30 30 30 30 30 30 30 30 30 30 30 30 30 30 30 30 30 30 30 30 30 30 30 30 30 30 30 30 30 30 30 30 30 30 30 30 30 30 30 30 30 30 30 30 30 30 30
30 30 30 30 30 30 30 30 30 30 30 30 30 30
30 30 30 30 30 30 30 30 30 30 30 30 30
30 30 30 30 30 30 30 30 30 30 30 30
30 30 30 30 30 30 30 30 30 30 30 30 30 30 30 30 30 30 30 30 30
30 30 30 15 15 30 30 30 30 30 30 15 30 30 30 30 30 30 30 30 30 30 30 30 30 30 30 30 30 30 15 30
30 30 30 30 3 3 30 30 30 30 30 8 30 30 30 30 30 3 3 30 30 30 5 30 30 30 30 30 30 30 30 30 30 30
30 30 30 30 30 30 30 30 30 30 30 30
30 30 12 15 3 30 30 30 30 30 30 30 12 30 30 15
30 30 3 3 30 30 30 30 30 30 30 30 30 30 3 30 30 30
30 3 30 30 30 3 30 30 30 30 30 30 30 30 30 30 3 30 30 30 30
30 15 15 30 15 30 30 30 30 30 30 15
30 30 30 30 15 30 15 30 15 30 30 30 30 30 30 30 30 30 15 30
30 30 30 30 30 30 30 30 30 30 30 30 30 30 30
30 30 30 30 30 30 30 30 30 30 30 30 30 30 30 30 30 30 30 30 30 30 30 30 30 30 30 30
30 30 30 30 30 30 30 30 30 30 30 30 30 30 30
30 30 30 30 30 30 30 30 30 30 30 30 30 30 30 30 30 30
30 30 30 30 30 30 30 30 30 30 30 30 30 30 30 30 30
15 30 15 15 30 30 30 30 30 30 30 30 30 30 30 30 30 30 15 30 30 30 30
30 30 30 30 30 30 30 30 30 30 30 30
30 30 30 30 30 30 30 30 30 30 30 30
15 30 30 30 15 15 30 30 30 15 30 30
30 30 30 30 30 30 30 30 30 30 30 30
30 30 30 30 30 30 30 30 30 30 30 30
30 30 20 30 30 30 30 30 30 14 30 30 5 15 30 30 3 30 30 30 1 1 3 30 30 3 30 30 15 30 30 30 30 15 30
30 30 30 30 30 30 30 30 30 30 30 30 30 30
30 30 30 30 3 30 30 30 30 30 30 30 30 30 30 30 30 30 30 30 30 30 30 30 3 30 30 30 30 30 30 3 30 30 30
30 30 30 30 30 30 30 30 30 30 30 30 30
30 30 15 15 30 30 30 15 30 30 30 15 30 30
30 30 30 30 3 30 30 30 3 30 30 30 30 5 30 30 5 30 30
30 30 30 30 3 30 3 30 30 30 30 30 30 30 3 30 30 30 30 30 30 30 30 30 30 30 30 30 30
30 30 30 30 30 30 30 30 30 3 3 30 30 30 30 30 30 30 30 30 30 30 30 30 30 30 30 30 30 30 30 30 30 30 30 3 30 30
30 30 30 30 30 30 30 30 30 30 30 30 30 30 30
30 30 30 30 30 30 30 30 30 30 30 30 30 30 30 30
30 30 30 30 30 30 30 30 30 30 30 30
15 30 30 30 30 30 14 30 3 30 12 30 3 30 30 12 30 30 3 30 30 30 3
30 30 30 30 30 30 30 30 30 30 30 30
30 30 30 30 30 30 30 30 30 30 30 30 30 30 30
30 30 30 30 3 30 30 30 30 30 30 30 30 30 30 30 30 30 30 30 30 30 30 30 30 30 30 30 30 5 30 30 30 30 30 30 30 30 30 30 3 30 3 30 30 30 30 3 30 30 30 30 30 30 30 30 30 30 30 30 30 30 30 30 30 30 30 30 30
30 30 30 30 30 30 30 30 30 30 30 30 30
30 30 30 30 30 30 30 30 30 30 30 30 30 30 30 30 30 30 30 30 30 30 30 30 30 30 30 30 30 30 30
30 30 30 30 30 30 30 30 30 30 30 30 30 30
30 30 30 30 30 30 30 30 30 30 30 30 30 30 30 30 30 30 30 30 30 30 30 30 30 30 30 30 30 30 30 30 30 30 30 30 30 30 30 30 30 30 30 30 30 30 30 30 30 30 30 30 30 30 30 30 30 30 30 30 30 30 30 30
30 30 30 30 30 30 30 30 30 30 30 30
30 30 30 30 30 30 30 30 30 30 30 30 30 30 30 30 30 30
30 30 30 30 30 30 30 30 30 30 30 30 30 30 30 30 30 30 30 30 30 30 30 30 30 30 30 30 30 30 30
30 30 30 30 30 30 30 30 30 30 30 30 30 30 30 30 30
3 30 3 30 3 30 30 30 30 30 30 30 30 30 30
30 30 30 30 30 30 30 30 30 30 30 30 30 30 30 30 30 30 30 30 30 30 30 30 30 30 30 30 30 30 30 30 30 30 30 30 30 30
30 15 30 30 30 30 30 30 30 30 30 30 30 30 30 30 15 30 15 30 30 30 30 30 30 30 30 15
30 30 30 30 30 30 30 30 30 30 30 30 30 30 30 30 30
30 30 30 30 30 30 30 30 30 30 30 30
30 30 30 30 30 30 30 30 30 30 30 30 30 30 30 30 30
30 30 30 30 30 30 30 30 30 30 30 30 30 30 30 30 30
30 30 30 30 30 30 30 30 30 30 30 30 30 30
30 30 30 30 30 30 30 30 30 30 30 30
30 30 30 30 30 30 30 30 30 30 30 30 30 30
30 30 30 30 30 30 30 30 30 30 30 30 30
30 30 30 30 30 30 30 30 30 30 30 30 30 30 30
30 30 30 30 30 30 30 30 30 30 30 30 30 30 30 30 30 30 30 30 30 30 30 30
30 30 30 30 30 30 30 30 30 30 30 30 30 30 30
30 30 30 30 30 30 30 30 30 15 30 30 30 30 30 15 30 30 30 30 30 30 30 30 30 30 30 15 30 15 30 30 30 30 30 30
30 30 30 30 30 30 30 30 30 30 30 30 30 30 30 30 30 30 30
30 30 30 30 30 30 30 30 30 30 30 30 30 30 30
30 30 30 30 30 30 30 30 30 30 30 30 30 30 30 30 30
30 30 30 30 30 30 30 30 30 30 30 30 30 30 30 30 30 30 30 30
30 15 15 30 15 30 30 30 30 30 30 15
30 30 30 30 30 30 30 30 30 30 30 30 30 30 30 30 30 30 30
30 30 30 30 30 30 30 30 30 30 30 30
30 30 30 30 30 30 30 30 30 30 30 30 30 30 30 30 30 30 30
30 30 30 30 30 30 30 30 30 30 30 30
30 30 30 30 30 30 30 30 30 30 30 30 30 30 30 30 30 30 30 30 30 30 30 30 30 30 30 30 30 30 30 30 30 30 30
30 30 30 30 30 30 30 30 30 30 30 30 30
30 3 30 30 30 3 30 30 30 30 30 3 30 30 30 30 30 30 30
30 30 30 30 30 30 30 30 30 30 30 30 30 30 30 30 30 30 30
15 30 30 30 30 30 30 30 15 15 15 30 30 30 30
30 30 30 30 30 30 30 30 30 30 30 30
30 30 30 30 30 30 30 30 30 30 30 30 30 30 30 30 30 30
30 30 30 30 30 30 30 30 30 30 30 30
30 30 30 30 30 30 30 3 30 3 3 30
30 30 30 3 30 15 30 30 30 15 30 4 30 30 30 30 30 30 30 30 30 30 30 30 5 30 30 30 30 3 15 30 30
30 30 30 30 30 3 30 30 30 30 30 30 30 3 3 30 30 30 30
30 30 15 15 30 30 15 15 30 30 30 30 30 30 30 30 30 30 30 30 30 30 30 30
30 30 30 30 30 30 30 30 30 30 30 30
30 30 30 30 30 30 30 30 30 30 30 30 30 30 30 30
30 30 30 30 30 30 30 3 30 30 15 30 30 30 30 15 4 30 30 3 30 30 12 30 30 30 3 30 30 30 30 30 30 30
30 3 30 3 30 30 3 30 30 30 30 30 30 30 30 30 30 30 30 30 30 30 30
30 30 30 30 30 30 30 30 30 30 30 30 30 30 30 30 30 30
30 30 30 30 30 30 30 30 30 30 30 30
30 30 15 30 30 30 30 30 30 30 30 30 30 30 30 30 30 30 15 30 30 30 30 15 30 22 30 30 30 30 30 30 30 30 30 30 30 30 30 30 30 30 30 30 15 30 30 30 15 30 30 30 30 15 30 30 30 30
30 30 30 30 30 30 30 30 30 30 30 30 30 30 30
30 30 30 30 30 30 30 30 30 30 30 30 30 30 30 30 30 30 30 30 30 30
30 30 30 30 30 30 30 30 30 30 30 30 30 30 30 30 30 30 30 30 30 30 30 30 30 30
30 30 30 30 30 30 30 30 30 30 30 30
30 30 30 30 15 30 30 30 15 30 30 30 15 30 30 30 30 30 30 30 30 30 30 15 30 30 30 30
30 30 30 30 30 30 30 30 30 30 30 30
30 30 30 30 30 30 30 30 30 30 30 30
30 30 30 15 30 30 30 30 3 30 30 30 30 30 30 30 30 30 30 3 30 30 30 30 3 30 30 30 30 3 30 15 30 30 30 30 30 30 30 13 30 30 15 30
30 30 30 30 30 30 30 30 30 30 30 30 30
30 15 30 30 30 30 30 30 30 15 1 3 30 30 30 30 30 30 3 30 15
30 30 5 30 30 30 30 30 3 30 30 30 30 8 3 3 3 30 30
22 30 30 30 30 30 30 16 30 15 15 30 12 3 15
3 30 30 30 30 30 30 30 30 30 30 30 30 30 30 30 30 30 30 30 15 13 30 12 5 30 30 30 15 30 30 30 30 30 30 30 30 30 30 30 30 30 30
30 30 30 30 30 30 30 30 30 15 3 30 30 30 30 12 30 30 30 30 30 30 15 12 30 30
30 30 30 30 30 30 30 30 3 30 30 30 30 30 30 30 30 30 30 30 30 30 30 3 30 3 30 30 30 30
30 30 30 30 30 30 30 30 30 30 30 30 30 30 30 30 30 30 30
3 3 30 30 8 30 30 30 30 30 3 30 30 30 30 30 3 30 30 30 30 30 3 30 3 30 30
30 3 30 30 30 30 30 3 30 30 30 30 30 3 30 30 30 30 30 30 30 30
15 30 30 30 30 30 30 15 15 30 15 30 30 30
30 30 30 30 30 30 30 30 30 30 30 30 30 30 30 30 30 30
30 30 30 30 30 30 30 30 30 30 30 30 30 30 30 30 30 30 30
15 30 30 30 15 30 30 30 30 30 15 30 30 30 30 30 30 30 30 30 30 30 30 30 30 30 30 30 30 30 15 30
30 30 30 30 30 30 30 30 30 30 30 30 30
30 30 30 30 30 30 30 30 30 15 30 15 30 30 30 30 30 30 30 30 15 30 15 30 30 30 30 30 30
30 30 30 30 30 30 30 30 30 30 30 30 30 30
30 30 30 30 30 30 30 30 30 30 30 30 30 30 30 30 30 30 30 30 30 30 30 30
30 30 30 30 30 30 30 30 30 30 30 30 30
30 30 30 30 30 30 30 30 30 30 30 30 30 30 30 30 30
30 30 30 30 30 30 30 30 30 30 30 30 30 30 30 30 30 30
30 30 30 30 30 30 30 30 30 30 30 30
30 30 30 15 30 30 30 15 30 30 30 30 30 15 30 30 30 15 30 30 30
30 30 30 30 30 30 30 30 30 30 30 30
30 30 30 30 30 30 30 30 30 30 30 30 30 30 30
30 30 30 3 30 30 30 30 30 30 30 30 30 30 30 30 30 30 30 3 30 3 30 30 30 30 30 30 30 30 30
15 30 15 30 30 30 30 15 30 30 30 30 15 30 30
30 30 30 30 30 30 30 30 30 30 30 30
30 30 30 30 30 30 30 30 30 30 30 30 30 30 30 30 30
30 30 30 30 30 30 30 30 30 30 30 30
30 30 30 3 30 30 30 30 30 30 30 30 30 30 3 3 30 30 30
30 30 30 30 30 30 30 30 30 3 30 30 30 15 1 30 15 30 1 30
30 30 30 15 30 30 15 12 30 3 30 15 30 30 30 30 3 30 30
30 30 30 30 30 30 30 30 30 30 30 30 30 30 30 30
30 30 30 30 30 30 30 30 30 30 30 30 30 30 30
15 30 30 30 30 30 30 30 30 30 30 15 30 30 30 30 30 30 30 30 15 30 30 30 30 30 15 30 30
30 30 30 30 30 30 30 30 30 30 30 30 30 30 30 30 30 30 30 30 30 30 30 30
30 30 30 30 30 30 30 30 30 30 30 30 30 30 30 30
30 30 30 30 30 30 30 30 30 30 30 30 30 30 30 30 30
30 30 30 30 30 30 30 30 30 30 30 30 30 30
30 30 30 30 30 30 30 30 30 30 30 30 30 30
30 30 30 30 30 30 30 30 30 30 30 30
15 30 15 30 30 30 30 15 30 30 30 15
30 30 30 30 30 30 30 30 30 30 30 30
30 30 30 30 30 30 30 30 30 30 30 30
30 30 30 30 30 30 30 30 3 30 30 30 30 30 30 30 30 30 30 30 30 30 30 30 30 30 30 30 30 3 3
30 30 30 30 30 30 30 30 30 30 30 30
30 30 30 30 30 30 30 30 30 30 30 30 30 30 30 30 30 30
30 30 30 30 30 3 30 30 3 30 30 30 30 3 30 30 30 30 30 30 30 30 30 30
30 30 30 30 30 30 30 30 30 30 30 30
30 30 30 30 30 30 30 30 30 30 30 30 30
30 30 30 30 30 30 30 30 30 30 30 30 30 30 30 30 30 30 30 30
30 30 30 30 30 30 30 30 30 30 30 30 30 30 30 30 30 30 30
30 30 30 30 30 30 30 30 30 30 30 30 30 30 30 3 30 30 30 30 30 30 30 30 30 30 3 30 30 30 3
30 30 30 30 30 30 30 30 30 30 30 30 30 30 30 30 30
30 30 30 30 30 30 30 30 30 30 30 30 30 30 30 30 30 30 30 30 30 30 30 30
30 30 30 30 30 30 30 30 30 30 30 30 3 30 30 30 30 30 3 30 30 3
30 30 30 30 30 30 30 30 30 30 30 30 30 30 30
30 30 30 30 30 30 30 30 30 30 30 30 30 30
30 30 30 30 30 30 30 30 30 3 3 30 30 3 30
30 30 30 30 30 30 30 30 30 30 30 30 30 30
30 30 30 3 30 30 30 30 3 30 30 30 3 30 30 30 30 30 30
30 30 30 30 30 30 30 30 30 30 30 30 30 30 30 30 30 30
30 30 30 30 30 30 30 30 30 30 30 30 30 30 30 30 30
30 30 30 30 30 30 30 30 30 30 30 30 30 30 30 30 30 30 30 30 30 30 30 30 30 30 30 30 30 30 30 30 30 30
30 30 30 30 3 15 30 30 15 15 30 30 1 30 3 30
12 16 30 30 30 22 30 30 15 30 30 15 30 3 15
30 30 30 30 30 30 30 30 30 30 30 3 30 30 30 30 30 30 3 3 30 30 30 30 30 30
30 30 30 30 30 30 30 30 30 30 30 30 30
30 30 30 30 30 30 30 30 30 30 30 30 30 30 30 30 30 30 30 30 30 30 30 30 30 30
30 30 30 30 30 30 30 30 30 30 30 30 30
30 30 30 30 30 30 30 30 30 30 30 30 30 30 30 30 30 30 30 30 30 30 30 30 30 30 30 30 30 30 30 30 30 30 30
30 30 30 30 30 30 30 30 30 30 30 30 30 30 30 30 30 30
3 30 3 30 30 30 30 3 30 30 30 30 30 30 30 30 30 30 30 30 30 30 30 30 30 30 30
30 30 30 30 15 30 30 30 15 30 30 30 30 30 15 30 15 30 30 30 30 30 30 30 30 30 30 30 30 30
30 30 30 30 30 30 30 30 30 30 30 30 30 30 30 30 30 30 30
30 30 15 30 30 30 30 30 30 15 30 30 15 30 15 30 30 30 30 30 30 30 30 30 30
30 30 30 30 30 30 30 30 30 30 30 30
30 30 30 30 30 30 30 30 30 30 30 30 30
30 30 30 30 3 30 30 15 30 30 15 30 30 30 30 30 30 30 30 30 30 30 30 13 30 30 30 30 30 30 30 30 30 30 3 30 30 30 30 13
15 30 30 3 30 30 12 30 30 3 30 30 15 30 30 30 15
30 30 30 30 30 30 30 30 30 30 30 30
30 30 30 30 30 30 30 30 30 30 30 30 30
30 30 30 30 30 30 30 30 30 30 30 30 30 30 30
30 30 30 30 30 30 30 30 30 30 30 30 30 30 30 30 30 30
30 30 30 30 30 30 30 30 30 30 30 30 30 30 30
30 30 30 30 30 30 30 30 30 30 30 30 30 30 30
30 30 30 30 30 30 30 30 30 30 30 30 30 30
30 15 30 30 30 30 30 30 30 30 30 30 30 15 30 30 30 30 30 30 30 30 30 30 15 30 15 30 30 30 30 30 30 30
30 30 30 30 30 30 30 30 30 30 30 30 30 30 30 30 30 30
30 30 30 30 30 30 30 30 30 30 30 30 30 30 30 30
30 30 30 30 30 30 30 30 30 30 30 30 30 30 30
30 30 30 30 30 30 30 30 30 30 30 30
30 30 30 30 30 30 30 30 30 30 30 30
30 30 30 30 30 30 15 30 30 30 30 30 30 30 30 30 30 30 30 12 30 30 30 30 30 30 30 30 30 30 30 30 30 15 30 30 30 30 30 30 30 15 30 30 30 30 30 30 3 30 30 30 30 30 30 3
30 30 30 30 30 30 30 30 30 30 30 30 30 30 30 30 30 30 30 30 30 30 30 30 30 30 30 30 30 30
15 30 30 30 15 30 30 30 30 15 30 30 30 15 30 30 30 30 30 30 30 30
30 30 30 30 30 30 30 30 30 30 30 30 30 30 30 30 30
30 30 30 30 30 30 30 30 30 30 30 30 30 30 30 30 30 30
30 30 30 30 30 30 30 30 30 30 30 30 30 30
30 30 30 30 30 30 30 30 30 30 30 30 30 30 30
30 15 30 15 30 30 30 30 30 30 30 15 30 30 30 30 30 30 30 15 30 30 30 30 30 30 30 30 30 30 30
30 30 30 30 30 30 30 30 30 30 30 30 30 30 30 30 30 30
30 30 30 30 30 30 30 30 30 30 30 30 3 3 3 30 30
30 30 30 30 30 3 30 30 30 30 30 3 30 30 30 30 30 30 30 30 30 3
30 30 30 30 30 30 30 30 30 30 30 30
30 30 15 30 30 30 15 30 30 30 15 30 30 15 30 30 30
30 30 30 30 30 30 30 30 30 30 30 30 30 30 30
30 30 30 30 30 30 30 30 30 30 30 30 30
30 30 30 30 30 30 30 30 30 30 30 30 30 30 30
30 30 30 30 30 15 30 15 30 15 30 30 30 30 15 30 30 30 30
30 30 30 30 30 30 30 30 30 30 30 30 30 30 30
30 30 30 30 30 30 30 30 30 30 30 30 30 30
30 30 30 30 30 30 30 30 30 30 30 30 30 30 30 30 30
30 30 30 30 30 30 30 30 30 30 30 30
30 30 30 30 30 30 30 30 30 30 30 30
30 30 30 30 30 30 30 30 30 30 30 30 30 30 30
30 30 30 30 30 30 30 30 30 30 30 30
30 30 30 30 30 30 30 30 30 30 30 30 30 30 30 30
30 30 30 30 30 30 30 30 30 30 30 30 30 30
30 30 30 30 30 30 30 30 30 30 30 30
30 30 30 30 30 30 30 30 30 30 30 30 30 30 30 30 30 30 30 30 30 30
30 3 30 30 30 5 3 30 30 30 30 30 30 30 30 5 30 30 30 30 30 30 30 30
30 30 30 30 30 30 30 30 30 30 30 30 30 30 30 30 30 30 30 30
30 30 30 30 30 30 30 30 30 30 30 30 30 30 30 30 30
30 4 30 30 30 30 30 30 1 30 30 30 30 30 30 30 30 30 30 30 30 30 30 30 30 30 30 30 30 30 15 3 15 30 30 30 30 30 3 30 30 30 3 30 30 30
30 30 30 30 30 30 30 30 30 30 30 30 30 30 30 30 30
30 30 30 30 30 30 30 30 30 30 30 30 30 30
30 30 30 30 30 30 30 30 30 30 30 30 30 30 30
30 30 30 15 30 30 30 30 15 30 15 30 30 30 30 30 30 30 30 30 30 30 30 15 30
30 30 30 30 30 30 30 30 30 30 30 30 30 30 30
30 30 30 30 30 30 30 30 30 30 30 30 30
30 30 30 30 30 30 30 30 30 30 30 30 30 30 30 30 30 30 30 30 30 30 30 30 30 30 30 30 30 30 30 30 30 30 30 30 30 30 30 30 30 30 30 30 30 30 30 30 30 30 30 30 30 30 30 30 30 30 30 30
30 30 30 30 30 30 30 30 30 30 30 30 30
30 30 30 30 30 30 30 30 30 30 30 30 30 30 30 30 30
30 30 30 30 30 30 30 30 30 30 30 30 30 30 30 30 30 30 30
30 30 30 30 30 30 30 30 30 30 30 30
30 30 5 30 30 30 30 3 30 7 30 15 30 30 30 30 30 22 15 3 15 5 30 15 30 15 15 30 30 30 15
30 30 30 30 30 30 30 30 30 30 30 30 30 30 30 30 30 30 30 30
30 30 30 30 30 30 30 30 30 30 30 30 30 30 30 30
30 30 30 30 30 30 30 30 30 30 30 30 30 30 30
30 30 30 30 3 3 30 30 30 30 30 30 30 30 30 3 30 30 30 30
30 30 30 30 30 30 30 30 30 30 30 30 30
30 30 30 30 30 30 30 30 30 30 30 30 30 30 30
30 30 30 30 30 30 30 30 30 30 30 30 30 30 30 30 30 30 30
30 30 30 30 30 30 30 30 30 30 30 30 30 30 30
30 30 30 30 30 30 30 30 30 30 30 30 30 30 30
30 30 30 30 30 30 30 30 30 30 3 30 30 30 30 30 30 30 3 3 30
30 30 30 30 30 30 30 30 30 30 30 30 30 30 30 30 30
30 30 30 30 30 30 30 30 30 30 30 30 30 30
30 30 30 15 30 30 30 30 15 30 30 30 30 15 15
30 30 30 30 30 30 30 30 30 30 30 30
12 12 30 30 30 3 15 30 30 30 30 30 30 15 30 30 30 30
30 30 30 30 30 30 30 30 30 30 30 30 30 30 30 30
30 30 30 30 30 30 30 30 30 30 30 30 30 30 30 30
30 30 30 30 30 30 30 30 30 30 30 30 30 30 30
30 30 30 30 30 30 30 30 30 30 30 30 30
30 30 30 30 30 30 30 30 30 30 30 30
30 30 30 30 30 30 30 30 30 30 30 30
30 30 30 30 30 30 30 30 30 30 30 30 30 30 30 30 30 30 3 30 15 30 15 3 15 30 30 30 30 30 14 3 3 30 30 30 3 30 30 3 30
30 30 30 30 30 30 30 30 30 30 30 30 30 30 30 30 30 30 30 30 30 30 30 30 30 30 30 30 30 30 30
30 30 30 30 30 30 30 30 30 30 30 30 30 30 30 30 30 30 30 30
30 30 30 30 30 30 30 30 30 30 30 30
30 30 30 30 30 30 30 15 30 15 30 30 30 15 30 15 30 30
30 30 30 30 30 30 30 30 30 30 30 30
30 30 30 30 30 30 30 30 30 30 30 30
30 30 30 30 30 30 30 30 30 30 30 30
30 30 30 30 30 30 30 30 30 30 30 30 30 30 30 30
30 30 30 30 30 30 30 30 30 30 30 30 30
30 30 30 30 30 30 30 30 30 30 30 30
30 30 30 30 30 30 30 30 30 30 30 30 30 30 30 30 30 30 30 30
30 30 30 30 30 30 30 30 30 30 30 30 30 30 30 30 30 30
30 30 30 30 30 30 30 30 3 30 30 30 30 30 30 30 30 30 30 30 30 30 3 30 3 30 30 30 30
30 30 30 30 30 30 30 30 30 30 30 30 30 30 30 30 30 30 30 30 30 30
30 30 30 30 30 30 30 30 30 30 30 30 30
30 30 30 30 30 30 30 30 30 30 30 30
30 30 30 30 30 30 30 30 30 30 30 30
30 30 30 30 30 30 30 30 30 30 30 30
30 30 3 30 30 30 30 3 30 30 3 30 30 30 30 30 30 30 30 30 30 30 30 30 30 30 30
30 30 30 3 30 30 30 30 30 30 3 30 30 3
30 30 30 30 30 30 30 30 30 30 30 30 30 30 3 30 30 30 30 3 3 30 30 30 30 30
30 30 30 30 30 30 30 30 30 30 30 30 30 30 30 30 30 15 30 15 30 30 30 30 30 30 15 15 30 30 30 30 30 30 30 30 30 30 30 30 30 30 30 30 30 30 30 30 30 30 30 30 30 30 30
30 30 30 30 30 30 30 30 30 30 30 30
30 30 30 3 30 30 30 30 3 5 3 30 30 30 30 30 30 30 30 30 30 30 3 30 30 30 30 30 30 30 30 30 30 30 30 30 30 30 30 30 30 30 30 30
30 30 30 30 30 30 30 30 30 30 30 30 30 30 30
30 30 30 30 30 30 30 30 30 30 30 30
30 30 30 30 30 30 30 30 30 30 30 30
30 30 30 30 30 30 30 30 30 30 30 30
30 30 30 30 30 30 30 30 30 30 30 30 30 30 30 30 30 30
30 30 30 30 30 15 30 30 30 30 30 30 30 30 30 30 30 15 15 30 30 30 30 30 30 30 30 30 30 15 30 30 30
30 30 30 30 30 30 30 30 30 30 30 30 30 30 30 30 30 30
30 30 30 30 3 30 30 30 30 30 3 30 30 30 30 30 30 3
30 30 30 30 30 30 30 30 30 30 30 30 30 30 30 30 30 30 30 30 30 30
30 30 30 30 30 30 30 30 30 30 30 30 30 30
30 30 30 30 30 30 30 30 30 30 30 30 30
30 30 30 30 30 30 30 30 30 30 30 30 30 30 30 30 30 30 30 30 30 30 30
30 30 30 30 30 30 30 30 30 30 30 30 30 30
30 30 30 30 30 30 30 30 30 30 30 30 30 30
30 30 30 30 30 30 3 30 30 15 12 30 30 30 30 30 30 30 4 30 30 30 30 3 30 30 30 30 3 30 30 30 30 30 30 6 30 30
15 30 15 30 30 30 15 30 30 30 30 30 15 30 30 30 30 30 30
30 30 30 30 30 30 30 30 30 30 30 30 30 30
30 30 30 30 30 30 30 30 30 30 30 30
3 30 30 3 30 3 30 30 30 30 30 30 30 30 30
30 30 30 30 30 30 30 30 30 30 30 30
30 30 30 30 30 30 30 30 30 30 30 30 30 30 30 30 30 30 30 30
30 30 30 30 30 30 30 30 30 30 30 30 30 30 30 30 30 30 30
30 30 30 30 30 30 30 30 30 30 30 30 30 30 30 30 30 30
30 15 30 15 3 30 30 30 30 30 30 30 3 30 30 30 30 30 30 30 30 15 12
30 30 30 30 30 30 30 30 30 30 30 30 30 3 3 30 3 30 30
30 30 30 30 30 30 30 30 30 30 30 30 30 30
30 30 30 30 30 30 30 30 30 30 30 30
30 30 30 30 30 30 30 30 30 30 30 30 30 30
15 30 30 30 30 30 30 30 30 30 30 15 30 30 30 30 30 30 30 30 30 30 15 30 30 15
30 30 30 30 30 15 30 30 30 30 30 15 30 30 30 30 30 30 30 30 15 30 30 30 30 30 30 30 30 30 30 30 30 30 30 30 30 30 30 30 30 30 30 30 30 30 30 30 30 30 30 30 30 30 30 30 30 30 30 30 30 30 30 30 30 30 30 15 30 30 30 30 30 30 30 30 30 30 30 30 30 30 30 30
30 30 30 30 30 30 30 30 30 30 30 30 30 30 30
30 30 30 30 30 15 30 15 30 30 30 15 30 30 15 30 30 30
30 30 30 30 30 15 30 15 3 30 21 30 30 3 15 30 30 3 30 30 15 5 3 30 30 30 3 30 30 30 3 30 30 6 12 30
30 30 30 30 30 30 30 30 30 30 30 30 30 30 30 30
30 30 15 15 30 15 30 30 30 30 30 30 30 15
30 30 30 30 30 30 30 30 30 30 30 30 30 30 30 30 30 30 30
30 30 30 30 30 30 30 30 30 30 30 30 30 30 30 30 30 30
30 30 30 30 30 30 30 30 30 30 30 30 30 30 30 30 30 30
30 30 30 30 30 30 30 30 30 30 30 30 30 30 30 30 30 30 30 30
30 30 30 11 30 15 30 30 30 30 30 30 30 30 30 30 0 30 30 15 15 30 30 30 30 30 30 30 30 30 30 30 30
15 30 30 30 30 30 30 30 30 30 30 15 30 15 30 30 30 30 15 30 30
30 30 30 30 30 30 30 30 30 30 30 30 26 15 30 30 30 30 30 30 30 15 30 15 30 30 30 30 30 15 30 30 30 30 30 30 30 15 30 30 30 15 30 15 30 15 30 30 30 30 30 30 30 30 30 30 30 30 30 30 30 30 30 30 30 30 15 15 30 15 15 30
30 30 15 30 30 30 30 30 30 30 30 30 30 30 30 30 15 30 30 30 30 15 30 30 30 30 30 30 15
30 30 30 30 30 30 30 30 30 30 30 30 30 30 30 30 30 30 30
30 30 30 30 30 30 30 30 30 30 30 30
30 30 30 30 30 30 30 30 30 30 30 30 30 30 30 30 30 30 30
30 30 30 30 30 30 30 30 30 30 30 30 30
30 30 30 30 3 30 30 15 30 30 1 30 15 3 15 30
30 30 30 30 30 30 30 30 30 30 30 30 30 30 30 30 30 30 30 30 30 30 30 30 30 30 30 30 30 30 30 30 30 30 30 30 30 30 30 30 30 30 30 30 30 30 15 30 15 30 30 30 30 30 15 30 30 30 30 30 30 30 30 30 30 30 30 30 30 30 30 30 30 30 30 30 30 30 30 30 30 30 30 30 30 30 30 30 30 30 30 30 30 30 30 30 30 30 30 30 30 30 30 30 30 30 30 30 30 30 30 30 30 30 30 30 30 30 30 30 15 30 30 30 30 30 30 30 30 30 30 30 30 30 30 30
30 30 30 30 30 30 30 30 30 30 30 30
30 30 30 30 30 30 30 30 30 30 30 30 30 30 30 30 30 30 30 30 30 30
30 30 30 30 30 30 30 30 30 30 30 30
15 30 30 30 30 30 30 30 30 30 30 30 30 30 30 15 30 30 30 30 30 30 30 30 30 30 15 30 30 30 30 30 30 30 30 15
30 30 30 30 30 30 30 30 30 30 30 30 30 30 30 30 30 30 30 30 30 30 30 30 30 30 30 30
30 30 30 30 30 30 30 30 30 30 30 30 30 30 30
30 30 3 30 30 30 30 30 30 30 30 30 30 30 30 30 30 30 30 30 30 30 30 3 30 30 30 3
30 15 30 15 30 30 15 30 30 30 30 15 30
30 30 30 30 30 30 30 30 30 30 30 30 30 30 30 30 30 30 30 30 30 30 30 30
30 30 30 30 30 30 30 30 30 30 30 30 30 30 30 30 30 30 30 30 30 30 30 30 30 30 30 30 30 30 30 30 30 30 30 30 30 30 30 30 30 30 30 30 30 30 30 30 30 30 30 30 30 30 30 30 30 30 30 30 30 30 30 30 30 30
30 30 30 30 30 30 30 30 30 30 30 30
30 30 30 30 30 30 30 30 30 30 30 30 30 30 30 30 30 30 30 30 30 30 30 30 30 30 30 30 30 30 30 30 30 30 30 30 30 30 30 30 30 30 30 30 30 30 30 30 30 30 30 30 30 30 30
30 30 30 30 30 30 30 30 30 30 30 30
30 30 30 30 30 30 30 30 30 30 30 30 30 30 30
30 30 30 30 30 30 30 30 30 30 30 30
30 30 30 30 30 30 30 30 30 30 30 30 30 30 30 30 30
30 30 30 30 30 30 30 30 30 30 30 30
30 30 30 30 30 30 30 30 30 30 30 30 30 30
30 30 30 30 30 30 30 30 30 30 30 30 30 30 30 30 30 30
30 30 15 30 15 30 30 30 30 30 30 30 30 30 3 3 30 12 15 30 30
30 30 30 30 30 30 30 30 30 30 30 30 30 30 30 30 30 30 30 30
30 30 3 30 30 30 30 3 30 30 30 30 30 30 30 30 30 30 3
3 3 30 30 30 30 30 30 3 30 30 30 30
30 30 30 30 15 15 30 30 15 30 30 30 30 15 30
30 30 30 30 30 30 30 30 30 30 30 30 30 30 30 30 30 30
30 30 30 30 30 30 30 30 30 30 30 30 30 30 30 30 30
30 30 30 30 30 30 30 30 30 30 30 30 30 30 30 30 30 30 30 30 30
30 30 30 30 30 30 30 30 30 30 30 30 30 30 30 30 30 30 30 30 30 30 30 30
30 30 30 30 30 30 30 30 30 30 30 30 30 30 30 30 30 30 30 30 30 30
30 30 30 30 30 30 30 30 30 30 30 30 30 30 30 30 30 30 30 30 30 30 30 30
30 30 15 30 30 15 30 30 30 30 15 30 30 15 30 30
30 30 30 30 30 30 30 30 30 30 30 30 30
30 30 30 30 30 30 30 30 30 30 30 30 30 30 30 30
30 3 30 30 30 3 30 30 30 30 30 30 30 30 30 30 30 30 30 30 3 30
30 30 30 30 30 30 30 30 30 30 30 30
30 30 30 30 15 30 30 30 30 30 30 30 3 30 15 30 30 30 30 30 30 30 15 30 30 30 3 30 30 30 30 30 30 30 30 12 30
30 30 30 30 30 30 30 30 30 30 30 30
30 30 30 30 30 30 30 30 30 30 30 30
30 30 30 30 30 30 30 30 30 30 30 30 30 30 30 30 30 30 30 30 30 30
30 30 30 30 30 30 30 30 30 30 30 30 30 30 30 30 30 30
30 30 30 30 30 30 30 30 30 30 30 30 30 30
30 3 30 30 3 3 30 30 30 30 30 30
30 30 30 30 30 30 30 30 30 30 30 30
30 30 30 3 3 30 30 30 30 30 30 30 30 30 30 30 30 30 30 30 3 30 30
30 30 30 30 30 30 30 30 30 30 30 30 30 30 30 30 30 30 30 30 30 30
30 30 30 3 30 30 30 3 30 30 30 30 30 30 30 30 30 30 30 3
30 30 30 30 30 30 30 30 30 30 30 30 30 30 30 30 30 30 30 30
30 30 30 30 30 30 30 30 30 30 30 30
30 30 30 30 30 15 30 30 15 30 30 15 15 30
30 15 30 30 15 30 30 15 30 30 30 30 15
30 30 15 30 30 15 30 15 30 30 30 15 30 30 30
30 30 30 30 30 30 30 30 30 30 30 30 30
3 30 30 15 30 30 30 30 1 15 30 30 30 30 15 30 30 30 3 30 30 30
30 30 30 30 15 15 30 15 30 15 30 30 30
30 30 30 30 30 30 30 30 30 30 30 15 30 30 15 30 30 30 15 30 30 30 30 30 30 15 30
30 30 30 30 30 30 30 30 30 30 30 30 30 30 30
30 30 30 30 30 30 30 30 30 30 30 30
30 30 15 30 30 15 15 30 30 30 30 15 30 30
30 30 30 15 30 30 15 15 15 30 15 30 30 15 30 22
30 30 30 30 30 30 30 30 30 30 30 30 30 30 30 30 30 30 30 30 30 30 30 30 30 30 30
30 30 15 12 30 30 30 30 16 30 30 30 30 30 30 15 30 30 30 30 15 30 15 30 30 30 30 30 12 30 30 30 30 30 30 30 30 30
30 15 30 15 30 15 15 15 15 26 30 15 15 15 15 30 15 15 30
30 30 30 30 30 30 30 30 30 30 30 30 30 30 30 30 30 30 30 12 30 30 30 30 30 30 30 30 30 30 30 30 30 30 30 30 3 15 30 30 30 30 30 15 30 3 15 30 30 30
30 30 30 30 30 30 30 30 30 30 30 30
30 30 30 30 30 30 30 30 30 30 30 30 30 30 30
30 30 30 30 30 15 30 30 30 30 30 30 30 15 15 30 15 30 30 30 30
30 30 15 30 30 30 15 15 15 30 30 30 30 30 12 30 30 30 30 30 30 30 30 30 30 30 30 30 30 30 30 3 30 30 16 30 30 30 15
30 30 15 15 30 15 30 30 30 15 30 30 30
30 30 30 30 15 30 15 30 30 30 15 15
30 30 30 30 30 30 30 30 30 30 3 30 30 30 30 30 30 3 30 30 3 30
30 15 15 30 30 15 30 30 30 30 30 30 15 30 30 30 30 30 30 30 15 30 30 15 30 30 30 22
30 30 3 30 30 3 30 30 30 30 3 30 30 30 30 30 30 30 30
30 30 30 30 30 30 30 30 30 30 30 30 30 30 30 30 30 30 30 30 30 30 30 30 30 30 30 30 30 30
30 30 30 30 30 30 30 30 30 30 30 30 30 30 30
30 30 30 30 30 30 30 30 30 30 30 30 30 30 30
30 30 30 30 30 30 30 30 30 30 30 30 30 30 30
30 30 30 30 30 3 30 30 30 30 30 30 30 3 30 30 3 30 30 30 30 30 30 30
30 30 30 30 30 30 30 30 30 30 30 30
15 30 30 16 30 15 15 15 15 30 15 30 30 3 3 30
30 30 30 30 30 30 30 30 30 30 30 30
30 30 30 30 30 30 30 30 30 30 30 30
30 30 30 30 30 30 30 30 30 30 30 30
30 30 30 30 30 30 30 30 30 30 30 30 30 30
30 30 30 30 30 30 30 30 30 30 30 30 30
30 30 15 30 30 22 15 15 30 30 30 15 15 15
30 30 30 30 30 30 30 30 30 30 30 30 30 30 30 30
30 30 30 30 30 30 30 30 30 30 30 30 30
30 30 30 30 30 30 30 30 30 30 30 30 30 30
30 30 30 30 30 30 30 30 30 30 30 30 30 30 30 30 30 30 30 30 30 30 30 30 30 30 30 30 30 30
30 30 30 30 3 30 30 30 30 30 3 30 3
30 30 30 30 15 15 30 30 30 30 15 30 22 30 30 30 30 30 30 30 15 30 30 30 15 30 30 30 30 15 30
30 30 30 30 30 30 30 30 30 30 30 30 30
30 30 30 30 30 30 30 30 30 30 30 30 30 30
30 30 30 30 30 30 30 30 30 30 30 30 30 30
15 30 30 15 30 30 30 22 30 30 15 30 30 15 15 15
30 30 30 30 30 30 30 30 30 30 30 30 30 30
30 30 30 30 30 30 30 30 30 30 30 30
30 30 15 15 22 30 15 30 15 15 30 15
30 15 30 30 30 30 30 30 30 15 30 30 15 30 30 15 30 30
30 30 30 30 30 30 30 30 30 30 30 30 30 30 30 30 30 30 30 30 30 30 30 30 30 30 30
30 30 30 30 30 30 30 30 30 30 30 30 30
30 30 3 30 3 30 30 30 30 3 30 30 30 30 30 30 30
30 30 30 15 30 15 30 30 30 30 30 30 15 30 15 30 30 30 30 30 30
30 30 30 30 30 30 30 30 30 30 30 30 30 30 30 30 30 30 30 30 30 30 30
15 30 30 15 30 30 30 30 30 30 15 15 30 30
3 30 30 30 15 15 16 30 15 30 30 30 30 30 12 15 30 30 30 15 30
30 30 30 30 30 30 30 30 30 30 30 30 30 30 30 30 30 30 30 30 30 30 30 30 30 30 30 30 30 30
30 22 22 30 30 15 15 25 15 15 30 30 30 30 15 30 30 30
30 30 30 30 30 30 30 30 30 30 30 30 30 30 30 30 30 30 30 30 30 30 30 30 30 30
30 30 30 30 30 30 30 30 30 30 30 30 30 30 30 30 30 30 30 30 30 30 30 30 30 30 30 30 30 30 30 30
30 30 30 30 30 30 30 30 30 30 30 30 30 30 30
30 30 30 30 30 30 30 30 30 30 30 30 30 30 30 30 30 30 30 30 30 30 30 30
30 30 30 30 30 30 30 30 30 30 30 30 30 30 30 30 30 30 30 30 30 30 30 30
30 30 30 30 30 30 30 30 30 30 30 30 30
15 30 30 30 30 15 30 30 30 15 30 15
30 30 30 30 30 30 30 30 30 30 30 30 30
15 15 15 15 15 15 28 22 15 15 15 15 15 15 15 15 15 15
30 30 30 30 30 30 30 30 30 30 30 30 30 30 30 30 30 30 30 30 30 30 30 30 30 30 30 30 30 30 30 30 30 30 30 30 30
30 30 30 30 30 30 30 30 30 30 30 30 30
30 30 30 30 30 30 30 30 30 30 30 30 30 30
30 30 30 30 30 30 30 30 30 30 30 30 30 30 30 30 30 30 30 30
30 30 30 30 30 30 30 30 30 30 30 30 30 30 30
30 30 30 30 30 30 30 30 30 30 30 30 30 30 30 30 30
30 30 30 30 30 30 30 30 30 30 30 30 30 30 30 30 30
30 30 30 30 30 30 30 30 30 30 30 30 30 30 30 30 30
30 15 30 30 30 15 30 22 30 30 30 30 30 30 30 30 30 30 30 15 30 15 30 15 30 15 30 30 30 30 30
30 30 30 30 30 30 30 30 30 30 30 30 30 30 30 30 30
30 30 30 30 30 30 30 30 30 30 30 30 30 30 30 30
30 30 30 30 30 30 30 30 30 30 30 30 30
30 30 30 30 30 30 3 30 30 3 30 3 30 30 30 30 30 30 30 30 30
30 30 30 30 30 30 30 30 30 30 30 30 30 30 30 30 30 30 30 30 30 30 30 30 30 30 30 30 30 30 30 30 30 30 30 30
30 30 15 30 15 30 30 30 30 30 30 30 30 15 15 30 30
30 30 30 30 30 30 30 30 30 30 30 30 30 30 30 30 30 30 30 30 30 30 30 30 30 30 30 30 30 30
30 30 30 30 30 30 30 30 30 30 30 30 30 30 30
30 15 30 30 22 15 30 30 30 30 30 15 30 15 15 30 15 30 30 30
30 30 30 30 30 30 30 30 30 30 30 30
30 15 15 30 15 30 30 30 30 15 30 30 30
30 30 7 30 30 1 30 15 30 30 30 12 30 15 15 15 30 30 30 15 30 30 3 30 1 30 5 30 30 30 30 30 30 15 30
30 30 30 30 30 30 30 15 15 15 3 30 3 30 12
30 30 15 30 30 15 30 30 30 30 30 30 15 30 15
30 30 30 30 30 30 30 30 30 30 30 30 30 30 30 30 30
30 30 30 30 30 30 30 30 30 30 30 30 30 30 30 3 30 30 30 30 30 30 30 30 30 30 30 15 30 30 30 15 30 30 30 1 30 30 1 30
15 30 30 30 30 15 30 30 15 30 30 30 30 15 30 30
30 30 30 30 30 30 30 30 30 30 30 30
30 30 30 30 30 30 30 30 30 30 30 30 30 30 30 30 30 30
30 30 30 30 30 30 30 30 30 30 30 30
30 30 30 30 3 3 30 30 30 30 3 30 30 30 30 30
30 30 30 30 30 30 30 30 30 30 30 30 30 30 30 30 30 30 30
30 30 30 30 30 30 30 30 30 30 30 30 30
30 30 30 30 30 30 30 30 30 30 30 30 30 30 30 30 30 30 30 30 30 30 30 30 30 30 30 30 30 30 30
15 30 30 30 15 30 30 30 30 30 15 15 30
30 30 30 30 30 30 30 30 30 30 30 30 30
30 30 30 30 30 30 30 30 30 30 30 30 30 30 30 30 30 30 30 30
30 30 30 30 30 30 30 30 30 30 30 30
30 30 30 30 30 30 30 30 30 30 30 30 30
30 30 30 30 30 30 30 30 30 30 30 30 30
30 30 30 30 30 30 30 30 30 30 30 30
30 30 30 30 30 30 30 30 30 30 30 30 30 30 30 30 30 30
30 30 30 15 30 15 15 15 30 30 30 30 30 30
30 30 30 30 15 30 15 15 15 30 15 30 15 30 30 25 30 15 30 15 30 30 30 30 15
30 22 30 22 30 30 15 15 15 30 15 30
22 30 30 15 30 30 15 15 30 15 15 30 15 30 30 30 30 30 30 30 30 30 30 30
30 30 30 3 30 3 30 30 30 30 30 3 30 30 30 30 30 30 30 30 30
30 30 30 30 30 30 30 30 30 30 30 30 30 30 30 30
30 30 30 30 30 30 30 30 30 30 30 30 30 30 30 30 30 30 30 30 30 30 30 30 30 30 30 30 30 30
30 30 30 30 30 30 30 30 30 30 15 30 30 15 15 30 30 15
30 30 30 30 30 30 30 30 30 30 30 30 30 30 30
15 15 15 30 30 15 30 22 30 15 30 30 15
30 30 30 30 30 30 30 30 30 30 30 30 30 30 30 30 30 30 30 30 30 30 30 30 30 30 30
30 30 30 30 30 30 30 30 3 30 30 30 30 3 30 30 30 3 30 30 30 30 30 30
30 30 30 30 30 30 15 15 15 30 15 30
3 30 30 30 30 30 30 30 3 30 30 3
30 30 30 30 15 30 30 30 15 30 30 22 30 30 30 30 30 25 15 15 30 15 30 22 30 30 30 30
15 15 30 30 30 15 30 30 30 30 30 15
30 30 30 30 30 30 30 30 30 30 30 30
30 30 30 30 30 30 30 30 30 30 30 30
30 30 30 30 30 30 30 30 30 30 30 30 30
30 30 30 30 30 30 30 30 30 30 30 30 30 30 30 30 30 30 30 30 30 30 30 30 30 30 30 30 30 30
30 30 30 30 30 15 30 30 15 30 30 30 30 15 30 30 30 30 30 15
30 30 30 30 30 30 30 30 30 30 30 30 30
3 30 3 30 30 3 30 30 30 30 30 30
30 30 30 30 30 30 30 30 30 30 30 30
30 30 30 30 30 30 30 30 30 30 30 30 30
30 30 30 15 30 30 30 15 15 30 15 30 15 30 30 30 30 30 30 30 30 3 15 30 30 30 30 30 30 30 30 30 30 18 30 3 30 30 3 30 30 3 30 30 30 5
30 30 30 30 30 30 30 30 30 30 30 30 30 30 30 30 30
30 30 30 30 30 30 30 30 30 30 30 30 30 30 30 30 30 30 30 30 30 30 30 30 30 30 30
3 30 30 30 3 30 3 30 30 30 30 30
3 3 30 30 30 30 30 30 3 30 30 30 30 30 30 30 30
30 30 30 30 30 15 30 30 15 30 15 30 30 30 30 30 30 30 30 15 30
30 30 30 15 30 30 30 30 30 30 30 30 30 30 30 30 30 30 30 30 30 30 15 30 30 30 30 30 30 30 30 30 30 15 30 30 15 30 30 30 30
30 30 30 30 30 30 30 30 30 30 30 30 30 30 30 30 30 30
30 30 30 30 30 30 30 30 30 30 30 30 30 30 30 30 30 30 30 30 30 30 30 30 30 30 30 30 30 30
30 30 30 30 30 30 30 30 30 30 30 30
30 15 3 30 30 5 3 30 30 30 30 30 30 18 3 15 15 30 3 30 15 30 30 30 30 30 30 30 30 30 30 15 30 30 15 30 30 30 30
30 30 30 30 30 30 15 30 30 30 30 30 30 15 30 30 30 30 30 30 30 30 15 30 15
3 30 30 30 30 3 30 3 30 30 30 30 30 30
30 30 30 30 30 30 30 30 30 30 30 30 30 30 30 30 30 30 30
30 30 30 30 30 30 30 30 30 30 30 30 30 30 30 30 30 30 30 30 30 30 30 30 30 30 30 30 30 30 30 30 30 30 30 30 30 30 30 30 30 30 30 30 30 30 30 30 30 30 30 30 30 30 30
30 30 3 30 3 30 30 30 3 30 30 30 30 30
30 30 30 30 30 30 30 30 30 30 30 30 30 30 30 30 30 30 30 30 30 30 30 30 30 30 30
30 30 30 30 30 30 30 30 30 30 30 30 30 30
30 30 30 30 30 30 30 30 30 30 30 30 30 30 30 30 30 30 30
30 30 30 30 12 30 15 30 30 30 30 30 30 12 3 15 30
30 30 30 30 30 15 30 15 30 15 30 30 15
30 30 30 30 30 30 30 30 30 30 30 30 30 30
30 30 30 30 30 30 30 30 30 30 30 30 30 30 30
30 30 30 30 30 30 30 30 30 30 30 30 30 30 30
30 30 30 30 30 30 30 30 30 30 30 30
30 30 30 30 30 30 30 30 30 30 30 30 30
3 30 30 30 30 3 30 30 30 3 30 30 30 30 30 30 30
30 30 30 30 30 30 30 30 30 30 30 30 30 30 30 30 30 30 30 30 30 30 30 30 30 30 30
30 30 30 30 30 30 30 30 30 30 3 30 30 30 30 30 3 30 3 30 3 30 30 30 30 8 30 30 30 30 30 5 30
30 30 30 30 30 30 30 30 30 30 30 30 30 30 30 30 30 30
30 30 30 30 3 3 30 30 3 30 30 30 30 30
30 30 30 30 30 30 30 30 30 30 30 30 30 30 30 30 30 30 30 30 30 30 30 30 30 30 30 30 30 30 30 30 30
30 30 30 30 30 30 30 30 30 30 30 30 30 30 30
3 30 30 30 3 30 30 30 30 30 30 30 30 30 30 30 30 30 30 30 30 3 30 30 30 30 30 30 30 30 30 30 30 30 30 30 30 30 30 30 30 30 30
30 30 30 30 30 30 30 30 30 30 30 30
15 15 15 15 12 12 15 15 15 30 30 15 15 15 15 12 30 15 15 15 12 30 3 15 15 15 15 3 29 15 15 15 15 15
30 15 30 15 15 30 30 30 30 30 30 30 30 30 30 30 30 30 15 30 15 30 30 30 30 30 22 30 30 30 30 15 30 30
30 30 30 30 30 30 30 30 30 30 30 30 30 30 30 30 30 30 30 30 30 30 30 30 30 30 30
30 15 30 30 15 30 30 30 15 30 30 15 30 30 30
30 30 30 30 15 30 30 30 15 30 24 12 30 30 30 30 30 30 15 30 30 30 30 30 15 30 30 5 15 15 12 30 30 30 15 30
30 30 30 30 30 30 30 30 30 30 30 30 30 30 30 30 30 30 30 30 30
30 30 30 30 30 30 30 30 30 30 30 30
30 30 30 30 30 30 30 30 30 30 30 30 30 30 30 30 30 30 30 30 30 30 30
30 30 30 15 30 30 30 12 30 12 3 15 30 30 30 30 30 30 30
30 30 30 30 30 30 30 30 30 30 30 30 30
15 22 30 30 30 30 15 30 30 15 15 30 30 15 30 15
30 30 15 30 30 30 30 15 30 30 30 30 15 30 15 30 30 30 30 30 30 30 30 15 30 30 15 30 30 30 30 30 30 30 22
30 30 30 30 30 30 30 30 30 30 30 30 30 30
30 30 30 30 30 30 30 30 30 30 30 30 30 30 30 30
30 30 30 30 30 30 30 30 30 30 30 30 30 30 30 30 30 30 30
30 30 30 30 30 30 30 30 30 30 30 30 30
30 30 30 30 30 30 30 30 30 30 30 30 30 30
15 15 30 30 15 30 30 15 30 30 30 30
30 30 30 15 30 30 15 30 15 30 30 30 30 15 30 30 30 30 30 30 30 30
30 30 30 15 15 30 15 30 30 15 30 30 30 30 30 30 30 30 30
30 30 30 30 30 30 30 30 30 30 30 30 30 30 30
30 15 30 15 30 30 30 30 30 30 30 30 30 30 30 30 15 30 30 15
30 30 30 30 30 30 30 30 30 30 30 30 30 30 30 30
30 30 15 30 30 30 30 15 15 30 30 15
30 30 30 30 30 30 30 30 30 30 30 30 30 30 30
30 30 30 30 30 30 30 30 30 30 30 30 30 30 30 30 30 30 30 30 30 30 30 30 30 30
3 30 30 3 30 30 30 30 30 30 3 30
3 15 15 30 30 30 30 1 2 15 15 15 30
3 30 30 30 30 30 30 30 30 30 30 30 30 30 30 30 30 3 30 30 30 15 30 30 6 15 30 15 30 3 30 30 30 30 30 30 3 30 3 30 30 30 3
15 30 30 30 15 30 30 30 15 15 30 30 30 30
15 15 30 30 30 30 30 15 30 22 30 15 15 30 15 30
30 30 15 30 15 30 30 30 30 30 30 30 30 30 30 30 30 30 15 30 30 30 30 30 30 30 30 15 30
30 15 22 30 22 22 30 30 30 30 30 30 30 30 30 15
30 30 30 30 30 30 30 30 30 30 30 30 30 30 30 30 30 30 30 30 30 30 30 30 30 30 30 30 30 30
30 30 30 30 30 30 30 30 30 30 30 30 30
30 3 1 30 30 15 30 30 30 30 30 15 3 30 15 30 30 30
30 30 30 30 30 30 30 30 30 30 30 30 30 30 30
30 30 30 30 30 30 30 30 30 30 30 30 15 30 30 30 30 30 30 30 15 30 30 30 30 30 15 30 30 30 15 30 30 30 30 30 30 30
30 30 30 30 30 30 30 30 30 30 30 30 30 30 30
30 30 30 30 30 30 30 30 30 30 30 30
15 30 30 30 30 30 15 30 30 30 15 15 30
30 30 30 30 30 15 30 15 30 30 30 15 30 30 30 15 30 30 30 30 30 15 15 22 30 30
30 30 30 15 30 30 15 15 30 30 22 30 15 15 30 15
30 30 30 30 30 30 30 30 30 30 30 30 30 30 30 30 30 30 30 30 30 30 30 30 30 30 30 30 30 30 30 30 30 30 30 30
30 30 30 30 30 30 30 30 30 30 30 30 30 30
30 30 30 30 30 30 30 30 30 30 30 30 30 30 30 30 30 30 30 30 30 30 30 30 30 30
30 30 30 30 30 30 30 30 30 30 30 30 30 30 30
15 15 30 22 15 30 15 30 15 30 30 30 30 30 30 30 15 30 30 30 30 30 30
30 15 30 15 30 30 13 3 3 15 3 3 30
30 12 30 15 30 30 30 15 15 30 30 30 30 3 30 30 30 30 3
30 30 30 30 30 30 30 30 30 30 30 30
30 30 30 30 30 30 30 30 30 30 30 30 30 30 30
30 30 30 30 30 30 30 30 30 30 30 30
30 15 30 30 15 15 30 25 15 30 30 30 30 30 30 30 30 30 30 15 15 30 15 15 15 30
30 15 30 15 30 30 15 30 16 3 30 15 15 30 30 12 30 30
30 30 30 15 30 15 30 30 30 30 30 15 30 30 15 30 30
30 30 30 30 30 30 30 30 30 30 30 30 30
30 30 30 30 30 30 30 30 30 30 30 30 30 30 30 30 30 30 30 30 30 15 15 30 15 30 15 30 30 30
3 30 30 30 3 30 30 30 30 3 30 30 30 30 30
30 30 30 30 30 30 30 30 30 30 30 30 30 30 30
30 30 30 30 30 30 30 30 30 30 30 30 30 30 30
30 30 30 30 30 30 30 30 30 30 30 30 30 30 30 30 30 30 30 30 30 30 30 30 30
30 30 30 15 30 30 15 15 15 30 30 30 30
30 30 30 30 30 30 30 30 30 30 30 30 30 30 30 30 30 30 30 30 30 30 30 30
30 30 30 30 30 30 30 30 30 30 30 30 30 30 30 30 30 30 30 30 30 30 30 30
30 30 30 30 15 30 30 30 30 30 30 30 30 15 30 30 30 30 30 30 15 30 15 30 30
30 30 30 30 30 30 30 30 30 30 30 30 30 30
15 17 15 15 3 30 30 30 30 12 3 15 30 30 30 30 30 30 15 3
30 30 30 30 30 30 30 30 30 30 30 30 30 30 30 30 30 30 30 30 30
22 15 30 15 15 15 30 30 30 30 30 15 30 15 30 30 30
30 30 30 30 30 30 30 30 30 30 30 30 30 30
30 30 30 30 30 30 30 30 30 30 30 30 30
30 30 30 30 30 30 30 30 30 30 30 30 30 30 30
3 30 30 30 30 30 30 30 30 30 30 30 30 30 30 30 3 30 30 30 30 3
30 30 30 30 30 30 30 30 30 30 30 30 30 30 30 30 30 30 30 30 30 30 30 30 30 30 30 30 30 30 30 30 30 30 30 30 30 30 30 30 30 30
30 30 30 30 30 30 30 30 30 30 30 30 30 30 30
30 30 30 30 30 30 30 30 30 30 30 30 30 30 30 30 30 30 30 30 30 30 30 30 30 30 30 30 30 30
30 30 30 30 30 3 30 30 30 3 30 30 30 30 3
30 30 30 30 30 30 30 30 30 30 30 30 30 30 30 30 30 30 30 30 30 30 30 30 30 30 30 30 30 30 30 30 30 30 30 30 30 30 30 30 30 30 30 30 30 30 30 30 30 30 30
30 30 30 30 30 30 30 30 30 30 30 30 30 30
30 30 30 30 30 30 30 30 30 30 30 30
30 30 30 30 3 30 30 30 30 30 30 30 3 30 30 30 5 5
30 30 3 30 30 30 30 30 30 30 30 30 30 30 30 30 30 30 30 30 30 30 30 30 30 30 30 30 30 3 30 30 30 30 30 30 30 30 3 8 30 30 30 30 30 30 30 30 30 30 30 3 3 30 30 30 3 30 30
30 30 30 30 30 30 3 3 30 30 30 30 30 30 30 3
30 30 15 15 30 15 15 30 15 15 30 22
30 30 30 30 30 30 30 30 30 30 30 30
15 30 22 30 15 15 30 30 15 22 30 30 30 30
15 15 30 30 3 30 30 30 30 30 30 30 3 30 30 30 12 15
30 30 30 30 30 30 30 30 30 30 30 30
15 30 30 30 30 30 15 15 15 30 30 30 30 30 30 30
30 30 30 12 30 30 15 30 30 30 30 30 16 30 30 30 30 15 15 30 30 30 30 1 30 30 15 30
30 30 30 30 30 30 30 30 30 30 30 30 30 30 30
30 30 30 3 30 30 30 30 30 3 3 30 30 30
30 30 30 30 30 30 15 30 15 30 30 30 30 15 15 30 30 30 30 30 30 30 30 30
30 30 3 15 30 15 30 30 15 30 1 30 30 3 30 30 30
30 30 30 30 30 30 30 30 30 30 30 30 30 30 30 30 30 30 30 30 30
30 30 30 30 30 30 30 30 30 30 30 30 30 30
30 30 30 30 30 30 30 30 30 30 30 30 30 30 30 30 30 30
30 15 15 15 30 30 30 30 30 30 30 15 30 30 30
3 3 30 30 30 30 30 30 30 30 3 30 30 30 30 30 30 30 30
15 30 15 15 30 15 30 30 30 30 30 30 30
30 15 30 30 30 15 15 30 30 15 22 15 15 30 30
30 30 30 30 30 30 30 30 30 30 30 30 30 30 30 30
3 30 30 30 30 30 30 3 30 30 30 3 30 30
30 30 30 30 30 30 30 30 30 30 30 30 30 30 30 30 30 30 30 30 30
30 30 30 30 30 30 30 30 30 30 30 30 30 30 30 30
30 30 30 30 30 30 30 30 30 30 30 30 30 30 30 30 30 30 30 15 30 30 15 30 15 30 30 30 30 30 30 30 15 30 30 30 30 30 30 30 30
3 30 30 30 30 30 30 30 3 30 30 30 30 30 3 30 30 30
30 30 30 30 30 30 30 30 30 30 30 30 30 30 30 30 30 30 30 30 30 30 30 30 30 30 30 30 30 30 30 30 30 30 30 30 30 30
30 30 30 30 30 30 30 30 30 30 30 30 30 30 30 30 30 30 30 30 30 30 30 30 30 30 30 30 30 30
30 30 30 30 30 30 30 30 30 30 30 30 30 30 30 30 30 30 30 30 30
30 30 30 30 30 30 30 30 30 30 30 30 30 30 30 30 30 30 30
30 30 30 15 30 15 30 30 30 30 15 15 30 30 30 30 30 30 30 30 30 30 30 30 30
30 30 30 30 30 30 30 3 30 30 30 3 3 30
30 3 30 30 30 3 30 30 30 3 30 30
30 30 30 30 30 30 30 30 30 30 30 30 30
30 30 30 3 15 30 30 30 30 15 30 30 30 12 30 15 15 15 30 30 30 30 16 30 30 30
30 15 30 30 30 30 15 15 30 30 30 30 30 15
30 30 30 30 30 30 30 30 30 30 30 30 30 30 30 30 30 30 30
3 30 15 30 30 30 30 30 30 30 30 30 30 30 30 30 30 1 15 30 30 30 30 1 30
30 30 30 30 30 30 30 30 30 30 30 30 30 30 30 30 30 30 30 30 30 30 30 30 30 30 30 30
30 30 30 30 30 30 30 30 30 30 30 30 30 30
30 30 30 30 30 30 30 30 30 30 30 30 30 30 30
30 30 30 30 30 30 30 30 30 30 30 30 30 30 30 30
30 15 30 30 30 30 30 30 30 30 15 15 30 15 30
30 30 30 30 30 30 30 30 30 30 30 30 30 30 30 30
30 30 30 30 30 30 30 30 30 30 30 30 30 30 30 30 30 30 30 30 30 30 30 30 30 30 30
30 30 30 30 30 30 30 30 30 30 30 30
15 30 30 15 15 30 15 30 15 15 30 22
30 30 30 30 30 30 30 30 30 30 30 30 30 30 30 30 30 30
30 30 30 30 30 30 30 30 30 30 30 30 30 30 30 30 30 30
30 30 30 30 30 30 30 30 30 30 30 30
30 30 30 30 30 30 30 30 30 30 30 30 30 30 30 30 30 30 30 30 30 30 30 30 30 30 30
22 30 30 30 15 15 30 30 30 22 22 30 30 30 30 30 30 30 30 30
30 30 30 30 30 30 30 30 30 30 30 30
30 30 30 30 30 30 30 30 30 30 30 30 30
30 30 30 30 30 30 30 30 30 30 30 30 30 30 30
30 30 30 30 30 15 15 15 30 30 30 30 30 15 30 30
30 30 30 30 30 30 30 30 30 30 30 30 30 30 30 30 30 30 30 30 30
30 30 30 30 30 30 30 30 30 30 30 30 30 30 30 30 30 30 30 30 30 30 30 30 30 30 30
30 30 30 30 3 30 3 30 30 30 30 3 30 30 30 30 30 30 30 30
30 30 30 5 30 30 30 30 30 30 30 30 30 30 4 30 15 15 30 30 30 30 30 30 30 3 12 30 30 30 30 30 30 30 30 30
30 30 30 30 30 30 30 30 30 30 30 30
30 30 30 30 30 30 30 30 30 30 30 30 30 30 30
30 30 30 30 30 30 30 30 30 30 30 30 30 30 30 30
30 30 30 30 30 30 30 30 30 30 30 30 30 30 30 30 30 30
30 15 30 15 30 30 30 30 15 30 30 30 30 30 30 30 15 30 30 30 30
15 30 15 30 30 15 30 30 30 30 30 15
30 30 30 30 15 30 30 30 15 15 15 30
30 30 15 30 30 30 30 30 30 15 30 30 30 30 5 3 30 30 30 3 15 30 30 30 13 30 30
30 30 30 30 3 3 30 30 30 30 3 30
30 30 30 30 30 30 30 30 30 30 30 30
30 30 30 30 30 30 30 30 30 30 30 30 30 30 30 30 30 30 30 30 30 30 30 30 30 30 30 30 30 30 30 30 30
30 30 30 30 30 30 30 30 30 30 30 30 30 30 30 30 30 30 30 30 30 30 30 30 30 30 30 30 30 30
30 30 30 30 30 30 30 30 30 30 30 30 30 30 30 30 30 30
30 30 30 30 30 30 30 30 30 30 30 30
30 30 30 30 30 30 30 30 30 30 30 30 30 30 30 30 30 30 30
30 30 30 30 30 30 30 30 30 30 30 30 30 30 30 30 30 30 30 30 30 30 30 30 30
30 30 30 30 30 30 30 30 30 30 30 30 30 30 30 30
30 30 30 30 30 30 30 30 30 30 30 30 15 15 15 30 30 30 30 15 30
30 15 30 30 30 30 15 30 30 30 15 30 30 30 15 30 25 30 30 30 30 30 15 30 15 30 15 30 30 30 15 30 30 30 30 30 15 30 30
30 12 30 15 30 30 30 30 15 30 30 30 16 15 15 30 1 30 30 30 30
30 30 30 15 30 30 30 15 30 15 30 30 15 30 30 30 30 30 30
30 30 30 30 15 30 30 15 30 15 30 30 30 30 30 15
30 30 30 30 30 30 30 30 30 30 30 30 30 30 30 30 30 30 30 30 30 30 30 30 30 30 30 30 30 30
30 30 30 30 30 30 30 30 30 30 30 30 30 30 30 30 30 30 30 30 30 30 30 30 30 30 30 30 30 30
15 30 15 15 30 30 15 22 30 15 30 15
30 30 30 30 30 30 30 30 30 30 30 30 30 30 30 30 30 30 30
3 30 30 3 30 3 30 30 30 30 30 30
30 30 30 30 30 30 30 30 30 30 30 30 30 30 30
30 30 30 30 30 30 30 30 30 30 30 30 30 30 30
30 30 30 15 30 30 30 30 30 30 30 15 30 30 30 15 30 30 30 30 30 30 15 30
15 30 30 30 30 30 30 15 30 30 15 30 30 30 30 30 30 30 30 30 30 30 30 30 30 30 30 15 30 30 30 30 30
30 30 30 30 30 30 30 30 30 30 30 30 30 30
30 30 30 30 30 30 30 30 30 30 30 30
30 30 30 30 30 30 30 30 30 30 30 30 30
30 30 30 30 30 30 30 30 30 30 30 30 30 30 30 30 30 30 30 30 30 30 30 30
30 30 5 30 30 30 30 30 5 30 30 30 30 30 30 30 30 30 30 3 3 30 30 30 30 30
30 30 30 30 30 30 30 30 30 30 30 30 30 30
30 30 30 30 30 30 15 15 30 30 30 15 15
30 30 30 30 30 3 12 30 15 30 30 30 30 15 30 3 30 30 15 30 30
30 30 30 30 30 30 30 30 30 30 30 30 30 30 30 30 30 30 30 30 30 30 30 30 30 30 30
30 30 30 30 30 30 30 30 30 30 30 30 30 30 30 30 30 30 30 30 30 30 30 30 30 30 30 30 30 30
30 15 30 30 30 30 15 30 30 30 30 30 30 15 30 15 30 30 30 30 30 30 30 30 30
30 30 30 30 30 30 30 30 30 30 30 30 30 30
30 30 30 30 30 30 30 30 30 30 30 30 30 30
30 30 30 30 30 30 30 30 30 30 30 30 30 30 30 30 30 30 30 30 30 30 30 30 30 30 30
30 30 30 30 30 30 30 30 30 30 30 30
30 30 30 30 30 30 30 30 30 30 30 30 30 30 30 30
30 30 30 30 30 30 30 30 30 30 30 30 30 30 30 30
30 15 30 30 15 30 30 30 15 30 30 30 30 30 30 30 15 30
30 30 30 30 30 15 30 30 30 30 30 30 15 15 30 30 30 15 30 30 30 30 30
15 30 30 30 30 30 30 30 15 15 30 30 30 30 30 30 30 30 30 30 30 15
30 30 30 30 30 30 30 30 30 30 30 30
30 30 30 22 30 30 15 30 30 30 15 30 15 22 30 30 15 30
30 30 15 30 30 30 30 15 30 30 15 30 30 15
30 22 30 30 30 30 30 15 15 30 22 30 30 30 30 30 30 30 30 30 30 30 30 30 15 30 15 30
30 30 30 30 30 30 30 30 30 30 30 30 30 30 30
30 30 30 30 30 3 30 30 15 30 15 30 30 30 30 1 30 15 3 30
30 30 30 30 30 30 30 30 30 30 30 30 30 30 30 30 30 30 30 30 30 30 30 30 30 30 30 30 30 30 30 30 30 30 30
30 30 30 30 30 30 30 30 30 30 30 30 30 30 30 30 30 30 30 30
30 30 30 30 30 30 30 30 30 30 30 30 30 30 30 30 30 30 30 30 30 30 30 30
30 30 30 30 30 30 30 30 30 30 30 30 30 30 30 30 30 30 30 30 30 30 30 30 30 30 30
30 30 30 30 30 30 30 30 30 30 30 30 30 30 30
22 30 30 30 30 15 15 30 15 15 15 15
30 30 15 30 30 30 30 15 15 30 30 15
30 30 3 15 2 30 15 1 15 30 15 30 15
30 22 30 30 30 30 30 15 15 30 22 30 30 30 30 30 30 30 30 30 30 30 30 30 15 30 15 30
3 30 30 30 30 30 30 3 30 30 30 30 30 3 30 30 30
15 15 30 15 30 30 15 30 30 30 22 30 15 15
30 30 30 30 30 30 30 30 30 30 30 30 30 30
30 30 30 30 30 30 30 30 30 30 30 30
30 30 30 30 30 3 30 3 30 30 30 3
30 30 30 30 30 30 30 30 30 30 30 5 3 30 30 30 30 30 30 30 30 30 30 30 30 30 3 30 30 30 30 30 30 3 30 3 30 30 30 30 30 30 30 30 30 30 30 30 30
15 30 30 12 30 30 30 15 30 22 30 27 15 30 3 30 30 30 30 15 15 22 30 30 30 15 30 30 15 15 30 30 3 12 30 30 30 30 30 15 30 30 30
30 30 30 30 30 30 30 30 30 30 30 30 30 30 30 30 30 30 30 30 30
30 15 30 30 30 15 30 30 30 30 30 30 30 30 15 15 30 30
30 30 30 30 30 30 30 30 30 30 30 30 30 30
30 30 30 30 30 30 30 30 30 30 30 30 30 30
30 30 30 30 30 30 30 30 30 30 30 30 30 30 30 30
30 15 30 30 30 30 15 15 22 30 30 30 30 15 30 15 30 30 30 30 30 30 30 30 30 30 30 30 30 15 30
3 30 30 8 30 30 30 30 5 3 30 30 3 30 30 3 30 30 30 30 30 30 30 30 30 30 30 30 30
30 30 30 30 30 30 30 30 30 30 30 30 30 30 15 15 15 15 30 30 30
30 30 30 30 30 30 30 30 30 30 30 30 30
30 30 30 30 30 15 3 30 30 15 30 15 3 30 30 12
30 30 30 30 30 30 30 30 30 30 30 30 30 30 30 30 30 30 30 30 30 30 30 30 30 30 30 30 30 30
30 30 30 15 30 30 15 30 30 30 30 12 15 30 30 15 23 15 15 15 30 1
30 30 30 30 30 30 30 30 30 30 30 30 30 30 30 30 30 30 30 30 30 30 30 30 30 30 30 30 30 30 30 30 30 30
30 30 30 30 30 30 30 30 30 30 30 30 30 30 30 30 30 30 30 30 30 30 30 30 30 30 30
30 30 30 30 30 30 3 30 30 30 30 30 30 30 30 30 3 3 30 30 30 30
30 30 30 30 30 30 30 30 30 30 30 30
3 30 30 30 3 30 3 30 30 30 30 30 30 30 30 30 30
30 30 30 30 30 30 30 30 30 30 30 30 30 30 30 30 30 30 30 30 30 30 30 30 30 30 30 30 30 30
30 30 30 30 30 30 30 30 15 30 15 30 30 30 30 30 15 15 30
30 30 30 30 30 30 30 30 30 30 30 30 30 30
15 15 30 15 15 22 30 30 30 30 15 15
30 30 30 30 30 30 30 30 30 30 30 30
30 30 30 15 15 30 30 30 30 30 30 15 15 30
30 30 30 30 30 30 30 30 30 30 30 30 30 30 30 30 30 30 30 30 30 30
30 30 15 26 30 15 15 30 15 15 15 30 30 15 15 15 30 15 30 30 15 30 15 30
30 30 30 15 30 30 30 30 30 30 30 15 30 30 30 30 30 15 30 30 15 30 30 30 30 30 30
30 30 30 30 30 30 30 15 30 15 30 30 15 30 30 30 15 30
30 30 30 30 30 30 30 30 30 30 30 30 30
30 30 30 30 30 30 30 30 30 30 30 30
30 30 30 30 30 30 30 30 30 30 30 30 30
30 30 30 30 30 30 30 30 30 30 30 30
30 30 30 30 30 30 30 15 30 30 30 15 30 15 15
30 30 30 30 30 30 30 30 30 3 30 30 3 30 30 30 30 30 30 30 30 30 30 3 30 30 30 30 30 30 30
30 30 3 30 30 30 3 30 30 30 30 30 3
30 30 30 30 30 30 30 30 30 30 30 30 30 30 30 30 30 30 30 30 30 30
30 30 30 15 30 30 30 15 30 15 30 30 15 30 30 30 30 30 30
30 30 30 30 30 30 30 15 30 30 15 30 15 30 15
30 30 30 30 30 15 15 30 15 30 15 30 30 30 30 30 30
30 30 30 30 30 30 30 30 30 30 30 30 30 30
30 30 30 30 30 30 30 30 30 30 30 30 30 30
30 30 30 30 30 30 30 30 30 30 30 30 30 30 30 30 30 30 30 30
30 30 30 30 30 30 30 30 30 30 30 30
30 30 30 30 30 30 30 30 30 30 30 30 30
30 30 30 30 30 30 30 30 30 30 30 30 30 30 30 30
30 15 30 30 15 30 30 30 15 30 30 30 30 30 30 30 15 30
15 30 15 30 30 30 30 30 30 30 30 30 15 15 30
15 30 30 15 15 30 15 30 22 15 30 30 30 30 30 30 15 30
30 15 30 30 30 30 30 3 30 30 3 30 30 30 30 3 30 30 30 12 30 15 30 30 15 5 30 30 1 3 30 15 30 30 19 30
30 30 30 30 30 30 30 30 30 30 30 30 30 30
30 30 30 30 30 30 30 30 30 30 30 30 30 30
30 30 30 30 30 30 30 30 30 30 30 30
30 30 30 30 30 30 30 30 30 30 30 30 30
30 15 30 30 15 22 15 15 30 30 22 30 30
30 30 30 30 30 15 30 15 15 30 30 30 30 30 30 30 30 15 30
30 30 30 30 30 30 30 30 30 30 30 30
30 30 30 30 30 30 30 30 30 30 30 30
15 30 30 15 30 15 15 30 30 30 30 30 30
30 30 30 30 30 30 30 30 30 30 30 30 30 30 30 30 30 30 30 30 30 30 30 30 30
30 15 30 30 3 30 30 30 30 30 30 30 30 30 30 30 30 30 30 30 30 30 30 3 30 30 15 30 12 15
30 30 30 30 30 30 30 30 30 30 30 30 30 30 30 30 30 30
30 30 30 30 30 30 30 30 30 30 30 30 30 30 30 30 30 30 30 30 30 30 30 30 30 30 30 30 30 30 30 30
30 30 30 30 30 30 30 30 30 30 30 30 30 30 30
30 30 30 3 30 30 30 3 30 3 30 30 30
30 30 30 30 30 30 30 3 30 30 30 30 30 30 30 30 30 3 30 30 30 30 3
30 30 30 30 30 30 30 30 30 30 30 30 30 30
30 30 30 30 30 30 30 30 30 30 30 30
30 30 15 30 30 30 30 30 15 30 30 30 30 30 30 30 15 30 30 30 30 30 30 30 30 30 30 15 30 30 30 30 30 30 30 30 30 30 30 30 30
30 30 30 30 30 30 30 30 30 30 30 30 30 30
30 30 30 30 30 30 30 30 30 30 30 30 30 30 30 30 30 30 30
30 30 30 30 30 30 30 30 30 30 30 30 30 30 30 30 30 30 30 30 30
30 30 30 30 30 30 30 30 30 30 30 30 30 30 30 30 30 30 30 30 30 30 30 30 30 30 30
30 30 30 30 30 30 30 30 30 30 30 30 30 30 30 30 30 30 30
30 30 30 30 30 30 30 30 30 30 30 30 30 30 30 30 30 30 30 15 30 30 15 30 15 30 30 30 30 30 30 30 15 30 30 30 30 30 30 30 30
30 30 30 30 30 30 30 30 30 30 30 30 30 30 30 30 30 30 30 30 30 30
3 30 30 30 30 30 3 30 30 30 30 30 30 30 3 30 30 30
30 30 30 30 30 30 30 30 30 30 30 30 30
30 30 30 30 30 30 30 30 30 30 30 30 30 30 30 30 30 30 30 30 30
15 30 15 30 30 30 30 30 30 15 30 30 15
30 30 30 30 30 30 30 30 30 30 30 30 30 30 30
30 30 30 30 30 30 30 30 30 30 30 30 30 30 30 30 30 30
30 30 30 30 30 30 30 30 30 30 30 30 30 30 30 30 30 30 30
30 30 30 30 3 30 30 30 3 30 30 30 30 30 30 3
30 30 30 30 30 30 30 30 30 30 30 30 30 30 30
3 30 30 30 30 30 12 12 30 30 30 15 15
30 30 30 30 15 30 15 30 30 30 30 3 15 30 30 30 30 3 15 30 30 30 15 12 30 17 3
30 30 30 30 30 30 30 30 30 30 30 30 30 30
30 30 30 30 30 30 30 30 30 30 30 30 30 30 30 30 30 30 30 30
30 30 30 30 30 30 30 30 30 30 30 30 30 30
30 30 30 30 30 30 30 30 30 30 30 30 30 30 30
30 30 30 30 30 30 30 30 30 30 30 30 30
30 30 30 30 30 15 30 12 30 30 30 30 30 30 30 30 30 30 30 30 15 30 30 30 30 30 30 30 30 30 3 30 15 30 30 30 3 30
30 30 30 30 30 30 30 30 30 30 30 30 30 30 30
15 30 30 15 15 15 30 30 15 15 30 15 15 30 25 15
30 30 30 30 15 30 15 30 30 30 30 30 30 30 30 15 30 30 15 30 30 22 30 30 30 15 30 30 30 15 30 30 30
30 30 30 30 30 30 30 30 30 30 30 30
30 30 30 30 30 30 30 30 30 30 30 30 30 30
30 15 30 30 30 30 30 15 30 30 15 30 15
30 30 30 30 15 30 15 30 30 30 30 30 15 30 30 30 30 30 30 30 30 30 30 30 30 30 15 30 30 30
30 30 30 30 30 30 30 30 30 30 30 30
30 30 15 15 30 30 15 30 30 30 30 15
30 3 3 15 30 30 30 30 30 30 15 30 15 30 30 30 30 1 30 30 30 30 30 30
30 3 1 15 30 30 30 15 30 30 30 30 30 3 30 30 30 15 30 30 30
30 30 30 30 30 30 30 30 30 30 30 30 30 30 30 30 30 30 30 30 30 30 30 30
30 30 30 30 30 30 30 30 30 30 30 30 30 30 30 30 30 30 30 30 30
30 30 30 30 30 30 30 30 30 30 30 30 30 30 30
30 30 30 30 30 30 30 30 30 30 30 30 30 30 30 30 30 30 30 30 30 30 30 30 30 30 30 30 30 30 30 30 30 30 30 30 30 30 30 30 30 30 30 30 30 30 30 30 30 30 30 30 30 30 30
30 30 30 30 30 30 30 30 30 30 30 30
30 30 30 30 15 15 30 30 30 30 30 15 15 30
30 15 15 30 30 30 15 30 30 30 30 30 15
30 30 30 30 30 30 30 30 30 30 30 30
30 30 30 30 30 30 30 30 30 30 30 30 30 30 30
30 30 30 30 30 30 30 30 30 30 30 30 30 30 30 30 30 30 30 30 30 30 30 30 30 30 30 30 30 30
30 30 15 15 30 30 15 30 30 30 30 15 30 30 30 30 15 30 30 15 30 30 30 30 30 30 30 30 30 30 22 30
30 30 30 30 30 30 30 30 15 30 30 30 15 30 30 30 30 30 30 15 30 30 30 15 30 30