558 558 558 558 558 558 558
558 558 558 558 138 558 558 558 558 558 558 558 558
558 558 558 558 558 558 558
558 558 558 558 558 558 558
133 558 558 133 558 558 558 15 558 133
133 133 133 343 443 343 343 343
558 558 558 558 558 558 558
133 133 443 343 133 343 343 343
558 558 558 138 558 558 558 558 558 558 558 558 558
468 468 558 343 558 558 558 468 468 468 343 558 558 343 558 558 558 343 263 558 558 558
56 56 56 56 56 56 56 56
56 56 56 468 468 343 343 468 197 56 343 56 56 468 468 343 56
56 56 56 56 56 56 56 56
187 343 468 468 343 468 216 468 343 133 468 468 343 468 133 468 468 343 343 468 386 343
558 558 558 558 558 558 558
558 558 558 468 558 468 386 468 343 343 558 468 486 558 157 343
558 56 56 558 56 558 56 56 56 56 558 558 183 558
558 558 558 558 558 558 558
580 580 343 343 468 468 343 468 468
56 56 56 56 56 56 56 56
145 468 56 56 56 56 468 56 468 145 468 56
431 56 468 56 318 468 468 318 56 318 56 56 56 468 468 318 318 318 318 318 318 318 318 56
115 115 115 115 115 115 115 115 115
468 343 468 343 66 468 343 343 343 468 468 343 343 343
558 558 558 558 558 558 558
468 343 343 343 133 341 468 133 343 343 343 133 343 343 133 133 468 468 133 133 468 152
368 368 368 368 368 368 368 368 368 368 368 368 368 368 368 368 368 368 368 368 368 368 368 368 368 368 368 368 368 368 368 368 368 368 368 368 368 368
368 368 368 368 368 368 368 368 368 368 368 368 368 368 368 368 368 368 368 368 368 368 368 368 368 368 368 368 368 368 368 368 368 368 368 368 368 368
448 448 448 448 448 448 448 448 448 448 448 448 448 448 448
558 558 558 558 558 558 558
115 115 115 115 115 115 115 115 115
115 115 115 115 115 115 115 115 115
133 133 133 342 133 133 133
343 17 343 343 343 343 343 343 343 343 343 343 343
56 56 56 56 56 56 56 56
343 56 56 139 133 56 56 343 56 343 133 343 56 133 56
558 558 558 115 115 558 558 115 133 303 343 133 343 115 558 133 115 115 115 115 343 343
320 252 468 468 252 252 252 468 252 252 252 252 252 252 468 468
558 56 56 56 468 409 558 558 468 558 343 56 343 56 558 468 56 56 468 343 468 558 96 343 96 56 56 56 343 56 56 343
558 558 558 558 558 558 558
133 343 343 343 343 468 343 343 343 133 468 343 133 91 468 468 468
558 558 468 558 468 558 468 89 558 468 558 468
318 318 318 318 318 318 318 318 318 318 318 318
60 60 60 60 60 60 60 60 60 60 60 60 60 60 60 60 60 60 60 60 60 60
115 115 115 115 115 115 115 115 115
558 133 133 558 133 133 133 133 558 133 133 558 133 133 133 558 133 558 110
115 115 115 115 115 115 115 115 115
558 558 558 558 558 558 558
280 115 280 180 318 280 115 476 318 180 180 280 318 318 318 476 318 318 280 318 318 318
558 558 558 558 558 558 558
558 558 558 558 558 558 558
180 115 115 180 373 180 115 115 218 180 194 115 218 180 115 373 218
56 56 56 56 56 56 56 56
407 558 558 468 407 407 64 407 429 468 407 468 343 468 579 486 468 343 407 468 407 468 407 558 468 558 64 429 3 558 468 527 407 407 429 468
115 56 56 115 56 56 115 115 282 56 115 115 56 115 115 56
83 56 468 83 468 31 56 56 468 31 468 468 468 83 468 343 343 468 499 343 98 364 468 343 343 105
558 133 558 558 58 133 558 133 558 58 133
343 133 133 501 343 133 343 133 133 343 133
558 558 558 558 558 558 558
56 56 56 56 56 56 56 56
343 468 468 407 407 56 56 343 343 515 407 133 407 468 56 468 407 468 468 56 133 343 56 407 56 407 407 468 56 407 407 133 407 468 468 468 407 407
180 180 56 180 56 180 180 180 326 180 180 180 56 56 56 56 56
558 133 558 558 468 468 558 133 133 468 558 468 468 120 558
318 318 318 318 318 318 318 318 318 318 318 318
133 133 558 133 558 558 15 558 558 558
115 115 88 115 115 115 468 558 115 468 468 468 468 468 558 115 558 468 400 468 558 468 558 468 124 486 468 468 468
56 56 56 56 56 56 56 56
386 74 468 468 468 133 468 387 343 468 343 133 343 133 133
448 366 366 366 366 448 366 448 448 366 448 448 366 448 448 366 448 448 448 366 574 448 366 448 448 366 366
343 56 343 3 343 468 468 3 343 56 468 386 468 468 468 56 343 56 343 486 56 56 352 343 56 3 468 468
558 89 468 468 468 558 468 558 558 558 468 558
56 56 56 56 56 56 56 56
180 252 180 420 252 252 252 180 252 252 180 193 257 180 252 180 252 180 180 252
180 180 180 180 180 180 180 180 180 180
318 318 318 318 318 318 318 318 318 318 318 318
407 407 180 343 56 180 180 343 407 180 180 268 268 407 180 180 268 268 407 180 407 343 180 0 180 180 407 343 407 268 180 56 407 180 407 407 407 407
407 115 407 115 407 407 115 115 115 115 407 407 407 407 407 407 407 115 482 115 407 407
180 180 180 180 180 180 180 180 180 180
468 133 468 440 133 158 343 468 468 133 468 557 215 468 557 539 468
115 115 115 115 115 115 115 115 115
386 343 343 343 343 216 343 343 133 343 133 133 35 133 133
318 318 56 318 318 318 56 318 56 318 56 56 56 318 56 403 318 318 318
468 48 468 48 468 468 468 468 468 468
343 343 468 581 343 468 343 468 468 468
252 252 252 115 558 252 435 115 115 252 115 558 115 558 435 252 115 558 252 558 115 252 252
558 558 558 558 558 558 558
56 56 56 56 56 56 56 56
468 468 468 343 343 343 581 343 468 468
558 558 558 558 558 558 558
180 343 343 180 180 180 180 343 232 232 180 180 180
366 366 366 366 366 366 366 366 366 366 366 366 366
318 318 318 133 468 408 318 468 318 468 468 318 318 468 468 318 468 318 468 468 318 133 318 468 133
46 46 558 46 558 46 46 46
558 558 558 558 558 558 558
368 368 368 368 368 368 368 368 368 368 368 368 368 368 368 368 368 368 368 368 368 368 368 368 368 368 368 368 368 368 368 368 368 368 368 368 368 368
558 558 558 558 558 558 558
180 180 180 180 180 180 180 180 180 180
96 56 468 56 56 96 468 184 56 468 56 343 468 468 343
448 448 448 448 448 448 448 448 448 448 448 448 448 448 448
180 180 180 180 180 180 180 180 180 180
56 56 56 56 56 56 56 56
558 558 558 138 558 558 558 558 558 558 558 558 558
558 343 558 558 343 558 58 558 558 343 343
558 558 558 558 558 558 558
468 486 468 468 486 467 468
56 56 56 56 56 56 56 56
520 133 468 468 133 468 468 133 468
468 558 89 468 558 558 558 468 558 558 468 468
115 115 115 167 343 343 115 343 115 115 343 115 115
252 558 252 252 252 252 558 252 252 252 558 252 252 558 558 558 346
133 133 133 133 133 133 563 133 341 133 133 133 133 341
343 343 343 115 56 468 115 115 468 56 468 56 343 343 468 386 56 56 56 115 115 343 115 56 115 115 386 396 468
468 343 343 343 558 362 558 468 468 468 558 468 343 343 558 486 468 343 343 343 468 468 343 343 343 579 468 468 343 468 468 468 558 468
558 558 558 558 558 558 558
56 56 56 56 56 56 56 56
343 468 468 468 468 468 343 468 468 468 468 468 343 343 100
56 56 56 56 56 56 56 56
133 343 468 343 133 133 133 223 343 343 468 343 468 468 343 343 343 343 343 343 468 133 133 343 343 343 343 343
56 56 56 56 56 56 56 56
25 8 8 468 8 8 8 8 8 468 8 133 8 519 468 8 8 468 8 8 8 133 8 8 8 8 8
180 180 180 180 180 180 180 180 180 180
133 216 133 133 216 133 387
343 343 343 343 343 343 343 343 500
180 180 180 180 180 180 180 180 180 180
468 558 30 30 558 30 30 30
318 318 318 318 318 318 318 318 318 318 318 318
558 104 558 104 558 104 558 558 558 104
558 558 558 133 133 15 558 133 558 558
343 343 468 343 468 468 343 468 468 48 343 343 343 468 159 343 468 468
56 56 56 133 85 56 56 133 56 133 56
115 115 115 115 115 115 115 115 115
318 318 419 318 318 318 115 115 115 419 419 115 318 115 318 115 318 318
115 115 115 115 115 115 115 115 115
468 468 467 467 487 468 468 468
342 133 133 133 133 133 133
558 104 558 104 558 104 558 558 558 104
468 468 56 56 468 468 56 56 56 56 56 468 146
375 558 202 133 84 558 558 173 115 115 558 115 133 115 558 558 558 84 115 558 558 558 173
468 468 468 468 133 343 468 468 468 133 343 133 468 48 468 468 343 468 468 213 343 468
201 115 115 558 161 201 201 201 201 115 46
343 343 343 343 343 343 343 343 500
115 115 115 115 115 115 115 115 115
56 56 56 56 56 56 56 56
343 343 499 343 343 343 499 343
115 558 115 115 558 558 115 115 240 115 558 115 558 115 558
518 468 468 518 468 133 133 133 442 133 468 133 468 468 468 518 128
56 56 56 56 56 56 56 56
115 115 115 115 115 115 115 115 115
343 343 343 343 343 499 343 499
558 468 558 468 558 558 558 558 468 558 558 558 211 84 211
252 252 252 252 252 252 252 252 252 252 252
56 56 56 56 56 56 56 56
180 180 180 180 180 180 180 180 180 180
180 180 558 180 296 558 180 558 180 558 180 180 180 296 558
468 468 468 49 468 468 468 468 468 468 468
558 558 558 137 558 558 558 558 558 137 558 558
559 559 468 343 133 559 518 468
63 56 558 56 56 195 579 558 558 56 56 56 558 558
343 558 343 558 558 468 386 343 468 88 468 558 343 310 558 558 343 558 558 386 343 558 468 558 558
252 252 252 481 481 252 407 252 407 252 252 180 407 481 237 237 481 252 564 407 407 180 407 564 407 530
56 56 56 56 56 56 56 56
343 343 443 133 343 133 343 133
468 115 468 115 243 468 154 468 343 558 468 56 269 56 56 439 439 115 558 56 558 343 56 343 143 56 486 343 343
558 558 558 231 231 231 56 325 231 558 180 180 180 558 231 325
468 468 468 468 100 468 343 343 468 468 468 468 468 343 343
468 115 468 115 468 279 468 468 115 468 115 115 115 468 468 468 115 468 115
468 558 468 468 558 558 468 558 468 558 558 89
56 56 56 56 56 56 56 56
133 180 180 180 180 180 589 133 180 180 180 180 133 210
407 448 448 448 448 448 407 407 448 407 407 407 448 2 448 407 407 448 448 407 407 448 407 448 2 448 407
343 468 65 386 558 488 115 343 343 468 558 468 115 343 343 115 343 558 468 558 468 343 343 558 558 115 343 558 468 343 468 558 343 115 343 579 115 386 468 115 343 115 558 343 343 486 558 343 486 343
133 133 133 133 133 342 133
558 558 558 558 558 558 558 255 558 558 558 558 558 255 558 558 558
8 8 8 8 8 8 8 8 115 115 115 115 115 115 115 8 8 8 8 8 8 8 43 8 115 8 8 8
56 56 56 56 56 56 56 56
56 56 56 56 56 56 56 56
558 558 558 558 558 558 558
558 558 558 558 558 558 558
343 468 343 133 343 133 468 468 343 343 133 468 91 343 343 343 468
336 468 115 336 180 468 180 280 468 280 180 280 115 468 280 280
3 468 3 3 468 468 3 468
14 115 115 260 115 343 115 441 115 468 468 559 468 115 115 115 441
343 468 468 343 468 468 343 468 581 343
558 558 558 558 558 558 558
343 387 467 467 343 343 343
56 56 56 56 56 56 56 56
518 462 180 268 300 180 180 218 237 115 468 237 462 180 468 237 268 218 218 180 180 237 47
115 558 240 115 558 115 558 115 558 115 115 558 115 558 115
115 115 115 115 115 115 115 115 115
60 60 60 60 60 60 60 60 60 60 60 60 60 60 60 60 60 60 60 60 60 60
85 133 56 56 56 133 56 133 56 56 56
56 56 56 56 85 56 133 56 56 133 133
343 343 468 133 558 343 343 379 468 133 343 343 558 558 558 468 133 558 133 343 558 558 468 133 558 343 133 558 558 468 468 468 558 558 468 468 468
467 407 407 407 468 468 56 407 467 343 407 407 407 343 407 56 407 407 56 407 468 56 343 56 468 407 496 407 468 343 56 56
343 558 558 343 88 558 147 343 343 343 558 343 147 343
180 180 180 180 180 180 180 180 180 180
115 56 56 393 56 115 56 56 115 56 115 56 115 115 115 393 56 56 56 56 56
56 56 56 56 56 56 56 56
124 558 115 468 579 468 558 115 558 468 558 115 468 558 322 499 115 115 115 115
558 343 498 450 63 343 468 558 343 63 147 558 343 468 468 343 343 468 486 343 343 133 468 343 343 558 468 216 468 468 133 343 498 63 558 133 468 558 343 88 343 343 558 343
468 133 133 133 582 468 133 468 468 133 133 468
343 468 343 468 468 581 343 343 468 468
558 558 558 558 558 558 558
180 180 180 180 180 180 180 180 180 180
115 115 115 115 115 115 115 115 115
558 558 558 558 558 558 558
343 386 386 343 343 343 343 343 520
558 558 558 558 138 558 558 558 558 558 558 558 558
115 115 115 115 115 115 115 115 115
343 343 343 343 133 133 443 133
407 407 407 407 407 407 407 407 407 407 407 407 407 407
180 180 180 180 180 180 180 180 180 180
133 468 468 343 133 468 133 343 343 468 34 468 343
115 115 115 115 115 115 343 343 115 115 343 343 167
318 318 318 318 318 318 318 318 318 318 318 318
558 558 558 558 558 558 558
558 558 558 558 558 558 558
115 115 115 115 115 115 115 115 115
115 115 115 115 115 115 115 115 115
56 56 56 56 56 56 56 56
468 468 48 468 48 468 468 468 468 468
558 558 558 558 558 558 558
343 343 343 343 500 343 343 343 343
144 47 3 56 202 202 468 56 468 56 83 56 468
343 500 343 343 343 343 343 343 343
56 201 201 201 56 56 56 558 56 161 337 115 201 56 56 115 115 46
60 60 60 60 60 60 60 60 60 60 60 60 60 60 60 60 60 60 60 60 60 60
558 558 558 558 558 558 558 255 558 558 558 558 558 255 558 558 558
133 133 133 133 133 133 133 341 133 19 133 133 133 133 133 133 133 133
558 558 558 343 58 343 558 558 343 558 343
407 407 407 407 407 407 407 407 407 407 407 407 407 407
180 180 180 180 180 180 180 180 180 180
473 522 508 180 343 490 343 448 467 508 490 180 448 448 448 180 558 467 343 448 558 490 343 448 490 448 558
558 558 558 558 558 558 558
558 558 558 558 558 558 558
56 56 56 343 106 343 56 56 343 56 343 56
56 468 56 56 589 278 254 56 133 181 468 468 136 133 181 56 133 181
56 56 56 56 56 56 56 56
133 558 558 558 133 133 341 59 133 558 558 558
468 343 343 558 343 343 558 558 468 343 372 343 558 343 366 486 468 343 343 366 558 366 343 343 366 468 558 366 468 343 366 529 366 343 366 343 133 343 343 343 343 343 343 468 366 133 468 366 468 468 366 133
407 468 481 407 180 407 468 407 407 407 180 493 289 289 407 481 481 481 481 466
252 329 252 252 407 426 410 208 558 366 422 451 586 468 407 405 468 366 26 366 468 377 335 558 407 101 180 407 551 577 208 446 366 468 558 252 451 446 366 437 468 558 468 407 366 180 437 366
558 558 558 558 558 558 558
115 343 468 558 115 333 468 558 558 115 115 115 47 558 47 115 468 468 468 115 115 343
115 115 115 115 115 115 115 115 115
558 558 558 558 558 558 558
558 558 558 558 558 558 558
558 558 558 558 558 558 558
56 56 56 56 56 56 56 56
343 343 343 343 500 343 343 343 343
180 180 180 180 180 180 180 180 180 180
180 180 180 180 180 180 180 180 180 180
558 558 558 558 558 558 558
56 56 56 56 56 56 56 56
558 558 558 558 558 558 558
56 56 56 56 56 56 56 56
407 482 407 115 407 115 115 407 407 115 115 407 407 115 115 407 115 407 407 407 407 407
8 8 8 8 8 8 8 8 8 8 8 8 8 8 8 8 8 8 8 8
558 579 56 558 56 558 558 558 579 558 56 558 558 56 56 558 182 56 302
468 49 468 468 468 468 468 468 468 468 468
287 67 133 216 133 133 589 133 287 468 467 468 133 133 468 133 468 468
56 56 56 343 56 343 56 56 343 106 343 56
56 56 56 56 56 56 56 56
115 115 115 115 115 115 115 115 115
368 368 368 368 368 368 368 368 368 368 368 368 368 368 368 368 368 368 368 368 368 368 368 368 368 368 368 368 368 368 368 368 368 368 368 368 368 368
558 558 558 558 558 558 558
180 180 180 468 468 468 468 180 468 259 180 180 180 180 180
56 56 56 56 56 56 56 56
407 180 407 407 407 180 180 407 411 407 407 407 407 407 180 407 407 407 407 180 180 180 407 407 407 407 407 407 37 180 407 180 407 407 411 407
133 343 468 468 468 468 468 558 468 558 468 468 343 558 343 468 468 468 468 468 133 558 558 468 133 468 343 317 558
558 558 558 558 558 558 558
343 252 468 558 252 252 252 413 558 343 343 391 558 331 63 442 413 468 468 288 331 468 558 459 343 343 468 252 391 468
83 343 343 56 517 56 114 455 56 83 430 56 468 56 83 343 56 343 71 56 56 45 384 56 578 486 56 56 56 71
343 468 468 343 468 468 581 343 343 468
133 558 468 558 468 469 486 133 14 558 558 558 133 133 559 133 133 256 48 133 343 133 216 468
180 180 180 180 180 180 180 180 180 180
558 558 558 558 558 558 558
174 558 174 558 56 56 56 558 174 56 558 56
115 558 558 115 115 468 468 468 468 558 343 558 115 115 343 558 115 468 468 343 468 558 115 468 558 468 468 468 558 468 558 468 343 115 468 558 558 460 558 468
318 318 419 318 318 318 115 115 115 419 419 115 318 115 318 115 318 318
558 558 558 558 558 558 558
8 8 8 8 8 8 8 8 8 8 8 8 8 8 8 8 8 8 8 8
8 8 8 8 8 8 8 8 8 8 8 8 8 8 8 8 8 8 8 8
468 581 468 343 343 343 343 468 468 468
115 115 115 115 115 115 115 115 115
558 558 558 558 558 558 558
558 56 558 558 558 56 343 343 56 56 343 56 56 236 56 343 558 558
56 234 56 56 56 56 56 56 56 56 56 56 56 56 56
343 343 343 343 343 343 343 500 343
558 558 468 468 558 558 89 468 468 558 558 468
468 468 468 468 343 468 343 468 343 468 468 343 468 468 186 468 468 468 468 468
56 56 56 56 56 56 56 56
60 60 60 60 60 60 60 60 60 60 60 60 60 60 60 60 60 60 60 60 60 60
558 343 558 558 558 558 343 343 558 343 58
133 133 558 558 468 468 558 468 558 468 133 150 558 133 133 133 468 558
343 468 343 133 133 468 133 468 343 34 468 343 468
558 558 558 558 558 558 558
115 115 115 115 115 115 115 115 115
40 490 40 84 180 558 463 61 318 558 366 463 448 318 448 558 454 40 366 180 448 448 318 448 180 448 61 366 448 558 40 448 390
468 468 343 343 343 468 468 468 581 343
56 56 56 56 56 56 56 56
133 468 133 468 468 520 133 468 468
161 115 350 161 115 161 115 115 115 115 115 115 239 115 115 161 161
558 558 558 558 558 558 558
558 558 558 558 558 558 558
558 558 558 558 558 558 558
558 558 558 558 558 558 558
558 558 558 558 558 558 558
56 56 56 56 56 56 56 56
558 558 558 558 558 558 558
468 468 343 468 343 343 468 581 468 343
133 133 444 341 133 133 133 133 133
56 56 56 56 56 56 56 56
558 343 558 343 343 558 558 58 558 558 343
558 558 558 558 558 558 558
8 8 8 8 8 8 8 8 8 8 8 8 8 8 8 8 8 8 8 8
407 407 407 407 407 407 407 407 407 407 407 407 407 407
558 454 454 173 505 558 463 558 558 318 536 239 318 115 454 366 366 115 115 454 558 463 454 115 366 318 461
180 180 180 180 180 180 180 180 180 180
343 133 133 443 343 343 343 133
343 343 343 343 343 343 5 343 5 486
56 56 56 56 56 56 56 56
343 343 558 343 148 343 88 343 343 343 558 343 88 558 558
343 468 581 468 468 468 343 468 343 343
468 468 343 343 468 581 468 468 343 343
133 343 133 443 343 343 343 133
115 115 115 115 115 115 115 115 115
558 558 133 558 441 343 558 133 343 108 558 441 558 133 441
558 343 343 343 198 499 467 133 343 558 133 343 558 343 467 343 133 343 343 558 558 558 343
48 468 468 468 468 468 468 468 468 48
115 492 180 492 115 468 115 115 180 468 180 180 115 468 180 180 180 115 209 468 209 180 226 180 115 180 180 180 180
133 580 33 343 133 343 468 468 343 133 468 468
343 467 133 133 287 467 343 467 133 56 133 133 467 343 133 343 467 442 133 467 56 467 56 56 343 56 133 56 343 467 287 304 467 343 56 467 133 133
343 343 468 343 264 558 343 558 133 343 558 343 468 558 468 343 343 343 558 468 558 133 343 343 133 468 343
343 233 180 180 180 343 180 343 343 180 180 180 180 180
558 558 558 558 558 558 558
8 180 8 180 8 180 8 8 8 8 8 8 8 8 180 8 180 180 180 8 8 8 8 8 180 54 8 8 180
56 133 133 56 56 85 56 56 56 56 133
558 558 558 558 558 558 558
56 468 468 56 468 56 56 468 56 468 56 468 468 468 468 56 468 228
368 368 368 368 368 368 368 368 368 368 368 368 368 368 368 368 368 368 368 368 368 368 368 368 368 368 368 368 368 368 368 368 368 368 368 368 368 368
8 8 8 8 8 8 8 8 8 8 8 8 8 8 8 8 8 8 8 8
8 8 8 8 8 8 8 8 8 8 8 8 8 8 8 8 8 8 8 8
318 318 318 318 318 318 318 318 318 318 318 318
503 503 503 503 503 503 503 503 503 503 503 503 503 503 503 503 503
133 115 115 133 115 115 115 115 115 145 133 115
343 343 343 343 486 73 386 468 343 343 468 468 468 343
558 558 558 558 558 558 558
133 468 468 56 133 133 169 468 56 56 468 56 56 56 56 468
180 180 180 180 180 180 180 180 180 180
56 56 56 56 56 56 56 56
468 468 468 468 468 468 468 49 468 468 468
56 56 56 56 56 56 56 56
56 56 56 56 56 56 56 56
115 115 115 115 115 115 115 115 115
133 56 133 56 85 56 133 56 56 56 56
487 318 318 318 468 528 115 318 318 135 541 468 32 468 135 343 498 343 343 318 343 468 343 486 318 318 318 115 343 115 468 155 499 318 386 468 318 115 413 581 115
115 115 115 115 115 115 115 115 115
63 558 468 271 468 468 558 63 558 558 558 558 271 468 558 558 468 468
343 343 343 58 558 558 343 558 558 558 558
115 115 115 115 115 115 115 115 115
407 407 407 407 407 407 407 407 407 407 407 407 407 407
115 115 115 115 115 115 115 115 115
343 580 343 343 468 468 580 468 468
503 503 503 503 503 503 503 503 503 503 503 503 503 503 503 503 503
558 558 558 558 558 558 558
558 558 558 558 558 558 558
343 133 343 558 558 133 558 343 133 133 133 343 558 133 133 343 133 343 133 558 343 188 558 343
407 407 366 553 407 397 407 366 407 553 366 366 366 407 553 366 407 366 418 407 366 407 366 418
468 558 558 468 558 468 558 558 468 89 468 558
343 558 558 558 343 343 343 343 341 558 558 343 413 413 133 558 133 159
558 157 468 558 558 579 558 468 558 343 468 386 343 468 468 343
343 468 581 343 468 343 343 468 468 468
558 558 558 558 558 558 558
558 58 558 558 343 558 343 558 343 343 558
133 468 109 468 468 133 468 216 133 468 486 133 468 468 468 133 468
580 343 343 468 468 343 468 580 468
115 115 115 115 115 115 115 115 115
115 454 454 202 56 24 56 343 463 441 115 115 318 115 56 505 56 115 318 115 454 454 366 115 56 115 133 115 318 56 343 441 115 463 366 115 366 56 454 115 115 477 133
56 56 56 56 56 56 56 56
56 56 56 56 56 56 56 56
558 558 558 558 558 558 558
56 56 343 56 468 468 468 468 468 56 56 343 56 343 56 197 343
558 558 558 558 558 558 558
56 558 56 558 558 558 183 558 56 56 56 558 56 56
56 558 56 56 56 558 56 558 558 558 182 182 56
280 115 280 180 180 280 280 180 280 115 280 280
558 558 558 558 558 558 558
558 558 558 558 558 558 558
115 115 115 115 115 115 115 115 115
468 558 133 118 558 118 468 558 558 558 468 133 468
468 468 231 468 231 231 231 56 468 231 180 180 180 301 468 231
558 558 558 558 558 558 558
162 558 558 162 162 56 162 56 558 56 56
318 318 318 318 318 318 318 318 318 318 318 318
558 558 558 558 558 558 558
133 133 520 468 468 133 468 468 468
368 368 368 368 368 368 368 368 368 368 368 368 368 368 368 368 368 368 368 368 368 368 368 368 368 368 368 368 368 368 368 368 368 368 368 368 368 368
343 343 73 486 343 468 343 343 386 343 468 468 468 343
343 133 133 501 343 343 343 133 133 133 133
581 468 468 343 468 468 468 343 343 343
558 558 558 558 558 558 558
558 343 343 558 558 558 558 558 343 185 558 558 558 558 343 558 558
56 56 56 56 56 56 56 56
133 133 133 133 342 133 133
558 558 558 558 558 558 558
558 558 133 133 15 558 133 558 558 558
56 56 56 56 56 56 56 56
252 252 252 481 481 252 407 252 407 252 252 180 407 481 237 237 481 252 564 407 407 180 407 564 407 530
558 558 558 558 558 558 558
558 558 558 558 558 558 558 558 558 558 558 558 138
558 558 558 558 558 558 558
558 558 558 558 558 558 558
343 343 343 500 343 343 343 343 343
343 343 558 115 468 84 333 558 84 115 343 115 115 343 558 115 115 558 468 468 115 115
343 133 133 468 343 486 468 486 468 468 133 343 343 468 343 486 468 133 468 468 468 468 133 468 468 486 348 468 343 343 133 468 468 468 343
343 56 468 56 468 197 56 56 56 343 56 343 468 56 343 468 468
407 407 407 407 407 407 407 407 407 407 407 407 407 407
558 558 558 137 558 558 558 558 558 137 558 558
558 558 558 558 558 558 558
468 558 343 97 47 558 386 30 343 343 30 30
56 56 56 56 56 56 56 56
343 133 133 343 443 133 343 343
56 56 56 56 56 56 56 56
180 180 180 180 180 180 180 180 180 180
115 115 115 115 115 115 115 115 115
468 180 180 180 180 468 180 468 180 258 180 180 468 258
56 56 56 56 56 56 56 56
180 180 180 180 180 180 180 180 180 180
448 558 558 448 448 473 473 473 448 558 448 448 448 473 448 448 448 448
115 115 115 115 115 115 115 115 115
318 318 318 318 318 318 318 318 318 318 318 318
343 229 343 343 468 343 468 468 133 468 343 468 343 343 343 468 133 343 133 343 343 468 468 343 468 468
252 252 252 115 558 252 435 115 115 252 115 558 115 558 435 252 115 558 252 558 115 252 252
145 468 145 468 468 145 558 558 63 558 468 468
558 558 558 558 558 558 558
56 56 343 343 413 558 343 56 56 56 88 297 413 343 343 558 558 558 558 579 343 56
115 115 115 115 115 115 115 115 115
115 115 115 115 115 115 115 115 115
558 558 558 558 558 558 558
56 56 56 56 56 56 56 56
468 468 468 468 468 468 468 468 468 468 468 468 140 468 468 468
368 368 368 368 368 368 376 368 368 368 368 368 368 368 468 468 368 368 368 368 486 368 368 368 468 368 368 368 368 368 368 369 368 368 368 368 368 368 368 368 368 368 468
144 518 468 56 144 144 56 56 83 56 468
343 343 133 133 343 443 343 133
343 387 343 467 343 467 343
558 558 133 558 558 15 558 558 133 133
558 558 558 558 558 558 558
343 443 133 343 343 343 133 133
558 558 558 558 558 558 558
56 56 56 56 56 56 56 56
558 558 558 558 558 558 558
558 558 558 558 558 558 558
494 407 407 180 407 494 407 180 407 407 180 180 407 180 180 407 180 407 407 407 180 407
343 467 343 343 343 387 467
343 468 413 558 262 468 558 468 343 498 499 580 558 48 558 468 468 14 558 468
180 180 180 180 180 180 180 180 180 180
558 558 558 558 558 558 558
56 56 56 56 56 56 56 56
558 558 558 558 558 558 558
454 71 454 56 454 56 454 318 56 468 71 454 519 318 510 454 366 468 454 56 468 454 366 366 468 318 56 366
56 56 56 56 56 56 56 56
558 558 558 558 558 558 558
343 500 343 343 343 343 343 343 343
123 115 216 115 133 558 558 558 115 467 123 284 578 115 115 133 558 578 115
343 115 343 115 167 115 115 115 115 115 343 115 343
56 56 56 56 56 56 56 56
579 558 558 558 558 65 558 343 343 343 386
318 318 180 180 180 449 180 180 318 318 180 318 318 180 318 449 318 318 318 180
407 407 407 407 407 407 407 407 407 407 407 407 407 407 407 407 407 407 407 407 407 407 407 407 407 573 407
368 368 368 368 368 368 368 368 368 368 368 368 368 368 56 368 368 368 368 368 368 56 368 368 56 368 368 56 368 368 368 368 368 368 56 56 368 368 368 368 56 368 368 380 368
558 558 558 558 558 558 558
180 180 180 180 180 180 180 180 180 180
468 49 468 468 468 468 468 468 468 468 468
57 558 57 343 558 558 343 558 558 343
558 558 558 558 558 558 558
558 558 558 558 558 558 558
115 115 115 468 115 468 115 115 343 468 468 245 343 115 343 468 343 115
468 343 468 343 559 559 468 486 48 486
343 343 387 467 343 343 467
499 343 343 343 343 343 343 499
468 343 468 343 468 468 581 343 343 468
115 115 558 115 115 558 558 115 115 239 115 239 558 558
558 558 558 558 558 558 558
56 56 343 56 56 106 343 343 56 56 343 56
343 343 343 468 468 343 343 343 343 343 468 343 343 121 468 343 343 468
468 115 468 468 468 468 115 115 115 115 115 115 115 203
558 558 558 558 558 558 558
138 558 558 558 558 558 558 558 558 558 558 558 558
558 558 558 558 558 558 558
180 180 180 180 180 180 180 180 180 180
343 133 343 343 343 133 133 443
115 115 115 115 115 115 115 115 115
343 468 558 256 343 558 468 558 558 343 343 385 343 558 558 343 468 385 385 343 343 385 468 468
133 343 343 443 343 133 343 133
343 133 133 343 343 343 133 443
407 407 407 407 407 407 407 407 407 407 407 407 407 407
407 407 343 343 457 407 343 468 343 468 407 407 407 468 407 407 468 407 407 468 407 407 407
318 318 318 318 318 318 318 318 318 318 318 318
47 343 558 558 558 558 47 343 47
343 133 443 343 133 343 343 133
56 56 56 56 56 56 56 56
115 115 115 115 115 115 115 115 115
115 115 115 115 115 115 115 115 115
558 558 558 558 558 558 558
56 56 56 56 56 56 56 56
468 283 115 115 115 115 486 468 48 468 115 468 115 115 468 468 468 124
56 56 56 56 56 56 56 56
265 265 265 265 265 265 265 265 265 265 265 265 265 265 265 265 265 265 265 265 265 265 265 265 265 265 265 265 265 265 265 265
265 265 265 265 265 265 265 265 265 265 265 265 265 265 265 265 265 265 265 265 265 265 265 265 265 265 265 265 265 265 265 265
558 558 558 558 558 558 558
180 180 180 180 180 180 180 180 180 180
133 133 468 468 520 468 133 468 468
115 115 115 115 115 115 115 115 115
468 468 468 468 49 468 468 468 468 468 468
56 56 56 56 56 56 56 56
558 558 558 558 558 558 558
468 558 558 468 468 558 468 468 468 468 468 558 175 468 558 468 558
115 115 115 115 115 115 115 115 115
558 558 558 558 558 558 558
558 558 558 558 558 558 558
558 558 558 558 558 558 558
558 558 558 558 558 558 558
56 56 56 56 56 56 56 56
56 56 56 133 85 133 56 56 56 56 133
558 343 57 57 343 558 558 558 558 343
468 468 468 468 468 48 468 468 48 468
265 265 265 265 265 265 265 265 265 265 265 265 265 265 265 265 265 265 265 265 265 265 265 265 265 265 265 265 265 265 265 265
558 558 558 558 558 558 558
343 343 343 468 66 468 468 343 343 343 468 468 343 343
468 48 468 468 48 468 468 468 468 468
468 468 49 468 468 468 468 468 468 468 468
558 558 558 558 558 558 558
468 343 343 468 468 468 343 581 343 468
468 343 581 343 468 468 468 343 343 468
468 468 468 468 468 468 343 468 133 413 519 343 468 133 468 133 150 413
56 56 56 56 56 56 56 56
532 532 545 545 532 532 552 532 532 111 532 532 532 532 532 532 111 532 532 532 111 532 111 532 532 532 532 532 532 532 532 532
558 558 558 558 558 558 558
558 558 558 558 558 558 558
56 56 56 56 56 56 56 56
558 558 558 558 558 558 558
133 468 468 468 468 468 73 468 468 133 468 468 133 468
558 558 558 558 558 558 558
558 558 558 468 468 468 558 558 468 558 468 89
558 558 558 558 558 558 558
343 133 343 443 133 133 343 343
343 468 468 343 343 66 343 468 343 468 343 343 468 343
558 343 558 58 558 558 343 343 558 343 558
56 56 56 56 56 56 56 56
558 392 318 318 318 558 318 318 558 318 318 318 318 558 558 318 318 558
558 558 558 558 558 558 558
558 558 558 558 558 558 558
56 56 56 56 56 56 56 56
579 115 115 115 558 115 558 124 558 115 115 115 558 558 244
558 558 13 558 163 558 558 558 13 558 57 558 13
558 558 558 558 558 558 558
558 343 558 343 343 558 558 558 343 558 58
252 252 252 252 252 252 252 252 252 252 252
133 133 133 133 342 133 133
558 558 558 558 558 558 558
448 448 448 448 448 448 448 448 448 448 448 448 448 448 448
115 115 115 115 115 115 115 115 115
532 532 532 532 532 532 532 532 532 532 532 532 532 532 532 532 532 532
558 558 558 558 558 558 558
343 343 343 343 500 343 343 343 343
56 56 56 56 56 56 56 56
468 49 468 468 468 468 468 468 468 468 468
498 468 468 468 219 219 468 468 498 468 468 468 468 31 468 468 468
558 558 558 558 558 558 558
180 180 180 180 180 180 180 180 180 180
343 343 56 56 343 343 343 56 343 56 343 343 56 56 164 56
115 115 115 115 115 115 115 115 115
558 558 558 558 558 558 558
558 133 558 133 558 558 133 558 15 558
56 56 56 56 56 56 56 56
224 224 224 224 224 224 224 224 224 224 224 224 224 224 224 224 224 224 224 224 224 224 224 224 224 224 224 224 224 224
265 265 265 265 265 265 265 265 265 265 265 265 265 265 265 265 265 265 265 265 265 265 265 265 265 265 265 265 265 265 265 265
56 56 56 56 56 56 56 56
343 343 56 343 164 343 56 56 343 56 56 343 343 56 343 56
318 318 318 318 318 318 318 318 318 318 318 318
558 558 558 558 558 558 558
15 558 558 558 133 558 133 133 558 558
581 468 468 468 343 468 343 343 468 343
558 558 558 558 558 558 558
558 558 558 558 558 558 558
56 56 56 56 56 56 56 56
558 133 386 343 343 343 343 133 343 558 150 558 133 558 343 579 343 558
468 343 468 343 468 343 343 343 343 343 343 468 343 343 343 121 468 343
56 133 56 133 56 56 133 56 133 133 133 56 107 56
56 56 56 56 56 56 56 56
133 133 133 133 133 133 342
468 468 468 499 343 468 558 468 468 404 468 486 558 468 558 468 498 498 343 343 343 468 486 343 343 558 558 468 558 343 468 519 468 343 343 468 468 343
558 558 558 558 558 558 558
115 115 115 115 115 115 115 115 115
558 558 558 558 558 558 558
558 558 558 558 558 558 558
343 486 343 343 486 343 486
558 558 558 558 558 558 558
224 133 224 224 224 224 224 133 224 224 224 224 225 224 224 224 224 224 224 224 224 224 224 224 224 133 224 224 224 224 224 224 224
115 115 115 115 115 115 115 115 115
89 558 558 468 558 468 558 558 468 468 468 558
468 468 468 468 468 468 468 49 468 468 468
242 242 242 242 242 242 242 242 242 242 242 242 242 242 242 242 242 242 242 242 242 242 242 242 242 242 242 242 242 242 242
468 468 343 343 468 343 581 468 468 343
468 468 487 468 468 467 468 467
580 343 468 468 580 343 343 468 468
581 468 468 343 468 468 468 343 343 343
558 558 558 558 558 558 558
343 343 343 343 343 343 343 386 343 343 343 343 343 343 386 133 343 343 343 343 133 442 171
343 468 212 343 558 558 343 498 558 343 558 343 498 343 558 468 14 468 343 343
558 558 558 558 138 558 558 558 558 558 558 558 558
558 558 558 558 558 558 558
558 343 115 115 343 343 343 558 115 343 558 558 343 115 343 115 343 343 558 351 343 558 343 115 115 343 115
56 56 56 56 56 56 56 56
558 558 558 558 558 558 558
343 343 443 133 133 343 133 343
56 252 367 252 252 56 252 56 252 56 56 252 252 56 252 252 56 252
558 558 558 558 558 558 558
343 133 467 343 343 133 216 343 470
56 56 56 56 56 56 56 56
558 558 558 558 558 558 558
343 468 468 343 468 343 581 468 468 343
133 133 133 133 343 133 133 343 343 343 501
115 115 115 115 115 115 115 115 115
558 558 558 558 558 558 558
343 115 558 558 343 468 115 124 558 115 343 115 343 468 115 558 486 558 558 347 468 115 468 115
468 468 468 468 468 468 49 468 468 468 468
558 558 558 558 558 558 558
343 343 468 343 343 133 133 133 468 343 343 468 91 343 343 468 468
56 468 56 343 56 133 56 56 468 133 343 468 468 343 133 56 468 221 343 56
558 558 558 558 558 558 558
558 558 558 558 558 558 558
532 532 343 532 532 532 532 532 532 532 343 532 343 532 532 532 532 546 343 532 532 532
558 558 558 558 558 558 558
265 265 265 265 265 265 265 265 265 265 265 265 265 265 265 265 265 265 265 265 265 265 265 265 265 265 265 265 265 265 265 265
558 558 558 558 558 558 558
558 558 558 558 558 558 558
133 133 468 468 468 520 133 468 468
343 558 468 468 343 468 468 558 468 468 88 343 468 558 468 468 468 558 298 48 468 343 558 468
558 558 558 558 558 558 558
56 56 56 56 56 56 56 56
56 56 56 56 56 56 56 56
343 468 558 468 468 468 468 558 343 157 343 558 386 558 558 579
56 56 56 56 56 56 56 56
558 468 558 468 89 558 468 468 558 558 468 558
558 558 558 558 558 558 558
468 468 498 498 468 468 57 468 468 57
558 558 558 558 558 558 558
558 558 558 558 558 558 558
468 343 99 468 468 343 468 468 468 580 468 468 468 343
56 56 56 56 468 468 468 145 56 56 56 56 56 56 302 468 56 56 56
468 468 49 468 468 468 468 468 468 468 468
443 343 343 133 133 133 343 343
265 267 265 242 265 242 265 312 242 265 242 265 242 242 242 265 265 265 265 265 242 242 265 265 242 265 267 312 265 265 242 267 265 452 242 265 267 242 267 242 265 265 265 265 312 265 242 452 267 265 242 242 267 242 267 452 242 265 265 242
558 558 558 558 558 558 558
468 468 468 468 49 468 468 468 468 468 468
558 558 558 558 558 558 558
558 558 558 558 558 558 558
558 558 558 558 558 558 558
343 580 343 343 343 468 468 468 90 343 133 133 468 343 133 343
468 558 558 468 558 558 558 558 468 468 468 468 558 558 293 468 558 468 468 558 558 88
180 180 259 180 468 180 180 468 468 180 468 180 180 180 468
343 56 106 343 343 56 56 56 343 56 56 56
180 56 56 56 56 180 468 56 180 399 343 468 468 180 180 180 343 180 180 343 343 468 180 468 56 56
558 558 558 558 558 558 558
224 242 242 265 265 265 242 242 265 224 242 265 503 224 249 323 503 242 242 224 265 224 323 224 537 224 265 265 265 265 249 265 265 224 242 265 414 224 242 503 224 242 265 224 433 503 265 224 224 503 224 265 414 433 265 265 265 503 503 265 503 511 503 265 265 414 265 452 224 453 414 242 414 242 503 433 265 242 224 521 224 323 265 414 242 414 242 265 503
558 558 558 558 558 558 558
468 468 581 343 468 343 468 343 343 468
252 252 252 252 252 252 252 252 252 252 252
115 115 115 115 115 115 115 115 115
133 343 343 133 133 558 343 558 386 579 133 343 558 343 170 343 558 133 558 343 133
468 258 468 258 180 180 468 180 180 180 180 180 180 468
468 468 56 468 56 56 228 468 56 468 468 468 56 468 468 468 56 56
558 558 558 558 558 558 558
558 558 558 558 558 558 558
558 558 558 558 558 558 558
56 56 56 56 56 56 56 56
468 56 145 56 145 468 56 56 56 468 468 56
242 242 242 242 242 242 242 242 242 242 242 242 242 242 242 242 242 242 242 242 242 242 242 242 242 242 242 242 242 242 242
448 448 448 448 448 448 448 448 448 448 448 448 448 448 448
532 532 545 545 532 532 552 532 532 111 532 532 532 532 532 532 111 532 532 532 111 532 111 532 532 532 532 532 532 532 532 532
133 468 133 133 468 468 165 468 468 468 468 468 468 468 468 468 468 468 468
558 558 558 343 343 468 558 558 343 468 343 558 468 149 468 468
558 558 558 558 558 558 558
503 242 249 503 242 242 242 242 242 242 521 323 242 503 242 242 503 242 503 503 242 242 503 242 242 242 242 249 323 503 242 242 242 503 503 323 323 242 242 242 323 242 503
88 558 343 558 468 343 343 558 468 558 343 148 468 558 468
558 558 558 558 558 558 558
558 558 558 558 558 558 558
468 468 520 468 133 468 133 133 468
115 115 115 115 115 115 115 115 115
558 558 558 558 558 558 558
343 343 343 343 343 343 500 343 343
532 532 532 180 588 532 588 532 532 588 532 180 588 588 532 532 532 180 532 180 180 532 532
558 558 558 558 558 558 558
558 558 558 558 558 558 558
115 115 115 115 115 115 115 115 115
558 558 558 558 558 558 558
558 558 558 558 558 558 558
503 503 503 503 503 503 503 503 503 503 503 503 503 503 503 503 503
558 558 558 558 558 558 558
468 468 581 343 468 343 468 343 343 468
56 56 468 468 145 56 56 56 145 468 468 56
468 558 468 89 558 343 468 468 468 558 468 559 558 220 558 343 468 558
343 180 343 180 180 180 343 180 180 180 343 233 180 180
468 468 468 468 468 468 468 468 468 49 468
468 468 468 468 468 468 468 468 49 468 468
503 503 503 503 503 503 503 503 503 503 503 503 503 503 503 503 503
58 558 343 558 343 558 558 558 558 343 343
265 265 265 265 265 265 265 265 265 265 265 265 265 265 265 265 265 265 265 265 265 265 265 265 265 265 265 265 265 265 265 265
503 503 503 503 503 503 503 503 503 503 503 503 503 503 503 503 503
468 468 468 343 343 468 343 581 343 468
558 558 558 558 558 558 558
558 558 558 558 558 558 558
558 558 558 558 558 558 558
468 468 468 468 343 343 581 468 343 343
468 468 242 242 242 242 242 242 242 242 468 242 242 468 468 468 242 242 242 468 242 242 468 242 468 242 242 242 266 242 242 468 242 242 242 468 242 242 242 242 468 242 468 468 468 242
180 180 180 252 252 252 180 180 252 180 252 252 180 415 252 180 252 180 252 252
48 468 468 468 468 48 468 468 468 468
558 558 558 558 558 558 558
558 558 558 558 558 558 558
468 558 468 558 468 558 558 468 468 468 175 468 468 558 558 468 468
486 468 468 468 468 468 468 468 486 468 149 468 468 468 468 468
133 115 303 133 343 133 115 558 558 343 115 115 558 115 558 115 558 343 115 343 558 115
468 49 468 468 468 468 468 468 468 468 468
558 558 558 558 558 558 558
133 468 468 520 133 468 133 468 468
558 558 558 558 558 558 558 138 558 558 558 558 558
468 386 343 343 579 343 343 343 343 247 468 558 558 343 558 57 468 468 558 468 343 343 343
558 343 558 343 343 558 58 558 558 558 343
468 579 558 56 558 468 558 468 468 56 486 558 56 56 56 558 56 56 272
56 63 558 558 579 195 558 56 56 558 56 56 558 56
115 115 115 115 115 115 115 115 115
558 558 558 558 558 558 558
558 558 558 558 558 558 558
224 242 242 224 230 242 242 224 414 414 242 242 224 224 224 242 242 224 242 414 224 242 414 224 242 414 242 224 414 242 242 242 224 242 230 242 224 267 414 224 242 414 224 242 414 414 224 224 242 224 230
56 56 56 56 56 56 56 56
558 558 558 558 558 558 558
468 236 468 56 468 468 56 468 468 56 468 486 468 63 56 56 468 56
343 468 468 343 468 343 468 343 581 468
56 56 56 56 56 56 56 56
343 442 343 343 133 442 133
343 343 519 468 343 468 468 343 343 468 468 468 365 133 468 343 468 468 468 468 468 468 468 468 468 468 343 133 468 468 343 468 468 468 468 468
224 224 224 224 224 224 224 224 224 224 224 224 224 224 224 224 224 224 224 224 224 224 224 224 224 224 224 224 224 224
532 532 532 532 532 532 532 532 532 532 532 532 532 532 532 532 532 532
503 503 503 503 503 503 503 503 503 503 503 503 503 503 503 503 503
468 56 56 56 228 468 56 468 468 56 468 468 468 56 468 468 56 468
58 343 558 558 558 343 558 343 343 558 558
343 448 558 448 343 448 448 448 558 448 448 343 448 558 448 497 448 343 448 558 448 343 343 448 558 343 558 448 343
468 558 558 558 468 89 558 558 558 468 468 468
558 558 558 558 558 558 558
558 558 558 558 558 558 558
558 558 558 558 558 558 558
468 133 468 343 343 486 343 343 468 468 343 486 468 468 468 343 343 468 264 468 468 133 468 468 133 343 468
468 520 133 133 133 468 468 468 468
180 180 180 180 180 180 180 180 180 180
558 558 558 558 558 558 558
180 180 180 180 180 180 180 180 180 180
65 485 468 468 468 468 485 485 485 468 468
558 558 558 558 558 558 558
58 343 558 558 343 558 343 558 343 558 558
133 343 343 443 343 133 343 133
558 468 558 558 185 486 468 558 558 468 579 468 468 468 468 468 468
558 558 558 558 558 558 558
115 115 115 115 115 115 115 115 115
558 558 558 558 558 558 558
558 558 558 558 558 558 558
468 133 467 44 133 468 468 468 561 468 216
558 558 558 558 558 558 558
558 558 558 558 558 558 558
58 558 558 343 343 558 558 343 558 558 343
56 56 133 56 56 56 133 85 133 56 56
115 115 115 115 115 115 115 115 115
558 558 558 558 558 558 558
100 468 468 343 343 468 468 468 468 343 468 468 468 468 343
224 224 224 224 224 224 224 224 224 224 224 224 224 224 224 224 224 224 224 224 224 224 224 224 224 224 224 224 224 224
56 56 56 56 56 56 56 56
558 558 558 558 558 558 558
468 115 115 115 210 124 468 115 486 115 468 468 115 115
56 56 56 56 56 56 56 56
558 558 558 558 558 558 558
56 468 468 56 56 145 56 56 468 56 468 145
558 558 558 558 558 558 558
66 468 343 468 468 343 343 343 468 343 343 343 468 343
133 342 133 133 133 133 133
343 468 468 133 468 133 468 133 343 343 34 468 343
486 468 468 486 468 468 468 58 468 468 468
56 56 56 56 56 56 56 56
558 558 558 558 558 558 558
56 468 468 56 56 145 56 56 468 56 468 145
468 468 468 468 468 468 468 468 49 468 468
558 558 558 558 558 558 558
56 56 56 56 56 56 56 56
343 343 133 468 343 151 343 343 343 468 343 343 468 343 343 468 133 468 343 343 133
558 558 558 558 558 558 558
558 558 558 558 558 558 558
558 558 558 558 558 558 558
343 468 343 468 468 581 343 343 468 468
558 558 558 558 558 558 558
468 558 558 558 558 468 468 89 468 558 468 558
468 468 133 442 343 468 468 343 33 133 343 468
56 56 133 56 56 85 133 56 133 56 56
468 84 468 468 203 558 558 558 558 125 558 558 558 203
558 558 558 558 558 558 558
558 558 558 558 558 558 558
56 56 56 56 56 56 56 56
224 224 224 224 224 224 224 224 224 224 224 224 224 224 224 224 224 224 224 224 224 224 224 224 224 224 224 224 224 224
558 558 558 558 558 558 558
115 115 115 115 115 115 115 115 115
558 558 558 558 558 558 558
468 468 468 468 468 468 468 49 468 468 468
56 56 56 56 56 56 56 56
558 558 138 558 558 558 558 558 558 558 558 558 558
558 558 558 558 558 558 558
56 56 56 56 56 56 56 56
448 448 448 448 448 448 448 448 448 448 448 448 448 448 448
558 558 558 558 558 558 558
56 56 56 56 56 56 56 56
558 558 558 558 558 558 558
252 252 252 252 252 252 252 252 252 252 252
133 133 558 558 468 558 468 133 119 558 468 88 468 558
558 558 558 558 558 558 558
558 558 558 558 558 558 558
343 343 343 499 343 499 343 343
180 180 180 180 180 180 180 180 180 180
558 558 558 558 558 558 558
468 468 56 468 56 468 56 56 56 468 146 56 56
224 242 242 224 230 242 242 224 414 414 242 242 224 224 224 242 242 224 242 414 224 242 414 224 242 414 242 224 414 242 242 242 224 242 230 242 224 267 414 224 242 414 224 242 414 414 224 224 242 224 230
468 468 468 468 468 468 468 468 49 468 468
532 532 532 532 532 532 532 532 532 532 532 532 532 532 532 532 532 532
343 133 133 443 133 343 343 343
56 56 56 56 56 56 56 56
558 558 558 558 558 558 558
105 105 343 343 56 56 56 56 56 343 56
180 180 180 180 180 180 180 180 180 180
558 558 558 558 558 558 558
56 56 56 56 56 56 56 56
468 468 468 100 343 343 468 343 468 468 343 468 468 468 468
468 468 558 468 558 558 558 88 468 558 88
581 468 468 343 468 468 343 343 343 468
558 558 558 558 558 558 558
558 558 558 558 558 558 558
56 56 56 56 234 56 56 56 56 56 56 56 56 56 56
343 343 468 468 343 581 468 468 343 468
343 343 343 501 133 133 133 133 343 133 133
558 558 558 558 558 58 343 343 558 343 343
56 56 56 56 56 56 56 56
558 558 558 558 558 558 558
58 343 558 558 558 343 558 558 343 343 558
56 56 56 56 56 56 56 56
343 343 500 343 343 343 343 343 343
468 343 343 468 581 343 468 343 468 468
558 558 558 558 558 558 558
558 558 558 558 558 558 558
180 180 180 180 180 180 180 180 180 180
448 448 448 448 448 448 448 448 448 448 448 448 448 448 448
180 180 180 180 180 180 180 180 180 180
558 558 558 558 558 558 558
468 468 56 343 468 63 468 56 468 468 468 468 343 58 56 63 468 343 468 386 468 56 468 468 339 56
558 558 558 558 558 558 558
532 532 532 532 532 532 532 532 532 532 532 532 532 532 532 532 532 532
343 343 343 442 343 133 133 343 343 343 133 133 18 133
468 133 468 468 558 558 468 133 558 468 133 273 468 343 468 468 133 558 133 558 343 468 343 558 468 133 343
343 468 468 343 343 343 468 343 343 66 343 468 343 468
56 56 56 56 56 56 56 56
56 56 56 56 56 56 56 56
520 468 468 468 133 133 133 468 468
56 56 56 56 56 56 56 56
115 115 115 115 115 115 115 115 115
558 558 558 558 558 558 558
468 468 133 133 133 468 520 468 468
558 558 558 558 558 558 558
56 56 56 56 56 56 56 56
56 56 56 56 56 56 56 56
532 242 532 242 334 242 242 532 242 242 250 570 248 242 544 532 532 242 532 544 242 242 532 544 242 242 242 242 334 248 242 532 242 242 242 248 532 248 242 532 242 242 248 544 532 242 242
558 558 558 558 558 558 558
115 115 115 115 115 115 115 115 115
558 558 558 558 558 558 558
558 558 558 558 558 558 558
468 468 468 468 487 467 467 468
532 532 532 532 532 532 532 532 532 532 532 532 532 532 532 532 532 532
558 558 558 558 558 558 558
532 532 532 532 532 532 532 532 532 532 532 532 532 532 532 532 532 532
468 468 468 343 343 580 468 580 343
318 318 318 318 318 318 318 318 318 318 318 318
558 558 558 558 558 558 558 558 558 138 558 558 558
468 343 468 204 498 468 343 468 498 343 343 343 468 468 343 343 468 468 468 468 498
180 224 242 180 242 224 230 242 242 224 414 414 242 242 224 224 224 242 242 180 224 180 242 414 224 180 180 242 414 224 242 180 428 242 224 428 242 242 242 224 242 230 242 224 267 414 224 242 414 224 242 414 414 224 224 242 224 230 180
56 56 56 56 56 56 56 56
448 448 448 448 448 448 448 448 448 448 448 448 448 448 448
468 343 468 468 581 468 468 343 343 343
558 558 558 558 558 558 558
558 558 558 558 558 558 558
498 343 468 343 468 468 262 219 468 468 498 343 468 468 468 468 31 468 580 468
180 259 468 468 180 468 468 180 180 180 180 180 180 468 180
115 115 115 115 115 115 115 115 115
49 468 468 468 468 468 468 468 468 468 468
558 558 558 558 558 558 558
318 318 318 318 318 318 318 318 318 318 318 318
448 448 448 448 448 448 448 448 448 448 448 448 448 448 448
224 224 224 224 224 224 224 224 224 224 224 224 224 224 224 224 224 224 224 224 224 224 224 224 224 224 224 224 224 224
180 180 180 180 180 180 180 180 180 180
581 468 468 343 343 468 468 343 343 468
558 133 558 558 15 133 558 558 133 558
468 558 468 468 468 175 468 558 468 558 468 468 558 468 558 468 558
448 224 448 224 448 286 224 448 224 224 224 224 448 224 224 448 224 448 224 448 224 448 224 224 448 224 448 448 224 224 224 224 224 224 224 286 224 224 224 224 448 224 224
343 133 443 343 133 133 343 343
558 558 558 558 558 558 558
56 56 56 106 343 343 343 343 56 56 56 56
133 445 133 133 133 133 133 133 133 133
558 558 558 558 558 558 558
558 558 558 558 558 558 558
468 468 468 343 468 343 343 468 581 343
56 56 56 56 56 56 56 56
558 558 558 558 558 558 558
468 49 468 468 468 468 468 468 468 468 468
343 558 468 468 343 558 558 343 468 343 343 558 468 343 468 468 343 468 468 468 343 343 468 468 468 468 343 558 343 558 343 468 468 360
468 133 468 133 520 468 468 468 133
581 343 468 468 468 468 468 343 343 343
56 56 56 56 56 56 56 56
224 242 242 224 230 242 242 224 414 414 242 242 224 224 224 242 242 224 242 414 224 242 414 224 242 414 242 224 414 242 242 242 224 242 230 242 224 267 414 224 242 414 224 242 414 414 224 224 242 224 230
343 558 343 58 558 343 558 343 558 558 558
558 558 558 558 558 558 558
343 343 343 343 343 343 343 343 500
265 265 265 265 265 265 265 265 265 265 265 265 265 265 265 265 265 265 265 265 265 265 265 265 265 265 265 265 265 265 265 265
468 468 468 89 468 558 558 558 558 468 558 558
468 31 468 468 468 468 31 31 468
558 558 558 558 558 558 558
115 115 115 115 115 115 115 115 115
558 558 558 558 558 558 558
468 468 498 468 343 4 4 343 413
558 558 558 558 558 558 558
343 468 343 129 468 468 468 468 468 468 468 468 468 133 133 133 343 343
558 558 558 558 558 558 558
115 115 115 115 115 115 115 115 115
558 558 558 558 558 558 558
56 56 56 56 56 56 56 56
503 503 503 503 503 503 503 503 503 503 503 503 503 503 503 503 503
343 581 468 468 343 468 468 343 468 343
261 468 115 343 498 498 115 115 115 343 115 442 468 115 343 115 468 115
468 48 468 468 468 48 468 468 468 468
532 503 448 572 503 503 532 521 179 521 503 448 532 448 532 448 532 448 448 532 448 503 532 503 448 532 532 448 572 448 448 448 532 532 503 503 532 503 448 503 521 521 448 521 532 532 532 503
343 343 332 252 257 252 343 252 343 386 252 343 343 343 252 252 252 252 252
532 532 532 532 532 532 532 532 532 532 532 532 532 532 532 532 532 532
115 115 115 115 115 115 115 115 115
468 468 468 468 468 468 468 468 468 468 49
224 242 242 224 230 242 242 224 414 242 242 242 224 224 224 242 242 224 242 414 224 242 414 224 242 414 242 224 414 242 242 414 224 242 230 242 224 267 414 224 242 414 224 242 414 414 224 224 242 224 230
468 468 468 468 468 49 468 468 468 468 468
468 343 468 468 343 468 343 581 343 468
558 558 558 558 558 558 558
468 180 468 258 258 180 468 180 180 180 180 180 180 468
558 558 468 558 468 246 558 558 558 558 558 558 133 133 133 558 486 468 579 468 558
498 343 343 498 343 498 498
468 309 115 558 115 239 558 468 468 468 115 115 558 468 558 115 115 558 115
115 115 468 115 203 468 115 468 115 468 115 115 115 468
558 558 558 558 558 558 558
532 532 532 343 532 343 532 343 532 532 532 532 532 532 532 343 532 532 532 532 546 532
468 89 468 558 558 558 468 558 468 558 468 558
133 468 468 468 343 468 468 486 468 468 386 468 468 343 468 468 133 468 343 222 468 468 133
56 56 56 56 56 56 56 56
486 343 486 343 486 343 343
115 115 343 115 211 115 115 343 343 343 343 162 115 343 162
343 558 57 558 558 57 343 558 343 558
532 532 532 532 532 532 532 532 532 532 532 532 532 532 532 532 532 532
558 558 558 558 558 558 558
558 468 468 89 558 468 558 468 558 468 558 558
468 581 343 468 343 343 343 468 468 468
558 558 558 558 558 558 558
558 558 558 558 558 558 558
558 558 558 558 558 558 558
133 468 468 133 468 133 468 520 468
265 265 265 265 265 265 265 265 265 265 265 265 265 265 265 265 265 265 265 265 265 265 265 265 265 265 265 265 265 265 265 265
115 115 115 115 115 115 115 115 115
558 343 343 558 558 58 343 558 343 558 558
343 343 343 343 133 343 343 343 133 562 133 343
468 468 56 56 468 468 468 56 146 56 56 56 56
468 468 49 468 468 468 468 468 468 468 468
343 468 580 580 468 468 468 343 343
180 180 180 180 180 180 180 180 180 180
558 89 468 468 468 558 558 468 558 468 558 558
56 56 56 56 56 56 56 56
468 14 106 558 558 558 558 498 558 468 468 498
486 318 558 318 391 468 318 318 558 468 31 468 468 468 468 318 558 318 504 468 468 31 318 318 468 486 468 468 468 318 468 468 468 318 468 468 468 558 468 558
558 558 558 558 558 558 558
468 468 343 468 468 343 468 581 343 343
343 558 558 558 343 343 343 558 558 58 558
558 558 558 558 558 558 558
468 468 468 49 468 468 468 468 468 468 468
133 133 343 443 343 133 343 343
558 558 558 558 558 558 558
56 468 468 468 56 468 468 468 468 558 468 468 468 468 13 468 468 56 468 468 468 13 558 105 468 56 13 412 468 468 558 468 56 56
532 532 242 251 558 532 242 242 242 340 558 532 242 242 552 532 532 242 242 532 532 242 558 532 532 242 242 532 552 532 558 242 242 242 251 242 558 532 242 242 242 242 242 558 242 242 242 552 242 242 242 242 552 242
468 31 468 468 468 468 468 31 468 468 468 468 468 127
468 468 468 468 468 468 468 468 468 468 49
265 265 265 265 265 265 265 265 265 265 265 265 265 265 265 265 265 265 265 265 265 265 265 265 265 265 265 265 265 265 265 265
558 558 558 558 558 558 558
343 343 468 468 343 581 468 343 468 468
558 558 558 558 558 558 558
558 558 558 558 558 558 558
56 56 56 56 56 56 56 56
558 56 56 56 558 558 558 56 183 56 558 56 56 558
532 472 532 7 318 112 532 318 112 38 532 382 252 421 112 318 456 318 358 112 554 318 554 252 112 480 318 532 318 565 554 41 550 252
343 115 343 115 499 115 343 343 486 115 343 343 115 115 580 292 115 486 115 343
252 252 252 252 252 252 252 252 252 252 252
407 407 407 407 407 407 407 407 407 407 407 407 407 407
252 252 252 252 252 252 252 252 252 252 252
252 252 133 252 133 252 252 252 252 252 252 252 277 133
318 318 318 318 318 318 318 318 318 318 318 318
180 180 180 180 180 180 180 180 180 180
56 56 56 56 56 56 56 56
540 468 540 540 540 540 468
115 115 115 115 115 115 115 115 115
252 252 252 252 252 252 252 252 252 252 252
503 503 503 503 503 503 503 503 503 503 503 503 503 503 503 503 503
56 56 56 56 56 56 56 56
153 359 359 180 180 180 153 180 115 217 217 359 359 115 115
56 56 56 56 56 56 56 56
8 8 8 8 8 8 8 8 8 8 8 8 8 8 8 8 8 8 8 8
56 56 56 56 56 56 56 56
56 56 56 56 56 56 56 56
252 252 252 252 252 252 252 252 252 252 252
343 468 468 581 343 468 343 343 468 468
8 8 21 407 8 69 432 69 8 8 69 8 8 69 69 8 407 8 69 8 69 69 407 69 407
558 558 558 558 558 558 558
558 558 558 558 558 558 558
115 115 115 115 115 115 115 115 115
500 343 343 343 343 343 343 343 343
115 115 115 115 115 115 115 115 115
56 56 56 56 56 56 56 56
558 558 558 558 558 558 558
558 558 558 558 558 558 558
558 558 558 558 558 558 558
115 172 172 172 115 172 172 172 172 172
180 180 180 180 180 180 180 180 180 180
115 115 115 115 115 115 115 115 115
56 56 56 56 56 56 56 56
252 252 252 252 252 252 252 252 252 252 252
532 102 583 192 503 465 532 532 556 56 503 532 503 556 531 115 531 532 532 532 160 532 503 56 56 56 532 532 548 532 115 56 503 28 503 503 548 571 115 11 571 532 532
8 8 532 30 81 532 407 503 417 8 113 92 503 68 503 113 532 92 478 30 8 8 549 30 8 566 167 513 407 274 503 131 131 178 503 68 8 532 468 503 558 285 503 131 68 558 68 407 587 200 513 68 532 524
343 252 133 330 252 115 343 330 133 252 330 330 343 330 133 343 115 330 374 252
558 558 558 558 558 558 558
115 115 115 115 115 115 115 115 115
395 252 252 252 252 115 115 115 252 115 115 252 395 115 252 395 252
567 567 567 567 567 567 567 567 567 567 567 567 567 567 567 567 567 567 567
318 318 318 318 318 318 318 318 318 318 318 318
558 558 558 558 558 558 558
180 180 343 343 232 180 180 232 180 343 180 180 180
558 558 558 558 558 558 558
8 8 532 53 532 8 555 532 8 555 532 532 8 8 8 555 132 132 132 132 8 8 532 8 132 132 8 8 555 132 532
56 56 56 56 56 56 56 56
558 558 558 558 558 558 558
30 30 558 30 30 468 30 558
343 468 518 518 468 518 518
115 115 115 115 115 115 115 115 115
558 558 558 558 558 558 558
56 56 56 56 56 56 56 56
56 56 56 56 56 234 56 56 56 56 56 56 56 56 56
135 135 56 56 558 135 56 135 135 558
56 56 56 56 56 56 56 56
252 558 558 558 252 252 558 252 252 252 346 558 252 252 252 558 252
115 115 115 115 115 115 115 115 115
252 366 252 252 423 29 207 423 252 406 56 558 355 275 423 252 509 423 252 252 423 252 10 252 252 252 366 558 423 252 423 355 42 252 56
56 343 56 343 56 56 56 343 56 106 343 56
115 115 115 115 115 115 115 115 115
15 133 558 133 558 558 558 558 133 558
56 56 56 56 56 56 56 56
468 115 56 115 115 56 115 115 468 56 56 115 338 56 115 56 468 468 56 115 468
115 115 115 115 115 115 115 115 115
503 503 503 503 503 503 503 503 503 503 503 503 503 503 503 503 503
180 180 343 343 232 180 180 232 180 343 180 180 180
558 558 558 558 558 558 558
318 318 318 318 318 318 318 318 318 318 318 318
558 558 558 558 558 558 558 558 558 558 558 558 138
3 343 468 72 343 3 468 468 3 343 468 343
318 318 491 324 318 318 324 318 318 318 318 318 318 318 318 318 318 318 331 318 318 318 318
468 558 558 89 558 468 558 468 558 468 468 558
56 56 56 56 56 56 56 56
558 558 239 558 115 115 115 115 558 239 115 115 558 115
306 115 115 115 115 115 115 306 306 115 306 115 115 115
56 345 345 218 180 56 180 180 136 56 180 56 180 218 56 218
253 180 180 180 416 258 180 180 180 180 180 180 180 180 180 468 180 468 180 180 253
558 558 558 558 558 558 558
56 56 56 56 56 56 56 56
133 558 290 180 307 133 180 558 558 180 180 180 133 290 558 180 180
56 56 56 56 56 56 56 56
56 56 56 56 56 56 56 56
194 63 63 115 115 558 63 115 558 558 194 115 281 115 115
115 115 115 115 115 115 115 115 115
115 115 115 115 115 115 115 115 115
56 115 238 115 115 56 238 238 238 56 238 115
343 343 133 343 343 443 133 133
115 115 115 115 115 115 115 115 115
558 558 468 468 558 156 468 468 3 558 558 156 3
115 115 115 115 115 115 115 115 115
407 407 407 407 407 407 407 407 407 407 407 407 407 407
56 56 56 56 56 56 56 56
56 56 56 56 56 63 56 56 63 56 56 56 56 56 56 56 56 361 56 56 56 56
468 468 72 518 468 518 468 518 343 468 468 468
56 56 558 558 56 182 182 558 558 56 56 56 558
133 558 558 558 558 133 133 558 15 558
558 558 558 558 558 558 558
115 468 468 468 468 203 115 115 115 115 115 115 115 468
558 558 558 558 138 558 558 558 558 558 558 558 558
56 56 56 56 56 56 56 56
180 180 180 180 180 180 180 180 180 180
252 252 252 252 252 252 252 252 252 252 252
468 343 518 518 518 468 518
558 558 558 558 558 558 558
56 56 56 56 316 162 558 558 56 56 162 56 56 56 56 558 162 56
8 8 8 8 8 8 8 8 8 8 8 8 8 8 8 8 8 8 8 8
115 115 115 115 115 115 115 115 115
503 503 503 503 503 503 503 503 503 503 503 503 503 503 503 503 503
558 558 589 16 558 558 133 558 133 558 133
503 503 503 503 503 503 503 503 503 503 503 503 503 503 503 503 503
115 115 115 115 115 115 115 115 115
115 115 115 115 115 115 115 115 115
558 558 468 468 468 558 468 558 89 558 558 468
558 558 558 558 558 558 558
558 558 558 558 558 558 558
558 558 558 558 558 558 558
115 115 115 115 115 115 115 115 115
407 407 407 407 407 407 407 407 407 407 407 407 407 407
558 558 558 558 558 558 558
567 567 567 567 567 567 567 567 567 567 567 567 567 567 567 567 567 567 567
558 558 558 558 558 558 558
343 486 343 343 343 486 486
115 115 115 115 115 115 115 115 115
558 558 558 558 558 558 558
180 180 180 180 180 180 180 180 180 180
116 56 116 56 468 116 56 468 116 56
115 115 115 115 115 115 115 115 115
8 8 8 8 8 8 8 8 8 8 8 8 8 8 8 8 8 8 8 8
558 558 558 558 558 558 558
318 318 318 318 318 318 318 318 318 318 318 318
56 56 56 56 56 56 56 56
115 115 115 115 115 115 115 115 115
115 115 115 115 115 115 115 115 115
558 56 558 182 56 56 56 56 558 558 182 56 558
343 343 115 115 115 343 133 196 115 115 115 115 115 133 343 133
325 252 468 252 468 252 468 468 519 252 252 252 252 252 268 268
56 56 56 56 56 56 56 56
366 423 366 423 423 423 423 366 366 423 423 423 252 423 252
558 133 15 558 558 133 558 133 558 558
115 115 115 115 115 115 115 115 115
56 56 268 252 378 252 252 56 252 56 84 252 252 56 252 252 56 268
115 344 115 115 172 172 172 115 306 344 172 344 115 172 115
567 567 567 567 567 567 567 567 567 567 567 567 567 567 567 567 567 567 567
558 558 183 56 56 56 56 56 558 558 56 558 558 56
56 558 56 56 394 56 133 558 56 468 56 56 558 56 56 558 56 468 56 56 468 558 56 558 56 468 133 468 133
479 95 558 46 95 252 252 558 558 558 252 252 252 116 558 46 182 363 95 558 479 56 46 252 252 252 558
407 407 407 407 407 407 407 407 407 407 407 407 407 407
56 56 56 56 56 56 56 56
468 133 133 133 520 468 468 468 468
558 558 558 558 558 558 558
56 56 56 56 56 56 56 56
558 558 558 558 558 558 558
252 252 252 252 252 252 252 252 252 252 252
558 558 558 558 558 558 558
56 56 56 56 56 56 56 56
56 56 56 56 56 56 56 56
56 56 56 56 56 56 56 56
8 8 8 8 8 8 8 8 8 8 8 8 8 8 8 8 8 8 8 8
56 56 56 56 56 56 56 56
558 558 558 558 558 558 558
343 558 558 343 558 558 343 58 558 343 558
558 343 558 468 558 343 468 468 343 558 558 558 343 468 468 149
8 8 8 8 8 8 8 8 8 8 8 8 8 8 8 8 8 8 8 8
56 56 56 56 227 56 56 56 227 56 227 56 56
115 115 115 115 115 115 115 115 115
115 115 558 558 115 558 115 115 239 239 115 558 558 115
343 167 115 115 343 115 115 115 115 343 115 343 115
195 104 104 468 558 468 558 468 558 195 558 468 558 558
558 558 558 558 558 558 558
56 56 56 56 56 56 56 56
115 115 115 115 115 115 115 115 115
180 180 180 180 180 180 180 180 180 180
468 49 468 468 468 468 468 468 468 468 468
115 115 115 115 115 115 115 115 115
8 559 8 8 468 8 8 343 8 8 8 8 386 8 8 468 559 27 8 468 8 8 8 8 9 8 8
180 180 180 180 180 180 180 180 180 180
115 115 239 115 468 558 308 468 115 558 115 558 558 468 115 115 468 88
567 567 567 567 567 567 567 567 567 567 567 567 567 567 567 567 567 567 567
133 133 133 133 133 342 133
503 503 468 30 523 56 56 56 503 468 503 468 174 503 56 56 174 30 56 503 56 503 30 56 56 70 468 503 523 56 56 56 503 523 56 468 503 468 56 558 167 503 56 56 558 56 503 56 503 56
558 558 558 558 558 558 558
144 174 468 116 518 87 56 468 87 468 56 174
318 318 318 318 318 318 318 318 318 318 318 318
558 558 558 558 558 558 558
180 180 180 180 180 180 180 180 180 180
56 56 56 56 56 56 56 56
532 532 532 532 532 532 532 532 532 532 532 532 532 532 532 532 532 532
115 115 115 115 115 115 115 115 115
115 115 115 115 115 115 115 115 115
503 503 503 503 503 503 503 503 503 503 503 503 503 503 503 503 503
180 180 180 180 180 180 180 180 180 180
180 180 180 180 180 180 180 180 180 180
558 558 558 558 558 558 558
180 180 180 180 258 258 180 468 180 468 180 468 180 468
56 56 56 56 56 56 56 56
146 56 56 56 56 468 56 468 56 468 56 468 468
558 558 558 558 558 558 558
115 115 115 115 115 115 115 115 115
503 503 503 503 503 503 503 503 503 503 503 503 503 503 503 503 503
343 56 343 56 56 56 106 56 343 343 56 56
558 558 558 558 558 558 558
115 115 115 115 115 115 115 115 115
558 558 56 558 174 174 56 174 56 56 56 558
343 56 56 343 133 139 56 133 343 343 56 56 133 56 56
56 180 180 162 180 383 56 56 558 180 162 180 180 558 558 56 383 180 180
532 122 569 503 532 532 558 534 547 133 503 532 503 534 512 532 532 532 103 532 558 503 507 133 532 532 526 532 503 503 543 63 526 558 503 23 507 532 133 532
343 558 558 343 558 558 558 343 58 558 343
115 115 115 115 115 115 115 115 115
56 56 56 56 56 56 56 56
56 56 56 56 56 56 56 56
115 115 115 115 115 115 115 115 115
558 558 558 558 558 558 558
56 56 56 56 56 56 56 56
180 180 180 180 180 180 180 180 180 180
318 318 318 318 318 318 343 318 343 318 318 318 343 343 318 349
56 468 56 56 56 468 146 468 468 56 56 56 468
558 558 558 558 558 558 558
115 115 115 115 115 115 115 115 115
180 180 180 180 180 180 180 180 180 180
115 115 115 115 115 115 115 115 115
252 141 8 532 79 115 532 407 191 180 370 94 353 567 252 180 252 407 94 532 115 252 575 464 176 567 141 371 180 252 252 8 56 130 6 176 56 567 407 56 567 115 56 8 180 130 294 402 567 305 180 532 417 567 180 8 200 180 252 56 130 176 180 567 68 489 77 75 357 567 36 584 357 252 1 8 567 567
468 558 343 558 246 558 518 518 558 343 468 468 117 468 468 343 343 343 558 468 468
558 558 558 558 558 558 558
116 56 484 560 343 133 343 558 468 133 56 558 343 413 343 56 174 116 558 174 56 133 558 56 558 343 343 486 413 558 343 343 558 56 558 558 56 133 133 343 56 468 56 558 116 343
558 558 558 558 558 558 558
343 343 343 343 343 343 343 343 17 343 343 343 343
252 115 343 115 558 115 343 252 239 115 252 343 458 252 115 558 115 558 252 252 115 343 558 252 252 558 252 252
56 56 56 56 56 56 56 56
233 56 233 468 56 468 468 233 56 468 468 468 56 233
558 558 558 558 558 558 558
252 252 252 252 252 252 252 252 252 252 252
407 407 407 407 407 407 407 407 407 407 407 407 407 407
56 56 56 56 56 56 56 56
318 343 318 318 343 318 318 318 343 318 318 318 349 318 318 343
468 468 58 486 486 468 468 468 468 468 468
56 56 56 56 56 56 56 56
232 180 180 180 180 180 343 180 232 180 343 343 180
115 115 115 343 167 115 115 343 115 115 343 115 343
180 180 180 180 180 180 180 180 180 180
558 558 558 558 558 558 558
56 56 56 56 56 56 56 56
558 343 558 558 343 558 558 58 343 343 558
8 8 8 8 8 8 8 8 8 8 8 8 8 8 8 8 8 8 8 8
558 558 558 558 558 558 558
532 532 532 532 532 532 532 532 532 532 532 532 532 532 532 532 532 532
141 8 8 8 567 141 141 141 8 141 567 567 8 8 141 567 567 567 8 8 8 141 567 8 141 12 567 584 8 567 567
252 252 252 252 252 252 252 252 252 252 252
468 166 558 166 166 56 166 166 558 56 56
115 115 115 115 115 115 115 115 115
56 468 56 468 468 56 468 56 56 56 468 146 56
520 468 133 468 133 468 468 133 468
56 56 56 56 56 56 56 56
558 558 558 558 558 558 558
195 104 104 468 558 468 558 468 558 195 558 468 558 558
141 8 21 407 8 567 567 432 177 141 8 177 567 407 177 8 8 177 567 8 407 567 8 69 8 177 567 69 177 76 567 584 407 567 567 567
558 558 558 558 558 558 558
252 252 252 252 252 252 252 252 252 252 252
558 558 558 558 558 558 558
252 252 252 252 252 252 252 252 252 252 252
558 558 558 558 558 558 558
56 56 56 56 56 56 56 56
558 558 558 558 558 558 558
558 558 558 558 558 558 558
115 115 115 115 115 115 115 115 115
558 558 558 558 558 558 558
532 532 503 78 318 558 199 532 252 318 547 252 503 199 206 252 93 252 424 252 533 503 558 39 63 503 514 388 514 358 189 503 252 532 532 39 389 503 318 532 503 93 532 558 86 252 252 1
56 558 115 154 115 558 62 343 485 558 115 115 56 343 115 558 485 558 343 115 579 468 558 115 62 115 154 115 300 516 558 558 270 115 343 136 63 115 468 468 558 558 115
558 558 558 558 558 558 558
503 503 503 503 503 503 503 503 503 503 503 503 503 503 503 503 503
558 558 558 558 558 558 558
56 56 56 56 56 56 56 56
56 558 56 162 162 558 162 56 558 162 56
532 532 532 532 532 532 532 532 532 532 532 532 532 532 532 532 532 532
56 56 56 56 56 56 56 56
468 468 175 558 468 468 468 558 468 558 468 558 558 558 468 468 468
558 558 558 558 558 558 558
115 115 239 115 558 239 115 115 558 115 558 115 558 558
506 190 503 356 525 514 503 503 525 115 514 572 503 572 503 514 115 503 142 503 514 115 572
115 343 115 343 115 115 343 115 115 115 343 115 167
407 407 115 115 482 115 407 115 115 407 407 407 407 115 115 407 407 407 115 407 407 407
558 558 558 558 558 558 558
115 115 115 115 115 115 115 115 115
468 468 558 468 558 558 468 468 89 558 558 558
115 115 115 115 115 115 115 115 115
558 115 579 115 115 558 558 115 124 115 558 244 558 115 115
115 115 115 115 115 115 115 115 115
315 56 56 180 56 56 180 56 468 56 483 56 468 56 56 56 180 180 468 468 180 56 56 315 180 56 56 483 56 56
115 115 115 115 115 115 115 115 115
252 252 252 252 252 252 252 252 252 252 252
581 468 343 468 468 343 343 468 468 343
503 503 503 503 503 503 503 503 503 503 503 503 503 503 503 503 503
56 56 56 56 56 56 56 56
115 115 115 115 115 115 115 115 115
180 56 180 295 180 180 295 56 295 180 56 295 295
558 558 558 558 558 558 558
520 468 133 468 133 468 133 468 468
558 558 182 56 558 56 56 56 558 558 56 182 56
56 56 56 56 56 56 56 56
180 180 180 180 180 180 180 180 180 180
115 115 115 115 115 115 115 115 115
180 180 180 180 180 180 180 180 180 180
468 133 468 468 133 133 468 520 468
56 56 56 56 56 56 56 56
56 56 56 56 56 56 56 56
558 558 89 558 468 468 558 468 468 558 468 558
236 558 558 56 558 558 56 343 56 558 558 343 343 56 56 343 56 56
558 558 558 558 558 558 558
56 56 56 126 413 343 343 56 56 133 56 413 56
97 468 558 468 468 486 558 579 558 558 468 558
532 8 8 568 503 311 503 8 532 532 523 502 503 538 503 532 502 532 343 532 532 503 8 532 471 318 20 503 532 532 503 214 532 52 318 52 503 354 20 8 503 343 205 8 318 82 8 343 52 20 503 20 475 80 503 55 503 585 532 20 503 318 532
56 56 56 56 56 56 56 56
56 56 56 56 56 56 56 56
558 56 182 558 56 56 56 56 558 56 558 182 558
558 558 558 558 558 558 558
180 180 180 180 180 180 180 180 180 180
532 532 532 532 532 56 532 532 532 532 532 535 532 532 56 532 532 56 56 56 532 63 532 56 576
558 558 558 558 558 558 558
193 115 193 87 427 56 56 56 56 116 468 115 115 47 56 227 87 193 227 83 193 115 233
56 56 56 56 56 56 56 56
180 180 180 180 180 180 180 180 180 180
56 468 468 56 56 145 145 468 56 56 468 56
56 56 56 56 56 56 56 56
115 115 115 115 115 115 115 115 115
180 253 468 468 468 180 180 253 468 180 180 468 468 468 468 180 180 321
558 558 558 558 558 558 558
133 56 56 56 56 56 133 133 85 56 56
56 343 56 343 56 56 343 106 343 56 56 56
115 468 133 468 133 486 115 115 235 124 115 133 115 115 468 115 468
407 407 407 407 407 407 407 407 407 407 407 407 407 407
343 486 343 343 486 486 343
343 95 95 343 95 558 56 156 56 343 343 95 95
558 558 558 558 558 558 558
115 115 115 115 115 115 115 115 115
558 558 558 558 558 558 558
558 558 558 558 558 558 558
558 558 558 558 558 558 558
558 56 327 468 233 56 468 558 233 558 558 468 56 558 468 468 56 233 558 468
558 558 558 558 558 558 558
193 193 115 115 115 193 193 193 115 558 558
56 115 238 115 115 56 56 238 238 238 238 115
56 115 56 115 115 56 56 56 115 115 56 115 282 56 115 115
567 567 567 567 567 567 567 567 567 567 567 567 567 567 567 567 567 567 567
141 8 21 407 8 567 567 432 177 141 8 177 567 407 177 8 8 177 567 8 407 567 8 69 8 177 567 69 177 76 567 584 407 567 567 567
558 558 558 558 558 558 558
133 342 133 133 133 133 133
318 252 115 474 252 330 397 252 330 318 318 318 474 474 318 474 318 252 474
532 532 532 532 532 532 532 532 532 532 532 532 532 532 532 532 532 532
252 252 252 252 252 252 252 252 252 252 252
252 252 252 252 252 252 252 252 252 252 252
558 89 558 468 468 558 468 468 558 468 558 558
56 56 56 56 56 56 56 56
558 558 558 558 558 558 558
115 115 115 115 115 115 115 115 115
56 180 180 558 162 180 383 56 558 180 162 180 180 56 558 56 383 180 180
8 8 8 8 8 8 8 8 8 8 8 8 8 8 8 8 8 8 8 8
30 558 558 30 558 168 558 30 558 468 30 558 558 558
116 56 116 56 468 116 56 468 116 56
100 468 468 343 468 343 468 468 468 468 343 468 468 468 343
343 343 468 468 468 468 343 468 581 343
241 343 343 144 343 468 343 518 56 56 343 56 468 56 343 343 83 343 144
343 133 343 343 343 133 133 443
56 56 56 56 56 56 56 56
343 343 343 468 343 468 468 343 66 343 343 468 468 343
407 407 407 407 407 407 407 407 407 407 407 407 407 407
56 56 56 56 56 56 56 56
252 252 252 252 252 252 252 252 252 252 252
532 532 532 532 532 532 532 532 532 532 532 532 532 532 532 532 532 532
558 558 558 558 558 558 558
141 8 21 407 8 567 177 432 177 141 8 177 567 407 567 8 8 177 567 8 407 567 8 69 8 177 567 69 177 76 567 584 407 567 567 567
558 558 558 558 558 558 558
558 558 558 558 558 558 558
180 56 180 56 56 172 172 115 172 56 56 56 180 180 434 495 56 193 343 56 295 442 343 56 172 180 295 115 172 56 343 295
343 343 343 343 343 500 343 343 343
558 558 558 558 558 558 558
558 558 558 558 558 558 558
252 252 252 252 252 252 252 252 252 252 252
56 56 56 56 56 56 56 56
558 56 56 558 183 56 56 56 56 56 558 558 558 558
115 115 115 115 115 115 115 115 115
8 8 8 8 8 8 8 8 8 8 8 8 8 8 8 8 8 8 8 8
56 56 56 56 56 56 56 56
558 558 558 558 558 558 558
56 56 56 56 56 56 56 56
479 95 558 46 95 252 252 558 558 558 252 252 252 116 558 46 182 363 95 558 479 56 46 252 252 252 558
56 115 56 56 63 56 115 115 56 291 124 115 115 56 115 115
252 468 468 252 252 252 252 319 252 468 468 319 252 252 252
180 180 180 180 180 180 180 180 180 180
115 172 172 172 115 172 172 172 172 172
318 318 318 318 318 318 318 318 318 318 318 318
558 558 558 558 558 558 558
252 252 252 252 252 252 252 252 252 252 252
193 193 115 115 115 193 193 193 115 558 558
468 343 343 468 468 343 343 581 468 468
115 115 115 115 115 115 115 115 115
56 56 56 56 56 56 56 56
558 558 558 558 558 558 558
56 468 252 319 468 252 276 56 468 468 56 252 468 468 252 252 56 468 56 56 252 519 252 252 84 468 438
180 180 180 180 180 180 180 180 180 180
56 56 56 56 56 56 56 56
115 115 115 115 115 115 115 115 115
56 56 56 56 56 56 56 56
558 558 558 558 558 558 558
115 115 115 115 115 115 115 115 115
56 56 56 56 56 56 56 56
558 558 558 558 558 558 558
115 115 115 115 115 115 115 115 115
558 558 558 558 558 138 558 558 558 558 558 558 558
180 180 180 180 180 180 180 180 180 180
180 180 180 180 180 180 180 180 180 180
518 56 558 558 56 518 468 47 278 56 468 558 558 56 56 56 56 105
115 115 115 115 115 115 115 115 115
56 56 56 56 56 56 56 56
558 558 558 558 558 558 558
407 407 407 407 407 407 407 407 407 407 407 407 407 407
407 407 407 407 407 407 407 407 407 407 407 407 407 407
558 558 558 558 558 558 558
8 8 8 8 468 8 8 8 8 8 468 486 8 8 9 8 8 8 468 8 8 22 468 8 8
56 56 56 56 56 56 56 56
343 51 343 343 343 343 343 343 343 133 486 133 542
343 343 343 499 343 499 343 343
115 115 115 115 115 115 115 115 115
115 115 115 115 115 115 115 115 115
468 468 115 468 468 468 133 115 468 56 468 233 115 425 133 468 468 115 56 115 56 468 133 468 115 233 115 56 233 115
56 56 56 56 558 401 579 56 558 56 468 3 14 558 3 56 56 56 558 56 558 56 468 145 468 56 56
468 133 468 133 468 133 520 468 468
56 56 56 56 56 56 56 56
318 318 318 318 343 343 343 318 318 349 318 318 318 318 318 343
558 558 558 558 558 558 558
558 558 558 558 558 558 558
252 252 252 252 252 252 252 252 252 252 252
115 115 115 115 115 115 115 115 115
558 558 558 558 558 558 558
180 180 180 180 180 180 180 180 180 180
558 558 558 558 558 558 558
252 252 252 252 252 252 252 252 252 252 252
252 366 252 252 423 29 134 423 252 381 56 313 275 423 252 509 423 252 252 423 252 10 252 252 252 366 423 252 423 313 29 252 56
115 343 167 343 115 115 115 115 115 115 115 343 343
558 558 558 558 558 558 558
56 56 56 56 56 56 56 56
115 115 115 115 115 115 115 115 115
558 558 558 558 558 558 138 558 558 558 558 558 558
180 314 115 314 314 115 180 180 314 115 314 180 314
252 252 252 252 252 252 252 252 252 252 252
558 558 558 558 558 558 558
520 468 468 468 133 133 468 133 468
558 558 558 558 558 558 558
56 56 56 56 56 56 56 56
558 558 558 558 558 558 558
252 468 299 252 252 468 299 252 252 299 252 252 299
407 407 407 407 407 407 407 407 407 407 407 407 407 407
558 558 558 558 558 558 558
115 115 115 115 115 115 115 115 115
115 252 115 252 252 558 115 252 115 558 252 558 115 558 558 558 252 115 115 115 252 252 436 252 252
56 56 56 56 56 56 56 56
318 318 318 318 318 318 318 318 318 318 318 318
343 133 581 518 133 133 468 468 518 518
180 180 180 180 180 180 180 180 180 180
252 252 252 252 252 252 252 252 252 252 252
56 56 56 56 56 56 56 56
56 56 56 56 56 56 56 56
115 407 407 115 407 115 407 407 115 115 407 115 407 407 115 407 407 407 407 482 407 115
180 56 180 56 56 56 56 180 180 56 180 326 180 180 180 56 180
318 318 318 318 318 318 318 318 318 318 318 318
56 56 56 56 56 56 56 56
558 558 343 58 558 343 343 558 558 343 558
252 252 252 252 252 252 252 252 252 252 252
318 318 318 318 318 318 318 318 318 318 318 318
468 558 468 558 468 558 468 558 89 558 558 468
468 558 56 468 468 558 468 87 233 558 468 174 468 56 468 56 105 468 56 87 558 56 468 144 56 56 56 468 468 56 447 468 468
558 468 343 558 117 558 518 518 343 343 343 558 468 343 169 558
115 115 115 115 115 115 115 115 115
56 56 56 56 56 56 56 56
442 133 343 442 343 133 343
558 558 558 558 558 558 558
180 314 115 180 314 115 314 180 314 115 314 180 314
558 558 558 558 558 558 558
468 341 133 133 468 468 50 133 541 341 133 541
56 56 56 56 56 56 56 56
252 252 252 252 252 252 252 252 252 252 252
252 252 252 252 252 252 252 252 252 252 252
366 423 366 423 423 423 423 366 366 423 423 423 252 423 252
318 318 318 318 318 318 318 318 318 318 318 318
318 318 318 318 318 318 318 318 318 318 318 318
232 180 180 180 180 180 343 180 232 180 343 343 180
407 407 407 407 407 407 407 407 407 407 407 407 407 407
133 252 133 252 252 133 277 252 252 252 252 252 252 252
56 56 56 56 56 56 56 56
56 85 133 56 133 56 133 56 56 56 56
182 558 71 115 343 558 85 558 343 144 115 115 71 398 343 115 343 558 182 46 115 115 115 558
558 558 558 558 558 558 558
252 252 252 252 252 252 252 252 252 252 252
468 468 49 468 468 468 468 468 468 468 468
252 252 252 252 252 252 252 252 252 252 252
135 135 558 56 56 558 328 343 558 343 56 135 343 135 558 236 343 558 558 343 343
56 56 56 56 56 56 56 56
8 8 8 8 8 8 8 8 8 8 8 8 8 8 8 8 8 8 8 8