487 847 430 658 487 487 657 272 847 487 487 658 657 272 847 243 658 847 847 654
349 349 349 61 61 61 349 349 349 349 487 658 658 407 387 487 658 487 487 487 61 61 487 387 658 658 61 349 61 61 349 487
27 658 16 27 658 27 27 27 658 658 658 27 27 487 487 487 487 487 658 27 27
323 487 333 658 658 487 658 487 335 487 487 658 658 658 423 487 536 568 487 423 487 540 487 564 536 570 487 487 487 487 658 487 487 658 487
657 658 847 658 658 847 847 658 847 847 658 657 847 847
487 487 424 487 770 658 487 487 658 227 770 487 434 770 487 349 487 434 658 487 349 658 658 770 487 658 487 487 227 487 487 423 338 349 658 487 487 487 624 487 567 658 658 487 658 658 487 770 423 770 770 487 487 487 658 658 425 487 423 487 233 487 658
113 113 113 113 113 113 113 113 113 113 113 113
847 843 770 770 847 843 847 847 847 847 770 770 770 770 847
188 188 188 188 188 188 188 188 188 188 188 188 188 188 188 188 188 188
113 113 113 113 113 113 113 113 113 113 113 113
770 349 770 770 770 770 770 349 738 349 770 349
195 195 195 195 195 195 195 195 195 195 195 195 195 195 195 195 195 195 195 195
27 27 349 311 294 27 27 294 27 349 27 3 27
113 113 45 61 36 61 61 36 113 61 113 102 113 61 36 45 61 113 113 113
487 658 770 487 847 487 434 487 487 770 536 730 770 479 423 770 847 770 487 536 487 770 487 536 770 658 770 847 586 770 658 423 847 487 487 536 847 349 487 569 847 536 487 770 487 847 487 770 349 847 730 770 349 536 536 487 487 423 770 349 487 770 770 770 487 658 487 770 487 658 770 487
195 195 195 195 195 195 195 195 195 195 195 195 195 195 195 195 195 195 195 195
119 126 119 119 113 126 126 126 119 119 119 119 113 126 126 113 113 113
749 770 487 770 487 487 770 487 749 770 770 770
487 487 487 487 487 487 487 487 487 536 564 487 487 487 487 487 487 487 536
713 658 27 847 692 647 27 61 658 61 27 658 658 658 658 45 61 45 689 647 27 847 658 658 658 707 719 3 13 27 27 692 647 658 713 847 730 692 847 847 61 43 45 847 658 824
434 349 487 349 487 658 326 658 658 658 467 263 658 770 770 770 349 770 467 487 770 467 487 431 487 658 770 349 658 770
658 770 61 61 658 770 725 61 61 61 658 770 770 658 770 61 61 637 770 586 61 61 61 658
487 487 487 349 487 487 349 349 349 349 349 349 487 349 349 349 448 487 349 517 487 487
487 770 448 487 770 770 770 770 476 349 349 770 770 487 448
188 188 188 188 188 188 188 188 188 188 188 188 188 188 188 188 188 188
564 564 536 487 564 487 487 487 487 536 487 487 487
133 847 847 133 133 847 133 133 847 132 847 133 847 847 133 133 133 133 847 133 133 133 133
349 349 349 61 61 61 349 349 349 349 487 658 658 407 387 487 658 487 487 487 349 61 487 387 658 658 61 349 61 61 61 487
847 843 770 770 847 843 847 847 847 847 770 770 770 770 847
113 113 113 113 113 113 113 113 113 113 113 113
770 770 658 770 487 658 658 658 349 770 658 658 323 349 487 658 658 679 349 487 770 770 770 737 658 658
188 665 493 167 188 188 658 162 580 272 167 188 167 162 153 188 188 188 490 188 658 153 153 272 188 188 491 188 167 167 179 624 411 658 167 685 153 188 272 188
829 847 487 487 847 847 847 487 487 847 847 847 829
847 658 692 847 847 692 692 847 842 847 847 658 692 847 692 847
770 770 770 802 770 770 770 770 770 770 770 770 802 770
272 487 770 770 487 770 770 487 487 770 770 257 272 770 272 487
487 487 847 272 487 533 487 847 487 272 847 487 487 847 272 847 487 847 847 847 487 487
487 658 467 487 658 487 658 487 658 658 487 658
770 730 770 810 658 770 770 770 770 658 770 269 770 658 770 770 770 770 770 810 770 658 658 770 770 770 770 770 770 770 770
487 487 658 658 487 349 487 487 658 487 349 487 658 349 658 349 487 487 487 658 522
487 487 487 487 487 555 487 487 487 487 487 487 487 536 487
847 858 487 847 847 847 847 847 829 858 847 829 847 847 847 847 829
26 27 27 26 26 847 26 26 27 847 26 847 27
658 487 272 619 349 658 487 658 349 487 658 272 349 487 487 658 349 272 658
770 770 770 658 770 658 658 658 770 770 658 770 658 761
113 272 487 113 219 113 113 487 272 113 487 423 113 113 272 113 272 99 487 113 113 272 113
27 658 27 27 658 658 658 27 27 27 27 27 17 658 27 658
847 349 847 847 349 349 847 349 847 847 826 847 847
188 188 188 188 188 188 188 188 188 188 188 188 188 188 188 188 188 188
608 188 847 649 188 188 649 777 609 847 187 188 188 608 188 847 188 188 302 777 847 607 188 188 188 646
658 349 487 349 487 614 349 487 272 349 349 658 487 487 658 272 658 349 272 658 349 349 658
167 167 167 167 167 167 167 167 167 167 167 167 167 167 167 167 167
487 487 487 349 349 487 515 487 487 349 349 487 487 487 487
658 658 658 647 770 770 658 770 770 770 770 652 770 802 770 738 770 658 770 691 647 691 658 770 809 770 610 770
113 113 113 113 113 113 113 113 113 113 113 113
113 113 113 113 113 113 113 113 113 113 113 113
658 770 770 658 770 770 647 770 770 658 658 658 658 770
195 195 195 195 195 195 195 195 195 195 195 195 195 195 195 195 195 195 195 195
487 658 487 658 487 658 658 658 658 487 487 467
167 167 167 167 167 167 167 167 167 167 167 167 167 167 167 167 167
658 847 847 658 847 847 658 847 658 847 657 658 847 658 847
847 836 658 847 847 349 847 847 658 349 847 658 658 349 847 658 847 349 658
342 770 487 770 349 749 770 749 349 749 770 487 349 349
263 487 487 658 658 262 263 487 658 259 658 487
195 195 195 195 195 195 195 195 195 195 195 195 195 195 195 195 195 195 195 195
263 252 658 487 429 487 658 487 658 349 658 261 487 487 349
658 349 658 658 349 658 487 658 658 487 604 487 349 487 487 349 487 487 487 487 487
487 770 487 770 487 770 423 487 770 725 487 487 487 770 487 524 487 770
487 487 487 349 487 349 487 487 487 349 487 349 487 515 487
487 61 847 59 61 271 487 61 59 272 61 59 239 59 272 243 434 487 435 487 58
770 770 770 770 349 770 349 349 738 770 770 349
272 658 306 349 770 264 658 586 487 610 349 658 658 530 770 658 306 658 658 536 229 487 487 770 487 658 770 658 487 252 658 658 658 349 328 487 487 603 658 349 349 610 658 272
126 126 126 126 658 658 123 658 658 126 126 126 126 126 658 126 658 126 126
658 658 487 487 658 487 620 487 658 272 658 272 487 658 272
487 658 770 658 487 770 770 770 658 658 487 658 487 466 658 487 770 770 770
749 730 487 770 749 770 750 487 434 750 487 770 487 487
113 113 113 113 113 113 113 113 113 113 113 113
770 770 770 487 487 770 487 770 770 487 749 770 487
113 113 113 770 113 770 770 107 770 113 770 113 113 113 107 770 113 113
188 188 188 188 188 188 188 188 188 188 188 188 188 188 188 188 188 188
272 272 749 749 770 272 770 725 770 749 770 487 770 770 770 770 770 270 770 770 770 770 770 770 743 770
770 113 113 306 98 349 487 742 349 847 487 272 94 770 487 113 423 113 487 349 487 658 847 770 487 349 847 349 487 658 349 847 725 487 658 243 847 423 487 224 349 113 658 847 770 448 349 770 770 110 487 113 847 113 658 349 423 658 98 272 311
749 730 487 770 749 770 750 487 434 750 487 770 487 487
195 195 195 195 195 195 195 195 195 195 195 195 195 195 195 195 195 195 195 195
195 195 195 195 195 195 195 195 195 195 195 195 195 195 195 195 195 195 195 195
27 27 26 26 847 26 26 27 847 26 26 847 27
770 730 770 487 487 770 259 487 770 728 770 728
272 27 593 27 658 284 27 658 27 27 272 27 272 658 27 658 658 3 3
126 117 126 117 117 117 117 126 61 117 117 126 117 61 117
658 624 487 487 658 487 658 658 487 658 487 658
27 27 26 26 847 26 26 27 847 26 26 847 27
487 658 658 487 487 487 658 487 658 467 658 658
770 650 658 802 802 770 802 658 650 650 650 658
349 487 405 27 487 27 27 405 27 315 27 349 349 27 349 405
349 847 863 349 349 863 847 863 863 348 863 863 863 349
658 658 658 487 624 658 658 487 658 487 487 487
113 113 113 113 113 113 113 113 113 113 113 113
349 487 272 349 487 658 272 349 487 349 349 658 487 487 349 487 349 349 658 487 272 349 272 658 658 349 658 349 252 386 487 272 487 487
536 770 770 770 536 770 770 770 530 730 770 770 789 536 487 730 770 434 770 770
195 195 188 191 188 195 188 188 195 188 188 170 195 195 195 188 171 171 171 171 195 195 188 195 171 171 30 195 173 171 188
195 195 195 195 487 195 195 349 195 448 195 195 349 195 195 487 448 194 195 487 195 195 195 195 195 195 195
306 349 26 293 349 26 26 3 349 658 27 349 487 487 847 352 349 487 349 25 26 847 658 3 593 226 234 658 847 487
832 833 61 847 847 61 117 841 647 117 61 638 770 50 44 117 61 124 117 61 61 117 61 660 832 61 61 126 117 61 117 840 841 61 770 847
487 658 487 658 658 658 487 536 487 487 658 487 487 658 487 632
847 487 847 658 487 487 487 828 658 847 847 847 828 847 658 658 658 847
188 188 755 847 754 40 754 188 61 723 574 847 61 170 755 61 188 847 188 170 188 723 847 188 760 40 754
487 487 487 487 658 523 523 658 467 487 658 467 487
847 847 770 770 802 847 770 847 770 846 770 847 847 770 770 770 770 847 847 770 770 770
658 641 349 770 349 770 487 269 749 770 487 770 487 269 770 770 349 651 770 770 770 647 770 658 770 487 658 349 749 647 487 487 749 487 770 770
847 847 847 658 658 847 658 847 847 658 658 839 847 847 658
167 167 167 167 167 167 167 167 167 167 167 167 167 167 167 167 167
487 658 658 487 487 658 487 658 487 523 487 487 658 487 658 487 487
770 770 770 770 349 349 770 770 770 770 770 770 770 349 785 349 770 770 770
347 349 847 847 847 847 847 349 847 847 847 349 349
61 78 61 78 78 61 61 78 78 61 61 78 78 78
349 349 377 349 311 349 349 349 349 272 272 349 349 349 349
195 195 195 195 195 195 195 195 195 195 195 195 195 195 195 195 195 195 195 195
658 658 658 27 658 27 27 27 27 27 27 658 27 573 658 27
349 398 365 658 349 658 349 349 338 658 349 349 349 349 349 349 349 349 338
27 27 26 26 847 26 26 27 847 26 26 847 27
770 27 27 770 770 27 770 349 770 27 717 770 27 27 770 770 770 725 27 782 725 770 2 349 349 770 306
188 188 188 188 188 188 188 188 188 188 188 188 188 188 188 188 188 188
167 195 195 188 167 188 129 167 167 167 82 65 61 113 167 770 65 111 188 172 129 127 61 195 74 148 195 64 771 127 167 63 129 195 87 145 175 149 175 167 60 113 167 195 167 188 128 145 195 438 773 175 708 167 127 770 797 127 167 85 814 129 170 167 61
487 349 349 454 487 349 349 487 349 349 487 487 349 349
487 770 770 770 487 770 487 770 487 770 487 479 770
770 349 770 349 770 349 770 349 770 738 770 770
658 770 770 658 770 770 650 770 658 770 770 770 770 770 658 770 770 770 770 658 658
113 847 113 112 98 847 802 113 838 113 113 263 847 847 650 846 846 843 658 113 847 847 770 113 113 847 113 847 847 658 112 847
536 487 349 487 306 423 487 487 487 487 487 565 658 487 658 487 487 423 419 487 487 487 424 487 349 658 349 658 487 487 658 487 487 487
113 113 113 113 113 113 113 113 113 113 113 113
770 487 243 272 423 770 770 770 770 770 487 770 744 487 487 272
349 487 359 423 487 487 487 487 349 349 349 323 349 487 306 349 487 487
770 725 770 658 770 779 658 658 770 770 770 770 770 770 770 658 227 770 658 770 770
658 666 593 658 263 658 658 658 658 658 658 666
658 343 658 321 272 770 246 770 272 770 658 658 770 487 470 343 487 320 272 692
770 770 770 770 770 770 802 770 770 770 770 770 770 770 770
658 658 658 647 770 770 658 770 770 770 770 652 770 802 770 738 770 658 770 691 647 691 658 770 809 770 610 770
133 133 133 133 133 133 133 133 133 133 133 133 133 133 133
20 770 27 20 770 770 27 24 770 20 20 770 770 27 770 770 20 20
847 847 847 658 826 847 847 610 610 658 658 847 656 349 349 656 349
539 487 272 272 487 487 487 487 487 349 487 349 487 349 487 487 487 349 272 487 487 487 487
770 738 349 770 770 349 770 349 770 770 349 770
847 770 799 847 799 799 843 802 847 802 799 799
311 847 347 847 272 272 847 347 847 346 847 347
113 113 113 113 113 113 113 113 113 113 113 113
17 27 27 27 17 17 17 17 27 658 658 27
658 770 751 487 770 658 487 692 658 245 770 487 424 272 658 658 468 658 470 470 219 219 224 770 658 227 770 770 272 658 770 487 658 272 487
349 61 61 61 349 298 61 61 349 61 61 61 61 298
27 27 27 770 21 770 770 113 113 770 770 27 27 113 113 113 770 770 113 113 27 113 770 113 725 27 113 770 770 770 770 2 113 27 770
487 448 515 487 487 487 487 349 349 487 487 487 448
770 770 272 272 738 770 770 265 349 770 770 272 349 349
770 658 770 770 586 770 658 658 725 487 658 770 770 587 487 658 233 487 487
323 487 27 27 293 27 544 27 487 770 770 487 487 770 224 27 27 536 487 487 770 27 770 515 515 770 770 27 487
847 658 487 487 847 487 349 658 658 423 423 487 349 847 658 487 487 349 349 658 847 349 658 487 487 487 349 487 349 487 487 847 847 349 847 837 847 487
133 133 133 133 133 133 133 133 133 133 133 133 133 133 133
349 487 658 658 349 658 658 349 658 658 319 487 487 487 349 487
113 113 113 113 113 113 113 113 113 113 113 113
272 487 838 658 847 802 258 487 822 650 243 487 423 846 846 243 843 847 725 487 658 838 586
467 487 658 487 487 658 658 658 487 658 487 658
133 133 133 133 133 133 133 133 133 133 133 133 133 133 133
658 349 770 349 423 770 487 487 658 487 847 349 487 847 770 349 770 487 770 658 658 349 658 487 487 770 487 658 349 699 658 770 487 770 658 487 847 487 487 770 227 658 423 770 658 770 847 227 658 349 847 487 487 658 847 658 770 487 847 487 487 770 847 349 658 770 658 658 487
658 658 658 658 658 658 658 692 658 658 658 658 658
658 770 349 770 658 658 349 477 770 487 770 487 770 487 658 658 349 487 658 658 658 673 349 487 658 487 761 487 658 487 487
349 27 295 27 27 27 349 27 349 349 27 27 27 27
188 349 188 177 349 188 624 104 552 188 188 114 658 409 618 113 113 186 188 409 188 658 61 854 188 349 188 62 616 188 113 61 182 188 658 84 113 87 188 113 188 87 115 188 658 61 29 29 86 616 113 181 188 674 113 488 29 693 658 658 189 188 169 188
487 487 658 658 467 487 658 487 487 658 658 658
188 188 188 188 188 188 188 188 188 188 188 188 188 188 188 188 188 188
195 195 188 191 188 195 188 188 195 188 188 170 195 195 195 188 171 171 171 171 195 195 188 195 171 171 30 195 173 171 188
113 113 102 487 113 113 113 487 113 487 113 113 487 487 113 113 113
217 487 224 27 216 487 487 487 27 27 27 27 27 27 27
832 833 61 847 847 61 117 841 704 117 61 702 770 658 700 450 117 61 451 117 61 61 117 61 705 832 61 61 126 683 117 61 117 710 711 61 770 847
770 271 487 847 770 770 770 487 770 770 487 770 770 770 847 770 730 770 271 487 847 487 847 847 770 770 847 780
349 349 349 349 349 349 349 349 349 349 349 349 349 349 349 349 399
770 770 770 349 349 770 349 738 770 770 770 349
349 349 349 373 385 487 487 349 487 349 349 487 349 349 349 349 487
109 108 87 109 61 817 87 109 816 113 113 87 109 109 61 61 109
658 658 658 770 770 658 770 770 770 647 770 658 770 658
658 610 343 658 606 606 770 606 770 770 770 658
27 487 487 7 27 403 487 27 448 27 27 7 403 27
770 487 770 487 770 749 487 487 770 770 770 770 487
133 133 133 133 133 133 133 133 133 133 133 133 133 133 133
188 188 188 188 188 658 188 188 188 188 188 188 658 658 188 188 658 188 188 184 658 188 188 658
113 113 113 349 100 113 113 349 100 113 113 113 349 113 113
126 61 61 847 61 847 126 126 847 122 61 126 487 847 61 259 126 847 61 61 847 126 126 61 126 126 847 57 847 43 61 126 487 126 487 487
658 847 847 658 349 658 847 658 847 847 847 658 847 349 658 349 349 847 655
126 117 126 117 117 117 117 126 61 117 117 126 117 61 117
167 167 167 167 167 167 167 167 167 167 167 167 167 167 167 167 167
195 195 195 195 195 195 195 195 195 195 195 195 195 195 195 195 195 195 195 195
847 272 272 847 272 847 847 847 847 847 847 824
61 847 61 847 847 61 61 61 847 61 61 59 847 61 847 847 61 847 61
113 113 113 113 113 113 113 113 113 113 113 113
487 770 770 788 770 770 770 770 487 770 770 770 479 770 487 770 770 770 487
113 113 113 113 113 113 113 113 113 113 113 113
188 153 167 806 188 139 140 167 188 770 167 139 138 141 807 776 581 188 188 807 188 771 167 800 188 167 167 188 187 138 581 188 770 188 143
658 349 647 770 770 337 349 337 770 658 770 658 337
658 640 770 770 658 224 658 487 770 770 770 586 487 770 658 487 487 658 770
487 349 349 349 487 487 349 487 487 487 487 516 487 349 349 487 487 349 349
272 658 658 658 658 487 487 487 272 262 272 658 487 658 487
113 113 113 113 113 113 113 113 113 113 113 113
487 487 323 658 658 658 349 487 658 487 487 630 487 658 515 658 487 349
802 770 770 770 770 802 770 770 770 770 802 802
658 487 487 658 658 487 658 459 487 586 423 658
487 487 770 220 770 311 487 487 487 730 536 753 770 487 487 487 770 487 349 487 487 487 487 487 424 487 487 770 487 224 545 487 770
647 658 658 647 647 586 770 647 658 658 770 349 349 688 220 658 658 349 647
770 770 715 714 847 847 730 3 27 847 847 847 27 27 847 770 847 27 27 770 27 27 770 847
749 770 487 770 487 487 770 487 749 770 770 770
647 645 770 647 487 487 487 770 647 658 487 658 770 487 770 658
658 338 658 487 658 770 770 423 487 658 593 770 658 658 658 434 698 658 349 586 770 770 590 658 349 658 586 770 349 487 658 658 658 770
658 612 349 306 658 349 220 847 349 847 349 349 847 847 658 658 658 349 847 658 847 847 847
658 770 770 658 487 658 487 759 770 487 658 770 658 487 770 624 770 770
658 487 658 487 658 658 658 658 624 487 487 487
358 487 364 658 658 487 487 487 487 658 487 487 513 487 487 487 658 658 311 487 770 658 487 687 770 486 555 487 770 536 770 487 770 487 487 487 487 487 349 487 564 487 536 487 272 487 536 487 540 770 487 658 487 272 487 658 770 487
133 133 133 133 133 133 133 133 133 133 133 133 133 133 133
487 658 487 658 487 487 487 487 658 487 487 658 658 658 550 487 487 487 487 487 487 487
167 167 167 167 167 167 27 167 27 27 27 167 167 27 167 27 167 167 167 167 27 137 27 167 167 27
113 113 113 113 113 113 113 113 113 113 113 113
487 770 770 487 272 487 770 487 272 770 770 770 272 770 770 487 770 487 487 487 770 770 770 531 770 487 487 770
113 113 113 113 113 113 113 113 113 113 113 113
770 487 487 770 770 749 749 487 770 770 487 770
487 847 770 240 847 61 770 61 725 809 847 770 61 847 61 61 802 770 770 725 847 770 770 770 42 847 770 770 847 423 809 240 479 770 809 487 61 847 770 482 61 770 269 487
770 770 770 770 802 770 770 770 802 770 802 770 770
770 272 770 349 770 770 770 770 349 272 783 306 770 770 770 770 349 770 229 770 269
487 658 424 487 658 770 487 658 586 770 770 658 770 460 229 586 725 770 487
288 349 487 349 487 487 349 276 487 272 272 487 243 306 272
2 770 27 770 770 863 863 487 829 487 863 658 847 770 770 658 770 27 658 27 856 790 770 857 588 349 770 404 252 349 770 487 863 27 658 404 658 487 487 863 770 349 20
487 658 349 658 658 487 658 487 349 462 586 658 487 487 487 425 658 487 349 349 658 658 593 672 658 487
536 770 487 487 770 487 349 349 423 349 349 349 770 487 770 770 770 349 487 487 349 487 349 553 487 423 487 487 770 487
839 126 833 126 126 126 126 126 833 847 847 839 847 126 577 126 833 839 126
220 220 27 27 238 349 27 349 27 349 306 27 349 658 658 658 5 349 27 658 349 27 306 658 586 349 27
27 306 349 349 27 27 27 220 349 27 349 349 349 10 349 349 27 27 349 27 27 349
272 658 349 349 349 658 658 272 261 658 272 658 658 349
188 188 188 188 188 188 188 188 188 188 188 188 188 188 188 188 188 188
487 847 487 487 487 847 487 487 534 487 487 847 487 847 847 847 487 847 847
690 658 658 770 269 487 770 770 658 658 730 770 658 770 770 658 487 658 658 658 658 487 487 658 770 770 658 770 770 770 259 770
829 847 829 487 847 847 847 487 487 847 847 847 487
487 770 349 487 770 770 487 349 487 272 487 272 487 770 770 487 487 349 349 487 272 349 527 770 770 349 349 349 487
658 349 658 487 602 658 487 658 658 349 349 487 487 602
188 188 188 770 770 188 188 188 188 188 187 188 188 770 188 188 188 188 188 770 188 187 770 770
847 349 847 847 349 847 349 847 826 847 349 847 847
167 167 167 167 167 167 167 167 167 167 167 167 167 167 167 167 167
188 188 188 188 188 188 188 188 188 188 188 188 188 188 188 188 188 188
658 658 487 658 658 658 487 487 658 624 487 487
658 770 770 794 658 770 770 593 770 658 770 658 770 730 770 770 658 730 770 770 770
113 113 113 113 113 113 113 113 113 113 113 113
847 658 847 847 658 839 658 847 847 847 658 847 658 847 658
27 27 770 224 27 487 770 487 27 770 27 487 770 770 27 27 27 27 27 31 27 725 27 27 770 27 27 27 487 27 27
311 338 272 487 487 658 338 330 658 487 338 487 272 487 658
113 113 113 113 113 113 113 113 113 113 113 113
113 658 658 113 658 113 658 113 105 113 113 113 113 658 113 105 113
113 113 113 113 113 113 113 113 113 113 113 113
487 349 847 306 863 487 863 863 349 487 349 863 863 863 441 423 863 847 487
658 487 487 658 658 658 658 487 487 586 487 487 487 272 519 487 272 487 219 487
610 674 692 272 692 770 272 268 692 725 770 272 770 770 770 770 669 349 658
658 658 658 658 487 349 487 487 349 349 658 658 487 487 349 621
770 770 770 847 847 768 770 847 847 847 770 768 847 847 770
116 113 113 113 113 113 113 113 113 113 113 98 113 658 113 658 658 113 658 113 98 113 113 113 113 658 98 113 658
188 188 188 770 770 188 188 188 188 188 187 188 188 770 188 188 188 188 188 770 188 187 770 770
770 717 717 27 27 770 27 27 770 770 27 770 27 27 770 27
167 167 167 167 167 167 167 167 167 167 167 167 167 167 167 167 167
829 847 487 847 847 847 847 487 487 847 487 847 847 487
536 523 658 658 487 536 487 658 487 658 658 487 536 658
770 770 487 487 770 770 770 770 749 487 487 749
431 487 263 658 658 658 487 263 487 487 658 434
658 658 658 658 658 658 658 658 692 658 692 658
658 487 658 658 487 487 658 658 658 487 487 624
658 658 658 658 658 658 770 658 703 770 658 658 487 487 658 658 658 658 770 658 658 658 487 658 487 770 658 770 770 725 423
113 113 113 113 113 113 113 113 113 113 113 113
113 113 113 770 113 770 113 770 770 113 770 113 107 107 770 113 113 113
738 27 770 770 27 781 27 770 293 27 770 770 770 725 27 27 770 27 770 27 738 770 770 738
573 27 573 27 573 573 573 27 658 658 27 27
770 749 487 770 487 770 770 487 770 487 770 487 770
195 195 195 195 195 195 195 195 195 195 195 195 195 195 195 195 195 195 195 195
832 847 840 679 707 707 839 61 847 658 832 45 712 694 694 61 847 61 712
188 188 188 658 770 188 188 658 188 658 188 658 188 188 188 176 188 188 770 188 188 770 658 770 770 188 725 188 658 770 639
487 770 770 770 487 349 349 349 487 770 770 349 476 770 770 487 487
119 847 847 126 118 113 847 119 119 118 829 126 126 118 126 126 102 113 126 119 847 113 847 102
487 487 448 349 349 27 27 487 27 27 349 27 217 487 349 349 27 27 452 349 27 306
658 61 575 658 575 61 658 575 61 61 61 61 61 61 658
61 78 61 78 78 61 61 78 78 61 61 78 78 78
487 487 349 349 487 487 487 349 487 509 423 349 487 423 487
770 770 770 802 770 770 770 770 770 770 770 770 802 770
487 770 847 423 768 487 487 847 230 770 768 847 420 847 847 770 487 770 770
847 487 847 658 487 487 487 828 658 847 847 847 828 847 658 658 658 847
487 487 658 658 523 658 487 487 487 487 487 658 658 487 658 487 487
447 27 27 487 770 770 770 343 847 770 515 847 770 487 770 847 847 27 27 847 536 847 27 27 770 770 514 514 770 27 27 770 847 487
349 349 349 349 306 272 349 349 272 272 349 349 376 349 306 349
243 595 349 658 658 280 658 373 252 658 349 252 658 586 272
349 349 113 349 113 658 113 113 113 113 349 362 113 349 658 658 349 113 94 306 658 349 113 658 113 658
487 770 770 487 487 770 770 479 770 770 487 770 487
770 843 167 803 23 1 167 820 770 167 23 847 1 867 772 804 167 772 847 773 167 808 167 1 847 867
770 770 487 749 770 487 487 487 770 770 770 770 487
195 195 195 129 195 61 61 193 61 129 61 193 195 195 61 61 61 193 195 195 193 41 195 129 61 195 193 195 193 193 61 129 193 129 61
188 188 188 188 188 188 188 188 188 188 188 188 188 188 188 188 188 188
306 27 395 770 349 349 349 220 20 349 349 349 349 20 349 20 349 349 27 349 20 349 20 20 349 349 27
487 349 847 349 272 487 487 487 272 487 847 487 487 487 547 487 311 847 487 487 847 487 847 349 847 487 847 847 487 487
487 349 487 487 487 487 349 349 487 487 516 487 487 349 349 487 349 349 349
770 770 730 847 487 847 770 847 847 730 847 349 729 487 252 349 770 487 847 847 487 349 770 487 847
113 113 113 113 113 113 113 113 113 113 113 113
813 27 27 847 813 813 27 813 27 813 847 847 813
61 27 0 61 2 658 27 272 536 27 272 61 658 658 27 658 61 487 27 27 46 27 61 28 27 46 27 658 487 658 27 27 27 27 2 61 61 27 27 244
252 658 658 586 349 658 249 658 349 306 658 658 263 658 658 658 263
770 770 770 770 770 738 349 349 770 349 349 770
658 658 692 658 658 658 658 658 658 658 658 658 658
770 658 658 658 658 749 770 658 645 749 487 749 658 770 749
448 847 847 487 487 347 847 847 349 349 487 349 349 453 847 847 347 448
770 770 770 770 770 770 770 770 770 770 770 770 770 802 770
847 847 770 847 847 770 843 847 770 847 770 843 770 770 847
487 847 847 487 487 847 847 847 847 487 847 487 847 484
487 272 487 658 487 658 349 349 658 658 658 487 658 272 658 487 658 658 658 487 487 658 658 658 500 658 272 487 349 487 679 349 658 658
764 770 764 658 770 658 658 658 770 658 770 658 770 658 770 658 658 658
349 349 658 658 658 349 658 487 487 658 487 658 334 349 487 487
847 847 770 770 843 847 847 770 770 847 847 770 843 770 847
113 113 113 113 113 113 113 113 113 113 113 113
770 487 487 770 770 749 749 487 770 770 487 770
770 770 487 770 770 487 259 487 770 487 770 658 487 658 487 349 536 658 487 793 349 487 487 658 770 487 770 658 770 487 487 487 349 259 487 487 487 487 487 448 487 730 770 487 349 770 487 349 306 487 658 770 487 479 349 423
820 843 167 849 852 770 144 167 770 167 852 770 847 144 865 770 853 865 770 167 770 853 847 770 167 868 167 144 847 801
859 836 839 839 311 847 836 347 847 272 847 847 847 272 847 658 847 847 847 847 847 658
167 167 167 167 167 167 167 167 167 167 167 167 167 167 167 167 167
188 188 188 188 188 188 188 188 188 188 188 188 188 188 188 188 188 188
487 349 487 349 349 487 349 349 487 349 349 454 487 349
770 770 770 847 847 768 770 847 847 847 770 768 847 847 770
770 730 770 810 658 770 770 770 770 770 770 269 770 658 770 770 770 770 770 810 770 658 658 770 770 770 770 770 770 770 658
113 113 113 658 113 658 113 113 658 113 113 113 105 658 658 113 658 113
658 658 658 658 658 349 349 658 658 658 349 658 306 669 586 658 658
658 658 658 749 349 306 349 770 645 643 349 389 770 349 349 349 349 749 487 349 349 642
113 113 113 113 113 113 113 113 113 113 113 113
487 658 677 658 658 487 431 487 658 658 434 658 658 263 658 658 658
61 349 61 349 349 44 61 349 61 61 61 61 61 61 61
487 487 487 770 487 770 770 770 487 770 479 770 770
770 768 768 770 847 770 770 847 847 847 770 770 847 847 847
27 536 487 536 27 14 487 272 27 272 27 536 27 27 272 536 27 27 27
133 133 133 133 133 133 133 133 133 133 133 133 133 133 133
847 847 839 847 658 839 847 847 658 847 658 847 658 658
575 658 61 61 658 658 658 658 61 61 61 61 61 658 61 61 61
113 113 113 113 113 113 113 113 113 113 113 113
113 113 113 113 113 113 113 113 113 113 113 113
61 50 470 707 707 61 51 658 53 45 53 61 61 61 53
770 770 349 349 770 770 770 738 770 349 770 349
487 349 487 487 658 446 658 349 658 658 658 658 349 487 349 487
770 658 770 658 770 658 770 658 761 658 770 770 770 658
658 658 487 658 487 624 658 487 487 658 658 487
32 27 770 717 27 27 32 27 27 770 27 27 27 27 27 27 770 27 27 27 717 770
658 423 487 770 487 626 725 770 658 487 658 487 487 770 770 233 770 487 658 770 658 487 658 487
770 847 847 847 349 349 770 770 847 847 770 349 847 770 770 767 847 770 847 349
167 167 167 167 167 167 167 167 167 167 167 167 167 167 167 167 167
358 676 373 658 770 349 658 770 303 342 770 770 658 770 349 658 487 323 770 487 770 349 770 658 349 349 770 487 349 658 263 423 311 770 770 658 770 487 586 487 487 349 229 658 349 658
658 487 487 487 658 487 487 487 658 658 487 487 658 487 487 658 632
749 770 749 349 349 487 749 349 770 487 745 770 770 349
126 117 126 117 117 117 117 126 61 117 117 126 117 61 117
658 349 658 617 658 349 487 487 311 658 311 487 349 349 349 349 487 658 658 349 349 487 349 272 349
847 829 487 828 847 658 658 829 829 847 847 658 658 828 658
27 27 26 26 847 26 26 27 847 26 26 847 27
815 188 78 770 188 492 839 768 69 67 847 72 188 188 55 770 815 834 770 55 815 847 188 188 188 792 61 61 188 791 770 770 815 61 752 188 188 71 188 847 770 61 797 61 50 869 61 61 808 48 847 551 847 769 188 61 78 78 847 188
572 27 27 658 572 572 770 572 572 20 27 658 20
770 487 770 770 328 770 605 605 658 658 536 610 658 610 752 770 487
770 770 770 770 770 785 770 770 349 770 770 349 770 770 770 349 349 770 770
349 770 770 770 770 349 770 770 770 349 349 343
349 770 424 770 487 770 487 306 349 383 770 252 349 373 802 770 349 288 272 306 272 235 802 272 770 272 443 349 770 770 443
126 126 126 847 126 847 847 126 847 126 125 126 126 847 126 126 125 126 847 847
770 658 761 658 487 487 761 759 770 487 770 658 761 487 487 770
847 658 658 658 847 658 847 658 658 839 847 847 847 847 847
770 770 770 349 725 230 349 847 349 847 770 847 770 770 847 733 349 847 847 847
572 27 27 658 572 572 770 572 572 20 27 658 20
770 770 770 770 770 770 770 770 770 770 770 770 770 802 770
770 487 770 770 658 487 487 770 658 487 747 658 658 770 487 770 658 658 770
658 761 761 770 689 658 770 761 658 658 658 658 761 658 761
770 768 768 770 847 770 770 847 847 847 770 770 847 847 847
61 61 61 61 61 61 61 61 61 61 42 61 61 61 61 61 61 61 42 66 61
487 61 50 467 487 406 61 658 406 61 61 61 61 61 658 61 467
129 129 129 129 129 129 129 129 129 129 129 129 129 129
349 658 658 613 658 349 349 349 353 658 658 658 373 272 272
113 113 113 113 113 113 113 113 113 113 113 113
242 243 847 770 843 230 272 847 847 770 847 770 847 272 847 770 770 770
349 349 370 349 349 770 770 349 770 770 770 349 349 770 770 349
113 113 349 113 349 113 113 113 113 349 113 113 100 113 113 349
126 117 126 117 117 117 117 126 61 117 117 126 117 61 117
770 487 770 749 770 487 487 770 770 770 487 487 770
113 113 113 113 113 113 113 113 113 113 113 113
658 658 487 487 487 658 658 487 658 624 658 487
349 847 487 113 847 113 847 61 349 110 113 113 349 39 484 487 487 847 94 839 38 487 252 822 38 658 349 39 658 61 372 220 586 61 298 59 58 839 113 835 349
195 195 188 191 188 195 188 188 195 188 188 170 195 195 195 188 171 171 171 171 195 195 188 195 171 171 30 195 173 171 188
579 658 578 129 658 129 129 129 674 579 610 658 129 579 579 129 661 610 129 129
113 113 113 113 113 113 113 113 113 113 113 113
487 658 658 487 487 658 487 593 658 593 658 658 658 434 658 469 658 658
738 770 349 770 349 770 770 349 770 770 770 349
555 487 487 487 487 487 487 487 555 536 487 536
802 770 770 770 770 802 770 770 770 770 802 802
349 770 349 370 349 349 349 770 770 770 770 349 349 770 770 349
847 847 847 349 349 847 847 847 826 847 349 349 847
658 658 692 658 658 658 658 658 658 692 658 658
774 802 61 61 770 61 770 61 770 61 61 802 802 770 61 802 802 61 61 61
188 188 188 188 188 188 188 188 188 188 188 188 188 188 188 188 188 188
658 487 770 752 770 536 770 487 634 487 770 658 487 658 658 536 536 658 487 487 770 487 423 770 423 658 487 487 487
802 487 802 786 770 786 802 487 487 770 27 27 802 27 770 27 27 27 27 487 27 770
658 658 692 658 658 658 658 658 658 658 658 658 658
113 113 113 113 113 113 113 113 113 113 113 113
487 479 479 487 487 770 770 770 770 770 487 770
17 27 27 27 17 17 17 17 27 658 658 27
658 658 306 349 658 487 487 586 487 487 671 349 487 658 658 349 487 487 658 487 658 658 658 487 658 658 487
847 847 487 822 847 847 847 847 847 487 481 487 487 423
349 770 770 487 349 349 770 476 487 770 349 770 770 349 442 770 349 770 770 306 393 770 770 738 349 476
107 61 340 106 847 61 866 848 113 113 113 866 49 61 706 61 61 80 847 715 113 61 707 75 707 113 70 35 61 61 61 847 7 76 7 27 52 27 27 825 60 847 61 299 679 27 300 658 73 54 27 831 61 61 770
113 113 113 113 113 113 113 113 113 113 113 113
658 658 658 224 770 487 487 349 725 695 229 658 658 487 658 658 770 770 770 689 487 770 586 770 658 658 770 487 487 658 487 658 349 487 770 487 658 770 343 658 349 658 658 770
113 113 113 349 100 113 113 349 100 113 113 113 349 113 113
113 113 113 113 113 113 113 113 113 113 113 113
113 113 113 113 113 113 113 113 113 113 113 113
487 487 487 467 658 658 658 658 487 658 487 658
113 113 658 113 658 105 113 658 113 113 113 658 113 113 658 658 113 113
20 487 20 20 349 272 448 770 770 349 770 487 770 487 770 487 27 22 272 487 20 487 20 770 487 770 487 27 27 272 770 20 448
658 658 658 658 349 770 349 770 770 658 770 349 606 349 770 770 770 658
770 61 61 61 718 61 61 770 61 770 725 61 61 770 61 770 770 42
802 487 802 786 770 786 802 487 487 770 27 27 802 27 770 27 27 27 27 487 27 770
847 829 847 847 847 847 847 487 847 487 487 487 487 847
847 847 847 847 349 349 847 847 847 847 349 349 826
839 847 839 479 844 770 770 770 770 476 487 847 847 610 770 802 479 839 802 738 839 847 623
847 658 847 847 658 839 847 847 839 847 658 658 847 658
770 658 658 770 658 770 658 658 770 761 770 658 770 770
487 658 770 487 487 658 423 479 601 272 243 658 487 327 487 770 487 770 232 602 349 448 770 472 658 770 770 342 220 770 770 448 487 487 770 563 487 487
251 847 272 349 658 847 272 658 349 658 839 349 272 349 839 847 847 847 839
770 770 658 761 658 770 658 770 658 770 770 658 770 658
113 113 113 113 113 113 113 113 113 113 113 113
414 487 487 423 487 217 27 27 487 27 27 27 27 27 27
113 113 113 113 113 113 113 113 113 113 113 113
195 195 195 195 195 195 195 195 195 195 195 195 195 195 195 195 195 195 195 195
133 133 133 349 131 349 133 349 133 133 133 133 133 349 133 133 133 133 133
188 188 188 188 188 188 188 188 188 188 188 188 188 188 188 188 188 188
847 263 847 252 586 847 349 847 847 349 658 847 220 349 658 349 847 847 349 349 658 263 823
658 658 349 349 349 349 658 658 658 349 349 349 349 306 388 349 586 349 349
27 487 487 7 27 403 487 27 448 27 27 7 403 27
624 658 658 487 658 487 658 487 487 658 658 487
658 658 770 658 770 658 770 658 770 647 770 770 770 658
98 658 113 113 113 658 658 847 113 113 658 271 113 847 658 113 658 113 847 847 847 113 271 113 847 97
770 188 188 768 167 756 770 811 167 83 847 812 847 61 61 770 113 412 61 167 812 188 61 135 61 61 770 864 847 847 61 720 167 410 89 829 136 61 88 61 61 61 87 147 167 738 61 188 770 847 188 90 850 167 113 798 188 770 61 61 847 134 770 847 775 188 845 730 61 770 735 847 816 408 770 69 721 61 821 61 61 61 61 61
847 658 658 847 658 847 847 847 658 847 847 847 658 839 658
770 487 770 770 487 272 770 272 487 749 487 504 749 487 272 487 487 749
349 487 847 847 770 272 770 272 423 770 317 658 487 306 272 658 770 306 768 658 272 588 822 349 770 487 423 658 847 847 822 847 770 237 243 658
843 847 847 770 847 847 770 847 847 770 770 847 770 770 847 770
61 61 43 272 61 272 61 61 61 61 61 61 61 272
487 27 487 658 449 27 658 487 27 7 616 27 611 658 622 27 610 27 487
188 188 188 188 188 188 188 188 188 188 188 188 188 188 188 188 188 188
188 188 188 188 188 188 188 188 188 188 188 188 188 188 188 188 188 188
349 61 487 61 487 297 61 349 487 61 61 61 61 349 61 487 61 487 349 61
487 487 487 557 487 272 536 487 487 487 658 487 487 487 349 658 205 658 487 272 272 487 487 349 487 487 487 349 349 658 658 658 536
272 487 658 487 658 658 487 487 658 658 487 272 658 256 658 658 658 658 272 658 658
770 342 319 487 658 610 322 373 658 487 349 487 400 353 487 487 487 487 658 770 487 272 487 272 487 487 487 610 487 272 610 325 487 658 658 487 658 272 487 658 487 272 487 353 349 272 349 658 477 487 487 487 487 487 349 658 487 761 487 658 487 479 487 487 325 487 272 272 487 434 311 349
349 707 593 674 847 658 847 349 658 365 658 847 658 847 674 847 366 349 338 658 847 593 658 707 692 847 658 847 593
847 113 847 113 113 818 113 113 113 113 818 847 847 847 113 847 113 113 847
770 349 349 770 349 738 770 770 349 770 770 770
658 658 349 658 487 602 658 487 658 487 487 349 487 349 487 487 487 487 604
487 770 770 487 770 487 479 487 770 487 770 770 770
487 658 658 487 586 658 487 311 349 658 458 658 434 423 311 349
167 195 195 163 151 167 113 188 167 61 129 193 195 61 165 155 188 188 670 61 167 146 77 27 301 195 161 188 167 129 27 61 78 658 487 770 188 167 68 487 166 188 61 113 61 61 34 27 3 61 156 88 61 487 95 188 175 167 193 167 27 27 188 27 487 193 164 129 188 27 195 167 167 167 167 167 188 114 487 113 113 770 159 61 61 91 167 113 679 692 175 9 113 188 487 78 47 167 12 158 174 167 195 27 129 576 658 81 27 167 193 167 166 61 27 113 195 152 625 188 168 27 658 860 27 188 167 175 795 188 658 861 61 27 61 78
113 113 113 113 113 113 113 113 113 113 113 113
79 78 69 69 69 575 61 61 61 61 61 69 61 69 78 61 61 61 61 61 78 78
113 113 113 113 113 113 113 113 113 113 113 113
98 113 113 658 847 113 7 27 847 27 113 27 113 27 658 96 847 658 487 7 487 27 847 847 487 658 96 658 113 113 113 487 27 826 113 271
113 167 167 167 167 113 167 167 167 113 167 167 167 113 113 167 167 167 113 92 167 113 113 113 167 113 113 167
658 350 658 27 7 616 27 611 27 611 610 658 27 27 27
477 770 586 487 658 477 770 770 349 658 692 658 658 658 658 658 658 658 479 349 770 658 349 586 467 349 658 478
487 272 487 259 487 487 272 487 487 487 487 505 487
27 770 27 770 770 770 770 27 770 770 27 27 27 770 770 27 24 770 770 27 770 770 770 27
195 195 411 467 508 188 129 188 167 579 195 188 160 537 188 167 188 188 167 160 154 157 129 193 195 188 188 489 467 195 188 142 193 144 184 188 188 167 171 522 171 658 167 193 195 188 188 167 487 195 777 561 140 171 185 188 658 193 188 129 439 535 56 129 467 723
113 113 113 113 113 113 113 113 113 113 113 113
195 195 190 129 188 61 36 128 195 188 105 113 113 113 188 571 129 193 195 103 113 61 61 195 581 193 180 113 188 37 188 192 192 709 193 195 188 61 188 178 662 192 37 188 193 188 195 129 188 101 37 129 48 61 61
113 113 113 113 113 113 113 113 113 113 113 113
126 117 126 117 117 117 117 126 61 117 117 126 117 61 117
770 770 770 770 349 738 770 349 349 349 770 770
847 847 847 658 826 847 847 610 610 658 658 847 656 349 349 656 349
770 770 749 770 487 487 770 487 487 749 770 770
487 61 487 407 61 61 61 407 61 407 61 61 61 487
188 188 188 188 188 188 188 188 188 188 188 188 188 188 188 188 188 188
487 658 272 487 272 658 658 658 487 658 658 487 658 658 586 586 487 432 272 658 658
195 195 195 195 195 195 195 195 195 195 195 195 195 195 195 195 195 195 195 195
658 770 423 487 487 349 645 336 337 749 349 487 770 658 487 749 487 658 511
423 421 487 770 487 770 487 770 229 770 770 770 487
487 487 27 27 434 3 27 27 3 487 487 27 27 402 27
658 658 658 658 658 658 487 679 487 658 658 487 487 487 658 658 658 658
843 847 847 847 847 862 847 768 768 768 847 847 843 847 768 847 768
487 658 349 770 645 512 487 749 647 487 349 749 645 770 487 487 349 658 658 487 349
722 188 770 183 188 184 759 183 770 770 722 188 188 188 770 752 188 188 180 184 188 188 188 188
847 129 129 847 129 847 129 129 847 847 129 847 129 129 847 129 129 129 129 819 129 847
349 770 749 349 770 770 349 369 349 658 749 349 349 749 487 658 658 349 487 658 349 770 658 658
658 658 250 658 658 252 658 349 658 658 263 692 658 252 349 658
813 27 27 847 813 813 27 813 27 813 847 847 813
487 407 61 61 61 61 487 61 61 487 61 487 61 61 487 61
658 229 487 770 658 423 647 487 770 487 487 487 770 487 658 658 487 647 487 487 496 770
657 847 658 657 847 658 657 657 658 847 847 847
487 113 847 113 851 487 658 847 802 113 845 113 423 113 593 847 487 847 796 846 846 843 98 113 847 847 725 113 113 847 113 487 847 847 658 485 847
113 113 113 113 113 113 113 113 113 113 113 113
658 610 343 658 606 606 770 606 770 770 770 658
113 113 61 61 61 61 113 87 113 61 61 113 113 61 113 113 61 61 113 61 113 113
770 487 487 770 487 752 487 487 770 487 487 770 770 487 770 487 487 770
349 487 349 349 349 349 487 358 349 487 349 487 487 349
658 586 487 658 224 585 487 658 487 658 487 658
113 113 113 113 113 113 113 113 113 113 113 113
113 113 113 94 93 658 113 487 487 113 487 658 658 487 113 113 113 113 658 487 227 113 658
150 167 167 167 167 167 487 167 167 167 167 167 167 167 487 167 167 487 487 487 167 167
770 770 770 787 770 487 487 423 770 770 770 487 487 770 770 770 770 770 770 725
195 195 195 195 195 195 195 195 195 195 195 195 195 195 195 195 195 195 195 195
113 113 113 113 113 113 113 113 113 113 113 113
487 487 487 487 487 505 487 487 272 487 487 272 272 487
349 272 349 487 272 487 349 308 487 487 349 487 272
658 487 272 658 658 272 658 272 487 487 658 620 658 487 487
847 658 847 658 847 847 839 658 658 839 847 839 847
224 349 487 272 487 487 349 487 225 272 349 487 349 349 272 487 487 487 220 487 349 349
487 349 349 349 443 272 487 272 487 272 487 487 349
658 487 349 658 658 487 487 658 658 487 658 682 658 658 434 487 658 487 311 349 658 349 487 658 658 434 487
658 349 349 349 658 658 658 658 349 349 349 616 349 658 349
658 624 487 658 487 658 658 487 487 658 658 487
487 487 505 487 487 272 272 487 487 487 487 272 487 487
349 349 487 272 349 487 272 272 272 487 272 487 487 272 349 318
204 204 204 204 204 204 204 204 204 204 204 204 204 204 204 204 204 204 204 204 204 204 204 204 204 204 204
349 487 272 425 487 349 349 349 379 658 349 658 658 349 658 272 487 349 658 658 252 487 259 349 349 487 658 658 243 658 487 658 487 349 487 349 658 658
658 272 658 272 658 272 272 272 272 599 658 272 272 272 272 658 272 272 658
204 487 658 204 204 487 204 487 204 349 204 487 658 204 204 204 204 204 204 521 487 204 487 204 204 658 658 487 204 204 204 204 204 349 658 204 306 272 658 349 487 204 204 272 204 197 272 204 487 487
113 113 113 113 113 113 113 113 113 113 113 113
133 133 133 133 133 133 133 133 133 133 133 133 133 133 133
349 349 349 487 349 272 349 349 349 349 487 349 487 384 272 487 272 349 349 487 349
770 658 593 658 658 658 730 730 272 658 487 770 658 658 243 658 770 658 658 658 487 658 487 487 487 487 770 487 658 658 487 725 658 658 765 487 658 487 272
349 487 272 316 487 272 487 487 349 272 349 487 349
349 349 349 349 272 349 272 349 349 349 272 353
487 487 658 487 487 487 487 487 487 487 549 487 658 487 487 487 487 586 658 658 423 658
658 272 272 658 658 272 487 658 658 349 487 658 272 487 349 487 658 658 658 658 272 487 349 272 658 349 658 667
770 770 725 770 349 725 770 349 770 770 778 770 770 770 349 770 349 770 770
215 215 215 215 215 215 215 215 215 215 215 215 215 215 215 215 215 215 215 215 215 215 215 215 215 215 215 215 215 215
133 133 133 133 133 133 133 133 133 133 133 133 133 133 133
487 658 487 349 658 658 349 658 448 487 658 621 487 349 658
487 487 658 658 448 487 621 658 487 658 349 658 349 658 349
770 658 658 770 487 663 487 658 770 658 770 658 658 748 487 658 423 658 487 770 658 658 770 770
770 738 770 770 349 770 770 349 349 770 770 349
272 349 349 276 487 272 272 272 272 349 272 487 487 306 423 487
658 487 658 487 624 658 658 487 658 487 487 658
770 487 487 770 770 749 770 770 487 770 487 749
487 487 658 487 658 487 487 658 467 658 658 658
27 27 27 17 27 658 658 27 658 17 27 27 658 17
126 126 126 126 126 126 126 126 126 126 126 126 126
770 770 272 770 770 732 272 272 770 770 770 272 272 272
27 770 770 770 27 20 770 27 27 27 770 20 27 27 27 770
349 487 349 349 487 349 358 349 323 349 487 349 487
658 692 692 692 349 349 658 658 658 349 658 674 658 349
215 215 215 215 215 215 215 215 215 215 215 215 215 215 215 215 215 215 215 215 215 215 215 215 215 215 215 215 215 215
487 487 487 487 231 487 487 487 487 487 499 487 231
487 487 349 487 272 272 349 487 487 487 272 487 559 487 487 487 487 487 487 487 272 487 487 349 272 487 487 349 487 272 487
847 658 847 658 847 847 839 658 658 839 847 839 847
27 27 27 27 27 349 27 349 27 27 7 27 349 349
658 770 658 770 658 770 770 647 770 658 770 658 770 658
272 487 487 272 349 349 349 281 487 487 272 487 349 272 272 272
27 27 349 27 27 349 349 349 27 27 27 27 27 7
487 658 658 487 658 487 487 658 658 467 487 658
487 487 272 272 437 487 272 487 272 272 487 272
349 272 349 349 487 487 487 487 487 272 487 487 272 487 487 309 349 487
204 204 204 204 204 204 204 204 204 204 204 204 204 204 204 204 204 204 204 204 204 204 204 204 204 204 204
487 487 770 487 770 487 487 770 770 770 770 479 770
487 487 498 487 499 487 770 770 770 229 487 487 487 487 770 770 770
658 487 487 272 487 272 658 658 658 487 658 487 272 658 677 658 658 658 658 658 658
770 770 770 349 349 770 738 349 770 784 770 770 770 770 770 487 770 487 487 770 770 487 487
272 487 487 272 487 487 487 487 487 487 272 260 487 487
423 658 349 658 272 272 596 658 272 487 448 487 487 658 243 272 658 349 658 272 349
215 215 215 215 215 215 215 215 215 215 215 215 215 215 215 215 215 215 215 215 215 215 215 215 215 215 215 215 215 215
536 437 288 487 349 272 272 507 272 272 448 349 448 487 272 487 487 487
658 349 658 658 658 658 658 487 349 658 658 349 487 487 487 658 349 658 487 658 349 658 349 349 349 675
487 204 204 487 204 204 204 204 204 204 413 204 204 204 204 204 204 204 204 487 204 204 204 204 204 204 204 487 204 204 204 487
133 133 133 133 133 133 133 133 133 133 133 133 133 133 133
487 847 847 487 658 847 847 847 487 349 847 349 349 658 847 487 658 487 658 847 483 349 658 658
133 133 133 133 27 27 27 133 27 27 133 130 133 133 133 27 27 27 133 133 133 133 27 133
658 658 658 658 658 658 658 658 658 658 658 692 658
272 349 349 349 349 272 349 349 349 253 349 272
847 847 847 349 847 847 826 847 847 847 349 349 349
272 272 272 272 272 272 291 288 272 272 272 272 272 272 272 272 272 272
487 487 770 27 487 770 27 27 27 770 487 27 27 27 487 770 487 487 770 27 487 770 487 487 487 487 27 487 487 562 487 770 487 487 487 487 487
349 847 847 847 847 347 847 847 349 847 847 349 349
349 487 487 349 349 349 358 349 349 349 349 487 487 487
349 770 349 770 349 770 770 349 349 392 770 349 349 770 349 349 349 349 349 770
487 349 487 515 487 487 349 487 487 349 349 487 487 487 487
487 476 770 349 487 349 770 487 487 770 770 349 349 770 770 770 487
349 349 349 349 349 349 349 349 349 349 349 349 349 349 349 399 349
658 487 658 487 658 487 632 487 487 487 658 487 658 487 487 658 487
770 272 349 770 349 272 770 731 770 349 487 349 349 349 770 349 487 349 349 272 770 272 349 272 487 272 349 349 487 487 770
487 487 487 487 658 487 658 487 658 523 658 487 487 658 658 487 487
658 349 602 487 349 487 658 349 658 658 487 349 658 487 658 487
749 770 487 487 770 770 487 770 770 487 487 770 770
658 658 27 17 658 658 2 658 658 586 27 659 27 658 658 658 658 27 27 27 27
215 215 214 215 215 215 215 215 215 215 215 215 215 215 215 770 215 215 770 215 770 215 215 215 215 214 770 215 215 215 770 215 770 215 215 215
658 770 644 658 434 658 487 770 658 770 770 770 487 644 593 770 487
215 215 215 215 215 215 215 215 215 215 215 215 215 215 215 215 215 215 215 215 215 215 215 215 215 215 215 215 215 215
61 61 349 61 61 349 44 61 349 61 61 349 61 61 61
349 272 487 349 354 272 349 487 349 349 487 272 349 272 272 487 272 487 349 349
113 113 113 113 113 113 113 113 113 113 113 113
487 272 272 487 272 349 487 349 349 428 487 487 349
487 487 560 658 487 415 487 272 487 487 658 243 487 272 272 259 487 658 487 259 487 487 231 487 219 658 236 658 487 487 487 658 487 272 487
7 27 27 27 27 7 27 311 272 272 231 7 231 27 6
658 487 272 487 658 272 658 487 487 487 658 658 272 658 620
658 658 658 658 658 658 658 674 658 658 349 658 349 349 658 349 658
204 349 204 847 204 204 204 204 204 204 347 204 204 204 204 197 204 847 847 847 204 204 204 204 204 204 204 272 847 349 204 272 204 204 204 345 847 204 304 847
474 487 770 770 770 272 487 770 272 770 487 770 487 272 770 487
113 113 113 113 113 113 113 113 113 113 113 113
349 349 27 770 344 773 349 770 773 27 20 773 20 349 770 27 770 773
658 658 487 487 658 658 487 487 624 658 658 487
349 349 349 770 306 725 770 349 770 349 367 770 349 349 770 770
487 487 349 349 349 487 487 349 516 487 487 487 349 487 349 487 349 487 349
658 658 658 658 658 658 658 658 658 658 658 658 692
204 204 204 204 204 349 204 204 204 204 204 204 204 204 204 204 349 349 204 200 204 204 204 204 204 204 204 204 204 204 349
316 349 349 487 272 487 349 349 487 487 272 272 487
770 770 487 770 749 487 770 770 770 487 487 487 770
110 113 847 113 113 113 847 847 847 113 113 847 847 113 113 847 113 113 847 113
487 658 467 658 658 658 658 487 658 487 487 487
349 349 349 349 349 349 349 394 349 349 349 349 349
349 349 349 349 349 394 349 349 349 349 349 349 349
624 658 658 658 658 658 487 487 487 658 487 487
349 658 770 770 349 770 770 770 658 658 658 349 349 770 658 658 770 337
658 658 349 272 349 272 600 272 349 658 658 658 658 349
349 658 349 349 272 487 272 272 272 487 272 658 272 658 487 332 658 272 487 272 487 658 349 658 272
658 288 658 598 658 658 272 272 272 658 272 658
378 349 349 272 487 349 272 272 487 272 272 349 272 349 487 349 349 487 349 349 487 349 349 349
487 770 717 423 770 2 27 770 27 487 770 471 770 770 27 487 27 27 487 27 27
27 27 27 27 17 27 658 658 27 658 27 658 27 658 27 658
215 215 215 215 215 215 215 215 215 215 215 215 215 215 215 215 215 215 215 215 215 215 215 215 215 215 215 215 215 215
487 349 487 487 487 349 487 487 487 487 272 349 487 510 272 487 349 272
467 487 658 349 658 487 349 658 349 658 349 465 487 658 487
272 272 272 658 658 272 658 285 658 272 658 658 272
204 204 204 204 204 204 204 204 204 204 204 204 204 204 204 204 204 204 204 204 204 204 204 204 204 204 204
349 658 658 349 349 349 658 658 391 349 349 658 658 663 349 349 658 306 658 349 349 658 349 658
349 349 349 349 349 349 353 272 272 349 272 349
231 349 373 349 349 373 349 349 231 349 373 221
295 770 27 717 272 27 770 27 310 27 27 288 773 27 773 295 770 296 272 272 27 272 717 287 773 295 27 27
272 272 349 349 349 253 349 349 349 349 349 272
658 487 658 658 658 487 487 624 658 487 487 658
658 658 658 658 770 770 770 647 770 770 647 647
487 487 487 515 487 349 349 515 349 487 487 487 487
215 215 215 215 215 215 215 215 215 215 215 215 215 215 215 215 215 215 215 215 215 215 215 215 215 215 215 215 215 215
487 487 487 487 658 272 658 487 272 658 487 487 658 272 487 658 658 487 487 520
349 349 349 349 349 349 349 394 349 349 349 349 349
419 487 423 658 487 227 487 487 658 658 658 658
349 770 349 349 343 770 770 770 349 770 770 770
126 126 126 126 126 126 126 126 126 126 126 126 126
487 487 487 272 349 658 847 272 272 770 272 847 272 487 487 349 487 770 349 847 487 586 272 847 847 349 487 847 658 487 770 770 847 506 770 586 847 658 306 770 349 306 487 658 349 726
658 349 349 349 658 674 658 658 658 658 658 658 658 658 349 658 658
204 204 204 204 204 204 204 204 204 204 204 204 204 204 204 204 204 204 204 204 204 204 204 204 204 204 204
231 487 349 349 231 487 222 349 487 349 487 487
227 228 349 349 658 349 658 658 227 658 658 658 349 658 658 658 658
349 349 770 770 349 368 349 770 259 770 311 487 770 487 487 349 349 770 349 259 770
215 215 215 266 215 487 770 770 215 215 215 215 215 215 215 215 770 770 770 215 215 215 207 215 215 215 215 215 487 487 215 215 215 269 215 215 259 215 215 215 215
456 487 349 487 487 349 349 349 349 487 349 349 349 349 349 349 487 349
487 770 770 487 770 349 349 349 487 349 349 487 487 349 487 770 487 487 770 349 487 349 349 349 349 529 770 349 487 770
658 487 658 487 487 658 624 487 487 658 658 658
487 272 499 349 770 424 229 770 487 349 487 770 27 541 423 272 272 20 217 487 272 770 487 349 27 487 770 487 487 487 27 272 27 487 272 27 448 27 27
770 770 349 349 487 487 740 658 349 738 770 487 658 730 487 349 770 487 349 658 658 658 730 349 591
423 349 349 487 349 418 349 220 349 487 487 349 487 349
770 770 770 770 796 658 770 770 796 658 770 658 770 658 658 770 770 770 770
204 215 215 215 196 215 215 204 215 215 204 215 215 215 204 204 215 204 204 215 204 204 204 204 204 215 196 204 204 215 215 215 204 215 204 215 204 215 204 204 215 215 215 204 204 215 204 215 204 215 204 215 215 204 215
487 349 423 487 306 349 487 349 356 349 487 349 349 349
204 204 204 204 204 204 204 204 204 204 204 204 204 204 204 204 204 204 204 204 204 204 204 204 204 204 204
658 658 349 349 349 616 658 349 349 373 349 658 658 658
516 487 487 349 349 349 349 487 487 487 487 349 487 487 487 349 487 349 349
847 847 847 847 827 487 272 847 487 847 847 487 847 243 423 272 487
487 349 487 487 349 272 487 272 349 443 487 349 272
358 349 349 487 349 349 487 349 487 487 349 487 349 349
658 658 847 657 847 847 847 847 658 847 658 658 847 847 658
658 658 610 610 658 658 658 349 658 349 658 658 674 658 658
658 658 658 658 658 692 658 658 692 658 658 658
826 847 349 847 847 847 349 349 349 847 847 847 847
306 770 770 349 487 224 487 770 349 305 349 770 487 770 770 487 770
204 204 204 204 204 204 204 204 204 204 204 204 204 204 204 204 204 204 204 204 204 204 204 204 204 204 204
349 487 487 487 770 647 487 487 487 349 306 487 487 647 647 487 725 349 586 647 306 349 658 770 487 361 487 487 487 349 349 424 487
825 847 349 847 658 847 847 658 349 847 349 658 847 658 847 658 338 847
487 847 847 847 422 230 487 847 423 847 487 487 847 847
487 487 487 487 658 692 658 487 487 487 536 658 487 487 566 487 487 658 487 487 487 487 487 467 487 470 658 658 487 658 487 487 487
658 658 536 487 658 658 536 658 487 632 658 487 487 487 487
227 487 487 658 224 658 658 487 487 658 487 487 658 658 658 658 487 658 658 487 658 556 487 487 658 658 487 658 658 658 658 487 487 624 487 658 658 658 487 624 487 487 658
349 349 770 770 770 770 349 349 770 770 770 343
272 272 272 272 243 243 272 272 272 349 349 272 272 272 272 243 349 272 272 272 243 349 231 272 272 272 272 231 292 272 272 272 272 272
349 311 349 269 272 487 349 770 770 349 658 658 487 349 770 658 770 770 269 487 272 349 349 349 349 349 381 487 658 658 349 272 487 658
204 204 204 204 204 204 204 204 204 204 204 204 204 204 204 204 204 204 204 204 204 204 204 204 204 204 204
658 272 487 487 272 658 487 487 272 658 487 592 658 658 658
658 487 610 658 272 487 770 658 272 770 681 590 487 658 770 487 770 610 310 487 658 658 658 487 272 658 487 424 269 272 243 770 487 487 272 610
487 601 658 349 658 770 658 658 770 349 323 479 349 487 770 658 487 770 658 770 770
658 658 647 658 658 770 770 647 770 770 647 770
658 770 658 770 770 27 27 27 770 658 636 27 27 27 27 770 658 770 658 658 27 770 27
487 658 658 272 658 349 349 461 487 243 306 272 658 349 487 487 658 487 658
126 126 126 126 126 126 126 126 126 126 126 126 126
272 274 27 27 27 27 272 27 27 272 272 27 27 272 27 272
27 27 272 770 658 27 770 272 27 658 27 658 272 770 272 658 658 658 658 658 658 770 658 272 27 27 272 27 658 770 27 658 770 770 4
484 487 487 847 847 487 847 487 487 847 847 847 847 847
487 487 487 487 487 487 487 487 487 487 555 487 487 487 487 487
390 349 349 349 658 349 349 349 349 658 658 349 349 349 349 658 349 658 658
658 658 658 658 658 658 658 658 692 658 658 658 658
770 658 658 770 658 658 761 658 770 770 770 770 658 770
272 253 349 349 272 349 349 272 349 349 349 349
658 658 658 272 658 658 272 658 696 658 658 658 658 272 658 658 658 658 658 658 658 658
487 479 349 272 272 770 272 770 487 475 487 349 770 487 770 349 349 770 770
487 487 658 658 658 349 658 621 658 658 448 487 349 487 349
487 501 487 272 487 658 658 487 487 658 487 658 658 487 487 658 272 487 487 272
658 27 27 658 27 658 27 573 27 27 27 658 27 658 27 658
770 487 434 770 487 487 770 474 474 770 770 730
658 349 658 349 658 658 349 616 349 349 349 349 658 658 349
847 855 349 847 349 847 487 487 487 847 847 847 847 847 847 349 847 847 847 847 487 847 487 349 847 847
459 487 658 423 487 658 487 658 658 658 586 487
586 272 272 658 658 658 658 219 584 272 272 272 658
120 126 487 487 349 126 349 487 487 349 487 487 487 487 126 487 487 306 487 126 349 272 349 349 121 272 126 272 126 224 487 349 126 349 487 126 120 487 306 349 349 126 120
505 487 487 487 272 487 487 487 272 272 487 487 487 487
272 272 487 487 349 349 487 272 349 281 487 272 272 349 272 487
658 487 627 487 434 658 349 770 487 349 658 770 770 658 487 487 487 770 434 487 770 487 770 349 658 349 658 272 770
27 272 273 24 288 273 770 24 27 20 770 20 770 27 24 730
215 215 215 215 215 215 215 215 215 215 215 215 215 215 215 215 215 215 215 215 215 215 215 215 215 215 215 215 215 215
126 126 126 126 126 126 126 126 126 126 126 126 126
487 423 494 349 487 272 487 487 349 349 487 272 423 487 272 349 487 487
487 487 487 487 515 487 487 349 349 487 349 487 487 349 487
215 215 215 215 487 215 215 215 215 215 215 215 272 215 215 215 215 215 487 215 272 215 215 215 215 215 209 215 215 215 272 215 215 215 487 487 487 215
133 133 133 133 133 133 133 133 133 133 133 133 133 133 133
770 770 770 349 770 770 770 349 349 738 770 349
272 487 487 487 349 349 255 487 349 487 272 272 349
349 487 487 487 487 272 487 272 487 349 487 272 487 487 487 272 349 487 487 487 487 272 272 329 487 349
487 349 487 272 349 349 272 272 487 349 444 487 272 272 487 272
215 215 658 215 215 215 215 215 215 215 215 658 215 215 215 215 212 215 215 215 215 215 658 215 215 215 215 215 215 658 658 215 658 215 215 215
770 770 802 770 770 770 770 802 770 770 770 770 770 770
487 770 349 349 487 770 487 770 349 487 487 349 349 349 487 770 770 349 487 349 487 770 487 487 528 770
27 27 27 487 487 27 27 487 27 487 27 27 13 27 487
272 272 349 277 272 658 272 658 272 658 349 658 658 349 349 658 272 658 658 658 658 658 658
487 272 487 272 487 487 426 231 231 272 231 231 487
487 473 770 263 487 658 770 434 434 770 658 658 770 586 770 770 770 658 423
349 349 343 349 349 770 770 770 770 770 770 770
692 658 658 658 487 658 487 658 658 679 658 658 679 487 487
770 738 770 349 349 349 770 770 770 770 770 349
487 593 349 658 252 272 487 463 593 487 658 349 349 658 487 349 487 349 658 272 272 349 272 272 272 349
349 272 770 272 770 770 272 349 312 725 770 272 272 349 770 243 349 770
770 658 770 758 658 434 658 770 658 770 770 758 487 487 593 770 487
487 487 770 487 770 487 770 770 770 487 479 770 770
204 204 204 204 204 204 204 204 204 204 204 204 204 204 204 204 204 204 204 204 204 272 272 204 272 204 198 204 204 204
231 487 770 487 231 487 770 770 770 223 487 487 770 770 770
349 349 487 487 487 487 328 487 487 349 487 487 487 487 349
770 770 770 770 770 770 770 770 802 770 770 770 770 770 770
658 487 349 487 658 349 631 487 349 349 658 349 349 658 658 349 487 487 487 487 487 487 658 487 349
487 487 349 272 349 349 443 272 272 487 487 349 487
770 658 658 770 770 770 658 658 658 658 349 770 658 658 763 658 349 770 349 658 658 658 770 349
770 610 770 487 27 487 610 27 770 746 27 27 770 746 7 487 770 658 487 27 658 611 770 295
487 487 487 487 272 770 349 349 487 770 487 770 349 272 349 770 770 487 487 487 272 487 503 770 770
658 658 349 373 658 349 658 349 349 658 658 349 349 616
272 275 272 272 229 658 658 770 658 243 227 272 658 770 770 770 770 658 272 725
770 770 770 770 770 770 770 770 770 770 658 658 770 658 770 658 796 658 770 770 658
283 272 487 272 272 272 487 487 487 487 487 272 487 272 487 487 487
454 487 349 349 349 349 487 487 349 487 349 349 349 487
126 126 126 126 126 126 126 126 126 126 126 126 126
27 27 27 27 487 487 487 487 27 27 13 27 487 27 27
633 658 487 487 658 487 487 487 658 658 487 487 658 487 487 658 423 487 487 487 487 423
215 215 215 215 215 215 215 215 215 770 215 215 213 215 487 215 215 215 215 215 487 770 215 770 215 215 215 770 215 487 770 770 215 215 215 770 487 215 215 215 215 487
349 487 487 487 349 487 487 487 487 487 487 328 349 487 349
215 215 215 215 215 215 215 215 215 215 215 215 215 215 215 215 215 215 215 215 215 215 215 215 215 215 215 215 215 215
658 658 658 658 349 339 658 658 692 586 658 349 349 692 306
215 215 215 215 215 215 487 215 215 215 215 215 658 487 487 215 215 215 215 215 658 487 487 487 658 487 211 215 215 215 658 658 215 215 487 215 487 658 215 215 487 487 487 487 487 215 215 215 215 215 487
487 454 349 487 349 349 487 487 349 349 349 349 349 487
349 349 770 349 770 770 770 770 343 770 349 770
770 487 770 487 725 770 770 770 487 487 487 487 423 487 770 487 525 233
27 27 586 658 658 349 847 27 847 658 847 27 487 349 349 27 658 847 487 349 349 658 658 658 658 847 349 487 847 224 658 349 27 658 658 349 658 349 586 19 658 27 658 658 27 658 349 658 349 27 847 423 586 847 349 658 586 658 658
349 487 349 487 349 349 356 231 487 487 349 487 349 349 349 231
487 487 272 272 487 272 272 487 272 272 487 437
770 487 487 770 770 749 770 770 487 770 487 749
272 487 436 487 272 272 349 349 272 279 487 487 349 487
272 272 487 349 306 487 487 487 487 487 487 487 423 487 349 349 248 272
770 738 770 770 770 770 349 770 770 349 349 349
272 349 349 349 349 349 272 272 254 349 349 349 349 349 349 349
349 27 27 243 27 27 272 349 349 349 349 27 374 27 27 27 349 272 272 27 349 349 349 219 349 349 272 349
658 658 658 349 349 658 349 349 349 349 349 349 658 658 616
349 349 487 423 349 487 349 349 349 356 306 487 487 349
349 349 349 349 448 349 396 349 272 349 349 487 349 272 272 349 487 487 487 349 349 349 349 349
658 658 231 272 658 272 658 487 272 487 583 487 487 231 658 487 658
487 658 658 487 487 487 349 487 349 487 349 658 349 658 487 487 658 487 487 522 658
27 27 17 27 658 658 27 27 658 17 27 27 658 17
61 61 61 61 847 61 61 847 847 847 61 61 59 847 847 847 59 61
658 592 272 272 658 487 487 487 487 658 658 272 658 487 658
586 582 658 126 126 126 658 126 126 126 218 658 126 126 658 126 126 658 126
272 487 272 272 487 255 487 349 349 487 349 349 487
349 272 349 349 349 272 272 349 349 272 355 272 272 349 349
61 61 487 487 61 61 61 61 487 487 45 61 61 487 61 61
341 349 770 770 349 770 770 231 770 770 770 231 349 349
770 770 27 770 770 770 770 773 773 770 805 27 717 770 770 773 717 770 27 770 773
658 349 349 487 658 349 487 658 487 658 487 487 602 349 658 658
215 215 215 215 215 215 215 215 215 215 215 215 487 215 487 487 215 215 215 259 215 215 210 215 210 215 215 487 215 215 487 487 434 215 487 487 215 215 536 215 215
725 487 487 487 770 487 487 770 724 487 487 770 770 770 224 487 487 770
204 770 349 204 204 204 204 204 204 204 349 204 204 204 204 204 204 770 204 204 349 204 204 204 770 204 204 204 770 770 204 349 204 770 204 204 203 770
215 215 215 215 215 215 215 215 215 215 215 215 215 215 215 215 215 215 215 215 215 215 215 215 215 215 215 215 215 215
133 133 133 133 847 847 133 847 133 132 133 133 133 133 133 847 847 132 132 847 133
27 27 27 27 27 27 27 27 27 27 27 33 27 27 27 27 27 27 27
658 770 349 648 770 730 770 658 658 770 730 269 770 770 770 658 349 658 770 770 349 658 349 770 770
349 487 349 349 487 487 487 306 349 487 349 306 356 349
487 231 487 349 487 231 487 349 349 417 487 349
487 770 479 487 770 770 487 487 770 770 487 770 770
658 658 658 423 272 487 487 658 658 272 658 658 487 241 658 434 434 272 487 658 487 658 668 487 658 487
487 272 487 487 487 487 272 505 487 487 487 487 487 272
658 658 847 847 655 658 658 349 847 658 847 847 847 847 658 847 349 349 349
423 770 272 770 770 487 487 349 487 487 770 770 487 487 487 349 770 497 272 349 487 487 770 219 349
658 658 658 658 487 349 487 658 658 658 349 658 658 658 658 658 349 658 701 487 658 487 658 658 658 487 349 658
487 536 487 487 487 487 487 536 487 487 487 487 487 555
470 658 658 658 487 658 487 658 658 470 658 658 692 487 487
27 27 17 27 658 658 658 27 27 658 658 27 27 658 27 27
487 272 658 658 658 487 487 658 658 487 431 272 658 272 487
27 770 770 770 27 770 770 27 27 20 770 20 27 27 27 27
204 204 204 204 204 204 204 204 204 204 204 204 204 204 204 204 204 204 204 204 204 204 204 204 204 204 204
658 658 624 658 487 658 658 658 487 487 487 487
272 487 487 272 272 487 272 487 272 272 487 282
658 658 487 487 487 658 658 658 487 658 658 658 658 658 487 658 679 658
61 61 61 61 61 61 847 847 847 847 61 61 847 59 847 847 59 61
487 770 479 770 479 770 770 770 487 487 487 770
204 204 204 204 204 204 204 204 204 204 204 204 204 204 204 204 204 204 204 204 204 204 204 204 204 204 204
629 487 658 487 272 272 658 487 658 288 437 487 487 487 487 658 658 658 487 487
770 738 770 770 770 349 349 349 770 349 770 770
847 847 847 349 847 847 847 847 826 349 847 349 349
133 133 133 133 133 133 133 133 133 133 133 133 133 133 133
349 349 349 349 349 272 272 377 349 349 349 349 349 272 349 349
770 27 27 770 27 658 658 770 658 716 27 27 716 27 27 770 770 27 770 658 658
204 204 204 204 204 204 204 204 204 204 204 204 204 204 204 204 204 204 204 204 204 204 204 204 204 204 204
847 658 847 847 822 487 653 847 658 487 658 224 847 658 487 658 847 847 658 487
770 658 658 424 658 658 487 487 658 658 658 658 770 658 766 487 434 434 658 658 487 487 770 658 658 586 590 658 770 770 658 770 487 770 487 658
487 770 479 770 479 770 770 770 487 487 487 770
133 133 133 133 133 133 133 133 133 133 133 133 133 133 133
27 27 27 658 658 658 17 658 27 27 27 27 27 27 658 658
349 349 385 349 349 349 349 349 349 487 349 349 487 487 487 349 487 349
658 263 349 252 349 658 349 658 664 349 658 349 658 658 658 658 263 658 349 349 658
353 349 272 349 349 272 349 349 349 349 349 272
349 349 349 349 272 349 349 349 353 272 272 349
770 658 591 658 770 770 349 658 349 730 349 658 770 349 726 586 658 658 349 586 730 349 349 658 762 658 658
770 770 349 770 725 341 770 349 349 770 306 770
487 658 658 658 658 487 487 487 658 467 487 658
204 658 204 204 204 204 658 204 204 204 204 204 204 204 204 204 204 658 204 204 204 204 204 204 658 204 204 658 204 658 202 204 204
215 215 215 215 215 215 215 215 215 215 215 215 215 215 215 215 215 215 215 215 215 215 215 215 215 215 215 215 215 215
487 487 530 487 770 487 770 487 487 487 770 770 487 770 770 487 487 770
770 770 770 349 738 770 349 349 770 349 770 770
487 487 487 487 349 487 349 349 349 487 349 349 516 487 349 487 487 349 487
658 487 487 487 658 349 658 487 658 349 487 349 349 349 487 487 349 349 487 658 487 631 487 349 658
487 487 487 487 487 487 487 487 487 487 487 487 555 487 487 487
27 27 27 349 27 27 349 27 349 349 349 27 8 272 272 27 27 349 349 272 349
487 272 487 349 487 658 272 658 487 349 272 658 487 487 272 487 543 487 349 349 487 487 272 658 272 658 272 487 349 487 272 349 487 487 658 487 272 349 349
658 243 658 272 349 349 349 349 272 349 658 349 594 272 272 658 219 349 658 349 658
770 770 770 794 658 770 658 730 658 794 770 770 730 770 658 658 770 770 770
349 349 349 349 272 349 349 377 349 272 349 349 349 349 349 272
215 215 215 215 215 215 215 215 215 215 215 215 215 215 215 215 215 215 215 215 215 215 215 215 215 215 215 215 215 215
215 215 215 215 215 215 215 215 215 215 215 215 215 215 215 215 215 215 215 215 215 215 215 215 215 215 215 215 215 215
272 487 272 272 487 487 272 282 487 272 487 272
27 27 11 27 487 27 27 487 349 487 487 27 27 487 349 349 27 27 349
423 487 487 419 487 227 658 658 658 487 658 658
770 770 770 770 770 802 770 770 770 770 770 770 770 770 770
133 133 133 133 133 133 133 133 133 133 133 133 133 133 133
770 349 487 272 487 349 770 770 349 349 770 272 770 487 770 739 349 487 349 770 349 487 272 349
434 770 349 770 349 349 658 252 487 770 434 658 658 349 658 658 770 658 658 658 349 487 770 658 770 658 349 433 487 658 770 658 349
770 770 802 770 770 770 770 802 770 770 770 770 770 770
487 658 467 658 658 487 658 658 487 487 487 658
126 126 126 126 126 126 126 126 126 126 126 126 126
487 487 487 487 487 487 847 487 847 487 487 487 847 847 847 847 847 847 554 487 487 487 487 487
770 658 684 487 658 761 761 487 424 770 487 770 658 487 658 658 487 761 487 586 423 761 487 658 658 487
487 467 487 487 470 658 658 658 658 692 658 658 658 470
487 487 349 349 487 349 272 443 487 487 349 272 272
770 487 770 487 487 423 502 487 272 770 770 487 487 272 487 725 770 770 272 487 487
204 204 204 204 204 204 204 204 204 204 204 204 204 204 204 204 204 204 204 204 204 204 204 204 204 204 204
215 215 215 215 215 215 215 215 215 215 215 215 215 215 215 215 215 215 215 215 215 215 215 215 215 215 215 215 215 215
658 434 487 658 487 658 259 658 658 349 487 487 349 434 487 628 349 487 349 658 349 487 349 349 349
487 454 349 349 487 349 487 349 487 349 349 487 349 349
487 555 487 487 487 487 487 536 487 487 487 487 487 536
487 487 349 770 770 487 487 349 487 546 349 487 487 487 770 487 770 487 349 487 487 770 770 487 487 770 487
658 487 487 487 658 658 624 658 658 487 487 658
487 349 487 658 658 349 658 446 658 658 487 349 349 487 487 658
487 658 349 658 487 658 349 465 658 487 658 487 487 658 349 349
487 434 770 770 269 770 770 487 480 770 770 770 770 770 770 770 480 487
487 487 487 487 487 272 487 536 487 487 487 487 272 558 487 487 487 272 487 487 487 487 487
272 770 658 770 487 770 487 770 267 272 770 487 658 658 487 658 658 770 770 658 487 272
658 658 658 658 624 658 487 487 487 487 487 658
770 349 770 314 761 658 272 770 349 761 272 349 272 313 761 658 272 761
349 658 272 349 658 658 658 272 349 349 331 658 658 272
27 18 658 658 27 658 27 593 259 658 18 692 658 27 658 487 27 27 658 658 27 658 658 658 593 27 434 487
133 133 133 133 133 133 133 133 133 133 133 133 133 133 133
658 487 487 487 658 586 658 487 272 487 272 487 487 487 487 519 658 272 423 658
349 204 349 204 349 204 204 204 349 204 349 204 204 349 204 204 204 351 204 204 204 204 349 204 204 204 204 204 204 349 204 204 204 204 204
487 487 487 349 770 349 349 349 770 487 770 349 349 741 770 770 349 770 770 448
548 487 487 487 487 487 349 487 487 349 349 487 487 487 349 487 487 349 349 487 487 487 349 349
658 487 487 658 487 658 487 658 487 487 487 487 487 635 487 487 487 487 487 487 658 658 487 487 487 487 487
487 349 487 487 487 487 487 515 487 349 349 487 349 487 487
437 487 487 487 487 272 272 487 272 272 272 272
770 487 434 770 487 487 770 474 474 770 770 730
487 487 231 272 416 487 272 219 272 487 272 487 272
27 18 658 658 27 658 27 593 259 658 18 692 658 27 658 487 27 27 658 658 27 658 658 658 593 27 434 487
423 487 770 349 770 349 770 440 487 770 487 349 349 229 770 770 487
272 272 770 272 770 770 272 770 770 770 286 770 272 272
487 349 349 454 349 487 487 349 349 487 349 487 349 349
658 658 624 658 658 487 658 487 487 487 658 487
487 349 487 349 349 231 487 442 487 487 349 231
349 27 487 349 487 487 847 487 349 487 27 15 220 27 27 349 847 847 847 487 487 487 349 487 349 27 423 487 27 487 27 487 847 306 27 220 487 487 487 349 347 487 487 847 349 487 847 487 27
272 658 349 243 349 27 487 311 349 288 349 290 252 658 217 573 658 658 487 272 272 288 658 658 658 252 658 27 272 272 27 487 423 590 658 487 658 27 349 272 27 27 27
132 133 133 133 847 847 133 847 133 133 133 133 133 133 133 847 847 132 132 847 133
349 324 487 487 487 272 349 349 487 487 487 487 349 487 272 272 487 487
27 773 773 773 770 773 27 20 770 20 770 27 773 770
487 349 487 349 487 454 487 349 349 487 349 349 349 349
487 349 658 446 658 658 487 349 658 487 349 349 658 487 658 487
658 272 487 658 349 487 272 272 597 487 349 658 487 272 487 272 487 349 487 658 487 658 349 487 349 349 349 487 349 272 658
586 770 658 589 770 487 658 487 424 229 487 770 586 658 487 224 487 658 487 770 487 770 487 487 487 487 487 487 770
770 349 770 658 770 770 770 349 658 770 770 349 658 349 272 272 736 272 658 658 658
658 658 658 658 658 692 658 658 658 658 658 658 658
658 487 487 487 658 252 586 487 487 263 349 263 306 658 349 427
215 215 215 215 215 215 215 215 215 215 215 215 215 215 215 215 215 215 215 215 215 215 215 215 215 215 215 215 215 215
349 349 349 272 349 349 272 349 349 349 349 243 272 349 349 272 382 272 272 272 349 219
215 215 215 215 215 215 215 215 215 215 208 215 349 215 215 215 215 215 215 215 215 215 215 215 215 215 215 215 349 215 349 349 215 215
204 204 204 204 204 204 204 204 204 204 204 204 204 204 204 204 204 204 204 204 204 204 204 204 204 204 204
658 27 658 658 658 27 659 27 27 27 27 658 658 658 27 658 586 586 658 27 658 27
770 349 349 770 770 349 770 770 770 349 770 738
669 658 658 349 586 658 586 349 658 349 658 349 658 658 658 658 658
215 215 215 215 215 215 215 215 215 215 215 215 215 215 215 215 215 215 215 215 215 215 215 215 215 215 215 215 215 215
487 658 487 349 658 349 487 487 464 349 272 658 658 658 658 487 272 272 349
658 610 27 27 27 295 658 611 27 610 611 611 27 295
272 272 487 272 272 282 487 487 487 487 272 272
467 487 658 487 487 658 658 487 658 658 658 487
658 349 658 272 272 658 658 349 349 349 658 600 272 658
526 487 770 487 770 487 770 487 770 349 487 349 487 349 770 770 487 487 770 487 487 349
770 349 272 734 770 272 272 770 272 272 272 770 349 272 272 272 770 272 349 770 272 349 272 770
349 658 349 401 349 349 349 349 658 349 349 272 349 349 349 658 349 272 349 394 272 658 658 658 349 349 373
349 658 658 658 349 349 658 272 349 272 658 349 272 658 349 349 363 349
487 770 770 770 770 770 770 487 487 487 479 770 487
770 349 349 349 349 770 770 770 770 770 738 770
126 126 126 126 126 126 126 126 126 126 126 126 126
113 113 113 113 113 113 113 113 113 113 113 113
349 487 349 487 349 349 349 272 349 349 487 316 487 357 272
658 487 658 487 487 658 487 658 487 586 487 658 224 487 624 487 487 658 487 487 658 487 658 686 536 487 487 658 487 487 658
658 658 663 658 658 658 586 658 658 658 658 658 586
349 847 487 847 349 847 487 349 847 487 847 349 487 847 349 349 349 487 847 847 371 349
770 770 770 794 658 770 658 730 658 794 770 770 730 770 658 658 770 770 770
487 658 658 487 658 487 658 272 487 487 272 658 462 658 272
349 487 349 349 349 272 272 349 272 487 357 349 487 349 349 487 487
658 770 647 770 770 658 770 770 770 658 658 658 770 658
349 349 349 349 349 358 487 349 487 487 487 349 487 349
487 487 349 349 457 349 349 349 349 349 349 349 394 487 349 487 349 487 349 349
658 658 658 658 658 692 658 658 692 658 658 658
847 658 847 658 847 847 839 658 658 839 847 839 847
349 349 487 487 394 487 349 349 349 456 349 349 487 487 349 349
487 434 770 770 269 770 770 487 480 770 770 770 770 770 770 770 480 487
727 770 272 349 770 770 770 770 349 770 770 349 272 272 349
272 349 770 272 272 770 272 770 278 272 349 349 770 770 770 770 272 349
349 272 487 349 770 487 487 423 770 349 306 349 770 487 349 306 770 349 349 243 349 272 770 487 272 424 770 349 219 423 487 272 349 770 380 487
27 27 27 27 27 27 349 349 349 27 7 27 27 349
770 770 658 658 770 658 770 770 761 770 658 658 658 770
113 113 113 113 113 113 113 113 113 113 113 113
126 126 126 126 126 126 126 126 126 126 126 126 126
770 272 770 770 272 288 272 272 770 770 732 770 770
349 658 658 658 349 272 349 272 272 487 658 658 487 487 658 349 487 330 487
113 113 113 113 113 113 113 113 113 113 113 113
113 113 113 113 113 113 113 113 113 113 113 113
272 487 349 255 349 272 272 349 349 487 487 487 487
349 487 349 349 487 349 349 487 349 487 487 349 349 487 373 349 349 487 349 373 487 349 487 518 487
487 272 349 770 423 487 487 487 770 487 770 349 487 487 770 487 770 487 770 770 487 487 487 306 487 349 272 487 538 272
113 658 113 658 113 113 113 658 658 113 113 113 113 658 658 105 113 113
487 532 349 349 770 770 487 487 349 770 770 343 487 487 770 770 487 770 487 349 770 770 487 349 349 770 770 487 770 487 770 349
133 133 133 133 133 133 133 133 133 133 133 133 133 133 133
770 487 487 472 487 487 770 725 770 423 770 770 770
658 658 658 658 349 658 349 697 658 658 658 658 658 658 658 658 349 306 658 658 658 658 586
487 349 487 454 349 349 349 487 349 487 349 487 349 349
658 658 487 487 624 487 658 658 658 658 487 487
215 215 252 215 349 215 215 215 206 215 215 215 349 215 215 487 272 215 215 215 487 349 215 215 487 215 215 272 215 215 215 215 215 215 215 215 487 487 215 215 215
27 27 349 27 27 7 349 349 27 27 27 349 27 27
847 847 487 487 487 487 847 830 487 847 487 847 487 847 847 487 487 847 487
487 658 349 487 487 487 658 522 349 487 658 487 487 349 658 487 487 349 658 658 487
204 204 204 204 204 204 204 204 204 204 204 204 204 204 204 204 204 204 204 204 204 204 204 204 204 204 204
770 770 770 770 796 658 770 770 796 658 770 658 770 658 658 770 770 770 770
215 215 215 215 215 215 215 215 215 215 215 215 487 215 487 487 215 215 215 259 215 215 210 215 210 215 215 487 215 215 487 487 434 215 487 487 215 215 536 215 215
658 487 487 658 349 658 658 658 349 487 658 658 487 349 349 658 487 658 678 658 658 658
524 487 487 487 487 770 725 487 487 487 770 770 770 770 423 487 770 487
126 126 126 126 126 126 126 126 126 126 126 126 126
770 27 27 770 27 658 658 770 658 716 27 27 716 27 27 770 770 27 770 658 658
272 349 272 487 487 487 349 487 349 247 349 487 272
349 487 487 487 349 487 487 487 487 487 349 349 328 487 487
487 770 487 770 487 530 770 487 770 487 487 487 487 770 770 487 487 770
349 487 487 360 487 487 487 487 349 349 349 487 487 487 349 487 349 349 349
658 487 487 658 445 349 349 658 306 349 487 487 658 658 487 586
770 770 770 770 770 802 770 770 770 770 770 770 770 770 770
725 770 761 658 770 761 243 757 761 761 658 272 272
349 349 487 349 272 487 272 349 349 487 487 306 272 349 349 349 349 306 272 349 349 349 272 307 487 397 220
658 770 770 658 647 658 770 658 770 770 658 770 770 658
658 349 349 349 349 487 487 349 658 349 658 615 487 487 658 487 658 349 658 349
349 487 349 487 349 349 349 358 487 487 349 349 349 487
133 133 133 133 133 133 133 133 133 133 133 133 133 133 133
349 847 349 847 847 847 847 847 349 347 847 847 349
204 658 204 204 204 272 658 201 204 204 204 204 204 204 204 658 204 204 204 204 272 204 204 204 658 204 204 204 204 204 231 204 272 204 658 204 231 658
349 349 658 658 658 365 658 658 658 349 349 349 349 349 349
272 658 658 272 272 272 658 658 272 272 658 272 272 658 289 272
204 204 204 204 272 204 272 204 204 204 204 204 204 204 204 272 204 204 272 204 204 199 204 204 204 272 204 204 204 272 204 204 204
770 770 349 349 770 770 738 349 770 770 349 770
358 349 487 487 349 349 487 487 349 349 349 349 349 487
770 474 487 770 770 770 487 434 770 487 730 770 434
658 487 487 658 272 658 272 487 658 487 658 658 680 487 487 658 349 487 658 658 658 349 487 349 487 349 272 487 658 658
349 394 349 349 349 349 349 349 349 373 349 349
349 349 353 272 349 349 272 349 349 349 349 272
487 227 423 272 658 658 487 487 487 349 272 658 272 349 487 349 349 495 658 487 487 658 487 487
349 306 375 272 349 349 487 272 487 349 349 349 349 220 487 487 349 272 349 487 349
770 610 770 487 27 487 610 27 770 746 27 27 770 746 7 487 770 658 487 27 658 611 770 295
132 133 133 133 847 847 133 847 133 133 133 133 133 133 133 847 847 132 132 847 133
27 27 27 487 27 487 27 487 27 487 27 13 27 487 27
204 215 215 215 196 215 215 204 215 215 204 215 215 215 204 204 215 204 204 215 204 204 204 204 204 215 196 204 204 215 215 215 204 215 204 215 204 215 204 204 215 215 215 204 204 215 204 215 204 215 204 215 215 204 215
113 113 113 113 113 113 113 113 113 113 113 113
487 487 487 487 272 505 487 487 487 487 487 272 272 487
487 272 272 349 349 487 272 487 487 487 349 349 428
658 658 647 658 770 770 770 647 658 770 770 647
133 133 133 133 133 133 133 133 133 133 133 133 133 133 133
215 215 215 215 215 215 215 215 215 215 215 215 215 215 215 215 215 215 215 215 215 215 215 215 215 215 215 215 215 215
487 487 272 272 487 487 272 349 349 487 658 272 487 349 658 487 272 487 658 272 487 487 658 487 487 487 349 658 487 487 542 658
487 658 487 349 487 658 487 349 272 349 338 349 455 658 349 658 349 349 349 272 349 487 658 272 349 349