0 0 0 0 0 0 0
14 14 14 14 180 14 14 14 14 14 14 14 14
0 0 0 0 0 0 0
0 0 0 0 0 0 0
54 35 35 54 35 35 35 236 35 54
36 36 36 26 116 26 26 26
0 0 0 0 0 0 0
36 36 116 26 36 26 26 26
14 14 14 180 14 14 14 14 14 14 14 14 14
72 72 79 57 79 79 79 72 72 72 57 79 79 57 79 79 79 57 499 79 79 79
1 1 1 1 1 1 1 1
73 73 73 24 24 62 62 24 499 73 62 73 73 24 24 62 73
1 1 1 1 1 1 1 1
499 57 72 72 499 72 499 72 57 499 72 72 57 72 499 72 72 57 499 72 499 499
0 0 0 0 0 0 0
141 141 141 203 141 203 499 203 288 288 141 203 499 141 499 288
67 60 60 67 60 67 60 60 60 60 67 67 496 67
0 0 0 0 0 0 0
204 204 142 142 101 101 142 101 101
1 1 1 1 1 1 1 1
205 102 68 68 68 68 102 68 102 205 102 68
499 370 249 370 237 249 249 237 370 237 370 370 370 249 249 237 237 237 237 237 237 237 237 370
2 2 2 2 2 2 2 2 2
37 33 37 33 418 37 33 33 33 37 37 33 33 33
0 0 0 0 0 0 0
72 57 57 57 499 499 72 499 57 57 57 206 57 57 206 206 72 72 499 499 72 499
12 12 12 12 12 12 12 12 12 12 12 12 12 12 12 12 12 12 12 12 12 12 12 12 12 12 12 12 12 12 12 12 12 12 12 12 12 12
12 12 12 12 12 12 12 12 12 12 12 12 12 12 12 12 12 12 12 12 12 12 12 12 12 12 12 12 12 12 12 12 12 12 12 12 12 12
19 19 19 19 19 19 19 19 19 19 19 19 19 19 19
0 0 0 0 0 0 0
2 2 2 2 2 2 2 2 2
2 2 2 2 2 2 2 2 2
49 49 49 289 49 49 49
31 499 31 31 31 31 31 31 31 31 31 31 31
1 1 1 1 1 1 1 1
58 43 43 499 169 43 43 58 43 58 169 58 43 169 43
79 79 79 38 38 79 79 38 206 499 57 206 57 38 79 206 38 38 38 38 57 57
499 250 48 48 250 250 250 48 250 250 250 250 250 250 48 48
419 497 118 497 251 499 419 419 251 419 305 118 305 118 419 251 118 118 251 499 251 419 499 305 499 497 497 118 499 497 118 305
0 0 0 0 0 0 0
119 62 62 62 62 24 62 62 62 119 24 62 119 499 24 24 24
18 18 20 18 20 18 20 120 18 20 18 20
7 7 7 7 7 7 7 7 7 7 7 7
27 27 27 27 27 27 27 27 27 27 27 27 27 27 27 27 27 27 27 27 27 27
2 2 2 2 2 2 2 2 2
420 170 170 420 170 170 170 170 420 170 170 420 170 170 170 420 170 420 499
2 2 2 2 2 2 2 2 2
0 0 0 0 0 0 0
498 499 498 499 252 498 499 499 252 499 499 498 252 252 252 499 252 252 498 252 252 252
0 0 0 0 0 0 0
0 0 0 0 0 0 0
499 421 421 499 499 499 421 421 499 499 499 421 499 499 421 499 499
1 1 1 1 1 1 1 1
253 499 499 499 253 253 499 253 499 499 253 499 499 499 499 499 499 499 253 499 253 499 253 499 499 499 499 499 499 499 499 499 253 253 499 499
103 74 74 103 74 74 103 103 499 74 103 103 74 103 103 74
499 499 499 499 499 499 499 499 499 499 499 499 499 499 499 499 499 499 499 499 499 499 499 499 499 499
254 499 254 254 499 499 254 499 254 499 499
22 41 41 499 22 41 22 41 41 22 41
0 0 0 0 0 0 0
1 1 1 1 1 1 1 1
156 171 171 94 94 181 181 156 156 499 94 207 94 171 181 171 94 171 171 181 207 156 181 94 181 94 94 171 181 94 94 207 94 171 171 171 94 94
143 143 73 143 73 143 143 143 499 143 143 143 73 73 73 73 73
104 169 104 104 28 28 104 169 169 28 104 28 28 499 104
7 7 7 7 7 7 7 7 7 7 7 7
54 54 35 54 35 35 236 35 35 35
371 371 499 371 371 371 80 499 371 80 80 499 499 80 499 371 499 80 499 499 499 499 499 499 499 499 499 499 499
1 1 1 1 1 1 1 1
499 499 28 28 28 499 28 499 422 28 422 499 422 499 499
182 208 208 208 208 182 208 182 182 208 182 182 208 182 182 208 182 182 182 208 499 182 208 182 182 208 208
105 372 105 499 499 499 499 499 499 372 499 499 499 499 499 372 105 372 105 499 372 372 499 499 372 499 499 499
18 120 20 20 20 18 20 18 18 18 20 18
1 1 1 1 1 1 1 1
306 290 306 499 290 290 290 306 290 290 306 499 499 306 290 306 290 306 306 290
3 3 3 3 3 3 3 3 3 3
7 7 7 7 7 7 7 7 7 7 7 7
94 94 291 156 499 291 499 156 94 291 291 499 499 94 291 499 499 499 94 291 94 156 291 499 499 291 94 156 94 499 499 499 94 291 94 94 94 94
50 38 50 38 50 50 38 38 38 38 50 50 50 50 50 50 50 38 499 38 50 50
3 3 3 3 3 3 3 3 3 3
24 499 24 499 499 499 499 499 24 499 499 499 499 24 499 499 24
2 2 2 2 2 2 2 2 2
499 58 422 58 422 499 422 58 169 58 169 499 499 499 169
238 238 121 238 238 238 121 238 121 238 121 121 121 238 121 499 238 238 238
44 183 44 183 44 44 44 44 44 44
15 15 13 61 15 13 15 13 13 13
144 144 144 184 255 144 499 184 184 144 184 255 184 255 499 144 184 255 144 255 184 144 144
0 0 0 0 0 0 0
1 1 1 1 1 1 1 1
13 13 13 15 15 15 61 15 13 13
0 0 0 0 0 0 0
63 172 172 63 63 63 63 172 256 256 63 63 63
191 191 191 191 191 191 191 191 191 191 191 191 191
239 239 239 499 257 499 239 257 239 257 257 239 239 257 257 239 257 239 257 257 239 499 239 257 499
423 423 499 423 499 423 423 423
0 0 0 0 0 0 0
12 12 12 12 12 12 12 12 12 12 12 12 12 12 12 12 12 12 12 12 12 12 12 12 12 12 12 12 12 12 12 12 12 12 12 12 12 12
0 0 0 0 0 0 0
3 3 3 3 3 3 3 3 3 3
499 499 28 499 499 499 28 499 499 28 499 499 28 28 499
19 19 19 19 19 19 19 19 19 19 19 19 19 19 19
3 3 3 3 3 3 3 3 3 3
1 1 1 1 1 1 1 1
14 14 14 180 14 14 14 14 14 14 14 14 14
17 22 17 17 22 17 117 17 17 22 22
0 0 0 0 0 0 0
499 499 499 499 499 499 499
1 1 1 1 1 1 1 1
145 42 25 25 42 25 25 42 25
20 18 120 20 18 18 18 20 18 18 20 20
45 45 45 373 31 31 45 31 45 45 31 45 45
123 52 123 123 123 123 52 123 123 123 52 123 123 52 52 52 499
307 307 307 91 307 307 499 91 499 91 307 307 307 499
424 424 424 308 122 80 308 308 80 122 80 122 424 424 80 499 122 122 122 308 308 424 308 122 308 308 499 499 80
55 106 106 106 499 499 499 55 55 55 499 55 106 106 499 499 499 106 106 106 55 499 106 106 106 499 499 499 106 55 55 55 499 55
0 0 0 0 0 0 0
1 1 1 1 1 1 1 1
58 28 28 28 28 28 58 28 28 28 28 28 58 58 499
1 1 1 1 1 1 1 1
425 105 499 105 425 425 425 499 105 105 499 105 499 499 105 105 105 105 105 105 499 425 425 105 105 105 105 105
1 1 1 1 1 1 1 1
499 138 138 309 138 138 138 138 138 309 138 499 138 499 309 138 138 309 138 138 138 499 138 138 138 138 138
3 3 3 3 3 3 3 3 3 3
499 499 499 499 499 499 499
21 21 21 21 21 21 21 21 185
3 3 3 3 3 3 3 3 3 3
499 499 258 258 499 258 258 258
7 7 7 7 7 7 7 7 7 7 7 7
209 310 209 310 209 310 209 209 209 310
35 35 35 54 54 236 35 54 35 35
46 46 210 46 210 210 46 210 210 499 46 46 46 210 499 46 210 210
32 32 32 41 259 32 32 41 32 41 32
2 2 2 2 2 2 2 2 2
146 146 426 146 146 146 211 211 211 426 426 211 146 211 146 211 146 146
2 2 2 2 2 2 2 2 2
173 173 427 427 499 173 173 173
289 49 49 49 49 49 49
209 310 209 310 209 310 209 209 209 310
56 56 51 51 56 56 51 51 51 51 51 56 428
499 499 499 499 499 212 499 499 499 499 499 499 499 499 212 212 212 499 499 499 212 212 499
311 311 311 72 206 57 72 311 72 206 57 206 311 499 311 311 57 311 72 499 57 72
499 499 499 499 499 499 499 499 499 499 499
21 21 21 21 21 21 21 21 185
2 2 2 2 2 2 2 2 2
1 1 1 1 1 1 1 1
81 81 260 81 81 81 260 81
157 104 157 157 104 104 157 157 499 157 104 157 104 157 104
499 499 499 499 24 119 499 499 499 119 24 119 24 24 24 499 499
1 1 1 1 1 1 1 1
2 2 2 2 2 2 2 2 2
81 81 81 81 81 260 81 260
261 499 261 499 261 261 499 499 499 499 499 261 499 499 499
4 4 4 4 4 4 4 4 4 4 4
1 1 1 1 1 1 1 1
3 3 3 3 3 3 3 3 3 3
312 312 261 312 499 261 312 261 312 261 312 312 312 499 261
8 8 8 95 8 8 8 8 8 8 8
124 124 124 499 124 124 124 124 124 499 124 124
499 499 499 499 499 499 499 499
499 213 262 213 213 499 499 262 262 213 213 213 262 262
429 214 429 214 214 499 499 429 499 499 499 499 429 499 499 214 429 499 499 499 429 499 499 214 214
158 158 158 313 313 158 186 158 186 158 158 499 186 313 499 499 313 158 499 186 186 499 186 499 186 499
1 1 1 1 1 1 1 1
26 26 116 36 26 36 26 36
314 499 314 499 499 314 499 499 499 499 314 430 499 430 430 499 499 499 499 430 499 499 430 499 499 430 499 499 499
499 499 499 499 499 499 499 499 499 499 499 499 499 499 499 499
28 28 28 28 499 28 58 58 28 28 28 28 28 58 58
82 315 82 315 82 499 82 82 315 82 315 315 315 82 82 82 315 82 315
20 18 20 20 18 18 20 18 20 18 18 120
1 1 1 1 1 1 1 1
91 92 92 92 92 92 499 91 92 92 92 92 91 499
215 192 192 192 192 192 215 215 192 215 215 215 192 499 192 215 215 192 192 215 215 192 215 192 499 192 215
216 316 499 499 431 499 317 216 216 316 499 316 317 216 216 317 499 431 316 431 316 499 216 431 499 317 216 499 316 499 316 499 499 317 216 499 317 499 316 317 499 317 431 216 216 499 431 216 499 216
49 49 49 49 49 289 49
83 83 83 83 83 83 83 499 83 83 83 83 83 499 83 83 83
139 139 139 139 139 139 139 139 318 318 318 318 318 318 318 139 139 139 139 139 139 139 499 139 318 139 139 139
1 1 1 1 1 1 1 1
1 1 1 1 1 1 1 1
0 0 0 0 0 0 0
0 0 0 0 0 0 0
62 24 62 119 62 119 24 24 62 62 119 24 499 62 62 62 24
499 499 499 499 499 499 499 499 499 499 499 499 499 499 499 499
499 499 499 499 499 499 499 499
499 319 319 499 319 499 319 499 319 499 499 499 499 319 319 319 499
15 13 13 15 13 13 15 13 61 15
0 0 0 0 0 0 0
159 499 320 320 159 159 159
1 1 1 1 1 1 1 1
499 499 499 499 499 499 499 499 499 499 499 499 499 499 499 499 499 499 499 499 499 499 499
157 104 499 157 104 157 104 157 104 157 157 104 157 104 157
2 2 2 2 2 2 2 2 2
27 27 27 27 27 27 27 27 27 27 27 27 27 27 27 27 27 27 27 27 27 27
259 41 32 32 32 41 32 41 32 32 32
32 32 32 32 259 32 41 32 32 41 41
321 321 263 432 217 321 321 499 263 432 321 321 217 217 217 263 432 217 432 321 217 217 263 432 217 321 432 217 217 263 263 263 217 217 263 263 263
499 193 193 193 251 251 118 193 499 305 193 193 193 305 193 118 193 193 118 193 251 118 305 118 251 193 499 193 251 305 118 118
499 322 322 499 499 322 499 499 499 499 322 499 499 499
3 3 3 3 3 3 3 3 3 3
374 218 218 499 218 374 218 218 374 218 374 218 374 374 374 499 218 218 218 218 218
1 1 1 1 1 1 1 1
499 499 375 499 499 499 499 375 499 499 499 375 499 499 499 499 375 375 375 375
499 323 499 499 499 499 499 499 323 499 499 499 323 499 499 323 499 499 499 499 499 499 499 499 499 499 499 499 499 499 499 323 499 499 499 499 499 499 323 499 323 323 499 499
20 174 174 174 499 20 174 20 20 174 174 20
15 13 15 13 13 61 15 15 13 13
0 0 0 0 0 0 0
3 3 3 3 3 3 3 3 3 3
2 2 2 2 2 2 2 2 2
0 0 0 0 0 0 0
433 499 499 433 433 433 433 433 499
14 14 14 14 180 14 14 14 14 14 14 14 14
2 2 2 2 2 2 2 2 2
26 26 26 26 36 36 116 36
10 10 10 10 10 10 10 10 10 10 10 10 10 10
3 3 3 3 3 3 3 3 3 3
292 56 56 31 292 56 292 31 31 56 499 56 31
45 45 45 45 45 45 31 31 45 45 31 31 373
7 7 7 7 7 7 7 7 7 7 7 7
0 0 0 0 0 0 0
0 0 0 0 0 0 0
2 2 2 2 2 2 2 2 2
2 2 2 2 2 2 2 2 2
1 1 1 1 1 1 1 1
44 44 183 44 183 44 44 44 44 44
0 0 0 0 0 0 0
21 21 21 21 185 21 21 21 21
499 499 499 499 499 499 499 499 499 499 499 499 499
21 185 21 21 21 21 21 21 21
39 499 499 499 39 39 39 499 39 499 499 499 499 39 39 499 499 499
27 27 27 27 27 27 27 27 27 27 27 27 27 27 27 27 27 27 27 27 27 27
83 83 83 83 83 83 83 499 83 83 83 83 83 499 83 83 83
69 69 69 434 69 434 69 499 69 499 434 69 69 434 69 69 69 69
17 17 17 22 117 22 17 17 22 17 22
10 10 10 10 10 10 10 10 10 10 10 10 10 10
3 3 3 3 3 3 3 3 3 3
499 499 499 499 64 499 64 376 499 499 499 499 376 376 376 499 499 499 64 376 499 499 64 376 499 376 499
0 0 0 0 0 0 0
0 0 0 0 0 0 0
47 47 47 59 324 59 47 47 59 47 59 47
499 499 499 499 499 499 499 499 69 499 499 499 499 69 499 499 69 499
1 1 1 1 1 1 1 1
325 18 18 18 325 325 499 499 325 18 18 18
499 125 125 435 125 125 435 435 499 125 499 125 435 125 240 499 499 125 125 240 435 240 125 125 240 499 435 240 499 125 240 499 240 125 240 125 499 125 125 125 125 125 125 499 240 499 499 240 499 499 240 499
377 499 499 377 499 377 499 377 377 377 499 499 499 499 377 499 499 499 499 499
499 499 499 499 499 499 499 499 499 378 499 499 499 499 499 499 499 378 499 378 499 499 499 499 499 499 499 499 499 499 499 499 378 499 499 499 499 499 378 499 499 499 499 499 378 499 499 378
0 0 0 0 0 0 0
38 499 72 499 38 499 72 499 499 38 38 38 499 499 499 38 72 72 72 38 38 499
2 2 2 2 2 2 2 2 2
0 0 0 0 0 0 0
0 0 0 0 0 0 0
0 0 0 0 0 0 0
1 1 1 1 1 1 1 1
21 21 21 21 185 21 21 21 21
3 3 3 3 3 3 3 3 3 3
3 3 3 3 3 3 3 3 3 3
0 0 0 0 0 0 0
1 1 1 1 1 1 1 1
0 0 0 0 0 0 0
1 1 1 1 1 1 1 1
50 499 50 38 50 38 38 50 50 38 38 50 50 38 38 50 38 50 50 50 50 50
5 5 5 5 5 5 5 5 5 5 5 5 5 5 5 5 5 5 5 5
499 499 436 264 436 264 264 499 499 499 436 499 264 436 436 264 499 436 499
8 95 8 8 8 8 8 8 8 8 8
499 499 69 499 499 69 499 69 499 29 499 29 69 69 29 69 29 29
47 47 47 59 47 59 47 47 59 324 59 47
1 1 1 1 1 1 1 1
2 2 2 2 2 2 2 2 2
12 12 12 12 12 12 12 12 12 12 12 12 12 12 12 12 12 12 12 12 12 12 12 12 12 12 12 12 12 12 12 12 12 12 12 12 12 12
0 0 0 0 0 0 0
93 93 93 28 28 28 28 93 28 499 93 93 93 93 93
1 1 1 1 1 1 1 1
107 293 107 107 107 293 293 107 499 107 107 107 107 107 293 107 107 107 107 293 293 293 107 107 107 107 107 107 499 293 107 293 107 107 499 107
437 219 80 80 80 80 80 147 80 147 80 80 219 147 219 80 80 80 80 80 437 147 147 80 437 80 219 499 147
0 0 0 0 0 0 0
499 499 265 499 499 499 499 499 499 499 499 499 499 499 499 499 499 265 265 499 499 265 499 499 499 499 499 499 499 265
499 499 499 499 499 499 499 499 499 499 499 499 499 499 499 499 499 499 499 499 499 499 499 499 499 499 499 499 499 499
15 13 13 15 13 13 61 15 15 13
175 499 499 499 499 499 499 175 499 499 499 499 499 499 499 175 175 499 499 175 499 175 499 499
3 3 3 3 3 3 3 3 3 3
0 0 0 0 0 0 0
438 326 438 326 266 266 266 326 438 266 326 266
327 220 220 327 327 126 126 126 126 220 499 220 327 327 499 220 327 126 126 499 126 220 327 126 220 126 126 126 220 126 220 126 499 327 126 220 220 499 220 126
146 146 426 146 146 146 211 211 211 426 426 211 146 211 146 211 146 146
0 0 0 0 0 0 0
5 5 5 5 5 5 5 5 5 5 5 5 5 5 5 5 5 5 5 5
5 5 5 5 5 5 5 5 5 5 5 5 5 5 5 5 5 5 5 5
13 61 13 15 15 15 15 13 13 13
2 2 2 2 2 2 2 2 2
0 0 0 0 0 0 0
70 39 70 70 70 39 46 46 39 39 46 39 39 499 39 46 70 70
43 499 43 43 43 43 43 43 43 43 43 43 43 43 43
21 21 21 21 21 21 21 185 21
18 18 20 20 18 18 120 20 20 18 18 20
127 127 127 127 128 127 128 127 128 127 127 128 127 127 499 127 127 127 127 127
1 1 1 1 1 1 1 1
27 27 27 27 27 27 27 27 27 27 27 27 27 27 27 27 27 27 27 27 27 27
17 22 17 17 17 17 22 22 17 22 117
69 69 70 70 29 29 70 29 70 29 69 499 70 69 69 69 29 70
31 56 31 292 292 56 292 56 31 499 56 31 56
0 0 0 0 0 0 0
2 2 2 2 2 2 2 2 2
499 499 499 499 499 499 499 499 499 499 499 499 328 499 328 499 499 499 499 499 328 328 499 328 499 328 499 499 328 499 499 328 499
13 13 15 15 15 13 13 13 61 15
1 1 1 1 1 1 1 1
42 25 42 25 25 145 42 25 25
499 379 499 499 499 499 379 499 379 379 379 379 499 379 499 499 499
0 0 0 0 0 0 0
0 0 0 0 0 0 0
0 0 0 0 0 0 0
0 0 0 0 0 0 0
0 0 0 0 0 0 0
1 1 1 1 1 1 1 1
0 0 0 0 0 0 0
13 13 15 13 15 15 13 61 13 15
42 499 499 499 42 499 499 42 499
1 1 1 1 1 1 1 1
17 22 17 22 22 17 17 117 17 17 22
0 0 0 0 0 0 0
5 5 5 5 5 5 5 5 5 5 5 5 5 5 5 5 5 5 5 5
10 10 10 10 10 10 10 10 10 10 10 10 10 10
499 499 499 499 499 499 499 499 499 499 499 499 499 499 499 499 499 499 499 499 499 499 499 499 499 499 499
3 3 3 3 3 3 3 3 3 3
26 36 36 116 26 26 26 36
499 221 499 499 221 499 499 221 499 499
1 1 1 1 1 1 1 1
58 58 499 439 499 58 499 439 58 439 499 439 499 499 499
15 13 61 13 13 13 15 13 15 15
13 13 15 15 13 61 13 13 15 15
36 26 36 116 26 26 26 36
2 2 2 2 2 2 2 2 2
104 104 169 104 499 499 104 169 499 499 104 499 104 169 499
212 440 108 440 499 499 499 441 108 212 441 108 212 440 499 440 441 108 440 212 212 212 440
183 44 44 44 44 44 44 44 44 183
380 499 442 499 380 314 380 380 442 314 381 442 380 314 381 381 381 380 499 314 499 442 499 381 380 381 381 442 442
174 499 499 499 174 499 499 499 499 174 499 499
156 267 207 207 499 267 499 267 207 181 207 207 267 499 499 156 267 499 207 267 181 267 181 181 156 181 207 181 499 267 499 499 267 156 181 267 207 207
64 64 129 64 499 148 64 148 222 64 148 64 129 148 129 64 64 64 148 129 148 222 64 64 222 129 64
33 499 92 92 92 33 92 33 33 92 92 92 92 92
0 0 0 0 0 0 0
140 294 140 294 140 294 140 140 140 140 140 140 140 140 294 140 294 294 294 140 140 140 140 140 294 499 140 140 294
32 41 41 32 32 259 32 32 32 32 41
0 0 0 0 0 0 0
39 29 29 39 29 39 39 29 39 29 39 29 29 29 29 39 29 499
12 12 12 12 12 12 12 12 12 12 12 12 12 12 12 12 12 12 12 12 12 12 12 12 12 12 12 12 12 12 12 12 12 12 12 12 12 12
5 5 5 5 5 5 5 5 5 5 5 5 5 5 5 5 5 5 5 5
5 5 5 5 5 5 5 5 5 5 5 5 5 5 5 5 5 5 5 5
7 7 7 7 7 7 7 7 7 7 7 7
9 9 9 9 9 9 9 9 9 9 9 9 9 9 9 9 9
174 329 329 174 329 329 329 329 329 499 174 329
443 33 33 33 499 499 499 223 443 33 223 223 223 443
0 0 0 0 0 0 0
295 48 48 74 295 295 499 48 74 74 48 74 74 74 74 48
3 3 3 3 3 3 3 3 3 3
1 1 1 1 1 1 1 1
8 8 8 8 8 8 8 95 8 8 8
1 1 1 1 1 1 1 1
1 1 1 1 1 1 1 1
2 2 2 2 2 2 2 2 2
41 32 41 32 259 32 41 32 32 32 32
499 241 241 241 499 499 499 241 241 499 499 499 499 499 499 499 499 499 499 241 499 499 499 499 241 241 241 499 499 499 499 499 499 241 499 499 241 499 499 499 499
2 2 2 2 2 2 2 2 2
499 499 499 499 499 499 499 499 499 499 499 499 499 499 499 499 499 499
22 22 22 117 17 17 22 17 17 17 17
2 2 2 2 2 2 2 2 2
10 10 10 10 10 10 10 10 10 10 10 10 10 10
2 2 2 2 2 2 2 2 2
142 204 142 142 101 101 204 101 101
9 9 9 9 9 9 9 9 9 9 9 9 9 9 9 9 9
0 0 0 0 0 0 0
0 0 0 0 0 0 0
130 175 130 149 149 175 149 130 175 175 175 130 149 175 175 130 175 130 175 149 130 499 149 130
296 296 297 499 296 499 296 297 296 499 297 297 297 296 499 297 296 297 499 296 297 296 297 499
20 18 18 20 18 20 18 18 20 120 20 18
499 70 70 70 46 46 46 46 499 70 70 499 499 499 434 70 434 499
268 499 48 268 268 499 268 48 268 288 48 499 288 48 48 288
15 13 61 15 13 15 15 13 13 13
0 0 0 0 0 0 0
17 117 17 17 22 17 22 17 22 22 17
499 224 499 224 224 119 224 499 499 24 499 119 24 24 24 119 24
204 142 142 101 101 142 101 204 101
2 2 2 2 2 2 2 2 2
499 499 499 499 382 499 382 499 499 499 160 160 499 160 382 499 382 499 499 499 499 499 499 160 382 160 499 499 499 382 499 499 160 499 499 499 499 382 499 160 160 499 499
1 1 1 1 1 1 1 1
1 1 1 1 1 1 1 1
0 0 0 0 0 0 0
73 73 62 73 24 24 24 24 24 73 73 62 73 62 73 499 62
0 0 0 0 0 0 0
60 67 60 67 67 67 496 67 60 60 60 67 60 60
84 75 84 84 84 75 84 75 75 75 269 269 84
383 499 383 499 499 383 383 499 383 499 383 383
0 0 0 0 0 0 0
0 0 0 0 0 0 0
2 2 2 2 2 2 2 2 2
499 75 499 499 75 499 499 75 75 75 499 499 499
48 48 444 48 444 444 444 499 48 444 499 499 499 499 48 444
0 0 0 0 0 0 0
330 445 445 330 330 331 330 331 445 331 331
7 7 7 7 7 7 7 7 7 7 7 7
0 0 0 0 0 0 0
42 42 145 25 25 42 25 25 25
12 12 12 12 12 12 12 12 12 12 12 12 12 12 12 12 12 12 12 12 12 12 12 12 12 12 12 12 12 12 12 12 12 12 12 12 12 12
443 443 499 499 443 223 33 33 499 33 223 223 223 33
22 41 41 499 22 22 22 41 41 41 41
61 13 13 15 13 13 13 15 15 15
0 0 0 0 0 0 0
52 62 62 52 52 52 52 52 62 499 52 52 52 52 62 52 52
1 1 1 1 1 1 1 1
49 49 49 49 289 49 49
0 0 0 0 0 0 0
35 35 54 54 236 35 54 35 35 35
1 1 1 1 1 1 1 1
158 158 158 313 313 158 186 158 186 158 158 499 186 313 499 499 313 158 499 186 186 499 186 499 186 499
0 0 0 0 0 0 0
14 14 14 14 14 14 14 14 14 14 14 14 180
0 0 0 0 0 0 0
0 0 0 0 0 0 0
21 21 21 185 21 21 21 21 21
57 57 499 38 499 499 499 499 499 38 57 38 38 57 499 38 38 499 499 499 38 38
332 446 446 499 332 499 333 499 499 499 446 332 332 499 332 499 333 446 499 333 333 333 446 333 499 499 499 333 332 332 446 499 499 333 332
62 73 24 73 24 499 73 73 73 62 73 62 24 73 62 24 24
10 10 10 10 10 10 10 10 10 10 10 10 10 10
124 124 124 499 124 124 124 124 124 499 124 124
0 0 0 0 0 0 0
499 499 499 499 499 499 499 499 499 499 499 499
1 1 1 1 1 1 1 1
26 36 36 26 116 36 26 26
1 1 1 1 1 1 1 1
3 3 3 3 3 3 3 3 3 3
2 2 2 2 2 2 2 2 2
109 78 78 78 78 109 78 109 78 334 78 78 109 334
1 1 1 1 1 1 1 1
3 3 3 3 3 3 3 3 3 3
242 499 499 242 242 499 499 499 242 499 242 242 242 499 242 242 242 242
2 2 2 2 2 2 2 2 2
7 7 7 7 7 7 7 7 7 7 7 7
161 499 161 161 131 161 131 131 499 131 161 131 161 161 161 131 499 161 499 161 161 131 131 161 131 131
144 144 144 184 255 144 499 184 184 144 184 255 184 255 499 144 184 255 144 255 184 144 144
499 499 499 499 499 499 499 499 499 499 499 499
0 0 0 0 0 0 0
447 447 57 57 499 499 499 447 447 447 499 499 499 499 57 499 499 499 499 499 57 447
2 2 2 2 2 2 2 2 2
2 2 2 2 2 2 2 2 2
0 0 0 0 0 0 0
1 1 1 1 1 1 1 1
48 48 48 48 48 48 48 48 48 48 48 48 499 48 48 48
71 71 71 71 71 71 499 71 71 71 71 71 71 71 499 499 71 71 71 71 499 71 71 71 499 71 71 71 71 71 71 499 71 71 71 71 71 71 71 71 71 71 499
499 499 499 499 499 499 499 499 499 499 499
26 26 36 36 26 116 26 36
159 499 159 320 159 320 159
35 35 54 35 35 236 35 35 54 54
0 0 0 0 0 0 0
26 116 36 26 26 26 36 36
0 0 0 0 0 0 0
1 1 1 1 1 1 1 1
0 0 0 0 0 0 0
0 0 0 0 0 0 0
499 225 225 335 225 499 225 335 225 225 335 335 225 335 335 225 335 225 225 225 335 225
159 320 159 159 159 499 320
499 499 499 270 499 499 270 499 499 499 499 499 270 499 270 499 499 499 270 499
3 3 3 3 3 3 3 3 3 3
0 0 0 0 0 0 0
1 1 1 1 1 1 1 1
0 0 0 0 0 0 0
336 499 336 499 336 499 336 499 499 499 499 336 499 499 499 336 499 499 336 499 499 336 499 499 499 499 499 499
1 1 1 1 1 1 1 1
0 0 0 0 0 0 0
21 185 21 21 21 21 21 21 21
499 448 499 448 499 499 499 499 448 499 499 499 499 448 448 499 499 499 448
31 45 31 45 373 45 45 45 45 45 31 45 31
1 1 1 1 1 1 1 1
499 499 499 499 499 499 499 499 499 499 499
271 271 337 337 337 499 337 337 271 271 337 271 271 337 271 499 271 271 271 337
96 96 96 96 96 96 96 96 96 96 96 96 96 96 96 96 96 96 96 96 96 96 96 96 96 499 96
66 66 66 66 66 66 66 66 66 66 66 66 66 66 384 66 66 66 66 66 66 384 66 66 384 66 66 384 66 66 66 66 66 66 384 384 66 66 66 66 384 66 66 499 66
0 0 0 0 0 0 0
3 3 3 3 3 3 3 3 3 3
8 95 8 8 8 8 8 8 8 8 8
449 176 449 221 176 176 221 176 176 221
0 0 0 0 0 0 0
0 0 0 0 0 0 0
162 162 162 29 162 29 162 162 46 29 29 499 46 162 46 29 46 162
499 499 499 499 499 499 499 499 499 499
159 159 499 320 159 159 320
260 81 81 81 81 81 81 260
13 15 13 15 13 13 61 15 15 13
88 88 132 88 88 132 132 88 88 338 88 338 132 132
0 0 0 0 0 0 0
47 47 59 47 47 324 59 59 47 47 59 47
46 46 46 29 29 46 46 46 46 46 29 46 46 499 29 46 46 29
37 110 37 37 37 37 110 110 110 110 110 110 110 499
0 0 0 0 0 0 0
180 14 14 14 14 14 14 14 14 14 14 14 14
0 0 0 0 0 0 0
3 3 3 3 3 3 3 3 3 3
26 36 26 26 26 36 36 116
2 2 2 2 2 2 2 2 2
130 249 149 499 499 149 249 149 149 499 130 499 499 149 149 130 249 499 499 499 130 499 249 249
36 26 26 116 26 36 26 36
26 36 36 26 26 26 36 116
10 10 10 10 10 10 10 10 10 10 10 10 10 10
194 194 108 108 499 194 108 133 108 133 194 194 194 133 194 194 133 194 194 133 194 194 194
7 7 7 7 7 7 7 7 7 7 7 7
499 499 499 499 499 499 499 499 499
26 36 116 26 36 26 26 36
1 1 1 1 1 1 1 1
2 2 2 2 2 2 2 2 2
2 2 2 2 2 2 2 2 2
0 0 0 0 0 0 0
1 1 1 1 1 1 1 1
210 499 385 385 385 385 499 499 499 210 385 210 385 385 499 210 499 499
1 1 1 1 1 1 1 1
6 6 6 6 6 6 6 6 6 6 6 6 6 6 6 6 6 6 6 6 6 6 6 6 6 6 6 6 6 6 6 6
6 6 6 6 6 6 6 6 6 6 6 6 6 6 6 6 6 6 6 6 6 6 6 6 6 6 6 6 6 6 6 6
0 0 0 0 0 0 0
3 3 3 3 3 3 3 3 3 3
42 42 25 25 145 25 42 25 25
2 2 2 2 2 2 2 2 2
8 8 8 8 95 8 8 8 8 8 8
1 1 1 1 1 1 1 1
0 0 0 0 0 0 0
24 52 52 24 24 52 24 24 24 24 24 52 499 24 52 24 52
2 2 2 2 2 2 2 2 2
0 0 0 0 0 0 0
0 0 0 0 0 0 0
0 0 0 0 0 0 0
0 0 0 0 0 0 0
1 1 1 1 1 1 1 1
32 32 32 41 259 41 32 32 32 32 41
176 221 449 449 221 176 176 176 176 221
44 44 44 44 44 183 44 44 183 44
6 6 6 6 6 6 6 6 6 6 6 6 6 6 6 6 6 6 6 6 6 6 6 6 6 6 6 6 6 6 6 6
0 0 0 0 0 0 0
33 33 33 37 418 37 37 33 33 33 37 37 33 33
44 183 44 44 183 44 44 44 44 44
8 8 95 8 8 8 8 8 8 8 8
0 0 0 0 0 0 0
13 15 15 13 13 13 15 61 15 13
13 15 61 15 13 13 13 15 15 13
499 499 29 29 29 499 499 499 69 499 499 499 29 69 29 69 499 499
1 1 1 1 1 1 1 1
111 97 499 499 97 111 499 97 111 339 111 97 97 111 97 111 339 97 97 111 339 97 339 111 111 97 111 97 97 97 111 111
0 0 0 0 0 0 0
0 0 0 0 0 0 0
1 1 1 1 1 1 1 1
0 0 0 0 0 0 0
91 37 37 37 37 37 499 37 37 91 37 37 91 37
0 0 0 0 0 0 0
18 18 18 20 20 20 18 18 20 18 20 120
0 0 0 0 0 0 0
26 36 26 116 36 36 26 26
33 37 37 33 33 418 33 37 33 37 33 33 37 33
17 22 17 117 17 17 22 22 17 22 17
1 1 1 1 1 1 1 1
70 499 243 243 243 70 243 243 70 243 243 243 243 70 70 243 243 70
0 0 0 0 0 0 0
0 0 0 0 0 0 0
1 1 1 1 1 1 1 1
499 187 187 187 272 187 272 499 272 187 187 187 272 272 499
499 499 499 499 499 499 499 499 499 499 499 499 499
0 0 0 0 0 0 0
17 22 17 22 22 17 17 17 22 17 117
4 4 4 4 4 4 4 4 4 4 4
49 49 49 49 289 49 49
0 0 0 0 0 0 0
19 19 19 19 19 19 19 19 19 19 19 19 19 19 19
2 2 2 2 2 2 2 2 2
11 11 11 11 11 11 11 11 11 11 11 11 11 11 11 11 11 11
0 0 0 0 0 0 0
21 21 21 21 185 21 21 21 21
1 1 1 1 1 1 1 1
8 95 8 8 8 8 8 8 8 8 8
499 450 451 450 499 499 450 451 499 451 450 450 450 499 451 451 451
0 0 0 0 0 0 0
3 3 3 3 3 3 3 3 3 3
53 53 74 74 53 53 53 74 53 74 53 53 74 74 499 74
2 2 2 2 2 2 2 2 2
0 0 0 0 0 0 0
35 54 35 54 35 35 54 35 236 35
1 1 1 1 1 1 1 1
16 16 16 16 16 16 16 16 16 16 16 16 16 16 16 16 16 16 16 16 16 16 16 16 16 16 16 16 16 16
6 6 6 6 6 6 6 6 6 6 6 6 6 6 6 6 6 6 6 6 6 6 6 6 6 6 6 6 6 6 6 6
1 1 1 1 1 1 1 1
53 53 74 53 499 53 74 74 53 74 74 53 53 74 53 74
7 7 7 7 7 7 7 7 7 7 7 7
0 0 0 0 0 0 0
236 35 35 35 54 35 54 54 35 35
61 13 13 13 15 13 15 15 13 15
0 0 0 0 0 0 0
0 0 0 0 0 0 0
1 1 1 1 1 1 1 1
499 69 499 499 46 499 499 69 46 499 499 499 69 499 46 499 46 499
29 46 29 46 29 46 46 46 46 46 46 29 46 46 46 499 29 46
60 91 60 91 60 60 91 60 91 91 91 60 499 60
1 1 1 1 1 1 1 1
49 49 49 49 49 49 289
499 499 171 499 156 499 452 499 171 499 171 499 452 499 452 499 499 499 156 453 156 499 499 453 453 452 452 499 452 156 171 499 499 453 453 499 171 453
0 0 0 0 0 0 0
2 2 2 2 2 2 2 2 2
0 0 0 0 0 0 0
0 0 0 0 0 0 0
163 226 163 163 226 163 226
0 0 0 0 0 0 0
87 499 87 87 87 87 87 499 87 87 87 87 499 87 87 87 87 87 87 87 87 87 87 87 87 499 87 87 87 87 87 87 87
2 2 2 2 2 2 2 2 2
120 18 18 20 18 20 18 18 20 20 20 18
8 8 8 8 8 8 8 95 8 8 8
40 40 40 40 40 40 40 40 40 40 40 40 40 40 40 40 40 40 40 40 40 40 40 40 40 40 40 40 40 40 40
13 13 15 15 13 15 61 13 13 15
173 173 499 173 173 427 173 427
204 142 101 101 204 142 142 101 101
61 13 13 15 13 13 13 15 15 15
0 0 0 0 0 0 0
298 499 108 298 108 108 108 499 108 108 108 108 108 108 499 499 108 298 499 108 499 499 499
128 499 499 128 270 270 128 499 270 128 270 128 499 128 270 499 499 499 128 128
14 14 14 14 180 14 14 14 14 14 14 14 14
0 0 0 0 0 0 0
148 64 340 340 64 64 64 148 340 64 148 148 64 340 64 340 64 64 148 499 64 148 64 340 340 64 340
1 1 1 1 1 1 1 1
0 0 0 0 0 0 0
26 26 116 36 36 26 36 26
39 273 499 273 273 39 273 39 273 39 39 273 273 39 273 273 39 273
0 0 0 0 0 0 0
21 499 499 21 21 499 499 21 499
1 1 1 1 1 1 1 1
0 0 0 0 0 0 0
15 13 13 15 13 15 61 13 13 15
41 41 41 41 22 41 41 22 22 22 499
2 2 2 2 2 2 2 2 2
0 0 0 0 0 0 0
130 386 149 149 130 499 386 499 149 386 130 386 130 499 386 149 499 149 149 499 499 386 499 386
8 8 8 8 8 8 95 8 8 8 8
0 0 0 0 0 0 0
62 62 24 62 62 119 119 119 24 62 62 24 499 62 62 24 24
387 127 387 128 387 454 387 387 127 454 128 127 127 128 454 387 127 499 128 387
0 0 0 0 0 0 0
0 0 0 0 0 0 0
76 76 57 76 76 76 76 76 76 76 57 76 57 76 76 76 76 499 57 76 76 76
0 0 0 0 0 0 0
6 6 6 6 6 6 6 6 6 6 6 6 6 6 6 6 6 6 6 6 6 6 6 6 6 6 6 6 6 6 6 6
0 0 0 0 0 0 0
0 0 0 0 0 0 0
42 42 25 25 25 145 42 25 25
130 499 499 341 130 499 341 499 341 499 499 130 341 499 341 499 341 499 499 499 341 130 499 341
0 0 0 0 0 0 0
1 1 1 1 1 1 1 1
1 1 1 1 1 1 1 1
288 48 268 48 48 48 48 268 288 499 288 268 499 268 268 499
1 1 1 1 1 1 1 1
18 20 18 20 120 18 20 20 18 18 20 18
0 0 0 0 0 0 0
455 455 499 499 455 455 499 455 455 499
0 0 0 0 0 0 0
0 0 0 0 0 0 0
499 499 499 499 499 499 37 37 37 499 499 37 37 499
121 456 456 121 499 499 499 499 121 121 456 121 456 121 499 499 121 456 456
8 8 95 8 8 8 8 8 8 8 8
116 26 26 36 36 36 26 26
98 342 98 134 98 134 98 499 134 98 134 98 134 134 134 98 98 98 98 98 134 134 98 98 134 98 342 499 98 98 134 342 98 499 134 98 342 134 342 134 98 98 98 98 499 98 134 499 342 98 134 134 342 134 342 499 134 98 98 134
0 0 0 0 0 0 0
8 8 8 8 95 8 8 8 8 8 8
0 0 0 0 0 0 0
0 0 0 0 0 0 0
0 0 0 0 0 0 0
53 499 499 53 53 499 499 499 499 499 295 295 499 53 295 499
499 79 499 499 79 499 499 499 72 499 72 72 79 499 499 499 79 72 72 79 79 499
93 93 499 93 28 93 93 28 28 93 28 93 93 93 28
59 47 324 59 59 47 47 47 59 47 47 47
299 388 388 388 388 299 131 388 299 499 161 131 131 299 299 299 161 299 299 161 161 131 299 131 388 388
0 0 0 0 0 0 0
154 177 177 99 99 99 177 177 99 154 177 99 244 154 499 499 244 177 177 154 99 154 499 154 499 154 99 99 99 99 499 99 99 154 177 99 389 154 177 244 154 177 99 154 499 244 99 154 154 244 154 99 389 499 99 99 99 244 244 99 244 499 244 99 99 389 99 499 154 499 389 177 389 177 244 499 99 177 154 499 154 499 99 389 177 389 177 99 244
0 0 0 0 0 0 0
13 13 61 15 13 15 13 15 15 13
4 4 4 4 4 4 4 4 4 4 4
2 2 2 2 2 2 2 2 2
227 112 112 227 227 274 499 274 499 499 227 112 274 112 499 499 274 227 274 499 227
109 334 109 334 78 78 109 78 78 78 78 78 78 109
29 29 39 29 39 39 499 29 39 29 29 29 39 29 29 29 39 39
0 0 0 0 0 0 0
0 0 0 0 0 0 0
0 0 0 0 0 0 0
1 1 1 1 1 1 1 1
102 68 205 68 205 102 68 68 68 102 102 68
40 40 40 40 40 40 40 40 40 40 40 40 40 40 40 40 40 40 40 40 40 40 40 40 40 40 40 40 40 40 40
19 19 19 19 19 19 19 19 19 19 19 19 19 19 19
111 97 499 499 97 111 499 97 111 339 111 97 97 111 97 111 339 97 97 111 339 97 339 111 111 97 111 97 97 97 111 111
170 82 170 170 82 82 499 82 82 82 82 82 82 82 82 82 82 82 82
141 141 141 53 53 48 141 141 53 48 53 141 48 499 48 48
0 0 0 0 0 0 0
245 113 499 245 113 113 113 113 113 113 499 499 113 245 113 113 245 113 245 245 113 113 245 113 113 113 113 499 499 245 113 113 113 245 245 499 499 113 113 113 499 113 245
499 499 58 499 499 58 58 499 499 499 58 499 499 499 499
0 0 0 0 0 0 0
0 0 0 0 0 0 0
25 25 145 25 42 25 42 42 25
2 2 2 2 2 2 2 2 2
0 0 0 0 0 0 0
21 21 21 21 21 21 185 21 21
195 195 195 499 499 195 499 195 195 499 195 499 499 499 195 195 195 499 195 499 499 195 195
0 0 0 0 0 0 0
0 0 0 0 0 0 0
2 2 2 2 2 2 2 2 2
0 0 0 0 0 0 0
0 0 0 0 0 0 0
9 9 9 9 9 9 9 9 9 9 9 9 9 9 9 9 9
0 0 0 0 0 0 0
13 13 61 15 13 15 13 15 15 13
68 68 102 102 205 68 68 68 205 102 102 68
499 70 499 499 70 499 499 499 499 70 499 499 70 499 70 499 499 70
33 92 33 92 92 92 33 92 92 92 33 499 92 92
8 8 8 8 8 8 8 8 8 95 8
8 8 8 8 8 8 8 8 95 8 8
9 9 9 9 9 9 9 9 9 9 9 9 9 9 9 9 9
117 17 22 17 22 17 17 17 17 22 22
6 6 6 6 6 6 6 6 6 6 6 6 6 6 6 6 6 6 6 6 6 6 6 6 6 6 6 6 6 6 6 6
9 9 9 9 9 9 9 9 9 9 9 9 9 9 9 9 9
13 13 13 15 15 13 15 61 15 13
0 0 0 0 0 0 0
0 0 0 0 0 0 0
0 0 0 0 0 0 0
13 13 13 13 15 15 61 13 15 15
178 178 85 85 85 85 85 85 85 85 178 85 85 178 178 178 85 85 85 178 85 85 178 85 178 85 85 85 499 85 85 178 85 85 85 178 85 85 85 85 178 85 178 178 178 85
300 300 300 275 275 275 300 300 275 300 275 275 300 499 275 300 275 300 275 275
183 44 44 44 44 183 44 44 44 44
0 0 0 0 0 0 0
0 0 0 0 0 0 0
24 52 24 52 24 52 52 24 24 24 499 24 24 52 52 24 24
499 203 203 203 203 203 48 48 499 203 499 48 48 48 203 203
206 38 499 206 57 206 38 79 79 57 38 38 79 38 79 38 79 57 38 57 79 38
8 95 8 8 8 8 8 8 8 8 8
0 0 0 0 0 0 0
42 25 25 145 42 25 42 25 25
14 14 14 14 14 14 14 180 14 14 14 14 14
133 499 108 108 499 499 108 298 298 499 133 499 499 499 499 499 133 133 499 133 108 499 298
17 22 17 22 22 17 117 17 17 17 22
499 499 264 121 264 499 264 499 499 121 499 264 121 121 121 264 121 121 499
213 499 262 262 499 499 262 213 213 262 213 213 262 213
2 2 2 2 2 2 2 2 2
0 0 0 0 0 0 0
0 0 0 0 0 0 0
34 30 30 34 228 30 30 34 65 65 30 30 34 34 34 30 30 34 30 65 34 30 65 34 30 65 30 34 65 30 30 30 34 30 228 30 34 499 65 34 30 65 34 30 65 65 34 34 30 34 228
1 1 1 1 1 1 1 1
0 0 0 0 0 0 0
29 499 29 457 29 499 457 29 29 457 499 499 499 499 457 457 499 457
15 13 13 15 13 15 13 15 61 13
1 1 1 1 1 1 1 1
458 499 458 458 499 499 499
343 343 499 135 343 135 499 343 343 135 135 135 499 499 499 343 135 135 135 135 499 135 135 135 135 135 343 499 135 135 343 135 135 499 135 135
16 16 16 16 16 16 16 16 16 16 16 16 16 16 16 16 16 16 16 16 16 16 16 16 16 16 16 16 16 16
11 11 11 11 11 11 11 11 11 11 11 11 11 11 11 11 11 11
9 9 9 9 9 9 9 9 9 9 9 9 9 9 9 9 9
29 39 39 39 499 29 39 29 29 39 29 29 29 39 29 29 39 29
117 22 17 17 17 22 17 22 22 17 17
219 188 147 188 219 188 188 188 147 188 188 219 188 147 188 499 188 219 188 147 188 219 219 188 147 219 147 188 219
20 18 18 18 20 120 18 18 18 20 20 20
0 0 0 0 0 0 0
0 0 0 0 0 0 0
0 0 0 0 0 0 0
344 222 129 64 64 499 64 64 344 129 64 499 344 344 344 64 64 344 499 129 129 222 344 129 222 64 344
25 145 42 42 42 25 25 25 25
3 3 3 3 3 3 3 3 3 3
0 0 0 0 0 0 0
3 3 3 3 3 3 3 3 3 3
499 499 459 459 459 459 499 499 499 459 459
0 0 0 0 0 0 0
117 22 17 17 22 17 22 17 22 17 17
36 26 26 116 26 36 26 36
499 24 499 499 499 499 24 499 499 224 499 224 224 24 24 24 224
0 0 0 0 0 0 0
2 2 2 2 2 2 2 2 2
0 0 0 0 0 0 0
0 0 0 0 0 0 0
8 499 499 499 499 8 8 8 499 8 499
0 0 0 0 0 0 0
0 0 0 0 0 0 0
117 17 17 22 22 17 17 22 17 17 22
32 32 41 32 32 32 41 259 41 32 32
2 2 2 2 2 2 2 2 2
0 0 0 0 0 0 0
499 28 28 58 58 28 28 28 28 58 28 28 28 28 58
16 16 16 16 16 16 16 16 16 16 16 16 16 16 16 16 16 16 16 16 16 16 16 16 16 16 16 16 16 16
1 1 1 1 1 1 1 1
0 0 0 0 0 0 0
223 390 390 390 499 499 223 390 499 390 223 223 390 390
1 1 1 1 1 1 1 1
0 0 0 0 0 0 0
68 102 102 68 68 205 68 68 102 68 102 205
0 0 0 0 0 0 0
418 37 33 37 37 33 33 33 37 33 33 33 37 33
49 289 49 49 49 49 49
31 56 56 292 56 292 56 292 31 31 499 56 31
499 164 164 499 164 164 164 499 164 164 164
1 1 1 1 1 1 1 1
0 0 0 0 0 0 0
68 102 102 68 68 205 68 68 102 68 102 205
8 8 8 8 8 8 8 8 95 8 8
0 0 0 0 0 0 0
1 1 1 1 1 1 1 1
112 112 227 100 112 499 112 112 112 100 112 112 100 112 112 100 227 100 112 112 227
0 0 0 0 0 0 0
0 0 0 0 0 0 0
0 0 0 0 0 0 0
15 13 15 13 13 61 15 15 13 13
0 0 0 0 0 0 0
20 18 18 18 18 20 20 120 20 18 20 18
20 20 499 499 499 20 20 499 499 499 499 20
32 32 41 32 32 259 41 32 41 32 32
499 499 499 499 499 322 322 322 499 499 499 499 322 499
0 0 0 0 0 0 0
0 0 0 0 0 0 0
1 1 1 1 1 1 1 1
16 16 16 16 16 16 16 16 16 16 16 16 16 16 16 16 16 16 16 16 16 16 16 16 16 16 16 16 16 16
0 0 0 0 0 0 0
2 2 2 2 2 2 2 2 2
0 0 0 0 0 0 0
8 8 8 8 8 8 8 95 8 8 8
1 1 1 1 1 1 1 1
14 14 180 14 14 14 14 14 14 14 14 14 14
0 0 0 0 0 0 0
1 1 1 1 1 1 1 1
19 19 19 19 19 19 19 19 19 19 19 19 19 19 19
0 0 0 0 0 0 0
1 1 1 1 1 1 1 1
0 0 0 0 0 0 0
4 4 4 4 4 4 4 4 4 4 4
91 91 499 499 499 499 499 91 499 499 499 499 499 499
0 0 0 0 0 0 0
0 0 0 0 0 0 0
81 81 81 260 81 260 81 81
3 3 3 3 3 3 3 3 3 3
0 0 0 0 0 0 0
56 56 51 56 51 56 51 51 51 56 428 51 51
34 30 30 34 228 30 30 34 65 65 30 30 34 34 34 30 30 34 30 65 34 30 65 34 30 65 30 34 65 30 30 30 34 30 228 30 34 499 65 34 30 65 34 30 65 65 34 34 30 34 228
8 8 8 8 8 8 8 8 95 8 8
11 11 11 11 11 11 11 11 11 11 11 11 11 11 11 11 11 11
26 36 36 116 36 26 26 26
1 1 1 1 1 1 1 1
0 0 0 0 0 0 0
499 499 499 499 460 460 460 460 460 499 460
3 3 3 3 3 3 3 3 3 3
0 0 0 0 0 0 0
1 1 1 1 1 1 1 1
28 28 28 499 58 58 28 58 28 28 58 28 28 28 28
499 499 254 499 254 254 254 499 499 254 499
61 13 13 15 13 13 15 15 15 13
0 0 0 0 0 0 0
0 0 0 0 0 0 0
43 43 43 43 499 43 43 43 43 43 43 43 43 43 43
15 15 13 13 15 61 13 13 15 13
22 22 22 499 41 41 41 41 22 41 41
17 17 17 17 17 117 22 22 17 22 22
1 1 1 1 1 1 1 1
0 0 0 0 0 0 0
117 22 17 17 17 22 17 17 22 22 17
1 1 1 1 1 1 1 1
21 21 185 21 21 21 21 21 21
13 15 15 13 61 15 13 15 13 13
0 0 0 0 0 0 0
0 0 0 0 0 0 0
3 3 3 3 3 3 3 3 3 3
19 19 19 19 19 19 19 19 19 19 19 19 19 19 19
3 3 3 3 3 3 3 3 3 3
0 0 0 0 0 0 0
345 131 499 499 345 499 131 499 345 345 345 131 499 499 499 499 345 499 345 499 345 499 131 131 499 499
0 0 0 0 0 0 0
11 11 11 11 11 11 11 11 11 11 11 11 11 11 11 11 11 11
499 33 33 499 499 91 499 33 33 499 91 91 499 499
129 222 129 129 148 148 129 222 148 129 222 499 129 64 129 129 222 148 222 148 64 129 64 148 129 222 64
33 37 37 33 33 33 37 33 33 418 33 37 33 37
1 1 1 1 1 1 1 1
1 1 1 1 1 1 1 1
145 25 25 25 42 42 42 25 25
1 1 1 1 1 1 1 1
2 2 2 2 2 2 2 2 2
0 0 0 0 0 0 0
25 25 42 42 42 25 145 25 25
0 0 0 0 0 0 0
1 1 1 1 1 1 1 1
1 1 1 1 1 1 1 1
246 115 246 115 499 115 115 246 115 115 499 499 499 115 499 246 246 115 246 499 115 115 246 499 115 115 115 115 499 499 115 246 115 115 115 499 246 499 115 246 115 115 499 499 246 115 115
0 0 0 0 0 0 0
2 2 2 2 2 2 2 2 2
0 0 0 0 0 0 0
0 0 0 0 0 0 0
173 173 173 173 499 427 427 173
11 11 11 11 11 11 11 11 11 11 11 11 11 11 11 11 11 11
0 0 0 0 0 0 0
11 11 11 11 11 11 11 11 11 11 11 11 11 11 11 11 11 11
101 101 101 142 142 204 101 204 142
7 7 7 7 7 7 7 7 7 7 7 7
14 14 14 14 14 14 14 14 14 180 14 14 14
100 112 100 499 499 100 499 100 499 112 499 112 100 100 499 112 100 100 100 100 499
346 155 136 346 136 155 499 136 136 155 347 347 136 136 155 155 155 136 136 346 155 346 136 347 155 346 346 136 347 155 136 346 499 136 155 499 136 136 136 155 136 499 136 155 499 347 155 136 347 155 136 347 347 155 155 136 155 499 346
1 1 1 1 1 1 1 1
19 19 19 19 19 19 19 19 19 19 19 19 19 19 19
13 15 13 13 61 13 13 15 15 15
0 0 0 0 0 0 0
0 0 0 0 0 0 0
499 499 461 499 499 461 499 499 461 499 499 499 499 461 461 461 499 499 499 499
93 499 28 28 93 28 28 93 93 93 93 93 93 28 93
2 2 2 2 2 2 2 2 2
95 8 8 8 8 8 8 8 8 8 8
0 0 0 0 0 0 0
7 7 7 7 7 7 7 7 7 7 7 7
19 19 19 19 19 19 19 19 19 19 19 19 19 19 19
16 16 16 16 16 16 16 16 16 16 16 16 16 16 16 16 16 16 16 16 16 16 16 16 16 16 16 16 16 16
3 3 3 3 3 3 3 3 3 3
61 13 13 15 15 13 13 15 15 13
35 54 35 35 236 54 35 35 54 35
24 52 24 24 24 499 24 52 24 52 24 24 52 24 52 24 52
196 89 196 89 196 499 89 196 89 89 89 89 196 89 89 196 89 196 89 196 89 196 89 89 196 89 196 196 89 89 89 89 89 89 89 499 89 89 89 89 196 89 89
26 36 116 26 36 36 26 26
0 0 0 0 0 0 0
47 47 47 324 59 59 59 59 47 47 47 47
54 499 54 54 54 54 54 54 54 54
0 0 0 0 0 0 0
0 0 0 0 0 0 0
13 13 13 15 13 15 15 13 61 15
1 1 1 1 1 1 1 1
0 0 0 0 0 0 0
8 95 8 8 8 8 8 8 8 8 8
106 462 55 55 106 462 462 106 55 106 106 462 55 106 55 55 106 55 55 55 106 106 55 55 55 55 106 462 106 462 106 55 55 499
25 42 25 42 145 25 25 25 42
61 15 13 13 13 13 13 15 15 15
1 1 1 1 1 1 1 1
34 30 30 34 228 30 30 34 65 65 30 30 34 34 34 30 30 34 30 65 34 30 65 34 30 65 30 34 65 30 30 30 34 30 228 30 34 499 65 34 30 65 34 30 65 65 34 34 30 34 228
22 17 22 117 17 22 17 22 17 17 17
0 0 0 0 0 0 0
21 21 21 21 21 21 21 21 185
6 6 6 6 6 6 6 6 6 6 6 6 6 6 6 6 6 6 6 6 6 6 6 6 6 6 6 6 6 6 6 6
20 20 20 120 20 18 18 18 18 20 18 18
463 499 463 463 463 463 499 499 463
0 0 0 0 0 0 0
2 2 2 2 2 2 2 2 2
0 0 0 0 0 0 0
499 499 499 499 499 499 499 499 499
0 0 0 0 0 0 0
46 29 46 499 29 29 29 29 29 29 29 29 29 69 69 69 46 46
0 0 0 0 0 0 0
2 2 2 2 2 2 2 2 2
0 0 0 0 0 0 0
1 1 1 1 1 1 1 1
9 9 9 9 9 9 9 9 9 9 9 9 9 9 9 9 9
15 61 13 13 15 13 13 15 13 15
499 499 162 499 499 499 162 162 162 499 162 499 499 162 499 162 499 162
44 183 44 44 44 183 44 44 44 44
179 247 189 499 247 247 179 499 499 499 247 189 179 189 179 189 179 189 189 179 189 247 179 247 189 179 179 189 499 189 189 189 179 179 247 247 179 247 189 247 499 499 189 499 179 179 179 247
499 499 499 301 499 301 229 301 499 499 301 229 229 229 301 301 301 301 301
11 11 11 11 11 11 11 11 11 11 11 11 11 11 11 11 11 11
2 2 2 2 2 2 2 2 2
8 8 8 8 8 8 8 8 8 8 95
34 30 30 34 228 30 30 34 65 30 30 30 34 34 34 30 30 34 30 65 34 30 65 34 30 65 30 34 65 30 30 65 34 30 228 30 34 499 65 34 30 65 34 30 65 65 34 34 30 34 228
8 8 8 8 8 95 8 8 8 8 8
13 15 13 13 15 13 15 61 15 13
0 0 0 0 0 0 0
109 78 109 334 334 78 109 78 78 78 78 78 78 109
464 464 499 464 499 499 274 274 464 464 274 464 227 227 227 274 499 499 499 499 274
499 499 499 499 499 499 499
82 499 391 499 391 499 499 82 82 82 391 391 499 82 499 391 391 499 391
110 110 37 110 499 37 110 37 110 37 110 110 110 37
0 0 0 0 0 0 0
76 76 76 57 76 57 76 57 76 76 76 76 76 76 76 57 76 76 76 76 499 76
20 120 20 18 18 18 20 18 20 18 20 18
441 499 133 133 298 133 499 499 133 133 499 133 499 298 133 133 441 133 298 499 133 499 441
1 1 1 1 1 1 1 1
226 163 226 163 226 163 163
465 465 58 465 499 465 465 58 439 439 58 499 465 58 499
221 176 449 176 176 449 221 176 221 176
11 11 11 11 11 11 11 11 11 11 11 11 11 11 11 11 11 11
0 0 0 0 0 0 0
18 20 20 120 18 20 18 20 18 20 18 18
13 61 15 13 15 15 15 13 13 13
0 0 0 0 0 0 0
0 0 0 0 0 0 0
0 0 0 0 0 0 0
42 25 25 42 25 42 25 145 25
6 6 6 6 6 6 6 6 6 6 6 6 6 6 6 6 6 6 6 6 6 6 6 6 6 6 6 6 6 6 6 6
2 2 2 2 2 2 2 2 2
17 22 22 17 17 117 22 17 22 17 17
59 59 59 59 174 59 59 59 174 499 174 59
56 56 51 51 56 56 56 51 428 51 51 51 51
8 8 95 8 8 8 8 8 8 8 8
142 101 204 204 101 101 101 142 142
3 3 3 3 3 3 3 3 3 3
18 120 20 20 20 18 18 20 18 20 18 18
1 1 1 1 1 1 1 1
499 499 499 499 499 499 499 499 499 499 499 499
499 276 499 276 499 348 276 276 499 348 499 466 126 348 126 276 499 276 499 466 126 499 276 276 126 499 348 466 466 276 466 348 348 276 126 348 466 499 348 499
0 0 0 0 0 0 0
13 13 15 13 13 15 13 61 15 15
22 17 17 17 22 22 22 17 17 117 17
0 0 0 0 0 0 0
8 8 8 95 8 8 8 8 8 8 8
36 36 26 116 26 36 26 26
0 0 0 0 0 0 0
467 55 55 55 467 55 55 55 55 499 55 55 55 55 499 55 55 467 55 55 55 499 499 499 55 467 499 499 55 55 499 55 467 467
197 197 90 499 468 197 90 90 90 499 468 197 90 90 499 197 197 90 90 197 197 90 468 197 197 90 90 197 499 197 468 90 90 90 499 90 468 197 90 90 90 90 90 468 90 90 90 499 90 90 90 90 499 90
469 499 37 469 469 469 469 499 37 37 37 469 37 499
8 8 8 8 8 8 8 8 8 8 95
6 6 6 6 6 6 6 6 6 6 6 6 6 6 6 6 6 6 6 6 6 6 6 6 6 6 6 6 6 6 6 6
0 0 0 0 0 0 0
15 15 13 13 15 61 13 15 13 13
0 0 0 0 0 0 0
0 0 0 0 0 0 0
1 1 1 1 1 1 1 1
67 60 60 60 67 67 67 60 496 60 67 60 60 67
499 499 499 499 499 499 499 499 499 499 499 499 499 499 499 499 499 499 499 499 499 499 499 499 499 499 499 499 499 499 499 499 499 499
499 349 499 349 499 349 499 499 499 349 499 499 349 349 499 499 349 499 349 499
4 4 4 4 4 4 4 4 4 4 4
10 10 10 10 10 10 10 10 10 10 10 10 10 10
4 4 4 4 4 4 4 4 4 4 4
137 137 91 137 91 137 137 137 137 137 137 137 499 91
7 7 7 7 7 7 7 7 7 7 7 7
3 3 3 3 3 3 3 3 3 3
1 1 1 1 1 1 1 1
499 499 499 499 499 499 499
2 2 2 2 2 2 2 2 2
4 4 4 4 4 4 4 4 4 4 4
9 9 9 9 9 9 9 9 9 9 9 9 9 9 9 9 9
1 1 1 1 1 1 1 1
499 499 499 499 499 499 499 499 499 499 499 499 499 499 499
1 1 1 1 1 1 1 1
5 5 5 5 5 5 5 5 5 5 5 5 5 5 5 5 5 5 5 5
1 1 1 1 1 1 1 1
1 1 1 1 1 1 1 1
4 4 4 4 4 4 4 4 4 4 4
15 13 13 61 15 13 15 15 13 13
277 277 499 499 277 302 499 302 277 277 302 277 277 302 302 277 499 277 302 277 302 302 499 302 499
0 0 0 0 0 0 0
0 0 0 0 0 0 0
2 2 2 2 2 2 2 2 2
185 21 21 21 21 21 21 21 21
2 2 2 2 2 2 2 2 2
1 1 1 1 1 1 1 1
0 0 0 0 0 0 0
0 0 0 0 0 0 0
0 0 0 0 0 0 0
499 165 165 165 499 165 165 165 165 165
3 3 3 3 3 3 3 3 3 3
2 2 2 2 2 2 2 2 2
1 1 1 1 1 1 1 1
4 4 4 4 4 4 4 4 4 4 4
198 499 499 499 392 499 198 198 499 499 392 198 392 499 499 499 499 198 198 198 499 198 392 499 499 499 198 198 499 198 499 499 392 499 392 392 499 499 499 499 499 198 198
393 393 499 499 499 499 499 394 499 393 499 499 394 499 394 499 499 499 499 499 393 393 499 499 393 499 499 499 499 499 394 499 499 499 394 499 393 499 499 394 499 499 394 499 499 499 499 499 499 499 499 499 499 499
128 499 454 470 499 499 128 470 454 499 470 470 128 470 454 128 499 470 499 499
0 0 0 0 0 0 0
2 2 2 2 2 2 2 2 2
499 350 350 350 350 471 471 471 350 471 471 350 499 471 350 499 350
23 23 23 23 23 23 23 23 23 23 23 23 23 23 23 23 23 23 23
7 7 7 7 7 7 7 7 7 7 7 7
0 0 0 0 0 0 0
63 63 172 172 256 63 63 256 63 172 63 63 63
0 0 0 0 0 0 0
230 230 395 499 395 230 499 395 230 499 395 395 230 230 230 499 396 396 396 396 230 230 395 230 396 396 230 230 499 396 395
1 1 1 1 1 1 1 1
0 0 0 0 0 0 0
258 258 499 258 258 499 258 499
499 499 351 351 499 351 351
2 2 2 2 2 2 2 2 2
0 0 0 0 0 0 0
1 1 1 1 1 1 1 1
43 43 43 43 43 499 43 43 43 43 43 43 43 43 43
499 499 499 499 499 499 499 499 499 499
1 1 1 1 1 1 1 1
123 52 52 52 123 123 52 123 123 123 499 52 123 123 123 52 123
2 2 2 2 2 2 2 2 2
499 499 472 472 397 499 499 397 472 499 499 499 499 499 397 499 499 397 472 472 397 499 499 499 499 499 499 499 397 499 397 499 499 472 499
47 59 47 59 47 47 47 59 47 324 59 47
2 2 2 2 2 2 2 2 2
236 54 35 54 35 35 35 35 54 35
1 1 1 1 1 1 1 1
100 352 398 352 352 398 352 352 100 398 398 352 499 398 352 398 100 100 398 352 100
2 2 2 2 2 2 2 2 2
9 9 9 9 9 9 9 9 9 9 9 9 9 9 9 9 9
63 63 172 172 256 63 63 256 63 172 63 63 63
0 0 0 0 0 0 0
7 7 7 7 7 7 7 7 7 7 7 7
14 14 14 14 14 14 14 14 14 14 14 14 180
499 59 499 499 59 499 499 499 499 59 499 59
278 278 499 499 303 303 499 278 278 303 278 303 303 303 278 303 303 278 499 303 278 278 278
20 18 18 120 18 20 18 20 18 20 20 18
1 1 1 1 1 1 1 1
132 132 338 132 88 88 88 88 132 338 88 88 132 88
499 279 279 279 279 279 279 499 499 279 499 279 279 279
499 499 499 499 499 499 499 499 499 499 499 499 499 499 499 499
499 353 353 353 499 499 353 399 399 353 353 399 399 399 353 499 353 499 399 399 499
0 0 0 0 0 0 0
1 1 1 1 1 1 1 1
119 499 499 400 499 119 400 499 499 400 400 400 119 499 499 400 400
1 1 1 1 1 1 1 1
1 1 1 1 1 1 1 1
499 499 499 473 473 499 499 473 499 499 499 473 499 473 473
2 2 2 2 2 2 2 2 2
2 2 2 2 2 2 2 2 2
474 354 280 354 354 474 280 280 280 474 280 354
26 26 36 26 26 116 36 36
2 2 2 2 2 2 2 2 2
75 75 499 499 75 499 499 499 499 75 75 499 499
2 2 2 2 2 2 2 2 2
10 10 10 10 10 10 10 10 10 10 10 10 10 10
1 1 1 1 1 1 1 1
401 231 231 401 401 499 231 401 499 231 231 231 401 231 231 231 231 499 401 231 401 231
20 20 499 499 20 499 499 499 499 20 499 20
84 84 75 75 84 269 269 75 75 84 84 84 75
54 35 35 35 35 54 54 35 236 35
0 0 0 0 0 0 0
110 37 37 37 37 499 110 110 110 110 110 110 110 37
14 14 14 14 180 14 14 14 14 14 14 14 14
1 1 1 1 1 1 1 1
3 3 3 3 3 3 3 3 3 3
4 4 4 4 4 4 4 4 4 4 4
499 499 351 351 351 499 351
0 0 0 0 0 0 0
499 39 499 39 499 499 499 499 39 39 499 39 39 39 499 499 499 499
5 5 5 5 5 5 5 5 5 5 5 5 5 5 5 5 5 5 5 5
2 2 2 2 2 2 2 2 2
9 9 9 9 9 9 9 9 9 9 9 9 9 9 9 9 9
17 17 499 499 17 17 41 17 41 17 41
9 9 9 9 9 9 9 9 9 9 9 9 9 9 9 9 9
2 2 2 2 2 2 2 2 2
2 2 2 2 2 2 2 2 2
18 18 20 20 20 18 20 18 120 18 18 20
0 0 0 0 0 0 0
0 0 0 0 0 0 0
0 0 0 0 0 0 0
2 2 2 2 2 2 2 2 2
10 10 10 10 10 10 10 10 10 10 10 10 10 10
0 0 0 0 0 0 0
23 23 23 23 23 23 23 23 23 23 23 23 23 23 23 23 23 23 23
0 0 0 0 0 0 0
163 226 163 163 163 226 226
2 2 2 2 2 2 2 2 2
0 0 0 0 0 0 0
3 3 3 3 3 3 3 3 3 3
355 356 355 356 499 355 356 499 355 356
2 2 2 2 2 2 2 2 2
5 5 5 5 5 5 5 5 5 5 5 5 5 5 5 5 5 5 5 5
0 0 0 0 0 0 0
7 7 7 7 7 7 7 7 7 7 7 7
1 1 1 1 1 1 1 1
2 2 2 2 2 2 2 2 2
2 2 2 2 2 2 2 2 2
75 84 75 269 84 84 84 84 75 75 269 84 75
53 53 103 103 103 53 295 499 103 103 103 103 103 295 53 295
499 357 499 357 499 357 499 499 499 357 357 357 357 357 499 499
1 1 1 1 1 1 1 1
358 150 358 150 150 150 150 358 358 150 150 150 499 150 499
35 54 236 35 35 54 35 54 35 35
2 2 2 2 2 2 2 2 2
475 475 499 359 499 359 359 475 359 475 499 359 359 475 359 359 475 499
499 499 499 499 499 499 499 499 499 499 499 499 499 499 499
23 23 23 23 23 23 23 23 23 23 23 23 23 23 23 23 23 23 23
67 67 496 60 60 60 60 60 67 67 60 67 67 60
122 147 122 122 499 122 437 147 122 80 122 122 147 122 122 147 122 80 122 122 80 147 122 147 122 80 437 80 437
499 476 499 477 476 166 166 360 499 360 166 166 166 499 360 477 499 499 476 499 499 499 477 166 166 166 360
10 10 10 10 10 10 10 10 10 10 10 10 10 10
1 1 1 1 1 1 1 1
25 42 42 42 145 25 25 25 25
0 0 0 0 0 0 0
1 1 1 1 1 1 1 1
0 0 0 0 0 0 0
4 4 4 4 4 4 4 4 4 4 4
0 0 0 0 0 0 0
1 1 1 1 1 1 1 1
1 1 1 1 1 1 1 1
1 1 1 1 1 1 1 1
5 5 5 5 5 5 5 5 5 5 5 5 5 5 5 5 5 5 5 5
1 1 1 1 1 1 1 1
0 0 0 0 0 0 0
22 17 17 22 17 17 22 117 17 22 17
141 53 141 48 141 53 48 48 53 141 141 141 53 48 48 499
5 5 5 5 5 5 5 5 5 5 5 5 5 5 5 5 5 5 5 5
281 281 281 281 499 281 281 281 499 281 499 281 281
2 2 2 2 2 2 2 2 2
88 88 132 132 88 132 88 88 338 338 88 132 132 88
31 373 45 45 31 45 45 45 45 31 45 31 45
499 499 499 109 232 109 232 109 232 499 232 109 232 232
0 0 0 0 0 0 0
1 1 1 1 1 1 1 1
2 2 2 2 2 2 2 2 2
3 3 3 3 3 3 3 3 3 3
8 95 8 8 8 8 8 8 8 8 8
2 2 2 2 2 2 2 2 2
151 499 151 151 499 151 151 499 151 151 151 151 499 151 151 499 499 499 151 499 151 151 151 151 499 151 151
3 3 3 3 3 3 3 3 3 3
402 402 499 402 499 499 499 499 402 499 402 499 499 499 402 402 499 499
23 23 23 23 23 23 23 23 23 23 23 23 23 23 23 23 23 23 23
49 49 49 49 49 289 49
199 199 499 499 499 190 190 190 199 499 199 499 499 199 499 190 499 499 499 199 190 199 499 499 190 499 499 199 499 499 190 499 199 499 190 499 199 499 190 499 499 199 190 190 499 190 199 190 199 190
0 0 0 0 0 0 0
499 499 499 499 499 499 499 499 499 499 499 499
7 7 7 7 7 7 7 7 7 7 7 7
0 0 0 0 0 0 0
3 3 3 3 3 3 3 3 3 3
1 1 1 1 1 1 1 1
11 11 11 11 11 11 11 11 11 11 11 11 11 11 11 11 11 11
2 2 2 2 2 2 2 2 2
2 2 2 2 2 2 2 2 2
9 9 9 9 9 9 9 9 9 9 9 9 9 9 9 9 9
3 3 3 3 3 3 3 3 3 3
3 3 3 3 3 3 3 3 3 3
0 0 0 0 0 0 0
78 78 78 78 334 334 78 109 78 109 78 109 78 109
1 1 1 1 1 1 1 1
428 51 51 51 51 56 51 56 51 56 51 56 56
0 0 0 0 0 0 0
2 2 2 2 2 2 2 2 2
9 9 9 9 9 9 9 9 9 9 9 9 9 9 9 9 9
59 47 59 47 47 47 324 47 59 59 47 47
0 0 0 0 0 0 0
2 2 2 2 2 2 2 2 2
326 326 266 326 438 438 266 438 266 266 266 326
58 43 43 58 169 499 43 169 58 58 43 43 169 43 43
361 167 167 499 167 499 361 361 478 167 499 167 167 478 478 361 499 167 167
200 499 499 403 200 200 499 499 499 499 403 200 403 499 499 200 200 200 499 200 499 403 499 499 200 200 499 200 403 403 499 499 499 499 403 499 499 200 499 200
22 17 17 22 17 17 17 22 117 17 22
2 2 2 2 2 2 2 2 2
1 1 1 1 1 1 1 1
1 1 1 1 1 1 1 1
2 2 2 2 2 2 2 2 2
0 0 0 0 0 0 0
1 1 1 1 1 1 1 1
3 3 3 3 3 3 3 3 3 3
77 77 77 77 77 77 53 77 53 77 77 77 53 53 77 499
51 56 51 51 51 56 428 56 56 51 51 51 56
0 0 0 0 0 0 0
2 2 2 2 2 2 2 2 2
3 3 3 3 3 3 3 3 3 3
2 2 2 2 2 2 2 2 2
499 499 499 499 499 499 499 499 499 362 499 499 499 282 499 362 499 499 499 499 499 499 499 499 499 282 499 499 362 499 499 499 499 499 499 499 499 282 499 499 282 499 499 499 362 499 499 499 282 499 362 499 499 282 362 499 499 362 499 499 499 499 362 282 499 499 499 499 499 282 499 499 499 499 499 499 282 282
499 499 499 499 499 499 499 499 499 112 100 100 499 499 100 112 112 112 499 100 100
0 0 0 0 0 0 0
499 404 499 499 363 499 363 479 499 499 499 499 363 499 363 404 499 499 479 499 499 499 499 404 499 499 363 499 499 499 499 363 479 404 479 479 404 499 499 363 404 499 404 479 499 363
0 0 0 0 0 0 0
31 31 31 31 31 31 31 31 499 31 31 31 31
283 405 105 405 499 405 105 283 499 405 283 105 499 283 405 499 405 499 283 283 405 105 499 283 283 499 283 283
1 1 1 1 1 1 1 1
499 499 499 480 499 480 480 499 499 480 480 480 499 499
0 0 0 0 0 0 0
4 4 4 4 4 4 4 4 4 4 4
10 10 10 10 10 10 10 10 10 10 10 10 10 10
1 1 1 1 1 1 1 1
77 53 77 77 53 77 77 77 53 77 77 77 499 77 77 53
164 164 499 499 499 164 164 164 164 164 164
1 1 1 1 1 1 1 1
256 63 63 63 63 63 172 63 256 63 172 172 63
45 45 45 31 373 45 45 31 45 45 31 45 31
3 3 3 3 3 3 3 3 3 3
0 0 0 0 0 0 0
1 1 1 1 1 1 1 1
17 22 17 17 22 17 17 117 22 22 17
5 5 5 5 5 5 5 5 5 5 5 5 5 5 5 5 5 5 5 5
0 0 0 0 0 0 0
11 11 11 11 11 11 11 11 11 11 11 11 11 11 11 11 11 11
364 248 248 248 284 364 364 364 248 364 284 284 248 248 364 284 284 284 248 248 248 364 284 248 364 499 284 499 248 284 284
4 4 4 4 4 4 4 4 4 4 4
499 499 481 499 499 499 499 499 481 499 499
2 2 2 2 2 2 2 2 2
51 56 51 56 56 51 56 51 51 51 56 428 51
145 25 42 25 42 25 25 42 25
1 1 1 1 1 1 1 1
0 0 0 0 0 0 0
499 499 499 109 232 109 232 109 232 499 232 109 232 232
482 114 499 233 114 86 86 499 152 482 114 152 86 233 152 114 114 152 86 114 233 86 114 483 114 152 86 483 152 499 86 499 233 86 86 86
0 0 0 0 0 0 0
4 4 4 4 4 4 4 4 4 4 4
0 0 0 0 0 0 0
4 4 4 4 4 4 4 4 4 4 4
0 0 0 0 0 0 0
1 1 1 1 1 1 1 1
0 0 0 0 0 0 0
0 0 0 0 0 0 0
2 2 2 2 2 2 2 2 2
0 0 0 0 0 0 0
406 406 407 499 499 499 499 406 499 499 499 499 407 499 499 499 499 499 499 499 499 407 499 499 499 407 499 499 499 499 499 407 499 406 406 499 499 407 499 406 407 499 406 499 499 499 499 499
499 499 499 499 160 499 499 499 499 499 160 160 499 499 160 499 499 499 499 160 499 499 499 499 499 499 499 499 499 499 499 499 499 160 499 499 499 160 499 499 499 499 160
0 0 0 0 0 0 0
9 9 9 9 9 9 9 9 9 9 9 9 9 9 9 9 9
0 0 0 0 0 0 0
1 1 1 1 1 1 1 1
331 445 331 330 330 445 330 331 445 330 331
11 11 11 11 11 11 11 11 11 11 11 11 11 11 11 11 11 11
1 1 1 1 1 1 1 1
24 24 499 52 24 24 24 52 24 52 24 52 52 52 24 24 24
0 0 0 0 0 0 0
88 88 338 88 132 338 88 88 132 88 132 88 132 132
499 499 408 499 499 499 408 408 499 499 499 499 408 499 408 499 499 408 499 408 499 499 499
45 31 45 31 45 45 31 45 45 45 31 45 373
50 50 38 38 499 38 50 38 38 50 50 50 50 38 38 50 50 50 38 50 50 50
0 0 0 0 0 0 0
2 2 2 2 2 2 2 2 2
20 20 18 20 18 18 20 20 120 18 18 18
2 2 2 2 2 2 2 2 2
272 187 499 187 187 272 272 187 499 187 272 499 272 187 187
2 2 2 2 2 2 2 2 2
499 234 499 484 234 234 484 234 499 499 499 234 499 234 499 234 484 484 499 499 484 234 234 499 484 234 234 499 499 234
2 2 2 2 2 2 2 2 2
4 4 4 4 4 4 4 4 4 4 4
61 13 15 13 13 15 15 13 13 15
9 9 9 9 9 9 9 9 9 9 9 9 9 9 9 9 9
1 1 1 1 1 1 1 1
2 2 2 2 2 2 2 2 2
499 499 499 499 499 499 499 499 499 499 499 499 499
0 0 0 0 0 0 0
145 25 42 25 42 25 42 25 25
75 75 269 84 75 84 84 84 75 75 84 269 84
1 1 1 1 1 1 1 1
3 3 3 3 3 3 3 3 3 3
2 2 2 2 2 2 2 2 2
3 3 3 3 3 3 3 3 3 3
25 42 25 25 42 42 25 145 25
1 1 1 1 1 1 1 1
1 1 1 1 1 1 1 1
18 18 120 18 20 20 18 20 20 18 20 18
499 70 70 39 70 70 39 46 39 70 70 46 46 39 39 46 39 39
0 0 0 0 0 0 0
51 51 51 499 499 499 499 51 51 499 51 499 51
499 499 499 499 499 499 499 499 499 499 499 499
201 409 409 499 202 499 202 409 201 201 499 499 202 499 202 201 499 201 499 201 201 202 409 201 499 499 499 202 201 201 202 499 201 499 499 499 202 499 499 409 202 499 499 409 499 499 409 499 499 499 202 499 499 499 202 499 202 499 201 499 202 499 201
1 1 1 1 1 1 1 1
1 1 1 1 1 1 1 1
75 84 269 75 84 84 84 84 75 84 75 269 75
0 0 0 0 0 0 0
3 3 3 3 3 3 3 3 3 3
168 168 168 168 168 485 168 168 168 168 168 499 168 168 485 168 168 485 485 485 168 499 168 485 499
0 0 0 0 0 0 0
499 499 499 499 499 499 499 499 499 499 499 499 499 499 499 499 499 499 499 499 499 499 499
1 1 1 1 1 1 1 1
3 3 3 3 3 3 3 3 3 3
68 102 102 68 68 205 205 102 68 68 102 68
1 1 1 1 1 1 1 1
2 2 2 2 2 2 2 2 2
410 499 29 29 499 410 410 499 29 410 410 29 499 29 499 410 410 499
0 0 0 0 0 0 0
41 32 32 32 32 32 41 41 259 32 32
47 59 47 59 47 47 59 324 59 47 47 47
411 224 119 224 119 499 411 411 499 499 411 119 411 411 224 411 224
10 10 10 10 10 10 10 10 10 10 10 10 10 10
163 226 163 163 226 226 163
31 499 499 31 499 499 499 499 499 31 31 499 499
0 0 0 0 0 0 0
2 2 2 2 2 2 2 2 2
0 0 0 0 0 0 0
0 0 0 0 0 0 0
0 0 0 0 0 0 0
486 499 499 487 499 499 487 486 499 486 486 487 499 486 487 487 499 499 486 487
0 0 0 0 0 0 0
285 285 365 365 365 285 285 285 365 481 481
474 354 280 354 354 474 474 280 280 280 280 354
74 103 74 103 103 74 74 74 103 103 74 103 499 74 103 103
23 23 23 23 23 23 23 23 23 23 23 23 23 23 23 23 23 23 23
482 114 499 233 114 86 86 499 152 482 114 152 86 233 152 114 114 152 86 114 233 86 114 483 114 152 86 483 152 499 86 499 233 86 86 86
0 0 0 0 0 0 0
49 289 49 49 49 49 49
488 499 499 499 499 499 499 499 499 488 488 488 499 499 488 499 488 499 499
11 11 11 11 11 11 11 11 11 11 11 11 11 11 11 11 11 11
4 4 4 4 4 4 4 4 4 4 4
4 4 4 4 4 4 4 4 4 4 4
18 120 18 20 20 18 20 20 18 20 18 18
1 1 1 1 1 1 1 1
0 0 0 0 0 0 0
2 2 2 2 2 2 2 2 2
361 167 167 478 499 167 499 361 478 167 499 167 167 361 478 361 499 167 167
5 5 5 5 5 5 5 5 5 5 5 5 5 5 5 5 5 5 5 5
499 67 67 499 499 499 67 499 67 499 499 67 67 499
355 356 355 356 499 355 356 499 355 356
499 28 28 58 28 58 28 28 28 28 58 28 28 28 58
15 15 13 13 13 13 15 13 61 15
499 229 229 499 229 499 229 499 499 499 229 499 499 499 229 229 499 229 499
26 36 26 26 26 36 36 116
1 1 1 1 1 1 1 1
33 33 33 37 33 37 37 33 418 33 33 37 37 33
10 10 10 10 10 10 10 10 10 10 10 10 10 10
1 1 1 1 1 1 1 1
4 4 4 4 4 4 4 4 4 4 4
11 11 11 11 11 11 11 11 11 11 11 11 11 11 11 11 11 11
0 0 0 0 0 0 0
482 114 499 233 114 86 152 499 152 482 114 152 86 233 86 114 114 152 86 114 233 86 114 483 114 152 86 483 152 499 86 499 233 86 86 86
0 0 0 0 0 0 0
0 0 0 0 0 0 0
499 118 499 118 118 499 499 499 499 118 499 118 499 499 499 499 118 499 499 118 499 499 499 499 499 499 499 499 499 499 499 499
21 21 21 21 21 185 21 21 21
0 0 0 0 0 0 0
0 0 0 0 0 0 0
4 4 4 4 4 4 4 4 4 4 4
1 1 1 1 1 1 1 1
67 60 60 67 496 60 60 60 60 60 67 67 67 67
2 2 2 2 2 2 2 2 2
5 5 5 5 5 5 5 5 5 5 5 5 5 5 5 5 5 5 5 5
1 1 1 1 1 1 1 1
0 0 0 0 0 0 0
1 1 1 1 1 1 1 1
499 476 499 477 476 166 166 360 499 360 166 166 166 499 360 477 499 499 476 499 499 499 477 166 166 166 360
489 412 489 489 499 489 412 412 489 499 499 412 412 489 412 412
304 499 499 304 304 304 304 499 304 499 499 499 304 304 304
3 3 3 3 3 3 3 3 3 3
499 165 165 165 499 165 165 165 165 165
7 7 7 7 7 7 7 7 7 7 7 7
0 0 0 0 0 0 0
4 4 4 4 4 4 4 4 4 4 4
285 285 365 365 365 285 285 285 365 481 481
13 15 15 13 13 15 15 61 13 13
2 2 2 2 2 2 2 2 2
1 1 1 1 1 1 1 1
0 0 0 0 0 0 0
490 309 366 499 499 366 499 490 309 309 490 366 499 499 366 366 490 499 490 490 366 499 366 366 499 309 499
3 3 3 3 3 3 3 3 3 3
1 1 1 1 1 1 1 1
2 2 2 2 2 2 2 2 2
1 1 1 1 1 1 1 1
0 0 0 0 0 0 0
2 2 2 2 2 2 2 2 2
1 1 1 1 1 1 1 1
0 0 0 0 0 0 0
2 2 2 2 2 2 2 2 2
14 14 14 14 14 180 14 14 14 14 14 14 14
3 3 3 3 3 3 3 3 3 3
3 3 3 3 3 3 3 3 3 3
499 39 499 499 39 499 499 499 499 39 499 499 499 39 39 39 39 499
2 2 2 2 2 2 2 2 2
1 1 1 1 1 1 1 1
0 0 0 0 0 0 0
10 10 10 10 10 10 10 10 10 10 10 10 10 10
10 10 10 10 10 10 10 10 10 10 10 10 10 10
0 0 0 0 0 0 0
153 153 153 153 499 153 153 153 153 153 499 499 153 153 499 153 153 153 499 153 153 499 499 153 153
1 1 1 1 1 1 1 1
499 499 31 499 499 499 31 31 31 499 499 499 499
81 81 81 260 81 260 81 81
2 2 2 2 2 2 2 2 2
2 2 2 2 2 2 2 2 2
265 265 367 491 491 491 499 367 265 499 265 499 367 499 499 491 491 367 499 367 499 491 499 265 367 499 367 499 499 367
492 413 413 492 499 499 499 413 499 413 499 499 499 499 499 492 413 413 499 492 499 492 499 499 499 413 492
25 42 25 42 25 42 145 25 25
1 1 1 1 1 1 1 1
77 77 77 77 53 53 53 77 77 499 77 77 77 77 77 53
0 0 0 0 0 0 0
0 0 0 0 0 0 0
4 4 4 4 4 4 4 4 4 4 4
2 2 2 2 2 2 2 2 2
0 0 0 0 0 0 0
3 3 3 3 3 3 3 3 3 3
0 0 0 0 0 0 0
4 4 4 4 4 4 4 4 4 4 4
499 499 493 493 414 499 499 414 493 499 499 499 499 414 499 499 414 493 493 414 499 499 499 499 499 499 414 499 414 499 499 493 499
45 31 373 31 45 45 45 45 45 45 45 31 31
0 0 0 0 0 0 0
1 1 1 1 1 1 1 1
2 2 2 2 2 2 2 2 2
14 14 14 14 14 14 180 14 14 14 14 14 14
368 235 494 235 235 494 368 368 235 494 235 368 235
4 4 4 4 4 4 4 4 4 4 4
0 0 0 0 0 0 0
145 25 25 25 42 42 25 42 25
0 0 0 0 0 0 0
1 1 1 1 1 1 1 1
0 0 0 0 0 0 0
415 499 499 415 415 499 499 415 415 499 415 415 499
10 10 10 10 10 10 10 10 10 10 10 10 10 10
0 0 0 0 0 0 0
2 2 2 2 2 2 2 2 2
369 286 369 286 286 214 369 286 369 214 286 214 369 214 214 214 286 369 369 369 286 286 499 286 286
1 1 1 1 1 1 1 1
7 7 7 7 7 7 7 7 7 7 7 7
499 54 499 499 54 54 499 499 499 499
3 3 3 3 3 3 3 3 3 3
4 4 4 4 4 4 4 4 4 4 4
1 1 1 1 1 1 1 1
1 1 1 1 1 1 1 1
38 50 50 38 50 38 50 50 38 38 50 38 50 50 38 50 50 50 50 499 50 38
143 73 143 73 73 73 73 143 143 73 143 499 143 143 143 73 143
7 7 7 7 7 7 7 7 7 7 7 7
1 1 1 1 1 1 1 1
17 17 22 117 17 22 22 17 17 22 17
4 4 4 4 4 4 4 4 4 4 4
7 7 7 7 7 7 7 7 7 7 7 7
20 18 20 18 20 18 20 18 120 18 18 20
287 499 416 287 287 499 287 499 499 499 287 499 499 416 499 416 499 287 499 499 499 499 287 499 416 416 416 499 287 416 499 287 287
499 499 499 499 499 499 499 499 53 53 53 499 499 53 499 499
2 2 2 2 2 2 2 2 2
1 1 1 1 1 1 1 1
499 499 458 499 458 499 458
0 0 0 0 0 0 0
368 235 494 368 235 494 235 368 235 494 235 368 235
0 0 0 0 0 0 0
499 499 325 325 499 499 499 325 499 499 325 499
1 1 1 1 1 1 1 1
4 4 4 4 4 4 4 4 4 4 4
4 4 4 4 4 4 4 4 4 4 4
358 150 358 150 150 150 150 358 358 150 150 150 499 150 499
7 7 7 7 7 7 7 7 7 7 7 7
7 7 7 7 7 7 7 7 7 7 7 7
256 63 63 63 63 63 172 63 256 63 172 172 63
10 10 10 10 10 10 10 10 10 10 10 10 10 10
91 137 91 137 137 91 499 137 137 137 137 137 137 137
1 1 1 1 1 1 1 1
32 259 41 32 41 32 41 32 32 32 32
499 499 499 417 499 499 499 499 499 499 417 417 499 499 499 417 499 499 499 499 417 417 417 499
0 0 0 0 0 0 0
4 4 4 4 4 4 4 4 4 4 4
8 8 95 8 8 8 8 8 8 8 8
4 4 4 4 4 4 4 4 4 4 4
499 499 499 499 499 499 499 495 499 495 499 499 495 499 499 499 495 499 499 495 495
1 1 1 1 1 1 1 1
5 5 5 5 5 5 5 5 5 5 5 5 5 5 5 5 5 5 5 5