14 204 318 97 14 14 271 263 204 14 14 97 271 263 204 307 97 204 204 276
360 360 360 291 291 291 360 360 360 360 14 97 97 318 417 14 97 14 14 14 291 291 14 417 97 97 291 360 291 291 360 14
248 97 341 248 97 248 248 248 97 97 97 248 248 14 14 14 14 14 97 248 248
97 14 198 97 97 14 97 14 234 14 14 97 97 97 26 14 131 397 14 26 14 421 14 423 82 419 14 14 14 14 97 14 14 97 14
286 97 204 97 97 204 204 97 204 204 97 286 204 204
14 14 41 14 163 97 14 14 97 113 163 14 59 163 14 360 14 41 97 14 360 97 97 163 14 97 14 14 113 14 14 26 163 360 97 14 14 14 191 14 81 97 97 14 97 97 14 163 26 163 163 14 14 14 97 97 59 14 26 14 41 14 97
320 320 320 320 320 320 320 320 320 320 320 320
204 306 163 163 204 306 204 204 204 204 163 163 163 163 204
50 50 50 50 50 50 50 50 50 50 50 50 50 50 50 50 50 50
320 320 320 320 320 320 320 320 320 320 320 320
163 360 163 163 163 163 163 360 202 360 163 360
119 119 119 119 119 119 119 119 119 119 119 119 119 119 119 119 119 119 119 119
248 248 360 398 286 248 248 286 248 360 248 258 248
320 320 306 291 3 291 291 3 320 291 320 343 320 291 3 306 291 320 320 320
14 97 163 14 204 14 59 14 14 163 82 178 163 222 26 163 204 163 14 131 14 163 14 82 163 97 163 204 113 163 97 26 204 14 14 82 204 360 14 143 204 82 14 163 14 204 14 163 360 204 178 163 360 131 131 14 14 26 163 360 14 163 163 163 14 97 14 163 14 97 163 14
119 119 119 119 119 119 119 119 119 119 119 119 119 119 119 119 119 119 119 119
11 352 11 11 320 352 352 352 11 11 11 11 320 352 352 320 320 320
222 163 14 163 14 14 163 14 222 163 163 163
14 14 14 14 14 14 14 14 14 151 262 14 14 14 14 14 14 14 151
143 97 248 204 154 197 248 291 97 291 248 97 97 97 97 305 291 305 271 197 248 204 97 97 97 238 347 257 288 248 248 154 197 97 143 204 177 154 204 204 291 299 305 204 97 216
41 360 14 360 14 97 374 97 97 97 173 131 97 163 163 163 360 163 173 14 163 173 14 197 14 97 163 360 97 163
97 163 291 291 97 163 173 291 291 291 97 163 163 97 163 291 291 387 163 113 291 291 291 97
14 14 14 360 14 14 360 360 360 360 360 360 14 360 360 360 113 14 360 258 14 14
14 163 97 14 163 163 163 163 248 360 360 163 163 14 97
50 50 50 50 50 50 50 50 50 50 50 50 50 50 50 50 50 50
229 229 82 14 229 14 14 14 14 82 14 14 14
401 204 204 401 401 204 401 401 204 25 204 401 204 204 401 401 401 401 204 401 401 401 401
360 360 360 291 291 291 360 360 360 360 14 97 97 318 417 14 97 14 14 14 360 291 14 417 97 97 291 360 291 291 291 14
204 306 163 163 204 306 204 204 204 204 163 163 163 163 204
320 320 320 320 320 320 320 320 320 320 320 320
163 163 97 163 14 97 97 97 360 163 97 97 113 360 14 97 97 271 360 14 163 163 163 353 97 97
50 203 72 32 50 50 97 55 68 263 32 50 32 55 36 50 50 50 200 50 97 37 37 263 50 50 62 50 32 32 108 173 45 97 32 139 37 50 263 50
258 204 14 14 204 204 204 14 14 204 204 204 258
204 97 154 204 204 154 154 204 303 204 204 97 154 204 154 204
163 163 163 281 163 163 163 163 163 163 163 163 281 163
263 14 163 163 14 163 163 14 14 163 163 238 263 163 263 14
14 14 204 263 14 311 14 204 14 263 204 14 14 204 263 204 14 204 204 204 14 14
14 97 191 14 97 14 97 14 97 97 14 97
163 178 163 2 97 163 163 163 163 97 163 178 163 97 163 163 163 163 163 2 163 97 97 163 163 163 163 163 163 163 163
14 14 97 97 14 360 14 14 97 14 360 14 97 360 97 360 14 14 14 97 276
14 14 14 14 14 216 14 14 14 14 14 14 14 154 14
204 339 14 204 204 204 204 204 229 339 204 229 204 204 204 204 229
318 248 248 318 318 204 318 318 248 204 318 204 248
97 14 263 238 360 97 14 97 360 14 97 263 360 14 14 97 360 263 97
163 163 163 97 163 97 97 97 163 163 97 163 97 248
320 263 14 320 307 320 320 14 263 320 14 26 320 320 263 320 263 367 14 320 320 263 320
248 97 248 248 97 97 97 248 248 248 248 248 311 97 248 97
204 360 204 204 360 360 204 360 204 204 238 204 204
50 50 50 50 50 50 50 50 50 50 50 50 50 50 50 50 50 50
96 50 204 316 50 50 316 89 267 204 77 50 50 96 50 204 50 50 57 89 204 135 50 50 50 300
97 360 14 360 14 271 360 14 263 360 360 97 14 14 97 263 97 360 263 97 360 360 97
32 32 32 32 32 32 32 32 32 32 32 32 32 32 32 32 32
14 14 14 360 360 14 197 14 14 360 360 14 14 14 14
97 97 97 233 163 163 97 163 163 163 163 359 163 248 163 187 163 97 163 4 233 4 97 163 318 163 145 163
320 320 320 320 320 320 320 320 320 320 320 320
320 320 320 320 320 320 320 320 320 320 320 320
97 163 163 97 163 163 248 163 163 97 97 97 97 163
119 119 119 119 119 119 119 119 119 119 119 119 119 119 119 119 119 119 119 119
14 97 14 97 14 97 97 97 97 14 14 191
32 32 32 32 32 32 32 32 32 32 32 32 32 32 32 32 32
97 204 204 97 204 204 97 204 97 204 286 97 204 97 204
204 306 97 204 204 360 204 204 97 360 204 97 97 360 204 97 204 360 97
238 163 14 163 360 204 163 204 360 204 163 14 360 360
131 14 14 97 97 202 131 14 97 59 97 14
119 119 119 119 119 119 119 119 119 119 119 119 119 119 119 119 119 119 119 119
131 398 97 14 229 14 97 14 97 360 97 173 14 14 360
97 360 97 97 360 97 14 97 97 14 276 14 360 14 14 360 14 14 14 14 14
14 163 14 163 14 163 26 14 163 173 14 14 14 163 14 281 14 163
14 14 14 360 14 360 14 14 14 360 14 360 14 197 14
14 291 204 327 291 216 14 291 327 263 291 327 339 327 263 307 59 14 372 14 332
163 163 163 163 360 163 360 360 202 163 163 360
263 97 384 360 163 12 97 113 14 145 360 97 97 238 163 97 384 97 97 82 173 14 14 163 14 97 163 97 14 420 97 97 97 360 151 14 14 311 97 360 360 145 97 263
352 352 352 352 97 97 386 97 97 352 352 352 352 352 97 352 97 352 352
97 97 14 14 97 14 204 14 97 263 97 263 14 97 263
14 97 163 97 14 163 163 163 97 97 14 97 14 294 97 14 163 163 163
204 178 14 163 204 163 262 14 41 262 14 163 14 14
320 320 320 320 320 320 320 320 320 320 320 320
163 163 163 14 14 163 14 163 163 14 222 163 14
320 320 320 163 320 163 163 378 163 320 163 320 320 320 378 163 320 320
50 50 50 50 50 50 50 50 50 50 50 50 50 50 50 50 50 50
263 263 191 191 163 263 163 173 163 191 163 14 163 163 163 163 163 366 163 163 163 163 163 163 197 163
163 320 320 384 324 360 14 128 360 204 14 263 322 163 14 320 26 320 14 360 14 97 204 163 14 360 204 360 14 97 360 204 173 14 97 307 204 26 14 26 360 320 97 204 163 113 360 163 163 389 14 320 204 320 97 360 26 97 324 263 420
204 178 14 163 204 163 262 14 41 262 14 163 14 14
119 119 119 119 119 119 119 119 119 119 119 119 119 119 119 119 119 119 119 119
119 119 119 119 119 119 119 119 119 119 119 119 119 119 119 119 119 119 119 119
248 248 318 318 204 318 318 248 204 318 318 204 248
163 178 163 14 14 163 41 14 163 229 163 229
263 248 145 248 97 322 248 97 248 248 263 248 263 97 248 97 97 258 258
352 389 352 389 389 389 389 352 291 389 389 352 389 291 389
97 191 14 14 97 14 97 97 14 97 14 97
248 248 318 318 204 318 318 248 204 318 318 204 248
14 97 97 14 14 14 97 14 97 191 97 97
163 262 97 202 202 163 202 97 262 262 262 97
360 14 286 248 14 248 248 286 248 306 248 360 360 248 360 286
360 204 241 360 360 241 204 241 241 276 241 241 241 360
97 97 97 14 191 97 97 14 97 14 14 14
320 320 320 320 320 320 320 320 320 320 320 320
360 14 263 360 14 97 263 360 14 360 360 97 14 14 360 14 360 360 97 14 263 360 263 97 97 360 97 360 420 332 14 263 14 14
82 163 163 163 82 163 163 163 241 178 163 163 327 82 14 178 163 59 163 163
119 119 50 130 50 119 50 50 119 50 50 73 119 119 119 50 212 212 212 212 119 119 50 119 212 212 143 119 88 212 50
119 119 119 119 14 119 119 360 119 97 119 119 360 119 119 14 97 140 119 14 119 119 119 119 119 119 119
384 360 318 282 360 318 318 256 360 97 248 360 14 14 204 416 360 14 360 319 318 204 97 256 454 448 116 97 204 14
354 414 291 204 204 291 389 158 472 389 291 473 163 481 460 389 291 482 389 291 291 389 291 127 354 291 291 352 389 291 389 381 158 291 163 204
14 97 14 97 97 97 14 154 14 14 97 14 14 97 14 241
204 14 204 97 14 14 14 314 97 204 204 204 314 204 97 97 97 204
50 50 127 204 149 110 149 50 291 65 393 204 291 71 127 291 50 204 50 71 50 65 204 50 301 110 149
14 14 14 14 97 229 229 97 173 14 97 173 14
204 204 163 163 281 204 163 204 163 365 163 204 204 163 163 163 163 204 204 163 163 163
97 248 360 163 360 163 14 178 222 163 14 163 14 178 163 163 360 4 163 163 163 233 163 97 163 14 97 360 216 233 14 14 216 14 163 163
204 204 204 97 97 204 97 204 204 97 97 286 204 204 97
32 32 32 32 32 32 32 32 32 32 32 32 32 32 32 32 32
14 97 97 14 14 97 14 97 14 241 14 14 97 14 97 14 14
163 163 163 163 360 360 163 163 163 163 163 163 163 360 303 360 163 163 163
238 360 204 204 204 204 204 360 204 204 204 360 360
291 359 291 359 359 291 291 359 359 291 291 359 359 359
360 360 163 360 420 360 360 360 360 263 263 360 360 360 360
119 119 119 119 119 119 119 119 119 119 119 119 119 119 119 119 119 119 119 119
97 97 97 248 97 248 248 248 248 248 248 97 248 311 97 248
360 248 187 97 360 97 360 360 145 97 360 360 360 360 360 360 360 360 145
248 248 318 318 204 318 318 248 204 318 318 204 248
163 248 248 163 163 248 163 360 163 248 324 163 248 248 163 163 163 173 248 392 173 163 255 360 360 163 384
50 50 50 50 50 50 50 50 50 50 50 50 50 50 50 50 50 50
32 119 119 50 32 50 383 32 32 32 379 186 291 320 32 163 186 159 50 101 383 167 291 119 418 215 119 165 442 167 32 408 383 119 346 331 210 43 210 32 437 320 32 119 32 50 388 331 119 244 465 210 190 32 167 163 451 167 32 162 270 383 72 32 291
14 360 360 173 14 360 360 14 360 360 14 14 360 360
14 163 163 163 14 163 14 163 14 163 14 222 163
163 360 163 360 163 360 163 360 163 202 163 163
97 163 163 97 163 163 324 163 97 163 163 163 163 163 97 163 163 163 163 97 97
320 204 320 64 324 204 202 320 324 320 320 131 204 204 262 291 291 262 97 320 204 204 163 320 320 204 320 204 204 97 64 204
154 14 360 14 384 26 14 14 14 14 14 372 97 14 97 14 14 26 197 14 14 14 41 14 360 97 360 97 14 14 97 14 14 14
320 320 320 320 320 320 320 320 320 320 320 320
163 14 307 263 26 163 163 163 163 163 14 163 241 14 14 263
360 14 233 26 14 14 14 14 360 360 360 113 360 14 384 360 14 14
163 173 163 97 163 327 97 97 163 163 163 163 163 163 163 97 113 163 97 163 163
97 222 131 97 131 97 97 97 97 97 97 222
97 187 97 248 263 163 324 163 263 163 97 97 163 14 222 187 14 318 263 187
163 163 163 163 163 163 281 163 163 163 163 163 163 163 163
97 97 97 233 163 163 97 163 163 163 163 359 163 248 163 187 163 97 163 4 233 4 97 163 318 163 145 163
401 401 401 401 401 401 401 401 401 401 401 401 401 401 401
281 163 248 281 163 163 248 345 163 281 281 163 163 248 163 163 281 281
204 204 204 97 233 204 204 145 145 97 97 204 311 360 360 311 360
262 14 263 263 14 14 14 14 14 360 14 360 14 360 14 14 14 360 263 14 14 14 14
163 202 360 163 163 360 163 360 163 163 360 163
204 163 291 204 291 291 262 202 204 202 291 291
420 204 222 204 263 263 204 222 204 238 204 222
320 320 320 320 320 320 320 320 320 320 320 320
291 248 248 248 291 291 291 291 248 97 97 248
97 163 397 14 163 97 14 187 97 334 163 14 31 263 97 97 225 97 222 222 266 266 18 163 97 113 163 163 263 97 163 14 97 263 14
360 291 291 291 360 311 291 291 360 291 291 291 291 311
248 248 248 163 48 163 163 320 320 163 163 248 248 320 320 320 163 163 320 320 248 320 163 320 173 248 320 163 163 163 163 255 320 248 163
14 97 191 14 14 14 14 360 360 14 14 14 97
163 163 263 263 202 163 163 216 360 163 163 263 360 360
163 97 163 163 113 163 97 97 173 14 97 163 163 303 14 97 41 14 14
59 14 248 248 286 248 397 248 14 163 163 14 14 163 26 248 248 131 14 14 163 248 163 154 154 163 163 248 14
204 97 14 14 204 14 360 97 97 26 26 14 360 204 97 14 14 360 360 97 204 360 97 14 14 14 360 14 360 14 14 204 204 360 204 392 204 14
401 401 401 401 401 401 401 401 401 401 401 401 401 401 401
360 14 97 97 360 97 97 360 97 97 222 14 14 14 360 14
320 320 320 320 320 320 320 320 320 320 320 320
263 14 323 97 204 202 370 14 206 261 265 14 26 289 289 265 260 204 173 14 97 323 100
191 14 97 14 14 97 97 97 14 97 14 97
401 401 401 401 401 401 401 401 401 401 401 401 401 401 401
97 360 163 360 26 163 14 14 97 14 204 360 14 204 163 360 163 14 163 97 97 360 97 14 14 163 14 97 360 112 97 163 14 163 97 14 204 14 14 163 113 97 26 163 97 163 204 113 97 360 204 14 14 97 204 97 163 14 204 14 14 163 204 360 97 163 97 97 14
97 97 97 97 97 97 97 216 97 97 97 97 97
97 163 360 163 97 97 360 291 163 14 163 14 163 14 97 97 360 14 97 97 97 378 360 14 97 14 241 14 97 14 14
360 248 281 248 248 248 360 248 360 360 248 248 248 248
50 360 50 141 360 50 173 490 194 50 50 463 97 184 182 320 320 137 50 184 50 97 291 95 50 360 50 477 507 50 320 291 129 50 97 144 320 346 50 320 50 346 220 50 97 291 86 86 161 507 320 122 50 515 320 124 86 13 97 97 298 50 111 50
14 14 97 97 191 14 97 14 14 97 97 97
50 50 50 50 50 50 50 50 50 50 50 50 50 50 50 50 50 50
119 119 50 130 50 119 50 50 119 50 50 73 119 119 119 50 212 212 212 212 119 119 50 119 212 212 143 119 88 212 50
320 320 348 14 320 320 320 14 320 14 320 320 14 14 320 320 320
255 14 26 248 299 14 14 14 248 248 248 248 248 248 248
355 415 291 204 204 291 389 157 474 389 291 475 163 97 485 461 389 291 486 389 291 291 389 291 136 355 291 291 352 476 389 291 389 396 171 291 163 204
163 216 14 204 163 163 163 14 163 163 14 163 163 163 204 163 187 163 216 14 204 14 204 204 163 163 204 387
360 360 360 360 360 360 360 360 360 360 360 360 360 360 360 360 187
163 163 163 360 360 163 360 202 163 163 163 360
360 360 360 41 204 14 14 360 14 360 360 14 360 360 360 360 14
412 366 346 412 291 378 346 412 312 320 320 346 412 412 291 291 412
97 97 97 163 163 97 163 163 163 248 163 97 163 97
97 145 187 97 248 248 163 248 163 163 163 97
248 14 14 262 248 303 14 248 97 248 248 262 303 248
163 14 163 14 163 222 14 14 163 163 163 163 14
401 401 401 401 401 401 401 401 401 401 401 401 401 401 401
50 50 50 50 50 97 50 50 50 50 50 50 97 97 50 50 97 50 50 84 97 50 50 97
320 320 320 360 341 320 320 360 341 320 320 320 360 320 320
352 291 291 204 291 204 352 352 204 359 291 352 14 204 291 59 352 204 291 291 204 352 352 291 352 352 204 88 204 303 291 352 14 352 14 14
97 204 204 97 360 97 204 97 204 204 204 97 204 360 97 360 360 204 306
352 389 352 389 389 389 389 352 291 389 389 352 389 291 389
32 32 32 32 32 32 32 32 32 32 32 32 32 32 32 32 32
119 119 119 119 119 119 119 119 119 119 119 119 119 119 119 119 119 119 119 119
204 263 263 204 263 204 204 204 204 204 204 222
291 204 291 204 204 291 291 291 204 291 291 370 204 291 204 204 291 204 291
320 320 320 320 320 320 320 320 320 320 320 320
14 163 163 312 163 163 163 163 14 163 163 163 222 163 14 163 163 163 14
320 320 320 320 320 320 320 320 320 320 320 320
50 35 32 153 50 87 51 32 50 163 32 87 201 69 208 93 74 50 50 208 50 429 32 340 50 32 32 50 78 201 74 50 163 50 53
97 360 233 163 163 258 360 258 163 97 163 97 258
97 299 163 163 97 26 97 14 163 163 163 113 14 163 97 14 14 97 163
14 360 360 360 14 14 360 14 14 14 14 229 14 360 360 14 14 360 360
263 97 97 97 97 14 14 14 263 204 263 97 14 97 14
320 320 320 320 320 320 320 320 320 320 320 320
14 14 97 97 97 97 360 14 97 14 14 271 14 97 191 97 14 360
262 163 163 163 163 262 163 163 163 163 262 262
97 14 14 97 97 14 97 197 14 113 26 97
14 14 163 362 163 398 14 14 14 187 151 385 163 14 14 14 163 14 360 14 14 14 14 14 27 14 14 163 14 15 249 14 163
197 97 97 197 197 113 163 197 97 97 163 360 360 303 384 97 97 360 197
163 163 327 392 204 204 178 258 248 204 204 204 248 248 204 163 204 248 248 163 248 248 163 204
222 163 14 163 14 14 163 14 222 163 163 163
233 286 163 233 14 14 14 163 233 97 14 97 163 14 163 97
97 163 97 14 97 163 163 17 14 97 145 163 97 97 97 42 395 97 360 99 163 163 146 97 360 97 99 163 360 14 97 97 97 163
97 322 360 384 97 360 384 204 360 204 360 360 204 204 97 97 97 360 204 97 204 204 204
97 163 163 97 14 97 14 294 163 14 97 163 97 14 163 191 163 163
97 14 97 14 97 97 97 97 191 14 14 14
154 14 223 97 97 14 14 14 14 97 14 14 234 14 14 14 97 97 420 14 163 97 14 397 163 94 202 14 163 154 163 14 163 14 14 14 14 14 360 14 423 14 82 14 263 14 154 14 421 163 14 97 14 263 14 97 163 14
401 401 401 401 401 401 401 401 401 401 401 401 401 401 401
14 97 14 97 14 14 14 14 97 14 14 97 97 97 291 14 14 14 14 14 14 14
32 32 32 32 32 32 248 32 248 248 248 32 32 248 32 248 32 32 32 32 248 92 248 32 32 248
320 320 320 320 320 320 320 320 320 320 320 320
14 163 163 14 263 14 163 14 263 163 163 163 263 163 163 14 163 14 14 14 163 163 163 348 163 14 14 163
320 320 320 320 320 320 320 320 320 320 320 320
163 14 14 163 163 222 222 14 163 163 14 163
14 204 163 295 204 291 163 291 173 317 204 163 291 204 291 291 242 163 163 488 204 163 163 163 292 204 163 163 204 26 317 295 222 163 317 14 291 204 163 104 291 163 181 14
163 163 163 163 276 163 163 163 276 163 276 163 163
163 263 163 360 163 163 163 163 360 263 312 384 163 163 163 163 360 163 173 163 187
14 97 30 14 97 163 14 97 99 163 163 97 163 306 462 99 462 163 14
360 360 14 360 14 14 360 178 14 263 263 14 307 384 263
251 163 248 163 163 241 241 14 241 14 241 97 204 163 163 97 163 248 97 248 402 75 163 449 447 360 163 325 420 360 163 14 241 248 97 325 97 14 14 241 163 360 311
14 97 360 97 97 14 97 14 360 197 113 97 14 14 14 59 97 14 360 360 97 97 131 327 97 14
154 163 14 14 163 14 360 360 26 360 360 360 163 14 163 163 163 360 14 14 360 14 360 346 14 26 14 14 163 14
233 352 416 352 352 352 352 352 416 204 204 233 204 352 383 352 416 233 352
384 384 248 248 367 360 248 360 248 360 384 248 360 97 97 97 286 360 248 97 360 248 384 97 113 360 248
248 384 360 360 248 248 248 384 360 248 360 360 360 320 360 360 248 248 360 248 248 360
263 97 360 360 360 97 97 263 187 97 263 97 97 360
50 50 50 50 50 50 50 50 50 50 50 50 50 50 50 50 50 50
14 204 14 14 14 204 14 14 303 14 14 204 14 204 204 204 14 204 204
391 97 97 163 187 14 163 163 97 97 187 163 97 163 163 97 14 97 97 97 97 14 14 97 163 163 97 163 163 163 59 163
258 204 258 14 204 204 204 14 14 204 204 204 14
14 163 360 14 163 163 14 360 14 263 14 263 14 163 163 14 14 360 360 14 263 360 322 163 163 360 360 360 14
97 360 97 14 222 97 14 97 97 360 360 14 14 222
50 50 50 163 163 50 50 50 50 50 94 50 50 163 50 50 50 50 50 163 50 94 163 163
204 360 204 204 360 204 360 204 238 204 360 204 204
32 32 32 32 32 32 32 32 32 32 32 32 32 32 32 32 32
50 50 50 50 50 50 50 50 50 50 50 50 50 50 50 50 50 50
97 97 14 97 97 97 14 14 97 191 14 14
97 163 163 332 97 163 163 145 163 97 163 97 163 178 163 163 97 178 163 163 163
320 320 320 320 320 320 320 320 320 320 320 320
204 97 204 204 97 286 97 204 204 204 97 204 97 204 97
248 248 163 26 248 14 163 14 248 163 248 14 163 163 248 248 248 248 248 7 248 173 248 248 163 248 248 248 14 248 248
420 145 263 14 14 97 145 222 97 14 145 14 263 14 97
320 320 320 320 320 320 320 320 320 320 320 320
320 97 97 320 97 320 97 320 365 320 320 320 320 97 320 365 320
320 320 320 320 320 320 320 320 320 320 320 320
14 360 204 384 241 14 241 241 360 14 360 241 241 241 312 26 241 204 14
97 14 14 97 97 97 97 14 14 113 14 14 14 263 262 14 263 14 307 14
145 178 154 263 154 163 263 303 154 173 163 263 163 163 163 163 187 360 97
97 97 97 97 14 360 14 14 360 360 97 97 14 14 360 222
163 163 163 204 204 306 163 204 204 204 163 306 204 204 163
39 320 320 320 320 320 320 320 320 320 320 324 320 97 320 97 97 320 97 320 324 320 320 320 320 97 327 320 97
50 50 50 163 163 50 50 50 50 50 94 50 50 163 50 50 50 50 50 163 50 94 163 163
163 324 324 248 248 163 248 248 163 163 248 163 248 248 163 248
32 32 32 32 32 32 32 32 32 32 32 32 32 32 32 32 32
258 204 14 204 204 204 204 14 14 204 14 204 204 14
131 229 97 97 14 131 14 97 14 97 97 14 131 97
163 163 14 14 163 163 163 163 222 14 14 222
202 14 131 97 97 97 14 131 14 14 97 59
97 97 97 97 97 97 97 97 216 97 216 97
97 14 97 97 14 14 97 97 97 14 14 191
97 97 97 97 97 97 163 97 382 163 97 97 14 14 97 97 97 97 163 97 97 97 14 97 14 163 97 163 163 173 26
320 320 320 320 320 320 320 320 320 320 320 320
320 320 320 163 320 163 320 163 163 320 163 320 378 378 163 320 320 320
187 248 163 163 248 387 248 163 286 248 163 163 163 173 248 248 163 248 163 248 187 163 163 187
291 248 291 248 291 291 291 248 97 97 248 248
163 222 14 163 14 163 163 14 163 14 163 14 163
119 119 119 119 119 119 119 119 119 119 119 119 119 119 119 119 119 119 119 119
356 204 380 436 188 188 233 291 204 97 356 304 397 348 348 291 204 291 397
50 50 50 97 163 50 50 97 50 97 50 97 50 50 50 54 50 50 163 50 50 163 97 163 163 50 173 50 97 163 126
14 163 163 163 14 360 360 360 14 163 163 360 255 163 163 14 14
11 204 204 352 49 320 204 11 11 49 241 352 352 49 352 352 332 320 352 11 204 320 204 332
14 14 113 360 360 248 248 14 248 248 360 248 255 14 360 360 248 248 332 360 248 384
97 291 332 97 332 291 97 332 291 291 291 291 291 291 97
291 359 291 359 359 291 291 359 359 291 291 359 359 359
14 14 360 360 14 14 14 360 14 202 26 360 14 26 14
163 163 163 281 163 163 163 163 163 163 163 163 281 163
14 163 204 26 303 14 14 204 213 163 303 204 332 204 204 163 14 163 163
204 14 204 97 14 14 14 314 97 204 204 204 314 204 97 97 97 204
14 14 97 97 241 97 14 14 14 14 14 97 97 14 97 14 14
222 248 248 14 163 163 163 187 204 163 154 204 163 14 163 204 204 248 248 204 131 204 248 248 163 163 33 33 163 248 248 163 204 14
360 360 360 360 384 263 360 360 263 263 360 360 173 360 384 360
307 222 360 97 97 97 97 26 398 97 360 398 97 113 263
360 360 320 360 320 97 320 320 320 320 360 389 320 360 97 97 360 320 322 384 97 360 320 97 320 97
14 163 163 14 14 163 163 222 163 163 14 163 14
163 262 32 413 88 52 32 38 163 32 88 204 52 102 94 135 32 94 204 313 32 375 32 52 204 102
163 163 14 222 163 14 14 14 163 163 163 163 14
119 119 119 383 119 291 291 170 291 383 291 170 119 119 291 291 291 170 119 119 170 196 119 383 291 119 170 119 170 170 291 383 170 383 291
50 50 50 50 50 50 50 50 50 50 50 50 50 50 50 50 50 50
384 248 353 163 360 360 360 384 281 360 360 360 360 281 360 281 360 360 248 360 281 360 281 281 360 360 248
14 360 204 360 263 14 14 14 263 14 204 14 14 14 353 14 420 204 14 14 204 14 204 360 204 14 204 204 14 14
14 360 14 14 14 14 360 360 14 14 229 14 14 360 360 14 360 360 360
163 163 178 204 14 204 163 204 204 178 204 360 353 14 420 360 163 14 204 204 14 360 163 14 204
320 320 320 320 320 320 320 320 320 320 320 320
318 248 248 204 318 318 248 318 248 318 204 204 318
291 248 403 291 255 97 248 263 82 248 263 291 97 97 248 97 291 14 248 248 322 248 291 80 248 322 248 97 14 97 248 248 248 248 255 291 291 248 248 333
420 97 97 113 360 97 262 97 360 384 97 97 131 97 97 97 131
163 163 163 163 163 202 360 360 163 360 360 163
97 97 216 97 97 97 97 97 97 97 97 97 97
163 97 97 97 97 191 163 97 271 191 14 191 97 163 191
97 204 204 14 14 233 204 204 360 360 14 360 360 303 204 204 233 97
163 163 163 163 163 163 163 163 163 163 163 163 163 281 163
204 204 163 204 204 163 306 204 163 204 163 306 163 163 204
14 204 204 14 14 204 204 204 204 14 204 14 204 258
14 263 14 97 14 97 360 360 97 97 97 14 97 263 97 14 97 97 97 14 14 97 97 97 372 97 263 14 360 14 271 360 97 97
311 163 311 97 163 97 97 97 163 97 163 97 163 97 163 97 97 97
360 360 97 97 97 360 97 14 14 97 14 97 222 360 14 14
204 204 163 163 306 204 204 163 163 204 204 163 306 163 204
320 320 320 320 320 320 320 320 320 320 320 320
163 14 14 163 163 222 222 14 163 163 14 163
163 163 14 163 163 14 41 14 163 14 163 97 14 97 14 360 154 97 14 46 360 14 14 97 163 14 163 97 163 14 14 14 360 41 14 14 14 14 14 113 14 187 163 14 360 163 14 360 384 14 97 163 14 222 360 26
36 262 32 450 70 163 40 32 163 32 70 163 204 40 103 163 54 103 163 32 163 54 204 163 32 328 32 40 204 136
370 281 255 255 420 204 281 238 204 263 204 204 204 263 204 97 204 204 204 204 204 97
32 32 32 32 32 32 32 32 32 32 32 32 32 32 32 32 32
50 50 50 50 50 50 50 50 50 50 50 50 50 50 50 50 50 50
14 360 14 360 360 14 360 360 14 360 360 173 14 360
163 163 163 204 204 306 163 204 204 204 163 306 204 204 163
163 178 163 2 97 163 163 163 163 163 163 178 163 97 163 163 163 163 163 2 163 97 97 163 163 163 163 163 163 163 97
320 320 320 97 320 97 320 320 97 320 320 320 365 97 97 320 97 320
97 97 97 97 97 360 360 97 97 97 360 97 384 255 113 97 97
97 97 97 191 360 384 360 163 255 258 360 320 163 360 360 360 360 191 14 360 360 286
320 320 320 320 320 320 320 320 320 320 320 320
14 97 276 97 97 14 197 14 97 97 41 97 97 131 97 97 97
291 360 291 360 360 311 291 360 291 291 291 291 291 291 291
14 14 14 163 14 163 163 163 14 163 222 163 163
163 306 306 163 204 163 163 204 204 204 163 163 204 204 204
248 82 14 82 248 314 14 263 248 263 248 82 248 248 263 82 248 248 248
401 401 401 401 401 401 401 401 401 401 401 401 401 401 401
204 204 286 204 97 286 204 204 97 204 97 204 97 97
339 97 291 291 97 97 97 97 291 291 291 291 291 97 291 291 291
320 320 320 320 320 320 320 320 320 320 320 320
320 320 320 320 320 320 320 320 320 320 320 320
291 315 436 188 188 291 339 97 348 304 348 291 291 291 348
163 163 360 360 163 163 163 202 163 360 163 360
14 360 14 14 97 222 97 360 97 97 97 97 360 14 360 14
163 97 163 97 163 97 163 97 248 97 163 163 163 97
97 97 14 97 14 191 97 14 14 97 97 14
400 248 163 318 248 248 400 248 248 163 248 248 248 248 248 248 163 248 248 248 318 163
97 26 14 163 14 327 173 163 97 14 97 14 14 163 163 41 163 14 97 163 97 14 97 14
163 204 204 204 360 360 163 163 204 204 163 360 204 163 163 320 204 163 204 360
32 32 32 32 32 32 32 32 32 32 32 32 32 32 32 32 32
154 23 26 97 163 360 97 163 178 255 163 163 97 163 360 97 14 97 163 14 163 360 163 97 360 360 163 14 360 97 131 26 398 163 163 97 163 14 113 14 14 360 173 97 360 97
97 14 14 14 97 14 14 14 97 97 14 14 97 14 14 97 241
204 163 204 360 360 14 204 360 163 14 238 163 163 360
352 389 352 389 389 389 389 352 291 389 389 352 389 291 389
97 360 97 294 97 360 14 14 420 97 420 14 360 360 360 360 14 97 97 360 360 14 360 263 360
204 229 14 299 204 97 97 229 229 204 204 97 97 299 97
248 248 318 318 204 318 318 248 204 318 318 204 248
356 50 358 163 50 90 233 262 371 373 204 121 50 50 409 163 356 109 163 409 356 204 50 50 50 172 291 291 50 444 163 163 356 291 466 50 50 58 50 204 163 291 441 291 309 254 291 291 376 350 204 120 204 437 50 291 358 358 204 50
311 248 248 97 311 311 163 311 311 281 248 97 281
163 14 163 163 151 163 311 311 97 97 82 145 97 145 238 163 14
163 163 163 163 163 303 163 163 360 163 163 360 163 163 163 360 360 163 163
360 163 163 163 163 360 163 163 163 360 360 202
360 163 29 163 14 163 14 363 360 382 163 420 360 28 262 163 360 360 263 361 263 272 262 263 163 263 114 360 163 163 114
352 352 352 204 352 204 204 352 204 352 407 352 352 204 352 352 407 352 204 204
163 97 233 97 14 14 233 286 163 14 163 97 233 14 14 163
204 97 97 97 204 97 204 97 97 286 204 204 204 204 204
163 163 163 360 173 213 360 204 360 204 163 204 163 163 204 322 360 204 204 204
311 248 248 97 311 311 163 311 311 281 248 97 281
163 163 163 163 163 163 163 163 163 163 163 163 163 281 163
163 14 163 163 97 14 14 163 97 14 294 97 97 163 14 163 97 97 163
97 197 197 163 276 97 163 197 97 97 97 97 197 97 197
163 306 306 163 204 163 163 204 204 204 163 163 204 204 204
291 291 291 291 291 291 291 291 291 291 294 291 291 291 291 291 291 291 294 401 291
14 291 332 173 14 352 291 97 352 291 291 291 291 291 97 291 173
383 383 383 383 383 383 383 383 383 383 383 383 383 383
360 97 97 213 97 360 360 360 82 97 97 97 26 263 263
320 320 320 320 320 320 320 320 320 320 320 320
314 307 204 163 306 213 263 204 204 163 204 163 204 263 204 163 163 163
360 360 233 360 360 163 163 360 163 163 163 360 360 163 163 360
320 320 360 320 360 320 320 320 320 360 320 320 341 320 320 360
352 389 352 389 389 389 389 352 291 389 389 352 389 291 389
163 14 163 222 163 14 14 163 163 163 14 14 163
320 320 320 320 320 320 320 320 320 320 320 320
97 97 14 14 14 97 97 14 97 191 97 14
360 204 14 320 204 320 204 291 360 368 320 320 360 5 258 14 14 204 321 268 9 14 514 207 9 97 360 5 97 291 118 516 484 291 311 327 329 268 320 273 360
119 119 50 130 50 119 50 50 119 50 50 73 119 119 119 50 212 212 212 212 119 119 50 119 212 212 143 119 88 212 50
389 97 397 383 97 383 383 383 229 389 145 97 383 389 389 383 2 145 383 383
320 320 320 320 320 320 320 320 320 320 320 320
14 97 97 14 14 97 14 145 97 145 97 97 97 59 97 286 97 97
202 163 360 163 360 163 163 360 163 163 163 360
202 14 14 14 14 14 14 14 202 131 14 131
262 163 163 163 163 262 163 163 163 163 262 262
360 163 360 233 360 360 360 163 163 163 163 360 360 163 163 360
204 204 204 360 360 204 204 204 238 204 360 360 204
97 97 216 97 97 97 97 97 97 216 97 97
382 229 291 291 163 291 163 291 163 291 291 229 229 163 291 229 229 291 291 291
50 50 50 50 50 50 50 50 50 50 50 50 50 50 50 50 50 50
97 14 163 241 163 82 163 14 366 14 163 97 14 97 97 82 82 97 14 14 163 14 26 163 26 97 14 14 14
229 14 229 383 163 383 229 14 14 163 248 248 229 248 163 248 248 248 248 14 248 163
97 97 216 97 97 97 97 97 97 97 97 97 97
320 320 320 320 320 320 320 320 320 320 320 320
14 222 222 14 14 163 163 163 163 163 14 163
291 248 248 248 291 291 291 291 248 97 97 248
97 97 384 360 97 14 14 113 14 14 324 360 14 97 97 360 14 14 97 14 97 97 97 14 97 97 14
204 204 14 213 204 204 204 204 204 14 262 14 14 26
360 163 163 14 360 360 163 222 14 163 360 163 163 360 82 163 360 163 163 384 348 163 163 187 360 222
349 291 47 8 204 291 83 404 320 320 320 83 357 291 276 291 291 220 204 326 320 291 188 404 188 320 19 160 291 291 291 204 259 457 259 248 374 248 248 425 437 204 291 344 436 248 66 97 438 385 248 394 291 291 163
320 320 320 320 320 320 320 320 320 320 320 320
97 97 97 26 163 14 14 360 173 21 173 97 97 14 97 97 163 163 163 311 14 163 113 163 97 97 163 14 14 97 14 97 360 14 163 14 97 163 202 97 360 97 97 163
320 320 320 360 341 320 320 360 341 320 320 320 360 320 320
320 320 320 320 320 320 320 320 320 320 320 320
320 320 320 320 320 320 320 320 320 320 320 320
14 14 14 191 97 97 97 97 14 97 14 97
320 320 97 320 97 365 320 97 320 320 320 97 320 320 97 97 320 320
281 14 281 281 360 263 97 163 163 360 163 14 163 14 163 14 248 401 263 14 281 14 281 163 14 163 14 248 248 263 163 281 97
97 97 97 97 360 163 360 163 163 97 163 360 281 360 163 163 163 97
163 291 291 291 353 291 291 163 291 163 173 291 291 163 291 163 163 294
229 14 229 383 163 383 229 14 14 163 248 248 229 248 163 248 248 248 248 14 248 163
204 258 204 204 204 204 204 14 204 14 14 14 14 204
204 204 204 204 360 360 204 204 204 204 360 360 238
255 204 255 191 390 163 163 163 163 204 14 204 204 154 163 276 191 255 276 187 255 204 281
204 97 204 204 97 286 204 204 286 204 97 97 204 97
163 97 97 163 97 163 97 97 163 248 163 97 163 163
14 97 163 14 14 97 26 191 277 263 503 97 14 239 14 163 14 163 308 199 360 113 163 192 97 163 163 217 505 163 163 504 14 14 163 4 14 14
306 204 263 360 97 204 263 97 360 97 271 360 263 360 271 204 204 204 271
163 163 97 248 97 163 97 163 97 163 163 97 163 97
320 320 320 320 320 320 320 320 320 320 320 320
299 14 14 26 14 255 248 248 14 248 248 248 248 248 248
320 320 320 320 320 320 320 320 320 320 320 320
119 119 119 119 119 119 119 119 119 119 119 119 119 119 119 119 119 119 119 119
401 401 401 360 417 360 401 360 401 401 401 401 401 360 401 401 401 401 401
50 50 50 50 50 50 50 50 50 50 50 50 50 50 50 50 50 50
204 131 204 420 113 204 360 204 204 360 97 204 384 360 97 360 204 204 360 360 97 131 327
97 97 360 360 360 360 97 97 97 360 360 360 360 384 238 360 113 360 360
248 14 14 262 248 303 14 248 97 248 248 262 303 248
191 97 97 14 97 14 97 14 14 97 97 14
97 97 163 97 163 97 163 97 163 248 163 163 163 97
327 97 320 320 320 97 97 204 320 320 97 216 320 204 97 320 97 320 204 204 204 320 216 320 204 2
163 50 50 302 32 517 163 221 32 491 204 338 204 291 291 163 320 469 291 32 338 50 291 193 291 291 163 433 204 204 291 150 32 253 166 478 468 291 492 291 291 291 346 293 32 422 291 50 163 204 50 185 455 32 320 410 50 163 291 291 204 195 163 204 85 50 499 521 291 163 522 204 445 183 163 498 67 291 148 291 291 291 291 291
204 97 97 204 97 204 204 204 97 204 204 204 97 286 97
163 14 163 163 14 263 163 263 14 204 14 276 204 14 263 14 14 204
360 14 204 204 163 263 163 263 17 163 403 97 14 364 263 97 163 364 306 97 263 117 205 360 163 14 17 97 204 204 205 204 163 471 264 97
306 204 204 163 204 204 163 204 204 163 163 204 163 163 204 163
291 291 303 263 291 263 291 291 291 291 291 291 291 263
14 248 14 97 312 248 97 14 248 262 163 248 318 97 346 248 145 248 14
50 50 50 50 50 50 50 50 50 50 50 50 50 50 50 50 50 50
50 50 50 50 50 50 50 50 50 50 50 50 50 50 50 50 50 50
360 291 14 291 14 341 291 360 14 291 291 291 291 360 291 14 291 14 360 291
14 14 14 345 14 263 151 14 14 14 97 14 14 14 360 97 523 97 14 263 263 14 14 360 14 14 14 360 360 97 97 97 151
263 14 97 14 97 97 14 14 97 97 14 263 97 286 97 97 97 97 263 97 97
163 255 191 14 97 145 248 420 97 14 360 14 123 26 14 14 14 14 97 163 14 263 14 263 14 14 14 145 14 263 145 238 14 97 97 14 97 263 14 97 14 263 14 26 360 263 360 97 291 14 14 14 14 14 360 97 14 241 14 97 14 216 14 14 238 14 263 263 14 59 420 360
360 235 134 178 204 97 204 360 97 180 97 204 97 204 178 204 397 360 155 97 204 470 97 235 154 204 97 204 470
204 320 204 320 320 389 320 320 320 320 389 204 204 204 320 204 320 320 204
163 360 360 163 360 202 163 163 360 163 163 163
97 97 360 97 14 222 97 14 97 14 14 360 14 360 14 14 14 14 276
14 163 163 14 163 14 222 14 163 14 163 163 163
14 97 97 14 113 97 14 398 360 97 238 97 59 26 398 360
32 119 119 61 218 32 320 50 32 291 383 169 119 291 106 456 50 50 248 291 32 330 406 248 520 119 336 50 32 383 248 291 489 97 14 163 50 32 479 14 426 50 291 320 291 291 506 248 1 291 430 411 291 14 0 50 211 32 168 32 248 248 50 248 14 168 453 383 50 248 119 32 32 32 32 32 50 480 14 320 320 163 458 291 291 513 32 320 222 187 211 518 320 50 14 489 296 32 519 428 502 32 119 248 383 467 97 377 248 32 168 32 426 291 248 320 119 105 443 50 20 248 97 56 248 50 32 211 512 50 97 219 291 248 291 489
320 320 320 320 320 320 320 320 320 320 320 320
22 359 372 403 403 324 291 291 291 291 291 372 291 372 359 291 291 291 291 291 359 359
320 320 320 320 320 320 320 320 320 320 320 320
324 320 320 97 204 320 262 248 204 248 320 248 320 248 97 79 204 97 14 262 14 248 204 204 14 97 79 97 320 320 320 14 248 233 320 216
320 32 32 32 32 320 32 32 32 320 32 32 32 320 320 32 32 32 320 127 32 320 320 320 32 320 320 32
97 281 97 248 262 163 248 318 248 318 145 97 248 248 248
271 163 113 14 97 271 163 163 360 97 216 97 97 97 97 97 97 97 204 360 163 97 360 113 173 360 97 382
14 263 14 59 14 14 263 14 14 14 14 178 14
248 163 248 163 163 163 163 248 163 163 248 248 248 163 163 248 383 163 163 248 163 163 163 248
119 119 452 151 147 50 383 50 32 434 119 50 446 337 50 32 50 50 32 446 432 427 383 167 119 50 50 76 151 119 50 501 167 435 500 50 50 32 209 431 209 97 32 167 119 50 50 32 14 119 464 342 459 209 246 50 97 167 50 383 245 125 310 383 151 497
320 320 320 320 320 320 320 320 320 320 320 320
119 119 138 383 50 291 511 434 119 50 335 320 320 320 50 508 383 167 119 510 320 291 291 119 483 167 487 320 50 297 50 142 142 189 167 119 50 291 50 509 247 142 297 50 167 50 119 383 50 440 297 383 351 291 291
320 320 320 320 320 320 320 320 320 320 320 320
352 389 352 389 389 389 389 352 291 389 389 352 389 291 389
163 163 163 163 360 202 163 360 360 360 163 163
204 204 204 97 233 204 204 145 145 97 97 204 311 360 360 311 360
163 163 222 163 14 14 163 14 14 222 163 163
14 291 14 318 291 291 291 318 291 318 291 291 291 14
50 50 50 50 50 50 50 50 50 50 50 50 50 50 50 50 50 50
14 97 263 14 263 97 97 97 14 97 97 14 97 97 113 113 14 287 263 97 97
119 119 119 119 119 119 119 119 119 119 119 119 119 119 119 119 119 119 119 119
97 163 26 14 14 360 255 286 258 191 360 14 163 97 14 191 14 97 314
26 229 14 163 14 163 14 163 173 163 163 163 14
14 14 248 248 59 258 248 248 258 14 14 248 248 303 248
97 97 97 97 97 97 14 271 14 97 97 14 14 14 97 97 97 97
303 204 204 204 204 352 204 262 262 262 204 204 303 204 262 204 262
14 97 360 163 255 314 14 191 233 14 360 191 255 163 14 14 360 97 97 14 360
107 50 163 75 50 63 250 75 163 163 107 50 50 50 163 224 50 50 60 63 50 50 50 50
204 383 383 204 383 204 383 383 204 204 383 204 383 383 204 383 383 383 383 11 383 204
360 163 204 360 163 163 360 320 360 97 204 360 360 204 14 97 97 360 14 97 360 163 97 97
97 97 258 97 97 398 97 360 97 97 145 216 97 398 360 97
318 248 248 204 318 318 248 318 248 318 204 204 318
14 320 291 291 291 291 14 291 291 14 291 14 291 291 14 291
97 173 14 163 97 26 241 14 163 14 14 14 163 14 97 97 14 241 14 14 322 163
271 204 97 271 204 97 271 271 97 204 204 204
14 320 204 320 64 14 97 204 202 320 324 320 26 320 131 204 14 204 262 291 291 262 324 320 204 204 173 320 320 204 320 14 204 204 97 88 204
320 320 320 320 320 320 320 320 320 320 320 320
97 145 187 97 248 248 163 248 163 163 163 97
320 320 291 291 291 291 320 2 320 291 291 320 320 291 320 320 291 291 320 291 320 320
163 14 14 163 14 276 14 14 163 14 14 163 163 14 163 14 14 163
360 14 360 360 360 360 14 173 360 14 360 14 14 360
97 113 14 97 26 197 14 97 14 97 14 97
320 320 320 320 320 320 320 320 320 320 320 320
320 320 320 322 386 97 320 14 14 320 14 97 97 14 320 320 320 320 97 14 113 320 97
44 32 32 32 32 32 14 32 32 32 32 32 32 32 14 32 32 14 14 14 32 32
163 163 163 314 163 14 14 26 163 163 163 14 14 163 163 163 163 163 163 173
119 119 119 119 119 119 119 119 119 119 119 119 119 119 119 119 119 119 119 119
320 320 320 320 320 320 320 320 320 320 320 320
14 14 14 14 14 178 14 14 263 14 14 263 263 14
360 263 360 14 263 14 360 151 14 14 360 14 263
97 14 263 97 97 263 97 263 14 14 97 204 97 14 14
204 97 204 97 204 204 281 97 97 281 204 281 204
26 360 14 263 14 14 360 14 248 263 360 14 360 360 263 14 14 14 384 14 360 360
14 360 360 360 151 263 14 263 14 263 14 14 360
97 14 360 97 97 14 14 97 97 14 97 327 97 97 41 14 97 14 420 360 97 360 14 97 97 41 14
97 360 360 360 97 97 97 97 360 360 360 202 360 97 360
97 191 14 97 14 97 97 14 14 97 97 14
14 14 178 14 14 263 263 14 14 14 14 263 14 14
360 360 14 263 360 14 263 263 263 14 263 14 14 263 360 173
226 226 226 226 226 226 226 226 226 226 226 226 226 226 226 226 226 226 226 226 226 226 226 226 226 226 226
360 14 263 82 14 360 360 360 374 97 360 97 97 360 97 263 14 360 97 97 420 14 59 360 360 14 97 97 307 97 14 97 14 360 14 360 97 97
97 263 97 263 97 263 263 263 263 202 97 263 263 263 263 97 263 263 97
226 14 97 226 226 14 226 14 226 360 226 14 97 226 226 226 226 226 226 252 14 226 14 226 226 97 97 14 226 226 226 226 226 360 97 226 384 263 97 360 14 226 226 263 226 227 263 226 14 14
320 320 320 320 320 320 320 320 320 320 320 320
401 401 401 401 401 401 401 401 401 401 401 401 401 401 401
360 360 360 14 360 263 360 360 360 360 14 360 14 222 263 14 263 360 360 14 360
163 97 145 97 97 97 178 178 263 97 14 163 97 97 307 97 163 97 97 97 14 97 14 14 14 14 163 14 97 97 14 173 97 97 403 14 97 14 263
360 14 263 151 14 263 14 14 360 263 360 14 360
360 360 360 360 263 360 263 360 360 360 263 97
14 14 97 14 14 14 14 14 14 14 294 14 97 14 14 14 14 113 97 97 26 97
97 263 263 97 97 263 14 97 97 360 14 97 263 14 360 14 97 97 97 97 263 14 360 263 97 360 97 312
163 163 173 163 360 173 163 360 163 163 306 163 163 163 360 163 360 163 163
269 269 269 269 269 269 269 269 269 269 269 269 269 269 269 269 269 269 269 269 269 269 269 269 269 269 269 269 269 269
401 401 401 401 401 401 401 401 401 401 401 401 401 401 401
14 97 14 360 97 97 360 97 113 14 97 222 14 360 97
14 14 97 97 113 14 222 97 14 97 360 97 360 97 360
163 97 97 163 14 222 14 97 163 97 163 97 97 343 14 97 26 97 14 163 97 97 163 163
163 202 163 163 360 163 163 360 360 163 163 360
263 360 360 178 14 263 263 263 263 360 263 14 14 384 26 14
97 14 97 14 191 97 97 14 97 14 14 97
163 14 14 163 163 222 163 163 14 163 14 222
14 14 97 14 97 14 14 97 191 97 97 97
248 248 248 309 248 97 97 248 97 309 248 248 97 309
352 352 352 352 352 352 352 352 352 352 352 352 352
163 163 263 163 163 202 263 263 163 163 163 263 263 263
248 163 163 163 248 324 163 248 248 248 163 324 248 248 248 163
360 14 360 360 14 360 173 360 113 360 14 360 14
97 202 202 202 360 360 97 97 97 360 97 233 97 360
269 269 269 269 269 269 269 269 269 269 269 269 269 269 269 269 269 269 269 269 269 269 269 269 269 269 269 269 269 269
14 14 14 14 152 14 14 14 14 14 163 14 152
14 14 360 14 263 263 360 14 14 14 263 14 312 14 14 14 14 14 14 14 263 14 14 360 263 14 14 360 14 263 14
204 97 204 97 204 204 281 97 97 281 204 281 204
248 248 248 248 248 360 248 360 248 248 281 248 360 360
97 163 97 163 97 163 163 248 163 97 163 97 163 97
263 14 14 263 360 360 360 173 14 14 263 14 360 263 263 263
248 248 360 248 248 360 360 360 248 248 248 248 248 281
14 97 97 14 97 14 14 97 97 191 14 97
14 14 263 263 113 14 263 14 263 263 14 263
360 263 360 360 14 14 14 14 14 263 14 14 263 14 14 213 360 14
226 226 226 226 226 226 226 226 226 226 226 226 226 226 226 226 226 226 226 226 226 226 226 226 226 226 226
14 14 163 14 163 14 14 163 163 163 163 222 163
14 14 281 14 163 14 163 163 163 173 14 14 14 14 163 163 163
97 14 14 263 14 263 97 97 97 14 97 14 263 97 286 97 97 97 97 97 97
163 163 163 360 360 163 202 360 163 327 163 163 163 163 163 14 163 14 14 163 163 14 14
263 14 14 263 14 14 14 14 14 14 263 178 14 14
26 97 360 97 263 263 258 97 263 14 113 14 14 97 307 263 97 360 97 263 360
269 269 269 269 269 269 269 269 269 269 269 269 269 269 269 269 269 269 269 269 269 269 269 269 269 269 269 269 269 269
154 97 333 14 360 263 263 233 263 263 97 360 97 14 263 14 14 14
97 360 97 97 97 97 97 14 360 97 97 360 14 14 14 97 360 97 14 97 360 97 360 360 360 312
14 226 226 14 226 226 226 226 226 226 231 226 226 226 226 226 226 226 226 14 226 226 226 226 226 226 226 14 226 226 226 14
401 401 401 401 401 401 401 401 401 401 401 401 401 401 401
14 204 204 14 97 204 204 204 14 360 204 360 360 97 204 14 97 14 97 204 332 360 97 97
401 401 401 401 248 248 248 401 248 248 401 39 401 401 401 248 248 248 401 401 401 401 248 401
97 97 97 97 97 97 97 97 97 97 97 216 97
263 360 360 360 360 263 360 360 360 97 360 263
204 204 204 360 204 204 238 204 204 204 360 360 360
263 263 263 263 263 263 145 360 263 263 263 263 263 263 263 263 263 263
14 14 163 248 14 163 248 248 248 163 14 248 248 248 14 163 14 14 163 248 14 163 14 14 14 14 248 14 14 417 14 163 14 14 14 14 14
360 204 204 204 204 238 204 204 360 204 204 360 360
360 14 14 360 360 360 173 360 360 360 360 14 14 14
360 163 360 163 360 163 163 360 360 262 163 360 360 163 360 360 360 360 360 163
14 360 14 197 14 14 360 14 14 360 360 14 14 14 14
14 255 163 360 14 360 163 14 14 163 163 360 360 163 163 163 14
360 360 360 360 360 360 360 360 360 360 360 360 360 360 360 187 360
97 14 97 14 97 14 241 14 14 14 97 14 97 14 14 97 14
163 263 360 163 360 263 163 320 163 360 14 360 360 360 163 360 14 360 360 263 163 263 360 263 14 263 360 360 14 14 163
14 14 14 14 97 14 97 14 97 241 97 14 14 97 97 14 14
97 360 222 14 360 14 97 360 97 97 14 360 97 14 97 14
222 163 14 14 163 163 14 163 163 14 14 163 163
97 97 248 311 97 97 255 97 97 113 248 353 248 97 97 97 97 248 248 248 248
269 269 280 269 269 269 269 269 269 269 269 269 269 269 269 163 269 269 163 269 163 269 269 269 269 280 163 269 269 269 163 269 163 269 269 269
97 163 299 97 41 97 14 163 97 163 163 163 14 299 131 163 14
269 269 269 269 269 269 269 269 269 269 269 269 269 269 269 269 269 269 269 269 269 269 269 269 269 269 269 269 269 269
291 291 360 291 291 360 311 291 360 291 291 360 291 291 291
360 263 14 360 204 263 360 14 360 360 14 263 360 263 263 14 263 14 360 360
320 320 320 320 320 320 320 320 320 320 320 320
14 263 263 14 263 360 14 360 360 151 14 14 360
14 14 352 97 14 82 14 263 14 14 97 307 14 263 263 41 14 97 14 41 14 14 152 14 307 97 214 97 14 14 14 97 14 263 14
262 248 248 248 248 262 248 420 263 263 152 262 152 248 286
97 14 263 14 97 263 97 14 14 14 97 97 263 97 204
97 97 97 97 97 97 97 248 97 97 360 97 360 360 97 360 97
226 360 226 204 226 226 226 226 226 226 238 226 226 226 226 227 226 204 204 204 226 226 226 226 226 226 226 263 204 360 226 263 226 226 226 243 204 226 14 204
238 14 163 163 163 263 14 163 263 163 14 163 14 263 163 14
320 320 320 320 320 320 320 320 320 320 320 320
360 360 248 163 345 324 360 163 324 248 281 324 281 360 163 248 163 324
97 97 14 14 97 97 14 14 191 97 97 14
360 360 360 163 384 173 163 360 163 360 238 163 360 360 163 163
14 14 360 360 360 14 14 360 229 14 14 14 360 14 360 14 360 14 360
97 97 97 97 97 97 97 97 97 97 97 97 216
226 226 226 226 226 360 226 226 226 226 226 226 226 226 226 226 360 360 226 230 226 226 226 226 226 226 226 226 226 226 360
151 360 360 14 263 14 360 360 14 14 263 263 14
163 163 14 163 222 14 163 163 163 14 14 14 163
389 320 204 320 320 320 204 204 204 320 320 204 204 320 320 204 320 320 204 320
14 97 191 97 97 97 97 14 97 14 14 14
360 360 360 360 360 360 360 145 360 360 360 360 360
360 360 360 360 360 145 360 360 360 360 360 360 360
191 97 97 97 97 97 14 14 14 97 14 14
360 97 163 163 360 163 163 163 97 97 97 360 360 163 97 97 163 281
97 97 360 263 360 263 187 263 360 97 97 97 97 360
360 97 360 360 263 14 263 263 263 14 263 97 263 97 14 271 97 263 14 263 14 97 360 97 263
97 360 97 163 97 97 263 263 263 97 263 97
238 360 360 263 14 360 263 263 14 263 263 360 263 360 14 360 360 14 360 360 14 360 360 360
14 163 324 26 163 255 248 163 248 14 163 356 163 163 248 14 248 248 14 248 248
248 248 248 248 311 248 97 97 248 97 248 97 248 97 248 97
269 269 269 269 269 269 269 269 269 269 269 269 269 269 269 269 269 269 269 269 269 269 269 269 269 269 269 269 269 269
14 360 14 14 14 360 14 14 14 14 263 360 14 213 263 14 360 263
191 14 97 360 97 14 360 97 360 97 360 222 14 97 14
263 263 263 97 97 263 97 163 97 263 97 97 263
226 226 226 226 226 226 226 226 226 226 226 226 226 226 226 226 226 226 226 226 226 226 226 226 226 226 226
360 97 97 360 360 360 97 97 306 360 360 97 97 222 360 360 97 384 97 360 360 97 360 97
360 360 360 360 360 360 97 263 263 360 263 360
152 360 420 360 360 420 360 360 152 360 420 113
262 163 248 281 263 248 163 248 213 248 248 333 324 248 324 262 163 6 263 263 248 263 281 341 324 262 248 248
263 263 360 360 360 97 360 360 360 360 360 263
97 14 97 97 97 14 14 191 97 14 14 97
97 97 97 97 163 163 163 241 163 163 241 241
14 14 14 197 14 360 360 197 360 14 14 14 14
269 269 269 269 269 269 269 269 269 269 269 269 269 269 269 269 269 269 269 269 269 269 269 269 269 269 269 269 269 269
14 14 14 14 97 263 97 14 263 97 14 14 97 263 14 97 97 14 14 258
360 360 360 360 360 360 360 145 360 360 360 360 360
197 14 26 97 14 113 14 14 97 97 97 97
360 163 360 360 202 163 163 163 360 163 163 163
352 352 352 352 352 352 352 352 352 352 352 352 352
14 14 14 263 360 97 204 263 263 163 263 204 263 14 14 360 14 163 360 204 14 99 263 204 204 360 14 204 97 14 163 163 204 10 163 99 204 97 364 163 360 364 14 97 360 176
97 360 360 360 97 248 97 97 97 97 97 97 97 97 360 97 97
226 226 226 226 226 226 226 226 226 226 226 226 226 226 226 226 226 226 226 226 226 226 226 226 226 226 226
152 14 360 360 152 14 131 360 14 360 14 14
113 255 360 360 97 360 97 97 113 97 97 97 360 97 97 97 97
360 360 163 163 360 291 360 163 41 163 420 14 163 14 14 360 360 163 360 41 163
269 269 269 229 269 14 163 163 269 269 269 269 269 269 269 269 163 163 163 269 269 269 285 269 269 269 269 269 14 14 269 269 269 178 269 269 41 269 269 269 269
204 14 360 14 14 360 360 360 360 14 360 360 360 360 360 360 14 360
14 163 163 14 163 360 360 360 14 360 360 14 14 360 14 163 14 14 163 360 14 360 360 360 360 332 163 360 14 163
97 14 97 14 14 97 191 14 14 97 97 97
14 263 156 360 163 494 164 163 14 360 14 163 248 4 493 263 263 496 495 14 263 163 14 360 248 14 163 14 14 14 248 263 248 14 263 248 113 248 248
163 163 360 360 14 14 339 97 360 202 163 14 97 178 14 360 163 14 360 97 97 97 178 360 187
26 360 360 14 360 178 360 384 360 14 14 360 14 360
163 163 163 163 324 97 163 163 324 97 163 97 163 97 97 163 163 163 163
226 269 269 269 369 269 269 226 269 269 226 269 269 269 226 226 269 226 226 269 226 226 226 226 226 269 369 226 226 269 269 269 226 269 226 269 226 269 226 226 269 269 269 226 226 269 226 269 226 269 226 269 269 226 269
14 360 26 14 384 360 14 360 178 360 14 360 360 360
226 226 226 226 226 226 226 226 226 226 226 226 226 226 226 226 226 226 226 226 226 226 226 226 226 226 226
97 97 360 360 360 202 97 360 360 41 360 97 97 97
229 14 14 360 360 360 360 14 14 14 14 360 14 14 14 360 14 360 360
204 204 204 204 281 14 263 204 14 204 204 14 204 307 26 263 14
14 360 14 14 360 263 14 263 360 151 14 360 263
173 360 360 14 360 360 14 360 14 14 360 14 360 360
97 97 204 286 204 204 204 204 97 204 97 97 204 204 97
97 97 163 163 97 97 97 360 97 360 97 97 248 97 97
97 97 97 97 97 216 97 97 216 97 97 97
238 204 360 204 204 204 360 360 360 204 204 204 204
384 163 163 360 14 26 14 163 360 258 360 163 14 163 163 14 163
226 226 226 226 226 226 226 226 226 226 226 226 226 226 226 226 226 226 226 226 226 226 226 226 226 226 226
360 14 14 14 163 216 14 14 14 360 384 14 14 216 216 14 173 360 113 216 384 360 97 163 14 374 14 14 14 360 360 41 14
306 204 360 204 97 204 204 97 360 204 360 97 204 97 204 97 163 204
14 204 204 204 262 213 14 204 26 204 14 14 204 204
14 14 14 14 97 213 97 14 14 14 154 97 14 14 383 14 14 97 14 14 14 14 14 187 14 258 97 97 14 97 14 14 14
97 97 151 14 97 97 151 97 14 238 97 14 14 14 14
113 14 14 97 26 97 97 14 14 97 14 14 97 97 97 97 14 97 97 14 97 3 14 14 97 97 14 97 97 97 97 14 14 191 14 97 97 97 14 191 14 14 97
360 360 163 163 163 163 360 360 163 163 163 202
263 263 263 263 307 307 263 263 263 360 360 263 263 263 263 307 360 263 263 263 307 360 152 263 263 263 263 152 248 263 263 263 263 263
360 420 360 178 263 14 360 163 163 360 97 97 14 360 163 97 163 163 178 14 263 360 360 360 360 360 359 14 97 97 360 263 14 97
226 226 226 226 226 226 226 226 226 226 226 226 226 226 226 226 226 226 226 226 226 226 226 226 226 226 226
97 263 14 14 263 97 14 14 263 97 14 204 97 97 97
97 14 145 97 263 14 163 97 263 163 390 151 14 97 163 14 163 145 213 14 97 97 97 14 263 97 14 41 178 263 307 163 14 14 263 145
14 312 97 360 97 163 97 97 163 360 113 222 360 14 163 97 14 163 97 163 163
97 97 241 97 97 163 163 241 163 163 241 163
97 163 97 163 163 248 248 248 163 97 367 248 248 248 248 163 97 163 97 97 248 163 248
14 97 97 263 97 360 360 241 14 307 384 263 97 360 14 14 97 14 97
352 352 352 352 352 352 352 352 352 352 352 352 352
263 281 248 248 248 248 263 248 248 263 263 248 248 263 248 263
248 248 263 163 97 248 163 263 248 97 248 97 263 163 263 97 97 97 97 97 97 163 97 263 248 248 263 248 97 163 248 97 163 163 405
258 14 14 204 204 14 204 14 14 204 204 204 204 204
14 14 14 14 14 14 14 14 14 14 216 14 14 14 14 14
233 360 360 360 97 360 360 360 360 97 97 360 360 360 360 97 360 97 97
97 97 97 97 97 97 97 97 216 97 97 97 97
163 97 97 163 97 97 248 97 163 163 163 163 97 163
263 97 360 360 263 360 360 263 360 360 360 360
97 97 97 263 97 97 263 97 303 97 97 97 97 263 97 97 97 97 97 97 97 97
14 222 360 263 263 163 263 163 14 271 14 360 163 14 163 360 360 163 163
14 14 97 97 97 360 97 222 97 97 113 14 360 14 360
14 258 14 263 14 97 97 14 14 97 14 97 97 14 14 97 263 14 14 263
97 248 248 97 248 97 248 311 248 248 248 97 248 97 248 97
163 14 41 163 14 14 163 229 229 163 163 178
97 360 97 360 97 97 360 202 360 360 360 360 97 97 360
204 367 360 204 360 204 14 14 14 204 204 204 204 204 204 360 204 204 204 204 14 204 14 360 204 204
197 14 97 26 14 97 14 97 97 97 113 14
113 263 263 97 97 97 97 307 173 263 263 263 97
353 352 14 14 360 352 360 14 14 360 14 14 14 14 352 14 14 384 14 352 360 263 360 360 32 263 352 263 352 26 14 360 352 360 14 352 353 14 384 360 360 352 353
178 14 14 14 263 14 14 14 263 263 14 14 14 14
263 263 14 14 360 360 14 263 360 173 14 263 263 360 263 14
97 14 348 14 59 97 360 163 14 360 97 163 163 97 14 14 14 163 59 14 163 14 163 360 97 360 97 263 163
248 263 341 324 333 341 163 324 248 281 163 281 163 248 324 178
269 269 269 269 269 269 269 269 269 269 269 269 269 269 269 269 269 269 269 269 269 269 269 269 269 269 269 269 269 269
352 352 352 352 352 352 352 352 352 352 352 352 352
14 26 216 360 14 263 14 14 360 360 14 263 26 14 263 360 14 14
14 14 14 14 197 14 14 360 360 14 360 14 14 360 14
269 269 269 269 14 269 269 269 269 269 269 269 263 269 269 269 269 269 14 269 263 269 269 269 269 269 275 269 269 269 263 269 269 269 14 14 14 269
401 401 401 401 401 401 401 401 401 401 401 401 401 401 401
163 163 163 360 163 163 163 360 360 202 163 360
263 14 14 14 360 360 151 14 360 14 263 263 360
360 14 14 14 14 263 14 263 14 360 14 263 14 14 14 263 360 14 14 14 14 263 263 281 14 360
14 360 14 263 360 360 263 263 14 360 173 14 263 263 14 263
269 269 97 269 269 269 269 269 269 269 269 97 269 269 269 269 278 269 269 269 269 269 97 269 269 269 269 269 269 97 97 269 97 269 269 269
163 163 281 163 163 163 163 281 163 163 163 163 163 163
14 163 360 360 14 163 14 163 360 14 14 360 360 360 14 163 163 360 14 360 14 163 14 14 314 163
248 248 248 14 14 248 248 14 248 14 248 248 294 248 14
263 263 360 281 263 97 263 97 263 97 360 97 97 360 360 97 263 97 97 97 97 97 97
14 263 14 263 14 14 97 152 152 263 152 152 14
14 306 163 133 14 97 163 27 27 163 97 97 163 98 163 163 163 97 16
360 360 202 360 360 163 163 163 163 163 163 163
213 97 97 97 14 97 14 97 97 262 97 97 262 14 14
163 202 163 360 360 360 163 163 163 163 163 360
14 131 360 97 420 263 14 291 131 14 97 360 360 97 14 360 14 360 97 263 263 360 263 263 263 360
360 263 163 263 163 163 263 360 238 173 163 263 263 360 163 307 360 163
163 97 163 299 97 41 97 163 97 163 163 299 14 14 131 163 14
14 14 163 14 163 14 163 163 163 14 222 163 163
226 226 226 226 226 226 226 226 226 226 226 226 226 226 226 226 226 226 226 226 226 263 263 226 263 226 228 226 226 226
152 14 163 14 152 14 163 163 163 229 14 14 163 163 163
360 360 14 14 14 14 197 14 14 360 14 14 14 14 360
163 163 163 163 163 163 163 163 281 163 163 163 163 163 163
97 14 360 14 97 360 299 14 360 360 97 360 360 97 97 360 14 14 14 14 14 14 97 14 360
14 14 360 263 360 360 151 263 263 14 14 360 14
163 97 97 163 163 163 97 97 97 97 360 163 97 97 324 97 360 163 360 97 97 97 163 360
163 132 163 14 248 14 132 248 163 389 248 248 163 389 424 14 163 97 14 248 97 312 163 424
14 14 14 14 263 163 360 360 14 163 14 163 360 263 360 163 163 14 14 14 263 14 309 163 163
97 97 360 41 97 360 97 360 360 97 97 360 360 202
263 287 263 263 173 97 97 163 97 307 113 263 97 163 163 163 163 97 263 173
163 163 163 163 163 163 163 163 163 163 97 97 163 97 163 97 324 97 163 163 97
197 263 14 263 263 263 14 14 14 14 14 263 14 263 14 14 14
173 14 360 360 360 360 14 14 360 14 360 360 360 14
352 352 352 352 352 352 352 352 352 352 352 352 352
248 248 248 248 14 14 14 14 248 248 294 248 14 248 248
294 97 14 14 97 14 14 14 97 97 14 14 97 14 14 97 26 14 14 14 14 26
269 269 269 269 269 269 269 269 269 163 269 269 284 269 14 269 269 269 269 269 14 163 269 163 269 269 269 163 269 14 163 163 269 269 269 163 14 269 269 269 269 14
360 14 14 14 360 14 14 14 14 14 14 197 360 14 360
269 269 269 269 269 269 269 269 269 269 269 269 269 269 269 269 269 269 269 269 269 269 269 269 269 269 269 269 269 269
97 97 97 97 360 248 97 97 213 113 97 360 360 213 384
269 269 269 269 269 269 14 269 269 269 269 269 97 14 14 269 269 269 269 269 97 14 14 14 97 14 290 269 269 269 97 97 269 269 14 269 14 97 269 269 14 14 14 14 14 269 269 269 269 269 14
14 173 360 14 360 360 14 14 360 360 360 360 360 14
360 360 163 360 163 163 163 163 202 163 360 163
163 14 163 14 173 163 163 163 14 14 14 14 26 14 163 14 286 41
248 248 113 97 97 360 204 248 204 97 204 248 14 360 360 248 97 204 14 360 360 97 97 97 97 204 360 14 204 26 97 360 248 97 97 360 97 360 113 91 97 248 97 97 248 97 360 97 360 248 204 26 113 204 360 97 113 97 97
360 14 360 14 360 360 178 152 14 14 360 14 360 360 360 152
14 14 263 263 14 263 263 14 263 263 14 113
163 14 14 163 163 222 163 163 14 163 14 222
263 14 173 14 263 263 360 360 263 41 14 14 360 14
263 263 14 360 384 14 14 14 14 14 14 14 26 14 360 360 216 263
163 202 163 163 163 163 360 163 163 360 360 360
263 360 360 360 360 360 263 263 163 360 360 360 360 360 360 360
360 248 248 307 248 248 263 360 360 360 360 248 341 248 248 248 360 263 263 248 360 360 360 307 360 360 263 360
97 97 97 360 360 97 360 360 360 360 360 360 97 97 202
360 360 14 26 360 14 360 360 360 178 384 14 14 360
360 360 360 360 113 360 255 360 263 360 360 14 360 263 263 360 14 14 14 360 360 360 360 360
97 97 152 263 97 263 97 14 263 14 213 14 14 152 97 14 97
14 97 97 14 14 14 360 14 360 14 360 97 360 97 14 14 97 14 14 276 97
248 248 309 248 97 97 248 248 97 309 248 248 97 309
291 291 291 291 204 291 291 204 204 204 291 291 370 204 204 204 370 291
97 204 263 263 97 14 14 14 14 97 97 263 97 14 97
113 387 97 352 352 352 97 352 352 352 353 97 352 352 97 352 352 97 352
263 14 263 263 14 151 14 360 360 14 360 360 14
360 263 360 360 360 263 263 360 360 263 145 263 263 360 360
291 291 14 14 291 291 291 291 14 14 320 291 291 14 291 291
204 360 163 163 360 163 163 152 163 163 163 152 360 360
163 163 248 163 163 163 163 324 324 163 383 248 281 163 163 324 281 163 248 163 324
97 360 360 14 97 360 14 97 14 97 14 14 222 360 97 97
269 269 269 269 269 269 269 269 269 269 269 269 14 269 14 14 269 269 269 41 269 269 283 269 283 269 269 14 269 269 14 14 41 269 14 14 269 269 151 269 269
173 14 14 14 163 14 14 163 281 14 14 163 163 163 26 14 14 163
226 163 360 226 226 226 226 226 226 226 360 226 226 226 226 226 226 163 226 226 360 226 226 226 163 226 226 226 163 163 226 360 226 163 226 226 240 163
269 269 269 269 269 269 269 269 269 269 269 269 269 269 269 269 269 269 269 269 269 269 269 269 269 269 269 269 269 269
401 401 401 401 204 204 401 204 401 24 401 401 401 401 401 204 204 24 24 204 401
248 248 248 248 248 248 248 248 248 248 248 367 248 248 248 248 248 248 248
97 163 360 348 163 178 163 97 97 163 178 187 163 163 163 97 360 97 163 163 360 97 360 163 163
360 14 360 360 14 14 14 384 360 14 360 384 178 360
14 152 14 360 14 152 14 360 360 131 14 360
14 163 222 14 163 163 14 14 163 163 14 163 163
97 97 97 26 263 14 14 97 97 263 97 97 14 151 97 41 41 263 14 97 14 97 322 14 97 14
14 263 14 14 14 14 263 178 14 14 14 14 14 263
97 97 204 204 306 97 97 360 204 97 204 204 204 204 97 204 360 360 360
26 163 263 163 163 14 14 360 14 14 163 163 14 14 14 360 163 311 263 360 14 14 163 307 360
97 97 97 97 14 360 14 97 97 97 360 97 97 97 97 97 360 97 341 14 97 14 97 97 97 14 360 97
14 151 14 14 14 14 14 151 14 14 14 14 14 213
262 97 97 97 14 97 14 97 97 262 97 97 213 14 14
248 248 311 248 97 97 97 248 248 97 97 248 248 97 248 248
14 263 97 97 97 14 14 97 97 14 204 263 97 263 14
248 163 163 163 248 163 163 248 248 324 163 324 248 248 248 248
226 226 226 226 226 226 226 226 226 226 226 226 226 226 226 226 226 226 226 226 226 226 226 226 226 226 226
97 97 191 97 14 97 97 97 14 14 14 14
263 14 14 263 263 14 263 14 263 263 14 113
97 97 14 14 14 97 97 97 14 97 97 97 97 97 14 97 271 97
291 291 291 291 291 291 204 204 204 204 291 291 204 370 204 204 370 291
14 163 222 163 222 163 163 163 14 14 14 163
226 226 226 226 226 226 226 226 226 226 226 226 226 226 226 226 226 226 226 226 226 226 226 226 226 226 226
271 14 97 14 263 263 97 14 97 333 97 14 14 14 14 97 97 97 14 14
163 202 163 163 163 360 360 360 163 360 163 163
204 204 204 360 204 204 204 204 238 360 204 360 360
401 401 401 401 401 401 401 401 401 401 401 401 401 401 401
360 360 360 360 360 263 263 163 360 360 360 360 360 263 360 360
163 248 248 163 248 97 97 163 97 367 248 248 367 248 248 163 163 248 163 97 97
226 226 226 226 226 226 226 226 226 226 226 226 226 226 226 226 226 226 226 226 226 226 226 226 226 226 226
204 97 204 204 213 14 318 204 97 14 97 26 204 97 14 97 204 204 97 14
163 97 97 41 97 97 14 14 97 97 97 97 163 97 400 14 41 41 97 97 14 14 163 97 97 113 151 97 163 163 97 163 14 163 14 97
14 163 222 163 222 163 163 163 14 14 14 163
401 401 401 401 401 401 401 401 401 401 401 401 401 401 401
248 248 248 97 97 97 311 97 248 248 248 248 248 248 97 97
360 360 204 360 360 360 360 360 360 14 360 360 14 14 14 360 14 360
97 131 360 420 360 97 360 97 287 360 97 360 97 97 97 97 131 97 360 360 97
97 360 263 360 360 263 360 360 360 360 360 263
360 360 360 360 263 360 360 360 97 263 263 360
163 97 179 97 163 163 360 97 360 174 360 97 163 360 175 113 97 97 360 98 174 360 360 97 353 97 97
163 163 360 163 173 204 163 360 360 163 384 163
14 97 97 97 97 14 14 14 97 191 14 97
226 97 226 226 226 226 97 226 226 226 226 226 226 226 226 226 226 97 226 226 226 226 226 226 97 226 226 97 226 97 236 226 226
269 269 269 269 269 269 269 269 269 269 269 269 269 269 269 269 269 269 269 269 269 269 269 269 269 269 269 269 269 269
14 14 276 14 163 14 163 14 14 14 163 163 14 163 163 14 14 163
163 163 163 360 202 163 360 360 163 360 163 163
14 14 14 14 360 14 360 360 360 14 360 360 229 14 360 14 14 360 14
97 14 14 14 97 360 97 14 97 360 14 360 360 360 14 14 360 360 14 97 14 299 14 360 97
14 14 14 14 14 14 14 14 14 14 14 14 216 14 14 14
248 248 248 360 248 248 360 248 360 360 360 248 311 263 263 248 248 360 360 263 360
14 263 14 360 14 97 263 97 14 360 263 97 14 14 263 14 352 14 360 360 14 14 263 97 263 97 263 14 360 14 263 360 14 14 97 14 263 360 360
97 307 97 263 360 360 360 360 263 360 97 360 238 263 263 97 307 360 97 360 97
163 163 163 327 97 163 97 178 97 327 163 163 178 163 97 97 163 163 163
360 360 360 360 263 360 360 163 360 263 360 360 360 360 360 263
269 269 269 269 269 269 269 269 269 269 269 269 269 269 269 269 269 269 269 269 269 269 269 269 269 269 269 269 269 269
269 269 269 269 269 269 269 269 269 269 269 269 269 269 269 269 269 269 269 269 269 269 269 269 269 269 269 269 269 269
263 14 263 263 14 14 263 113 14 263 14 263
248 248 312 248 14 248 248 14 360 14 14 248 248 14 360 360 248 248 360
26 14 14 197 14 113 97 97 97 14 97 97
163 163 163 163 163 281 163 163 163 163 163 163 163 163 163
401 401 401 401 401 401 401 401 401 401 401 401 401 401 401
163 360 14 263 14 360 163 163 360 360 163 263 163 14 163 294 360 14 360 163 360 14 263 360
41 163 360 163 360 360 97 420 14 163 41 97 97 360 97 97 163 97 97 97 360 14 163 97 163 97 360 374 14 97 163 97 360
163 163 281 163 163 163 163 281 163 163 163 163 163 163
14 97 191 97 97 14 97 97 14 14 14 97
352 352 352 352 352 352 352 352 352 352 352 352 352
14 14 14 14 14 14 204 14 204 14 14 14 204 204 204 204 204 204 327 14 14 14 14 14
163 97 353 14 97 216 216 14 41 163 14 163 97 14 97 97 14 216 14 113 26 216 14 97 97 14
14 187 14 14 258 97 97 97 97 213 97 97 97 258
14 14 360 360 14 360 263 151 14 14 360 263 263
163 14 163 14 14 26 291 14 263 163 163 14 14 263 14 173 163 163 263 14 14
226 226 226 226 226 226 226 226 226 226 226 226 226 226 226 226 226 226 226 226 226 226 226 226 226 226 226
269 269 269 269 269 269 269 269 269 269 269 269 269 269 269 269 269 269 269 269 269 269 269 269 269 269 269 269 269 269
97 41 14 97 14 97 59 97 97 360 14 14 360 41 14 306 360 14 360 97 360 14 360 360 360
14 173 360 360 14 360 14 360 14 360 360 14 360 360
14 213 14 14 14 14 14 151 14 14 14 14 14 151
14 14 360 163 163 14 14 360 14 324 360 14 14 14 163 14 163 14 360 14 14 163 163 14 14 163 14
97 14 14 14 97 97 191 97 97 14 14 97
14 360 14 97 97 360 97 222 97 97 14 360 360 14 14 97
14 97 360 97 14 97 360 222 97 14 97 14 14 97 360 360
14 41 163 163 178 163 163 14 314 163 163 163 163 163 163 163 314 14
14 14 14 14 14 263 14 154 14 14 14 14 263 286 14 14 14 263 14 14 14 14 14
263 163 97 163 14 163 14 163 306 263 163 14 97 97 14 97 97 163 163 97 14 263
97 97 97 97 191 97 14 14 14 14 14 97
163 360 163 41 216 97 263 163 360 216 263 360 263 281 216 97 263 216
360 97 263 360 97 97 97 263 360 360 187 97 97 263
248 403 97 97 248 97 248 131 41 97 403 213 97 248 97 14 248 248 97 97 248 97 97 97 131 248 41 14
401 401 401 401 401 401 401 401 401 401 401 401 401 401 401
97 14 14 14 97 113 97 14 263 14 263 14 14 14 14 262 97 263 26 97
360 226 360 226 360 226 226 226 360 226 360 226 226 360 226 226 226 232 226 226 226 226 360 226 226 226 226 226 226 360 226 226 226 226 226
14 14 14 360 163 360 360 360 163 14 163 360 360 286 163 163 360 163 163 113
281 14 14 14 14 14 360 14 14 360 360 14 14 14 360 14 14 360 360 14 14 14 360 360
97 14 14 97 14 97 14 97 14 14 14 14 14 320 14 14 14 14 14 14 97 97 14 14 14 14 14
14 360 14 14 14 14 14 197 14 360 360 14 360 14 14
113 14 14 14 14 263 263 14 263 263 263 263
163 14 41 163 14 14 163 229 229 163 163 178
14 14 152 263 131 14 263 307 263 14 263 14 263
248 403 97 97 248 97 248 131 41 97 403 213 97 248 97 14 248 248 97 97 248 97 97 97 131 248 41 14
26 14 163 360 163 360 163 258 14 163 14 360 360 173 163 163 14
263 263 163 263 163 163 263 163 163 163 202 163 263 263
14 360 360 173 360 14 14 360 360 14 360 14 360 360
97 97 191 97 97 14 97 14 14 14 97 14
14 360 14 360 360 152 14 131 14 14 360 152
360 248 14 360 14 14 204 14 360 14 248 34 384 248 248 360 204 204 204 14 14 14 360 14 360 248 26 14 248 14 248 14 204 384 248 384 14 14 14 360 238 14 14 204 360 14 204 14 248
263 97 360 307 360 248 14 420 360 333 360 6 398 97 255 311 97 97 14 263 263 333 97 97 97 398 97 248 263 263 248 14 26 151 97 14 97 248 360 263 248 248 248
24 401 401 401 204 204 401 204 401 401 401 401 401 401 401 204 204 24 24 204 401
360 213 14 14 14 263 360 360 14 14 14 14 360 14 263 263 14 14
248 324 324 324 163 324 248 281 163 281 163 248 324 163
14 360 14 360 14 173 14 360 360 14 360 360 360 360
14 360 97 222 97 97 14 360 97 14 360 360 97 14 97 14
97 263 14 97 360 14 263 263 314 14 360 97 14 263 14 263 14 360 14 97 14 97 360 14 360 360 360 14 360 263 97
113 163 97 359 163 14 97 14 41 173 14 163 113 97 14 26 14 97 14 163 14 163 14 14 14 14 14 14 163
163 360 163 97 163 163 163 360 97 163 163 360 97 360 263 263 291 263 97 97 97
97 97 97 97 97 216 97 97 97 97 97 97 97
97 14 14 14 97 399 98 14 14 115 360 115 439 97 360 238
269 269 269 269 269 269 269 269 269 269 269 269 269 269 269 269 269 269 269 269 269 269 269 269 269 269 269 269 269 269
360 360 360 263 360 360 263 360 360 360 360 307 263 360 360 263 204 263 263 263 360 307
269 269 269 269 269 269 269 269 269 269 274 269 360 269 269 269 269 269 269 269 269 269 269 269 269 269 269 269 360 269 360 360 269 269
226 226 226 226 226 226 226 226 226 226 226 226 226 226 226 226 226 226 226 226 226 226 226 226 226 226 226
97 248 97 97 97 248 353 248 248 248 248 97 97 97 248 97 113 113 97 248 97 248
163 360 360 163 163 360 163 163 163 360 163 202
255 97 97 360 113 97 113 360 97 360 97 360 97 97 97 97 97
269 269 269 269 269 269 269 269 269 269 269 269 269 269 269 269 269 269 269 269 269 269 269 269 269 269 269 269 269 269
14 97 14 360 97 360 14 14 238 360 263 97 97 97 97 14 263 263 360
97 132 248 248 248 259 97 312 248 132 312 312 248 424
263 263 14 263 263 113 14 14 14 14 263 263
191 14 97 14 14 97 97 14 97 97 97 14
97 360 97 263 263 97 97 360 360 360 97 187 263 97
299 14 163 14 163 14 163 14 163 360 14 360 14 360 163 163 14 14 163 14 14 360
163 360 263 262 163 263 263 163 263 263 263 163 360 263 263 263 163 263 360 163 263 360 263 163
360 97 360 299 360 360 360 360 97 360 360 263 360 360 360 97 360 263 360 131 263 97 97 97 360 360 26
360 97 97 97 360 360 97 263 360 263 97 360 263 97 360 360 216 360
14 163 163 163 163 163 163 14 14 14 222 163 14
163 360 360 360 360 163 163 163 163 163 202 163
352 352 352 352 352 352 352 352 352 352 352 352 352
320 320 320 320 320 320 320 320 320 320 320 320
360 14 360 14 360 360 360 263 360 360 14 151 14 191 263
97 14 97 14 14 97 14 97 14 113 14 97 26 14 191 14 14 97 14 14 97 14 97 366 154 14 14 97 14 14 97
97 97 222 97 97 97 113 97 97 97 97 97 113
360 204 14 204 360 204 14 360 204 14 204 360 14 204 360 360 360 14 204 204 309 360
163 163 163 327 97 163 97 178 97 327 163 163 178 163 97 97 163 163 163
14 97 97 14 97 14 97 263 14 14 263 97 204 97 263
360 14 360 360 360 263 263 360 263 14 191 360 14 360 360 14 14
97 163 248 163 163 97 163 163 163 97 97 97 163 97
360 360 360 360 360 173 14 360 14 14 14 360 14 360
14 14 360 360 238 360 360 360 360 360 360 360 145 14 360 14 360 14 360 360
97 97 97 97 97 216 97 97 216 97 97 97
204 97 204 97 204 204 281 97 97 281 204 281 204
360 360 14 14 145 14 360 360 360 204 360 360 14 14 360 360
14 41 163 163 178 163 163 14 314 163 163 163 163 163 163 163 314 14
216 163 263 360 163 163 163 163 360 163 163 360 263 263 360
263 360 163 263 263 163 263 163 233 263 360 360 163 163 163 163 263 360
360 263 14 360 163 14 14 26 163 360 384 360 163 14 360 384 163 360 360 307 360 263 163 14 263 41 163 360 307 26 14 263 360 163 359 14
248 248 248 248 248 248 360 360 360 248 281 248 248 360
163 163 97 97 163 97 163 163 248 163 97 97 97 163
320 320 320 320 320 320 320 320 320 320 320 320
352 352 352 352 352 352 352 352 352 352 352 352 352
163 263 163 163 263 360 263 263 163 163 202 163 163
360 97 97 97 360 263 360 263 263 14 97 97 14 14 97 360 14 238 14
320 320 320 320 320 320 320 320 320 320 320 320
320 320 320 320 320 320 320 320 320 320 320 320
263 14 360 151 360 263 263 360 360 14 14 14 14
360 14 360 360 14 360 360 14 360 14 14 360 360 14 26 360 360 14 360 26 14 360 14 286 14
14 263 360 163 26 14 14 14 163 14 163 360 14 14 163 14 163 14 163 163 14 14 14 384 14 360 263 14 341 263
320 97 320 97 320 320 320 97 97 320 320 320 320 97 97 365 320 320
14 372 360 360 163 163 14 14 360 163 163 202 14 14 163 163 14 163 14 360 163 163 14 360 360 163 163 14 163 14 163 360
401 401 401 401 401 401 401 401 401 401 401 401 401 401 401
163 14 14 229 14 14 163 173 163 26 163 163 163
97 97 97 97 360 97 360 312 97 97 97 97 97 97 97 97 360 384 97 97 97 97 113
14 360 14 173 360 360 360 14 360 14 360 14 360 360
97 97 14 14 191 14 97 97 97 97 14 14
269 269 420 269 360 269 269 269 279 269 269 269 360 269 269 14 263 269 269 269 14 360 269 269 14 269 269 263 269 269 269 269 269 269 269 269 14 14 269 269 269
248 248 360 248 248 281 360 360 248 248 248 360 248 248
204 204 14 14 14 14 204 303 14 204 14 204 14 204 204 14 14 204 14
14 97 360 14 14 14 97 276 360 14 97 14 14 360 97 14 14 360 97 97 14
226 226 226 226 226 226 226 226 226 226 226 226 226 226 226 226 226 226 226 226 226 226 226 226 226 226 226
163 163 163 163 324 97 163 163 324 97 163 97 163 97 97 163 163 163 163
269 269 269 269 269 269 269 269 269 269 269 269 14 269 14 14 269 269 269 41 269 269 283 269 283 269 269 14 269 269 14 14 41 269 14 14 269 269 151 269 269
97 14 14 97 360 97 97 97 360 14 97 97 14 360 360 97 14 97 294 97 97 97
281 14 14 14 14 163 173 14 14 14 163 163 163 163 26 14 163 14
352 352 352 352 352 352 352 352 352 352 352 352 352
163 248 248 163 248 97 97 163 97 367 248 248 367 248 248 163 163 248 163 97 97
263 360 263 14 14 14 360 14 360 151 360 14 263
360 14 14 14 360 14 14 14 14 14 360 360 197 14 14
14 163 14 163 14 276 163 14 163 14 14 14 14 163 163 14 14 163
360 14 14 229 14 14 14 14 360 360 360 14 14 14 360 14 360 360 360
97 14 14 97 229 360 360 97 384 360 14 14 97 97 14 113
163 163 163 163 163 281 163 163 163 163 163 163 163 163 163
173 163 216 97 163 216 307 238 216 216 97 263 263
360 360 14 360 263 14 263 360 360 14 14 384 263 360 360 360 360 384 263 360 360 360 263 14 14 281 384
97 163 163 97 248 97 163 97 163 163 97 163 163 97
97 360 360 360 360 14 14 360 97 360 97 255 14 14 97 14 97 360 97 360
360 14 360 14 360 360 360 173 14 14 360 360 360 14
401 401 401 401 401 401 401 401 401 401 401 401 401 401 401
360 204 360 204 204 204 204 204 360 238 204 204 360
226 97 226 226 226 263 97 237 226 226 226 226 226 226 226 97 226 226 226 226 263 226 226 226 97 226 226 226 226 226 152 226 263 226 97 226 152 97
360 360 97 97 97 202 97 97 97 360 360 360 360 360 360
263 97 97 263 263 263 97 97 263 263 97 263 263 97 187 263
226 226 226 226 263 226 263 226 226 226 226 226 226 226 226 263 226 226 263 226 226 230 226 226 226 263 226 226 226 263 226 226 226
163 163 360 360 163 163 202 360 163 163 360 163
173 360 14 14 360 360 14 14 360 360 360 360 360 14
163 233 14 163 163 163 14 41 163 14 187 163 41
97 14 14 97 263 97 263 14 97 14 97 97 332 14 14 97 360 14 97 97 97 360 14 360 14 360 263 14 97 97
360 145 360 360 360 360 360 360 360 41 360 360
360 360 97 263 360 360 263 360 360 360 360 263
14 113 26 263 97 97 14 14 14 360 263 97 263 360 14 360 360 291 97 14 14 97 14 14
360 384 229 263 360 360 14 263 14 360 360 360 360 384 14 14 360 263 360 14 360
163 132 163 14 248 14 132 248 163 389 248 248 163 389 424 14 163 97 14 248 97 312 163 424
24 401 401 401 204 204 401 204 401 401 401 401 401 401 401 204 204 24 24 204 401
248 248 248 14 248 14 248 14 248 14 248 294 248 14 248
226 269 269 269 369 269 269 226 269 269 226 269 269 269 226 226 269 226 226 269 226 226 226 226 226 269 369 226 226 269 269 269 226 269 226 269 226 269 226 226 269 269 269 226 226 269 226 269 226 269 226 269 269 226 269
320 320 320 320 320 320 320 320 320 320 320 320
14 14 14 14 263 178 14 14 14 14 14 263 263 14
14 263 263 360 360 14 263 14 14 14 360 360 151
97 97 241 97 163 163 163 241 97 163 163 241
401 401 401 401 401 401 401 401 401 401 401 401 401 401 401
269 269 269 269 269 269 269 269 269 269 269 269 269 269 269 269 269 269 269 269 269 269 269 269 269 269 269 269 269 269
14 14 263 263 14 14 263 360 360 14 97 263 14 360 97 14 263 14 97 263 14 14 97 14 14 14 360 97 14 14 324 97
14 97 14 360 14 97 14 360 263 360 163 360 294 97 360 97 360 360 360 263 360 14 97 263 360 360