0 0 0 0 0 0 0
14 14 14 14 180 14 14 14 14 14 14 14 14
0 0 0 0 0 0 0
0 0 0 0 0 0 0
54 35 35 54 35 35 35 236 35 54
36 36 36 26 116 26 26 26
0 0 0 0 0 0 0
36 36 116 26 36 26 26 26
14 14 14 180 14 14 14 14 14 14 14 14 14
72 72 79 57 79 79 79 72 72 72 57 79 79 57 79 79 79 57 1199 79 79 79
1 1 1 1 1 1 1 1
73 73 73 24 24 62 62 24 736 73 62 73 73 24 24 62 73
1 1 1 1 1 1 1 1
1200 57 72 72 737 72 1201 72 57 905 72 72 57 72 905 72 72 57 737 72 1202 737
0 0 0 0 0 0 0
141 141 141 203 141 203 1203 203 288 288 141 203 1204 141 1205 288
67 60 60 67 60 67 60 60 60 60 67 67 496 67
0 0 0 0 0 0 0
204 204 142 142 101 101 142 101 101
1 1 1 1 1 1 1 1
205 102 68 68 68 68 102 68 102 205 102 68
1206 370 249 370 237 249 249 237 370 237 370 370 370 249 249 237 237 237 237 237 237 237 237 370
2 2 2 2 2 2 2 2 2
37 33 37 33 418 37 33 33 33 37 37 33 33 33
0 0 0 0 0 0 0
72 57 57 57 587 1207 72 587 57 57 57 206 57 57 206 206 72 72 587 587 72 1208
12 12 12 12 12 12 12 12 12 12 12 12 12 12 12 12 12 12 12 12 12 12 12 12 12 12 12 12 12 12 12 12 12 12 12 12 12 12
12 12 12 12 12 12 12 12 12 12 12 12 12 12 12 12 12 12 12 12 12 12 12 12 12 12 12 12 12 12 12 12 12 12 12 12 12 12
19 19 19 19 19 19 19 19 19 19 19 19 19 19 19
0 0 0 0 0 0 0
2 2 2 2 2 2 2 2 2
2 2 2 2 2 2 2 2 2
49 49 49 289 49 49 49
31 906 31 31 31 31 31 31 31 31 31 31 31
1 1 1 1 1 1 1 1
58 43 43 907 169 43 43 58 43 58 169 58 43 169 43
79 79 79 38 38 79 79 38 206 908 57 206 57 38 79 206 38 38 38 38 57 57
1209 250 48 48 250 250 250 48 250 250 250 250 250 250 48 48
419 497 118 497 251 1210 419 419 251 419 305 118 305 118 419 251 118 118 251 909 251 419 910 305 910 497 497 118 909 497 118 305
0 0 0 0 0 0 0
119 62 62 62 62 24 62 62 62 119 24 62 119 738 24 24 24
18 18 20 18 20 18 20 120 18 20 18 20
7 7 7 7 7 7 7 7 7 7 7 7
27 27 27 27 27 27 27 27 27 27 27 27 27 27 27 27 27 27 27 27 27 27
2 2 2 2 2 2 2 2 2
420 170 170 420 170 170 170 170 420 170 170 420 170 170 170 420 170 420 1211
2 2 2 2 2 2 2 2 2
0 0 0 0 0 0 0
498 911 498 739 252 498 911 912 252 739 739 498 252 252 252 912 252 252 498 252 252 252
0 0 0 0 0 0 0
0 0 0 0 0 0 0
499 421 421 499 913 499 421 421 740 499 1212 421 740 499 421 913 740
1 1 1 1 1 1 1 1
253 500 500 914 253 253 915 253 741 588 253 588 916 589 1213 1214 588 916 253 588 253 589 253 500 914 500 915 741 1215 500 589 1216 253 253 741 589
103 74 74 103 74 74 103 103 917 74 103 103 74 103 103 74
742 743 590 742 590 918 743 743 919 918 744 590 744 742 744 745 920 919 1217 920 1218 1219 590 745 745 1220
254 591 254 254 921 591 254 591 254 921 591
22 41 41 592 22 41 22 41 41 22 41
0 0 0 0 0 0 0
1 1 1 1 1 1 1 1
156 171 171 94 94 181 181 156 156 1221 94 207 94 171 181 171 94 171 171 181 207 156 181 94 181 94 94 171 181 94 94 207 94 171 171 171 94 94
143 143 73 143 73 143 143 143 922 143 143 143 73 73 73 73 73
104 169 104 104 28 28 104 169 169 28 104 28 28 1222 104
7 7 7 7 7 7 7 7 7 7 7 7
54 54 35 54 35 35 236 35 35 35
371 371 1223 371 371 371 80 501 371 80 80 593 594 80 501 371 501 80 1224 593 501 594 501 594 1225 1226 593 593 594
1 1 1 1 1 1 1 1
1227 1228 28 28 28 595 28 1229 422 28 422 595 422 595 595
182 208 208 208 208 182 208 182 182 208 182 182 208 182 182 208 182 182 182 208 1230 182 208 182 182 208 208
105 372 105 746 747 596 596 746 747 372 597 1231 596 596 597 372 105 372 105 1232 372 372 1233 747 372 746 597 597
18 120 20 20 20 18 20 18 18 18 20 18
1 1 1 1 1 1 1 1
306 290 306 1234 290 290 290 306 290 290 306 1235 1236 306 290 306 290 306 306 290
3 3 3 3 3 3 3 3 3 3
7 7 7 7 7 7 7 7 7 7 7 7
94 94 291 156 923 291 598 156 94 291 291 502 502 94 291 598 502 502 94 291 94 156 291 1237 598 291 94 156 94 502 598 923 94 291 94 94 94 94
50 38 50 38 50 50 38 38 38 38 50 50 50 50 50 50 50 38 599 38 50 50
3 3 3 3 3 3 3 3 3 3
24 924 24 1238 924 1239 1240 925 24 1241 925 926 1242 24 926 1243 24
2 2 2 2 2 2 2 2 2
1244 58 422 58 422 1245 422 58 169 58 169 927 1246 927 169
238 238 121 238 238 238 121 238 121 238 121 121 121 238 121 1247 238 238 238
44 183 44 183 44 44 44 44 44 44
15 15 13 61 15 13 15 13 13 13
144 144 144 184 255 144 600 184 184 144 184 255 184 255 600 144 184 255 144 255 184 144 144
0 0 0 0 0 0 0
1 1 1 1 1 1 1 1
13 13 13 15 15 15 61 15 13 13
0 0 0 0 0 0 0
63 172 172 63 63 63 63 172 256 256 63 63 63
191 191 191 191 191 191 191 191 191 191 191 191 191
239 239 239 748 257 1248 239 257 239 257 257 239 239 257 257 239 257 239 257 257 239 748 239 257 748
423 423 928 423 928 423 423 423
0 0 0 0 0 0 0
12 12 12 12 12 12 12 12 12 12 12 12 12 12 12 12 12 12 12 12 12 12 12 12 12 12 12 12 12 12 12 12 12 12 12 12 12 12
0 0 0 0 0 0 0
3 3 3 3 3 3 3 3 3 3
929 503 28 503 503 929 28 1249 503 28 503 930 28 28 930
19 19 19 19 19 19 19 19 19 19 19 19 19 19 19
3 3 3 3 3 3 3 3 3 3
1 1 1 1 1 1 1 1
14 14 14 180 14 14 14 14 14 14 14 14 14
17 22 17 17 22 17 117 17 17 22 22
0 0 0 0 0 0 0
601 931 601 601 931 1250 601
1 1 1 1 1 1 1 1
145 42 25 25 42 25 25 42 25
20 18 120 20 18 18 18 20 18 18 20 20
45 45 45 373 31 31 45 31 45 45 31 45 45
123 52 123 123 123 123 52 123 123 123 52 123 123 52 52 52 932
307 307 307 91 307 307 1251 91 933 91 307 307 307 933
424 424 424 308 122 80 308 308 80 122 80 122 424 424 80 934 122 122 122 308 308 424 308 122 308 308 934 1252 80
55 106 106 106 504 1253 504 55 55 55 504 55 106 106 504 1254 602 106 106 106 55 602 106 106 106 1255 602 602 106 55 55 55 504 55
0 0 0 0 0 0 0
1 1 1 1 1 1 1 1
58 28 28 28 28 28 58 28 28 28 28 28 58 58 505
1 1 1 1 1 1 1 1
425 105 506 105 425 425 425 1256 105 105 506 105 506 506 105 105 105 105 105 105 506 425 425 105 105 105 105 105
1 1 1 1 1 1 1 1
1257 138 138 309 138 138 138 138 138 309 138 935 138 1258 309 138 138 309 138 138 138 935 138 138 138 138 138
3 3 3 3 3 3 3 3 3 3
603 936 603 603 936 603 1259
21 21 21 21 21 21 21 21 185
3 3 3 3 3 3 3 3 3 3
937 604 258 258 604 258 258 258
7 7 7 7 7 7 7 7 7 7 7 7
209 310 209 310 209 310 209 209 209 310
35 35 35 54 54 236 35 54 35 35
46 46 210 46 210 210 46 210 210 1260 46 46 46 210 1261 46 210 210
32 32 32 41 259 32 32 41 32 41 32
2 2 2 2 2 2 2 2 2
146 146 426 146 146 146 211 211 211 426 426 211 146 211 146 211 146 146
2 2 2 2 2 2 2 2 2
173 173 427 427 749 173 173 173
289 49 49 49 49 49 49
209 310 209 310 209 310 209 209 209 310
56 56 51 51 56 56 51 51 51 51 51 56 428
1262 605 1263 938 939 212 605 940 507 507 605 507 938 507 212 212 212 939 507 605 212 212 940
311 311 311 72 206 57 72 311 72 206 57 206 311 1264 311 311 57 311 72 1265 57 72
508 750 750 1266 1267 508 508 508 508 750 1268
21 21 21 21 21 21 21 21 185
2 2 2 2 2 2 2 2 2
1 1 1 1 1 1 1 1
81 81 260 81 81 81 260 81
157 104 157 157 104 104 157 157 941 157 104 157 104 157 104
751 942 942 751 24 119 943 943 1269 119 24 119 24 24 24 751 1270
1 1 1 1 1 1 1 1
2 2 2 2 2 2 2 2 2
81 81 81 81 81 260 81 260
261 752 261 752 261 261 606 606 752 606 606 261 944 1271 944
4 4 4 4 4 4 4 4 4 4 4
1 1 1 1 1 1 1 1
3 3 3 3 3 3 3 3 3 3
312 312 261 312 945 261 312 261 312 261 312 312 312 945 261
8 8 8 95 8 8 8 8 8 8 8
124 124 124 607 124 124 124 124 124 607 124 124
753 753 946 1272 1273 753 1274 946
947 213 262 213 213 948 949 262 262 213 213 213 262 262
429 214 429 214 214 608 950 429 608 1275 608 509 429 1276 509 214 429 509 509 950 429 509 608 214 214
158 158 158 313 313 158 186 158 186 158 158 609 186 313 610 610 313 158 611 186 186 609 186 611 186 951
1 1 1 1 1 1 1 1
26 26 116 36 26 36 26 36
314 754 314 754 1277 314 1278 1279 755 756 314 430 1280 430 430 952 952 754 756 430 756 755 430 953 1281 430 1282 953 755
510 510 510 511 511 511 1283 954 511 510 757 757 757 510 511 954
28 28 28 28 505 28 58 58 28 28 28 28 28 58 58
82 315 82 315 82 1284 82 82 315 82 315 315 315 82 82 82 315 82 315
20 18 20 20 18 18 20 18 20 18 18 120
1 1 1 1 1 1 1 1
91 92 92 92 92 92 1285 91 92 92 92 92 91 1286
215 192 192 192 192 192 215 215 192 215 215 215 192 955 192 215 215 192 192 215 215 192 215 192 955 192 215
216 316 1287 1288 431 1289 317 216 216 316 612 316 317 216 216 317 758 431 316 431 316 956 216 431 612 317 216 612 316 956 316 612 758 317 216 1290 317 1291 316 317 758 317 431 216 216 1292 431 216 1293 216
49 49 49 49 49 289 49
83 83 83 83 83 83 83 613 83 83 83 83 83 613 83 83 83
139 139 139 139 139 139 139 139 318 318 318 318 318 318 318 139 139 139 139 139 139 139 1294 139 318 139 139 139
1 1 1 1 1 1 1 1
1 1 1 1 1 1 1 1
0 0 0 0 0 0 0
0 0 0 0 0 0 0
62 24 62 119 62 119 24 24 62 62 119 24 738 62 62 62 24
957 614 958 957 759 614 759 512 614 512 759 512 958 614 512 512
615 616 615 615 616 616 615 616
1295 319 319 1296 319 1297 319 959 319 760 760 1298 760 319 319 319 959
15 13 13 15 13 13 15 13 61 15
0 0 0 0 0 0 0
159 617 320 320 159 159 159
1 1 1 1 1 1 1 1
1299 960 513 961 1300 513 513 962 618 1301 963 618 960 513 963 618 961 1302 962 513 1303 618 1304
157 104 941 157 104 157 104 157 104 157 157 104 157 104 157
2 2 2 2 2 2 2 2 2
27 27 27 27 27 27 27 27 27 27 27 27 27 27 27 27 27 27 27 27 27 27
259 41 32 32 32 41 32 41 32 32 32
32 32 32 32 259 32 41 32 32 41 41
321 321 263 432 217 321 321 1305 263 432 321 321 217 217 217 263 432 217 432 321 217 217 263 432 217 321 432 217 217 263 263 263 217 217 263 263 263
964 193 193 193 251 251 118 193 964 305 193 193 193 305 193 118 193 193 118 193 251 118 305 118 251 193 1306 193 251 305 118 118
761 322 322 619 1307 322 965 761 619 619 322 619 965 761
3 3 3 3 3 3 3 3 3 3
374 218 218 966 218 374 218 218 374 218 374 218 374 374 374 966 218 218 218 218 218
1 1 1 1 1 1 1 1
1308 514 375 620 1309 620 514 375 514 620 514 375 620 514 1310 1311 375 375 375 375
621 323 967 1312 762 763 622 764 323 762 1313 764 323 622 622 323 623 515 1314 623 623 968 515 763 623 621 622 1315 515 515 1316 323 967 762 764 968 515 621 323 1317 323 323 621 763
20 174 174 174 1318 20 174 20 20 174 174 20
15 13 15 13 13 61 15 15 13 13
0 0 0 0 0 0 0
3 3 3 3 3 3 3 3 3 3
2 2 2 2 2 2 2 2 2
0 0 0 0 0 0 0
433 969 969 433 433 433 433 433 1319
14 14 14 14 180 14 14 14 14 14 14 14 14
2 2 2 2 2 2 2 2 2
26 26 26 26 36 36 116 36
10 10 10 10 10 10 10 10 10 10 10 10 10 10
3 3 3 3 3 3 3 3 3 3
292 56 56 31 292 56 292 31 31 56 765 56 31
45 45 45 45 45 45 31 31 45 45 31 31 373
7 7 7 7 7 7 7 7 7 7 7 7
0 0 0 0 0 0 0
0 0 0 0 0 0 0
2 2 2 2 2 2 2 2 2
2 2 2 2 2 2 2 2 2
1 1 1 1 1 1 1 1
44 44 183 44 183 44 44 44 44 44
0 0 0 0 0 0 0
21 21 21 21 185 21 21 21 21
1320 1321 1322 624 970 970 971 624 971 624 1323 624 1324
21 185 21 21 21 21 21 21 21
39 625 625 625 39 39 39 1325 39 1326 1327 766 625 39 39 766 766 1328
27 27 27 27 27 27 27 27 27 27 27 27 27 27 27 27 27 27 27 27 27 27
83 83 83 83 83 83 83 613 83 83 83 83 83 613 83 83 83
69 69 69 434 69 434 69 1329 69 1330 434 69 69 434 69 69 69 69
17 17 17 22 117 22 17 17 22 17 22
10 10 10 10 10 10 10 10 10 10 10 10 10 10
3 3 3 3 3 3 3 3 3 3
1331 1332 972 767 64 626 64 376 973 972 626 767 376 376 376 767 768 973 64 376 768 626 64 376 626 376 768
0 0 0 0 0 0 0
0 0 0 0 0 0 0
47 47 47 59 324 59 47 47 59 47 59 47
769 770 974 769 975 1333 1334 769 69 771 770 770 1335 69 771 974 69 771
1 1 1 1 1 1 1 1
325 18 18 18 325 325 1336 1337 325 18 18 18
627 125 125 435 125 125 435 435 516 125 1338 125 435 125 240 1339 516 125 125 240 435 240 125 125 240 627 435 240 627 125 240 1340 240 125 240 125 772 125 125 125 125 125 125 516 240 772 627 240 516 516 240 772
377 976 517 377 977 377 976 377 377 377 977 1341 978 978 377 517 517 517 517 1342
628 1343 628 628 518 1344 1345 979 629 378 1346 980 1347 519 518 1348 519 378 1349 378 519 1350 1351 629 518 1352 981 518 1353 1354 979 982 378 1355 629 628 980 982 378 983 519 629 519 518 378 981 983 378
0 0 0 0 0 0 0
38 984 72 630 38 1356 72 630 630 38 38 38 985 630 985 38 72 72 72 38 38 984
2 2 2 2 2 2 2 2 2
0 0 0 0 0 0 0
0 0 0 0 0 0 0
0 0 0 0 0 0 0
1 1 1 1 1 1 1 1
21 21 21 21 185 21 21 21 21
3 3 3 3 3 3 3 3 3 3
3 3 3 3 3 3 3 3 3 3
0 0 0 0 0 0 0
1 1 1 1 1 1 1 1
0 0 0 0 0 0 0
1 1 1 1 1 1 1 1
50 599 50 38 50 38 38 50 50 38 38 50 50 38 38 50 38 50 50 50 50 50
5 5 5 5 5 5 5 5 5 5 5 5 5 5 5 5 5 5 5 5
631 1357 436 264 436 264 264 631 1358 631 436 631 264 436 436 264 1359 436 1360
8 95 8 8 8 8 8 8 8 8 8
986 1361 69 1362 1363 69 975 69 986 29 1364 29 69 69 29 69 29 29
47 47 47 59 47 59 47 47 59 324 59 47
1 1 1 1 1 1 1 1
2 2 2 2 2 2 2 2 2
12 12 12 12 12 12 12 12 12 12 12 12 12 12 12 12 12 12 12 12 12 12 12 12 12 12 12 12 12 12 12 12 12 12 12 12 12 12
0 0 0 0 0 0 0
93 93 93 28 28 28 28 93 28 773 93 93 93 93 93
1 1 1 1 1 1 1 1
107 293 107 107 107 293 293 107 987 107 107 107 107 107 293 107 107 107 107 293 293 293 107 107 107 107 107 107 1365 293 107 293 107 107 987 107
437 219 80 80 80 80 80 147 80 147 80 80 219 147 219 80 80 80 80 80 437 147 147 80 437 80 219 1366 147
0 0 0 0 0 0 0
774 520 265 775 520 520 520 988 775 774 989 990 775 991 1367 1368 988 265 265 1369 991 265 1370 1371 989 774 1372 520 990 265
992 993 994 521 1373 632 1374 1375 632 992 1376 521 1377 776 995 994 521 993 1378 521 776 1379 1380 632 1381 1382 521 776 632 995
15 13 13 15 13 13 61 15 15 13
175 522 777 522 777 1383 1384 175 1385 522 522 522 996 996 1386 175 175 1387 1388 175 1389 175 1390 777
3 3 3 3 3 3 3 3 3 3
0 0 0 0 0 0 0
438 326 438 326 266 266 266 326 438 266 326 266
327 220 220 327 327 126 126 126 126 220 633 220 327 327 633 220 327 126 126 633 126 220 327 126 220 126 126 126 220 126 220 126 633 327 126 220 220 1391 220 126
146 146 426 146 146 146 211 211 211 426 426 211 146 211 146 211 146 146
0 0 0 0 0 0 0
5 5 5 5 5 5 5 5 5 5 5 5 5 5 5 5 5 5 5 5
5 5 5 5 5 5 5 5 5 5 5 5 5 5 5 5 5 5 5 5
13 61 13 15 15 15 15 13 13 13
2 2 2 2 2 2 2 2 2
0 0 0 0 0 0 0
70 39 70 70 70 39 46 46 39 39 46 39 39 997 39 46 70 70
43 778 43 43 43 43 43 43 43 43 43 43 43 43 43
21 21 21 21 21 21 21 185 21
18 18 20 20 18 18 120 20 20 18 18 20
127 127 127 127 128 127 128 127 128 127 127 128 127 127 1392 127 127 127 127 127
1 1 1 1 1 1 1 1
27 27 27 27 27 27 27 27 27 27 27 27 27 27 27 27 27 27 27 27 27 27
17 22 17 17 17 17 22 22 17 22 117
69 69 70 70 29 29 70 29 70 29 69 1393 70 69 69 69 29 70
31 56 31 292 292 56 292 56 31 765 56 31 56
0 0 0 0 0 0 0
2 2 2 2 2 2 2 2 2
634 1394 634 1395 779 635 998 999 780 635 781 998 328 780 328 635 1396 634 781 779 328 328 780 328 779 328 999 781 328 635 634 328 1397
13 13 15 15 15 13 13 13 61 15
1 1 1 1 1 1 1 1
42 25 42 25 25 145 42 25 25
523 379 1398 523 782 523 379 782 379 379 379 379 1399 379 782 523 523
0 0 0 0 0 0 0
0 0 0 0 0 0 0
0 0 0 0 0 0 0
0 0 0 0 0 0 0
0 0 0 0 0 0 0
1 1 1 1 1 1 1 1
0 0 0 0 0 0 0
13 13 15 13 15 15 13 61 13 15
42 636 1400 1401 42 636 636 42 636
1 1 1 1 1 1 1 1
17 22 17 22 22 17 17 117 17 17 22
0 0 0 0 0 0 0
5 5 5 5 5 5 5 5 5 5 5 5 5 5 5 5 5 5 5 5
10 10 10 10 10 10 10 10 10 10 10 10 10 10
524 525 525 1402 1403 524 1000 524 524 783 1404 1405 783 637 525 784 784 637 637 525 524 1000 525 637 784 783 1406
3 3 3 3 3 3 3 3 3 3
26 36 36 116 26 26 26 36
638 221 638 638 221 638 1001 221 1001 1407
1 1 1 1 1 1 1 1
58 58 639 439 1408 58 1002 439 58 439 639 439 1002 639 639
15 13 61 13 13 13 15 13 15 15
13 13 15 15 13 61 13 13 15 15
36 26 36 116 26 26 26 36
2 2 2 2 2 2 2 2 2
104 104 169 104 785 1003 104 169 1003 1409 104 785 104 169 785
212 440 108 440 1410 1411 1004 441 108 212 441 108 212 440 1004 440 441 108 440 212 212 212 440
183 44 44 44 44 44 44 44 44 183
380 1005 442 1005 380 314 380 380 442 314 381 442 380 314 381 381 381 380 1006 314 1006 442 1412 381 380 381 381 442 442
174 1413 1414 786 174 786 640 640 786 174 640 640
156 267 207 207 1007 267 787 267 207 181 207 207 267 787 1415 156 267 1416 207 267 181 267 181 181 156 181 207 181 787 267 1007 1417 267 156 181 267 207 207
64 64 129 64 1418 148 64 148 222 64 148 64 129 148 129 64 64 64 148 129 148 222 64 64 222 129 64
33 1008 92 92 92 33 92 33 33 92 92 92 92 92
0 0 0 0 0 0 0
140 294 140 294 140 294 140 140 140 140 140 140 140 140 294 140 294 294 294 140 140 140 140 140 294 1419 140 140 294
32 41 41 32 32 259 32 32 32 32 41
0 0 0 0 0 0 0
39 29 29 39 29 39 39 29 39 29 39 29 29 29 29 39 29 788
12 12 12 12 12 12 12 12 12 12 12 12 12 12 12 12 12 12 12 12 12 12 12 12 12 12 12 12 12 12 12 12 12 12 12 12 12 12
5 5 5 5 5 5 5 5 5 5 5 5 5 5 5 5 5 5 5 5
5 5 5 5 5 5 5 5 5 5 5 5 5 5 5 5 5 5 5 5
7 7 7 7 7 7 7 7 7 7 7 7
9 9 9 9 9 9 9 9 9 9 9 9 9 9 9 9 9
174 329 329 174 329 329 329 329 329 1420 174 329
443 33 33 33 1009 1010 1011 223 443 33 223 223 223 443
0 0 0 0 0 0 0
295 48 48 74 295 295 1421 48 74 74 48 74 74 74 74 48
3 3 3 3 3 3 3 3 3 3
1 1 1 1 1 1 1 1
8 8 8 8 8 8 8 95 8 8 8
1 1 1 1 1 1 1 1
1 1 1 1 1 1 1 1
2 2 2 2 2 2 2 2 2
41 32 41 32 259 32 41 32 32 32 32
1422 241 241 241 1012 1423 526 241 241 1013 1424 641 1425 641 1013 642 1426 642 1014 241 642 641 1014 1427 241 241 241 526 642 526 641 1428 1429 241 1430 1012 241 526 1431 1432 526
2 2 2 2 2 2 2 2 2
1015 527 643 1016 643 1017 527 1015 789 789 527 527 1016 643 789 527 1017 643
22 22 22 117 17 17 22 17 17 17 17
2 2 2 2 2 2 2 2 2
10 10 10 10 10 10 10 10 10 10 10 10 10 10
2 2 2 2 2 2 2 2 2
142 204 142 142 101 101 204 101 101
9 9 9 9 9 9 9 9 9 9 9 9 9 9 9 9 9
0 0 0 0 0 0 0
0 0 0 0 0 0 0
130 175 130 149 149 175 149 130 175 175 175 130 149 175 175 130 175 130 175 149 130 1433 149 130
296 296 297 790 296 1434 296 297 296 790 297 297 297 296 790 297 296 297 1018 296 297 296 297 1018
20 18 18 20 18 20 18 18 20 120 20 18
644 70 70 70 46 46 46 46 1435 70 70 644 1019 1019 434 70 434 1436
268 1020 48 268 268 1021 268 48 268 288 48 1022 288 48 48 288
15 13 61 15 13 15 15 13 13 13
0 0 0 0 0 0 0
17 117 17 17 22 17 22 17 22 22 17
1023 224 1437 224 224 119 224 1438 1023 24 1439 119 24 24 24 119 24
204 142 142 101 101 142 101 204 101
2 2 2 2 2 2 2 2 2
528 529 529 1440 382 1441 382 1024 1025 1026 160 160 791 160 382 1442 382 528 791 528 529 529 792 160 382 160 1027 528 791 382 1024 1026 160 1025 792 528 792 382 529 160 160 1443 1027
1 1 1 1 1 1 1 1
1 1 1 1 1 1 1 1
0 0 0 0 0 0 0
73 73 62 73 24 24 24 24 24 73 73 62 73 62 73 736 62
0 0 0 0 0 0 0
60 67 60 67 67 67 496 67 60 60 60 67 60 60
84 75 84 84 84 75 84 75 75 75 269 269 84
383 1028 383 793 793 383 383 793 383 1028 383 383
0 0 0 0 0 0 0
0 0 0 0 0 0 0
2 2 2 2 2 2 2 2 2
645 75 1029 1030 75 1030 645 75 75 75 645 1029 645
48 48 444 48 444 444 444 1444 48 444 794 794 794 1445 48 444
0 0 0 0 0 0 0
330 445 445 330 330 331 330 331 445 331 331
7 7 7 7 7 7 7 7 7 7 7 7
0 0 0 0 0 0 0
42 42 145 25 25 42 25 25 25
12 12 12 12 12 12 12 12 12 12 12 12 12 12 12 12 12 12 12 12 12 12 12 12 12 12 12 12 12 12 12 12 12 12 12 12 12 12
443 443 1010 1009 443 223 33 33 1011 33 223 223 223 33
22 41 41 592 22 22 22 41 41 41 41
61 13 13 15 13 13 13 15 15 15
0 0 0 0 0 0 0
52 62 62 52 52 52 52 52 62 1446 52 52 52 52 62 52 52
1 1 1 1 1 1 1 1
49 49 49 49 289 49 49
0 0 0 0 0 0 0
35 35 54 54 236 35 54 35 35 35
1 1 1 1 1 1 1 1
158 158 158 313 313 158 186 158 186 158 158 609 186 313 610 610 313 158 611 186 186 609 186 611 186 951
0 0 0 0 0 0 0
14 14 14 14 14 14 14 14 14 14 14 14 180
0 0 0 0 0 0 0
0 0 0 0 0 0 0
21 21 21 185 21 21 21 21 21
57 57 646 38 795 1031 1447 646 1031 38 57 38 38 57 646 38 38 646 795 795 38 38
332 446 446 530 332 1032 333 1033 796 530 446 332 332 796 332 1033 333 446 796 333 333 333 446 333 530 1032 1448 333 332 332 446 530 530 333 332
62 73 24 73 24 736 73 73 73 62 73 62 24 73 62 24 24
10 10 10 10 10 10 10 10 10 10 10 10 10 10
124 124 124 607 124 124 124 124 124 607 124 124
0 0 0 0 0 0 0
1449 1034 797 1450 1451 1034 1452 798 797 797 798 798
1 1 1 1 1 1 1 1
26 36 36 26 116 36 26 26
1 1 1 1 1 1 1 1
3 3 3 3 3 3 3 3 3 3
2 2 2 2 2 2 2 2 2
109 78 78 78 78 109 78 109 78 334 78 78 109 334
1 1 1 1 1 1 1 1
3 3 3 3 3 3 3 3 3 3
242 799 799 242 242 647 647 647 242 799 242 242 242 647 242 242 242 242
2 2 2 2 2 2 2 2 2
7 7 7 7 7 7 7 7 7 7 7 7
161 1453 161 161 131 161 131 131 800 131 161 131 161 161 161 131 800 161 800 161 161 131 131 161 131 131
144 144 144 184 255 144 600 184 184 144 184 255 184 255 600 144 184 255 144 255 184 144 144
801 802 801 1035 802 801 803 803 1454 803 802 1035
0 0 0 0 0 0 0
447 447 57 57 1036 531 1037 447 447 447 1455 1456 1036 1037 57 531 531 531 531 1457 57 447
2 2 2 2 2 2 2 2 2
2 2 2 2 2 2 2 2 2
0 0 0 0 0 0 0
1 1 1 1 1 1 1 1
48 48 48 48 48 48 48 48 48 48 48 48 1458 48 48 48
71 71 71 71 71 71 1459 71 71 71 71 71 71 71 648 648 71 71 71 71 1460 71 71 71 648 71 71 71 71 71 71 1461 71 71 71 71 71 71 71 71 71 71 648
804 1462 1038 649 804 804 649 649 1463 649 1038
26 26 36 36 26 116 26 36
159 617 159 320 159 320 159
35 35 54 35 35 236 35 35 54 54
0 0 0 0 0 0 0
26 116 36 26 26 26 36 36
0 0 0 0 0 0 0
1 1 1 1 1 1 1 1
0 0 0 0 0 0 0
0 0 0 0 0 0 0
1039 225 225 335 225 1039 225 335 225 225 335 335 225 335 335 225 335 225 225 225 335 225
159 320 159 159 159 617 320
1040 650 1464 270 1465 650 270 650 1040 1466 1467 1468 270 1469 270 1041 1041 1470 270 650
3 3 3 3 3 3 3 3 3 3
0 0 0 0 0 0 0
1 1 1 1 1 1 1 1
0 0 0 0 0 0 0
336 1042 336 532 336 532 336 805 532 651 1042 336 1471 805 1472 336 652 651 336 532 651 336 652 652 651 805 532 652
1 1 1 1 1 1 1 1
0 0 0 0 0 0 0
21 185 21 21 21 21 21 21 21
1043 448 1473 448 1044 653 653 653 448 1474 1043 1475 1045 448 448 1044 653 1045 448
31 45 31 45 373 45 45 45 45 45 31 45 31
1 1 1 1 1 1 1 1
1476 533 533 533 533 1477 533 806 806 806 1478
271 271 337 337 337 1046 337 337 271 271 337 271 271 337 271 1046 271 271 271 337
96 96 96 96 96 96 96 96 96 96 96 96 96 96 96 96 96 96 96 96 96 96 96 96 96 1479 96
66 66 66 66 66 66 66 66 66 66 66 66 66 66 384 66 66 66 66 66 66 384 66 66 384 66 66 384 66 66 66 66 66 66 384 384 66 66 66 66 384 66 66 1480 66
0 0 0 0 0 0 0
3 3 3 3 3 3 3 3 3 3
8 95 8 8 8 8 8 8 8 8 8
449 176 449 221 176 176 221 176 176 221
0 0 0 0 0 0 0
0 0 0 0 0 0 0
162 162 162 29 162 29 162 162 46 29 29 1481 46 162 46 29 46 162
807 1047 807 1047 1048 1048 807 1049 1482 1049
159 159 617 320 159 159 320
260 81 81 81 81 81 81 260
13 15 13 15 13 13 61 15 15 13
88 88 132 88 88 132 132 88 88 338 88 338 132 132
0 0 0 0 0 0 0
47 47 59 47 47 324 59 59 47 47 59 47
46 46 46 29 29 46 46 46 46 46 29 46 46 1050 29 46 46 29
37 110 37 37 37 37 110 110 110 110 110 110 110 808
0 0 0 0 0 0 0
180 14 14 14 14 14 14 14 14 14 14 14 14
0 0 0 0 0 0 0
3 3 3 3 3 3 3 3 3 3
26 36 26 26 26 36 36 116
2 2 2 2 2 2 2 2 2
130 249 149 1483 654 149 249 149 149 654 130 655 654 149 149 130 249 655 655 654 130 655 249 249
36 26 26 116 26 36 26 36
26 36 36 26 26 26 36 116
10 10 10 10 10 10 10 10 10 10 10 10 10 10
194 194 108 108 1484 194 108 133 108 133 194 194 194 133 194 194 133 194 194 133 194 194 194
7 7 7 7 7 7 7 7 7 7 7 7
809 1051 656 656 656 656 809 1051 809
26 36 116 26 36 26 26 36
1 1 1 1 1 1 1 1
2 2 2 2 2 2 2 2 2
2 2 2 2 2 2 2 2 2
0 0 0 0 0 0 0
1 1 1 1 1 1 1 1
210 1485 385 385 385 385 1486 810 1487 210 385 210 385 385 810 210 810 1488
1 1 1 1 1 1 1 1
6 6 6 6 6 6 6 6 6 6 6 6 6 6 6 6 6 6 6 6 6 6 6 6 6 6 6 6 6 6 6 6
6 6 6 6 6 6 6 6 6 6 6 6 6 6 6 6 6 6 6 6 6 6 6 6 6 6 6 6 6 6 6 6
0 0 0 0 0 0 0
3 3 3 3 3 3 3 3 3 3
42 42 25 25 145 25 42 25 25
2 2 2 2 2 2 2 2 2
8 8 8 8 95 8 8 8 8 8 8
1 1 1 1 1 1 1 1
0 0 0 0 0 0 0
24 52 52 24 24 52 24 24 24 24 24 52 657 24 52 24 52
2 2 2 2 2 2 2 2 2
0 0 0 0 0 0 0
0 0 0 0 0 0 0
0 0 0 0 0 0 0
0 0 0 0 0 0 0
1 1 1 1 1 1 1 1
32 32 32 41 259 41 32 32 32 32 41
176 221 449 449 221 176 176 176 176 221
44 44 44 44 44 183 44 44 183 44
6 6 6 6 6 6 6 6 6 6 6 6 6 6 6 6 6 6 6 6 6 6 6 6 6 6 6 6 6 6 6 6
0 0 0 0 0 0 0
33 33 33 37 418 37 37 33 33 33 37 37 33 33
44 183 44 44 183 44 44 44 44 44
8 8 95 8 8 8 8 8 8 8 8
0 0 0 0 0 0 0
13 15 15 13 13 13 15 61 15 13
13 15 61 15 13 13 13 15 15 13
658 658 29 29 29 658 644 658 69 1052 1489 644 29 69 29 69 1490 1052
1 1 1 1 1 1 1 1
111 97 659 659 97 111 1053 97 111 339 111 97 97 111 97 111 339 97 97 111 339 97 339 111 111 97 111 97 97 97 111 111
0 0 0 0 0 0 0
0 0 0 0 0 0 0
1 1 1 1 1 1 1 1
0 0 0 0 0 0 0
91 37 37 37 37 37 1491 37 37 91 37 37 91 37
0 0 0 0 0 0 0
18 18 18 20 20 20 18 18 20 18 20 120
0 0 0 0 0 0 0
26 36 26 116 36 36 26 26
33 37 37 33 33 418 33 37 33 37 33 33 37 33
17 22 17 117 17 17 22 22 17 22 17
1 1 1 1 1 1 1 1
70 1492 243 243 243 70 243 243 70 243 243 243 243 70 70 243 243 70
0 0 0 0 0 0 0
0 0 0 0 0 0 0
1 1 1 1 1 1 1 1
1054 187 187 187 272 187 272 1055 272 187 187 187 272 272 1056
534 811 812 534 1493 534 811 811 812 534 1494 534 812
0 0 0 0 0 0 0
17 22 17 22 22 17 17 17 22 17 117
4 4 4 4 4 4 4 4 4 4 4
49 49 49 49 289 49 49
0 0 0 0 0 0 0
19 19 19 19 19 19 19 19 19 19 19 19 19 19 19
2 2 2 2 2 2 2 2 2
11 11 11 11 11 11 11 11 11 11 11 11 11 11 11 11 11 11
0 0 0 0 0 0 0
21 21 21 21 185 21 21 21 21
1 1 1 1 1 1 1 1
8 95 8 8 8 8 8 8 8 8 8
1057 450 451 450 1058 1058 450 451 1057 451 450 450 450 1495 451 451 451
0 0 0 0 0 0 0
3 3 3 3 3 3 3 3 3 3
53 53 74 74 53 53 53 74 53 74 53 53 74 74 1059 74
2 2 2 2 2 2 2 2 2
0 0 0 0 0 0 0
35 54 35 54 35 35 54 35 236 35
1 1 1 1 1 1 1 1
16 16 16 16 16 16 16 16 16 16 16 16 16 16 16 16 16 16 16 16 16 16 16 16 16 16 16 16 16 16
6 6 6 6 6 6 6 6 6 6 6 6 6 6 6 6 6 6 6 6 6 6 6 6 6 6 6 6 6 6 6 6
1 1 1 1 1 1 1 1
53 53 74 53 1059 53 74 74 53 74 74 53 53 74 53 74
7 7 7 7 7 7 7 7 7 7 7 7
0 0 0 0 0 0 0
236 35 35 35 54 35 54 54 35 35
61 13 13 13 15 13 15 15 13 15
0 0 0 0 0 0 0
0 0 0 0 0 0 0
1 1 1 1 1 1 1 1
535 69 1496 813 46 813 813 69 46 535 1497 535 69 535 46 1498 46 535
29 46 29 46 29 46 46 46 46 46 46 29 46 46 46 1050 29 46
60 91 60 91 60 60 91 60 91 91 91 60 1499 60
1 1 1 1 1 1 1 1
49 49 49 49 49 49 289
814 814 171 1500 156 660 452 660 171 1501 171 1502 452 815 452 660 816 816 156 453 156 815 816 453 453 452 452 814 452 156 171 1503 815 453 453 660 171 453
0 0 0 0 0 0 0
2 2 2 2 2 2 2 2 2
0 0 0 0 0 0 0
0 0 0 0 0 0 0
163 226 163 163 226 163 226
0 0 0 0 0 0 0
87 817 87 87 87 87 87 817 87 87 87 87 1504 87 87 87 87 87 87 87 87 87 87 87 87 817 87 87 87 87 87 87 87
2 2 2 2 2 2 2 2 2
120 18 18 20 18 20 18 18 20 20 20 18
8 8 8 8 8 8 8 95 8 8 8
40 40 40 40 40 40 40 40 40 40 40 40 40 40 40 40 40 40 40 40 40 40 40 40 40 40 40 40 40 40 40
13 13 15 15 13 15 61 13 13 15
173 173 749 173 173 427 173 427
204 142 101 101 204 142 142 101 101
61 13 13 15 13 13 13 15 15 15
0 0 0 0 0 0 0
298 1060 108 298 108 108 108 1505 108 108 108 108 108 108 1506 1061 108 298 1060 108 1061 1507 1508
128 818 1509 128 270 270 128 1062 270 128 270 128 1062 128 270 818 1510 818 128 128
14 14 14 14 180 14 14 14 14 14 14 14 14
0 0 0 0 0 0 0
148 64 340 340 64 64 64 148 340 64 148 148 64 340 64 340 64 64 148 1511 64 148 64 340 340 64 340
1 1 1 1 1 1 1 1
0 0 0 0 0 0 0
26 26 116 36 36 26 36 26
39 273 1512 273 273 39 273 39 273 39 39 273 273 39 273 273 39 273
0 0 0 0 0 0 0
21 1063 1513 21 21 1063 1514 21 1515
1 1 1 1 1 1 1 1
0 0 0 0 0 0 0
15 13 13 15 13 15 61 13 13 15
41 41 41 41 22 41 41 22 22 22 592
2 2 2 2 2 2 2 2 2
0 0 0 0 0 0 0
130 386 149 149 130 661 386 1516 149 386 130 386 130 661 386 149 1517 149 149 1518 661 386 661 386
8 8 8 8 8 8 95 8 8 8 8
0 0 0 0 0 0 0
62 62 24 62 62 119 119 119 24 62 62 24 738 62 62 24 24
387 127 387 128 387 454 387 387 127 454 128 127 127 128 454 387 127 1519 128 387
0 0 0 0 0 0 0
0 0 0 0 0 0 0
76 76 57 76 76 76 76 76 76 76 57 76 57 76 76 76 76 1064 57 76 76 76
0 0 0 0 0 0 0
6 6 6 6 6 6 6 6 6 6 6 6 6 6 6 6 6 6 6 6 6 6 6 6 6 6 6 6 6 6 6 6
0 0 0 0 0 0 0
0 0 0 0 0 0 0
42 42 25 25 25 145 42 25 25
130 536 662 341 130 662 341 536 341 662 1520 130 341 536 341 662 341 536 1521 1522 341 130 536 341
0 0 0 0 0 0 0
1 1 1 1 1 1 1 1
1 1 1 1 1 1 1 1
288 48 268 48 48 48 48 268 288 1020 288 268 1022 268 268 1021
1 1 1 1 1 1 1 1
18 20 18 20 120 18 20 20 18 18 20 18
0 0 0 0 0 0 0
455 455 1065 1065 455 455 1066 455 455 1066
0 0 0 0 0 0 0
0 0 0 0 0 0 0
663 819 1523 663 663 819 37 37 37 1524 663 37 37 819
121 456 456 121 664 664 664 1525 121 121 456 121 456 121 1526 664 121 456 456
8 8 95 8 8 8 8 8 8 8 8
116 26 26 36 36 36 26 26
98 342 98 134 98 134 98 820 134 98 134 98 134 134 134 98 98 98 98 98 134 134 98 98 134 98 342 820 98 98 134 342 98 821 134 98 342 134 342 134 98 98 98 98 820 98 134 821 342 98 134 134 342 134 342 821 134 98 98 134
0 0 0 0 0 0 0
8 8 8 8 95 8 8 8 8 8 8
0 0 0 0 0 0 0
0 0 0 0 0 0 0
0 0 0 0 0 0 0
53 1527 822 53 53 665 665 665 1528 822 295 295 665 53 295 822
666 79 537 666 79 537 537 537 72 666 72 72 79 537 1529 666 79 72 72 79 79 1530
93 93 773 93 28 93 93 28 28 93 28 93 93 93 28
59 47 324 59 59 47 47 47 59 47 47 47
299 388 388 388 388 299 131 388 299 1531 161 131 131 299 299 299 161 299 299 161 161 131 299 131 388 388
0 0 0 0 0 0 0
154 177 177 99 99 99 177 177 99 154 177 99 244 154 1067 823 244 177 177 154 99 154 823 154 1532 154 99 99 99 99 1067 99 99 154 177 99 389 154 177 244 154 177 99 154 824 244 99 154 154 244 154 99 389 824 99 99 99 244 244 99 244 1533 244 99 99 389 99 1534 154 1535 389 177 389 177 244 824 99 177 154 1536 154 823 99 389 177 389 177 99 244
0 0 0 0 0 0 0
13 13 61 15 13 15 13 15 15 13
4 4 4 4 4 4 4 4 4 4 4
2 2 2 2 2 2 2 2 2
227 112 112 227 227 274 825 274 1537 1538 227 112 274 112 1539 825 274 227 274 825 227
109 334 109 334 78 78 109 78 78 78 78 78 78 109
29 29 39 29 39 39 788 29 39 29 29 29 39 29 29 29 39 39
0 0 0 0 0 0 0
0 0 0 0 0 0 0
0 0 0 0 0 0 0
1 1 1 1 1 1 1 1
102 68 205 68 205 102 68 68 68 102 102 68
40 40 40 40 40 40 40 40 40 40 40 40 40 40 40 40 40 40 40 40 40 40 40 40 40 40 40 40 40 40 40
19 19 19 19 19 19 19 19 19 19 19 19 19 19 19
111 97 659 659 97 111 1053 97 111 339 111 97 97 111 97 111 339 97 97 111 339 97 339 111 111 97 111 97 97 97 111 111
170 82 170 170 82 82 1540 82 82 82 82 82 82 82 82 82 82 82 82
141 141 141 53 53 48 141 141 53 48 53 141 48 1068 48 48
0 0 0 0 0 0 0
245 113 1069 245 113 113 113 113 113 113 1541 538 113 245 113 113 245 113 245 245 113 113 245 113 113 113 113 1069 538 245 113 113 113 245 245 538 538 113 113 113 538 113 245
1542 539 58 539 667 58 58 539 667 539 58 1543 667 539 667
0 0 0 0 0 0 0
0 0 0 0 0 0 0
25 25 145 25 42 25 42 42 25
2 2 2 2 2 2 2 2 2
0 0 0 0 0 0 0
21 21 21 21 21 21 185 21 21
195 195 195 540 541 195 541 195 195 541 195 540 541 541 195 195 195 540 195 540 540 195 195
0 0 0 0 0 0 0
0 0 0 0 0 0 0
2 2 2 2 2 2 2 2 2
0 0 0 0 0 0 0
0 0 0 0 0 0 0
9 9 9 9 9 9 9 9 9 9 9 9 9 9 9 9 9
0 0 0 0 0 0 0
13 13 61 15 13 15 13 15 15 13
68 68 102 102 205 68 68 68 205 102 102 68
668 70 668 1544 70 1070 826 668 826 70 826 1545 70 1546 70 1070 668 70
33 92 33 92 92 92 33 92 92 92 33 1008 92 92
8 8 8 8 8 8 8 8 8 95 8
8 8 8 8 8 8 8 8 95 8 8
9 9 9 9 9 9 9 9 9 9 9 9 9 9 9 9 9
117 17 22 17 22 17 17 17 17 22 22
6 6 6 6 6 6 6 6 6 6 6 6 6 6 6 6 6 6 6 6 6 6 6 6 6 6 6 6 6 6 6 6
9 9 9 9 9 9 9 9 9 9 9 9 9 9 9 9 9
13 13 13 15 15 13 15 61 15 13
0 0 0 0 0 0 0
0 0 0 0 0 0 0
0 0 0 0 0 0 0
13 13 13 13 15 15 61 13 15 15
178 178 85 85 85 85 85 85 85 85 178 85 85 178 178 178 85 85 85 178 85 85 178 85 178 85 85 85 1547 85 85 178 85 85 85 178 85 85 85 85 178 85 178 178 178 85
300 300 300 275 275 275 300 300 275 300 275 275 300 1548 275 300 275 300 275 275
183 44 44 44 44 183 44 44 44 44
0 0 0 0 0 0 0
0 0 0 0 0 0 0
24 52 24 52 24 52 52 24 24 24 657 24 24 52 52 24 24
1071 203 203 203 203 203 48 48 1071 203 1549 48 48 48 203 203
206 38 908 206 57 206 38 79 79 57 38 38 79 38 79 38 79 57 38 57 79 38
8 95 8 8 8 8 8 8 8 8 8
0 0 0 0 0 0 0
42 25 25 145 42 25 42 25 25
14 14 14 14 14 14 14 180 14 14 14 14 14
133 1550 108 108 1551 827 108 298 298 1552 133 669 669 827 669 1553 133 133 669 133 108 827 298
17 22 17 22 22 17 117 17 17 17 22
670 1554 264 121 264 670 264 670 670 121 1555 264 121 121 121 264 121 121 1556
213 947 262 262 949 948 262 213 213 262 213 213 262 213
2 2 2 2 2 2 2 2 2
0 0 0 0 0 0 0
0 0 0 0 0 0 0
34 30 30 34 228 30 30 34 65 65 30 30 34 34 34 30 30 34 30 65 34 30 65 34 30 65 30 34 65 30 30 30 34 30 228 30 34 671 65 34 30 65 34 30 65 65 34 34 30 34 228
1 1 1 1 1 1 1 1
0 0 0 0 0 0 0
29 1557 29 457 29 672 457 29 29 457 672 1558 672 1559 457 457 672 457
15 13 13 15 13 15 13 15 61 13
1 1 1 1 1 1 1 1
458 673 458 458 674 673 674
343 343 1560 135 343 135 675 343 343 135 135 135 1561 1072 675 343 135 135 135 135 675 135 135 135 135 135 343 1072 135 135 343 135 135 675 135 135
16 16 16 16 16 16 16 16 16 16 16 16 16 16 16 16 16 16 16 16 16 16 16 16 16 16 16 16 16 16
11 11 11 11 11 11 11 11 11 11 11 11 11 11 11 11 11 11
9 9 9 9 9 9 9 9 9 9 9 9 9 9 9 9 9
29 39 39 39 788 29 39 29 29 39 29 29 29 39 29 29 39 29
117 22 17 17 17 22 17 22 22 17 17
219 188 147 188 219 188 188 188 147 188 188 219 188 147 188 1562 188 219 188 147 188 219 219 188 147 219 147 188 219
20 18 18 18 20 120 18 18 18 20 20 20
0 0 0 0 0 0 0
0 0 0 0 0 0 0
0 0 0 0 0 0 0
344 222 129 64 64 1073 64 64 344 129 64 1073 344 344 344 64 64 344 1563 129 129 222 344 129 222 64 344
25 145 42 42 42 25 25 25 25
3 3 3 3 3 3 3 3 3 3
0 0 0 0 0 0 0
3 3 3 3 3 3 3 3 3 3
1564 676 459 459 459 459 676 676 676 459 459
0 0 0 0 0 0 0
117 22 17 17 22 17 22 17 22 17 17
36 26 26 116 26 36 26 36
542 24 542 542 1565 1566 24 542 542 224 1567 224 224 24 24 24 224
0 0 0 0 0 0 0
2 2 2 2 2 2 2 2 2
0 0 0 0 0 0 0
0 0 0 0 0 0 0
8 1074 1568 1569 1074 8 8 8 1570 8 1571
0 0 0 0 0 0 0
0 0 0 0 0 0 0
117 17 17 22 22 17 17 22 17 17 22
32 32 41 32 32 32 41 259 41 32 32
2 2 2 2 2 2 2 2 2
0 0 0 0 0 0 0
505 28 28 58 58 28 28 28 28 58 28 28 28 28 58
16 16 16 16 16 16 16 16 16 16 16 16 16 16 16 16 16 16 16 16 16 16 16 16 16 16 16 16 16 16
1 1 1 1 1 1 1 1
0 0 0 0 0 0 0
223 390 390 390 1572 1573 223 390 1574 390 223 223 390 390
1 1 1 1 1 1 1 1
0 0 0 0 0 0 0
68 102 102 68 68 205 68 68 102 68 102 205
0 0 0 0 0 0 0
418 37 33 37 37 33 33 33 37 33 33 33 37 33
49 289 49 49 49 49 49
31 56 56 292 56 292 56 292 31 31 765 56 31
677 164 164 677 164 164 164 1075 164 164 164
1 1 1 1 1 1 1 1
0 0 0 0 0 0 0
68 102 102 68 68 205 68 68 102 68 102 205
8 8 8 8 8 8 8 8 95 8 8
0 0 0 0 0 0 0
1 1 1 1 1 1 1 1
112 112 227 100 112 1575 112 112 112 100 112 112 100 112 112 100 227 100 112 112 227
0 0 0 0 0 0 0
0 0 0 0 0 0 0
0 0 0 0 0 0 0
15 13 15 13 13 61 15 15 13 13
0 0 0 0 0 0 0
20 18 18 18 18 20 20 120 20 18 20 18
20 20 1076 1576 828 20 20 828 1577 1076 828 20
32 32 41 32 32 259 41 32 41 32 32
829 1578 829 829 1077 322 322 322 830 1579 830 830 322 1077
0 0 0 0 0 0 0
0 0 0 0 0 0 0
1 1 1 1 1 1 1 1
16 16 16 16 16 16 16 16 16 16 16 16 16 16 16 16 16 16 16 16 16 16 16 16 16 16 16 16 16 16
0 0 0 0 0 0 0
2 2 2 2 2 2 2 2 2
0 0 0 0 0 0 0
8 8 8 8 8 8 8 95 8 8 8
1 1 1 1 1 1 1 1
14 14 180 14 14 14 14 14 14 14 14 14 14
0 0 0 0 0 0 0
1 1 1 1 1 1 1 1
19 19 19 19 19 19 19 19 19 19 19 19 19 19 19
0 0 0 0 0 0 0
1 1 1 1 1 1 1 1
0 0 0 0 0 0 0
4 4 4 4 4 4 4 4 4 4 4
91 91 543 543 678 543 678 91 1580 543 678 1581 678 543
0 0 0 0 0 0 0
0 0 0 0 0 0 0
81 81 81 260 81 260 81 81
3 3 3 3 3 3 3 3 3 3
0 0 0 0 0 0 0
56 56 51 56 51 56 51 51 51 56 428 51 51
34 30 30 34 228 30 30 34 65 65 30 30 34 34 34 30 30 34 30 65 34 30 65 34 30 65 30 34 65 30 30 30 34 30 228 30 34 671 65 34 30 65 34 30 65 65 34 34 30 34 228
8 8 8 8 8 8 8 8 95 8 8
11 11 11 11 11 11 11 11 11 11 11 11 11 11 11 11 11 11
26 36 36 116 36 26 26 26
1 1 1 1 1 1 1 1
0 0 0 0 0 0 0
1078 1078 831 831 460 460 460 460 460 831 460
3 3 3 3 3 3 3 3 3 3
0 0 0 0 0 0 0
1 1 1 1 1 1 1 1
28 28 28 505 58 58 28 58 28 28 58 28 28 28 28
679 679 254 679 254 254 254 1079 679 254 1079
61 13 13 15 13 13 15 15 15 13
0 0 0 0 0 0 0
0 0 0 0 0 0 0
43 43 43 43 778 43 43 43 43 43 43 43 43 43 43
15 15 13 13 15 61 13 13 15 13
22 22 22 592 41 41 41 41 22 41 41
17 17 17 17 17 117 22 22 17 22 22
1 1 1 1 1 1 1 1
0 0 0 0 0 0 0
117 22 17 17 17 22 17 17 22 22 17
1 1 1 1 1 1 1 1
21 21 185 21 21 21 21 21 21
13 15 15 13 61 15 13 15 13 13
0 0 0 0 0 0 0
0 0 0 0 0 0 0
3 3 3 3 3 3 3 3 3 3
19 19 19 19 19 19 19 19 19 19 19 19 19 19 19
3 3 3 3 3 3 3 3 3 3
0 0 0 0 0 0 0
345 131 544 832 345 1582 131 544 345 345 345 131 832 1583 544 1584 345 832 345 1585 345 544 131 131 1586 544
0 0 0 0 0 0 0
11 11 11 11 11 11 11 11 11 11 11 11 11 11 11 11 11 11
833 33 33 1587 833 91 1080 33 33 833 91 91 1588 1080
129 222 129 129 148 148 129 222 148 129 222 1589 129 64 129 129 222 148 222 148 64 129 64 148 129 222 64
33 37 37 33 33 33 37 33 33 418 33 37 33 37
1 1 1 1 1 1 1 1
1 1 1 1 1 1 1 1
145 25 25 25 42 42 42 25 25
1 1 1 1 1 1 1 1
2 2 2 2 2 2 2 2 2
0 0 0 0 0 0 0
25 25 42 42 42 25 145 25 25
0 0 0 0 0 0 0
1 1 1 1 1 1 1 1
1 1 1 1 1 1 1 1
246 115 246 115 1081 115 115 246 115 115 1590 1591 545 115 680 246 246 115 246 680 115 115 246 680 115 115 115 115 1081 545 115 246 115 115 115 545 246 545 115 246 115 115 545 680 246 115 115
0 0 0 0 0 0 0
2 2 2 2 2 2 2 2 2
0 0 0 0 0 0 0
0 0 0 0 0 0 0
173 173 173 173 749 427 427 173
11 11 11 11 11 11 11 11 11 11 11 11 11 11 11 11 11 11
0 0 0 0 0 0 0
11 11 11 11 11 11 11 11 11 11 11 11 11 11 11 11 11 11
101 101 101 142 142 204 101 204 142
7 7 7 7 7 7 7 7 7 7 7 7
14 14 14 14 14 14 14 14 14 180 14 14 14
100 112 100 1592 834 100 835 100 834 112 835 112 100 100 835 112 100 100 100 100 834
346 155 136 346 136 155 836 136 136 155 347 347 136 136 155 155 155 136 136 346 155 346 136 347 155 346 346 136 347 155 136 346 1082 136 155 1082 136 136 136 155 136 836 136 155 1593 347 155 136 347 155 136 347 347 155 155 136 155 836 346
1 1 1 1 1 1 1 1
19 19 19 19 19 19 19 19 19 19 19 19 19 19 19
13 15 13 13 61 13 13 15 15 15
0 0 0 0 0 0 0
0 0 0 0 0 0 0
1083 837 461 837 1084 461 1594 1595 461 838 1083 837 838 461 461 461 1596 838 1597 1084
93 773 28 28 93 28 28 93 93 93 93 93 93 28 93
2 2 2 2 2 2 2 2 2
95 8 8 8 8 8 8 8 8 8 8
0 0 0 0 0 0 0
7 7 7 7 7 7 7 7 7 7 7 7
19 19 19 19 19 19 19 19 19 19 19 19 19 19 19
16 16 16 16 16 16 16 16 16 16 16 16 16 16 16 16 16 16 16 16 16 16 16 16 16 16 16 16 16 16
3 3 3 3 3 3 3 3 3 3
61 13 13 15 15 13 13 15 15 13
35 54 35 35 236 54 35 35 54 35
24 52 24 24 24 657 24 52 24 52 24 24 52 24 52 24 52
196 89 196 89 196 1085 89 196 89 89 89 89 196 89 89 196 89 196 89 196 89 196 89 89 196 89 196 196 89 89 89 89 89 89 89 1085 89 89 89 89 196 89 89
26 36 116 26 36 36 26 26
0 0 0 0 0 0 0
47 47 47 324 59 59 59 59 47 47 47 47
54 1598 54 54 54 54 54 54 54 54
0 0 0 0 0 0 0
0 0 0 0 0 0 0
13 13 13 15 13 15 15 13 61 15
1 1 1 1 1 1 1 1
0 0 0 0 0 0 0
8 95 8 8 8 8 8 8 8 8 8
106 462 55 55 106 462 462 106 55 106 106 462 55 106 55 55 106 55 55 55 106 106 55 55 55 55 106 462 106 462 106 55 55 1599
25 42 25 42 145 25 25 25 42
61 15 13 13 13 13 13 15 15 15
1 1 1 1 1 1 1 1
34 30 30 34 228 30 30 34 65 65 30 30 34 34 34 30 30 34 30 65 34 30 65 34 30 65 30 34 65 30 30 30 34 30 228 30 34 671 65 34 30 65 34 30 65 65 34 34 30 34 228
22 17 22 117 17 22 17 22 17 17 17
0 0 0 0 0 0 0
21 21 21 21 21 21 21 21 185
6 6 6 6 6 6 6 6 6 6 6 6 6 6 6 6 6 6 6 6 6 6 6 6 6 6 6 6 6 6 6 6
20 20 20 120 20 18 18 18 18 20 18 18
463 839 463 463 463 463 839 839 463
0 0 0 0 0 0 0
2 2 2 2 2 2 2 2 2
0 0 0 0 0 0 0
840 840 1600 840 1086 1087 1087 1086 1601
0 0 0 0 0 0 0
46 29 46 1602 29 29 29 29 29 29 29 29 29 69 69 69 46 46
0 0 0 0 0 0 0
2 2 2 2 2 2 2 2 2
0 0 0 0 0 0 0
1 1 1 1 1 1 1 1
9 9 9 9 9 9 9 9 9 9 9 9 9 9 9 9 9
15 61 13 13 15 13 13 15 13 15
1603 841 162 842 1088 1088 162 162 162 842 162 1604 841 162 842 162 841 162
44 183 44 44 44 183 44 44 44 44
179 247 189 1089 247 247 179 546 1605 546 247 189 179 189 179 189 179 189 189 179 189 247 179 247 189 179 179 189 1089 189 189 189 179 179 247 247 179 247 189 247 546 546 189 546 179 179 179 247
843 843 1606 301 1607 301 229 301 843 1608 301 229 229 229 301 301 301 301 301
11 11 11 11 11 11 11 11 11 11 11 11 11 11 11 11 11 11
2 2 2 2 2 2 2 2 2
8 8 8 8 8 8 8 8 8 8 95
34 30 30 34 228 30 30 34 65 30 30 30 34 34 34 30 30 34 30 65 34 30 65 34 30 65 30 34 65 30 30 65 34 30 228 30 34 671 65 34 30 65 34 30 65 65 34 34 30 34 228
8 8 8 8 8 95 8 8 8 8 8
13 15 13 13 15 13 15 61 15 13
0 0 0 0 0 0 0
109 78 109 334 334 78 109 78 78 78 78 78 78 109
464 464 681 464 681 1609 274 274 464 464 274 464 227 227 227 274 1610 681 1611 681 274
682 547 547 682 547 682 682
82 1612 391 548 391 1613 548 82 82 82 391 391 548 82 548 391 391 548 391
110 110 37 110 808 37 110 37 110 37 110 110 110 37
0 0 0 0 0 0 0
76 76 76 57 76 57 76 57 76 76 76 76 76 76 76 57 76 76 76 76 1064 76
20 120 20 18 18 18 20 18 20 18 20 18
441 683 133 133 298 133 683 1614 133 133 1615 133 683 298 133 133 441 133 298 1616 133 683 441
1 1 1 1 1 1 1 1
226 163 226 163 226 163 163
465 465 58 465 1617 465 465 58 439 439 58 1090 465 58 1090
221 176 449 176 176 449 221 176 221 176
11 11 11 11 11 11 11 11 11 11 11 11 11 11 11 11 11 11
0 0 0 0 0 0 0
18 20 20 120 18 20 18 20 18 20 18 18
13 61 15 13 15 15 15 13 13 13
0 0 0 0 0 0 0
0 0 0 0 0 0 0
0 0 0 0 0 0 0
42 25 25 42 25 42 25 145 25
6 6 6 6 6 6 6 6 6 6 6 6 6 6 6 6 6 6 6 6 6 6 6 6 6 6 6 6 6 6 6 6
2 2 2 2 2 2 2 2 2
17 22 22 17 17 117 22 17 22 17 17
59 59 59 59 174 59 59 59 174 1618 174 59
56 56 51 51 56 56 56 51 428 51 51 51 51
8 8 95 8 8 8 8 8 8 8 8
142 101 204 204 101 101 101 142 142
3 3 3 3 3 3 3 3 3 3
18 120 20 20 20 18 18 20 18 20 18 18
1 1 1 1 1 1 1 1
844 1619 1620 549 549 549 549 1091 549 844 844 1091
1092 276 550 276 1621 348 276 276 550 348 1093 466 126 348 126 276 550 276 1622 466 126 1093 276 276 126 1092 348 466 466 276 466 348 348 276 126 348 466 550 348 550
0 0 0 0 0 0 0
13 13 15 13 13 15 13 61 15 15
22 17 17 17 22 22 22 17 17 117 17
0 0 0 0 0 0 0
8 8 8 95 8 8 8 8 8 8 8
36 36 26 116 26 36 26 26
0 0 0 0 0 0 0
467 55 55 55 467 55 55 55 55 845 55 55 55 55 846 55 55 467 55 55 55 846 845 1623 55 467 846 1624 55 55 845 55 467 467
197 197 90 1094 468 197 90 90 90 1625 468 197 90 90 684 197 197 90 90 197 197 90 468 197 197 90 90 197 684 197 468 90 90 90 1094 90 468 197 90 90 90 90 90 468 90 90 90 684 90 90 90 90 684 90
469 1095 37 469 469 469 469 1095 37 37 37 469 37 1626
8 8 8 8 8 8 8 8 8 8 95
6 6 6 6 6 6 6 6 6 6 6 6 6 6 6 6 6 6 6 6 6 6 6 6 6 6 6 6 6 6 6 6
0 0 0 0 0 0 0
15 15 13 13 15 61 13 15 13 13
0 0 0 0 0 0 0
0 0 0 0 0 0 0
1 1 1 1 1 1 1 1
67 60 60 60 67 67 67 60 496 60 67 60 60 67
551 1627 551 1628 847 552 551 847 552 1629 551 1630 848 1631 552 685 1632 685 1633 552 849 685 849 848 552 1634 847 551 685 1635 849 1636 1637 848
850 349 850 349 1638 349 1096 850 1639 349 1640 1096 349 349 1641 1642 349 1643 349 1644
4 4 4 4 4 4 4 4 4 4 4
10 10 10 10 10 10 10 10 10 10 10 10 10 10
4 4 4 4 4 4 4 4 4 4 4
137 137 91 137 91 137 137 137 137 137 137 137 1097 91
7 7 7 7 7 7 7 7 7 7 7 7
3 3 3 3 3 3 3 3 3 3
1 1 1 1 1 1 1 1
553 1098 553 553 553 553 1098
2 2 2 2 2 2 2 2 2
4 4 4 4 4 4 4 4 4 4 4
9 9 9 9 9 9 9 9 9 9 9 9 9 9 9 9 9
1 1 1 1 1 1 1 1
1099 686 686 687 687 687 1099 687 851 1100 1100 686 686 851 851
1 1 1 1 1 1 1 1
5 5 5 5 5 5 5 5 5 5 5 5 5 5 5 5 5 5 5 5
1 1 1 1 1 1 1 1
1 1 1 1 1 1 1 1
4 4 4 4 4 4 4 4 4 4 4
15 13 13 61 15 13 15 15 13 13
277 277 1645 688 277 302 1646 302 277 277 302 277 277 302 302 277 688 277 302 277 302 302 688 302 688
0 0 0 0 0 0 0
0 0 0 0 0 0 0
2 2 2 2 2 2 2 2 2
185 21 21 21 21 21 21 21 21
2 2 2 2 2 2 2 2 2
1 1 1 1 1 1 1 1
0 0 0 0 0 0 0
0 0 0 0 0 0 0
0 0 0 0 0 0 0
689 165 165 165 689 165 165 165 165 165
3 3 3 3 3 3 3 3 3 3
2 2 2 2 2 2 2 2 2
1 1 1 1 1 1 1 1
4 4 4 4 4 4 4 4 4 4 4
198 1647 1648 1649 392 1650 198 198 1101 554 392 198 392 1101 1102 852 1102 198 198 198 1651 198 392 554 554 554 198 198 1103 198 852 554 392 1652 392 392 1103 1104 852 1653 1104 198 198
393 393 555 853 1654 555 854 394 1655 393 1105 1106 394 556 394 1105 555 1106 1656 853 393 393 1657 853 393 1658 1659 1107 854 1660 394 855 855 1661 394 556 393 555 1662 394 1108 1663 394 855 556 1108 556 854 1664 1665 1107 556 555 1666
128 690 454 470 690 1109 128 470 454 690 470 470 128 470 454 128 1109 470 1667 690
0 0 0 0 0 0 0
2 2 2 2 2 2 2 2 2
856 350 350 350 350 471 471 471 350 471 471 350 856 471 350 856 350
23 23 23 23 23 23 23 23 23 23 23 23 23 23 23 23 23 23 23
7 7 7 7 7 7 7 7 7 7 7 7
0 0 0 0 0 0 0
63 63 172 172 256 63 63 256 63 172 63 63 63
0 0 0 0 0 0 0
230 230 395 1668 395 230 691 395 230 691 395 395 230 230 230 691 396 396 396 396 230 230 395 230 396 396 230 230 691 396 395
1 1 1 1 1 1 1 1
0 0 0 0 0 0 0
258 258 604 258 258 937 258 604
547 692 351 351 692 351 351
2 2 2 2 2 2 2 2 2
0 0 0 0 0 0 0
1 1 1 1 1 1 1 1
43 43 43 43 43 778 43 43 43 43 43 43 43 43 43
557 557 857 857 1110 557 857 557 557 1110
1 1 1 1 1 1 1 1
123 52 52 52 123 123 52 123 123 123 932 52 123 123 123 52 123
2 2 2 2 2 2 2 2 2
558 1111 472 472 397 1669 1670 397 472 1671 1112 1113 1114 1672 397 558 1673 397 472 472 397 558 1674 558 1115 558 1111 1113 397 1115 397 1114 1675 472 1112
47 59 47 59 47 47 47 59 47 324 59 47
2 2 2 2 2 2 2 2 2
236 54 35 54 35 35 35 35 54 35
1 1 1 1 1 1 1 1
100 352 398 352 352 398 352 352 100 398 398 352 1676 398 352 398 100 100 398 352 100
2 2 2 2 2 2 2 2 2
9 9 9 9 9 9 9 9 9 9 9 9 9 9 9 9 9
63 63 172 172 256 63 63 256 63 172 63 63 63
0 0 0 0 0 0 0
7 7 7 7 7 7 7 7 7 7 7 7
14 14 14 14 14 14 14 14 14 14 14 14 180
858 59 693 1677 59 858 693 693 858 59 693 59
278 278 1678 1116 303 303 1116 278 278 303 278 303 303 303 278 303 303 278 1679 303 278 278 278
20 18 18 120 18 20 18 20 18 20 20 18
1 1 1 1 1 1 1 1
132 132 338 132 88 88 88 88 132 338 88 88 132 88
694 279 279 279 279 279 279 694 694 279 694 279 279 279
559 1117 1117 859 560 559 560 560 1680 559 560 559 560 859 559 859
1118 353 353 353 1681 1682 353 399 399 353 353 399 399 399 353 1119 353 1119 399 399 1118
0 0 0 0 0 0 0
1 1 1 1 1 1 1 1
119 695 1120 400 1683 119 400 695 695 400 400 400 119 1120 695 400 400
1 1 1 1 1 1 1 1
1 1 1 1 1 1 1 1
1121 860 860 473 473 861 860 473 861 861 1121 473 1684 473 473
2 2 2 2 2 2 2 2 2
2 2 2 2 2 2 2 2 2
474 354 280 354 354 474 280 280 280 474 280 354
26 26 36 26 26 116 36 36
2 2 2 2 2 2 2 2 2
75 75 696 696 75 1122 696 696 1123 75 75 1122 1123
2 2 2 2 2 2 2 2 2
10 10 10 10 10 10 10 10 10 10 10 10 10 10
1 1 1 1 1 1 1 1
401 231 231 401 401 1124 231 401 1124 231 231 231 401 231 231 231 231 1685 401 231 401 231
20 20 1686 862 20 862 1125 862 1687 20 1125 20
84 84 75 75 84 269 269 75 75 84 84 84 75
54 35 35 35 35 54 54 35 236 35
0 0 0 0 0 0 0
110 37 37 37 37 808 110 110 110 110 110 110 110 37
14 14 14 14 180 14 14 14 14 14 14 14 14
1 1 1 1 1 1 1 1
3 3 3 3 3 3 3 3 3 3
4 4 4 4 4 4 4 4 4 4 4
692 547 351 351 351 692 351
0 0 0 0 0 0 0
697 39 697 39 1688 863 864 864 39 39 863 39 39 39 697 864 863 697
5 5 5 5 5 5 5 5 5 5 5 5 5 5 5 5 5 5 5 5
2 2 2 2 2 2 2 2 2
9 9 9 9 9 9 9 9 9 9 9 9 9 9 9 9 9
17 17 1689 1690 17 17 41 17 41 17 41
9 9 9 9 9 9 9 9 9 9 9 9 9 9 9 9 9
2 2 2 2 2 2 2 2 2
2 2 2 2 2 2 2 2 2
18 18 20 20 20 18 20 18 120 18 18 20
0 0 0 0 0 0 0
0 0 0 0 0 0 0
0 0 0 0 0 0 0
2 2 2 2 2 2 2 2 2
10 10 10 10 10 10 10 10 10 10 10 10 10 10
0 0 0 0 0 0 0
23 23 23 23 23 23 23 23 23 23 23 23 23 23 23 23 23 23 23
0 0 0 0 0 0 0
163 226 163 163 163 226 226
2 2 2 2 2 2 2 2 2
0 0 0 0 0 0 0
3 3 3 3 3 3 3 3 3 3
355 356 355 356 698 355 356 698 355 356
2 2 2 2 2 2 2 2 2
5 5 5 5 5 5 5 5 5 5 5 5 5 5 5 5 5 5 5 5
0 0 0 0 0 0 0
7 7 7 7 7 7 7 7 7 7 7 7
1 1 1 1 1 1 1 1
2 2 2 2 2 2 2 2 2
2 2 2 2 2 2 2 2 2
75 84 75 269 84 84 84 84 75 75 269 84 75
53 53 103 103 103 53 295 1691 103 103 103 103 103 295 53 295
1692 357 699 357 699 357 699 699 1693 357 357 357 357 357 1126 1126
1 1 1 1 1 1 1 1
358 150 358 150 150 150 150 358 358 150 150 150 700 150 700
35 54 236 35 35 54 35 54 35 35
2 2 2 2 2 2 2 2 2
475 475 1127 359 1694 359 359 475 359 475 1695 359 359 475 359 359 475 1127
1696 865 561 561 562 562 562 561 1697 865 562 865 561 562 561
23 23 23 23 23 23 23 23 23 23 23 23 23 23 23 23 23 23 23
67 67 496 60 60 60 60 60 67 67 60 67 67 60
122 147 122 122 1698 122 437 147 122 80 122 122 147 122 122 147 122 80 122 122 80 147 122 147 122 80 437 80 437
701 476 1128 477 476 166 166 360 702 360 166 166 166 1129 360 477 1130 1131 476 702 701 1132 477 166 166 166 360
10 10 10 10 10 10 10 10 10 10 10 10 10 10
1 1 1 1 1 1 1 1
25 42 42 42 145 25 25 25 25
0 0 0 0 0 0 0
1 1 1 1 1 1 1 1
0 0 0 0 0 0 0
4 4 4 4 4 4 4 4 4 4 4
0 0 0 0 0 0 0
1 1 1 1 1 1 1 1
1 1 1 1 1 1 1 1
1 1 1 1 1 1 1 1
5 5 5 5 5 5 5 5 5 5 5 5 5 5 5 5 5 5 5 5
1 1 1 1 1 1 1 1
0 0 0 0 0 0 0
22 17 17 22 17 17 22 117 17 22 17
141 53 141 48 141 53 48 48 53 141 141 141 53 48 48 1068
5 5 5 5 5 5 5 5 5 5 5 5 5 5 5 5 5 5 5 5
281 281 281 281 866 281 281 281 866 281 866 281 281
2 2 2 2 2 2 2 2 2
88 88 132 132 88 132 88 88 338 338 88 132 132 88
31 373 45 45 31 45 45 45 45 31 45 31 45
703 704 704 109 232 109 232 109 232 703 232 109 232 232
0 0 0 0 0 0 0
1 1 1 1 1 1 1 1
2 2 2 2 2 2 2 2 2
3 3 3 3 3 3 3 3 3 3
8 95 8 8 8 8 8 8 8 8 8
2 2 2 2 2 2 2 2 2
151 1133 151 151 867 151 151 1699 151 151 151 151 1700 151 151 867 1133 1701 151 867 151 151 151 151 1702 151 151
3 3 3 3 3 3 3 3 3 3
402 402 1703 402 705 706 1704 705 402 706 402 706 706 705 402 402 705 1705
23 23 23 23 23 23 23 23 23 23 23 23 23 23 23 23 23 23 23
49 49 49 49 49 289 49
199 199 563 868 869 190 190 190 199 563 199 563 1134 199 564 190 1134 868 564 199 190 199 868 564 190 1706 563 199 869 564 190 564 199 869 190 563 199 1707 190 1135 1708 199 190 190 1135 190 199 190 199 190
0 0 0 0 0 0 0
1709 1136 1137 1710 1711 1138 1139 1712 1138 1137 1139 1136
7 7 7 7 7 7 7 7 7 7 7 7
0 0 0 0 0 0 0
3 3 3 3 3 3 3 3 3 3
1 1 1 1 1 1 1 1
11 11 11 11 11 11 11 11 11 11 11 11 11 11 11 11 11 11
2 2 2 2 2 2 2 2 2
2 2 2 2 2 2 2 2 2
9 9 9 9 9 9 9 9 9 9 9 9 9 9 9 9 9
3 3 3 3 3 3 3 3 3 3
3 3 3 3 3 3 3 3 3 3
0 0 0 0 0 0 0
78 78 78 78 334 334 78 109 78 109 78 109 78 109
1 1 1 1 1 1 1 1
428 51 51 51 51 56 51 56 51 56 51 56 56
0 0 0 0 0 0 0
2 2 2 2 2 2 2 2 2
9 9 9 9 9 9 9 9 9 9 9 9 9 9 9 9 9
59 47 59 47 47 47 324 47 59 59 47 47
0 0 0 0 0 0 0
2 2 2 2 2 2 2 2 2
326 326 266 326 438 438 266 438 266 266 266 326
58 43 43 58 169 907 43 169 58 58 43 43 169 43 43
361 167 167 707 167 708 361 361 478 167 707 167 167 478 478 361 708 167 167
200 1713 1714 403 200 200 870 1140 1715 871 403 200 403 1140 1716 200 200 200 1717 200 870 403 1141 871 200 200 1142 200 403 403 1718 1719 1142 870 403 1720 1141 200 871 200
22 17 17 22 17 17 17 22 117 17 22
2 2 2 2 2 2 2 2 2
1 1 1 1 1 1 1 1
1 1 1 1 1 1 1 1
2 2 2 2 2 2 2 2 2
0 0 0 0 0 0 0
1 1 1 1 1 1 1 1
3 3 3 3 3 3 3 3 3 3
77 77 77 77 77 77 53 77 53 77 77 77 53 53 77 872
51 56 51 51 51 56 428 56 56 51 51 51 56
0 0 0 0 0 0 0
2 2 2 2 2 2 2 2 2
3 3 3 3 3 3 3 3 3 3
2 2 2 2 2 2 2 2 2
565 1143 566 709 1721 873 709 874 1722 362 1723 1144 1724 282 565 362 565 874 1144 709 873 875 1725 1726 876 282 1143 1727 362 875 565 566 567 877 1728 876 567 282 874 567 282 873 567 566 362 877 1729 1730 282 1731 362 709 1732 282 362 566 1733 362 875 567 877 876 362 282 1734 1735 1736 1737 1145 282 1738 1739 1145 565 1740 566 282 282
1146 568 1741 568 1742 568 1147 1147 568 112 100 100 1743 1146 100 112 112 112 568 100 100
0 0 0 0 0 0 0
878 404 1744 1745 363 879 363 479 1148 879 1149 710 363 1150 363 404 1151 878 479 1151 1149 1152 710 404 710 1153 363 1746 1150 710 1153 363 479 404 479 479 404 1152 879 363 404 1148 404 479 878 363
0 0 0 0 0 0 0
31 31 31 31 31 31 31 31 906 31 31 31 31
283 405 105 405 569 405 105 283 1747 405 283 105 1748 283 405 569 405 569 283 283 405 105 569 283 283 569 283 283
1 1 1 1 1 1 1 1
711 712 711 480 712 480 480 711 712 480 480 480 712 711
0 0 0 0 0 0 0
4 4 4 4 4 4 4 4 4 4 4
10 10 10 10 10 10 10 10 10 10 10 10 10 10
1 1 1 1 1 1 1 1
77 53 77 77 53 77 77 77 53 77 77 77 872 77 77 53
164 164 1075 677 677 164 164 164 164 164 164
1 1 1 1 1 1 1 1
256 63 63 63 63 63 172 63 256 63 172 172 63
45 45 45 31 373 45 45 31 45 45 31 45 31
3 3 3 3 3 3 3 3 3 3
0 0 0 0 0 0 0
1 1 1 1 1 1 1 1
17 22 17 17 22 17 17 117 22 22 17
5 5 5 5 5 5 5 5 5 5 5 5 5 5 5 5 5 5 5 5
0 0 0 0 0 0 0
11 11 11 11 11 11 11 11 11 11 11 11 11 11 11 11 11 11
364 248 248 248 284 364 364 364 248 364 284 284 248 248 364 284 284 284 248 248 248 364 284 248 364 1749 284 1750 248 284 284
4 4 4 4 4 4 4 4 4 4 4
1751 570 481 570 570 880 570 570 481 880 880
2 2 2 2 2 2 2 2 2
51 56 51 56 56 51 56 51 51 51 56 428 51
145 25 42 25 42 25 25 42 25
1 1 1 1 1 1 1 1
0 0 0 0 0 0 0
703 704 704 109 232 109 232 109 232 703 232 109 232 232
482 114 881 233 114 86 86 882 152 482 114 152 86 233 152 114 114 152 86 114 233 86 114 483 114 152 86 483 152 883 86 884 233 86 86 86
0 0 0 0 0 0 0
4 4 4 4 4 4 4 4 4 4 4
0 0 0 0 0 0 0
4 4 4 4 4 4 4 4 4 4 4
0 0 0 0 0 0 0
1 1 1 1 1 1 1 1
0 0 0 0 0 0 0
0 0 0 0 0 0 0
2 2 2 2 2 2 2 2 2
0 0 0 0 0 0 0
406 406 407 1752 885 886 1154 406 571 885 1753 571 407 1154 1754 887 1155 571 1755 887 1756 407 886 1156 1757 407 1157 1758 1157 1759 1760 407 887 406 406 1156 1761 407 885 406 407 1155 406 886 1762 571 571 1763
1158 572 713 1159 160 573 1160 714 1161 573 160 160 1158 714 160 573 1161 572 714 160 1764 888 573 713 1160 713 1159 713 1765 1766 572 572 1767 160 714 1768 1769 160 888 888 573 572 160
0 0 0 0 0 0 0
9 9 9 9 9 9 9 9 9 9 9 9 9 9 9 9 9
0 0 0 0 0 0 0
1 1 1 1 1 1 1 1
331 445 331 330 330 445 330 331 445 330 331
11 11 11 11 11 11 11 11 11 11 11 11 11 11 11 11 11 11
1 1 1 1 1 1 1 1
24 24 657 52 24 24 24 52 24 52 24 52 52 52 24 24 24
0 0 0 0 0 0 0
88 88 338 88 132 338 88 88 132 88 132 88 132 132
1770 1771 408 1772 1162 715 408 408 1162 889 715 890 408 890 408 715 889 408 1773 408 715 889 890
45 31 45 31 45 45 31 45 45 45 31 45 373
50 50 38 38 599 38 50 38 38 50 50 50 50 38 38 50 50 50 38 50 50 50
0 0 0 0 0 0 0
2 2 2 2 2 2 2 2 2
20 20 18 20 18 18 20 20 120 18 18 18
2 2 2 2 2 2 2 2 2
272 187 1054 187 187 272 272 187 1055 187 272 1056 272 187 187
2 2 2 2 2 2 2 2 2
1163 234 716 484 234 234 484 234 717 716 1164 234 717 234 716 234 484 484 717 717 484 234 234 1163 484 234 234 1164 716 234
2 2 2 2 2 2 2 2 2
4 4 4 4 4 4 4 4 4 4 4
61 13 15 13 13 15 15 13 13 15
9 9 9 9 9 9 9 9 9 9 9 9 9 9 9 9 9
1 1 1 1 1 1 1 1
2 2 2 2 2 2 2 2 2
574 891 574 575 574 574 575 891 575 574 891 575 575
0 0 0 0 0 0 0
145 25 42 25 42 25 42 25 25
75 75 269 84 75 84 84 84 75 75 84 269 84
1 1 1 1 1 1 1 1
3 3 3 3 3 3 3 3 3 3
2 2 2 2 2 2 2 2 2
3 3 3 3 3 3 3 3 3 3
25 42 25 25 42 42 25 145 25
1 1 1 1 1 1 1 1
1 1 1 1 1 1 1 1
18 18 120 18 20 20 18 20 20 18 20 18
997 70 70 39 70 70 39 46 39 70 70 46 46 39 39 46 39 39
0 0 0 0 0 0 0
51 51 51 1774 1165 1166 1166 51 51 1775 51 1165 51
1776 718 576 718 718 1777 576 1778 576 576 718 576
201 409 409 1779 202 1780 202 409 201 201 1781 1167 202 1782 202 201 1167 201 892 201 201 202 409 201 1783 719 577 202 201 201 202 1784 201 893 719 893 202 1785 577 409 202 892 1786 409 719 1787 409 892 893 577 202 577 1788 1789 202 1790 202 1791 201 577 202 719 201
1 1 1 1 1 1 1 1
1 1 1 1 1 1 1 1
75 84 269 75 84 84 84 84 75 84 75 269 75
0 0 0 0 0 0 0
3 3 3 3 3 3 3 3 3 3
168 168 168 168 168 485 168 168 168 168 168 1792 168 168 485 168 168 485 485 485 168 1793 168 485 1794
0 0 0 0 0 0 0
720 721 720 1168 1795 578 578 578 578 1796 1797 721 721 1798 578 1169 1168 720 1169 1799 720 721 1800
1 1 1 1 1 1 1 1
3 3 3 3 3 3 3 3 3 3
68 102 102 68 68 205 205 102 68 68 102 68
1 1 1 1 1 1 1 1
2 2 2 2 2 2 2 2 2
410 1170 29 29 894 410 410 1170 29 410 410 29 894 29 894 410 410 1801
0 0 0 0 0 0 0
41 32 32 32 32 32 41 41 259 32 32
47 59 47 59 47 47 59 324 59 47 47 47
411 224 119 224 119 1802 411 411 1803 1804 411 119 411 411 224 411 224
10 10 10 10 10 10 10 10 10 10 10 10 10 10
163 226 163 163 226 226 163
31 579 579 31 579 1805 1171 1806 1171 31 31 579 579
0 0 0 0 0 0 0
2 2 2 2 2 2 2 2 2
0 0 0 0 0 0 0
0 0 0 0 0 0 0
0 0 0 0 0 0 0
486 722 1807 487 895 722 487 486 895 486 486 487 722 486 487 487 722 895 486 487
0 0 0 0 0 0 0
285 285 365 365 365 285 285 285 365 481 481
474 354 280 354 354 474 474 280 280 280 280 354
74 103 74 103 103 74 74 74 103 103 74 103 917 74 103 103
23 23 23 23 23 23 23 23 23 23 23 23 23 23 23 23 23 23 23
482 114 881 233 114 86 86 882 152 482 114 152 86 233 152 114 114 152 86 114 233 86 114 483 114 152 86 483 152 883 86 884 233 86 86 86
0 0 0 0 0 0 0
49 289 49 49 49 49 49
488 723 1808 580 723 1172 1809 723 1172 488 488 488 580 580 488 580 488 723 580
11 11 11 11 11 11 11 11 11 11 11 11 11 11 11 11 11 11
4 4 4 4 4 4 4 4 4 4 4
4 4 4 4 4 4 4 4 4 4 4
18 120 18 20 20 18 20 20 18 20 18 18
1 1 1 1 1 1 1 1
0 0 0 0 0 0 0
2 2 2 2 2 2 2 2 2
361 167 167 478 707 167 708 361 478 167 707 167 167 361 478 361 708 167 167
5 5 5 5 5 5 5 5 5 5 5 5 5 5 5 5 5 5 5 5
724 67 67 724 1173 1810 67 724 67 1811 724 67 67 1173
355 356 355 356 698 355 356 698 355 356
505 28 28 58 28 58 28 28 28 28 58 28 28 28 58
15 15 13 13 13 13 15 13 61 15
1812 229 229 1174 229 1175 229 1813 725 725 229 725 1175 725 229 229 1814 229 1174
26 36 26 26 26 36 36 116
1 1 1 1 1 1 1 1
33 33 33 37 33 37 37 33 418 33 33 37 37 33
10 10 10 10 10 10 10 10 10 10 10 10 10 10
1 1 1 1 1 1 1 1
4 4 4 4 4 4 4 4 4 4 4
11 11 11 11 11 11 11 11 11 11 11 11 11 11 11 11 11 11
0 0 0 0 0 0 0
482 114 881 233 114 86 152 882 152 482 114 152 86 233 86 114 114 152 86 114 233 86 114 483 114 152 86 483 152 883 86 884 233 86 86 86
0 0 0 0 0 0 0
0 0 0 0 0 0 0
581 118 581 118 118 582 582 1176 582 118 896 118 581 581 1815 1816 118 1817 897 118 898 1818 897 896 582 581 898 1176 582 896 897 898
21 21 21 21 21 185 21 21 21
0 0 0 0 0 0 0
0 0 0 0 0 0 0
4 4 4 4 4 4 4 4 4 4 4
1 1 1 1 1 1 1 1
67 60 60 67 496 60 60 60 60 60 67 67 67 67
2 2 2 2 2 2 2 2 2
5 5 5 5 5 5 5 5 5 5 5 5 5 5 5 5 5 5 5 5
1 1 1 1 1 1 1 1
0 0 0 0 0 0 0
1 1 1 1 1 1 1 1
701 476 1128 477 476 166 166 360 702 360 166 166 166 1129 360 477 1130 1131 476 702 701 1132 477 166 166 166 360
489 412 489 489 1819 489 412 412 489 1820 1821 412 412 489 412 412
304 726 726 304 304 304 304 1177 304 726 726 1177 304 304 304
3 3 3 3 3 3 3 3 3 3
689 165 165 165 689 165 165 165 165 165
7 7 7 7 7 7 7 7 7 7 7 7
0 0 0 0 0 0 0
4 4 4 4 4 4 4 4 4 4 4
285 285 365 365 365 285 285 285 365 481 481
13 15 15 13 13 15 15 61 13 13
2 2 2 2 2 2 2 2 2
1 1 1 1 1 1 1 1
0 0 0 0 0 0 0
490 309 366 1822 727 366 1823 490 309 309 490 366 727 727 366 366 490 727 490 490 366 1824 366 366 1825 309 1826
3 3 3 3 3 3 3 3 3 3
1 1 1 1 1 1 1 1
2 2 2 2 2 2 2 2 2
1 1 1 1 1 1 1 1
0 0 0 0 0 0 0
2 2 2 2 2 2 2 2 2
1 1 1 1 1 1 1 1
0 0 0 0 0 0 0
2 2 2 2 2 2 2 2 2
14 14 14 14 14 180 14 14 14 14 14 14 14
3 3 3 3 3 3 3 3 3 3
3 3 3 3 3 3 3 3 3 3
1178 39 728 728 39 1178 1179 1827 1828 39 1179 728 728 39 39 39 39 1829
2 2 2 2 2 2 2 2 2
1 1 1 1 1 1 1 1
0 0 0 0 0 0 0
10 10 10 10 10 10 10 10 10 10 10 10 10 10
10 10 10 10 10 10 10 10 10 10 10 10 10 10
0 0 0 0 0 0 0
153 153 153 153 729 153 153 153 153 153 729 1830 153 153 1831 153 153 153 729 153 153 1832 729 153 153
1 1 1 1 1 1 1 1
730 1833 31 730 730 730 31 31 31 1180 1834 1180 1835
81 81 81 260 81 260 81 81
2 2 2 2 2 2 2 2 2
2 2 2 2 2 2 2 2 2
265 265 367 491 491 491 899 367 265 731 265 900 367 1836 899 491 491 367 731 367 731 491 899 265 367 900 367 731 900 367
492 413 413 492 583 1837 1838 413 583 413 1181 1182 1839 583 1182 492 413 413 583 492 583 492 1181 1840 1841 413 492
25 42 25 42 25 42 145 25 25
1 1 1 1 1 1 1 1
77 77 77 77 53 53 53 77 77 872 77 77 77 77 77 53
0 0 0 0 0 0 0
0 0 0 0 0 0 0
4 4 4 4 4 4 4 4 4 4 4
2 2 2 2 2 2 2 2 2
0 0 0 0 0 0 0
3 3 3 3 3 3 3 3 3 3
0 0 0 0 0 0 0
4 4 4 4 4 4 4 4 4 4 4
584 1183 493 493 414 1184 1842 414 493 1843 1185 1186 1844 414 584 1845 414 493 493 414 584 1846 584 1187 584 1183 414 1187 414 1186 1184 493 1185
45 31 373 31 45 45 45 45 45 45 45 31 31
0 0 0 0 0 0 0
1 1 1 1 1 1 1 1
2 2 2 2 2 2 2 2 2
14 14 14 14 14 14 180 14 14 14 14 14 14
368 235 494 235 235 494 368 368 235 494 235 368 235
4 4 4 4 4 4 4 4 4 4 4
0 0 0 0 0 0 0
145 25 25 25 42 42 25 42 25
0 0 0 0 0 0 0
1 1 1 1 1 1 1 1
0 0 0 0 0 0 0
415 1188 732 415 415 1188 732 415 415 732 415 415 732
10 10 10 10 10 10 10 10 10 10 10 10 10 10
0 0 0 0 0 0 0
2 2 2 2 2 2 2 2 2
369 286 369 286 286 214 369 286 369 214 286 214 369 214 214 214 286 369 369 369 286 286 1847 286 286
1 1 1 1 1 1 1 1
7 7 7 7 7 7 7 7 7 7 7 7
1848 54 1849 901 54 54 1189 1189 901 901
3 3 3 3 3 3 3 3 3 3
4 4 4 4 4 4 4 4 4 4 4
1 1 1 1 1 1 1 1
1 1 1 1 1 1 1 1
38 50 50 38 50 38 50 50 38 38 50 38 50 50 38 50 50 50 50 599 50 38
143 73 143 73 73 73 73 143 143 73 143 922 143 143 143 73 143
7 7 7 7 7 7 7 7 7 7 7 7
1 1 1 1 1 1 1 1
17 17 22 117 17 22 22 17 17 22 17
4 4 4 4 4 4 4 4 4 4 4
7 7 7 7 7 7 7 7 7 7 7 7
20 18 20 18 20 18 20 18 120 18 18 20
287 733 416 287 287 733 287 1190 1850 733 287 1851 1191 416 1852 416 1853 287 1192 1190 733 1192 287 1854 416 416 416 1191 287 416 1855 287 287
585 1193 1856 585 1857 585 1194 1194 53 53 53 585 1193 53 1858 585
2 2 2 2 2 2 2 2 2
1 1 1 1 1 1 1 1
673 674 458 673 458 674 458
0 0 0 0 0 0 0
368 235 494 368 235 494 235 368 235 494 235 368 235
0 0 0 0 0 0 0
902 1195 325 325 902 902 1859 325 1196 1195 325 1196
1 1 1 1 1 1 1 1
4 4 4 4 4 4 4 4 4 4 4
4 4 4 4 4 4 4 4 4 4 4
358 150 358 150 150 150 150 358 358 150 150 150 700 150 700
7 7 7 7 7 7 7 7 7 7 7 7
7 7 7 7 7 7 7 7 7 7 7 7
256 63 63 63 63 63 172 63 256 63 172 172 63
10 10 10 10 10 10 10 10 10 10 10 10 10 10
91 137 91 137 137 91 1097 137 137 137 137 137 137 137
1 1 1 1 1 1 1 1
32 259 41 32 41 32 41 32 32 32 32
1197 734 1198 417 1860 734 1861 734 903 1862 417 417 1198 1863 903 417 903 1864 1197 1865 417 417 417 734
0 0 0 0 0 0 0
4 4 4 4 4 4 4 4 4 4 4
8 8 95 8 8 8 8 8 8 8 8
4 4 4 4 4 4 4 4 4 4 4
735 735 586 904 904 1866 1867 495 586 495 904 735 495 735 586 1868 495 586 586 495 495
1 1 1 1 1 1 1 1
5 5 5 5 5 5 5 5 5 5 5 5 5 5 5 5 5 5 5 5