175 52 120 221 175 175 90 57 52 175 175 221 90 57 52 89 221 52 52 93
127 127 127 105 105 105 127 127 127 127 175 221 221 120 171 175 221 175 175 175 105 105 175 171 221 221 105 127 105 105 127 175
77 221 131 77 221 77 77 77 221 221 221 77 77 175 175 175 175 175 221 77 77
221 175 49 221 221 175 221 175 72 175 175 221 221 221 185 175 3 162 175 185 175 36 175 64 211 173 175 175 175 175 221 175 175 221 175
100 221 52 221 221 52 52 221 52 52 221 100 52 52
175 175 193 175 26 221 175 175 221 231 26 175 201 26 175 127 175 193 221 175 127 221 221 26 175 221 175 175 231 175 175 185 26 127 221 175 175 175 41 175 220 221 221 175 221 221 175 26 185 26 26 175 175 175 221 221 201 175 185 175 193 175 221
121 121 121 121 121 121 121 121 121 121 121 121
52 113 26 26 52 113 52 52 52 52 26 26 26 26 52
208 208 208 208 208 208 208 208 208 208 208 208 208 208 208 208 208 208
121 121 121 121 121 121 121 121 121 121 121 121
26 127 26 26 26 26 26 127 49 127 26 127
5 5 5 5 5 5 5 5 5 5 5 5 5 5 5 5 5 5 5 5
77 77 127 153 100 77 77 100 77 127 77 86 77
121 121 113 105 177 105 105 177 121 105 121 132 121 105 177 113 105 121 121 121
175 221 26 175 52 175 201 175 175 26 211 36 26 60 185 26 52 26 175 3 175 26 175 211 26 221 26 52 231 26 221 185 52 175 175 211 52 127 175 17 52 211 175 26 175 52 175 26 127 52 36 26 127 3 3 175 175 185 26 127 175 26 26 26 175 221 175 26 175 221 26 175
5 5 5 5 5 5 5 5 5 5 5 5 5 5 5 5 5 5 5 5
182 137 182 182 121 137 137 137 182 182 182 182 121 137 137 121 121 121
60 26 175 26 175 175 26 175 60 26 26 26
175 175 175 175 175 175 175 175 175 19 87 175 175 175 175 175 175 175 19
17 221 77 52 24 44 77 105 221 105 77 221 221 221 221 113 105 113 90 44 77 52 221 221 221 72 136 86 105 77 77 24 44 221 17 52 36 24 52 52 105 109 113 52 221 58
193 127 175 127 175 221 148 221 221 221 31 3 221 26 26 26 127 26 31 175 26 31 175 44 175 221 26 127 221 26
221 26 105 105 221 26 31 105 105 105 221 26 26 221 26 105 105 156 26 231 105 105 105 221
175 175 175 127 175 175 127 127 127 127 127 127 175 127 127 127 231 175 127 86 175 175
175 26 221 175 26 26 26 26 77 127 127 26 26 175 221
208 208 208 208 208 208 208 208 208 208 208 208 208 208 208 208 208 208
64 64 211 175 64 175 175 175 175 211 175 175 175
165 52 52 165 165 52 165 165 52 192 52 165 52 52 165 165 165 165 52 165 165 165 165
127 127 127 105 105 105 127 127 127 127 175 221 221 120 171 175 221 175 175 175 127 105 175 171 221 221 105 127 105 105 105 175
52 113 26 26 52 113 52 52 52 52 26 26 26 26 52
121 121 121 121 121 121 121 121 121 121 121 121
26 26 221 26 175 221 221 221 127 26 221 221 231 127 175 221 221 90 127 175 26 26 26 138 221 221
208 53 216 194 208 208 221 210 215 57 194 208 194 210 198 208 208 208 50 208 221 198 198 57 208 208 212 208 194 194 0 31 203 221 194 15 198 208 57 208
86 52 175 175 52 52 52 175 175 52 52 52 86
52 221 24 52 52 24 24 52 112 52 52 221 24 52 24 52
26 26 26 96 26 26 26 26 26 26 26 26 96 26
57 175 26 26 175 26 26 175 175 26 26 72 57 26 57 175
175 175 52 57 175 116 175 52 175 57 52 175 175 52 57 52 175 52 52 52 175 175
175 221 41 175 221 175 221 175 221 221 175 221
26 36 26 176 221 26 26 26 26 221 26 36 26 221 26 26 26 26 26 176 26 221 221 26 26 26 26 26 26 26 26
175 175 221 221 175 127 175 175 221 175 127 175 221 127 221 127 175 175 175 221 93
175 175 175 175 175 58 175 175 175 175 175 175 175 24 175
52 128 175 52 52 52 52 52 64 128 52 64 52 52 52 52 64
120 77 77 120 120 52 120 120 77 52 120 52 77
221 175 57 72 127 221 175 221 127 175 221 57 127 175 175 221 127 57 221
26 26 26 221 26 221 221 221 26 26 221 26 221 77
121 57 175 121 89 121 121 175 57 121 175 185 121 121 57 121 57 144 175 121 121 57 121
77 221 77 77 221 221 221 77 77 77 77 77 116 221 77 221
52 127 52 52 127 127 52 127 52 52 72 52 52
208 208 208 208 208 208 208 208 208 208 208 208 208 208 208 208 208 208
230 208 52 120 208 208 120 225 90 52 218 208 208 230 208 52 208 208 210 225 52 13 208 208 208 112
221 127 175 127 175 90 127 175 57 127 127 221 175 175 221 57 221 127 57 221 127 127 221
194 194 194 194 194 194 194 194 194 194 194 194 194 194 194 194 194
175 175 175 127 127 175 44 175 175 127 127 175 175 175 175
221 221 221 68 26 26 221 26 26 26 26 140 26 77 26 37 26 221 26 178 68 178 221 26 120 26 12 26
121 121 121 121 121 121 121 121 121 121 121 121
121 121 121 121 121 121 121 121 121 121 121 121
221 26 26 221 26 26 77 26 26 221 221 221 221 26
5 5 5 5 5 5 5 5 5 5 5 5 5 5 5 5 5 5 5 5
175 221 175 221 175 221 221 221 221 175 175 41
194 194 194 194 194 194 194 194 194 194 194 194 194 194 194 194 194
221 52 52 221 52 52 221 52 221 52 100 221 52 221 52
52 113 221 52 52 127 52 52 221 127 52 221 221 127 52 221 52 127 221
72 26 175 26 127 52 26 52 127 52 26 175 127 127
3 175 175 221 221 49 3 175 221 201 221 175
5 5 5 5 5 5 5 5 5 5 5 5 5 5 5 5 5 5 5 5
3 153 221 175 64 175 221 175 221 127 221 31 175 175 127
221 127 221 221 127 221 175 221 221 175 93 175 127 175 175 127 175 175 175 175 175
175 26 175 26 175 26 185 175 26 31 175 175 175 26 175 96 175 26
175 175 175 127 175 127 175 175 175 127 175 127 175 44 175
175 105 52 124 105 58 175 105 124 57 105 124 128 124 57 89 201 175 147 175 125
26 26 26 26 127 26 127 127 49 26 26 127
57 221 141 127 26 183 221 231 175 12 127 221 221 72 26 221 141 221 221 211 31 175 175 26 175 221 26 221 175 163 221 221 221 127 19 175 175 116 221 127 127 12 221 57
137 137 137 137 221 221 155 221 221 137 137 137 137 137 221 137 221 137 137
221 221 175 175 221 175 52 175 221 57 221 57 175 221 57
175 221 26 221 175 26 26 26 221 221 175 221 175 107 221 175 26 26 26
52 36 175 26 52 26 87 175 193 87 175 26 175 175
121 121 121 121 121 121 121 121 121 121 121 121
26 26 26 175 175 26 175 26 26 175 60 26 175
121 121 121 26 121 26 26 149 26 121 26 121 121 121 149 26 121 121
208 208 208 208 208 208 208 208 208 208 208 208 208 208 208 208 208 208
57 57 41 41 26 57 26 31 26 41 26 175 26 26 26 26 26 143 26 26 26 26 26 26 44 26
26 121 121 141 123 127 175 9 127 52 175 57 122 26 175 121 185 121 175 127 175 221 52 26 175 127 52 127 175 221 127 52 31 175 221 89 52 185 175 185 127 121 221 52 26 231 127 26 26 157 175 121 52 121 221 127 185 221 123 57 163
52 36 175 26 52 26 87 175 193 87 175 26 175 175
5 5 5 5 5 5 5 5 5 5 5 5 5 5 5 5 5 5 5 5
5 5 5 5 5 5 5 5 5 5 5 5 5 5 5 5 5 5 5 5
77 77 120 120 52 120 120 77 52 120 120 52 77
26 36 26 175 175 26 193 175 26 64 26 64
57 77 12 77 221 122 77 221 77 77 57 77 57 221 77 221 221 86 86
137 157 137 157 157 157 157 137 105 157 157 137 157 105 157
221 41 175 175 221 175 221 221 175 221 175 221
77 77 120 120 52 120 120 77 52 120 120 52 77
175 221 221 175 175 175 221 175 221 41 221 221
26 87 221 49 49 26 49 221 87 87 87 221
127 175 100 77 175 77 77 100 77 113 77 127 127 77 127 100
127 52 75 127 127 75 52 75 75 93 75 75 75 127
221 221 221 175 41 221 221 175 221 175 175 175
121 121 121 121 121 121 121 121 121 121 121 121
127 175 57 127 175 221 57 127 175 127 127 221 175 175 127 175 127 127 221 175 57 127 57 221 221 127 221 127 163 125 175 57 175 175
211 26 26 26 211 26 26 26 75 36 26 26 124 211 175 36 26 201 26 26
5 5 208 11 208 5 208 208 5 208 208 216 5 5 5 208 56 56 56 56 5 5 208 5 56 56 17 5 224 56 208
5 5 5 5 175 5 5 127 5 221 5 5 127 5 5 175 221 16 5 175 5 5 5 5 5 5 5
141 127 120 100 127 120 120 86 127 221 77 127 175 175 52 170 127 175 127 121 120 52 221 86 12 44 3 221 52 175
139 170 105 52 52 105 157 27 58 157 105 140 26 120 112 157 105 197 157 105 105 157 105 8 139 105 105 137 157 105 157 151 27 105 26 52
175 221 175 221 221 221 175 24 175 175 221 175 175 221 175 75
52 175 52 221 175 175 175 119 221 52 52 52 119 52 221 221 221 52
208 208 8 52 21 1 21 208 105 214 161 52 105 216 8 105 208 52 208 216 208 214 52 208 112 1 21
175 175 175 175 221 64 64 221 31 175 221 31 175
52 52 26 26 96 52 26 52 26 142 26 52 52 26 26 26 26 52 52 26 26 26
221 77 127 26 127 26 175 36 60 26 175 26 175 36 26 26 127 178 26 26 26 68 26 221 26 175 221 127 58 68 175 175 58 175 26 26
52 52 52 221 221 52 221 52 52 221 221 100 52 52 221
194 194 194 194 194 194 194 194 194 194 194 194 194 194 194 194 194
175 221 221 175 175 221 175 221 175 75 175 175 221 175 221 175 175
26 26 26 26 127 127 26 26 26 26 26 26 26 127 112 127 26 26 26
72 127 52 52 52 52 52 127 52 52 52 127 127
105 140 105 140 140 105 105 140 140 105 105 140 140 140
127 127 26 127 163 127 127 127 127 57 57 127 127 127 127
5 5 5 5 5 5 5 5 5 5 5 5 5 5 5 5 5 5 5 5
221 221 221 77 221 77 77 77 77 77 77 221 77 116 221 77
127 77 37 221 127 221 127 127 12 221 127 127 127 127 127 127 127 127 12
77 77 120 120 52 120 120 77 52 120 120 52 77
26 77 77 26 26 77 26 127 26 77 123 26 77 77 26 26 26 31 77 160 31 26 81 127 127 26 141
208 208 208 208 208 208 208 208 208 208 208 208 208 208 208 208 208 208
194 5 5 208 194 208 152 194 194 194 151 40 105 121 194 26 40 28 208 232 152 33 105 5 172 59 5 32 125 33 194 169 152 5 135 126 56 202 56 194 125 121 194 5 194 208 157 126 5 79 119 56 43 194 33 26 109 33 194 30 92 152 216 194 105
175 127 127 31 175 127 127 175 127 127 175 175 127 127
175 26 26 26 175 26 175 26 175 26 175 60 26
26 127 26 127 26 127 26 127 26 49 26 26
221 26 26 221 26 26 123 26 221 26 26 26 26 26 221 26 26 26 26 221 221
121 52 121 213 123 52 49 121 123 121 121 3 52 52 87 105 105 87 221 121 52 52 26 121 121 52 121 52 52 221 213 52
24 175 127 175 141 185 175 175 175 175 175 147 221 175 221 175 175 185 44 175 175 175 193 175 127 221 127 221 175 175 221 175 175 175
121 121 121 121 121 121 121 121 121 121 121 121
26 175 89 57 185 26 26 26 26 26 175 26 75 175 175 57
127 175 68 185 175 175 175 175 127 127 127 231 127 175 141 127 175 175
26 31 26 221 26 124 221 221 26 26 26 26 26 26 26 221 231 26 221 26 26
221 60 3 221 3 221 221 221 221 221 221 60
221 37 221 77 57 26 123 26 57 26 221 221 26 175 60 37 175 120 57 37
26 26 26 26 26 26 96 26 26 26 26 26 26 26 26
221 221 221 68 26 26 221 26 26 26 26 140 26 77 26 37 26 221 26 178 68 178 221 26 120 26 12 26
165 165 165 165 165 165 165 165 165 165 165 165 165 165 165
96 26 77 96 26 26 77 134 26 96 96 26 26 77 26 26 96 96
52 52 52 221 68 52 52 12 12 221 221 52 116 127 127 116 127
87 175 57 57 175 175 175 175 175 127 175 127 175 127 175 175 175 127 57 175 175 175 175
26 49 127 26 26 127 26 127 26 26 127 26
52 26 105 52 105 105 87 49 52 49 105 105
163 52 60 52 57 57 52 60 52 72 52 60
121 121 121 121 121 121 121 121 121 121 121 121
105 77 77 77 105 105 105 105 77 221 221 77
221 26 162 175 26 221 175 37 221 127 26 175 193 57 221 221 64 221 60 60 89 89 185 26 221 231 26 26 57 221 26 175 221 57 175
127 105 105 105 127 116 105 105 127 105 105 105 105 116
77 77 77 26 206 26 26 121 121 26 26 77 77 121 121 121 26 26 121 121 77 121 26 121 31 77 121 26 26 26 26 81 121 77 26
175 221 41 175 175 175 175 127 127 175 175 175 221
26 26 57 57 49 26 26 58 127 26 26 57 127 127
26 221 26 26 231 26 221 221 31 175 221 26 26 112 175 221 193 175 175
201 175 77 77 100 77 162 77 175 26 26 175 175 26 185 77 77 3 175 175 26 77 26 24 24 26 26 77 175
52 221 175 175 52 175 127 221 221 185 185 175 127 52 221 175 175 127 127 221 52 127 221 175 175 175 127 175 127 175 175 52 52 127 52 160 52 175
165 165 165 165 165 165 165 165 165 165 165 165 165 165 165
127 175 221 221 127 221 221 127 221 221 60 175 175 175 127 175
121 121 121 121 121 121 121 121 121 121 121 121
57 175 123 221 52 49 145 175 54 87 89 175 185 105 105 89 87 52 31 175 221 123 231
41 175 221 175 175 221 221 221 175 221 175 221
165 165 165 165 165 165 165 165 165 165 165 165 165 165 165
221 127 26 127 185 26 175 175 221 175 52 127 175 52 26 127 26 175 26 221 221 127 221 175 175 26 175 221 127 2 221 26 175 26 221 175 52 175 175 26 231 221 185 26 221 26 52 231 221 127 52 175 175 221 52 221 26 175 52 175 175 26 52 127 221 26 221 221 175
221 221 221 221 221 221 221 58 221 221 221 221 221
221 26 127 26 221 221 127 105 26 175 26 175 26 175 221 221 127 175 221 221 221 149 127 175 221 175 75 175 221 175 175
127 77 96 77 77 77 127 77 127 127 77 77 77 77
208 127 208 17 127 208 31 144 46 208 208 196 221 39 38 121 121 15 208 39 208 221 105 229 208 127 208 214 26 208 121 105 10 208 221 18 121 135 208 121 208 135 62 208 221 105 224 224 30 26 121 6 208 64 121 7 224 184 221 221 111 208 1 208
175 175 221 221 41 175 221 175 175 221 221 221
208 208 208 208 208 208 208 208 208 208 208 208 208 208 208 208 208 208
5 5 208 11 208 5 208 208 5 208 208 216 5 5 5 208 56 56 56 56 5 5 208 5 56 56 17 5 224 56 208
121 121 136 175 121 121 121 175 121 175 121 121 175 175 121 121 121
81 175 185 77 109 175 175 175 77 77 77 77 77 77 77
139 170 105 52 52 105 157 27 93 157 105 154 26 221 136 119 157 105 203 157 105 105 157 105 14 139 105 105 137 54 157 105 157 162 34 105 26 52
26 58 175 52 26 26 26 175 26 26 175 26 26 26 52 26 37 26 58 175 52 175 52 52 26 26 52 156
127 127 127 127 127 127 127 127 127 127 127 127 127 127 127 127 37
26 26 26 127 127 26 127 49 26 26 26 127
127 127 127 193 52 175 175 127 175 127 127 175 127 127 127 127 175
169 143 135 169 105 149 135 169 118 121 121 135 169 169 105 105 169
221 221 221 26 26 221 26 26 26 77 26 221 26 221
221 12 37 221 77 77 26 77 26 26 26 221
77 175 175 87 77 112 175 77 221 77 77 87 112 77
26 175 26 175 26 60 175 175 26 26 26 26 175
165 165 165 165 165 165 165 165 165 165 165 165 165 165 165
208 208 208 208 208 221 208 208 208 208 208 208 221 221 208 208 221 208 208 223 221 208 208 221
121 121 121 127 131 121 121 127 131 121 121 121 127 121 121
137 105 105 52 105 52 137 137 52 140 105 137 175 52 105 201 137 52 105 105 52 137 137 105 137 137 52 224 52 112 105 137 175 137 175 175
221 52 52 221 127 221 52 221 52 52 52 221 52 127 221 127 127 52 113
137 157 137 157 157 157 157 137 105 157 157 137 157 105 157
194 194 194 194 194 194 194 194 194 194 194 194 194 194 194 194 194
5 5 5 5 5 5 5 5 5 5 5 5 5 5 5 5 5 5 5 5
52 57 57 52 57 52 52 52 52 52 52 60
105 52 105 52 52 105 105 105 52 105 105 145 52 105 52 52 105 52 105
121 121 121 121 121 121 121 121 121 121 121 121
175 26 26 118 26 26 26 26 175 26 26 26 60 26 175 26 26 26 175
121 121 121 121 121 121 121 121 121 121 121 121
208 198 194 25 208 224 209 194 208 26 194 224 51 215 55 228 217 208 208 55 208 125 194 131 208 194 194 208 218 51 217 208 26 208 209
221 127 68 26 26 86 127 86 26 221 26 221 86
221 109 26 26 221 185 221 175 26 26 26 231 175 26 221 175 175 221 26
175 127 127 127 175 175 127 175 175 175 175 64 175 127 127 175 175 127 127
57 221 221 221 221 175 175 175 57 52 57 221 175 221 175
121 121 121 121 121 121 121 121 121 121 121 121
175 175 221 221 221 221 127 175 221 175 175 90 175 221 41 221 175 127
87 26 26 26 26 87 26 26 26 26 87 87
221 175 175 221 221 175 221 44 175 231 185 221
175 175 26 141 26 153 175 175 175 37 19 154 26 175 175 175 26 175 127 175 175 175 175 175 193 175 175 26 175 185 81 175 26
44 221 221 44 44 231 26 44 221 221 26 127 127 112 141 221 221 127 44
26 26 124 160 52 52 36 86 77 52 52 52 77 77 52 26 52 77 77 26 77 77 26 52
60 26 175 26 175 175 26 175 60 26 26 26
68 100 26 68 175 175 175 26 68 221 175 221 26 175 26 221
221 26 221 175 221 26 26 185 175 221 12 26 221 221 221 201 161 221 127 231 26 26 19 221 127 221 231 26 127 175 221 221 221 26
221 122 127 141 221 127 141 52 127 52 127 127 52 52 221 221 221 127 52 221 52 52 52
221 26 26 221 175 221 175 107 26 175 221 26 221 175 26 41 26 26
221 175 221 175 221 221 221 221 41 175 175 175
24 175 64 221 221 175 175 175 175 221 175 175 72 175 175 175 221 221 163 175 26 221 175 162 26 228 49 175 26 24 26 175 26 175 175 175 175 175 127 175 64 175 211 175 57 175 24 175 36 26 175 221 175 57 175 221 26 175
165 165 165 165 165 165 165 165 165 165 165 165 165 165 165
175 221 175 221 175 175 175 175 221 175 175 221 221 221 105 175 175 175 175 175 175 175
194 194 194 194 194 194 77 194 77 77 77 194 194 77 194 77 194 194 194 194 77 227 77 194 194 77
121 121 121 121 121 121 121 121 121 121 121 121
175 26 26 175 57 175 26 175 57 26 26 26 57 26 26 175 26 175 175 175 26 26 26 136 26 175 175 26
121 121 121 121 121 121 121 121 121 121 121 121
26 175 175 26 26 60 60 175 26 26 175 26
175 52 26 109 52 105 26 105 31 120 52 26 105 52 105 105 77 26 26 31 52 26 26 26 107 52 26 26 52 185 120 109 60 26 120 175 105 52 26 234 105 26 37 175
26 26 26 26 93 26 26 26 93 26 93 26 26
26 57 26 127 26 26 26 26 127 57 118 141 26 26 26 26 127 26 31 26 37
175 221 193 175 221 26 175 221 231 26 26 221 26 113 31 231 31 26 175
127 127 175 127 175 175 127 36 175 57 57 175 89 141 57
81 26 77 26 26 75 75 175 75 175 75 221 52 26 26 221 26 77 221 77 166 217 26 105 3 127 26 124 163 127 26 175 75 77 221 124 221 175 175 75 26 127 116
175 221 127 221 221 175 221 175 127 44 231 221 175 175 175 201 221 175 127 127 221 221 3 124 221 175
24 26 175 175 26 175 127 127 185 127 127 127 26 175 26 26 26 127 175 175 127 175 127 135 175 185 175 175 26 175
68 137 170 137 137 137 137 137 170 52 52 68 52 137 152 137 170 68 137
141 141 77 77 144 127 77 127 77 127 141 77 127 221 221 221 100 127 77 221 127 77 141 221 231 127 77
77 141 127 127 77 77 77 141 127 77 127 127 127 121 127 127 77 77 127 77 77 127
57 221 127 127 127 221 221 57 37 221 57 221 221 127
208 208 208 208 208 208 208 208 208 208 208 208 208 208 208 208 208 208
175 52 175 175 175 52 175 175 112 175 175 52 175 52 52 52 175 52 52
159 221 221 26 37 175 26 26 221 221 37 26 221 26 26 221 175 221 221 221 221 175 175 221 26 26 221 26 26 26 201 26
86 52 86 175 52 52 52 175 175 52 52 52 175
175 26 127 175 26 26 175 127 175 57 175 57 175 26 26 175 175 127 127 175 57 127 122 26 26 127 127 127 175
221 127 221 175 60 221 175 221 221 127 127 175 175 60
208 208 208 26 26 208 208 208 208 208 228 208 208 26 208 208 208 208 208 26 208 228 26 26
52 127 52 52 127 52 127 52 72 52 127 52 52
194 194 194 194 194 194 194 194 194 194 194 194 194 194 194 194 194
208 208 208 208 208 208 208 208 208 208 208 208 208 208 208 208 208 208
221 221 175 221 221 221 175 175 221 41 175 175
221 26 26 125 221 26 26 12 26 221 26 221 26 36 26 26 221 36 26 26 26
121 121 121 121 121 121 121 121 121 121 121 121
52 221 52 52 221 100 221 52 52 52 221 52 221 52 221
77 77 26 185 77 175 26 175 77 26 77 175 26 26 77 77 77 77 77 180 77 31 77 77 26 77 77 77 175 77 77
163 12 57 175 175 221 12 60 221 175 12 175 57 175 221
121 121 121 121 121 121 121 121 121 121 121 121
121 221 221 121 221 121 221 121 142 121 121 121 121 221 121 142 121
121 121 121 121 121 121 121 121 121 121 121 121
175 127 52 141 75 175 75 75 127 175 127 75 75 75 118 185 75 52 175
221 175 175 221 221 221 221 175 175 231 175 175 175 57 87 175 57 175 89 175
12 36 24 57 24 26 57 112 24 31 26 57 26 26 26 26 37 127 221
221 221 221 221 175 127 175 175 127 127 221 221 175 175 127 60
26 26 26 52 52 113 26 52 52 52 26 113 52 52 26
198 121 121 121 121 121 121 121 121 121 121 123 121 221 121 221 221 121 221 121 123 121 121 121 121 221 124 121 221
208 208 208 26 26 208 208 208 208 208 228 208 208 26 208 208 208 208 208 26 208 228 26 26
26 123 123 77 77 26 77 77 26 26 77 26 77 77 26 77
194 194 194 194 194 194 194 194 194 194 194 194 194 194 194 194 194
86 52 175 52 52 52 52 175 175 52 175 52 52 175
3 64 221 221 175 3 175 221 175 221 221 175 3 221
26 26 175 175 26 26 26 26 60 175 175 60
49 175 3 221 221 221 175 3 175 175 221 201
221 221 221 221 221 221 221 221 58 221 58 221
221 175 221 221 175 175 221 221 221 175 175 41
221 221 221 221 221 221 26 221 151 26 221 221 175 175 221 221 221 221 26 221 221 221 175 221 175 26 221 26 26 31 185
121 121 121 121 121 121 121 121 121 121 121 121
121 121 121 26 121 26 121 26 26 121 26 121 149 149 26 121 121 121
37 77 26 26 77 156 77 26 100 77 26 26 26 31 77 77 26 77 26 77 37 26 26 37
105 77 105 77 105 105 105 77 221 221 77 77
26 60 175 26 175 26 26 175 26 175 26 175 26
5 5 5 5 5 5 5 5 5 5 5 5 5 5 5 5 5 5 5 5
139 52 151 37 41 41 68 105 52 221 139 113 162 136 136 105 52 105 162
208 208 208 221 26 208 208 221 208 221 208 221 208 208 208 209 208 208 26 208 208 26 221 26 26 208 31 208 221 26 7
175 26 26 26 175 127 127 127 175 26 26 127 81 26 26 175 175
182 52 52 137 207 121 52 182 182 207 75 137 137 207 137 137 125 121 137 182 52 121 52 125
175 175 231 127 127 77 77 175 77 77 127 77 81 175 127 127 77 77 125 127 77 141
221 105 125 221 125 105 221 125 105 105 105 105 105 105 221
105 140 105 140 140 105 105 140 140 105 105 140 140 140
175 175 127 127 175 175 175 127 175 49 185 127 175 185 175
26 26 26 96 26 26 26 26 26 26 26 26 96 26
175 26 52 185 112 175 175 52 54 26 112 52 125 52 52 26 175 26 26
52 175 52 221 175 175 175 119 221 52 52 52 119 52 221 221 221 52
175 175 221 221 75 221 175 175 175 175 175 221 221 175 221 175 175
60 77 77 175 26 26 26 37 52 26 24 52 26 175 26 52 52 77 77 52 3 52 77 77 26 26 195 195 26 77 77 26 52 175
127 127 127 127 141 57 127 127 57 57 127 127 31 127 141 127
89 60 127 221 221 221 221 185 153 221 127 153 221 231 57
127 127 121 127 121 221 121 121 121 121 127 157 121 127 221 221 127 121 122 141 221 127 121 221 121 221
175 26 26 175 175 26 26 60 26 26 175 26 175
26 87 194 170 224 209 194 198 26 194 224 52 209 233 228 13 194 228 52 119 194 149 194 209 52 233
26 26 175 60 26 175 175 175 26 26 26 26 175
5 5 5 152 5 105 105 33 105 152 105 33 5 5 105 105 105 33 5 5 33 48 5 152 105 5 33 5 33 33 105 152 33 152 105
208 208 208 208 208 208 208 208 208 208 208 208 208 208 208 208 208 208
141 77 138 26 127 127 127 141 96 127 127 127 127 96 127 96 127 127 77 127 96 127 96 96 127 127 77
175 127 52 127 57 175 175 175 57 175 52 175 175 175 138 175 163 52 175 175 52 175 52 127 52 175 52 52 175 175
175 127 175 175 175 175 127 127 175 175 64 175 175 127 127 175 127 127 127
26 26 36 52 175 52 26 52 52 36 52 127 138 175 163 127 26 175 52 52 175 127 26 175 52
121 121 121 121 121 121 121 121 121 121 121 121
120 77 77 52 120 120 77 120 77 120 52 52 120
105 77 166 105 81 221 77 57 211 77 57 105 221 221 77 221 105 175 77 77 122 77 105 219 77 122 77 221 175 221 77 77 77 77 81 105 105 77 77 114
163 221 221 231 127 221 87 221 127 141 221 221 3 221 221 221 3
26 26 26 26 26 49 127 127 26 127 127 26
221 221 58 221 221 221 221 221 221 221 221 221 221
26 221 221 221 221 41 26 221 90 41 175 41 221 26 41
221 52 52 175 175 68 52 52 127 127 175 127 127 112 52 52 68 221
26 26 26 26 26 26 26 26 26 26 26 26 26 96 26
52 52 26 52 52 26 113 52 26 52 26 113 26 26 52
175 52 52 175 175 52 52 52 52 175 52 175 52 86
175 57 175 221 175 221 127 127 221 221 221 175 221 57 221 175 221 221 221 175 175 221 221 221 147 221 57 175 127 175 90 127 221 221
116 26 116 221 26 221 221 221 26 221 26 221 26 221 26 221 221 221
127 127 221 221 221 127 221 175 175 221 175 221 60 127 175 175
52 52 26 26 113 52 52 26 26 52 52 26 113 26 52
121 121 121 121 121 121 121 121 121 121 121 121
26 175 175 26 26 60 60 175 26 26 175 26
26 26 175 26 26 175 193 175 26 175 26 221 175 221 175 127 24 221 175 204 127 175 175 221 26 175 26 221 26 175 175 175 127 193 175 175 175 175 175 231 175 37 26 175 127 26 175 127 141 175 221 26 175 60 127 185
198 87 194 149 215 26 200 194 26 194 215 26 52 200 233 26 209 233 26 194 26 209 52 26 194 125 194 200 52 14
145 96 81 81 163 52 96 72 52 57 52 52 52 57 52 221 52 52 52 52 52 221
194 194 194 194 194 194 194 194 194 194 194 194 194 194 194 194 194
208 208 208 208 208 208 208 208 208 208 208 208 208 208 208 208 208 208
175 127 175 127 127 175 127 127 175 127 127 31 175 127
26 26 26 52 52 113 26 52 52 52 26 113 52 52 26
26 36 26 176 221 26 26 26 26 26 26 36 26 221 26 26 26 26 26 176 26 221 221 26 26 26 26 26 26 26 221
121 121 121 221 121 221 121 121 221 121 121 121 142 221 221 121 221 121
221 221 221 221 221 127 127 221 221 221 127 221 141 81 231 221 221
221 221 221 41 127 141 127 26 81 86 127 121 26 127 127 127 127 41 175 127 127 100
121 121 121 121 121 121 121 121 121 121 121 121
175 221 93 221 221 175 44 175 221 221 193 221 221 3 221 221 221
105 127 105 127 127 116 105 127 105 105 105 105 105 105 105
175 175 175 26 175 26 26 26 175 26 60 26 26
26 113 113 26 52 26 26 52 52 52 26 26 52 52 52
77 211 175 211 77 119 175 57 77 57 77 211 77 77 57 211 77 77 77
165 165 165 165 165 165 165 165 165 165 165 165 165 165 165
52 52 100 52 221 100 52 52 221 52 221 52 221 221
128 221 105 105 221 221 221 221 105 105 105 105 105 221 105 105 105
121 121 121 121 121 121 121 121 121 121 121 121
121 121 121 121 121 121 121 121 121 121 121 121
105 120 37 41 41 105 128 221 136 113 136 105 105 105 136
26 26 127 127 26 26 26 49 26 127 26 127
175 127 175 175 221 60 221 127 221 221 221 221 127 175 127 175
26 221 26 221 26 221 26 221 77 221 26 26 26 221
221 221 175 221 175 41 221 175 175 221 221 175
164 77 26 120 77 77 164 77 77 26 77 77 77 77 77 77 26 77 77 77 120 26
221 185 175 26 175 124 31 26 221 175 221 175 175 26 26 193 26 175 221 26 221 175 221 175
26 52 52 52 127 127 26 26 52 52 26 127 52 26 26 121 52 26 52 127
194 194 194 194 194 194 194 194 194 194 194 194 194 194 194 194 194
24 190 185 221 26 127 221 26 36 81 26 26 221 26 127 221 175 221 26 175 26 127 26 221 127 127 26 175 127 221 3 185 153 26 26 221 26 175 231 175 175 127 31 221 127 221
221 175 175 175 221 175 175 175 221 221 175 175 221 175 175 221 75
52 26 52 127 127 175 52 127 26 175 72 26 26 127
137 157 137 157 157 157 157 137 105 157 157 137 157 105 157
221 127 221 107 221 127 175 175 163 221 163 175 127 127 127 127 175 221 221 127 127 175 127 57 127
52 64 175 109 52 221 221 64 64 52 52 221 221 109 221
77 77 120 120 52 120 120 77 52 120 120 52 77
139 208 140 26 208 225 68 87 147 148 52 6 208 208 169 26 139 0 26 169 139 52 208 208 208 35 105 105 208 131 26 26 139 105 64 208 208 210 208 52 26 105 109 105 115 85 105 105 149 137 52 6 52 125 208 105 140 140 52 208
116 77 77 221 116 116 26 116 116 96 77 221 96
26 175 26 26 19 26 116 116 221 221 211 12 221 12 72 26 175
26 26 26 26 26 112 26 26 127 26 26 127 26 26 26 127 127 26 26
127 26 26 26 26 127 26 26 26 127 127 49
127 26 193 26 175 26 175 141 127 151 26 163 127 193 87 26 127 127 57 141 57 93 87 57 26 57 3 127 26 26 3
137 137 137 52 137 52 52 137 52 137 168 137 137 52 137 137 168 137 52 52
26 221 68 221 175 175 68 100 26 175 26 221 68 175 175 26
52 221 221 221 52 221 52 221 221 100 52 52 52 52 52
26 26 26 127 31 54 127 52 127 52 26 52 26 26 52 122 127 52 52 52
116 77 77 221 116 116 26 116 116 96 77 221 96
26 26 26 26 26 26 26 26 26 26 26 26 26 96 26
26 175 26 26 221 175 175 26 221 175 107 221 221 26 175 26 221 221 26
221 44 44 26 93 221 26 44 221 221 221 221 44 221 44
26 113 113 26 52 26 26 52 52 52 26 26 52 52 52
105 105 105 105 105 105 105 105 105 105 107 105 105 105 105 105 105 105 107 165 105
175 105 125 31 175 137 105 221 137 105 105 105 105 105 221 105 31
152 152 152 152 152 152 152 152 152 152 152 152 152 152
127 221 221 54 221 127 127 127 211 221 221 221 185 57 57
121 121 121 121 121 121 121 121 121 121 121 121
119 89 52 26 113 54 57 52 52 26 52 26 52 57 52 26 26 26
127 127 68 127 127 26 26 127 26 26 26 127 127 26 26 127
121 121 127 121 127 121 121 121 121 127 121 121 131 121 121 127
137 157 137 157 157 157 157 137 105 157 157 137 157 105 157
26 175 26 60 26 175 175 26 26 26 175 175 26
121 121 121 121 121 121 121 121 121 121 121 121
221 221 175 175 175 221 221 175 221 41 221 175
127 52 175 121 52 121 52 105 127 145 121 121 127 179 86 175 175 52 122 90 181 175 163 54 181 221 127 179 221 105 4 141 231 105 116 124 125 90 121 93 127
5 5 208 11 208 5 208 208 5 208 208 216 5 5 5 208 56 56 56 56 5 5 208 5 56 56 17 5 224 56 208
157 221 162 152 221 152 152 152 64 157 12 221 152 157 157 152 176 12 152 152
121 121 121 121 121 121 121 121 121 121 121 121
175 221 221 175 175 221 175 12 221 12 221 221 221 201 221 100 221 221
49 26 127 26 127 26 26 127 26 26 26 127
49 175 175 175 175 175 175 175 49 3 175 3
87 26 26 26 26 87 26 26 26 26 87 87
127 26 127 68 127 127 127 26 26 26 26 127 127 26 26 127
52 52 52 127 127 52 52 52 72 52 127 127 52
221 221 58 221 221 221 221 221 221 58 221 221
151 64 105 105 26 105 26 105 26 105 105 64 64 26 105 64 64 105 105 105
208 208 208 208 208 208 208 208 208 208 208 208 208 208 208 208 208 208
221 175 26 75 26 211 26 175 143 175 26 221 175 221 221 211 211 221 175 175 26 175 185 26 185 221 175 175 175
64 175 64 152 26 152 64 175 175 26 77 77 64 77 26 77 77 77 77 175 77 26
221 221 58 221 221 221 221 221 221 221 221 221 221
121 121 121 121 121 121 121 121 121 121 121 121
175 60 60 175 175 26 26 26 26 26 175 26
105 77 77 77 105 105 105 105 77 221 221 77
221 221 141 127 221 175 175 231 175 175 123 127 175 221 221 127 175 175 221 175 221 221 221 175 221 221 175
52 52 175 54 52 52 52 52 52 175 87 175 175 185
127 26 26 175 127 127 26 60 175 26 127 26 26 127 211 26 127 26 26 141 136 26 26 37 127 60
137 105 205 181 52 105 222 167 121 121 121 222 140 105 93 105 105 62 52 124 121 105 41 167 41 121 186 29 105 105 105 52 87 172 87 77 148 77 77 90 125 52 105 134 37 77 214 221 149 154 77 161 105 105 26
121 121 121 121 121 121 121 121 121 121 121 121
221 221 221 185 26 175 175 127 31 188 31 221 221 175 221 221 26 26 26 116 175 26 231 26 221 221 26 175 175 221 175 221 127 175 26 175 221 26 49 221 127 221 221 26
121 121 121 127 131 121 121 127 131 121 121 121 127 121 121
121 121 121 121 121 121 121 121 121 121 121 121
121 121 121 121 121 121 121 121 121 121 121 121
175 175 175 41 221 221 221 221 175 221 175 221
121 121 221 121 221 142 121 221 121 121 121 221 121 121 221 221 121 121
96 175 96 96 127 57 221 26 26 127 26 175 26 175 26 175 77 165 57 175 96 175 96 26 175 26 175 77 77 57 26 96 221
221 221 221 221 127 26 127 26 26 221 26 127 96 127 26 26 26 221
26 105 105 105 138 105 105 26 105 26 31 105 105 26 105 26 26 107
64 175 64 152 26 152 64 175 175 26 77 77 64 77 26 77 77 77 77 175 77 26
52 86 52 52 52 52 52 175 52 175 175 175 175 52
52 52 52 52 127 127 52 52 52 52 127 127 72
81 52 81 41 158 26 26 26 26 52 175 52 52 24 26 93 41 81 93 37 81 52 96
52 221 52 52 221 100 52 52 100 52 221 221 52 221
26 221 221 26 221 26 221 221 26 77 26 221 26 26
175 221 26 175 175 221 185 41 96 57 89 221 175 75 175 26 175 26 114 49 127 231 26 44 221 26 26 60 141 26 26 231 175 175 26 178 175 175
113 52 57 127 221 52 57 221 127 221 90 127 57 127 90 52 52 52 90
26 26 221 77 221 26 221 26 221 26 26 221 26 221
121 121 121 121 121 121 121 121 121 121 121 121
109 175 175 185 175 81 77 77 175 77 77 77 77 77 77
121 121 121 121 121 121 121 121 121 121 121 121
5 5 5 5 5 5 5 5 5 5 5 5 5 5 5 5 5 5 5 5
165 165 165 127 171 127 165 127 165 165 165 165 165 127 165 165 165 165 165
208 208 208 208 208 208 208 208 208 208 208 208 208 208 208 208 208 208
52 3 52 163 231 52 127 52 52 127 221 52 141 127 221 127 52 52 127 127 221 3 124
221 221 127 127 127 127 221 221 221 127 127 127 127 141 72 127 231 127 127
77 175 175 87 77 112 175 77 221 77 77 87 112 77
41 221 221 175 221 175 221 175 175 221 221 175
221 221 26 221 26 221 26 221 26 77 26 26 26 221
124 221 121 121 121 221 221 52 121 121 221 58 121 52 221 121 221 121 52 52 52 121 58 121 52 176
26 208 208 112 194 134 26 63 194 152 52 130 52 105 105 26 121 210 105 194 130 208 105 45 105 105 26 222 52 52 105 22 194 84 32 81 224 105 169 105 105 105 135 108 194 37 105 208 26 52 208 40 168 194 121 169 208 26 105 105 52 47 26 52 224 208 120 36 105 26 60 52 144 39 26 166 215 105 21 105 105 105 105 105
52 221 221 52 221 52 52 52 221 52 52 52 221 100 221
26 175 26 26 175 57 26 57 175 52 175 93 52 175 57 175 175 52
127 175 52 52 26 57 26 57 185 26 166 221 175 141 57 221 26 141 113 221 57 3 54 127 26 175 185 221 52 52 54 52 26 127 89 221
113 52 52 26 52 52 26 52 52 26 26 52 26 26 52 26
105 105 112 57 105 57 105 105 105 105 105 105 105 57
175 77 175 221 118 77 221 175 77 87 26 77 120 221 135 77 12 77 175
208 208 208 208 208 208 208 208 208 208 208 208 208 208 208 208 208 208
208 208 208 208 208 208 208 208 208 208 208 208 208 208 208 208 208 208
127 105 175 105 175 131 105 127 175 105 105 105 105 127 105 175 105 175 127 105
175 175 175 134 175 57 19 175 175 175 221 175 175 175 127 221 237 221 175 57 57 175 175 127 175 175 175 127 127 221 221 221 19
57 175 221 175 221 221 175 175 221 221 175 57 221 100 221 221 221 221 57 221 221
26 81 41 175 221 12 77 163 221 175 127 175 6 185 175 175 175 175 221 26 175 57 175 57 175 175 175 12 175 57 12 72 175 221 221 175 221 57 175 221 175 57 175 185 127 57 127 221 105 175 175 175 175 175 127 221 175 75 175 221 175 58 175 175 72 175 57 57 175 201 163 127
127 72 12 36 52 221 52 127 221 37 221 52 221 52 36 52 162 127 26 221 52 3 221 72 24 52 221 52 3
52 121 52 121 121 157 121 121 121 121 157 52 52 52 121 52 121 121 52
26 127 127 26 127 49 26 26 127 26 26 26
221 221 127 221 175 60 221 175 221 175 175 127 175 127 175 175 175 175 93
175 26 26 175 26 175 60 175 26 175 26 26 26
175 221 221 175 231 221 175 153 127 221 72 221 201 185 153 127
194 5 5 212 61 194 121 208 194 105 152 33 5 105 235 55 208 208 77 105 194 126 168 77 162 5 129 208 194 152 77 105 140 221 175 26 208 194 199 175 108 208 105 121 105 105 29 77 86 105 228 169 105 175 137 208 56 194 33 194 77 77 208 77 175 33 83 152 208 77 5 194 194 194 194 194 208 196 175 121 121 26 88 105 105 32 194 121 60 37 56 96 121 208 175 140 110 194 118 209 8 194 5 77 152 147 221 150 77 194 33 194 108 105 77 121 5 235 217 208 187 77 221 210 77 208 194 56 230 208 221 62 105 77 105 140
121 121 121 121 121 121 121 121 121 121 121 121
189 140 147 166 166 123 105 105 105 105 105 147 105 147 140 105 105 105 105 105 140 140
121 121 121 121 121 121 121 121 121 121 121 121
123 121 121 221 52 121 87 77 52 77 121 77 121 77 221 218 52 221 175 87 175 77 52 52 175 221 218 221 121 121 121 175 77 68 121 58
121 194 194 194 194 121 194 194 194 121 194 194 194 121 121 194 194 194 121 8 194 121 121 121 194 121 121 194
221 96 221 77 87 26 77 120 77 120 12 221 77 77 77
90 26 231 175 221 90 26 26 127 221 58 221 221 221 221 221 221 221 52 127 26 221 127 231 31 127 221 151
175 57 175 201 175 175 57 175 175 175 175 36 175
77 26 77 26 26 26 26 77 26 26 77 77 77 26 26 77 152 26 26 77 26 26 26 77
5 5 203 19 20 208 152 208 194 157 5 208 47 129 208 194 208 208 194 47 42 88 152 33 5 208 208 218 19 5 208 51 33 200 213 208 208 194 56 64 56 221 194 33 5 208 208 194 175 5 225 133 209 56 80 208 221 33 208 152 79 7 117 152 19 214
121 121 121 121 121 121 121 121 121 121 121 121
5 5 15 152 208 105 172 157 5 208 128 121 121 121 208 0 152 33 5 134 121 105 105 5 217 33 212 121 208 110 208 17 17 43 33 5 208 105 208 210 80 17 110 208 33 208 5 152 208 184 110 152 137 105 105
121 121 121 121 121 121 121 121 121 121 121 121
137 157 137 157 157 157 157 137 105 157 157 137 157 105 157
26 26 26 26 127 49 26 127 127 127 26 26
52 52 52 221 68 52 52 12 12 221 221 52 116 127 127 116 127
26 26 60 26 175 175 26 175 175 60 26 26
175 105 175 120 105 105 105 120 105 120 105 105 105 175
208 208 208 208 208 208 208 208 208 208 208 208 208 208 208 208 208 208
175 221 57 175 57 221 221 221 175 221 221 175 221 221 231 231 175 104 57 221 221
5 5 5 5 5 5 5 5 5 5 5 5 5 5 5 5 5 5 5 5
221 26 185 175 175 127 81 100 86 41 127 175 26 221 175 41 175 221 119
185 64 175 26 175 26 175 26 31 26 26 26 175
175 175 77 77 201 86 77 77 86 175 175 77 77 112 77
221 221 221 221 221 221 175 90 175 221 221 175 175 175 221 221 221 221
112 52 52 52 52 137 52 87 87 87 52 52 112 52 87 52 87
175 221 127 26 81 119 175 41 68 175 127 41 81 26 175 175 127 221 221 175 127
236 208 26 217 208 213 81 217 26 26 236 208 208 208 26 64 208 208 212 213 208 208 208 208
52 152 152 52 152 52 152 152 52 52 152 52 152 152 52 152 152 152 152 182 152 52
127 26 52 127 26 26 127 121 127 221 52 127 127 52 175 221 221 127 175 221 127 26 221 221
221 221 86 221 221 153 221 127 221 221 12 58 221 153 127 221
120 77 77 52 120 120 77 120 77 120 52 52 120
175 121 105 105 105 105 175 105 105 175 105 175 105 105 175 105
221 31 175 26 221 185 75 175 26 175 175 175 26 175 221 221 175 75 175 175 122 26
90 52 221 90 52 221 90 90 221 52 52 52
175 121 52 121 213 175 221 52 49 121 123 121 185 121 3 52 175 52 87 105 105 87 123 121 52 52 31 121 121 52 121 175 52 52 221 224 52
121 121 121 121 121 121 121 121 121 121 121 121
221 12 37 221 77 77 26 77 26 26 26 221
121 121 105 105 105 105 121 176 121 105 105 121 121 105 121 121 105 105 121 105 121 121
26 175 175 26 175 93 175 175 26 175 175 26 26 175 26 175 175 26
127 175 127 127 127 127 175 31 127 175 127 175 175 127
221 231 175 221 185 44 175 221 175 221 175 221
121 121 121 121 121 121 121 121 121 121 121 121
121 121 121 122 155 221 121 175 175 121 175 221 221 175 121 121 121 121 221 175 231 121 221
202 194 194 194 194 194 175 194 194 194 194 194 194 194 175 194 194 175 175 175 194 194
26 26 26 119 26 175 175 185 26 26 26 175 175 26 26 26 26 26 26 31
5 5 5 5 5 5 5 5 5 5 5 5 5 5 5 5 5 5 5 5
121 121 121 121 121 121 121 121 121 121 121 121
175 175 175 175 175 36 175 175 57 175 175 57 57 175
127 57 127 175 57 175 127 19 175 175 127 175 57
221 175 57 221 221 57 221 57 175 175 221 52 221 175 175
52 221 52 221 52 52 96 221 221 96 52 96 52
185 127 175 57 175 175 127 175 77 57 127 175 127 127 57 175 175 175 141 175 127 127
175 127 127 127 19 57 175 57 175 57 175 175 127
221 175 127 221 221 175 175 221 221 175 221 124 221 221 193 175 221 175 163 127 221 127 175 221 221 193 175
221 127 127 127 221 221 221 221 127 127 127 49 127 221 127
221 41 175 221 175 221 221 175 175 221 221 175
175 175 36 175 175 57 57 175 175 175 175 57 175 175
127 127 175 57 127 175 57 57 57 175 57 175 175 57 127 31
65 65 65 65 65 65 65 65 65 65 65 65 65 65 65 65 65 65 65 65 65 65 65 65 65 65 65
127 175 57 211 175 127 127 127 148 221 127 221 221 127 221 57 175 127 221 221 163 175 201 127 127 175 221 221 89 221 175 221 175 127 175 127 221 221
221 57 221 57 221 57 57 57 57 49 221 57 57 57 57 221 57 57 221
65 175 221 65 65 175 65 175 65 127 65 175 221 65 65 65 65 65 65 82 175 65 175 65 65 221 221 175 65 65 65 65 65 127 221 65 141 57 221 127 175 65 65 57 65 66 57 65 175 175
121 121 121 121 121 121 121 121 121 121 121 121
165 165 165 165 165 165 165 165 165 165 165 165 165 165 165
127 127 127 175 127 57 127 127 127 127 175 127 175 60 57 175 57 127 127 175 127
26 221 12 221 221 221 36 36 57 221 175 26 221 221 89 221 26 221 221 221 175 221 175 175 175 175 26 175 221 221 175 31 221 221 166 175 221 175 57
127 175 57 19 175 57 175 175 127 57 127 175 127
127 127 127 127 57 127 57 127 127 127 57 221
175 175 221 175 175 175 175 175 175 175 107 175 221 175 175 175 175 231 221 221 185 221
221 57 57 221 221 57 175 221 221 127 175 221 57 175 127 175 221 221 221 221 57 175 127 57 221 127 221 118
26 26 31 26 127 31 26 127 26 26 113 26 26 26 127 26 127 26 26
91 91 91 91 91 91 91 91 91 91 91 91 91 91 91 91 91 91 91 91 91 91 91 91 91 91 91 91 91 91
165 165 165 165 165 165 165 165 165 165 165 165 165 165 165
175 221 175 127 221 221 127 221 231 175 221 60 175 127 221
175 175 221 221 231 175 60 221 175 221 127 221 127 221 127
26 221 221 26 175 60 175 221 26 221 26 221 221 132 175 221 185 221 175 26 221 221 26 26
26 49 26 26 127 26 26 127 127 26 26 127
57 127 127 36 175 57 57 57 57 127 57 175 175 141 185 175
221 175 221 175 41 221 221 175 221 175 175 221
26 175 175 26 26 60 26 26 175 26 175 60
175 175 221 175 221 175 175 221 41 221 221 221
77 77 77 115 77 221 221 77 221 115 77 77 221 115
137 137 137 137 137 137 137 137 137 137 137 137 137
26 26 57 26 26 49 57 57 26 26 26 57 57 57
77 26 26 26 77 123 26 77 77 77 26 123 77 77 77 26
127 175 127 127 175 127 31 127 231 127 175 127 175
221 49 49 49 127 127 221 221 221 127 221 68 221 127
91 91 91 91 91 91 91 91 91 91 91 91 91 91 91 91 91 91 91 91 91 91 91 91 91 91 91 91 91 91
175 175 175 175 174 175 175 175 175 175 26 175 174
175 175 127 175 57 57 127 175 175 175 57 175 118 175 175 175 175 175 175 175 57 175 175 127 57 175 175 127 175 57 175
52 221 52 221 52 52 96 221 221 96 52 96 52
77 77 77 77 77 127 77 127 77 77 96 77 127 127
221 26 221 26 221 26 26 77 26 221 26 221 26 221
57 175 175 57 127 127 127 31 175 175 57 175 127 57 57 57
77 77 127 77 77 127 127 127 77 77 77 77 77 96
175 221 221 175 221 175 175 221 221 41 175 221
175 175 57 57 231 175 57 175 57 57 175 57
127 57 127 127 175 175 175 175 175 57 175 175 57 175 175 54 127 175
65 65 65 65 65 65 65 65 65 65 65 65 65 65 65 65 65 65 65 65 65 65 65 65 65 65 65
175 175 26 175 26 175 175 26 26 26 26 60 26
175 175 96 175 26 175 26 26 26 31 175 175 175 175 26 26 26
221 175 175 57 175 57 221 221 221 175 221 175 57 221 100 221 221 221 221 221 221
26 26 26 127 127 26 49 127 26 124 26 26 26 26 26 175 26 175 175 26 26 175 175
57 175 175 57 175 175 175 175 175 175 57 36 175 175
185 221 127 221 57 57 86 221 57 175 231 175 175 221 89 57 221 127 221 57 127
91 91 91 91 91 91 91 91 91 91 91 91 91 91 91 91 91 91 91 91 91 91 91 91 91 91 91 91 91 91
24 221 114 175 127 57 57 68 57 57 221 127 221 175 57 175 175 175
221 127 221 221 221 221 221 175 127 221 221 127 175 175 175 221 127 221 175 221 127 221 127 127 127 118
175 65 65 175 65 65 65 65 65 65 70 65 65 65 65 65 65 65 65 175 65 65 65 65 65 65 65 175 65 65 65 175
165 165 165 165 165 165 165 165 165 165 165 165 165 165 165
175 52 52 175 221 52 52 52 175 127 52 127 127 221 52 175 221 175 221 52 125 127 221 221
165 165 165 165 77 77 77 165 77 77 165 198 165 165 165 77 77 77 165 165 165 165 77 165
221 221 221 221 221 221 221 221 221 221 221 58 221
57 127 127 127 127 57 127 127 127 221 127 57
52 52 52 127 52 52 72 52 52 52 127 127 127
57 57 57 57 57 57 12 127 57 57 57 57 57 57 57 57 57 57
175 175 26 77 175 26 77 77 77 26 175 77 77 77 175 26 175 175 26 77 175 26 175 175 175 175 77 175 175 171 175 26 175 175 175 175 175
127 52 52 52 52 72 52 52 127 52 52 127 127
127 175 175 127 127 127 31 127 127 127 127 175 175 175
127 26 127 26 127 26 26 127 127 87 26 127 127 26 127 127 127 127 127 26
175 127 175 44 175 175 127 175 175 127 127 175 175 175 175
175 81 26 127 175 127 26 175 175 26 26 127 127 26 26 26 175
127 127 127 127 127 127 127 127 127 127 127 127 127 127 127 37 127
221 175 221 175 221 175 75 175 175 175 221 175 221 175 175 221 175
26 57 127 26 127 57 26 121 26 127 175 127 127 127 26 127 175 127 127 57 26 57 127 57 175 57 127 127 175 175 26
175 175 175 175 221 175 221 175 221 75 221 175 175 221 221 175 175
221 127 60 175 127 175 221 127 221 221 175 127 221 175 221 175
60 26 175 175 26 26 175 26 26 175 175 26 26
221 221 77 116 221 221 81 221 221 231 77 138 77 221 221 221 221 77 77 77 77
91 91 99 91 91 91 91 91 91 91 91 91 91 91 91 26 91 91 26 91 26 91 91 91 91 99 26 91 91 91 26 91 26 91 91 91
221 26 109 221 193 221 175 26 221 26 26 26 175 109 3 26 175
91 91 91 91 91 91 91 91 91 91 91 91 91 91 91 91 91 91 91 91 91 91 91 91 91 91 91 91 91 91
105 105 127 105 105 127 116 105 127 105 105 127 105 105 105
127 57 175 127 52 57 127 175 127 127 175 57 127 57 57 175 57 175 127 127
121 121 121 121 121 121 121 121 121 121 121 121
175 57 57 175 57 127 175 127 127 19 175 175 127
175 175 137 221 175 211 175 57 175 175 221 89 175 57 57 193 175 221 175 193 175 175 174 175 89 221 23 221 175 175 175 221 175 57 175
87 77 77 77 77 87 77 163 57 57 174 87 174 77 100
221 175 57 175 221 57 221 175 175 175 221 221 57 221 52
221 221 221 221 221 221 221 77 221 221 127 221 127 127 221 127 221
65 127 65 52 65 65 65 65 65 65 72 65 65 65 65 66 65 52 52 52 65 65 65 65 65 65 65 57 52 127 65 57 65 65 65 78 52 65 175 52
72 175 26 26 26 57 175 26 57 26 175 26 175 57 26 175
121 121 121 121 121 121 121 121 121 121 121 121
127 127 77 26 134 123 127 26 123 77 96 123 96 127 26 77 26 123
221 221 175 175 221 221 175 175 41 221 221 175
127 127 127 26 141 31 26 127 26 127 72 26 127 127 26 26
175 175 127 127 127 175 175 127 64 175 175 175 127 175 127 175 127 175 127
221 221 221 221 221 221 221 221 221 221 221 221 58
65 65 65 65 65 127 65 65 65 65 65 65 65 65 65 65 127 127 65 69 65 65 65 65 65 65 65 65 65 65 127
19 127 127 175 57 175 127 127 175 175 57 57 175
26 26 175 26 60 175 26 26 26 175 175 175 26
157 121 52 121 121 121 52 52 52 121 121 52 52 121 121 52 121 121 52 121
175 221 41 221 221 221 221 175 221 175 175 175
127 127 127 127 127 127 127 12 127 127 127 127 127
127 127 127 127 127 12 127 127 127 127 127 127 127
41 221 221 221 221 221 175 175 175 221 175 175
127 221 26 26 127 26 26 26 221 221 221 127 127 26 221 221 26 96
221 221 127 57 127 57 37 57 127 221 221 221 221 127
127 221 127 127 57 175 57 57 57 175 57 221 57 221 175 90 221 57 175 57 175 221 127 221 57
221 127 221 26 221 221 57 57 57 221 57 221
72 127 127 57 175 127 57 57 175 57 57 127 57 127 175 127 127 175 127 127 175 127 127 127
175 26 123 185 26 81 77 26 77 175 26 139 26 26 77 175 77 77 175 77 77
77 77 77 77 116 77 221 221 77 221 77 221 77 221 77 221
91 91 91 91 91 91 91 91 91 91 91 91 91 91 91 91 91 91 91 91 91 91 91 91 91 91 91 91 91 91
175 127 175 175 175 127 175 175 175 175 57 127 175 54 57 175 127 57
41 175 221 127 221 175 127 221 127 221 127 60 175 221 175
57 57 57 221 221 57 221 26 221 57 221 221 57
65 65 65 65 65 65 65 65 65 65 65 65 65 65 65 65 65 65 65 65 65 65 65 65 65 65 65
127 221 221 127 127 127 221 221 113 127 127 221 221 60 127 127 221 141 221 127 127 221 127 221
127 127 127 127 127 127 221 57 57 127 57 127
174 127 163 127 127 163 127 127 174 127 163 231
87 26 77 96 57 77 26 77 54 77 77 114 123 77 123 87 26 179 57 57 77 57 96 131 123 87 77 77
57 57 127 127 127 221 127 127 127 127 127 57
221 175 221 221 221 175 175 41 221 175 175 221
221 221 221 221 26 26 26 75 26 26 75 75
175 175 175 44 175 127 127 44 127 175 175 175 175
91 91 91 91 91 91 91 91 91 91 91 91 91 91 91 91 91 91 91 91 91 91 91 91 91 91 91 91 91 91
175 175 175 175 221 57 221 175 57 221 175 175 221 57 175 221 221 175 175 86
127 127 127 127 127 127 127 12 127 127 127 127 127
44 175 185 221 175 231 175 175 221 221 221 221
127 26 127 127 49 26 26 26 127 26 26 26
137 137 137 137 137 137 137 137 137 137 137 137 137
175 175 175 57 127 221 52 57 57 26 57 52 57 175 175 127 175 26 127 52 175 231 57 52 52 127 175 52 221 175 26 26 52 181 26 231 52 221 141 26 127 141 175 221 127 36
221 127 127 127 221 77 221 221 221 221 221 221 221 221 127 221 221
65 65 65 65 65 65 65 65 65 65 65 65 65 65 65 65 65 65 65 65 65 65 65 65 65 65 65
174 175 127 127 174 175 3 127 175 127 175 175
231 81 127 127 221 127 221 221 231 221 221 221 127 221 221 221 221
127 127 26 26 127 105 127 26 193 26 163 175 26 175 175 127 127 26 127 193 26
91 91 91 64 91 175 26 26 91 91 91 91 91 91 91 91 26 26 26 91 91 91 103 91 91 91 91 91 175 175 91 91 91 36 91 91 193 91 91 91 91
52 175 127 175 175 127 127 127 127 175 127 127 127 127 127 127 175 127
175 26 26 175 26 127 127 127 175 127 127 175 175 127 175 26 175 175 26 127 175 127 127 127 127 125 26 127 175 26
221 175 221 175 175 221 41 175 175 221 221 221
175 57 26 127 26 193 31 26 175 127 175 26 77 178 185 57 57 123 81 175 57 26 175 127 77 175 26 175 175 175 77 57 77 175 57 77 231 77 77
26 26 127 127 175 175 128 221 127 49 26 175 221 36 175 127 26 175 127 221 221 221 36 127 37
185 127 127 175 127 36 127 141 127 175 175 127 175 127
26 26 26 26 123 221 26 26 123 221 26 221 26 221 221 26 26 26 26
65 91 91 91 146 91 91 65 91 91 65 91 91 91 65 65 91 65 65 91 65 65 65 65 65 91 146 65 65 91 91 91 65 91 65 91 65 91 65 65 91 91 91 65 65 91 65 91 65 91 65 91 91 65 91
175 127 185 175 141 127 175 127 36 127 175 127 127 127
65 65 65 65 65 65 65 65 65 65 65 65 65 65 65 65 65 65 65 65 65 65 65 65 65 65 65
221 221 127 127 127 49 221 127 127 193 127 221 221 221
64 175 175 127 127 127 127 175 175 175 175 127 175 175 175 127 175 127 127
52 52 52 52 96 175 57 52 175 52 52 175 52 89 185 57 175
175 127 175 175 127 57 175 57 127 19 175 127 57
31 127 127 175 127 127 175 127 175 175 127 175 127 127
221 221 52 100 52 52 52 52 221 52 221 221 52 52 221
221 221 26 26 221 221 221 127 221 127 221 221 77 221 221
221 221 221 221 221 58 221 221 58 221 221 221
72 52 127 52 52 52 127 127 127 52 52 52 52
141 26 26 127 175 185 175 26 127 86 127 26 175 26 26 175 26
65 65 65 65 65 65 65 65 65 65 65 65 65 65 65 65 65 65 65 65 65 65 65 65 65 65 65
127 175 175 175 26 58 175 175 175 127 141 175 175 58 58 175 31 127 231 58 141 127 221 26 175 148 175 175 175 127 127 193 175
113 52 127 52 221 52 52 221 127 52 127 221 52 221 52 221 26 52
175 52 52 52 87 54 175 52 185 52 175 175 52 52
175 175 175 175 221 54 221 175 175 175 24 221 175 175 152 175 175 221 175 175 175 175 175 37 175 86 221 221 175 221 175 175 175
221 221 19 175 221 221 19 221 175 72 221 175 175 175 175
231 175 175 221 185 221 221 175 175 221 175 175 221 221 221 221 175 221 221 175 221 177 175 175 221 221 175 221 221 221 221 175 175 41 175 221 221 221 175 41 175 175 221
127 127 26 26 26 26 127 127 26 26 26 49
57 57 57 57 89 89 57 57 57 127 127 57 57 57 57 89 127 57 57 57 89 127 174 57 57 57 57 174 77 57 57 57 57 57
127 163 127 36 57 175 127 26 26 127 221 221 175 127 26 221 26 26 36 175 57 127 127 127 127 127 140 175 221 221 127 57 175 221
65 65 65 65 65 65 65 65 65 65 65 65 65 65 65 65 65 65 65 65 65 65 65 65 65 65 65
221 57 175 175 57 221 175 175 57 221 175 52 221 221 221
221 175 12 221 57 175 26 221 57 26 158 19 175 221 26 175 26 12 54 175 221 221 221 175 57 221 175 193 36 57 89 26 175 175 57 12
175 118 221 127 221 26 221 221 26 127 231 60 127 175 26 221 175 26 221 26 26
221 221 75 221 221 26 26 75 26 26 75 26
221 26 221 26 26 77 77 77 26 221 144 77 77 77 77 26 221 26 221 221 77 26 77
175 221 221 57 221 127 127 75 175 89 141 57 221 127 175 175 221 175 221
137 137 137 137 137 137 137 137 137 137 137 137 137
57 96 77 77 77 77 57 77 77 57 57 77 77 57 77 57
77 77 57 26 221 77 26 57 77 221 77 221 57 26 57 221 221 221 221 221 221 26 221 57 77 77 57 77 221 26 77 221 26 26 167
86 175 175 52 52 175 52 175 175 52 52 52 52 52
175 175 175 175 175 175 175 175 175 175 58 175 175 175 175 175
68 127 127 127 221 127 127 127 127 221 221 127 127 127 127 221 127 221 221
221 221 221 221 221 221 221 221 58 221 221 221 221
26 221 221 26 221 221 77 221 26 26 26 26 221 26
57 221 127 127 57 127 127 57 127 127 127 127
221 221 221 57 221 221 57 221 112 221 221 221 221 57 221 221 221 221 221 221 221 221
175 60 127 57 57 26 57 26 175 90 175 127 26 175 26 127 127 26 26
175 175 221 221 221 127 221 60 221 221 231 175 127 175 127
175 86 175 57 175 221 221 175 175 221 175 221 221 175 175 221 57 175 175 57
221 77 77 221 77 221 77 116 77 77 77 221 77 221 77 221
26 175 193 26 175 175 26 64 64 26 26 36
221 127 221 127 221 221 127 49 127 127 127 127 221 221 127
52 144 127 52 127 52 175 175 175 52 52 52 52 52 52 127 52 52 52 52 175 52 175 127 52 52
44 175 221 185 175 221 175 221 221 221 231 175
231 57 57 221 221 221 221 89 31 57 57 57 221
138 137 175 175 127 137 127 175 175 127 175 175 175 175 137 175 175 141 175 137 127 57 127 127 194 57 137 57 137 185 175 127 137 127 175 137 138 175 141 127 127 137 138
36 175 175 175 57 175 175 175 57 57 175 175 175 175
57 57 175 175 127 127 175 57 127 31 175 57 57 127 57 175
221 175 136 175 201 221 127 26 175 127 221 26 26 221 175 175 175 26 201 175 26 175 26 127 221 127 221 57 26
77 57 131 123 114 131 26 123 77 96 26 96 26 77 123 36
91 91 91 91 91 91 91 91 91 91 91 91 91 91 91 91 91 91 91 91 91 91 91 91 91 91 91 91 91 91
137 137 137 137 137 137 137 137 137 137 137 137 137
175 185 58 127 175 57 175 175 127 127 175 57 185 175 57 127 175 175
175 175 175 175 44 175 175 127 127 175 127 175 175 127 175
91 91 91 91 175 91 91 91 91 91 91 91 57 91 91 91 91 91 175 91 57 91 91 91 91 91 95 91 91 91 57 91 91 91 175 175 175 91
165 165 165 165 165 165 165 165 165 165 165 165 165 165 165
26 26 26 127 26 26 26 127 127 49 26 127
57 175 175 175 127 127 19 175 127 175 57 57 127
127 175 175 175 175 57 175 57 175 127 175 57 175 175 175 57 127 175 175 175 175 57 57 96 175 127
175 127 175 57 127 127 57 57 175 127 31 175 57 57 175 57
91 91 221 91 91 91 91 91 91 91 91 221 91 91 91 91 97 91 91 91 91 91 221 91 91 91 91 91 91 221 221 91 221 91 91 91
26 26 96 26 26 26 26 96 26 26 26 26 26 26
175 26 127 127 175 26 175 26 127 175 175 127 127 127 175 26 26 127 175 127 175 26 175 175 119 26
77 77 77 175 175 77 77 175 77 175 77 77 107 77 175
57 57 127 96 57 221 57 221 57 221 127 221 221 127 127 221 57 221 221 221 221 221 221
175 57 175 57 175 175 221 174 174 57 174 174 175
175 113 26 12 175 221 26 193 193 26 221 221 26 231 26 26 26 221 185
127 127 49 127 127 26 26 26 26 26 26 26
54 221 221 221 175 221 175 221 221 87 221 221 87 175 175
26 49 26 127 127 127 26 26 26 26 26 127
175 3 127 221 163 57 175 105 3 175 221 127 127 221 175 127 175 127 221 57 57 127 57 57 57 127
127 57 26 57 26 26 57 127 72 31 26 57 57 127 26 89 127 26
26 221 26 109 221 193 221 26 221 26 26 109 175 175 3 26 175
175 175 26 175 26 175 26 26 26 175 60 26 26
65 65 65 65 65 65 65 65 65 65 65 65 65 65 65 65 65 65 65 65 65 57 57 65 57 65 67 65 65 65
174 175 26 175 174 175 26 26 26 64 175 175 26 26 26
127 127 175 175 175 175 44 175 175 127 175 175 175 175 127
26 26 26 26 26 26 26 26 96 26 26 26 26 26 26
221 175 127 175 221 127 109 175 127 127 221 127 127 221 221 127 175 175 175 175 175 175 221 175 127
175 175 127 57 127 127 19 57 57 175 175 127 175
26 221 221 26 26 26 221 221 221 221 127 26 221 221 123 221 127 26 127 221 221 221 26 127
26 12 26 175 77 175 12 77 26 157 77 77 26 157 87 175 26 221 175 77 221 118 26 87
175 175 175 175 57 26 127 127 175 26 175 26 127 57 127 26 26 175 175 175 57 175 115 26 26
221 221 127 193 221 127 221 127 127 221 221 127 127 49
57 104 57 57 31 221 221 26 221 89 231 57 221 26 26 26 26 221 57 31
26 26 26 26 26 26 26 26 26 26 221 221 26 221 26 221 123 221 26 26 221
44 57 175 57 57 57 175 175 175 175 175 57 175 57 175 175 175
31 175 127 127 127 127 175 175 127 175 127 127 127 175
137 137 137 137 137 137 137 137 137 137 137 137 137
77 77 77 77 175 175 175 175 77 77 107 77 175 77 77
107 221 175 175 221 175 175 175 221 221 175 175 221 175 175 221 185 175 175 175 175 185
91 91 91 91 91 91 91 91 91 26 91 91 102 91 175 91 91 91 91 91 175 26 91 26 91 91 91 26 91 175 26 26 91 91 91 26 175 91 91 91 91 175
127 175 175 175 127 175 175 175 175 175 175 44 127 175 127
91 91 91 91 91 91 91 91 91 91 91 91 91 91 91 91 91 91 91 91 91 91 91 91 91 91 91 91 91 91
221 221 221 221 127 77 221 221 54 231 221 127 127 54 141
91 91 91 91 91 91 175 91 91 91 91 91 221 175 175 91 91 91 91 91 221 175 175 175 221 175 106 91 91 91 221 221 91 91 175 91 175 221 91 91 175 175 175 175 175 91 91 91 91 91 175
175 31 127 175 127 127 175 175 127 127 127 127 127 175
127 127 26 127 26 26 26 26 49 26 127 26
26 175 26 175 31 26 26 26 175 175 175 175 185 175 26 175 100 193
77 77 231 221 221 127 52 77 52 221 52 77 175 127 127 77 221 52 175 127 127 221 221 221 221 52 127 175 52 185 221 127 77 221 221 127 221 127 231 226 221 77 221 221 77 221 127 221 127 77 52 185 231 52 127 221 231 221 221
127 175 127 175 127 127 36 174 175 175 127 175 127 127 127 174
175 175 57 57 175 57 57 175 57 57 175 231
26 175 175 26 26 60 26 26 175 26 175 60
57 175 31 175 57 57 127 127 57 193 175 175 127 175
57 57 175 127 141 175 175 175 175 175 175 175 185 175 127 127 58 57
26 49 26 26 26 26 127 26 26 127 127 127
57 127 127 127 127 127 57 57 26 127 127 127 127 127 127 127
127 77 77 89 77 77 57 127 127 127 127 77 131 77 77 77 127 57 57 77 127 127 127 89 127 127 57 127
221 221 221 127 127 221 127 127 127 127 127 127 221 221 49
127 127 175 185 127 175 127 127 127 36 141 175 175 127
127 127 127 127 231 127 81 127 57 127 127 175 127 57 57 127 175 175 175 127 127 127 127 127
221 221 174 57 221 57 221 175 57 175 54 175 175 174 221 175 221
175 221 221 175 175 175 127 175 127 175 127 221 127 221 175 175 221 175 175 93 221
77 77 115 77 221 221 77 77 221 115 77 77 221 115
105 105 105 105 52 105 105 52 52 52 105 105 145 52 52 52 145 105
221 52 57 57 221 175 175 175 175 221 221 57 221 175 221
231 156 221 137 137 137 221 137 137 137 138 221 137 137 221 137 137 221 137
57 175 57 57 175 19 175 127 127 175 127 127 175
127 57 127 127 127 57 57 127 127 57 12 57 57 127 127
105 105 175 175 105 105 105 105 175 175 121 105 105 175 105 105
52 127 26 26 127 26 26 174 26 26 26 174 127 127
26 26 77 26 26 26 26 123 123 26 152 77 96 26 26 123 96 26 77 26 123
221 127 127 175 221 127 175 221 175 221 175 175 60 127 221 221
91 91 91 91 91 91 91 91 91 91 91 91 175 91 175 175 91 91 91 193 91 91 101 91 101 91 91 175 91 91 175 175 193 91 175 175 91 91 19 91 91
31 175 175 175 26 175 175 26 96 175 175 26 26 26 185 175 175 26
65 26 127 65 65 65 65 65 65 65 127 65 65 65 65 65 65 26 65 65 127 65 65 65 26 65 65 65 26 26 65 127 65 26 65 65 76 26
91 91 91 91 91 91 91 91 91 91 91 91 91 91 91 91 91 91 91 91 91 91 91 91 91 91 91 91 91 91
165 165 165 165 52 52 165 52 165 191 165 165 165 165 165 52 52 191 191 52 165
77 77 77 77 77 77 77 77 77 77 77 144 77 77 77 77 77 77 77
221 26 127 136 26 36 26 221 221 26 36 37 26 26 26 221 127 221 26 26 127 221 127 26 26
127 175 127 127 175 175 175 141 127 175 127 141 36 127
175 174 175 127 175 174 175 127 127 3 175 127
175 26 60 175 26 26 175 175 26 26 175 26 26
221 221 221 185 57 175 175 221 221 57 221 221 175 19 221 193 193 57 175 221 175 221 122 175 221 175
175 57 175 175 175 175 57 36 175 175 175 175 175 57
221 221 52 52 113 221 221 127 52 221 52 52 52 52 221 52 127 127 127
185 26 57 26 26 175 175 127 175 175 26 26 175 175 175 127 26 116 57 127 175 175 26 89 127
221 221 221 221 175 127 175 221 221 221 127 221 221 221 221 221 127 221 131 175 221 175 221 221 221 175 127 221
175 19 175 175 175 175 175 19 175 175 175 175 175 54
87 221 221 221 175 221 175 221 221 87 221 221 54 175 175
77 77 116 77 221 221 221 77 77 221 221 77 77 221 77 77
175 57 221 221 221 175 175 221 221 175 52 57 221 57 175
77 26 26 26 77 26 26 77 77 123 26 123 77 77 77 77
65 65 65 65 65 65 65 65 65 65 65 65 65 65 65 65 65 65 65 65 65 65 65 65 65 65 65
221 221 41 221 175 221 221 221 175 175 175 175
57 175 175 57 57 175 57 175 57 57 175 231
221 221 175 175 175 221 221 221 175 221 221 221 221 221 175 221 90 221
105 105 105 105 105 105 52 52 52 52 105 105 52 145 52 52 145 105
175 26 60 26 60 26 26 26 175 175 175 26
65 65 65 65 65 65 65 65 65 65 65 65 65 65 65 65 65 65 65 65 65 65 65 65 65 65 65
90 175 221 175 57 57 221 175 221 114 221 175 175 175 175 221 221 221 175 175
26 49 26 26 26 127 127 127 26 127 26 26
52 52 52 127 52 52 52 52 72 127 52 127 127
165 165 165 165 165 165 165 165 165 165 165 165 165 165 165
127 127 127 127 127 57 57 26 127 127 127 127 127 57 127 127
26 77 77 26 77 221 221 26 221 144 77 77 144 77 77 26 26 77 26 221 221
65 65 65 65 65 65 65 65 65 65 65 65 65 65 65 65 65 65 65 65 65 65 65 65 65 65 65
52 221 52 52 54 175 120 52 221 175 221 185 52 221 175 221 52 52 221 175
26 221 221 193 221 221 175 175 221 221 221 221 26 221 164 175 193 193 221 221 175 175 26 221 221 231 19 221 26 26 221 26 175 26 175 221
175 26 60 26 60 26 26 26 175 175 175 26
165 165 165 165 165 165 165 165 165 165 165 165 165 165 165
77 77 77 221 221 221 116 221 77 77 77 77 77 77 221 221
127 127 52 127 127 127 127 127 127 175 127 127 175 175 175 127 175 127
221 3 127 163 127 221 127 221 104 127 221 127 221 221 221 221 3 221 127 127 221
221 127 57 127 127 57 127 127 127 127 127 57
127 127 127 127 57 127 127 127 221 57 57 127
26 221 37 221 26 26 127 221 127 36 127 221 26 127 36 231 221 221 127 231 36 127 127 221 138 221 221
26 26 127 26 31 52 26 127 127 26 141 26
175 221 221 221 221 175 175 175 221 41 175 221
65 221 65 65 65 65 221 65 65 65 65 65 65 65 65 65 65 221 65 65 65 65 65 65 221 65 65 221 65 221 73 65 65
91 91 91 91 91 91 91 91 91 91 91 91 91 91 91 91 91 91 91 91 91 91 91 91 91 91 91 91 91 91
175 175 93 175 26 175 26 175 175 175 26 26 175 26 26 175 175 26
26 26 26 127 49 26 127 127 26 127 26 26
175 175 175 175 127 175 127 127 127 175 127 127 64 175 127 175 175 127 175
221 175 175 175 221 127 221 175 221 127 175 127 127 127 175 175 127 127 175 221 175 109 175 127 221
175 175 175 175 175 175 175 175 175 175 175 175 58 175 175 175
77 77 77 127 77 77 127 77 127 127 127 77 116 57 57 77 77 127 127 57 127
175 57 175 127 175 221 57 221 175 127 57 221 175 175 57 175 137 175 127 127 175 175 57 221 57 221 57 175 127 175 57 127 175 175 221 175 57 127 127
221 89 221 57 127 127 127 127 57 127 221 127 72 57 57 221 89 127 221 127 221
26 26 26 124 221 26 221 36 221 124 26 26 36 26 221 221 26 26 26
127 127 127 127 57 127 127 26 127 57 127 127 127 127 127 57
91 91 91 91 91 91 91 91 91 91 91 91 91 91 91 91 91 91 91 91 91 91 91 91 91 91 91 91 91 91
91 91 91 91 91 91 91 91 91 91 91 91 91 91 91 91 91 91 91 91 91 91 91 91 91 91 91 91 91 91
57 175 57 57 175 175 57 231 175 57 175 57
77 77 118 77 175 77 77 175 127 175 175 77 77 175 127 127 77 77 127
185 175 175 44 175 231 221 221 221 175 221 221
26 26 26 26 26 96 26 26 26 26 26 26 26 26 26
165 165 165 165 165 165 165 165 165 165 165 165 165 165 165
26 127 175 57 175 127 26 26 127 127 26 57 26 175 26 107 127 175 127 26 127 175 57 127
193 26 127 26 127 127 221 163 175 26 193 221 221 127 221 221 26 221 221 221 127 175 26 221 26 221 127 148 175 221 26 221 127
26 26 96 26 26 26 26 96 26 26 26 26 26 26
175 221 41 221 221 175 221 221 175 175 175 221
137 137 137 137 137 137 137 137 137 137 137 137 137
175 175 175 175 175 175 52 175 52 175 175 175 52 52 52 52 52 52 124 175 175 175 175 175
26 221 138 175 221 58 58 175 193 26 175 26 221 175 221 221 175 58 175 231 185 58 175 221 221 175
175 37 175 175 86 221 221 221 221 54 221 221 221 86
175 175 127 127 175 127 57 19 175 175 127 57 57
26 175 26 175 175 185 105 175 57 26 26 175 175 57 175 31 26 26 57 175 175
65 65 65 65 65 65 65 65 65 65 65 65 65 65 65 65 65 65 65 65 65 65 65 65 65 65 65
91 91 91 91 91 91 91 91 91 91 91 91 91 91 91 91 91 91 91 91 91 91 91 91 91 91 91 91 91 91
221 193 175 221 175 221 201 221 221 127 175 175 127 193 175 113 127 175 127 221 127 175 127 127 127
175 31 127 127 175 127 175 127 175 127 127 175 127 127
175 54 175 175 175 175 175 19 175 175 175 175 175 19
175 175 127 26 26 175 175 127 175 123 127 175 175 175 26 175 26 175 127 175 175 26 26 175 175 26 175
221 175 175 175 221 221 41 221 221 175 175 221
175 127 175 221 221 127 221 60 221 221 175 127 127 175 175 221
175 221 127 221 175 221 127 60 221 175 221 175 175 221 127 127
175 193 26 26 36 26 26 175 119 26 26 26 26 26 26 26 119 175
175 175 175 175 175 57 175 24 175 175 175 175 57 100 175 175 175 57 175 175 175 175 175
57 26 221 26 175 26 175 26 113 57 26 175 221 221 175 221 221 26 26 221 175 57
221 221 221 221 41 221 175 175 175 175 175 221
26 127 26 193 58 221 57 26 127 58 57 127 57 96 58 221 57 58
127 221 57 127 221 221 221 57 127 127 37 221 221 57
77 166 221 221 77 221 77 3 193 221 166 54 221 77 221 175 77 77 221 221 77 221 221 221 3 77 193 175
165 165 165 165 165 165 165 165 165 165 165 165 165 165 165
221 175 175 175 221 231 221 175 57 175 57 175 175 175 175 87 221 57 185 221
127 65 127 65 127 65 65 65 127 65 127 65 65 127 65 65 65 71 65 65 65 65 127 65 65 65 65 65 65 127 65 65 65 65 65
175 175 175 127 26 127 127 127 26 175 26 127 127 100 26 26 127 26 26 231
96 175 175 175 175 175 127 175 175 127 127 175 175 175 127 175 175 127 127 175 175 175 127 127
221 175 175 221 175 221 175 221 175 175 175 175 175 121 175 175 175 175 175 175 221 221 175 175 175 175 175
175 127 175 175 175 175 175 44 175 127 127 175 127 175 175
231 175 175 175 175 57 57 175 57 57 57 57
26 175 193 26 175 175 26 64 64 26 26 36
175 175 174 57 3 175 57 89 57 175 57 175 57
77 166 221 221 77 221 77 3 193 221 166 54 221 77 221 175 77 77 221 221 77 221 221 221 3 77 193 175
185 175 26 127 26 127 26 86 175 26 175 127 127 31 26 26 175
57 57 26 57 26 26 57 26 26 26 49 26 57 57
175 127 127 31 127 175 175 127 127 175 127 175 127 127
221 221 41 221 221 175 221 175 175 175 221 175
175 127 175 127 127 174 175 3 175 175 127 174
127 77 175 127 175 175 52 175 127 175 77 196 141 77 77 127 52 52 52 175 175 175 127 175 127 77 185 175 77 175 77 175 52 141 77 141 175 175 175 127 72 175 175 52 127 175 52 175 77
57 221 127 89 127 77 175 163 127 114 127 179 153 221 81 116 221 221 175 57 57 114 221 221 221 153 221 77 57 57 77 175 185 19 221 175 221 77 127 57 77 77 77
191 165 165 165 52 52 165 52 165 165 165 165 165 165 165 52 52 191 191 52 165
127 54 175 175 175 57 127 127 175 175 175 175 127 175 57 57 175 175
77 123 123 123 26 123 77 96 26 96 26 77 123 26
175 127 175 127 175 31 175 127 127 175 127 127 127 127
175 127 221 60 221 221 175 127 221 175 127 127 221 175 221 175
221 57 175 221 127 175 57 57 119 175 127 221 175 57 175 57 175 127 175 221 175 221 127 175 127 127 127 175 127 57 221
231 26 221 140 26 175 221 175 193 31 175 26 231 221 175 185 175 221 175 26 175 26 175 175 175 175 175 175 26
26 127 26 221 26 26 26 127 221 26 26 127 221 127 57 57 105 57 221 221 221
221 221 221 221 221 58 221 221 221 221 221 221 221
221 175 175 175 221 163 231 175 175 3 127 3 141 221 127 72
91 91 91 91 91 91 91 91 91 91 91 91 91 91 91 91 91 91 91 91 91 91 91 91 91 91 91 91 91 91
127 127 127 57 127 127 57 127 127 127 127 89 57 127 127 57 52 57 57 57 127 89
91 91 91 91 91 91 91 91 91 91 94 91 127 91 91 91 91 91 91 91 91 91 91 91 91 91 91 91 127 91 127 127 91 91
65 65 65 65 65 65 65 65 65 65 65 65 65 65 65 65 65 65 65 65 65 65 65 65 65 65 65
221 77 221 221 221 77 138 77 77 77 77 221 221 221 77 221 231 231 221 77 221 77
26 127 127 26 26 127 26 26 26 127 26 49
81 221 221 127 231 221 231 127 221 127 221 127 221 221 221 221 221
91 91 91 91 91 91 91 91 91 91 91 91 91 91 91 91 91 91 91 91 91 91 91 91 91 91 91 91 91 91
175 221 175 127 221 127 175 175 72 127 57 221 221 221 221 175 57 57 127
221 12 77 77 77 87 221 118 77 12 118 118 77 87
57 57 175 57 57 231 175 175 175 175 57 57
41 175 221 175 175 221 221 175 221 221 221 175
221 127 221 57 57 221 221 127 127 127 221 37 57 221
109 175 26 175 26 175 26 175 26 127 175 127 175 127 26 26 175 175 26 175 175 127
26 127 57 87 26 57 57 26 57 57 57 26 127 57 57 57 26 57 127 26 57 127 57 26
127 221 127 109 127 127 127 127 221 127 127 57 127 127 127 221 127 57 127 3 57 221 221 221 127 127 185
127 221 221 221 127 127 221 57 127 57 221 127 57 221 127 127 58 127
175 26 26 26 26 26 26 175 175 175 60 26 175
26 127 127 127 127 26 26 26 26 26 49 26
137 137 137 137 137 137 137 137 137 137 137 137 137
121 121 121 121 121 121 121 121 121 121 121 121
127 175 127 175 127 127 127 57 127 127 175 19 175 41 57
221 175 221 175 175 221 175 221 175 231 175 221 185 175 41 175 175 221 175 175 221 175 221 143 24 175 175 221 175 175 221
221 221 60 221 221 221 231 221 221 221 221 221 231
127 52 175 52 127 52 175 127 52 175 52 127 175 52 127 127 127 175 52 52 115 127
26 26 26 124 221 26 221 36 221 124 26 26 36 26 221 221 26 26 26
175 221 221 175 221 175 221 57 175 175 57 221 52 221 57
127 175 127 127 127 57 57 127 57 175 41 127 175 127 127 175 175
221 26 77 26 26 221 26 26 26 221 221 221 26 221
127 127 127 127 127 31 175 127 175 175 175 127 175 127
175 175 127 127 72 127 127 127 127 127 127 127 12 175 127 175 127 175 127 127
221 221 221 221 221 58 221 221 58 221 221 221
52 221 52 221 52 52 96 221 221 96 52 96 52
127 127 175 175 12 175 127 127 127 52 127 127 175 175 127 127
175 193 26 26 36 26 26 175 119 26 26 26 26 26 26 26 119 175
58 26 57 127 26 26 26 26 127 26 26 127 57 57 127
57 127 26 57 57 26 57 26 68 57 127 127 26 26 26 26 57 127
127 57 175 127 26 175 175 185 26 127 141 127 26 175 127 141 26 127 127 89 127 57 26 175 57 193 26 127 89 185 175 57 127 26 140 175
77 77 77 77 77 77 127 127 127 77 96 77 77 127
26 26 221 221 26 221 26 26 77 26 221 221 221 26
121 121 121 121 121 121 121 121 121 121 121 121
137 137 137 137 137 137 137 137 137 137 137 137 137
26 57 26 26 57 127 57 57 26 26 49 26 26
127 221 221 221 127 57 127 57 57 175 221 221 175 175 221 127 175 72 175
121 121 121 121 121 121 121 121 121 121 121 121
121 121 121 121 121 121 121 121 121 121 121 121
57 175 127 19 127 57 57 127 127 175 175 175 175
127 175 127 127 175 127 127 175 127 175 175 127 127 175 185 127 127 175 127 185 175 127 175 100 175
175 57 127 26 185 175 175 175 26 175 26 127 175 175 26 175 26 175 26 26 175 175 175 141 175 127 57 175 131 57
121 221 121 221 121 121 121 221 221 121 121 121 121 221 221 142 121 121
175 147 127 127 26 26 175 175 127 26 26 49 175 175 26 26 175 26 175 127 26 26 175 127 127 26 26 175 26 175 26 127
165 165 165 165 165 165 165 165 165 165 165 165 165 165 165
26 175 175 64 175 175 26 31 26 185 26 26 26
221 221 221 221 127 221 127 118 221 221 221 221 221 221 221 221 127 141 221 221 221 221 231
175 127 175 31 127 127 127 175 127 175 127 175 127 127
221 221 175 175 41 175 221 221 221 221 175 175
91 91 163 91 127 91 91 91 98 91 91 91 127 91 91 175 57 91 91 91 175 127 91 91 175 91 91 57 91 91 91 91 91 91 91 91 175 175 91 91 91
77 77 127 77 77 96 127 127 77 77 77 127 77 77
52 52 175 175 175 175 52 112 175 52 175 52 175 52 52 175 175 52 175
175 221 127 175 175 175 221 93 127 175 221 175 175 127 221 175 175 127 221 221 175
65 65 65 65 65 65 65 65 65 65 65 65 65 65 65 65 65 65 65 65 65 65 65 65 65 65 65
26 26 26 26 123 221 26 26 123 221 26 221 26 221 221 26 26 26 26
91 91 91 91 91 91 91 91 91 91 91 91 175 91 175 175 91 91 91 193 91 91 101 91 101 91 91 175 91 91 175 175 193 91 175 175 91 91 19 91 91
221 175 175 221 127 221 221 221 127 175 221 221 175 127 127 221 175 221 107 221 221 221
96 175 175 175 175 26 31 175 175 175 26 26 26 26 185 175 26 175
137 137 137 137 137 137 137 137 137 137 137 137 137
26 77 77 26 77 221 221 26 221 144 77 77 144 77 77 26 26 77 26 221 221
57 127 57 175 175 175 127 175 127 19 127 175 57
127 175 175 175 127 175 175 175 175 175 127 127 44 175 175
175 26 175 26 175 93 26 175 26 175 175 175 175 26 26 175 175 26
127 175 175 64 175 175 175 175 127 127 127 175 175 175 127 175 127 127 127
221 175 175 221 64 127 127 221 141 127 175 175 221 221 175 231
26 26 26 26 26 96 26 26 26 26 26 26 26 26 26
31 26 58 221 26 58 89 72 58 58 221 57 57
127 127 175 127 57 175 57 127 127 175 175 141 57 127 127 127 127 141 57 127 127 127 57 175 175 96 141
221 26 26 221 77 221 26 221 26 26 221 26 26 221
221 127 127 127 127 175 175 127 221 127 221 81 175 175 221 175 221 127 221 127
127 175 127 175 127 127 127 31 175 175 127 127 127 175
165 165 165 165 165 165 165 165 165 165 165 165 165 165 165
127 52 127 52 52 52 52 52 127 72 52 52 127
65 221 65 65 65 57 221 74 65 65 65 65 65 65 65 221 65 65 65 65 57 65 65 65 221 65 65 65 65 65 174 65 57 65 221 65 174 221
127 127 221 221 221 49 221 221 221 127 127 127 127 127 127
57 221 221 57 57 57 221 221 57 57 221 57 57 221 37 57
65 65 65 65 57 65 57 65 65 65 65 65 65 65 65 57 65 65 57 65 65 69 65 65 65 57 65 65 65 57 65 65 65
26 26 127 127 26 26 49 127 26 26 127 26
31 127 175 175 127 127 175 175 127 127 127 127 127 175
26 68 175 26 26 26 175 193 26 175 37 26 193
221 175 175 221 57 221 57 175 221 175 221 221 125 175 175 221 127 175 221 221 221 127 175 127 175 127 57 175 221 221
127 12 127 127 127 127 127 127 127 193 127 127
127 127 221 57 127 127 57 127 127 127 127 57
175 231 185 57 221 221 175 175 175 127 57 221 57 127 175 127 127 105 221 175 175 221 175 175
127 141 64 57 127 127 175 57 175 127 127 127 127 141 175 175 127 57 127 175 127
26 12 26 175 77 175 12 77 26 157 77 77 26 157 87 175 26 221 175 77 221 118 26 87
191 165 165 165 52 52 165 52 165 165 165 165 165 165 165 52 52 191 191 52 165
77 77 77 175 77 175 77 175 77 175 77 107 77 175 77
65 91 91 91 146 91 91 65 91 91 65 91 91 91 65 65 91 65 65 91 65 65 65 65 65 91 146 65 65 91 91 91 65 91 65 91 65 91 65 65 91 91 91 65 65 91 65 91 65 91 65 91 91 65 91
121 121 121 121 121 121 121 121 121 121 121 121
175 175 175 175 57 36 175 175 175 175 175 57 57 175
175 57 57 127 127 175 57 175 175 175 127 127 19
221 221 75 221 26 26 26 75 221 26 26 75
165 165 165 165 165 165 165 165 165 165 165 165 165 165 165
91 91 91 91 91 91 91 91 91 91 91 91 91 91 91 91 91 91 91 91 91 91 91 91 91 91 91 91 91 91
175 175 57 57 175 175 57 127 127 175 221 57 175 127 221 175 57 175 221 57 175 175 221 175 175 175 127 221 175 175 123 221
175 221 175 127 175 221 175 127 57 127 26 127 107 221 127 221 127 127 127 57 127 175 221 57 127 127