77 77 77 77 77 77 77
77 77 77 77 165 77 77 77 77 77 77 77 77
77 77 77 77 77 77 77
77 77 77 77 77 77 77
189 77 77 189 77 77 77 105 77 189
189 189 189 256 300 256 256 256
77 77 77 77 77 77 77
189 189 300 256 189 256 256 256
77 77 77 165 77 77 77 77 77 77 77 77 77
10 10 77 256 77 77 77 10 10 10 256 77 77 256 77 77 77 256 208 77 77 77
124 124 124 124 124 124 124 124
124 124 124 10 10 256 256 10 182 124 256 124 124 10 10 256 124
124 124 124 124 124 124 124 124
178 256 10 10 256 10 216 10 256 189 10 10 256 10 189 10 10 256 256 10 270 256
77 77 77 77 77 77 77
77 77 77 10 77 10 270 10 256 256 77 10 21 77 169 256
77 124 124 77 124 77 124 124 124 124 77 77 178 77
77 77 77 77 77 77 77
88 88 256 256 10 10 256 10 10
124 124 124 124 124 124 124 124
166 10 124 124 124 124 10 124 10 166 10 124
280 124 10 124 228 10 10 228 124 228 124 124 124 10 10 228 228 228 228 228 228 228 228 124
155 155 155 155 155 155 155 155 155
10 256 10 256 130 10 256 256 256 10 10 256 256 256
77 77 77 77 77 77 77
10 256 256 256 189 256 10 189 256 256 256 189 256 256 189 189 10 10 189 189 10 166
245 245 245 245 245 245 245 245 245 245 245 245 245 245 245 245 245 245 245 245 245 245 245 245 245 245 245 245 245 245 245 245 245 245 245 245 245 245
245 245 245 245 245 245 245 245 245 245 245 245 245 245 245 245 245 245 245 245 245 245 245 245 245 245 245 245 245 245 245 245 245 245 245 245 245 245
289 289 289 289 289 289 289 289 289 289 289 289 289 289 289
77 77 77 77 77 77 77
155 155 155 155 155 155 155 155 155
155 155 155 155 155 155 155 155 155
189 189 189 256 189 189 189
256 105 256 256 256 256 256 256 256 256 256 256 256
124 124 124 124 124 124 124 124
256 124 124 165 189 124 124 256 124 256 189 256 124 189 124
77 77 77 155 155 77 77 155 189 220 256 189 256 155 77 189 155 155 155 155 256 256
228 205 10 10 205 205 205 10 205 205 205 205 205 205 10 10
77 124 124 124 10 268 77 77 10 77 256 124 256 124 77 10 124 124 10 256 10 77 149 256 149 124 124 124 256 124 124 256
77 77 77 77 77 77 77
189 256 256 256 256 10 256 256 256 189 10 256 189 145 10 10 10
77 77 10 77 10 77 10 145 77 10 77 10
228 228 228 228 228 228 228 228 228 228 228 228
122 122 122 122 122 122 122 122 122 122 122 122 122 122 122 122 122 122 122 122 122 122
155 155 155 155 155 155 155 155 155
77 189 189 77 189 189 189 189 77 189 189 77 189 189 189 77 189 77 152
155 155 155 155 155 155 155 155 155
77 77 77 77 77 77 77
215 155 215 178 228 215 155 4 228 178 178 215 228 228 228 4 228 228 215 228 228 228
77 77 77 77 77 77 77
77 77 77 77 77 77 77
178 155 155 178 250 178 155 155 194 178 182 155 194 178 155 250 194
124 124 124 124 124 124 124 124
268 77 77 10 268 268 130 268 278 10 268 10 256 10 88 21 10 256 268 10 268 10 268 77 10 77 130 278 95 77 10 43 268 268 278 10
155 124 124 155 124 124 155 155 215 124 155 155 124 155 155 124
141 124 10 141 10 115 124 124 10 115 10 10 10 141 10 256 256 10 36 256 149 244 10 256 256 152
77 189 77 77 124 189 77 189 77 124 189
256 189 189 36 256 189 256 189 189 256 189
77 77 77 77 77 77 77
124 124 124 124 124 124 124 124
256 10 10 268 268 124 124 256 256 34 268 189 268 10 124 10 268 10 10 124 189 256 124 268 124 268 268 10 124 268 268 189 268 10 10 10 268 268
178 178 124 178 124 178 178 178 229 178 178 178 124 124 124 124 124
77 189 77 77 10 10 77 189 189 10 77 10 10 155 77
228 228 228 228 228 228 228 228 228 228 228 228
189 189 77 189 77 77 105 77 77 77
155 155 145 155 155 155 10 77 155 10 10 10 10 10 77 155 77 10 263 10 77 10 77 10 160 21 10 10 10
124 124 124 124 124 124 124 124
270 139 10 10 10 189 10 270 256 10 256 189 256 189 189
289 248 248 248 248 289 248 289 289 248 289 289 248 289 289 248 289 289 289 248 74 289 248 289 289 248 248
256 124 256 95 256 10 10 95 256 124 10 270 10 10 10 124 256 124 256 21 124 124 239 256 124 95 10 10
77 145 10 10 10 77 10 77 77 77 10 77
124 124 124 124 124 124 124 124
178 205 178 273 205 205 205 178 205 205 178 182 208 178 205 178 205 178 178 205
178 178 178 178 178 178 178 178 178 178
228 228 228 228 228 228 228 228 228 228 228 228
268 268 178 256 124 178 178 256 268 178 178 210 210 268 178 178 210 210 268 178 268 256 178 84 178 178 268 256 268 210 178 124 268 178 268 268 268 268
268 155 268 155 268 268 155 155 155 155 268 268 268 268 268 268 268 155 8 155 268 268
178 178 178 178 178 178 178 178 178 178
10 189 10 287 189 169 256 10 10 189 10 65 190 10 65 51 10
155 155 155 155 155 155 155 155 155
270 256 256 256 256 216 256 256 189 256 189 189 115 189 189
228 228 124 228 228 228 124 228 124 228 124 124 124 228 124 266 228 228 228
10 121 10 121 10 10 10 10 10 10
256 256 10 88 256 10 256 10 10 10
205 205 205 155 77 205 283 155 155 205 155 77 155 77 283 205 155 77 205 77 155 205 205
77 77 77 77 77 77 77
124 124 124 124 124 124 124 124
10 10 10 256 256 256 88 256 10 10
77 77 77 77 77 77 77
178 256 256 178 178 178 178 256 197 197 178 178 178
248 248 248 248 248 248 248 248 248 248 248 248 248
228 228 228 189 10 268 228 10 228 10 10 228 228 10 10 228 10 228 10 10 228 189 228 10 189
121 121 77 121 77 121 121 121
77 77 77 77 77 77 77
245 245 245 245 245 245 245 245 245 245 245 245 245 245 245 245 245 245 245 245 245 245 245 245 245 245 245 245 245 245 245 245 245 245 245 245 245 245
77 77 77 77 77 77 77
178 178 178 178 178 178 178 178 178 178
149 124 10 124 124 149 10 178 124 10 124 256 10 10 256
289 289 289 289 289 289 289 289 289 289 289 289 289 289 289
178 178 178 178 178 178 178 178 178 178
124 124 124 124 124 124 124 124
77 77 77 165 77 77 77 77 77 77 77 77 77
77 256 77 77 256 77 124 77 77 256 256
77 77 77 77 77 77 77
10 21 10 10 21 116 10
124 124 124 124 124 124 124 124
50 189 10 10 189 10 10 189 10
10 77 145 10 77 77 77 10 77 77 10 10
155 155 155 171 256 256 155 256 155 155 256 155 155
205 77 205 205 205 205 77 205 205 205 77 205 205 77 77 77 237
189 189 189 189 189 189 77 189 256 189 189 189 189 256
256 256 256 155 124 10 155 155 10 124 10 124 256 256 10 270 124 124 124 155 155 256 155 124 155 155 270 261 10
10 256 256 256 77 243 77 10 10 10 77 10 256 256 77 21 10 256 256 256 10 10 256 256 256 88 10 10 256 10 10 10 77 10
77 77 77 77 77 77 77
124 124 124 124 124 124 124 124
256 10 10 10 10 10 256 10 10 10 10 10 256 256 149
124 124 124 124 124 124 124 124
189 256 10 256 189 189 189 194 256 256 10 256 10 10 256 256 256 256 256 256 10 189 189 256 256 256 256 256
124 124 124 124 124 124 124 124
101 91 91 10 91 91 91 91 91 10 91 189 91 50 10 91 91 10 91 91 91 189 91 91 91 91 91
178 178 178 178 178 178 178 178 178 178
189 216 189 189 216 189 270
256 256 256 256 256 256 256 256 36
178 178 178 178 178 178 178 178 178 178
10 77 115 115 77 115 115 115
228 228 228 228 228 228 228 228 228 228 228 228
77 152 77 152 77 152 77 77 77 152
77 77 77 189 189 105 77 189 77 77
256 256 10 256 10 10 256 10 10 121 256 256 256 10 169 256 10 10
124 124 124 189 141 124 124 189 124 189 124
155 155 155 155 155 155 155 155 155
228 228 273 228 228 228 155 155 155 273 273 155 228 155 228 155 228 228
155 155 155 155 155 155 155 155 155
10 10 116 116 21 10 10 10
256 189 189 189 189 189 189
77 152 77 152 77 152 77 77 77 152
10 10 124 124 10 10 124 124 124 124 124 10 166
250 77 185 189 141 77 77 176 155 155 77 155 189 155 77 77 77 141 155 77 77 77 176
10 10 10 10 189 256 10 10 10 189 256 189 10 121 10 10 256 10 10 188 256 10
185 155 155 77 170 185 185 185 185 155 121
256 256 256 256 256 256 256 256 36
155 155 155 155 155 155 155 155 155
124 124 124 124 124 124 124 124
256 256 36 256 256 256 36 256
155 77 155 155 77 77 155 155 199 155 77 155 77 155 77
50 10 10 50 10 189 189 189 300 189 10 189 10 10 10 50 160
124 124 124 124 124 124 124 124
155 155 155 155 155 155 155 155 155
256 256 256 256 256 36 256 36
77 10 77 10 77 77 77 77 10 77 77 77 188 141 188
205 205 205 205 205 205 205 205 205 205 205
124 124 124 124 124 124 124 124
178 178 178 178 178 178 178 178 178 178
178 178 77 178 219 77 178 77 178 77 178 178 178 219 77
10 10 10 121 10 10 10 10 10 10 10
77 77 77 165 77 77 77 77 77 165 77 77
77 77 10 256 189 77 50 10
130 124 77 124 124 182 88 77 77 124 124 124 77 77
256 77 256 77 77 10 270 256 10 145 10 77 256 224 77 77 256 77 77 270 256 77 10 77 77
205 205 205 8 8 205 268 205 268 205 205 178 268 8 199 199 8 205 66 268 268 178 268 66 268 44
124 124 124 124 124 124 124 124
256 256 300 189 256 189 256 189
10 155 10 155 204 10 169 10 256 77 10 124 210 124 124 285 285 155 77 124 77 256 124 256 166 124 21 256 256
77 77 77 197 197 197 124 229 197 77 178 178 178 77 197 229
10 10 10 10 149 10 256 256 10 10 10 10 10 256 256
10 155 10 155 10 212 10 10 155 10 155 155 155 10 10 10 155 10 155
10 77 10 10 77 77 10 77 10 77 77 145
124 124 124 124 124 124 124 124
189 178 178 178 178 178 334 189 178 178 178 178 189 188
268 289 289 289 289 289 268 268 289 268 268 268 289 87 289 268 268 289 289 268 268 289 268 289 87 289 268
256 10 130 270 77 13 155 256 256 10 77 10 155 256 256 155 256 77 10 77 10 256 256 77 77 155 256 77 10 256 10 77 256 155 256 88 155 270 10 155 256 155 77 256 256 21 77 256 21 256
189 189 189 189 189 256 189
77 77 77 77 77 77 77 205 77 77 77 77 77 205 77 77 77
91 91 91 91 91 91 91 91 155 155 155 155 155 155 155 91 91 91 91 91 91 91 114 91 155 91 91 91
124 124 124 124 124 124 124 124
124 124 124 124 124 124 124 124
77 77 77 77 77 77 77
77 77 77 77 77 77 77
256 10 256 189 256 189 10 10 256 256 189 10 145 256 256 256 10
235 10 155 235 178 10 178 215 10 215 178 215 155 10 215 215
95 10 95 95 10 10 95 10
105 155 155 208 155 256 155 300 155 10 10 77 10 155 155 155 300
256 10 10 256 10 10 256 10 88 256
77 77 77 77 77 77 77
256 270 116 116 256 256 256
124 124 124 124 124 124 124 124
50 296 178 210 220 178 178 194 199 155 10 199 296 178 10 199 210 194 194 178 178 199 121
155 77 199 155 77 155 77 155 77 155 155 77 155 77 155
155 155 155 155 155 155 155 155 155
122 122 122 122 122 122 122 122 122 122 122 122 122 122 122 122 122 122 122 122 122 122
141 189 124 124 124 189 124 189 124 124 124
124 124 124 124 141 124 189 124 124 189 189
256 256 10 189 77 256 256 252 10 189 256 256 77 77 77 10 189 77 189 256 77 77 10 189 77 256 189 77 77 10 10 10 77 77 10 10 10
116 268 268 268 10 10 124 268 116 256 268 268 268 256 268 124 268 268 124 268 10 124 256 124 10 268 19 268 10 256 124 124
256 77 77 256 145 77 166 256 256 256 77 256 166 256
178 178 178 178 178 178 178 178 178 178
155 124 124 260 124 155 124 124 155 124 155 124 155 155 155 260 124 124 124 124 124
124 124 124 124 124 124 124 124
160 77 155 10 88 10 77 155 77 10 77 155 10 77 228 36 155 155 155 155
77 256 36 289 130 256 10 77 256 130 166 77 256 10 10 256 256 10 21 256 256 189 10 256 256 77 10 216 10 10 189 256 36 130 77 189 10 77 256 145 256 256 77 256
10 189 189 189 88 10 189 10 10 189 189 10
256 10 256 10 10 88 256 256 10 10
77 77 77 77 77 77 77
178 178 178 178 178 178 178 178 178 178
155 155 155 155 155 155 155 155 155
77 77 77 77 77 77 77
256 270 270 256 256 256 256 256 50
77 77 77 77 165 77 77 77 77 77 77 77 77
155 155 155 155 155 155 155 155 155
256 256 256 256 189 189 300 189
268 268 268 268 268 268 268 268 268 268 268 268 268 268
178 178 178 178 178 178 178 178 178 178
189 10 10 256 189 10 189 256 256 10 115 10 256
155 155 155 155 155 155 256 256 155 155 256 256 171
228 228 228 228 228 228 228 228 228 228 228 228
77 77 77 77 77 77 77
77 77 77 77 77 77 77
155 155 155 155 155 155 155 155 155
155 155 155 155 155 155 155 155 155
124 124 124 124 124 124 124 124
10 10 121 10 121 10 10 10 10 10
77 77 77 77 77 77 77
256 256 256 256 36 256 256 256 256
166 121 95 124 185 185 10 124 10 124 141 124 10
256 36 256 256 256 256 256 256 256
124 185 185 185 124 124 124 77 124 170 235 155 185 124 124 155 155 121
122 122 122 122 122 122 122 122 122 122 122 122 122 122 122 122 122 122 122 122 122 122
77 77 77 77 77 77 77 205 77 77 77 77 77 205 77 77 77
189 189 189 189 189 189 189 256 189 105 189 189 189 189 189 189 189 189
77 77 77 256 124 256 77 77 256 77 256
268 268 268 268 268 268 268 268 268 268 268 268 268 268
178 178 178 178 178 178 178 178 178 178
2 38 28 178 256 15 256 289 116 28 15 178 289 289 289 178 77 116 256 289 77 15 256 289 15 289 77
77 77 77 77 77 77 77
77 77 77 77 77 77 77
124 124 124 256 152 256 124 124 256 124 256 124
124 10 124 124 334 212 205 124 189 178 10 10 165 189 178 124 189 178
124 124 124 124 124 124 124 124
189 77 77 77 189 189 256 124 189 77 77 77
10 256 256 77 256 256 77 77 10 256 250 256 77 256 248 21 10 256 256 248 77 248 256 256 248 10 77 248 10 256 248 44 248 256 248 256 189 256 256 256 256 256 256 10 248 189 10 248 10 10 248 189
268 10 8 268 178 268 10 268 268 268 178 16 218 218 268 8 8 8 8 299
205 230 205 205 268 275 331 332 77 248 326 292 81 10 268 317 10 248 309 248 10 306 233 77 268 146 178 268 333 330 332 321 248 10 77 205 292 321 248 284 10 77 10 268 248 178 284 248
77 77 77 77 77 77 77
155 256 10 77 155 232 10 77 77 155 155 155 121 77 121 155 10 10 10 155 155 256
155 155 155 155 155 155 155 155 155
77 77 77 77 77 77 77
77 77 77 77 77 77 77
77 77 77 77 77 77 77
124 124 124 124 124 124 124 124
256 256 256 256 36 256 256 256 256
178 178 178 178 178 178 178 178 178 178
178 178 178 178 178 178 178 178 178 178
77 77 77 77 77 77 77
124 124 124 124 124 124 124 124
77 77 77 77 77 77 77
124 124 124 124 124 124 124 124
268 8 268 155 268 155 155 268 268 155 155 268 268 155 155 268 155 268 268 268 268 268
91 91 91 91 91 91 91 91 91 91 91 91 91 91 91 91 91 91 91 91
77 88 124 77 124 77 77 77 88 77 124 77 77 124 124 77 178 124 220
10 121 10 10 10 10 10 10 10 10 10
236 130 189 216 189 189 334 189 236 10 116 10 189 189 10 189 10 10
124 124 124 256 124 256 124 124 256 152 256 124
124 124 124 124 124 124 124 124
155 155 155 155 155 155 155 155 155
245 245 245 245 245 245 245 245 245 245 245 245 245 245 245 245 245 245 245 245 245 245 245 245 245 245 245 245 245 245 245 245 245 245 245 245 245 245
77 77 77 77 77 77 77
178 178 178 10 10 10 10 178 10 208 178 178 178 178 178
124 124 124 124 124 124 124 124
268 178 268 268 268 178 178 268 269 268 268 268 268 268 178 268 268 268 268 178 178 178 268 268 268 268 268 268 108 178 268 178 268 268 269 268
189 256 10 10 10 10 10 77 10 77 10 10 256 77 256 10 10 10 10 10 189 77 77 10 189 10 256 226 77
77 77 77 77 77 77 77
256 205 10 77 205 205 205 286 77 256 256 260 77 232 130 300 286 10 10 218 232 10 77 294 256 256 10 205 260 10
141 256 256 124 37 124 153 293 124 141 279 124 10 124 141 256 124 256 139 124 124 117 258 124 78 21 124 124 124 139
256 10 10 256 10 10 88 256 256 10
189 77 10 77 10 10 21 189 105 77 77 77 189 189 77 189 189 205 121 189 256 189 216 10
178 178 178 178 178 178 178 178 178 178
77 77 77 77 77 77 77
176 77 176 77 124 124 124 77 176 124 77 124
155 77 77 155 155 10 10 10 10 77 256 77 155 155 256 77 155 10 10 256 10 77 155 10 77 10 10 10 77 10 77 10 256 155 10 77 77 294 77 10
228 228 273 228 228 228 155 155 155 273 273 155 228 155 228 155 228 228
77 77 77 77 77 77 77
91 91 91 91 91 91 91 91 91 91 91 91 91 91 91 91 91 91 91 91
91 91 91 91 91 91 91 91 91 91 91 91 91 91 91 91 91 91 91 91
10 88 10 256 256 256 256 10 10 10
155 155 155 155 155 155 155 155 155
77 77 77 77 77 77 77
77 124 77 77 77 124 256 256 124 124 256 124 124 197 124 256 77 77
124 197 124 124 124 124 124 124 124 124 124 124 124 124 124
256 256 256 256 256 256 256 36 256
77 77 10 10 77 77 145 10 10 77 77 10
10 10 10 10 256 10 256 10 256 10 10 256 10 10 178 10 10 10 10 10
124 124 124 124 124 124 124 124
122 122 122 122 122 122 122 122 122 122 122 122 122 122 122 122 122 122 122 122 122 122
77 256 77 77 77 77 256 256 77 256 124
189 189 77 77 10 10 77 10 77 10 189 166 77 189 189 189 10 77
256 10 256 189 189 10 189 10 256 115 10 256 10
77 77 77 77 77 77 77
155 155 155 155 155 155 155 155 155
111 15 111 141 178 77 297 123 228 77 248 297 289 228 289 77 293 111 248 178 289 289 228 289 178 289 123 248 289 77 111 289 260
10 10 256 256 256 10 10 10 88 256
124 124 124 124 124 124 124 124
189 10 189 10 10 50 189 10 10
170 155 239 170 155 170 155 155 155 155 155 155 199 155 155 170 170
77 77 77 77 77 77 77
77 77 77 77 77 77 77
77 77 77 77 77 77 77
77 77 77 77 77 77 77
77 77 77 77 77 77 77
124 124 124 124 124 124 124 124
77 77 77 77 77 77 77
10 10 256 10 256 256 10 88 10 256
189 189 300 256 189 189 189 189 189
124 124 124 124 124 124 124 124
77 256 77 256 256 77 77 124 77 77 256
77 77 77 77 77 77 77
91 91 91 91 91 91 91 91 91 91 91 91 91 91 91 91 91 91 91 91
268 268 268 268 268 268 268 268 268 268 268 268 268 268
77 293 293 176 25 77 297 77 77 228 48 199 228 155 293 248 248 155 155 293 77 297 293 155 248 228 295
178 178 178 178 178 178 178 178 178 178
256 189 189 300 256 256 256 189
256 256 256 256 256 256 95 256 95 21
124 124 124 124 124 124 124 124
256 256 77 256 166 256 145 256 256 256 77 256 145 77 77
256 10 88 10 10 10 256 10 256 256
10 10 256 256 10 88 10 10 256 256
189 256 189 300 256 256 256 189
155 155 155 155 155 155 155 155 155
77 77 189 77 300 256 77 189 256 152 77 300 77 189 300
77 256 256 256 182 36 116 189 256 77 189 256 77 256 116 256 189 256 256 77 77 77 256
121 10 10 10 10 10 10 10 10 121
155 15 178 15 155 10 155 155 178 10 178 178 155 10 178 178 178 155 188 10 188 178 196 178 155 178 178 178 178
189 88 115 256 189 256 10 10 256 189 10 10
256 116 189 189 236 116 256 116 189 124 189 189 116 256 189 256 116 300 189 116 124 116 124 124 256 124 189 124 256 116 236 220 116 256 124 116 189 189
256 256 10 256 208 77 256 77 189 256 77 256 10 77 10 256 256 256 77 10 77 189 256 256 189 10 256
256 197 178 178 178 256 178 256 256 178 178 178 178 178
77 77 77 77 77 77 77
91 178 91 178 91 178 91 91 91 91 91 91 91 91 178 91 178 178 178 91 91 91 91 91 178 120 91 91 178
124 189 189 124 124 141 124 124 124 124 189
77 77 77 77 77 77 77
124 10 10 124 10 124 124 10 124 10 124 10 10 10 10 124 10 196
245 245 245 245 245 245 245 245 245 245 245 245 245 245 245 245 245 245 245 245 245 245 245 245 245 245 245 245 245 245 245 245 245 245 245 245 245 245
91 91 91 91 91 91 91 91 91 91 91 91 91 91 91 91 91 91 91 91
91 91 91 91 91 91 91 91 91 91 91 91 91 91 91 91 91 91 91 91
228 228 228 228 228 228 228 228 228 228 228 228
24 24 24 24 24 24 24 24 24 24 24 24 24 24 24 24 24
189 155 155 189 155 155 155 155 155 166 189 155
256 256 256 256 21 139 270 10 256 256 10 10 10 256
77 77 77 77 77 77 77
189 10 10 124 189 189 171 10 124 124 10 124 124 124 124 10
178 178 178 178 178 178 178 178 178 178
124 124 124 124 124 124 124 124
10 10 10 10 10 10 10 121 10 10 10
124 124 124 124 124 124 124 124
124 124 124 124 124 124 124 124
155 155 155 155 155 155 155 155 155
189 124 189 124 141 124 189 124 124 124 124
12 228 228 228 10 43 155 228 228 163 323 10 106 10 163 256 322 256 256 228 256 10 256 21 228 228 228 155 256 155 10 325 22 228 329 10 228 155 286 328 155
155 155 155 155 155 155 155 155 155
130 77 10 210 10 10 77 130 77 77 77 77 210 10 77 77 10 10
256 256 256 124 77 77 256 77 77 77 77
155 155 155 155 155 155 155 155 155
268 268 268 268 268 268 268 268 268 268 268 268 268 268
155 155 155 155 155 155 155 155 155
256 88 256 256 10 10 88 10 10
24 24 24 24 24 24 24 24 24 24 24 24 24 24 24 24 24
77 77 77 77 77 77 77
77 77 77 77 77 77 77
256 189 256 77 77 189 77 256 189 189 189 256 77 189 189 256 189 256 189 77 256 178 77 256
268 268 248 60 268 262 268 248 268 60 248 248 248 268 60 248 268 248 273 268 248 268 248 273
10 77 77 10 77 10 77 77 10 145 10 77
256 77 77 77 256 256 256 256 256 77 77 256 286 286 189 77 189 169
77 169 10 77 77 88 77 10 77 256 10 270 256 10 10 256
256 10 88 256 10 256 256 10 10 10
77 77 77 77 77 77 77
77 124 77 77 256 77 256 77 256 256 77
189 10 152 10 10 189 10 216 189 10 21 189 10 10 10 189 10
88 256 256 10 10 256 10 88 10
155 155 155 155 155 155 155 155 155
155 293 293 185 124 100 124 256 297 300 155 155 228 155 124 25 124 155 228 155 293 293 248 155 124 155 189 155 228 124 256 300 155 297 248 155 248 124 293 155 155 4 189
124 124 124 124 124 124 124 124
124 124 124 124 124 124 124 124
77 77 77 77 77 77 77
124 124 256 124 10 10 10 10 10 124 124 256 124 256 124 182 256
77 77 77 77 77 77 77
124 77 124 77 77 77 178 77 124 124 124 77 124 124
124 77 124 124 124 77 124 77 77 77 178 178 124
215 155 215 178 178 215 215 178 215 155 215 215
77 77 77 77 77 77 77
77 77 77 77 77 77 77
155 155 155 155 155 155 155 155 155
10 77 189 155 77 155 10 77 77 77 10 189 10
10 10 197 10 197 197 197 124 10 197 178 178 178 220 10 197
77 77 77 77 77 77 77
170 77 77 170 170 124 170 124 77 124 124
228 228 228 228 228 228 228 228 228 228 228 228
77 77 77 77 77 77 77
189 189 50 10 10 189 10 10 10
245 245 245 245 245 245 245 245 245 245 245 245 245 245 245 245 245 245 245 245 245 245 245 245 245 245 245 245 245 245 245 245 245 245 245 245 245 245
256 256 139 21 256 10 256 256 270 256 10 10 10 256
256 189 189 36 256 256 256 189 189 189 189
88 10 10 256 10 10 10 256 256 256
77 77 77 77 77 77 77
77 256 256 77 77 77 77 77 256 178 77 77 77 77 256 77 77
124 124 124 124 124 124 124 124
189 189 189 189 256 189 189
77 77 77 77 77 77 77
77 77 189 189 105 77 189 77 77 77
124 124 124 124 124 124 124 124
205 205 205 8 8 205 268 205 268 205 205 178 268 8 199 199 8 205 66 268 268 178 268 66 268 44
77 77 77 77 77 77 77
77 77 77 77 77 77 77 77 77 77 77 77 165
77 77 77 77 77 77 77
77 77 77 77 77 77 77
256 256 256 36 256 256 256 256 256
256 256 77 155 10 141 232 77 141 155 256 155 155 256 77 155 155 77 10 10 155 155
256 189 189 10 256 21 10 21 10 10 189 256 256 10 256 21 10 189 10 10 10 10 189 10 10 21 237 10 256 256 189 10 10 10 256
256 124 10 124 10 182 124 124 124 256 124 256 10 124 256 10 10
268 268 268 268 268 268 268 268 268 268 268 268 268 268
77 77 77 165 77 77 77 77 77 165 77 77
77 77 77 77 77 77 77
10 77 256 149 121 77 270 115 256 256 115 115
124 124 124 124 124 124 124 124
256 189 189 256 300 189 256 256
124 124 124 124 124 124 124 124
178 178 178 178 178 178 178 178 178 178
155 155 155 155 155 155 155 155 155
10 178 178 178 178 10 178 10 178 208 178 178 10 208
124 124 124 124 124 124 124 124
178 178 178 178 178 178 178 178 178 178
289 77 77 289 289 2 2 2 289 77 289 289 289 2 289 289 289 289
155 155 155 155 155 155 155 155 155
228 228 228 228 228 228 228 228 228 228 228 228
256 196 256 256 10 256 10 10 189 10 256 10 256 256 256 10 189 256 189 256 256 10 10 256 10 10
205 205 205 155 77 205 283 155 155 205 155 77 155 77 283 205 155 77 205 77 155 205 205
166 10 166 10 10 166 77 77 130 77 10 10
77 77 77 77 77 77 77
124 124 256 256 286 77 256 124 124 124 145 219 286 256 256 77 77 77 77 88 256 124
155 155 155 155 155 155 155 155 155
155 155 155 155 155 155 155 155 155
77 77 77 77 77 77 77
124 124 124 124 124 124 124 124
10 10 10 10 10 10 10 10 10 10 10 10 165 10 10 10
245 245 245 245 245 245 249 245 245 245 245 245 245 245 10 10 245 245 245 245 21 245 245 245 10 245 245 245 245 245 245 246 245 245 245 245 245 245 245 245 245 245 10
166 50 10 124 166 166 124 124 141 124 10
256 256 189 189 256 300 256 189
256 270 256 116 256 116 256
77 77 189 77 77 105 77 77 189 189
77 77 77 77 77 77 77
256 300 189 256 256 256 189 189
77 77 77 77 77 77 77
124 124 124 124 124 124 124 124
77 77 77 77 77 77 77
77 77 77 77 77 77 77
17 268 268 178 268 17 268 178 268 268 178 178 268 178 178 268 178 268 268 268 178 268
256 116 256 256 256 270 116
256 10 286 77 208 10 77 10 256 36 36 88 77 121 77 10 10 105 77 10
178 178 178 178 178 178 178 178 178 178
77 77 77 77 77 77 77
124 124 124 124 124 124 124 124
77 77 77 77 77 77 77
293 139 293 124 293 124 293 228 124 10 139 293 50 228 31 293 248 10 293 124 10 293 248 248 10 228 124 248
124 124 124 124 124 124 124 124
77 77 77 77 77 77 77
256 36 256 256 256 256 256 256 256
156 155 216 155 189 77 77 77 155 116 156 215 302 155 155 189 77 302 155
256 155 256 155 171 155 155 155 155 155 256 155 256
124 124 124 124 124 124 124 124
88 77 77 77 77 130 77 256 256 256 270
228 228 178 178 178 289 178 178 228 228 178 228 228 178 228 289 228 228 228 178
268 268 268 268 268 268 268 268 268 268 268 268 268 268 268 268 268 268 268 268 268 268 268 268 268 73 268
245 245 245 245 245 245 245 245 245 245 245 245 245 245 124 245 245 245 245 245 245 124 245 245 124 245 245 124 245 245 245 245 245 245 124 124 245 245 245 245 124 245 245 251 245
77 77 77 77 77 77 77
178 178 178 178 178 178 178 178 178 178
10 121 10 10 10 10 10 10 10 10 10
124 77 124 256 77 77 256 77 77 256
77 77 77 77 77 77 77
77 77 77 77 77 77 77
155 155 155 10 155 10 155 155 256 10 10 204 256 155 256 10 256 155
10 256 10 256 77 77 10 21 121 21
256 256 270 116 256 256 116
36 256 256 256 256 256 256 36
10 256 10 256 10 10 88 256 256 10
155 155 77 155 155 77 77 155 155 199 155 199 77 77
77 77 77 77 77 77 77
124 124 256 124 124 152 256 256 124 124 256 124
256 256 256 10 10 256 256 256 256 256 10 256 256 155 10 256 256 10
10 155 10 10 10 10 155 155 155 155 155 155 155 185
77 77 77 77 77 77 77
165 77 77 77 77 77 77 77 77 77 77 77 77
77 77 77 77 77 77 77
178 178 178 178 178 178 178 178 178 178
256 189 256 256 256 189 189 300
155 155 155 155 155 155 155 155 155
256 10 77 205 256 77 10 77 77 256 256 257 256 77 77 256 10 257 257 256 256 257 10 10
189 256 256 300 256 189 256 189
256 189 189 256 256 256 189 300
268 268 268 268 268 268 268 268 268 268 268 268 268 268
268 268 256 256 294 268 256 10 256 10 268 268 268 10 268 268 10 268 268 10 268 268 268
228 228 228 228 228 228 228 228 228 228 228 228
121 256 77 77 77 77 121 256 121
256 189 300 256 189 256 256 189
124 124 124 124 124 124 124 124
155 155 155 155 155 155 155 155 155
155 155 155 155 155 155 155 155 155
77 77 77 77 77 77 77
124 124 124 124 124 124 124 124
10 215 155 155 155 155 21 10 121 10 155 10 155 155 10 10 10 160
124 124 124 124 124 124 124 124
206 206 206 206 206 206 206 206 206 206 206 206 206 206 206 206 206 206 206 206 206 206 206 206 206 206 206 206 206 206 206 206
206 206 206 206 206 206 206 206 206 206 206 206 206 206 206 206 206 206 206 206 206 206 206 206 206 206 206 206 206 206 206 206
77 77 77 77 77 77 77
178 178 178 178 178 178 178 178 178 178
189 189 10 10 50 10 189 10 10
155 155 155 155 155 155 155 155 155
10 10 10 10 121 10 10 10 10 10 10
124 124 124 124 124 124 124 124
77 77 77 77 77 77 77
10 77 77 10 10 77 10 10 10 10 10 77 176 10 77 10 77
155 155 155 155 155 155 155 155 155
77 77 77 77 77 77 77
77 77 77 77 77 77 77
77 77 77 77 77 77 77
77 77 77 77 77 77 77
124 124 124 124 124 124 124 124
124 124 124 189 141 189 124 124 124 124 189
77 256 124 124 256 77 77 77 77 256
10 10 10 10 10 121 10 10 121 10
206 206 206 206 206 206 206 206 206 206 206 206 206 206 206 206 206 206 206 206 206 206 206 206 206 206 206 206 206 206 206 206
77 77 77 77 77 77 77
256 256 256 10 130 10 10 256 256 256 10 10 256 256
10 121 10 10 121 10 10 10 10 10
10 10 121 10 10 10 10 10 10 10 10
77 77 77 77 77 77 77
10 256 256 10 10 10 256 88 256 10
10 256 88 256 10 10 10 256 256 10
10 10 10 10 10 10 256 10 189 286 50 256 10 189 10 189 166 286
124 124 124 124 124 124 124 124
45 45 54 54 45 45 60 45 45 150 45 45 45 45 45 45 150 45 45 45 150 45 150 45 45 45 45 45 45 45 45 45
77 77 77 77 77 77 77
77 77 77 77 77 77 77
124 124 124 124 124 124 124 124
77 77 77 77 77 77 77
189 10 10 10 10 10 139 10 10 189 10 10 189 10
77 77 77 77 77 77 77
77 77 77 10 10 10 77 77 10 77 10 145
77 77 77 77 77 77 77
256 189 256 300 189 189 256 256
256 10 10 256 256 130 256 10 256 10 256 256 10 256
77 256 77 124 77 77 256 256 77 256 77
124 124 124 124 124 124 124 124
77 260 228 228 228 77 228 228 77 228 228 228 228 77 77 228 228 77
77 77 77 77 77 77 77
77 77 77 77 77 77 77
124 124 124 124 124 124 124 124
88 155 155 155 77 155 77 160 77 155 155 155 77 77 204
77 77 105 77 170 77 77 77 105 77 124 77 105
77 77 77 77 77 77 77
77 256 77 256 256 77 77 77 256 77 124
205 205 205 205 205 205 205 205 205 205 205
189 189 189 189 256 189 189
77 77 77 77 77 77 77
289 289 289 289 289 289 289 289 289 289 289 289 289 289 289
155 155 155 155 155 155 155 155 155
45 45 45 45 45 45 45 45 45 45 45 45 45 45 45 45 45 45
77 77 77 77 77 77 77
256 256 256 256 36 256 256 256 256
124 124 124 124 124 124 124 124
10 121 10 10 10 10 10 10 10 10 10
36 10 10 10 194 194 10 10 36 10 10 10 10 115 10 10 10
77 77 77 77 77 77 77
178 178 178 178 178 178 178 178 178 178
256 256 124 124 256 256 256 124 256 124 256 256 124 124 170 124
155 155 155 155 155 155 155 155 155
77 77 77 77 77 77 77
77 189 77 189 77 77 189 77 105 77
124 124 124 124 124 124 124 124
192 192 192 192 192 192 192 192 192 192 192 192 192 192 192 192 192 192 192 192 192 192 192 192 192 192 192 192 192 192
206 206 206 206 206 206 206 206 206 206 206 206 206 206 206 206 206 206 206 206 206 206 206 206 206 206 206 206 206 206 206 206
124 124 124 124 124 124 124 124
256 256 124 256 170 256 124 124 256 124 124 256 256 124 256 124
228 228 228 228 228 228 228 228 228 228 228 228
77 77 77 77 77 77 77
105 77 77 77 189 77 189 189 77 77
88 10 10 10 256 10 256 256 10 256
77 77 77 77 77 77 77
77 77 77 77 77 77 77
124 124 124 124 124 124 124 124
77 189 270 256 256 256 256 189 256 77 166 77 189 77 256 88 256 77
10 256 10 256 10 256 256 256 256 256 256 10 256 256 256 155 10 256
124 189 124 189 124 124 189 124 189 189 189 124 152 124
124 124 124 124 124 124 124 124
189 189 189 189 189 189 256
10 10 10 36 256 10 77 10 10 266 10 21 77 10 77 10 36 36 256 256 256 10 21 256 256 77 77 10 77 256 10 50 10 256 256 10 10 256
77 77 77 77 77 77 77
155 155 155 155 155 155 155 155 155
77 77 77 77 77 77 77
77 77 77 77 77 77 77
256 21 256 256 21 256 21
77 77 77 77 77 77 77
192 189 192 192 192 192 192 189 192 192 192 192 193 192 192 192 192 192 192 192 192 192 192 192 192 189 192 192 192 192 192 192 192
155 155 155 155 155 155 155 155 155
145 77 77 10 77 10 77 77 10 10 10 77
10 10 10 10 10 10 10 121 10 10 10
198 198 198 198 198 198 198 198 198 198 198 198 198 198 198 198 198 198 198 198 198 198 198 198 198 198 198 198 198 198 198
10 10 256 256 10 256 88 10 10 256
10 10 21 10 10 116 10 116
88 256 10 10 88 256 256 10 10
88 10 10 256 10 10 10 256 256 256
77 77 77 77 77 77 77
256 256 256 256 256 256 256 270 256 256 256 256 256 256 270 189 256 256 256 256 189 300 171
256 10 188 256 77 77 256 36 77 256 77 256 36 256 77 10 105 10 256 256
77 77 77 77 165 77 77 77 77 77 77 77 77
77 77 77 77 77 77 77
77 256 155 155 256 256 256 77 155 256 77 77 256 155 256 155 256 256 77 239 256 77 256 155 155 256 155
124 124 124 124 124 124 124 124
77 77 77 77 77 77 77
256 256 300 189 189 256 189 256
124 205 248 205 205 124 205 124 205 124 124 205 205 124 205 205 124 205
77 77 77 77 77 77 77
256 189 116 256 256 189 216 256 10
124 124 124 124 124 124 124 124
77 77 77 77 77 77 77
256 10 10 256 10 256 88 10 10 256
189 189 189 189 256 189 189 256 256 256 36
155 155 155 155 155 155 155 155 155
77 77 77 77 77 77 77
256 155 77 77 256 10 155 160 77 155 256 155 256 10 155 77 21 77 77 237 10 155 10 155
10 10 10 10 10 10 121 10 10 10 10
77 77 77 77 77 77 77
256 256 10 256 256 189 189 189 10 256 256 10 145 256 256 10 10
124 10 124 256 124 189 124 124 10 189 256 10 10 256 189 124 10 194 256 124
77 77 77 77 77 77 77
77 77 77 77 77 77 77
45 45 256 45 45 45 45 45 45 45 256 45 256 45 45 45 45 55 256 45 45 45
77 77 77 77 77 77 77
206 206 206 206 206 206 206 206 206 206 206 206 206 206 206 206 206 206 206 206 206 206 206 206 206 206 206 206 206 206 206 206
77 77 77 77 77 77 77
77 77 77 77 77 77 77
189 189 10 10 10 50 189 10 10
256 77 10 10 256 10 10 77 10 10 145 256 10 77 10 10 10 77 219 121 10 256 77 10
77 77 77 77 77 77 77
124 124 124 124 124 124 124 124
124 124 124 124 124 124 124 124
256 10 77 10 10 10 10 77 256 169 256 77 270 77 77 88
124 124 124 124 124 124 124 124
77 10 77 10 145 77 10 10 77 77 10 77
77 77 77 77 77 77 77
10 10 36 36 10 10 124 10 10 124
77 77 77 77 77 77 77
77 77 77 77 77 77 77
10 256 149 10 10 256 10 10 10 88 10 10 10 256
124 124 124 124 10 10 10 166 124 124 124 124 124 124 220 10 124 124 124
10 10 121 10 10 10 10 10 10 10 10
300 256 256 189 189 189 256 256
206 207 206 198 206 198 206 223 198 206 198 206 198 198 198 206 206 206 206 206 198 198 206 206 198 206 207 223 206 206 198 207 206 290 198 206 207 198 207 198 206 206 206 206 223 206 198 290 207 206 198 198 207 198 207 290 198 206 206 198
77 77 77 77 77 77 77
10 10 10 10 121 10 10 10 10 10 10
77 77 77 77 77 77 77
77 77 77 77 77 77 77
77 77 77 77 77 77 77
256 88 256 256 256 10 10 10 145 256 189 189 10 256 189 256
10 77 77 10 77 77 77 77 10 10 10 10 77 77 218 10 77 10 10 77 77 145
178 178 208 178 10 178 178 10 10 178 10 178 178 178 10
256 124 152 256 256 124 124 124 256 124 124 124
178 124 124 124 124 178 10 124 178 262 256 10 10 178 178 178 256 178 178 256 256 10 178 10 124 124
77 77 77 77 77 77 77
192 198 198 206 206 206 198 198 206 192 198 206 24 192 201 227 24 198 198 192 206 192 227 192 47 192 206 206 206 206 201 206 206 192 198 206 271 192 198 24 192 198 206 192 281 24 206 192 192 24 192 206 271 281 206 206 206 24 24 206 24 30 24 206 206 271 206 290 192 291 271 198 271 198 24 281 206 198 192 38 192 227 206 271 198 271 198 206 24
77 77 77 77 77 77 77
10 10 88 256 10 256 10 256 256 10
205 205 205 205 205 205 205 205 205 205 205
155 155 155 155 155 155 155 155 155
189 256 256 189 189 77 256 77 270 88 189 256 77 256 171 256 77 189 77 256 189
10 208 10 208 178 178 10 178 178 178 178 178 178 10
10 10 124 10 124 124 196 10 124 10 10 10 124 10 10 10 124 124
77 77 77 77 77 77 77
77 77 77 77 77 77 77
77 77 77 77 77 77 77
124 124 124 124 124 124 124 124
10 124 166 124 166 10 124 124 124 10 10 124
198 198 198 198 198 198 198 198 198 198 198 198 198 198 198 198 198 198 198 198 198 198 198 198 198 198 198 198 198 198 198
289 289 289 289 289 289 289 289 289 289 289 289 289 289 289
45 45 54 54 45 45 60 45 45 150 45 45 45 45 45 45 150 45 45 45 150 45 150 45 45 45 45 45 45 45 45 45
189 10 189 189 10 10 170 10 10 10 10 10 10 10 10 10 10 10 10
77 77 77 256 256 10 77 77 256 10 256 77 10 166 10 10
77 77 77 77 77 77 77
24 198 201 24 198 198 198 198 198 198 38 227 198 24 198 198 24 198 24 24 198 198 24 198 198 198 198 201 227 24 198 198 198 24 24 227 227 198 198 198 227 198 24
145 77 256 77 10 256 256 77 10 77 256 166 10 77 10
77 77 77 77 77 77 77
77 77 77 77 77 77 77
10 10 50 10 189 10 189 189 10
155 155 155 155 155 155 155 155 155
77 77 77 77 77 77 77
256 256 256 256 256 256 36 256 256
45 45 45 178 83 45 83 45 45 83 45 178 83 83 45 45 45 178 45 178 178 45 45
77 77 77 77 77 77 77
77 77 77 77 77 77 77
155 155 155 155 155 155 155 155 155
77 77 77 77 77 77 77
77 77 77 77 77 77 77
24 24 24 24 24 24 24 24 24 24 24 24 24 24 24 24 24
77 77 77 77 77 77 77
10 10 88 256 10 256 10 256 256 10
124 124 10 10 166 124 124 124 166 10 10 124
10 77 10 145 77 256 10 10 10 77 10 77 77 194 77 256 10 77
256 178 256 178 178 178 256 178 178 178 256 197 178 178
10 10 10 10 10 10 10 10 10 121 10
10 10 10 10 10 10 10 10 121 10 10
24 24 24 24 24 24 24 24 24 24 24 24 24 24 24 24 24
124 77 256 77 256 77 77 77 77 256 256
206 206 206 206 206 206 206 206 206 206 206 206 206 206 206 206 206 206 206 206 206 206 206 206 206 206 206 206 206 206 206 206
24 24 24 24 24 24 24 24 24 24 24 24 24 24 24 24 24
10 10 10 256 256 10 256 88 256 10
77 77 77 77 77 77 77
77 77 77 77 77 77 77
77 77 77 77 77 77 77
10 10 10 10 256 256 88 10 256 256
10 10 198 198 198 198 198 198 198 198 10 198 198 10 10 10 198 198 198 10 198 198 10 198 10 198 198 198 206 198 198 10 198 198 198 10 198 198 198 198 10 198 10 10 10 198
178 178 178 205 205 205 178 178 205 178 205 205 178 272 205 178 205 178 205 205
121 10 10 10 10 121 10 10 10 10
77 77 77 77 77 77 77
77 77 77 77 77 77 77
10 77 10 77 10 77 77 10 10 10 176 10 10 77 77 10 10
21 10 10 10 10 10 10 10 21 10 166 10 10 10 10 10
189 155 220 189 256 189 155 77 77 256 155 155 77 155 77 155 77 256 155 256 77 155
10 121 10 10 10 10 10 10 10 10 10
77 77 77 77 77 77 77
189 10 10 50 189 10 189 10 10
77 77 77 77 77 77 77 165 77 77 77 77 77
10 270 256 256 88 256 256 256 256 204 10 77 77 256 77 124 10 10 77 10 256 256 256
77 256 77 256 256 77 124 77 77 77 256
10 88 77 124 77 10 77 10 10 124 21 77 124 124 124 77 124 124 210
124 130 77 77 88 182 77 124 124 77 124 124 77 124
155 155 155 155 155 155 155 155 155
77 77 77 77 77 77 77
77 77 77 77 77 77 77
192 198 198 192 195 198 198 192 271 271 198 198 192 192 192 198 198 192 198 271 192 198 271 192 198 271 198 192 271 198 198 198 192 198 195 198 192 207 271 192 198 271 192 198 271 271 192 192 198 192 195
124 124 124 124 124 124 124 124
77 77 77 77 77 77 77
10 197 10 124 10 10 124 10 10 124 10 21 10 130 124 124 10 124
256 10 10 256 10 256 10 256 88 10
124 124 124 124 124 124 124 124
256 300 256 256 189 300 189
256 256 50 10 256 10 10 256 256 10 10 10 244 189 10 256 10 10 10 10 10 10 10 10 10 10 256 189 10 10 256 10 10 10 10 10
192 192 192 192 192 192 192 192 192 192 192 192 192 192 192 192 192 192 192 192 192 192 192 192 192 192 192 192 192 192
45 45 45 45 45 45 45 45 45 45 45 45 45 45 45 45 45 45
24 24 24 24 24 24 24 24 24 24 24 24 24 24 24 24 24
10 124 124 124 196 10 124 10 10 124 10 10 10 124 10 10 124 10
124 256 77 77 77 256 77 256 256 77 77
256 289 77 289 256 289 289 289 77 289 289 256 289 77 289 20 289 256 289 77 289 256 256 289 77 256 77 289 256
10 77 77 77 10 145 77 77 77 10 10 10
77 77 77 77 77 77 77
77 77 77 77 77 77 77
77 77 77 77 77 77 77
10 189 10 256 256 21 256 256 10 10 256 21 10 10 10 256 256 10 208 10 10 189 10 10 189 256 10
10 50 189 189 189 10 10 10 10
178 178 178 178 178 178 178 178 178 178
77 77 77 77 77 77 77
178 178 178 178 178 178 178 178 178 178
130 11 10 10 10 10 11 11 11 10 10
77 77 77 77 77 77 77
124 256 77 77 256 77 256 77 256 77 77
189 256 256 300 256 189 256 189
77 10 77 77 178 21 10 77 77 10 88 10 10 10 10 10 10
77 77 77 77 77 77 77
155 155 155 155 155 155 155 155 155
77 77 77 77 77 77 77
77 77 77 77 77 77 77
10 189 116 161 189 10 10 10 77 10 216
77 77 77 77 77 77 77
77 77 77 77 77 77 77
124 77 77 256 256 77 77 256 77 77 256
124 124 189 124 124 124 189 141 189 124 124
155 155 155 155 155 155 155 155 155
77 77 77 77 77 77 77
149 10 10 256 256 10 10 10 10 256 10 10 10 10 256
192 192 192 192 192 192 192 192 192 192 192 192 192 192 192 192 192 192 192 192 192 192 192 192 192 192 192 192 192 192
124 124 124 124 124 124 124 124
77 77 77 77 77 77 77
10 155 155 155 188 160 10 155 21 155 10 10 155 155
124 124 124 124 124 124 124 124
77 77 77 77 77 77 77
124 10 10 124 124 166 124 124 10 124 10 166
77 77 77 77 77 77 77
130 10 256 10 10 256 256 256 10 256 256 256 10 256
189 256 189 189 189 189 189
256 10 10 189 10 189 10 189 256 256 115 10 256
21 10 10 21 10 10 10 124 10 10 10
124 124 124 124 124 124 124 124
77 77 77 77 77 77 77
124 10 10 124 124 166 124 124 10 124 10 166
10 10 10 10 10 10 10 10 121 10 10
77 77 77 77 77 77 77
124 124 124 124 124 124 124 124
256 256 189 10 256 166 256 256 256 10 256 256 10 256 256 10 189 10 256 256 189
77 77 77 77 77 77 77
77 77 77 77 77 77 77
77 77 77 77 77 77 77
256 10 256 10 10 88 256 256 10 10
77 77 77 77 77 77 77
10 77 77 77 77 10 10 145 10 77 10 77
10 10 189 300 256 10 10 256 115 189 256 10
124 124 189 124 124 141 189 124 189 124 124
10 141 10 10 185 77 77 77 77 160 77 77 77 185
77 77 77 77 77 77 77
77 77 77 77 77 77 77
124 124 124 124 124 124 124 124
192 192 192 192 192 192 192 192 192 192 192 192 192 192 192 192 192 192 192 192 192 192 192 192 192 192 192 192 192 192
77 77 77 77 77 77 77
155 155 155 155 155 155 155 155 155
77 77 77 77 77 77 77
10 10 10 10 10 10 10 121 10 10 10
124 124 124 124 124 124 124 124
77 77 165 77 77 77 77 77 77 77 77 77 77
77 77 77 77 77 77 77
124 124 124 124 124 124 124 124
289 289 289 289 289 289 289 289 289 289 289 289 289 289 289
77 77 77 77 77 77 77
124 124 124 124 124 124 124 124
77 77 77 77 77 77 77
205 205 205 205 205 205 205 205 205 205 205
189 189 77 77 10 77 10 189 155 77 10 145 10 77
77 77 77 77 77 77 77
77 77 77 77 77 77 77
256 256 256 36 256 36 256 256
178 178 178 178 178 178 178 178 178 178
77 77 77 77 77 77 77
10 10 124 10 124 10 124 124 124 10 166 124 124
192 198 198 192 195 198 198 192 271 271 198 198 192 192 192 198 198 192 198 271 192 198 271 192 198 271 198 192 271 198 198 198 192 198 195 198 192 207 271 192 198 271 192 198 271 271 192 192 198 192 195
10 10 10 10 10 10 10 10 121 10 10
45 45 45 45 45 45 45 45 45 45 45 45 45 45 45 45 45 45
256 189 189 300 189 256 256 256
124 124 124 124 124 124 124 124
77 77 77 77 77 77 77
152 152 256 256 124 124 124 124 124 256 124
178 178 178 178 178 178 178 178 178 178
77 77 77 77 77 77 77
124 124 124 124 124 124 124 124
10 10 10 149 256 256 10 256 10 10 256 10 10 10 10
10 10 77 10 77 77 77 145 10 77 145
88 10 10 256 10 10 256 256 256 10
77 77 77 77 77 77 77
77 77 77 77 77 77 77
124 124 124 124 197 124 124 124 124 124 124 124 124 124 124
256 256 10 10 256 88 10 10 256 10
256 256 256 36 189 189 189 189 256 189 189
77 77 77 77 77 124 256 256 77 256 256
124 124 124 124 124 124 124 124
77 77 77 77 77 77 77
124 256 77 77 77 256 77 77 256 256 77
124 124 124 124 124 124 124 124
256 256 36 256 256 256 256 256 256
10 256 256 10 88 256 10 256 10 10
77 77 77 77 77 77 77
77 77 77 77 77 77 77
178 178 178 178 178 178 178 178 178 178
289 289 289 289 289 289 289 289 289 289 289 289 289 289 289
178 178 178 178 178 178 178 178 178 178
77 77 77 77 77 77 77
10 10 124 256 10 130 10 124 10 10 10 10 256 124 124 130 10 256 10 270 10 124 10 10 235 124
77 77 77 77 77 77 77
45 45 45 45 45 45 45 45 45 45 45 45 45 45 45 45 45 45
256 256 256 300 256 189 189 256 256 256 189 189 105 189
10 189 10 10 77 77 10 189 77 10 189 210 10 256 10 10 189 77 189 77 256 10 256 77 10 189 256
256 10 10 256 256 256 10 256 256 130 256 10 256 10
124 124 124 124 124 124 124 124
124 124 124 124 124 124 124 124
50 10 10 10 189 189 189 10 10
124 124 124 124 124 124 124 124
155 155 155 155 155 155 155 155 155
77 77 77 77 77 77 77
10 10 189 189 189 10 50 10 10
77 77 77 77 77 77 77
124 124 124 124 124 124 124 124
124 124 124 124 124 124 124 124
45 198 45 198 231 198 198 45 198 198 202 72 200 198 53 45 45 198 45 53 198 198 45 53 198 198 198 198 231 200 198 45 198 198 198 200 45 200 198 45 198 198 200 53 45 198 198
77 77 77 77 77 77 77
155 155 155 155 155 155 155 155 155
77 77 77 77 77 77 77
77 77 77 77 77 77 77
10 10 10 10 21 116 116 10
45 45 45 45 45 45 45 45 45 45 45 45 45 45 45 45 45 45
77 77 77 77 77 77 77
45 45 45 45 45 45 45 45 45 45 45 45 45 45 45 45 45 45
10 10 10 256 256 88 10 88 256
228 228 228 228 228 228 228 228 228 228 228 228
77 77 77 77 77 77 77 77 77 165 77 77 77
10 256 10 185 36 10 256 10 36 256 256 256 10 10 256 256 10 10 10 10 36
178 192 198 178 198 192 195 198 198 192 271 271 198 198 192 192 192 198 198 178 192 178 198 271 192 178 178 198 271 192 198 178 276 198 192 276 198 198 198 192 198 195 198 192 207 271 192 198 271 192 198 271 271 192 192 198 192 195 178
124 124 124 124 124 124 124 124
289 289 289 289 289 289 289 289 289 289 289 289 289 289 289
10 256 10 10 88 10 10 256 256 256
77 77 77 77 77 77 77
77 77 77 77 77 77 77
36 256 10 256 10 10 208 194 10 10 36 256 10 10 10 10 115 10 88 10
178 208 10 10 178 10 10 178 178 178 178 178 178 10 178
155 155 155 155 155 155 155 155 155
121 10 10 10 10 10 10 10 10 10 10
77 77 77 77 77 77 77
228 228 228 228 228 228 228 228 228 228 228 228
289 289 289 289 289 289 289 289 289 289 289 289 289 289 289
192 192 192 192 192 192 192 192 192 192 192 192 192 192 192 192 192 192 192 192 192 192 192 192 192 192 192 192 192 192
178 178 178 178 178 178 178 178 178 178
88 10 10 256 256 10 10 256 256 10
77 189 77 77 105 189 77 77 189 77
10 77 10 10 10 176 10 77 10 77 10 10 77 10 77 10 77
289 192 289 192 289 214 192 289 192 192 192 192 289 192 192 289 192 289 192 289 192 289 192 192 289 192 289 289 192 192 192 192 192 192 192 214 192 192 192 192 289 192 192
256 189 300 256 189 189 256 256
77 77 77 77 77 77 77
124 124 124 152 256 256 256 256 124 124 124 124
189 300 189 189 189 189 189 189 189 189
77 77 77 77 77 77 77
77 77 77 77 77 77 77
10 10 10 256 10 256 256 10 88 256
124 124 124 124 124 124 124 124
77 77 77 77 77 77 77
10 121 10 10 10 10 10 10 10 10 10
256 77 10 10 256 77 77 256 10 256 256 77 10 256 10 10 256 10 10 10 256 256 10 10 10 10 256 77 256 77 256 10 10 242
10 189 10 189 50 10 10 10 189
88 256 10 10 10 10 10 256 256 256
124 124 124 124 124 124 124 124
192 198 198 192 195 198 198 192 271 271 198 198 192 192 192 198 198 192 198 271 192 198 271 192 198 271 198 192 271 198 198 198 192 198 195 198 192 207 271 192 198 271 192 198 271 271 192 192 198 192 195
256 77 256 124 77 256 77 256 77 77 77
77 77 77 77 77 77 77
256 256 256 256 256 256 256 256 36
206 206 206 206 206 206 206 206 206 206 206 206 206 206 206 206 206 206 206 206 206 206 206 206 206 206 206 206 206 206 206 206
10 10 10 145 10 77 77 77 77 10 77 77
10 115 10 10 10 10 115 115 10
77 77 77 77 77 77 77
155 155 155 155 155 155 155 155 155
77 77 77 77 77 77 77
10 10 36 10 256 95 95 256 286
77 77 77 77 77 77 77
256 10 256 160 10 10 10 10 10 10 10 10 10 189 189 189 256 256
77 77 77 77 77 77 77
155 155 155 155 155 155 155 155 155
77 77 77 77 77 77 77
124 124 124 124 124 124 124 124
24 24 24 24 24 24 24 24 24 24 24 24 24 24 24 24 24
256 88 10 10 256 10 10 256 10 256
208 10 155 256 36 36 155 155 155 256 155 300 10 155 256 155 10 155
10 121 10 10 10 121 10 10 10 10
45 24 289 73 24 24 45 38 175 38 24 289 45 289 45 289 45 289 289 45 289 24 45 24 289 45 45 289 73 289 289 289 45 45 24 24 45 24 289 24 38 38 289 38 45 45 45 24
256 256 232 205 208 205 256 205 256 270 205 256 256 256 205 205 205 205 205
45 45 45 45 45 45 45 45 45 45 45 45 45 45 45 45 45 45
155 155 155 155 155 155 155 155 155
10 10 10 10 10 10 10 10 10 10 121
192 198 198 192 195 198 198 192 271 198 198 198 192 192 192 198 198 192 198 271 192 198 271 192 198 271 198 192 271 198 198 271 192 198 195 198 192 207 271 192 198 271 192 198 271 271 192 192 198 192 195
10 10 10 10 10 121 10 10 10 10 10
10 256 10 10 256 10 256 88 256 10
77 77 77 77 77 77 77
10 178 10 208 208 178 10 178 178 178 178 178 178 10
77 77 10 77 10 204 77 77 77 77 77 77 189 189 189 77 21 10 88 10 77
36 256 256 36 256 36 36
10 224 155 77 155 199 77 10 10 10 155 155 77 10 77 155 155 77 155
155 155 10 155 185 10 155 10 155 10 155 155 155 10
77 77 77 77 77 77 77
45 45 45 256 45 256 45 256 45 45 45 45 45 45 45 256 45 45 45 45 55 45
10 145 10 77 77 77 10 77 10 77 10 77
189 10 10 10 256 10 10 21 10 10 270 10 10 256 10 10 189 10 256 194 10 10 189
124 124 124 124 124 124 124 124
21 256 21 256 21 256 256
155 155 256 155 188 155 155 256 256 256 256 170 155 256 170
256 77 124 77 77 124 256 77 256 77
45 45 45 45 45 45 45 45 45 45 45 45 45 45 45 45 45 45
77 77 77 77 77 77 77
77 10 10 145 77 10 77 10 77 10 77 77
10 88 256 10 256 256 256 10 10 10
77 77 77 77 77 77 77
77 77 77 77 77 77 77
77 77 77 77 77 77 77
189 10 10 189 10 189 10 50 10
206 206 206 206 206 206 206 206 206 206 206 206 206 206 206 206 206 206 206 206 206 206 206 206 206 206 206 206 206 206 206 206
155 155 155 155 155 155 155 155 155
77 256 256 77 77 124 256 77 256 77 77
256 256 256 256 189 256 256 256 189 77 189 256
10 10 124 124 10 10 10 124 166 124 124 124 124
10 10 121 10 10 10 10 10 10 10 10
256 10 88 88 10 10 10 256 256
178 178 178 178 178 178 178 178 178 178
77 145 10 10 10 77 77 10 77 10 77 77
124 124 124 124 124 124 124 124
10 105 152 77 77 77 77 36 77 10 10 36
21 228 77 228 260 10 228 228 77 10 115 10 10 10 10 228 77 228 24 10 10 115 228 228 10 21 10 10 10 228 10 10 10 228 10 10 10 77 10 77
77 77 77 77 77 77 77
10 10 256 10 10 256 10 88 256 256
256 77 77 77 256 256 256 77 77 124 77
77 77 77 77 77 77 77
10 10 10 121 10 10 10 10 10 10 10
189 189 256 300 256 189 256 256
77 77 77 77 77 77 77
124 10 10 10 124 10 10 10 10 77 10 10 10 10 105 10 10 124 10 10 10 105 77 152 10 124 105 269 10 10 77 10 124 124
45 45 198 203 77 45 198 198 198 234 77 45 198 198 60 45 45 198 198 45 45 198 77 45 45 198 198 45 60 45 77 198 198 198 203 198 77 45 198 198 198 198 198 77 198 198 198 60 198 198 198 198 60 198
10 115 10 10 10 10 10 115 10 10 10 10 10 160
10 10 10 10 10 10 10 10 10 10 121
206 206 206 206 206 206 206 206 206 206 206 206 206 206 206 206 206 206 206 206 206 206 206 206 206 206 206 206 206 206 206 206
77 77 77 77 77 77 77
256 256 10 10 256 88 10 256 10 10
77 77 77 77 77 77 77
77 77 77 77 77 77 77
124 124 124 124 124 124 124 124
77 124 124 124 77 77 77 124 178 124 77 124 124 77
45 1 45 90 228 150 45 228 150 109 45 253 205 324 150 228 312 228 242 150 61 228 61 205 150 7 228 45 228 67 61 112 59 205
256 155 256 155 36 155 256 256 21 155 256 256 155 155 88 218 155 21 155 256
205 205 205 205 205 205 205 205 205 205 205
268 268 268 268 268 268 268 268 268 268 268 268 268 268
205 205 205 205 205 205 205 205 205 205 205
205 205 189 205 189 205 205 205 205 205 205 205 212 189
228 228 228 228 228 228 228 228 228 228 228 228
178 178 178 178 178 178 178 178 178 178
124 124 124 124 124 124 124 124
64 10 64 64 64 64 10
155 155 155 155 155 155 155 155 155
205 205 205 205 205 205 205 205 205 205 205
24 24 24 24 24 24 24 24 24 24 24 24 24 24 24 24 24
124 124 124 124 124 124 124 124
167 242 242 178 178 178 167 178 155 303 191 242 242 155 155
124 124 124 124 124 124 124 124
91 91 91 91 91 91 91 91 91 91 91 91 91 91 91 91 91 91 91 91
124 124 124 124 124 124 124 124
124 124 124 124 124 124 124 124
205 205 205 205 205 205 205 205 205 205 205
256 10 10 88 256 10 256 256 10 10
91 91 97 268 91 128 282 128 91 91 128 91 91 128 128 91 268 91 128 91 128 128 268 128 268
77 77 77 77 77 77 77
77 77 77 77 77 77 77
155 155 155 155 155 155 155 155 155
36 256 256 256 256 256 256 256 256
155 155 155 155 155 155 155 155 155
124 124 124 124 124 124 124 124
77 77 77 77 77 77 77
77 77 77 77 77 77 77
77 77 77 77 77 77 77
155 176 176 176 155 176 176 176 176 176
178 178 178 178 178 178 178 178 178 178
155 155 155 155 155 155 155 155 155
124 124 124 124 124 124 124 124
205 205 205 205 205 205 205 205 205 205 205
45 147 79 318 24 308 45 45 63 124 24 45 24 63 315 155 315 45 45 45 168 45 24 124 124 124 45 45 58 45 155 124 24 103 24 24 58 307 155 93 307 45 45
91 91 45 115 138 45 268 24 314 91 151 142 24 127 24 151 45 142 5 115 91 91 56 115 91 68 171 310 268 209 24 158 158 174 24 127 91 45 10 24 77 213 24 158 127 77 127 268 82 181 310 127 45 40
256 205 189 232 205 155 256 232 189 205 232 232 256 232 189 256 155 232 250 205
77 77 77 77 77 77 77
155 155 155 155 155 155 155 155 155
261 205 205 205 205 155 155 155 205 155 155 205 261 155 205 261 205
69 69 69 69 69 69 69 69 69 69 69 69 69 69 69 69 69 69 69
228 228 228 228 228 228 228 228 228 228 228 228
77 77 77 77 77 77 77
178 178 256 256 197 178 178 197 178 256 178 178 178
77 77 77 77 77 77 77
91 91 45 119 45 91 62 45 91 62 45 45 91 91 91 62 159 159 159 159 91 91 45 91 159 159 91 91 62 159 45
124 124 124 124 124 124 124 124
77 77 77 77 77 77 77
115 115 77 115 115 10 115 77
256 10 50 50 10 50 50
155 155 155 155 155 155 155 155 155
77 77 77 77 77 77 77
124 124 124 124 124 124 124 124
124 124 124 124 124 197 124 124 124 124 124 124 124 124 124
165 165 124 124 77 165 124 165 165 77
124 124 124 124 124 124 124 124
205 77 77 77 205 205 77 205 205 205 237 77 205 205 205 77 205
155 155 155 155 155 155 155 155 155
205 248 205 205 274 104 186 274 205 267 124 77 241 211 274 205 29 274 205 205 274 205 92 205 205 205 248 77 274 205 274 241 113 205 124
124 256 124 256 124 124 124 256 124 152 256 124
155 155 155 155 155 155 155 155 155
105 189 77 189 77 77 77 77 189 77
124 124 124 124 124 124 124 124
10 155 124 155 155 124 155 155 10 124 124 155 235 124 155 124 10 10 124 155 10
155 155 155 155 155 155 155 155 155
24 24 24 24 24 24 24 24 24 24 24 24 24 24 24 24 24
178 178 256 256 197 178 178 197 178 256 178 178 178
77 77 77 77 77 77 77
228 228 228 228 228 228 228 228 228 228 228 228
77 77 77 77 77 77 77 77 77 77 77 77 165
95 256 10 139 256 95 10 10 95 256 10 256
228 228 15 229 228 228 229 228 228 228 228 228 228 228 228 228 228 228 232 228 228 228 228
10 77 77 145 77 10 77 10 77 10 10 77
124 124 124 124 124 124 124 124
77 77 199 77 155 155 155 155 77 199 155 155 77 155
224 155 155 155 155 155 155 224 224 155 224 155 155 155
124 237 237 194 178 124 178 178 165 124 178 124 178 194 124 194
205 178 178 178 272 208 178 178 178 178 178 178 178 178 178 10 178 10 178 178 205
77 77 77 77 77 77 77
124 124 124 124 124 124 124 124
189 77 218 178 224 189 178 77 77 178 178 178 189 218 77 178 178
124 124 124 124 124 124 124 124
124 124 124 124 124 124 124 124
182 130 130 155 155 77 130 155 77 77 182 155 215 155 155
155 155 155 155 155 155 155 155 155
155 155 155 155 155 155 155 155 155
124 155 199 155 155 124 199 199 199 124 199 155
256 256 189 256 256 300 189 189
155 155 155 155 155 155 155 155 155
77 77 10 10 77 169 10 10 95 77 77 169 95
155 155 155 155 155 155 155 155 155
268 268 268 268 268 268 268 268 268 268 268 268 268 268
124 124 124 124 124 124 124 124
124 124 124 124 124 130 124 124 130 124 124 124 124 124 124 124 124 243 124 124 124 124
10 10 139 50 10 50 10 50 256 10 10 10
124 124 77 77 124 178 178 77 77 124 124 124 77
189 77 77 77 77 189 189 77 105 77
77 77 77 77 77 77 77
155 10 10 10 10 185 155 155 155 155 155 155 155 10
77 77 77 77 165 77 77 77 77 77 77 77 77
124 124 124 124 124 124 124 124
178 178 178 178 178 178 178 178 178 178
205 205 205 205 205 205 205 205 205 205 205
10 256 50 50 50 10 50
77 77 77 77 77 77 77
124 124 124 124 226 170 77 77 124 124 170 124 124 124 124 77 170 124
91 91 91 91 91 91 91 91 91 91 91 91 91 91 91 91 91 91 91 91
155 155 155 155 155 155 155 155 155
24 24 24 24 24 24 24 24 24 24 24 24 24 24 24 24 24
77 77 334 105 77 77 189 77 189 77 189
24 24 24 24 24 24 24 24 24 24 24 24 24 24 24 24 24
155 155 155 155 155 155 155 155 155
155 155 155 155 155 155 155 155 155
77 77 10 10 10 77 10 77 145 77 77 10
77 77 77 77 77 77 77
77 77 77 77 77 77 77
77 77 77 77 77 77 77
155 155 155 155 155 155 155 155 155
268 268 268 268 268 268 268 268 268 268 268 268 268 268
77 77 77 77 77 77 77
69 69 69 69 69 69 69 69 69 69 69 69 69 69 69 69 69 69 69
77 77 77 77 77 77 77
256 21 256 256 256 21 21
155 155 155 155 155 155 155 155 155
77 77 77 77 77 77 77
178 178 178 178 178 178 178 178 178 178
155 124 155 124 10 155 124 10 155 124
155 155 155 155 155 155 155 155 155
91 91 91 91 91 91 91 91 91 91 91 91 91 91 91 91 91 91 91 91
77 77 77 77 77 77 77
228 228 228 228 228 228 228 228 228 228 228 228
124 124 124 124 124 124 124 124
155 155 155 155 155 155 155 155 155
155 155 155 155 155 155 155 155 155
77 124 77 178 124 124 124 124 77 77 178 124 77
256 256 155 155 155 256 189 182 155 155 155 155 155 189 256 189
229 205 10 205 10 205 10 10 50 205 205 205 205 205 210 210
124 124 124 124 124 124 124 124
248 274 248 274 274 274 274 248 248 274 274 274 205 274 205
77 189 105 77 77 189 77 189 77 77
155 155 155 155 155 155 155 155 155
124 124 210 205 252 205 205 124 205 124 141 205 205 124 205 205 124 210
155 237 155 155 176 176 176 155 224 237 176 237 155 176 155
69 69 69 69 69 69 69 69 69 69 69 69 69 69 69 69 69 69 69
77 77 178 124 124 124 124 124 77 77 124 77 77 124
124 77 124 124 260 124 189 77 124 10 124 124 77 124 124 77 124 10 124 124 10 77 124 77 124 10 189 10 189
6 149 77 121 149 205 205 77 77 77 205 205 205 155 77 121 178 244 149 77 6 124 121 205 205 205 77
268 268 268 268 268 268 268 268 268 268 268 268 268 268
124 124 124 124 124 124 124 124
10 189 189 189 50 10 10 10 10
77 77 77 77 77 77 77
124 124 124 124 124 124 124 124
77 77 77 77 77 77 77
205 205 205 205 205 205 205 205 205 205 205
77 77 77 77 77 77 77
124 124 124 124 124 124 124 124
124 124 124 124 124 124 124 124
124 124 124 124 124 124 124 124
91 91 91 91 91 91 91 91 91 91 91 91 91 91 91 91 91 91 91 91
124 124 124 124 124 124 124 124
77 77 77 77 77 77 77
256 77 77 256 77 77 256 124 77 256 77
77 256 77 10 77 256 10 10 256 77 77 77 256 10 10 166
91 91 91 91 91 91 91 91 91 91 91 91 91 91 91 91 91 91 91 91
124 124 124 124 196 124 124 124 196 124 196 124 124
155 155 155 155 155 155 155 155 155
155 155 77 77 155 77 155 155 199 199 155 77 77 155
256 171 155 155 256 155 155 155 155 256 155 256 155
182 152 152 10 77 10 77 10 77 182 77 10 77 77
77 77 77 77 77 77 77
124 124 124 124 124 124 124 124
155 155 155 155 155 155 155 155 155
178 178 178 178 178 178 178 178 178 178
10 121 10 10 10 10 10 10 10 10 10
155 155 155 155 155 155 155 155 155
91 77 91 91 10 91 91 256 91 91 91 91 270 91 91 10 77 102 91 10 91 91 91 91 92 91 91
178 178 178 178 178 178 178 178 178 178
155 155 199 155 10 77 224 10 155 77 155 77 77 10 155 155 10 145
69 69 69 69 69 69 69 69 69 69 69 69 69 69 69 69 69 69 69
189 189 189 189 189 256 189
24 24 10 115 39 124 124 124 24 10 24 10 176 24 124 124 176 115 124 24 124 24 115 124 124 129 10 24 39 124 124 124 24 39 124 10 24 10 124 77 171 24 124 124 77 124 24 124 24 124
77 77 77 77 77 77 77
166 176 10 155 50 145 124 10 145 10 124 176
228 228 228 228 228 228 228 228 228 228 228 228
77 77 77 77 77 77 77
178 178 178 178 178 178 178 178 178 178
124 124 124 124 124 124 124 124
45 45 45 45 45 45 45 45 45 45 45 45 45 45 45 45 45 45
155 155 155 155 155 155 155 155 155
155 155 155 155 155 155 155 155 155
24 24 24 24 24 24 24 24 24 24 24 24 24 24 24 24 24
178 178 178 178 178 178 178 178 178 178
178 178 178 178 178 178 178 178 178 178
77 77 77 77 77 77 77
178 178 178 178 208 208 178 10 178 10 178 10 178 10
124 124 124 124 124 124 124 124
166 124 124 124 124 10 124 10 124 10 124 10 10
77 77 77 77 77 77 77
155 155 155 155 155 155 155 155 155
24 24 24 24 24 24 24 24 24 24 24 24 24 24 24 24 24
256 124 256 124 124 124 152 124 256 256 124 124
77 77 77 77 77 77 77
155 155 155 155 155 155 155 155 155
77 77 124 77 176 176 124 176 124 124 124 77
256 124 124 256 189 165 124 189 256 256 124 124 189 124 124
124 178 178 170 178 255 124 124 77 178 170 178 178 77 77 124 255 178 178
45 154 71 24 45 45 77 46 57 189 24 45 24 46 32 45 45 45 148 45 77 24 26 189 45 45 42 45 24 24 52 130 42 77 24 99 26 45 189 45
256 77 77 256 77 77 77 256 124 77 256
155 155 155 155 155 155 155 155 155
124 124 124 124 124 124 124 124
124 124 124 124 124 124 124 124
155 155 155 155 155 155 155 155 155
77 77 77 77 77 77 77
124 124 124 124 124 124 124 124
178 178 178 178 178 178 178 178 178 178
228 228 228 228 228 228 256 228 256 228 228 228 256 256 228 239
124 10 124 124 124 10 166 10 10 124 124 124 10
77 77 77 77 77 77 77
155 155 155 155 155 155 155 155 155
178 178 178 178 178 178 178 178 178 178
155 155 155 155 155 155 155 155 155
205 164 91 45 135 155 45 268 316 178 247 144 238 69 205 178 205 268 144 45 155 205 75 298 172 69 164 327 178 205 205 91 124 157 89 172 124 69 268 124 69 155 124 91 178 157 217 265 69 221 178 45 313 69 178 91 180 178 205 124 157 172 178 69 126 14 133 131 305 69 107 80 305 205 85 91 69 69
10 77 256 77 204 77 50 50 77 256 10 10 155 10 10 256 256 256 77 10 10
77 77 77 77 77 77 77
155 124 9 77 256 189 256 77 10 189 124 77 256 286 256 124 176 155 77 176 124 189 77 124 77 256 256 21 286 77 256 256 77 124 77 77 124 189 189 256 124 10 124 77 155 256
77 77 77 77 77 77 77
256 256 256 256 256 256 256 256 105 256 256 256 256
205 155 256 155 77 155 256 205 199 155 205 256 294 205 155 77 155 77 205 205 155 256 77 205 205 77 205 205
124 124 124 124 124 124 124 124
197 124 197 10 124 10 10 197 124 10 10 10 124 197
77 77 77 77 77 77 77
205 205 205 205 205 205 205 205 205 205 205
268 268 268 268 268 268 268 268 268 268 268 268 268 268
124 124 124 124 124 124 124 124
228 256 228 228 256 228 228 228 256 228 228 228 239 228 228 256
10 10 124 21 21 10 10 10 10 10 10
124 124 124 124 124 124 124 124
197 178 178 178 178 178 256 178 197 178 256 256 178
155 155 155 256 171 155 155 256 155 155 256 155 256
178 178 178 178 178 178 178 178 178 178
77 77 77 77 77 77 77
124 124 124 124 124 124 124 124
77 256 77 77 256 77 77 124 256 256 77
91 91 91 91 91 91 91 91 91 91 91 91 91 91 91 91 91 91 91 91
77 77 77 77 77 77 77
45 45 45 45 45 45 45 45 45 45 45 45 45 45 45 45 45 45
164 91 91 91 69 164 164 164 91 164 69 69 91 91 164 69 69 69 91 91 91 164 69 91 164 94 69 80 91 69 69
205 205 205 205 205 205 205 205 205 205 205
10 171 77 171 171 124 171 171 77 124 124
155 155 155 155 155 155 155 155 155
124 10 124 10 10 124 10 124 124 124 10 166 124
50 10 189 10 189 10 10 189 10
124 124 124 124 124 124 124 124
77 77 77 77 77 77 77
182 152 152 10 77 10 77 10 77 182 77 10 77 77
164 91 97 268 91 69 69 282 173 164 91 173 69 268 173 91 91 173 69 91 268 69 91 128 91 173 69 128 173 132 69 80 268 69 69 69
77 77 77 77 77 77 77
205 205 205 205 205 205 205 205 205 205 205
77 77 77 77 77 77 77
205 205 205 205 205 205 205 205 205 205 205
77 77 77 77 77 77 77
124 124 124 124 124 124 124 124
77 77 77 77 77 77 77
77 77 77 77 77 77 77
155 155 155 155 155 155 155 155 155
77 77 77 77 77 77 77
45 45 24 134 228 77 179 45 205 228 57 205 24 179 184 205 143 205 274 205 45 24 77 110 130 24 33 304 33 242 177 24 205 45 45 110 259 24 228 45 24 143 45 77 140 205 205 86
124 77 155 169 155 77 125 256 301 77 155 155 124 256 155 77 301 77 256 155 88 10 77 155 125 155 169 155 220 35 77 77 210 155 256 165 130 155 10 10 77 77 155
77 77 77 77 77 77 77
24 24 24 24 24 24 24 24 24 24 24 24 24 24 24 24 24
77 77 77 77 77 77 77
124 124 124 124 124 124 124 124
124 77 124 170 170 77 170 124 77 170 124
45 45 45 45 45 45 45 45 45 45 45 45 45 45 45 45 45 45
124 124 124 124 124 124 124 124
10 10 176 77 10 10 10 77 10 77 10 77 77 77 10 10 10
77 77 77 77 77 77 77
155 155 199 155 77 199 155 155 77 155 77 155 77 77
27 311 24 319 41 33 24 24 41 155 33 73 24 73 24 33 155 24 320 24 33 155 73
155 256 155 256 155 155 256 155 155 155 256 155 171
268 268 155 155 8 155 268 155 155 268 268 268 268 155 155 268 268 268 155 268 268 268
77 77 77 77 77 77 77
155 155 155 155 155 155 155 155 155
10 10 77 10 77 77 10 10 145 77 77 77
155 155 155 155 155 155 155 155 155
77 155 88 155 155 77 77 155 160 155 77 204 77 155 155
155 155 155 155 155 155 155 155 155
226 124 124 178 124 124 178 124 10 124 8 124 10 124 124 124 178 178 10 10 178 124 124 226 178 124 124 8 124 124
155 155 155 155 155 155 155 155 155
205 205 205 205 205 205 205 205 205 205 205
88 10 256 10 10 256 256 10 10 256
24 24 24 24 24 24 24 24 24 24 24 24 24 24 24 24 24
124 124 124 124 124 124 124 124
155 155 155 155 155 155 155 155 155
178 124 178 219 178 178 219 124 219 178 124 219 219
77 77 77 77 77 77 77
50 10 189 10 189 10 189 10 10
77 77 178 124 77 124 124 124 77 77 124 178 124
124 124 124 124 124 124 124 124
178 178 178 178 178 178 178 178 178 178
155 155 155 155 155 155 155 155 155
178 178 178 178 178 178 178 178 178 178
10 189 10 10 189 189 10 50 10
124 124 124 124 124 124 124 124
124 124 124 124 124 124 124 124
77 77 145 77 10 10 77 10 10 77 10 77
197 77 77 124 77 77 124 256 124 77 77 256 256 124 124 256 124 124
77 77 77 77 77 77 77
124 124 124 160 286 256 256 124 124 189 124 286 124
149 10 77 10 10 21 77 88 77 77 10 77
45 91 91 70 24 222 24 91 45 45 39 23 24 49 24 45 23 45 256 45 45 24 91 45 0 228 96 24 45 45 24 187 45 118 228 118 24 240 96 91 24 256 183 91 228 137 91 256 118 96 24 96 3 136 24 120 24 80 45 96 24 228 45
124 124 124 124 124 124 124 124
124 124 124 124 124 124 124 124
77 124 178 77 124 124 124 124 77 124 77 178 77
77 77 77 77 77 77 77
178 178 178 178 178 178 178 178 178 178
45 45 45 45 45 124 45 45 45 45 45 48 45 45 124 45 45 124 124 124 45 130 45 124 76
77 77 77 77 77 77 77
182 155 182 145 277 124 124 124 124 155 10 155 155 121 124 196 145 182 196 141 182 155 197
124 124 124 124 124 124 124 124
178 178 178 178 178 178 178 178 178 178
124 10 10 124 124 166 166 10 124 124 10 124
124 124 124 124 124 124 124 124
155 155 155 155 155 155 155 155 155
178 205 10 10 10 178 178 205 10 178 178 10 10 10 10 178 178 228
77 77 77 77 77 77 77
189 124 124 124 124 124 189 189 141 124 124
124 256 124 256 124 124 256 152 256 124 124 124
155 10 189 10 189 21 155 155 197 160 155 189 155 155 10 155 10
268 268 268 268 268 268 268 268 268 268 268 268 268 268
256 21 256 256 21 21 256
256 149 149 256 149 77 124 169 124 256 256 149 149
77 77 77 77 77 77 77
155 155 155 155 155 155 155 155 155
77 77 77 77 77 77 77
77 77 77 77 77 77 77
77 77 77 77 77 77 77
77 124 229 10 197 124 10 77 197 77 77 10 124 77 10 10 124 197 77 10
77 77 77 77 77 77 77
182 182 155 155 155 182 182 182 155 77 77
124 155 199 155 155 124 124 199 199 199 199 155
124 155 124 155 155 124 124 124 155 155 124 155 215 124 155 155
69 69 69 69 69 69 69 69 69 69 69 69 69 69 69 69 69 69 69
164 91 97 268 91 69 69 282 173 164 91 173 69 268 173 91 91 173 69 91 268 69 91 128 91 173 69 128 173 132 69 80 268 69 69 69
77 77 77 77 77 77 77
189 256 189 189 189 189 189
228 205 155 2 205 232 262 205 232 228 228 228 2 2 228 2 228 205 2
45 45 45 45 45 45 45 45 45 45 45 45 45 45 45 45 45 45
205 205 205 205 205 205 205 205 205 205 205
205 205 205 205 205 205 205 205 205 205 205
77 145 77 10 10 77 10 10 77 10 77 77
124 124 124 124 124 124 124 124
77 77 77 77 77 77 77
155 155 155 155 155 155 155 155 155
124 178 178 77 170 178 255 124 77 178 170 178 178 124 77 124 255 178 178
91 91 91 91 91 91 91 91 91 91 91 91 91 91 91 91 91 91 91 91
115 77 77 115 77 171 77 115 77 10 115 77 77 77
155 124 155 124 10 155 124 10 155 124
149 10 10 256 10 256 10 10 10 10 256 10 10 10 256
256 256 10 10 10 10 256 10 88 256
199 256 256 166 256 10 256 50 124 124 256 124 10 124 256 256 141 256 166
256 189 256 256 256 189 189 300
124 124 124 124 124 124 124 124
256 256 256 10 256 10 10 256 130 256 256 10 10 256
268 268 268 268 268 268 268 268 268 268 268 268 268 268
124 124 124 124 124 124 124 124
205 205 205 205 205 205 205 205 205 205 205
45 45 45 45 45 45 45 45 45 45 45 45 45 45 45 45 45 45
77 77 77 77 77 77 77
164 91 97 268 91 69 173 282 173 164 91 173 69 268 69 91 91 173 69 91 268 69 91 128 91 173 69 128 173 132 69 80 268 69 69 69
77 77 77 77 77 77 77
77 77 77 77 77 77 77
178 124 178 124 124 176 176 155 176 124 124 124 178 178 283 18 124 182 256 124 219 300 256 124 176 178 219 155 176 124 256 219
256 256 256 256 256 36 256 256 256
77 77 77 77 77 77 77
77 77 77 77 77 77 77
205 205 205 205 205 205 205 205 205 205 205
124 124 124 124 124 124 124 124
77 124 124 77 178 124 124 124 124 124 77 77 77 77
155 155 155 155 155 155 155 155 155
91 91 91 91 91 91 91 91 91 91 91 91 91 91 91 91 91 91 91 91
124 124 124 124 124 124 124 124
77 77 77 77 77 77 77
124 124 124 124 124 124 124 124
6 149 77 121 149 205 205 77 77 77 205 205 205 155 77 121 178 244 149 77 6 124 121 205 205 205 77
124 155 124 124 130 124 155 155 124 218 160 155 155 124 155 155
205 10 10 205 205 205 205 228 205 10 10 228 205 205 205
178 178 178 178 178 178 178 178 178 178
155 176 176 176 155 176 176 176 176 176
228 228 228 228 228 228 228 228 228 228 228 228
77 77 77 77 77 77 77
205 205 205 205 205 205 205 205 205 205 205
182 182 155 155 155 182 182 182 155 77 77
10 256 256 10 10 256 256 88 10 10
155 155 155 155 155 155 155 155 155
124 124 124 124 124 124 124 124
77 77 77 77 77 77 77
124 10 205 228 10 205 212 124 10 10 124 205 10 10 205 205 124 10 124 124 205 50 205 205 141 10 285
178 178 178 178 178 178 178 178 178 178
124 124 124 124 124 124 124 124
155 155 155 155 155 155 155 155 155
124 124 124 124 124 124 124 124
77 77 77 77 77 77 77
155 155 155 155 155 155 155 155 155
124 124 124 124 124 124 124 124
77 77 77 77 77 77 77
155 155 155 155 155 155 155 155 155
77 77 77 77 77 165 77 77 77 77 77 77 77
178 178 178 178 178 178 178 178 178 178
178 178 178 178 178 178 178 178 178 178
50 124 77 77 124 50 10 121 212 124 10 77 77 124 124 124 124 152
155 155 155 155 155 155 155 155 155
124 124 124 124 124 124 124 124
77 77 77 77 77 77 77
268 268 268 268 268 268 268 268 268 268 268 268 268 268
268 268 268 268 268 268 268 268 268 268 268 268 268 268
77 77 77 77 77 77 77
91 91 91 91 10 91 91 91 91 91 10 21 91 91 92 91 91 91 10 91 91 98 10 91 91
124 124 124 124 124 124 124 124
256 121 256 256 256 256 256 256 256 189 21 189 64
256 256 256 36 256 36 256 256
155 155 155 155 155 155 155 155 155
155 155 155 155 155 155 155 155 155
10 10 155 10 10 10 189 155 10 124 10 197 155 274 189 10 10 155 124 155 124 10 189 10 155 197 155 124 197 155
124 124 124 124 77 264 88 124 77 124 10 95 105 77 95 124 124 124 77 124 77 124 10 166 10 124 124
10 189 10 189 10 189 50 10 10
124 124 124 124 124 124 124 124
228 228 228 228 256 256 256 228 228 239 228 228 228 228 228 256
77 77 77 77 77 77 77
77 77 77 77 77 77 77
205 205 205 205 205 205 205 205 205 205 205
155 155 155 155 155 155 155 155 155
77 77 77 77 77 77 77
178 178 178 178 178 178 178 178 178 178
77 77 77 77 77 77 77
205 205 205 205 205 205 205 205 205 205 205
205 248 205 205 274 104 162 274 205 254 124 225 211 274 205 29 274 205 205 274 205 92 205 205 205 248 274 205 274 225 104 205 124
155 256 171 256 155 155 155 155 155 155 155 256 256
77 77 77 77 77 77 77
124 124 124 124 124 124 124 124
155 155 155 155 155 155 155 155 155
77 77 77 77 77 77 165 77 77 77 77 77 77
178 226 155 226 226 155 178 178 226 155 226 178 226
205 205 205 205 205 205 205 205 205 205 205
77 77 77 77 77 77 77
50 10 10 10 189 189 10 189 10
77 77 77 77 77 77 77
124 124 124 124 124 124 124 124
77 77 77 77 77 77 77
205 10 220 205 205 10 220 205 205 220 205 205 220
268 268 268 268 268 268 268 268 268 268 268 268 268 268
77 77 77 77 77 77 77
155 155 155 155 155 155 155 155 155
155 205 155 205 205 77 155 205 155 77 205 77 155 77 77 77 205 155 155 155 205 205 283 205 205
124 124 124 124 124 124 124 124
228 228 228 228 228 228 228 228 228 228 228 228
256 189 88 50 189 189 10 10 50 50
178 178 178 178 178 178 178 178 178 178
205 205 205 205 205 205 205 205 205 205 205
124 124 124 124 124 124 124 124
124 124 124 124 124 124 124 124
155 268 268 155 268 155 268 268 155 155 268 155 268 268 155 268 268 268 268 8 268 155
178 124 178 124 124 124 124 178 178 124 178 229 178 178 178 124 178
228 228 228 228 228 228 228 228 228 228 228 228
124 124 124 124 124 124 124 124
77 77 256 124 77 256 256 77 77 256 77
205 205 205 205 205 205 205 205 205 205 205
228 228 228 228 228 228 228 228 228 228 228 228
10 77 10 77 10 77 10 77 145 77 77 10
10 77 124 10 10 77 10 145 197 77 10 176 10 124 10 124 152 10 124 145 77 124 10 166 124 124 124 10 10 124 288 10 10
77 10 256 77 155 77 50 50 256 256 256 77 10 256 171 77
155 155 155 155 155 155 155 155 155
124 124 124 124 124 124 124 124
300 189 256 300 256 189 256
77 77 77 77 77 77 77
178 226 155 178 226 155 226 178 226 155 226 178 226
77 77 77 77 77 77 77
10 256 189 189 10 10 121 189 64 256 189 64
124 124 124 124 124 124 124 124
205 205 205 205 205 205 205 205 205 205 205
205 205 205 205 205 205 205 205 205 205 205
248 274 248 274 274 274 274 248 248 274 274 274 205 274 205
228 228 228 228 228 228 228 228 228 228 228 228
228 228 228 228 228 228 228 228 228 228 228 228
197 178 178 178 178 178 256 178 197 178 256 256 178
268 268 268 268 268 268 268 268 268 268 268 268 268 268
189 205 189 205 205 189 212 205 205 205 205 205 205 205
124 124 124 124 124 124 124 124
124 141 189 124 189 124 189 124 124 124 124
178 77 139 155 256 77 141 77 256 166 155 155 139 262 256 155 256 77 178 121 155 155 155 77
77 77 77 77 77 77 77
205 205 205 205 205 205 205 205 205 205 205
10 10 121 10 10 10 10 10 10 10 10
205 205 205 205 205 205 205 205 205 205 205
165 165 77 124 124 77 229 256 77 256 124 165 256 165 77 197 256 77 77 256 256
124 124 124 124 124 124 124 124
91 91 91 91 91 91 91 91 91 91 91 91 91 91 91 91 91 91 91 91