0 0 0 0 0 0 0
0 0 0 0 19 0 0 0 0 0 0 0 0
0 0 0 0 0 0 0
0 0 0 0 0 0 0
7 0 0 7 0 0 0 5 0 7
7 7 7 4 1 4 4 4
0 0 0 0 0 0 0
7 7 1 4 7 4 4 4
0 0 0 19 0 0 0 0 0 0 0 0 0
2 2 0 4 0 0 0 2 2 2 4 0 0 4 0 0 0 4 20 0 0 0
1 1 1 1 1 1 1 1
1 1 1 2 2 4 4 2 12 1 4 1 1 2 2 4 1
1 1 1 1 1 1 1 1
20 4 2 2 4 2 4 2 4 7 2 2 4 2 7 2 2 4 4 2 2 4
0 0 0 0 0 0 0
0 0 0 2 0 2 2 2 4 4 0 2 0 0 21 4
0 1 1 0 1 0 1 1 1 1 0 0 9 0
0 0 0 0 0 0 0
3 3 4 4 2 2 4 2 2
1 1 1 1 1 1 1 1
8 2 1 1 1 1 2 1 2 8 2 1
29 1 2 1 8 2 2 8 1 8 1 1 1 2 2 8 8 8 8 8 8 8 8 1
3 3 3 3 3 3 3 3 3
2 4 2 4 9 2 4 4 4 2 2 4 4 4
0 0 0 0 0 0 0
2 4 4 4 7 2 2 7 4 4 4 7 4 4 7 7 2 2 7 7 2 20
17 17 17 17 17 17 17 17 17 17 17 17 17 17 17 17 17 17 17 17 17 17 17 17 17 17 17 17 17 17 17 17 17 17 17 17 17 17
17 17 17 17 17 17 17 17 17 17 17 17 17 17 17 17 17 17 17 17 17 17 17 17 17 17 17 17 17 17 17 17 17 17 17 17 17 17
16 16 16 16 16 16 16 16 16 16 16 16 16 16 16
0 0 0 0 0 0 0
3 3 3 3 3 3 3 3 3
3 3 3 3 3 3 3 3 3
7 7 7 0 7 7 7
4 19 4 4 4 4 4 4 4 4 4 4 4
1 1 1 1 1 1 1 1
4 1 1 16 7 1 1 4 1 4 7 4 1 7 1
0 0 0 3 3 0 0 3 7 20 4 7 4 3 0 7 3 3 3 3 4 4
21 6 2 2 6 6 6 2 6 6 6 6 6 6 2 2
0 1 1 1 2 13 0 0 2 0 4 1 4 1 0 2 1 1 2 4 2 0 5 4 5 1 1 1 4 1 1 4
0 0 0 0 0 0 0
7 4 4 4 4 2 4 4 4 7 2 4 7 12 2 2 2
0 0 2 0 2 0 2 8 0 2 0 2
8 8 8 8 8 8 8 8 8 8 8 8
20 20 20 20 20 20 20 20 20 20 20 20 20 20 20 20 20 20 20 20 20 20
3 3 3 3 3 3 3 3 3
0 7 7 0 7 7 7 7 0 7 7 0 7 7 7 0 7 0 18
3 3 3 3 3 3 3 3 3
0 0 0 0 0 0 0
8 3 8 5 8 8 3 20 8 5 5 8 8 8 8 20 8 8 8 8 8 8
0 0 0 0 0 0 0
0 0 0 0 0 0 0
5 3 3 5 12 5 3 3 6 5 8 3 6 5 3 12 6
1 1 1 1 1 1 1 1
9 0 0 2 9 9 5 9 21 2 9 2 4 2 1 0 2 4 9 2 9 2 9 0 2 0 5 21 1 0 2 27 9 9 21 2
3 1 1 3 1 1 3 3 21 1 3 3 1 3 3 1
3 1 2 3 2 3 1 1 2 3 2 2 2 3 2 4 4 2 1 4 19 34 2 4 4 6
0 7 0 0 6 7 0 7 0 6 7
4 7 7 6 4 7 4 7 7 4 7
0 0 0 0 0 0 0
1 1 1 1 1 1 1 1
4 2 2 9 9 1 1 4 4 17 9 7 9 2 1 2 9 2 2 1 7 4 1 9 1 9 9 2 1 9 9 7 9 2 2 2 9 9
5 5 1 5 1 5 5 5 12 5 5 5 1 1 1 1 1
0 7 0 0 2 2 0 7 7 2 0 2 2 16 0
8 8 8 8 8 8 8 8 8 8 8 8
7 7 0 7 0 0 5 0 0 0
3 3 6 3 3 3 2 0 3 2 2 2 2 2 0 3 0 2 32 2 0 2 0 2 5 0 2 2 2
1 1 1 1 1 1 1 1
2 16 2 2 2 7 2 0 4 2 4 7 4 7 7
16 19 19 19 19 16 19 16 16 19 16 16 19 16 16 19 16 16 16 19 30 16 19 16 16 19 19
4 1 4 1 4 2 2 1 4 1 2 2 2 2 2 1 4 1 4 0 1 1 31 4 1 1 2 2
0 8 2 2 2 0 2 0 0 0 2 0
1 1 1 1 1 1 1 1
5 6 5 11 6 6 6 5 6 6 5 6 8 5 6 5 6 5 5 6
5 5 5 5 5 5 5 5 5 5
8 8 8 8 8 8 8 8 8 8 8 8
9 9 5 4 1 5 5 4 9 5 5 8 8 9 5 5 8 8 9 5 9 4 5 17 5 5 9 4 9 8 5 1 9 5 9 9 9 9
9 3 9 3 9 9 3 3 3 3 9 9 9 9 9 9 9 3 20 3 9 9
5 5 5 5 5 5 5 5 5 5
2 7 2 0 7 12 4 2 2 7 2 1 4 2 1 3 2
3 3 3 3 3 3 3 3 3
2 4 4 4 4 4 4 4 7 4 7 7 16 7 7
8 8 1 8 8 8 1 8 1 8 1 1 1 8 1 18 8 8 8
2 5 2 5 2 2 2 2 2 2
4 4 2 5 4 2 4 2 2 2
6 6 6 3 0 6 25 3 3 6 3 0 3 0 25 6 3 0 6 0 3 6 6
0 0 0 0 0 0 0
1 1 1 1 1 1 1 1
2 2 2 4 4 4 5 4 2 2
0 0 0 0 0 0 0
5 4 4 5 5 5 5 4 19 19 5 5 5
19 19 19 19 19 19 19 19 19 19 19 19 19
8 8 8 7 2 24 8 2 8 2 2 8 8 2 2 8 2 8 2 2 8 7 8 2 7
1 1 0 1 0 1 1 1
0 0 0 0 0 0 0
17 17 17 17 17 17 17 17 17 17 17 17 17 17 17 17 17 17 17 17 17 17 17 17 17 17 17 17 17 17 17 17 17 17 17 17 17 17
0 0 0 0 0 0 0
5 5 5 5 5 5 5 5 5 5
5 1 2 1 1 5 2 16 1 2 1 4 2 2 4
16 16 16 16 16 16 16 16 16 16 16 16 16 16 16
5 5 5 5 5 5 5 5 5 5
1 1 1 1 1 1 1 1
0 0 0 19 0 0 0 0 0 0 0 0 0
0 4 0 0 4 0 6 0 0 4 4
0 0 0 0 0 0 0
2 0 2 2 0 23 2
1 1 1 1 1 1 1 1
3 7 2 2 7 2 2 7 2
2 0 8 2 0 0 0 2 0 0 2 2
3 3 3 19 4 4 3 4 3 3 4 3 3
6 0 6 6 6 6 0 6 6 6 0 6 6 0 0 0 12
7 7 7 7 7 7 9 7 2 7 7 7 7 2
4 4 4 3 1 2 3 3 2 1 2 1 4 4 2 2 1 1 1 3 3 4 3 1 3 3 2 32 2
2 4 4 4 0 28 0 2 2 2 0 2 4 4 0 0 2 4 4 4 2 2 4 4 4 1 2 2 4 2 2 2 0 2
0 0 0 0 0 0 0
1 1 1 1 1 1 1 1
4 2 2 2 2 2 4 2 2 2 2 2 4 4 16
1 1 1 1 1 1 1 1
7 4 2 4 7 7 7 31 4 4 2 4 2 2 4 4 4 4 4 4 2 7 7 4 4 4 4 4
1 1 1 1 1 1 1 1
30 11 11 2 11 11 11 11 11 2 11 7 11 1 2 11 11 2 11 11 11 7 11 11 11 11 11
5 5 5 5 5 5 5 5 5 5
7 4 7 7 4 7 0
4 4 4 4 4 4 4 4 3
5 5 5 5 5 5 5 5 5 5
2 0 1 1 0 1 1 1
8 8 8 8 8 8 8 8 8 8 8 8
0 5 0 5 0 5 0 0 0 5
0 0 0 7 7 5 0 7 0 0
4 4 2 4 2 2 4 2 2 5 4 4 4 2 10 4 2 2
1 1 1 7 6 1 1 7 1 7 1
3 3 3 3 3 3 3 3 3
8 8 10 8 8 8 3 3 3 10 10 3 8 3 8 3 8 8
3 3 3 3 3 3 3 3 3
2 2 23 23 1 2 2 2
0 7 7 7 7 7 7
0 5 0 5 0 5 0 0 0 5
2 2 1 1 2 2 1 1 1 1 1 2 19
25 0 19 7 5 0 0 6 3 3 0 3 7 3 0 0 0 5 3 0 0 0 6
2 2 2 2 7 4 2 2 2 7 4 7 2 5 2 2 4 2 2 20 4 2
6 3 3 0 5 6 6 6 6 3 1
4 4 4 4 4 4 4 4 3
3 3 3 3 3 3 3 3 3
1 1 1 1 1 1 1 1
4 4 1 4 4 4 1 4
3 0 3 3 0 0 3 3 16 3 0 3 0 3 0
0 2 2 0 2 7 7 7 0 7 2 7 2 2 2 0 12
1 1 1 1 1 1 1 1
3 3 3 3 3 3 3 3 3
4 4 4 4 4 1 4 1
0 2 0 2 0 0 0 0 2 0 0 0 16 5 16
6 6 6 6 6 6 6 6 6 6 6
1 1 1 1 1 1 1 1
5 5 5 5 5 5 5 5 5 5
5 5 0 5 16 0 5 0 5 0 5 5 5 16 0
2 2 2 6 2 2 2 2 2 2 2
0 0 0 8 0 0 0 0 0 8 0 0
1 1 2 4 7 1 0 2
3 1 0 1 1 9 1 0 0 1 1 1 0 0
4 0 4 0 0 2 2 4 2 6 2 0 4 24 0 0 4 0 0 2 4 0 2 0 0
6 6 6 10 10 6 9 6 9 6 6 5 9 10 6 6 10 6 34 9 9 5 9 34 9 29
1 1 1 1 1 1 1 1
4 4 1 7 4 7 4 7
2 3 2 3 19 2 5 2 4 0 2 1 9 1 1 32 32 3 0 1 0 4 1 4 5 1 0 4 4
0 0 0 6 6 6 1 21 6 0 5 5 5 0 6 21
2 2 2 2 16 2 4 4 2 2 2 2 2 4 4
2 3 2 3 2 18 2 2 3 2 3 3 3 2 2 2 3 2 3
2 0 2 2 0 0 2 0 2 0 0 8
1 1 1 1 1 1 1 1
7 5 5 5 5 5 38 7 5 5 5 5 7 9
9 16 16 16 16 16 9 9 16 9 9 9 16 30 16 9 9 16 16 9 9 16 9 16 30 16 9
4 2 6 2 0 48 3 4 4 2 0 2 3 4 4 3 4 0 2 0 2 4 4 0 0 3 4 0 2 4 2 0 4 3 4 1 3 2 2 3 4 3 0 4 4 0 0 4 0 4
7 7 7 7 7 0 7
0 0 0 0 0 0 0 12 0 0 0 0 0 12 0 0 0
11 11 11 11 11 11 11 11 3 3 3 3 3 3 3 11 11 11 11 11 11 11 31 11 3 11 11 11
1 1 1 1 1 1 1 1
1 1 1 1 1 1 1 1
0 0 0 0 0 0 0
0 0 0 0 0 0 0
4 2 4 7 4 7 2 2 4 4 7 2 12 4 4 4 2
21 2 3 21 5 2 5 8 2 8 5 8 3 2 8 8
1 2 1 1 2 2 1 2
3 3 3 12 3 4 3 2 3 2 2 1 2 3 3 3 2
4 2 2 4 2 2 4 2 5 4
0 0 0 0 0 0 0
4 0 23 23 4 4 4
1 1 1 1 1 1 1 1
0 25 5 8 16 5 5 6 6 3 2 6 25 5 2 6 8 6 6 5 5 6 3
3 0 16 3 0 3 0 3 0 3 3 0 3 0 3
3 3 3 3 3 3 3 3 3
20 20 20 20 20 20 20 20 20 20 20 20 20 20 20 20 20 20 20 20 20 20
6 7 1 1 1 7 1 7 1 1 1
1 1 1 1 6 1 7 1 1 7 7
4 4 2 7 0 4 4 46 2 7 4 4 0 0 0 2 7 0 7 4 0 0 2 7 0 4 7 0 0 2 2 2 0 0 2 2 2
23 9 9 9 2 2 1 9 23 4 9 9 9 4 9 1 9 9 1 9 2 1 4 1 2 9 13 9 2 4 1 1
4 0 0 4 6 0 9 4 4 4 0 4 9 4
5 5 5 5 5 5 5 5 5 5
3 1 1 26 1 3 1 1 3 1 3 1 3 3 3 26 1 1 1 1 1
1 1 1 1 1 1 1 1
5 0 3 2 1 2 0 3 0 2 0 3 2 0 11 1 3 3 3 3
0 4 0 42 3 4 2 0 4 3 9 0 4 2 2 4 4 2 0 4 4 7 2 4 4 0 2 4 2 2 7 4 0 3 0 7 2 0 4 6 4 4 0 4
2 7 7 7 8 2 7 2 2 7 7 2
4 2 4 2 2 5 4 4 2 2
0 0 0 0 0 0 0
5 5 5 5 5 5 5 5 5 5
3 3 3 3 3 3 3 3 3
0 0 0 0 0 0 0
4 2 2 4 4 4 4 4 3
0 0 0 0 19 0 0 0 0 0 0 0 0
3 3 3 3 3 3 3 3 3
4 4 4 4 7 7 1 7
9 9 9 9 9 9 9 9 9 9 9 9 9 9
5 5 5 5 5 5 5 5 5 5
7 2 2 4 7 2 7 4 4 2 19 2 4
3 3 3 3 3 3 4 4 3 3 4 4 19
8 8 8 8 8 8 8 8 8 8 8 8
0 0 0 0 0 0 0
0 0 0 0 0 0 0
3 3 3 3 3 3 3 3 3
3 3 3 3 3 3 3 3 3
1 1 1 1 1 1 1 1
2 2 5 2 5 2 2 2 2 2
0 0 0 0 0 0 0
4 4 4 4 3 4 4 4 4
6 3 1 1 19 19 2 1 2 1 3 1 2
4 3 4 4 4 4 4 4 4
1 6 6 6 1 1 1 0 1 5 10 3 6 1 1 3 3 1
20 20 20 20 20 20 20 20 20 20 20 20 20 20 20 20 20 20 20 20 20 20
0 0 0 0 0 0 0 12 0 0 0 0 0 12 0 0 0
7 7 7 7 7 7 7 2 7 10 7 7 7 7 7 7 7 7
0 0 0 4 6 4 0 0 4 0 4
9 9 9 9 9 9 9 9 9 9 9 9 9 9
5 5 5 5 5 5 5 5 5 5
10 30 26 5 4 10 4 16 23 26 10 5 16 16 16 5 0 23 4 16 0 10 4 16 10 16 0
0 0 0 0 0 0 0
0 0 0 0 0 0 0
1 1 1 4 8 4 1 1 4 1 4 1
1 2 1 1 38 10 9 1 7 6 2 2 6 7 6 1 7 6
1 1 1 1 1 1 1 1
7 0 0 0 7 7 2 8 7 0 0 0
2 4 4 0 4 4 0 0 2 4 9 4 0 4 19 0 2 4 4 19 0 19 4 4 19 2 0 19 2 4 19 54 19 4 19 4 7 4 4 4 4 4 4 2 19 7 2 19 2 2 19 7
9 2 10 9 5 9 2 9 9 9 5 11 19 19 9 10 10 10 10 10
6 9 6 6 9 10 16 6 0 19 21 10 15 2 9 21 2 19 14 19 2 9 16 0 9 39 5 9 29 1 6 12 19 2 0 6 10 12 19 18 2 0 2 9 19 5 18 19
0 0 0 0 0 0 0
3 4 2 0 3 20 2 0 0 3 3 3 3 0 3 3 2 2 2 3 3 4
3 3 3 3 3 3 3 3 3
0 0 0 0 0 0 0
0 0 0 0 0 0 0
0 0 0 0 0 0 0
1 1 1 1 1 1 1 1
4 4 4 4 3 4 4 4 4
5 5 5 5 5 5 5 5 5 5
5 5 5 5 5 5 5 5 5 5
0 0 0 0 0 0 0
1 1 1 1 1 1 1 1
0 0 0 0 0 0 0
1 1 1 1 1 1 1 1
9 20 9 3 9 3 3 9 9 3 3 9 9 3 3 9 3 9 9 9 9 9
11 11 11 11 11 11 11 11 11 11 11 11 11 11 11 11 11 11 11 11
0 1 1 0 1 0 0 0 1 0 1 0 0 1 1 0 19 1 18
2 6 2 2 2 2 2 2 2 2 2
4 10 7 4 7 7 38 7 4 2 23 2 7 7 2 7 2 2
1 1 1 4 1 4 1 1 4 8 4 1
1 1 1 1 1 1 1 1
3 3 3 3 3 3 3 3 3
17 17 17 17 17 17 17 17 17 17 17 17 17 17 17 17 17 17 17 17 17 17 17 17 17 17 17 17 17 17 17 17 17 17 17 17 17 17
0 0 0 0 0 0 0
5 5 5 2 2 2 2 5 2 16 5 5 5 5 5
1 1 1 1 1 1 1 1
9 5 9 9 9 5 5 9 16 9 9 9 9 9 5 9 9 9 9 5 5 5 9 9 9 9 9 9 27 5 9 5 9 9 16 9
7 4 2 2 2 2 2 0 2 0 2 2 4 0 4 2 2 2 2 2 7 0 0 2 7 2 4 32 0
0 0 0 0 0 0 0
4 6 2 0 6 6 6 2 0 4 4 12 0 9 3 0 2 2 2 8 9 2 0 15 4 4 2 6 12 2
3 4 4 1 0 1 6 15 1 3 30 1 2 1 3 4 1 4 3 1 1 6 2 1 1 0 1 1 1 3
4 2 2 4 2 2 5 4 4 2
7 0 2 0 2 0 0 7 3 0 0 0 7 7 1 7 7 29 5 7 4 7 4 2
5 5 5 5 5 5 5 5 5 5
0 0 0 0 0 0 0
8 0 8 0 1 1 1 0 8 1 0 1
3 0 0 3 3 2 2 2 2 0 4 0 3 3 4 0 3 2 2 4 2 0 3 2 0 2 2 2 0 2 0 2 4 3 2 0 0 36 0 2
8 8 10 8 8 8 3 3 3 10 10 3 8 3 8 3 8 8
0 0 0 0 0 0 0
11 11 11 11 11 11 11 11 11 11 11 11 11 11 11 11 11 11 11 11
11 11 11 11 11 11 11 11 11 11 11 11 11 11 11 11 11 11 11 11
2 5 2 4 4 4 4 2 2 2
3 3 3 3 3 3 3 3 3
0 0 0 0 0 0 0
0 1 0 0 0 1 4 4 1 1 4 1 1 10 1 4 0 0
1 16 1 1 1 1 1 1 1 1 1 1 1 1 1
4 4 4 4 4 4 4 3 4
0 0 2 2 0 0 8 2 2 0 0 2
2 2 2 2 4 2 4 2 4 2 2 4 2 2 11 2 2 2 2 2
1 1 1 1 1 1 1 1
20 20 20 20 20 20 20 20 20 20 20 20 20 20 20 20 20 20 20 20 20 20
0 4 0 0 0 0 4 4 0 4 6
7 7 0 0 2 2 0 2 0 2 7 10 0 7 7 7 2 0
4 2 4 7 7 2 7 2 4 19 2 4 2
0 0 0 0 0 0 0
3 3 3 3 3 3 3 3 3
31 10 31 5 5 0 12 35 8 0 19 12 16 8 16 0 21 31 19 5 16 16 8 16 5 16 35 19 16 0 31 16 9
2 2 4 4 4 2 2 2 5 4
1 1 1 1 1 1 1 1
7 2 7 2 2 3 7 2 2
5 3 12 5 3 5 3 3 3 3 3 3 9 3 3 5 5
0 0 0 0 0 0 0
0 0 0 0 0 0 0
0 0 0 0 0 0 0
0 0 0 0 0 0 0
0 0 0 0 0 0 0
1 1 1 1 1 1 1 1
0 0 0 0 0 0 0
2 2 4 2 4 4 2 5 2 4
7 7 3 2 7 7 7 7 7
1 1 1 1 1 1 1 1
0 4 0 4 4 0 0 6 0 0 4
0 0 0 0 0 0 0
11 11 11 11 11 11 11 11 11 11 11 11 11 11 11 11 11 11 11 11
9 9 9 9 9 9 9 9 9 9 9 9 9 9
0 21 21 6 20 0 12 0 0 8 30 9 8 3 21 19 19 3 3 21 0 12 21 3 19 8 18
5 5 5 5 5 5 5 5 5 5
4 7 7 1 4 4 4 7
4 4 4 4 4 4 5 4 5 0
1 1 1 1 1 1 1 1
4 4 0 4 16 4 6 4 4 4 0 4 6 0 0
4 2 5 2 2 2 4 2 4 4
2 2 4 4 2 5 2 2 4 4
7 4 7 1 4 4 4 7
3 3 3 3 3 3 3 3 3
0 0 7 0 2 4 0 7 4 16 0 2 0 7 2
0 4 4 4 25 1 23 7 4 0 7 4 0 4 23 4 7 4 4 0 0 0 4
5 2 2 2 2 2 2 2 2 5
3 32 5 32 3 2 3 3 5 2 5 5 3 2 5 5 5 3 6 2 6 5 8 5 3 5 5 5 5
7 3 8 4 7 4 2 2 4 7 2 2
4 23 7 7 4 23 4 23 7 1 7 7 23 4 7 4 23 0 7 23 1 23 1 1 4 1 7 1 4 23 4 17 23 4 1 23 7 7
4 4 2 4 30 0 4 0 7 4 0 4 2 0 2 4 4 4 0 2 0 7 4 4 7 2 4
4 9 5 5 5 4 5 4 4 5 5 5 5 5
0 0 0 0 0 0 0
11 5 11 5 11 5 11 11 11 11 11 11 11 11 5 11 5 5 5 11 11 11 11 11 5 32 11 11 5
1 7 7 1 1 6 1 1 1 1 7
0 0 0 0 0 0 0
1 2 2 1 2 1 1 2 1 2 1 2 2 2 2 1 2 10
17 17 17 17 17 17 17 17 17 17 17 17 17 17 17 17 17 17 17 17 17 17 17 17 17 17 17 17 17 17 17 17 17 17 17 17 17 17
11 11 11 11 11 11 11 11 11 11 11 11 11 11 11 11 11 11 11 11
11 11 11 11 11 11 11 11 11 11 11 11 11 11 11 11 11 11 11 11
8 8 8 8 8 8 8 8 8 8 8 8
12 12 12 12 12 12 12 12 12 12 12 12 12 12 12 12 12
7 3 3 7 3 3 3 3 3 8 7 3
4 4 4 4 0 9 2 2 4 4 2 2 2 4
0 0 0 0 0 0 0
7 2 2 1 7 7 21 2 1 1 2 1 1 1 1 2
5 5 5 5 5 5 5 5 5 5
1 1 1 1 1 1 1 1
2 2 2 2 2 2 2 6 2 2 2
1 1 1 1 1 1 1 1
1 1 1 1 1 1 1 1
3 3 3 3 3 3 3 3 3
7 1 7 1 6 1 7 1 1 1 1
1 8 8 8 2 52 3 8 8 5 1 2 6 2 5 4 0 4 4 8 4 2 4 0 8 8 8 3 4 3 2 8 1 8 2 2 8 3 2 5 3
3 3 3 3 3 3 3 3 3
3 0 2 10 2 2 0 3 0 0 0 0 10 2 0 0 2 2
4 4 4 6 0 0 4 0 0 0 0
3 3 3 3 3 3 3 3 3
9 9 9 9 9 9 9 9 9 9 9 9 9 9
3 3 3 3 3 3 3 3 3
4 3 4 4 2 2 3 2 2
12 12 12 12 12 12 12 12 12 12 12 12 12 12 12 12 12
0 0 0 0 0 0 0
0 0 0 0 0 0 0
4 7 4 0 0 7 0 4 7 7 7 4 0 7 7 4 7 4 7 0 4 29 0 4
9 9 19 29 9 16 9 19 9 29 19 19 19 9 29 19 9 19 16 9 19 9 19 16
2 0 0 2 0 2 0 0 2 8 2 0
4 0 0 0 4 4 4 4 2 0 0 4 2 2 7 0 7 10
0 21 2 0 0 1 0 2 0 4 2 2 4 2 2 4
4 2 5 4 2 4 4 2 2 2
0 0 0 0 0 0 0
0 6 0 0 4 0 4 0 4 4 0
7 2 12 2 2 7 2 4 7 2 0 7 2 2 2 7 2
3 4 4 2 2 4 2 3 2
3 3 3 3 3 3 3 3 3
3 21 21 19 1 33 1 4 12 2 3 3 8 3 1 20 1 3 8 3 21 21 19 3 1 3 7 3 8 1 4 2 3 12 19 3 19 1 21 3 3 25 7
1 1 1 1 1 1 1 1
1 1 1 1 1 1 1 1
0 0 0 0 0 0 0
1 1 4 1 2 2 2 2 2 1 1 4 1 4 1 12 4
0 0 0 0 0 0 0
1 0 1 0 0 0 9 0 1 1 1 0 1 1
1 0 1 1 1 0 1 0 0 0 19 19 1
8 3 8 5 5 8 8 5 8 3 8 8
0 0 0 0 0 0 0
0 0 0 0 0 0 0
3 3 3 3 3 3 3 3 3
2 0 7 19 0 19 2 0 0 0 2 7 2
2 2 6 2 6 6 6 1 2 6 5 5 5 21 2 6
0 0 0 0 0 0 0
6 0 0 6 6 1 6 1 0 1 1
8 8 8 8 8 8 8 8 8 8 8 8
0 0 0 0 0 0 0
7 7 3 2 2 7 2 2 2
17 17 17 17 17 17 17 17 17 17 17 17 17 17 17 17 17 17 17 17 17 17 17 17 17 17 17 17 17 17 17 17 17 17 17 17 17 17
4 4 9 0 4 2 4 4 2 4 2 2 2 4
4 7 7 6 4 4 4 7 7 7 7
5 2 2 4 2 2 2 4 4 4
0 0 0 0 0 0 0
0 4 4 0 0 0 0 0 4 12 0 0 0 0 4 0 0
1 1 1 1 1 1 1 1
7 7 7 7 0 7 7
0 0 0 0 0 0 0
0 0 7 7 5 0 7 0 0 0
1 1 1 1 1 1 1 1
6 6 6 10 10 6 9 6 9 6 6 5 9 10 6 6 10 6 34 9 9 5 9 34 9 29
0 0 0 0 0 0 0
0 0 0 0 0 0 0 0 0 0 0 0 19
0 0 0 0 0 0 0
0 0 0 0 0 0 0
4 4 4 3 4 4 4 4 4
4 4 0 3 2 5 20 0 5 3 4 3 3 4 0 3 3 0 2 2 3 3
4 7 7 2 4 0 2 0 2 2 7 4 4 2 4 0 2 7 2 2 2 2 7 2 2 0 37 2 4 4 7 2 2 2 4
4 1 2 1 2 12 1 1 1 4 1 4 2 1 4 2 2
9 9 9 9 9 9 9 9 9 9 9 9 9 9
0 0 0 8 0 0 0 0 0 8 0 0
0 0 0 0 0 0 0
2 0 4 8 3 0 2 1 4 4 1 1
1 1 1 1 1 1 1 1
4 7 7 4 1 7 4 4
1 1 1 1 1 1 1 1
5 5 5 5 5 5 5 5 5 5
3 3 3 3 3 3 3 3 3
2 5 5 5 5 2 5 2 5 9 5 5 2 9
1 1 1 1 1 1 1 1
5 5 5 5 5 5 5 5 5 5
16 0 0 16 16 10 10 10 16 0 16 16 16 10 16 16 16 16
3 3 3 3 3 3 3 3 3
8 8 8 8 8 8 8 8 8 8 8 8
4 34 4 4 2 4 2 2 7 2 4 2 4 4 4 2 7 4 7 4 4 2 2 4 2 2
6 6 6 3 0 6 25 3 3 6 3 0 3 0 25 6 3 0 6 0 3 6 6
8 2 8 2 2 8 0 0 3 0 2 2
0 0 0 0 0 0 0
1 1 4 4 2 0 4 1 1 1 6 20 2 4 4 0 0 0 0 1 4 1
3 3 3 3 3 3 3 3 3
3 3 3 3 3 3 3 3 3
0 0 0 0 0 0 0
1 1 1 1 1 1 1 1
2 2 2 2 2 2 2 2 2 2 2 2 21 2 2 2
17 17 17 17 17 17 33 17 17 17 17 17 17 17 2 2 17 17 17 17 0 17 17 17 2 17 17 17 17 17 17 41 17 17 17 17 17 17 17 17 17 17 2
6 0 2 1 6 6 1 1 3 1 2
4 4 7 7 4 1 4 7
4 0 4 23 4 23 4
0 0 7 0 0 5 0 0 7 7
0 0 0 0 0 0 0
4 1 7 4 4 4 7 7
0 0 0 0 0 0 0
1 1 1 1 1 1 1 1
0 0 0 0 0 0 0
0 0 0 0 0 0 0
20 9 9 5 9 20 9 5 9 9 5 5 9 5 5 9 5 9 9 9 5 9
4 23 4 4 4 0 23
4 2 2 0 11 2 0 2 4 0 1 3 0 5 0 2 2 3 0 2
5 5 5 5 5 5 5 5 5 5
0 0 0 0 0 0 0
1 1 1 1 1 1 1 1
0 0 0 0 0 0 0
21 3 21 1 21 1 21 8 1 2 3 21 1 8 31 21 19 2 21 1 2 21 19 19 2 8 1 19
1 1 1 1 1 1 1 1
0 0 0 0 0 0 0
4 3 4 4 4 4 4 4 4
5 3 4 3 7 0 0 0 3 23 5 18 1 3 3 7 0 1 3
4 3 4 3 19 3 3 3 3 3 4 3 4
1 1 1 1 1 1 1 1
1 0 0 0 0 6 0 4 4 4 2
8 8 5 5 5 11 5 5 8 8 5 8 8 5 8 11 8 8 8 5
9 9 9 9 9 9 9 9 9 9 9 9 9 9 9 9 9 9 9 9 9 9 9 9 9 30 9
17 17 17 17 17 17 17 17 17 17 17 17 17 17 1 17 17 17 17 17 17 1 17 17 1 17 17 1 17 17 17 17 17 17 1 1 17 17 17 17 1 17 17 43 17
0 0 0 0 0 0 0
5 5 5 5 5 5 5 5 5 5
2 6 2 2 2 2 2 2 2 2 2
5 0 5 4 0 0 4 0 0 4
0 0 0 0 0 0 0
0 0 0 0 0 0 0
3 3 3 2 3 2 3 3 4 2 2 10 4 3 4 2 4 3
2 4 2 4 1 1 2 0 5 0
4 4 0 23 4 4 23
1 4 4 4 4 4 4 1
2 4 2 4 2 2 5 4 4 2
3 3 0 3 3 0 0 3 3 9 3 9 0 0
0 0 0 0 0 0 0
1 1 4 1 1 8 4 4 1 1 4 1
4 4 4 2 2 4 4 4 4 4 2 4 4 10 2 4 4 2
2 3 2 2 2 2 3 3 3 3 3 3 3 9
0 0 0 0 0 0 0
19 0 0 0 0 0 0 0 0 0 0 0 0
0 0 0 0 0 0 0
5 5 5 5 5 5 5 5 5 5
4 7 4 4 4 7 7 1
3 3 3 3 3 3 3 3 3
4 2 0 29 4 0 2 0 0 4 4 2 4 0 0 4 2 2 2 4 4 2 2 2
7 4 4 1 4 7 4 7
4 7 7 4 4 4 7 1
9 9 9 9 9 9 9 9 9 9 9 9 9 9
9 9 4 4 25 9 4 2 4 2 9 9 9 2 9 9 2 9 9 2 9 9 9
8 8 8 8 8 8 8 8 8 8 8 8
3 4 0 0 0 0 3 4 3
4 7 1 4 7 4 4 7
1 1 1 1 1 1 1 1
3 3 3 3 3 3 3 3 3
3 3 3 3 3 3 3 3 3
0 0 0 0 0 0 0
1 1 1 1 1 1 1 1
2 10 3 3 3 3 0 2 5 2 3 2 3 3 2 2 2 5
1 1 1 1 1 1 1 1
13 13 13 13 13 13 13 13 13 13 13 13 13 13 13 13 13 13 13 13 13 13 13 13 13 13 13 13 13 13 13 13
13 13 13 13 13 13 13 13 13 13 13 13 13 13 13 13 13 13 13 13 13 13 13 13 13 13 13 13 13 13 13 13
0 0 0 0 0 0 0
5 5 5 5 5 5 5 5 5 5
7 7 2 2 3 2 7 2 2
3 3 3 3 3 3 3 3 3
2 2 2 2 6 2 2 2 2 2 2
1 1 1 1 1 1 1 1
0 0 0 0 0 0 0
2 0 0 2 2 0 2 2 2 2 2 0 12 2 0 2 0
3 3 3 3 3 3 3 3 3
0 0 0 0 0 0 0
0 0 0 0 0 0 0
0 0 0 0 0 0 0
0 0 0 0 0 0 0
1 1 1 1 1 1 1 1
1 1 1 7 6 7 1 1 1 1 7
0 4 5 5 4 0 0 0 0 4
2 2 2 2 2 5 2 2 5 2
13 13 13 13 13 13 13 13 13 13 13 13 13 13 13 13 13 13 13 13 13 13 13 13 13 13 13 13 13 13 13 13
0 0 0 0 0 0 0
4 4 4 2 9 2 2 4 4 4 2 2 4 4
2 5 2 2 5 2 2 2 2 2
2 2 6 2 2 2 2 2 2 2 2
0 0 0 0 0 0 0
2 4 4 2 2 2 4 5 4 2
2 4 5 4 2 2 2 4 4 2
2 2 2 2 2 2 4 2 7 2 1 4 2 7 2 7 10 2
1 1 1 1 1 1 1 1
10 10 18 18 10 10 11 10 10 13 10 10 10 10 10 10 13 10 10 10 13 10 13 10 10 10 10 10 10 10 10 10
0 0 0 0 0 0 0
0 0 0 0 0 0 0
1 1 1 1 1 1 1 1
0 0 0 0 0 0 0
7 2 2 2 2 2 9 2 2 7 2 2 7 2
0 0 0 0 0 0 0
0 0 0 2 2 2 0 0 2 0 2 8
0 0 0 0 0 0 0
4 7 4 1 7 7 4 4
4 2 2 4 4 9 4 2 4 2 4 4 2 4
0 4 0 6 0 0 4 4 0 4 0
1 1 1 1 1 1 1 1
0 10 8 8 8 0 8 8 0 8 8 8 8 0 0 8 8 0
0 0 0 0 0 0 0
0 0 0 0 0 0 0
1 1 1 1 1 1 1 1
1 3 3 3 0 3 0 5 0 3 3 3 0 0 16
0 0 1 0 19 0 0 0 1 0 5 0 1
0 0 0 0 0 0 0
0 4 0 4 4 0 0 0 4 0 6
6 6 6 6 6 6 6 6 6 6 6
7 7 7 7 0 7 7
0 0 0 0 0 0 0
16 16 16 16 16 16 16 16 16 16 16 16 16 16 16
3 3 3 3 3 3 3 3 3
10 10 10 10 10 10 10 10 10 10 10 10 10 10 10 10 10 10
0 0 0 0 0 0 0
4 4 4 4 3 4 4 4 4
1 1 1 1 1 1 1 1
2 6 2 2 2 2 2 2 2 2 2
0 2 2 2 12 12 2 2 0 2 2 2 2 3 2 2 2
0 0 0 0 0 0 0
5 5 5 5 5 5 5 5 5 5
4 4 1 1 4 4 4 1 4 1 4 4 1 1 21 1
3 3 3 3 3 3 3 3 3
0 0 0 0 0 0 0
0 7 0 7 0 0 7 0 5 0
1 1 1 1 1 1 1 1
15 15 15 15 15 15 15 15 15 15 15 15 15 15 15 15 15 15 15 15 15 15 15 15 15 15 15 15 15 15
13 13 13 13 13 13 13 13 13 13 13 13 13 13 13 13 13 13 13 13 13 13 13 13 13 13 13 13 13 13 13 13
1 1 1 1 1 1 1 1
4 4 1 4 21 4 1 1 4 1 1 4 4 1 4 1
8 8 8 8 8 8 8 8 8 8 8 8
0 0 0 0 0 0 0
5 0 0 0 7 0 7 7 0 0
5 2 2 2 4 2 4 4 2 4
0 0 0 0 0 0 0
0 0 0 0 0 0 0
1 1 1 1 1 1 1 1
0 7 2 4 4 4 4 7 4 0 10 0 7 0 4 1 4 0
2 4 2 4 2 4 4 4 4 4 4 2 4 4 4 10 2 4
1 7 1 7 1 1 7 1 7 7 7 1 9 1
1 1 1 1 1 1 1 1
7 7 7 7 7 7 0
2 2 2 1 4 2 0 2 2 17 2 0 0 2 0 2 0 0 4 4 4 2 0 4 4 0 0 2 0 4 2 1 2 4 4 2 2 4
0 0 0 0 0 0 0
3 3 3 3 3 3 3 3 3
0 0 0 0 0 0 0
0 0 0 0 0 0 0
4 0 4 4 0 4 0
0 0 0 0 0 0 0
15 7 15 15 15 15 15 7 15 15 15 15 35 15 15 15 15 15 15 15 15 15 15 15 15 7 15 15 15 15 15 15 15
3 3 3 3 3 3 3 3 3
8 0 0 2 0 2 0 0 2 2 2 0
2 2 2 2 2 2 2 6 2 2 2
14 14 14 14 14 14 14 14 14 14 14 14 14 14 14 14 14 14 14 14 14 14 14 14 14 14 14 14 14 14 14
2 2 4 4 2 4 5 2 2 4
2 2 1 2 2 23 2 23
3 4 2 2 3 4 4 2 2
5 2 2 4 2 2 2 4 4 4
0 0 0 0 0 0 0
4 4 4 4 4 4 4 2 4 4 4 4 4 4 2 7 4 4 4 4 7 0 25
4 2 11 4 0 0 4 0 0 4 0 4 0 4 0 2 3 2 4 4
0 0 0 0 19 0 0 0 0 0 0 0 0
0 0 0 0 0 0 0
0 4 3 3 4 4 4 0 3 4 0 0 4 3 4 3 4 4 0 30 4 0 4 3 3 4 3
1 1 1 1 1 1 1 1
0 0 0 0 0 0 0
4 4 1 7 7 4 7 4
1 6 10 6 6 1 6 1 6 1 1 6 6 1 6 6 1 6
0 0 0 0 0 0 0
4 7 23 4 4 7 4 4 3
1 1 1 1 1 1 1 1
0 0 0 0 0 0 0
4 2 2 4 2 4 5 2 2 4
7 7 7 7 4 7 7 4 4 4 6
3 3 3 3 3 3 3 3 3
0 0 0 0 0 0 0
4 3 0 0 4 2 3 5 0 3 4 3 4 2 3 0 0 0 0 29 2 3 2 3
2 2 2 2 2 2 6 2 2 2 2
0 0 0 0 0 0 0
4 4 2 4 4 7 7 7 2 4 4 2 12 4 4 2 2
1 2 1 4 1 7 1 1 2 7 4 2 2 4 7 1 2 11 4 1
0 0 0 0 0 0 0
0 0 0 0 0 0 0
10 10 4 10 10 10 10 10 10 10 4 10 4 10 10 10 10 20 4 10 10 10
0 0 0 0 0 0 0
13 13 13 13 13 13 13 13 13 13 13 13 13 13 13 13 13 13 13 13 13 13 13 13 13 13 13 13 13 13 13 13
0 0 0 0 0 0 0
0 0 0 0 0 0 0
7 7 2 2 2 3 7 2 2
4 0 2 2 4 2 2 0 2 2 6 4 2 0 2 2 2 0 29 5 2 4 0 2
0 0 0 0 0 0 0
1 1 1 1 1 1 1 1
1 1 1 1 1 1 1 1
4 2 0 2 2 2 2 0 4 21 4 0 2 0 0 1
1 1 1 1 1 1 1 1
0 2 0 2 8 0 2 2 0 0 2 0
0 0 0 0 0 0 0
2 2 0 0 2 2 5 2 2 5
0 0 0 0 0 0 0
0 0 0 0 0 0 0
2 4 9 2 2 4 2 2 2 3 2 2 2 4
1 1 1 1 2 2 2 8 1 1 1 1 1 1 18 2 1 1 1
2 2 6 2 2 2 2 2 2 2 2
1 4 4 7 7 7 4 4
13 28 13 14 13 14 13 36 14 13 14 13 14 14 14 13 13 13 13 13 14 14 13 13 14 13 28 36 13 13 14 28 13 40 14 13 28 14 28 14 13 13 13 13 36 13 14 40 28 13 14 14 28 14 28 40 14 13 13 14
0 0 0 0 0 0 0
2 2 2 2 6 2 2 2 2 2 2
0 0 0 0 0 0 0
0 0 0 0 0 0 0
0 0 0 0 0 0 0
4 3 4 4 4 2 2 2 21 4 7 7 2 4 7 4
2 0 0 2 0 0 0 0 2 2 2 2 0 0 20 2 0 2 2 0 0 6
5 5 16 5 2 5 5 2 2 5 2 5 5 5 2
4 1 8 4 4 1 1 1 4 1 1 1
5 1 1 1 1 5 2 1 5 34 4 2 2 5 5 5 4 5 5 4 4 2 5 2 1 1
0 0 0 0 0 0 0
15 14 14 13 13 13 14 14 13 15 14 13 12 15 13 33 12 14 14 15 13 15 33 15 58 15 13 13 13 13 13 13 13 15 14 13 22 15 14 12 15 14 13 15 45 12 13 15 15 12 15 13 22 45 13 13 13 12 12 13 12 56 12 13 13 22 13 40 15 51 22 14 22 14 12 45 13 14 15 18 15 33 13 22 14 22 14 13 12
0 0 0 0 0 0 0
2 2 5 4 2 4 2 4 4 2
6 6 6 6 6 6 6 6 6 6 6
3 3 3 3 3 3 3 3 3
7 4 4 7 7 0 4 0 2 1 7 4 0 4 26 4 0 7 0 4 7
2 9 2 9 5 5 2 5 5 5 5 5 5 2
2 2 1 2 1 1 10 2 1 2 2 2 1 2 2 2 1 1
0 0 0 0 0 0 0
0 0 0 0 0 0 0
0 0 0 0 0 0 0
1 1 1 1 1 1 1 1
2 1 8 1 8 2 1 1 1 2 2 1
14 14 14 14 14 14 14 14 14 14 14 14 14 14 14 14 14 14 14 14 14 14 14 14 14 14 14 14 14 14 14
16 16 16 16 16 16 16 16 16 16 16 16 16 16 16
10 10 18 18 10 10 11 10 10 13 10 10 10 10 10 10 13 10 10 10 13 10 13 10 10 10 10 10 10 10 10 10
7 2 7 7 2 2 18 2 2 2 2 2 2 2 2 2 2 2 2
0 0 0 4 4 2 0 0 4 2 4 0 2 21 2 2
0 0 0 0 0 0 0
12 14 13 12 14 14 14 14 14 14 18 33 14 12 14 14 12 14 12 12 14 14 12 14 14 14 14 13 33 12 14 14 14 12 12 33 33 14 14 14 33 14 12
6 0 4 0 2 4 4 0 2 0 4 16 2 0 2
0 0 0 0 0 0 0
0 0 0 0 0 0 0
2 2 3 2 7 2 7 7 2
3 3 3 3 3 3 3 3 3
0 0 0 0 0 0 0
4 4 4 4 4 4 3 4 4
10 10 10 5 25 10 25 10 10 25 10 5 25 25 10 10 10 5 10 5 5 10 10
0 0 0 0 0 0 0
0 0 0 0 0 0 0
3 3 3 3 3 3 3 3 3
0 0 0 0 0 0 0
0 0 0 0 0 0 0
12 12 12 12 12 12 12 12 12 12 12 12 12 12 12 12 12
0 0 0 0 0 0 0
2 2 5 4 2 4 2 4 4 2
1 1 2 2 8 1 1 1 8 2 2 1
2 0 2 8 0 4 2 2 2 0 2 1 0 10 0 4 2 0
4 5 4 5 5 5 4 5 5 5 4 9 5 5
2 2 2 2 2 2 2 2 2 6 2
2 2 2 2 2 2 2 2 6 2 2
12 12 12 12 12 12 12 12 12 12 12 12 12 12 12 12 12
6 0 4 0 4 0 0 0 0 4 4
13 13 13 13 13 13 13 13 13 13 13 13 13 13 13 13 13 13 13 13 13 13 13 13 13 13 13 13 13 13 13 13
12 12 12 12 12 12 12 12 12 12 12 12 12 12 12 12 12
2 2 2 4 4 2 4 5 4 2
0 0 0 0 0 0 0
0 0 0 0 0 0 0
0 0 0 0 0 0 0
2 2 2 2 4 4 5 2 4 4
2 2 14 14 14 14 14 14 14 14 2 14 14 2 2 2 14 14 14 2 14 14 2 14 2 14 14 14 44 14 14 2 14 14 14 2 14 14 14 14 2 14 2 2 2 14
5 5 5 6 6 6 5 5 6 5 6 6 5 11 6 5 6 5 6 6
5 2 2 2 2 5 2 2 2 2
0 0 0 0 0 0 0
0 0 0 0 0 0 0
2 0 2 0 2 0 0 2 2 2 12 2 2 0 0 2 2
0 2 2 2 2 2 2 2 0 2 21 2 2 2 2 2
7 3 20 7 4 7 3 0 0 4 3 3 0 3 0 3 0 4 3 4 0 3
2 6 2 2 2 2 2 2 2 2 2
0 0 0 0 0 0 0
7 2 2 3 7 2 7 2 2
0 0 0 0 0 0 0 19 0 0 0 0 0
2 2 4 4 1 4 4 4 4 25 2 0 0 4 0 5 2 2 0 2 4 4 4
0 4 0 4 4 0 6 0 0 0 4
2 1 0 1 0 2 0 2 2 1 0 0 1 1 1 0 1 1 18
1 3 0 0 1 9 0 1 1 0 1 1 0 1
3 3 3 3 3 3 3 3 3
0 0 0 0 0 0 0
0 0 0 0 0 0 0
15 14 14 15 14 14 14 15 22 22 14 14 15 15 15 14 14 15 14 22 15 14 22 15 14 22 14 15 22 14 14 14 15 14 14 14 15 28 22 15 14 22 15 14 22 22 15 15 14 15 14
1 1 1 1 1 1 1 1
0 0 0 0 0 0 0
2 10 2 1 2 2 1 2 2 1 2 0 2 3 1 1 2 1
4 2 2 4 2 4 2 4 5 2
1 1 1 1 1 1 1 1
4 0 4 4 7 0 7
4 4 1 2 4 2 2 4 4 2 2 2 27 7 2 4 2 2 2 2 2 2 2 2 2 2 4 7 2 2 4 2 2 2 2 2
15 15 15 15 15 15 15 15 15 15 15 15 15 15 15 15 15 15 15 15 15 15 15 15 15 15 15 15 15 15
10 10 10 10 10 10 10 10 10 10 10 10 10 10 10 10 10 10
12 12 12 12 12 12 12 12 12 12 12 12 12 12 12 12 12
2 1 1 1 10 2 1 2 2 1 2 2 2 1 2 2 1 2
6 4 0 0 0 4 0 4 4 0 0
4 16 0 16 4 16 16 16 0 16 16 4 16 0 16 32 16 4 16 0 16 4 4 16 0 4 0 16 4
2 0 0 0 2 8 0 0 0 2 2 2
0 0 0 0 0 0 0
0 0 0 0 0 0 0
0 0 0 0 0 0 0
2 7 2 4 4 0 4 4 2 2 4 0 2 2 2 4 4 2 30 2 2 7 2 2 7 4 2
2 3 7 7 7 2 2 2 2
5 5 5 5 5 5 5 5 5 5
0 0 0 0 0 0 0
5 5 5 5 5 5 5 5 5 5
6 0 2 2 2 2 0 0 0 2 2
0 0 0 0 0 0 0
6 4 0 0 4 0 4 0 4 0 0
7 4 4 1 4 7 4 7
0 2 0 0 12 0 2 0 0 2 1 2 2 2 2 2 2
0 0 0 0 0 0 0
3 3 3 3 3 3 3 3 3
0 0 0 0 0 0 0
0 0 0 0 0 0 0
2 7 23 7 7 2 2 2 6 2 4
0 0 0 0 0 0 0
0 0 0 0 0 0 0
6 0 0 4 4 0 0 4 0 0 4
1 1 7 1 1 1 7 6 7 1 1
3 3 3 3 3 3 3 3 3
0 0 0 0 0 0 0
16 2 2 4 4 2 2 2 2 4 2 2 2 2 4
15 15 15 15 15 15 15 15 15 15 15 15 15 15 15 15 15 15 15 15 15 15 15 15 15 15 15 15 15 15
1 1 1 1 1 1 1 1
0 0 0 0 0 0 0
2 3 3 3 9 5 2 3 0 3 2 2 3 3
1 1 1 1 1 1 1 1
0 0 0 0 0 0 0
1 2 2 1 1 8 1 1 2 1 2 8
0 0 0 0 0 0 0
9 2 4 2 2 4 4 4 2 4 4 4 2 4
7 0 7 7 7 7 7
4 2 2 7 2 7 2 7 4 4 19 2 4
0 2 2 0 2 2 2 6 2 2 2
1 1 1 1 1 1 1 1
0 0 0 0 0 0 0
1 2 2 1 1 8 1 1 2 1 2 8
2 2 2 2 2 2 2 2 6 2 2
0 0 0 0 0 0 0
1 1 1 1 1 1 1 1
4 4 7 2 4 26 4 4 4 2 4 4 2 4 4 2 7 2 4 4 7
0 0 0 0 0 0 0
0 0 0 0 0 0 0
0 0 0 0 0 0 0
4 2 4 2 2 5 4 4 2 2
0 0 0 0 0 0 0
2 0 0 0 0 2 2 8 2 0 2 0
2 2 7 0 4 2 2 4 8 7 4 2
1 1 7 1 1 6 7 1 7 1 1
2 5 2 2 9 0 0 0 0 6 0 0 0 9
0 0 0 0 0 0 0
0 0 0 0 0 0 0
1 1 1 1 1 1 1 1
15 15 15 15 15 15 15 15 15 15 15 15 15 15 15 15 15 15 15 15 15 15 15 15 15 15 15 15 15 15
0 0 0 0 0 0 0
3 3 3 3 3 3 3 3 3
0 0 0 0 0 0 0
2 2 2 2 2 2 2 6 2 2 2
1 1 1 1 1 1 1 1
0 0 19 0 0 0 0 0 0 0 0 0 0
0 0 0 0 0 0 0
1 1 1 1 1 1 1 1
16 16 16 16 16 16 16 16 16 16 16 16 16 16 16
0 0 0 0 0 0 0
1 1 1 1 1 1 1 1
0 0 0 0 0 0 0
6 6 6 6 6 6 6 6 6 6 6
7 7 0 0 2 0 2 7 9 0 2 6 2 0
0 0 0 0 0 0 0
0 0 0 0 0 0 0
4 4 4 1 4 1 4 4
5 5 5 5 5 5 5 5 5 5
0 0 0 0 0 0 0
2 2 1 2 1 2 1 1 1 2 19 1 1
15 14 14 15 14 14 14 15 22 22 14 14 15 15 15 14 14 15 14 22 15 14 22 15 14 22 14 15 22 14 14 14 15 14 14 14 15 28 22 15 14 22 15 14 22 22 15 15 14 15 14
2 2 2 2 2 2 2 2 6 2 2
10 10 10 10 10 10 10 10 10 10 10 10 10 10 10 10 10 10
4 7 7 1 7 4 4 4
1 1 1 1 1 1 1 1
0 0 0 0 0 0 0
6 6 4 4 1 1 1 1 1 4 1
5 5 5 5 5 5 5 5 5 5
0 0 0 0 0 0 0
1 1 1 1 1 1 1 1
2 2 2 16 4 4 2 4 2 2 4 2 2 2 2
2 2 0 2 0 0 0 6 2 0 6
5 2 2 4 2 2 4 4 4 2
0 0 0 0 0 0 0
0 0 0 0 0 0 0
1 1 1 1 16 1 1 1 1 1 1 1 1 1 1
4 4 2 2 4 5 2 2 4 2
4 4 4 6 7 7 7 7 4 7 7
0 0 0 0 0 6 4 4 0 4 4
1 1 1 1 1 1 1 1
0 0 0 0 0 0 0
6 4 0 0 0 4 0 0 4 4 0
1 1 1 1 1 1 1 1
4 4 3 4 4 4 4 4 4
2 4 4 2 5 4 2 4 2 2
0 0 0 0 0 0 0
0 0 0 0 0 0 0
5 5 5 5 5 5 5 5 5 5
16 16 16 16 16 16 16 16 16 16 16 16 16 16 16
5 5 5 5 5 5 5 5 5 5
0 0 0 0 0 0 0
2 2 1 4 2 3 2 1 2 2 2 2 4 6 1 3 2 4 2 2 2 1 2 2 34 1
0 0 0 0 0 0 0
10 10 10 10 10 10 10 10 10 10 10 10 10 10 10 10 10 10
4 4 4 0 4 7 7 4 4 4 7 7 9 7
2 7 2 2 0 0 2 7 0 2 7 30 2 4 2 2 7 0 7 0 4 2 4 0 2 7 4
4 2 2 4 4 4 2 4 4 9 4 2 4 2
1 1 1 1 1 1 1 1
1 1 1 1 1 1 1 1
3 2 2 2 7 7 7 2 2
1 1 1 1 1 1 1 1
3 3 3 3 3 3 3 3 3
0 0 0 0 0 0 0
2 2 7 7 7 2 3 2 2
0 0 0 0 0 0 0
1 1 1 1 1 1 1 1
1 1 1 1 1 1 1 1
10 14 10 14 47 14 14 10 14 14 37 25 13 14 18 10 10 14 10 18 14 14 10 18 14 14 14 14 47 13 14 10 14 14 14 13 10 13 14 10 14 14 13 18 10 14 14
0 0 0 0 0 0 0
3 3 3 3 3 3 3 3 3
0 0 0 0 0 0 0
0 0 0 0 0 0 0
2 2 2 2 1 23 23 2
10 10 10 10 10 10 10 10 10 10 10 10 10 10 10 10 10 10
0 0 0 0 0 0 0
10 10 10 10 10 10 10 10 10 10 10 10 10 10 10 10 10 10
2 2 2 4 4 3 2 3 4
8 8 8 8 8 8 8 8 8 8 8 8
0 0 0 0 0 0 0 0 0 19 0 0 0
2 4 2 26 0 2 4 2 0 4 4 4 2 2 4 4 2 2 2 2 0
5 15 14 5 14 15 14 14 14 15 22 22 14 14 15 15 15 14 14 5 15 5 14 22 15 5 5 14 22 15 14 5 50 14 15 50 14 14 14 15 14 14 14 15 28 22 15 14 22 15 14 22 22 15 15 14 15 14 5
1 1 1 1 1 1 1 1
16 16 16 16 16 16 16 16 16 16 16 16 16 16 16
2 4 2 2 5 2 2 4 4 4
0 0 0 0 0 0 0
0 0 0 0 0 0 0
0 4 2 4 2 2 11 12 2 2 0 4 2 2 2 2 3 2 3 2
5 16 2 2 5 2 2 5 5 5 5 5 5 2 5
3 3 3 3 3 3 3 3 3
6 2 2 2 2 2 2 2 2 2 2
0 0 0 0 0 0 0
8 8 8 8 8 8 8 8 8 8 8 8
16 16 16 16 16 16 16 16 16 16 16 16 16 16 16
15 15 15 15 15 15 15 15 15 15 15 15 15 15 15 15 15 15 15 15 15 15 15 15 15 15 15 15 15 15
5 5 5 5 5 5 5 5 5 5
5 2 2 4 4 2 2 4 4 2
0 7 0 0 5 7 0 0 7 0
2 0 2 2 2 12 2 0 2 0 2 2 0 2 0 2 0
16 15 16 15 16 33 15 16 15 15 15 15 16 15 15 16 15 16 15 16 15 16 15 15 16 15 16 16 15 15 15 15 15 15 15 33 15 15 15 15 16 15 15
4 7 1 4 7 7 4 4
0 0 0 0 0 0 0
1 1 1 8 4 4 4 4 1 1 1 1
7 5 7 7 7 7 7 7 7 7
0 0 0 0 0 0 0
0 0 0 0 0 0 0
2 2 2 4 2 4 4 2 5 4
1 1 1 1 1 1 1 1
0 0 0 0 0 0 0
2 6 2 2 2 2 2 2 2 2 2
4 0 2 2 4 0 0 4 2 4 4 0 2 4 2 2 4 2 2 2 4 4 2 2 2 2 4 0 4 0 4 2 2 28
2 7 2 7 3 2 2 2 7
5 4 2 2 2 2 2 4 4 4
1 1 1 1 1 1 1 1
15 14 14 15 14 14 14 15 22 22 14 14 15 15 15 14 14 15 14 22 15 14 22 15 14 22 14 15 22 14 14 14 15 14 14 14 15 28 22 15 14 22 15 14 22 22 15 15 14 15 14
4 0 4 6 0 4 0 4 0 0 0
0 0 0 0 0 0 0
4 4 4 4 4 4 4 4 3
13 13 13 13 13 13 13 13 13 13 13 13 13 13 13 13 13 13 13 13 13 13 13 13 13 13 13 13 13 13 13 13
2 2 2 8 2 0 0 0 0 2 0 0
2 3 2 2 2 2 3 3 2
0 0 0 0 0 0 0
3 3 3 3 3 3 3 3 3
0 0 0 0 0 0 0
2 2 0 2 4 3 3 4 2
0 0 0 0 0 0 0
4 2 4 10 2 2 2 2 2 2 2 2 2 7 7 7 4 4
0 0 0 0 0 0 0
3 3 3 3 3 3 3 3 3
0 0 0 0 0 0 0
1 1 1 1 1 1 1 1
12 12 12 12 12 12 12 12 12 12 12 12 12 12 12 12 12
4 5 2 2 4 2 2 4 2 4
10 2 3 4 0 0 3 3 3 4 3 0 2 3 4 3 2 3
2 5 2 2 2 5 2 2 2 2
10 12 16 25 12 12 10 18 39 18 12 16 10 16 10 16 10 16 16 10 16 12 10 12 16 10 10 16 25 16 16 16 10 10 12 12 10 12 16 12 18 18 16 18 10 10 10 12
4 4 18 6 8 6 4 6 4 2 6 4 4 4 6 6 6 6 6
10 10 10 10 10 10 10 10 10 10 10 10 10 10 10 10 10 10
3 3 3 3 3 3 3 3 3
2 2 2 2 2 2 2 2 2 2 6
15 14 14 15 14 14 14 15 22 14 14 14 15 15 15 14 14 15 14 22 15 14 22 15 14 22 14 15 22 14 14 22 15 14 14 14 15 28 22 15 14 22 15 14 22 22 15 15 14 15 14
2 2 2 2 2 6 2 2 2 2 2
2 4 2 2 4 2 4 5 4 2
0 0 0 0 0 0 0
2 5 2 9 9 5 2 5 5 5 5 5 5 2
0 0 2 0 2 26 0 0 0 0 0 0 7 7 7 0 0 2 1 2 0
0 4 4 0 4 0 0
2 18 3 0 3 9 0 2 2 2 3 3 0 2 0 3 3 0 3
3 3 2 3 9 2 3 2 3 2 3 3 3 2
0 0 0 0 0 0 0
10 10 10 4 10 4 10 4 10 10 10 10 10 10 10 4 10 10 10 10 20 10
2 8 2 0 0 0 2 0 2 0 2 0
7 2 2 2 4 2 2 0 2 2 2 2 2 4 2 2 7 2 4 25 2 2 7
1 1 1 1 1 1 1 1
0 4 0 4 0 4 4
3 3 4 3 16 3 3 4 4 4 4 6 3 4 6
4 0 5 0 0 5 4 0 4 0
10 10 10 10 10 10 10 10 10 10 10 10 10 10 10 10 10 10
0 0 0 0 0 0 0
0 2 2 8 0 2 0 2 0 2 0 0
2 5 4 2 4 4 4 2 2 2
0 0 0 0 0 0 0
0 0 0 0 0 0 0
0 0 0 0 0 0 0
7 2 2 7 2 7 2 3 2
13 13 13 13 13 13 13 13 13 13 13 13 13 13 13 13 13 13 13 13 13 13 13 13 13 13 13 13 13 13 13 13
3 3 3 3 3 3 3 3 3
0 4 4 0 0 6 4 0 4 0 0
4 4 4 4 7 4 4 4 7 8 7 4
2 2 1 1 2 2 2 1 19 1 1 1 1
2 2 6 2 2 2 2 2 2 2 2
4 2 3 3 2 2 2 4 4
5 5 5 5 5 5 5 5 5 5
0 8 2 2 2 0 0 2 0 2 0 0
1 1 1 1 1 1 1 1
2 3 8 0 0 0 0 0 0 2 2 0
0 8 0 8 12 2 8 8 0 2 3 2 2 2 2 8 0 8 36 2 2 3 8 8 2 0 2 2 2 8 2 2 2 8 2 2 2 0 2 0
0 0 0 0 0 0 0
2 2 4 2 2 4 2 5 4 4
4 0 0 0 4 4 4 0 0 6 0
0 0 0 0 0 0 0
2 2 2 6 2 2 2 2 2 2 2
7 7 4 1 4 7 4 4
0 0 0 0 0 0 0
1 2 2 2 1 2 2 2 2 0 2 2 2 2 1 2 2 1 2 2 2 1 0 6 2 1 1 28 2 2 0 2 1 1
10 10 14 37 0 10 14 14 14 49 0 10 14 14 11 10 10 14 14 10 10 14 0 10 10 14 14 10 11 10 0 14 14 14 37 14 0 10 14 14 14 14 14 0 14 14 14 11 14 14 14 14 11 14
2 3 2 2 2 2 2 3 2 2 2 2 2 9
2 2 2 2 2 2 2 2 2 2 6
13 13 13 13 13 13 13 13 13 13 13 13 13 13 13 13 13 13 13 13 13 13 13 13 13 13 13 13 13 13 13 13
0 0 0 0 0 0 0
4 4 2 2 4 5 2 4 2 2
0 0 0 0 0 0 0
0 0 0 0 0 0 0
1 1 1 1 1 1 1 1
0 1 1 1 0 0 0 1 9 1 0 1 1 0
10 10 10 20 8 28 10 8 28 24 10 9 6 21 28 8 12 8 19 28 18 8 18 6 28 18 8 10 8 11 18 24 18 6
4 3 4 3 1 3 4 4 0 3 4 4 3 3 3 11 3 0 3 4
6 6 6 6 6 6 6 6 6 6 6
9 9 9 9 9 9 9 9 9 9 9 9 9 9
6 6 6 6 6 6 6 6 6 6 6
6 6 7 6 7 6 6 6 6 6 6 6 9 7
8 8 8 8 8 8 8 8 8 8 8 8
5 5 5 5 5 5 5 5 5 5
1 1 1 1 1 1 1 1
0 2 0 0 0 0 2
3 3 3 3 3 3 3 3 3
6 6 6 6 6 6 6 6 6 6 6
12 12 12 12 12 12 12 12 12 12 12 12 12 12 12 12 12
1 1 1 1 1 1 1 1
5 16 16 5 5 5 5 5 3 6 6 16 16 3 3
1 1 1 1 1 1 1 1
11 11 11 11 11 11 11 11 11 11 11 11 11 11 11 11 11 11 11 11
1 1 1 1 1 1 1 1
1 1 1 1 1 1 1 1
6 6 6 6 6 6 6 6 6 6 6
4 2 2 5 4 2 4 4 2 2
11 11 26 9 11 24 16 24 11 11 24 11 11 24 24 11 9 11 24 11 24 24 9 24 9
0 0 0 0 0 0 0
0 0 0 0 0 0 0
3 3 3 3 3 3 3 3 3
3 4 4 4 4 4 4 4 4
3 3 3 3 3 3 3 3 3
1 1 1 1 1 1 1 1
0 0 0 0 0 0 0
0 0 0 0 0 0 0
0 0 0 0 0 0 0
3 5 5 5 3 5 5 5 5 5
5 5 5 5 5 5 5 5 5 5
3 3 3 3 3 3 3 3 3
1 1 1 1 1 1 1 1
6 6 6 6 6 6 6 6 6 6 6
10 35 25 6 12 20 10 10 26 1 12 10 12 26 18 3 18 10 10 10 33 10 12 1 1 1 10 10 11 10 3 1 12 15 12 12 11 25 3 24 25 10 10
11 11 10 1 31 10 9 12 16 11 13 32 12 24 12 13 10 32 10 1 11 11 11 1 11 11 19 10 9 39 12 14 14 46 12 24 11 10 2 12 0 49 12 14 24 0 24 9 20 41 10 24 10 18
4 6 7 19 6 3 4 19 7 6 19 19 4 19 7 4 3 19 11 6
0 0 0 0 0 0 0
3 3 3 3 3 3 3 3 3
12 6 6 6 6 3 3 3 6 3 3 6 12 3 6 12 6
18 18 18 18 18 18 18 18 18 18 18 18 18 18 18 18 18 18 18
8 8 8 8 8 8 8 8 8 8 8 8
0 0 0 0 0 0 0
5 5 4 4 19 5 5 19 5 4 5 5 5
0 0 0 0 0 0 0
11 11 10 29 10 11 18 10 11 18 10 10 11 11 11 18 14 14 14 14 11 11 10 11 14 14 11 11 18 14 10
1 1 1 1 1 1 1 1
0 0 0 0 0 0 0
1 1 0 1 1 2 1 0
4 2 0 0 2 0 0
3 3 3 3 3 3 3 3 3
0 0 0 0 0 0 0
1 1 1 1 1 1 1 1
1 1 1 1 1 16 1 1 1 1 1 1 1 1 1
5 5 1 1 0 5 1 5 5 0
1 1 1 1 1 1 1 1
6 0 0 0 6 6 0 6 6 6 12 0 6 6 6 0 6
3 3 3 3 3 3 3 3 3
6 19 6 6 16 35 8 16 6 10 1 0 16 8 16 6 29 16 6 6 16 6 14 6 6 6 19 0 16 6 16 16 37 6 1
1 4 1 4 1 1 1 4 1 8 4 1
3 3 3 3 3 3 3 3 3
5 7 0 7 0 0 0 0 7 0
1 1 1 1 1 1 1 1
2 3 1 3 3 1 3 3 2 1 1 3 26 1 3 1 2 2 1 3 2
3 3 3 3 3 3 3 3 3
12 12 12 12 12 12 12 12 12 12 12 12 12 12 12 12 12
5 5 4 4 19 5 5 19 5 4 5 5 5
0 0 0 0 0 0 0
8 8 8 8 8 8 8 8 8 8 8 8
0 0 0 0 0 0 0 0 0 0 0 0 19
1 4 2 8 4 1 2 2 1 4 2 4
8 8 25 19 8 8 19 8 8 8 8 8 8 8 8 8 8 8 9 8 8 8 8
2 0 0 8 0 2 0 2 0 2 2 0
1 1 1 1 1 1 1 1
0 0 9 0 3 3 3 3 0 9 3 3 0 3
9 3 3 3 3 3 3 9 9 3 9 3 3 3
1 21 21 6 5 1 5 5 6 1 5 1 5 6 1 6
19 5 5 5 26 9 5 5 5 5 5 5 5 5 5 2 5 2 5 5 19
0 0 0 0 0 0 0
1 1 1 1 1 1 1 1
7 0 9 5 12 7 5 0 0 5 5 5 7 9 0 5 5
1 1 1 1 1 1 1 1
1 1 1 1 1 1 1 1
8 3 3 3 3 0 3 3 0 0 8 3 16 3 3
3 3 3 3 3 3 3 3 3
3 3 3 3 3 3 3 3 3
1 3 8 3 3 1 8 8 8 1 8 3
4 4 7 4 4 1 7 7
3 3 3 3 3 3 3 3 3
0 0 2 2 0 19 2 2 1 0 0 19 1
3 3 3 3 3 3 3 3 3
9 9 9 9 9 9 9 9 9 9 9 9 9 9
1 1 1 1 1 1 1 1
1 1 1 1 1 3 1 1 3 1 1 1 1 1 1 1 1 20 1 1 1 1
2 2 8 0 2 0 2 0 4 2 2 2
1 1 0 0 1 19 19 0 0 1 1 1 0
7 0 0 0 0 7 7 0 5 0
0 0 0 0 0 0 0
3 2 2 2 2 9 3 3 3 3 3 3 3 2
0 0 0 0 19 0 0 0 0 0 0 0 0
1 1 1 1 1 1 1 1
5 5 5 5 5 5 5 5 5 5
6 6 6 6 6 6 6 6 6 6 6
2 4 0 0 0 2 0
0 0 0 0 0 0 0
1 1 1 1 10 6 0 0 1 1 6 1 1 1 1 0 6 1
11 11 11 11 11 11 11 11 11 11 11 11 11 11 11 11 11 11 11 11
3 3 3 3 3 3 3 3 3
12 12 12 12 12 12 12 12 12 12 12 12 12 12 12 12 12
0 0 38 6 0 0 7 0 7 0 7
12 12 12 12 12 12 12 12 12 12 12 12 12 12 12 12 12
3 3 3 3 3 3 3 3 3
3 3 3 3 3 3 3 3 3
0 0 2 2 2 0 2 0 8 0 0 2
0 0 0 0 0 0 0
0 0 0 0 0 0 0
0 0 0 0 0 0 0
3 3 3 3 3 3 3 3 3
9 9 9 9 9 9 9 9 9 9 9 9 9 9
0 0 0 0 0 0 0
18 18 18 18 18 18 18 18 18 18 18 18 18 18 18 18 18 18 18
0 0 0 0 0 0 0
4 0 4 4 4 0 0
3 3 3 3 3 3 3 3 3
0 0 0 0 0 0 0
5 5 5 5 5 5 5 5 5 5
5 1 5 1 2 5 1 2 5 1
3 3 3 3 3 3 3 3 3
11 11 11 11 11 11 11 11 11 11 11 11 11 11 11 11 11 11 11 11
0 0 0 0 0 0 0
8 8 8 8 8 8 8 8 8 8 8 8
1 1 1 1 1 1 1 1
3 3 3 3 3 3 3 3 3
3 3 3 3 3 3 3 3 3
0 1 0 19 1 1 1 1 0 0 19 1 0
4 4 3 3 3 4 7 21 3 3 3 3 3 7 4 7
21 6 2 6 2 6 2 2 1 6 6 6 6 6 8 8
1 1 1 1 1 1 1 1
19 16 19 16 16 16 16 19 19 16 16 16 6 16 6
0 7 5 0 0 7 0 7 0 0
3 3 3 3 3 3 3 3 3
1 1 8 6 10 6 6 1 6 1 5 6 6 1 6 6 1 8
3 16 3 3 5 5 5 3 9 16 5 16 3 5 3
18 18 18 18 18 18 18 18 18 18 18 18 18 18 18 18 18 18 18
0 0 9 1 1 1 1 1 0 0 1 0 0 1
1 0 1 1 32 1 7 0 1 2 1 1 0 1 1 0 1 2 1 1 2 0 1 0 1 2 7 2 7
30 3 0 1 3 6 6 0 0 0 6 6 6 5 0 1 19 21 3 0 30 1 1 6 6 6 0
9 9 9 9 9 9 9 9 9 9 9 9 9 9
1 1 1 1 1 1 1 1
2 7 7 7 3 2 2 2 2
0 0 0 0 0 0 0
1 1 1 1 1 1 1 1
0 0 0 0 0 0 0
6 6 6 6 6 6 6 6 6 6 6
0 0 0 0 0 0 0
1 1 1 1 1 1 1 1
1 1 1 1 1 1 1 1
1 1 1 1 1 1 1 1
11 11 11 11 11 11 11 11 11 11 11 11 11 11 11 11 11 11 11 11
1 1 1 1 1 1 1 1
0 0 0 0 0 0 0
4 0 0 4 0 0 4 6 0 4 0
0 4 0 2 0 4 2 2 4 0 0 0 4 2 2 21
11 11 11 11 11 11 11 11 11 11 11 11 11 11 11 11 11 11 11 11
1 1 1 1 19 1 1 1 19 1 19 1 1
3 3 3 3 3 3 3 3 3
3 3 0 0 3 0 3 3 9 9 3 0 0 3
4 19 3 3 4 3 3 3 3 4 3 4 3
9 5 5 2 0 2 0 2 0 9 0 2 0 0
0 0 0 0 0 0 0
1 1 1 1 1 1 1 1
3 3 3 3 3 3 3 3 3
5 5 5 5 5 5 5 5 5 5
2 6 2 2 2 2 2 2 2 2 2
3 3 3 3 3 3 3 3 3
11 1 11 11 2 11 11 4 11 11 11 11 2 11 11 2 1 30 11 2 11 11 11 11 26 11 11
5 5 5 5 5 5 5 5 5 5
3 3 9 3 2 0 10 2 3 0 3 0 0 2 3 3 2 6
18 18 18 18 18 18 18 18 18 18 18 18 18 18 18 18 18 18 18
7 7 7 7 7 0 7
12 12 2 1 11 1 1 1 12 2 12 2 8 12 1 1 8 1 1 12 1 12 1 1 1 48 2 12 11 1 1 1 12 11 1 2 12 2 1 0 19 12 1 1 0 1 12 1 12 1
0 0 0 0 0 0 0
6 8 2 5 0 3 1 2 3 2 1 8
8 8 8 8 8 8 8 8 8 8 8 8
0 0 0 0 0 0 0
5 5 5 5 5 5 5 5 5 5
1 1 1 1 1 1 1 1
10 10 10 10 10 10 10 10 10 10 10 10 10 10 10 10 10 10
3 3 3 3 3 3 3 3 3
3 3 3 3 3 3 3 3 3
12 12 12 12 12 12 12 12 12 12 12 12 12 12 12 12 12
5 5 5 5 5 5 5 5 5 5
5 5 5 5 5 5 5 5 5 5
0 0 0 0 0 0 0
5 5 5 5 9 9 5 2 5 2 5 2 5 2
1 1 1 1 1 1 1 1
19 1 1 1 1 2 1 2 1 2 1 2 2
0 0 0 0 0 0 0
3 3 3 3 3 3 3 3 3
12 12 12 12 12 12 12 12 12 12 12 12 12 12 12 12 12
4 1 4 1 1 1 8 1 4 4 1 1
0 0 0 0 0 0 0
3 3 3 3 3 3 3 3 3
0 0 1 0 8 8 1 8 1 1 1 0
4 1 1 4 7 16 1 7 4 4 1 1 7 1 1
1 5 5 6 5 18 1 1 0 5 6 5 5 0 0 1 18 5 5
10 36 20 12 10 10 0 11 20 7 12 10 12 11 10 10 10 10 35 10 0 12 10 7 10 10 18 10 12 12 11 3 18 0 12 31 10 10 7 10
4 0 0 4 0 0 0 4 6 0 4
3 3 3 3 3 3 3 3 3
1 1 1 1 1 1 1 1
1 1 1 1 1 1 1 1
3 3 3 3 3 3 3 3 3
0 0 0 0 0 0 0
1 1 1 1 1 1 1 1
5 5 5 5 5 5 5 5 5 5
8 8 8 8 8 8 4 8 4 8 8 8 4 4 8 21
1 2 1 1 1 2 19 2 2 1 1 1 2
0 0 0 0 0 0 0
3 3 3 3 3 3 3 3 3
5 5 5 5 5 5 5 5 5 5
3 3 3 3 3 3 3 3 3
6 14 11 10 31 3 10 9 6 5 57 28 55 18 6 5 6 9 28 10 3 6 26 20 27 18 14 9 5 6 6 11 1 14 20 27 1 18 9 1 18 3 1 11 5 14 53 21 18 21 5 10 16 18 5 11 41 5 6 1 14 27 5 18 24 18 14 34 16 18 34 11 16 6 20 11 18 18
2 0 4 0 26 0 0 0 0 4 2 2 8 2 2 4 4 4 0 2 2
0 0 0 0 0 0 0
5 1 44 3 4 7 4 0 2 7 1 0 4 2 4 1 8 5 0 8 1 7 0 1 0 4 4 0 2 0 4 4 0 1 0 0 1 7 7 4 1 2 1 0 5 4
0 0 0 0 0 0 0
4 4 4 4 4 4 4 4 19 4 4 4 4
6 3 4 3 0 3 4 6 9 3 6 4 31 6 3 0 3 0 6 6 3 4 0 6 6 0 6 6
1 1 1 1 1 1 1 1
9 1 9 2 1 2 2 9 1 2 2 2 1 9
0 0 0 0 0 0 0
6 6 6 6 6 6 6 6 6 6 6
9 9 9 9 9 9 9 9 9 9 9 9 9 9
1 1 1 1 1 1 1 1
8 4 8 8 4 8 8 8 4 8 8 8 21 8 8 4
2 2 6 0 0 2 2 2 2 2 2
1 1 1 1 1 1 1 1
19 5 5 5 5 5 4 5 19 5 4 4 5
3 3 3 4 19 3 3 4 3 3 4 3 4
5 5 5 5 5 5 5 5 5 5
0 0 0 0 0 0 0
1 1 1 1 1 1 1 1
0 4 0 0 4 0 0 6 4 4 0
11 11 11 11 11 11 11 11 11 11 11 11 11 11 11 11 11 11 11 11
0 0 0 0 0 0 0
10 10 10 10 10 10 10 10 10 10 10 10 10 10 10 10 10 10
14 11 11 11 18 14 14 14 11 14 18 18 11 11 14 18 18 18 11 11 11 14 18 11 14 26 18 11 11 18 18
6 6 6 6 6 6 6 6 6 6 6
2 6 0 6 6 1 6 6 0 1 1
3 3 3 3 3 3 3 3 3
1 2 1 2 2 1 2 1 1 1 2 19 1
3 2 7 2 7 2 2 7 2
1 1 1 1 1 1 1 1
0 0 0 0 0 0 0
9 5 5 2 0 2 0 2 0 9 0 2 0 0
14 11 26 9 11 18 18 16 27 14 11 27 18 9 27 11 11 27 18 11 9 18 11 24 11 27 18 24 27 34 18 11 9 18 18 18
0 0 0 0 0 0 0
6 6 6 6 6 6 6 6 6 6 6
0 0 0 0 0 0 0
6 6 6 6 6 6 6 6 6 6 6
0 0 0 0 0 0 0
1 1 1 1 1 1 1 1
0 0 0 0 0 0 0
0 0 0 0 0 0 0
3 3 3 3 3 3 3 3 3
0 0 0 0 0 0 0
10 10 12 14 8 0 43 10 6 8 20 6 12 43 39 6 32 6 21 6 18 12 0 24 3 12 10 9 10 19 42 12 6 10 10 24 16 12 8 10 12 32 10 0 35 6 6 20
1 0 3 5 3 0 3 4 0 0 3 3 1 4 3 0 0 0 4 3 1 2 0 3 3 3 5 3 16 33 0 0 16 3 4 6 3 3 2 2 0 0 3
0 0 0 0 0 0 0
12 12 12 12 12 12 12 12 12 12 12 12 12 12 12 12 12
0 0 0 0 0 0 0
1 1 1 1 1 1 1 1
1 0 1 6 6 0 6 1 0 6 1
10 10 10 10 10 10 10 10 10 10 10 10 10 10 10 10 10 10
1 1 1 1 1 1 1 1
2 2 12 0 2 2 2 0 2 0 2 0 0 0 2 2 2
0 0 0 0 0 0 0
3 3 9 3 0 9 3 3 0 3 0 3 0 0
10 6 12 16 18 10 12 12 18 3 10 25 12 25 12 10 3 12 5 12 10 3 25
3 4 3 4 3 3 4 3 3 3 4 3 19
9 9 3 3 20 3 9 3 3 9 9 9 9 3 3 9 9 9 3 9 9 9
0 0 0 0 0 0 0
3 3 3 3 3 3 3 3 3
2 2 0 2 0 0 2 2 8 0 0 0
3 3 3 3 3 3 3 3 3
0 3 1 3 3 0 0 3 5 3 0 16 0 3 3
3 3 3 3 3 3 3 3 3
9 1 1 5 1 1 5 1 2 1 15 1 2 1 1 1 5 5 2 2 5 1 1 9 5 1 1 15 1 1
3 3 3 3 3 3 3 3 3
6 6 6 6 6 6 6 6 6 6 6
5 2 4 2 2 4 4 2 2 4
12 12 12 12 12 12 12 12 12 12 12 12 12 12 12 12 12
1 1 1 1 1 1 1 1
3 3 3 3 3 3 3 3 3
5 1 5 19 5 5 19 1 19 5 1 19 19
0 0 0 0 0 0 0
3 2 7 2 7 2 7 2 2
0 0 19 1 0 1 1 1 0 0 1 19 1
1 1 1 1 1 1 1 1
5 5 5 5 5 5 5 5 5 5
3 3 3 3 3 3 3 3 3
5 5 5 5 5 5 5 5 5 5
2 7 2 2 7 7 2 3 2
1 1 1 1 1 1 1 1
1 1 1 1 1 1 1 1
0 0 8 0 2 2 0 2 2 0 2 0
10 0 0 1 0 0 1 4 1 0 0 4 4 1 1 4 1 1
0 0 0 0 0 0 0
1 1 1 19 2 4 4 1 1 7 1 2 1
8 2 0 2 2 0 0 1 0 0 2 0
10 11 11 20 12 51 12 11 10 10 11 26 12 18 12 10 26 10 4 10 10 12 11 10 10 8 26 12 10 10 12 44 10 29 8 29 12 19 26 11 12 4 42 11 8 31 11 4 29 26 12 26 18 31 12 14 12 25 10 26 12 8 10
1 1 1 1 1 1 1 1
1 1 1 1 1 1 1 1
0 1 19 0 1 1 1 1 0 1 0 19 0
0 0 0 0 0 0 0
5 5 5 5 5 5 5 5 5 5
10 10 10 10 10 1 10 10 10 10 10 18 10 10 1 10 10 1 1 1 10 3 10 1 24
0 0 0 0 0 0 0
6 3 6 3 25 1 1 1 1 5 2 3 3 3 1 19 3 6 19 3 6 3 9
1 1 1 1 1 1 1 1
5 5 5 5 5 5 5 5 5 5
1 2 2 1 1 8 8 2 1 1 2 1
1 1 1 1 1 1 1 1
3 3 3 3 3 3 3 3 3
5 19 2 2 2 5 5 19 2 5 5 2 2 2 2 5 5 10
0 0 0 0 0 0 0
7 1 1 1 1 1 7 7 6 1 1
1 4 1 4 1 1 4 8 4 1 1 1
3 2 7 2 7 0 3 3 12 5 3 7 3 3 2 3 2
9 9 9 9 9 9 9 9 9 9 9 9 9 9
4 0 4 4 0 0 4
4 3 3 4 3 0 1 19 1 4 4 3 3
0 0 0 0 0 0 0
3 3 3 3 3 3 3 3 3
0 0 0 0 0 0 0
0 0 0 0 0 0 0
0 0 0 0 0 0 0
0 1 11 2 9 1 2 0 9 0 0 2 1 0 2 2 1 9 0 2
0 0 0 0 0 0 0
6 6 3 3 3 6 6 6 3 0 0
1 3 8 3 3 1 1 8 8 8 8 3
1 3 1 3 3 1 1 1 3 3 1 3 21 1 3 3
18 18 18 18 18 18 18 18 18 18 18 18 18 18 18 18 18 18 18
14 11 26 9 11 18 18 16 27 14 11 27 18 9 27 11 11 27 18 11 9 18 11 24 11 27 18 24 27 34 18 11 9 18 18 18
0 0 0 0 0 0 0
7 0 7 7 7 7 7
8 6 3 18 6 19 16 6 19 8 8 8 18 18 8 18 8 6 18
10 10 10 10 10 10 10 10 10 10 10 10 10 10 10 10 10 10
6 6 6 6 6 6 6 6 6 6 6
6 6 6 6 6 6 6 6 6 6 6
0 8 0 2 2 0 2 2 0 2 0 0
1 1 1 1 1 1 1 1
0 0 0 0 0 0 0
3 3 3 3 3 3 3 3 3
1 5 5 0 6 5 18 1 0 5 6 5 5 1 0 1 18 5 5
11 11 11 11 11 11 11 11 11 11 11 11 11 11 11 11 11 11 11 11
1 0 0 1 0 9 0 1 0 2 1 0 0 0
5 1 5 1 2 5 1 2 5 1
16 2 2 4 2 4 2 2 2 2 4 2 2 2 4
4 4 2 2 2 2 4 2 5 4
18 4 4 6 4 2 4 0 1 1 4 1 2 1 4 4 3 4 6
4 7 4 4 4 7 7 1
1 1 1 1 1 1 1 1
4 4 4 2 4 2 2 4 9 4 4 2 2 4
9 9 9 9 9 9 9 9 9 9 9 9 9 9
1 1 1 1 1 1 1 1
6 6 6 6 6 6 6 6 6 6 6
10 10 10 10 10 10 10 10 10 10 10 10 10 10 10 10 10 10
0 0 0 0 0 0 0
14 11 26 9 11 18 27 16 27 14 11 27 18 9 18 11 11 27 18 11 9 18 11 24 11 27 18 24 27 34 18 11 9 18 18 18
0 0 0 0 0 0 0
0 0 0 0 0 0 0
5 1 5 1 1 5 5 3 5 1 1 1 5 5 20 13 1 6 4 1 19 0 4 1 5 5 19 3 5 1 4 19
4 4 4 4 4 3 4 4 4
0 0 0 0 0 0 0
0 0 0 0 0 0 0
6 6 6 6 6 6 6 6 6 6 6
1 1 1 1 1 1 1 1
0 1 1 0 9 1 1 1 1 1 0 0 0 0
3 3 3 3 3 3 3 3 3
11 11 11 11 11 11 11 11 11 11 11 11 11 11 11 11 11 11 11 11
1 1 1 1 1 1 1 1
0 0 0 0 0 0 0
1 1 1 1 1 1 1 1
30 3 0 1 3 6 6 0 0 0 6 6 6 5 0 1 19 21 3 0 30 1 1 6 6 6 0
1 3 1 1 3 1 3 3 1 21 5 3 3 1 3 3
6 2 2 6 6 6 6 16 6 2 2 16 6 6 6
5 5 5 5 5 5 5 5 5 5
3 5 5 5 3 5 5 5 5 5
8 8 8 8 8 8 8 8 8 8 8 8
0 0 0 0 0 0 0
6 6 6 6 6 6 6 6 6 6 6
6 6 3 3 3 6 6 6 3 0 0
2 4 4 2 2 4 4 5 2 2
3 3 3 3 3 3 3 3 3
1 1 1 1 1 1 1 1
0 0 0 0 0 0 0
1 2 6 16 2 6 19 1 2 2 1 6 2 2 6 6 1 2 1 1 6 1 6 6 5 2 30
5 5 5 5 5 5 5 5 5 5
1 1 1 1 1 1 1 1
3 3 3 3 3 3 3 3 3
1 1 1 1 1 1 1 1
0 0 0 0 0 0 0
3 3 3 3 3 3 3 3 3
1 1 1 1 1 1 1 1
0 0 0 0 0 0 0
3 3 3 3 3 3 3 3 3
0 0 0 0 0 19 0 0 0 0 0 0 0
5 5 5 5 5 5 5 5 5 5
5 5 5 5 5 5 5 5 5 5
0 1 0 0 1 0 2 3 10 1 2 0 0 1 1 1 1 6
3 3 3 3 3 3 3 3 3
1 1 1 1 1 1 1 1
0 0 0 0 0 0 0
9 9 9 9 9 9 9 9 9 9 9 9 9 9
9 9 9 9 9 9 9 9 9 9 9 9 9 9
0 0 0 0 0 0 0
11 11 11 11 2 11 11 11 11 11 2 0 11 11 26 11 11 11 2 11 11 24 2 11 11
1 1 1 1 1 1 1 1
4 19 4 4 4 4 4 4 4 7 0 7 3
4 4 4 1 4 1 4 4
3 3 3 3 3 3 3 3 3
3 3 3 3 3 3 3 3 3
2 2 3 2 2 2 7 3 2 1 2 9 3 15 7 2 2 3 1 3 1 2 7 2 3 9 3 1 9 3
1 1 1 1 0 30 1 1 0 1 2 1 3 0 1 1 1 1 0 1 0 1 2 8 2 1 1
2 7 2 7 2 7 3 2 2
1 1 1 1 1 1 1 1
8 8 8 8 4 4 4 8 8 21 8 8 8 8 8 4
0 0 0 0 0 0 0
0 0 0 0 0 0 0
6 6 6 6 6 6 6 6 6 6 6
3 3 3 3 3 3 3 3 3
0 0 0 0 0 0 0
5 5 5 5 5 5 5 5 5 5
0 0 0 0 0 0 0
6 6 6 6 6 6 6 6 6 6 6
6 19 6 6 16 35 5 16 6 21 1 19 8 16 6 29 16 6 6 16 6 14 6 6 6 19 16 6 16 19 35 6 1
3 4 19 4 3 3 3 3 3 3 3 4 4
0 0 0 0 0 0 0
1 1 1 1 1 1 1 1
3 3 3 3 3 3 3 3 3
0 0 0 0 0 0 19 0 0 0 0 0 0
5 19 3 19 19 3 5 5 19 3 19 5 19
6 6 6 6 6 6 6 6 6 6 6
0 0 0 0 0 0 0
3 2 2 2 7 7 2 7 2
0 0 0 0 0 0 0
1 1 1 1 1 1 1 1
0 0 0 0 0 0 0
6 2 19 6 6 2 19 6 6 19 6 6 19
9 9 9 9 9 9 9 9 9 9 9 9 9 9
0 0 0 0 0 0 0
3 3 3 3 3 3 3 3 3
3 6 3 6 6 0 3 6 3 0 6 0 3 0 0 0 6 3 3 3 6 6 24 6 6
1 1 1 1 1 1 1 1
8 8 8 8 8 8 8 8 8 8 8 8
4 7 5 0 7 7 2 2 0 0
5 5 5 5 5 5 5 5 5 5
6 6 6 6 6 6 6 6 6 6 6
1 1 1 1 1 1 1 1
1 1 1 1 1 1 1 1
3 9 9 3 9 3 9 9 3 3 9 3 9 9 3 9 9 9 9 20 9 3
5 1 5 1 1 1 1 5 5 1 5 12 5 5 5 1 5
8 8 8 8 8 8 8 8 8 8 8 8
1 1 1 1 1 1 1 1
0 0 4 6 0 4 4 0 0 4 0
6 6 6 6 6 6 6 6 6 6 6
8 8 8 8 8 8 8 8 8 8 8 8
2 0 2 0 2 0 2 0 8 0 0 2
2 0 1 2 2 0 2 3 9 0 2 8 2 1 2 1 6 2 1 3 0 1 2 6 1 1 1 2 2 1 35 2 2
0 2 4 0 8 0 0 0 4 4 4 0 2 4 21 0
3 3 3 3 3 3 3 3 3
1 1 1 1 1 1 1 1
0 7 4 0 4 7 4
0 0 0 0 0 0 0
5 19 3 5 19 3 19 5 19 3 19 5 19
0 0 0 0 0 0 0
2 2 7 7 2 2 8 7 1 2 7 1
1 1 1 1 1 1 1 1
6 6 6 6 6 6 6 6 6 6 6
6 6 6 6 6 6 6 6 6 6 6
19 16 19 16 16 16 16 19 19 16 16 16 6 16 6
8 8 8 8 8 8 8 8 8 8 8 8
8 8 8 8 8 8 8 8 8 8 8 8
19 5 5 5 5 5 4 5 19 5 4 4 5
9 9 9 9 9 9 9 9 9 9 9 9 9 9
7 6 7 6 6 7 9 6 6 6 6 6 6 6
1 1 1 1 1 1 1 1
1 6 7 1 7 1 7 1 1 1 1
19 0 3 3 4 0 6 0 4 6 3 3 3 29 4 3 4 0 19 1 3 3 3 0
0 0 0 0 0 0 0
6 6 6 6 6 6 6 6 6 6 6
2 2 6 2 2 2 2 2 2 2 2
6 6 6 6 6 6 6 6 6 6 6
5 5 0 1 1 0 26 4 0 4 1 5 4 5 0 10 4 0 0 4 4
1 1 1 1 1 1 1 1
11 11 11 11 11 11 11 11 11 11 11 11 11 11 11 11 11 11 11 11