435 435 435 435 435 435 435
435 435 435 435 451 435 435 435 435 435 435 435 435
435 435 435 435 435 435 435
435 435 435 435 435 435 435
202 435 435 202 435 435 435 197 435 202
202 202 202 254 183 254 254 254
435 435 435 435 435 435 435
202 202 183 254 202 254 254 254
435 435 435 451 435 435 435 435 435 435 435 435 435
348 348 435 254 435 435 435 348 348 348 254 435 435 254 435 435 435 254 338 435 435 435
486 486 486 486 486 486 486 486
486 486 486 348 348 254 254 348 473 486 254 486 486 348 348 254 486
486 486 486 486 486 486 486 486
270 254 348 348 254 348 180 348 254 202 348 348 254 348 202 348 348 254 254 348 223 254
435 435 435 435 435 435 435
435 435 435 348 435 348 223 348 254 254 435 348 315 435 416 254
435 486 486 435 486 435 486 486 486 486 435 435 427 435
435 435 435 435 435 435 435
233 233 254 254 348 348 254 348 348
486 486 486 486 486 486 486 486
341 348 486 486 486 486 348 486 348 341 348 486
470 486 348 486 65 348 348 65 486 65 486 486 486 348 348 65 65 65 65 65 65 65 65 486
530 530 530 530 530 530 530 530 530
348 254 348 254 328 348 254 254 254 348 348 254 254 254
435 435 435 435 435 435 435
348 254 254 254 202 211 348 202 254 254 254 202 254 254 202 202 348 348 202 202 348 327
547 547 547 547 547 547 547 547 547 547 547 547 547 547 547 547 547 547 547 547 547 547 547 547 547 547 547 547 547 547 547 547 547 547 547 547 547 547
547 547 547 547 547 547 547 547 547 547 547 547 547 547 547 547 547 547 547 547 547 547 547 547 547 547 547 547 547 547 547 547 547 547 547 547 547 547
100 100 100 100 100 100 100 100 100 100 100 100 100 100 100
435 435 435 435 435 435 435
530 530 530 530 530 530 530 530 530
530 530 530 530 530 530 530 530 530
202 202 202 211 202 202 202
254 296 254 254 254 254 254 254 254 254 254 254 254
486 486 486 486 486 486 486 486
254 486 486 245 202 486 486 254 486 254 202 254 486 202 486
435 435 435 530 530 435 435 530 202 431 254 202 254 530 435 202 530 530 530 530 254 254
29 45 348 348 45 45 45 348 45 45 45 45 45 45 348 348
435 486 486 486 348 428 435 435 348 435 254 486 254 486 435 348 486 486 348 254 348 435 467 254 467 486 486 486 254 486 486 254
435 435 435 435 435 435 435
202 254 254 254 254 348 254 254 254 202 348 254 202 184 348 348 348
435 435 348 435 348 435 348 421 435 348 435 348
65 65 65 65 65 65 65 65 65 65 65 65
547 547 547 547 547 547 547 547 547 547 547 547 547 547 547 547 547 547 547 547 547 547
530 530 530 530 530 530 530 530 530
435 202 202 435 202 202 202 202 435 202 202 435 202 202 202 435 202 435 406
530 530 530 530 530 530 530 530 530
435 435 435 435 435 435 435
502 530 502 19 65 502 530 501 65 19 19 502 65 65 65 501 65 65 502 65 65 65
435 435 435 435 435 435 435
435 435 435 435 435 435 435
19 530 530 19 9 19 530 530 10 19 347 530 10 19 530 9 10
486 486 486 486 486 486 486 486
95 435 435 348 95 95 238 95 92 348 95 348 254 348 399 315 348 254 95 348 95 348 95 435 348 435 238 92 369 435 348 408 95 95 92 348
530 486 486 530 486 486 530 530 527 486 530 530 486 530 530 486
467 486 348 467 348 369 486 486 348 369 348 348 348 467 348 254 254 348 285 254 359 468 348 254 254 467
435 202 435 435 405 202 435 202 435 405 202
254 202 202 227 254 202 254 202 202 254 202
435 435 435 435 435 435 435
486 486 486 486 486 486 486 486
254 348 348 95 95 486 486 254 254 235 95 202 95 348 486 348 95 348 348 486 202 254 486 95 486 95 95 348 486 95 95 202 95 348 348 348 95 95
19 19 486 19 486 19 19 19 15 19 19 19 486 486 486 486 486
435 202 435 435 348 348 435 202 202 348 435 348 348 402 435
65 65 65 65 65 65 65 65 65 65 65 65
202 202 435 202 435 435 197 435 435 435
530 530 421 530 530 530 348 435 530 348 348 348 348 348 435 530 435 348 522 348 435 348 435 348 511 315 348 348 348
486 486 486 486 486 486 486 486
164 313 348 348 348 202 348 163 254 348 254 202 254 202 202
100 81 81 81 81 100 81 100 100 81 100 100 81 100 100 81 100 100 100 81 98 100 81 100 100 81 81
254 486 254 369 254 348 348 369 254 486 348 223 348 348 348 486 254 486 254 315 486 486 280 254 486 369 348 348
435 421 348 348 348 435 348 435 435 435 348 435
486 486 486 486 486 486 486 486
19 45 19 0 45 45 45 19 45 45 19 7 25 19 45 19 45 19 19 45
19 19 19 19 19 19 19 19 19 19
65 65 65 65 65 65 65 65 65 65 65 65
95 95 19 254 486 19 19 254 95 19 19 456 456 95 19 19 456 456 95 19 95 254 19 83 19 19 95 254 95 456 19 486 95 19 95 95 95 95
95 530 95 530 95 95 530 530 530 530 95 95 95 95 95 95 95 530 94 530 95 95
19 19 19 19 19 19 19 19 19 19
348 202 348 183 202 355 254 348 348 202 348 233 180 348 233 179 348
530 530 530 530 530 530 530 530 530
223 254 254 254 254 162 254 254 202 254 202 202 258 202 202
65 65 486 65 65 65 486 65 486 65 486 486 486 65 486 60 65 65 65
348 369 348 369 348 348 348 348 348 348
254 254 348 233 254 348 254 348 348 348
45 45 45 530 435 45 40 530 530 45 530 435 530 435 40 45 530 435 45 435 530 45 45
435 435 435 435 435 435 435
486 486 486 486 486 486 486 486
348 348 348 254 254 254 326 254 348 348
435 435 435 435 435 435 435
19 254 254 19 19 19 19 254 8 8 19 19 19
81 81 81 81 81 81 81 81 81 81 81 81 81
65 65 65 202 348 56 65 348 65 348 348 65 65 348 348 65 348 65 348 348 65 202 65 348 202
451 451 435 451 435 451 451 451
435 435 435 435 435 435 435
547 547 547 547 547 547 547 547 547 547 547 547 547 547 547 547 547 547 547 547 547 547 547 547 547 547 547 547 547 547 547 547 547 547 547 547 547 547
435 435 435 435 435 435 435
19 19 19 19 19 19 19 19 19 19
467 486 348 486 486 467 348 466 486 348 486 254 348 348 254
100 100 100 100 100 100 100 100 100 100 100 100 100 100 100
19 19 19 19 19 19 19 19 19 19
486 486 486 486 486 486 486 486
435 435 435 451 435 435 435 435 435 435 435 435 435
435 254 435 435 254 435 410 435 435 254 254
435 435 435 435 435 435 435
348 315 348 348 315 174 348
486 486 486 486 486 486 486 486
189 202 348 348 202 348 348 202 348
348 435 337 348 435 435 435 348 435 435 348 348
530 530 530 516 254 254 530 254 530 530 254 530 530
45 435 45 45 45 45 435 45 45 45 435 45 45 435 435 435 36
202 202 202 202 202 202 218 202 211 202 202 202 202 211
254 254 254 530 486 348 530 530 348 486 348 486 254 254 348 223 486 486 486 530 530 254 530 486 530 530 223 283 348
348 254 254 254 435 374 435 348 348 348 435 348 254 254 435 315 348 254 254 254 348 348 254 254 254 399 348 348 254 348 348 348 435 348
435 435 435 435 435 435 435
486 486 486 486 486 486 486 486
254 348 348 348 348 348 254 348 348 348 348 348 254 254 238
486 486 486 486 486 486 486 486
202 254 348 254 202 202 202 207 254 254 348 254 348 348 254 254 254 254 254 254 348 202 202 254 254 254 254 254
486 486 486 486 486 486 486 486
155 157 157 348 157 157 157 157 157 348 157 202 157 321 348 157 157 348 157 157 157 202 157 157 157 157 157
19 19 19 19 19 19 19 19 19 19
202 180 202 202 162 202 203
254 254 254 254 254 254 254 254 285
19 19 19 19 19 19 19 19 19 19
348 435 337 337 435 337 337 337
65 65 65 65 65 65 65 65 65 65 65 65
435 451 435 451 435 451 435 435 435 451
435 435 435 202 202 404 435 202 435 435
254 254 348 254 348 348 254 348 348 369 254 254 254 348 273 254 348 348
486 486 486 202 464 486 486 202 486 202 486
530 530 530 530 530 530 530 530 530
65 65 63 65 65 65 530 530 530 63 63 530 65 530 65 530 65 65
530 530 530 530 530 530 530 530 530
348 348 174 174 315 348 348 348
211 202 202 202 202 202 202
435 451 435 451 435 451 435 435 435 451
348 348 486 486 348 348 486 486 486 486 486 348 341
440 435 200 202 421 435 435 518 530 530 435 530 202 530 435 435 435 421 530 435 435 435 518
348 348 348 348 202 254 348 348 348 202 254 202 348 369 348 348 254 348 348 372 254 348
449 530 530 435 523 449 449 449 449 530 451
254 254 254 254 254 254 254 254 285
530 530 530 530 530 530 530 530 530
486 486 486 486 486 486 486 486
254 254 285 254 254 254 285 254
530 435 530 530 435 435 530 530 523 530 435 530 435 530 435
233 348 348 233 348 202 202 202 226 202 348 202 348 348 348 233 237
486 486 486 486 486 486 486 486
530 530 530 530 530 530 530 530 530
254 254 254 254 254 285 254 285
435 348 435 348 435 435 435 435 348 435 435 435 444 337 444
45 45 45 45 45 45 45 45 45 45 45
486 486 486 486 486 486 486 486
19 19 19 19 19 19 19 19 19 19
19 19 435 19 12 435 19 435 19 435 19 19 19 12 435
348 348 348 369 348 348 348 348 348 348 348
435 435 435 451 435 435 435 435 435 451 435 435
187 187 348 254 202 187 326 348
461 486 435 486 486 460 171 435 435 486 486 486 435 435
254 435 254 435 435 348 223 254 348 337 348 435 254 278 435 435 254 435 435 223 254 435 348 435 435
45 45 45 508 508 45 95 45 95 45 45 19 95 508 502 502 508 45 38 95 95 19 95 38 95 39
486 486 486 486 486 486 486 486
254 254 226 202 254 202 254 202
348 530 348 530 432 348 518 348 254 435 348 486 243 486 486 360 360 530 435 486 435 254 486 254 253 486 285 254 254
435 435 435 15 15 15 486 383 15 435 19 19 19 435 15 383
348 348 348 348 359 348 254 254 348 348 348 348 348 254 254
348 530 348 530 348 368 348 348 530 348 530 530 530 348 348 348 530 348 530
348 435 348 348 435 435 348 435 348 435 435 337
486 486 486 486 486 486 486 486
202 19 19 19 19 19 159 202 19 19 19 19 202 177
95 100 100 100 100 100 95 95 100 95 95 95 100 87 100 95 95 100 100 95 95 100 95 100 87 100 95
254 348 170 164 435 300 530 254 254 348 435 348 530 254 254 530 254 435 348 435 348 254 254 435 435 530 254 435 348 254 348 435 254 530 254 399 530 223 348 530 254 530 435 254 254 315 435 254 315 254
202 202 202 202 202 211 202
435 435 435 435 435 435 435 454 435 435 435 435 435 454 435 435 435
157 157 157 157 157 157 157 157 530 530 530 530 530 530 530 157 157 157 157 157 157 157 156 157 530 157 157 157
486 486 486 486 486 486 486 486
486 486 486 486 486 486 486 486
435 435 435 435 435 435 435
435 435 435 435 435 435 435
254 348 254 202 254 202 348 348 254 254 202 348 266 254 254 254 348
343 348 530 343 19 348 19 502 348 502 19 502 530 348 502 502
369 348 369 369 348 348 369 348
269 530 530 268 530 254 530 285 530 348 348 233 348 530 530 530 285
254 348 348 254 348 348 254 348 233 254
435 435 435 435 435 435 435
254 223 174 174 254 254 254
486 486 486 486 486 486 486 486
233 239 19 343 234 19 19 10 502 530 348 502 239 19 348 502 343 306 10 19 19 502 238
530 435 523 530 435 530 435 530 435 530 530 435 530 435 530
530 530 530 530 530 530 530 530 530
547 547 547 547 547 547 547 547 547 547 547 547 547 547 547 547 547 547 547 547 547 547
198 202 486 486 486 202 486 202 486 486 486
486 486 486 486 464 486 202 486 486 202 202
254 254 348 202 435 254 254 271 348 202 254 254 435 435 435 348 202 435 202 254 435 435 348 202 435 254 202 435 435 348 348 348 435 435 348 348 348
174 95 95 95 348 348 486 95 174 254 95 95 95 254 95 486 95 95 486 95 348 486 254 486 348 95 161 95 348 254 486 486
254 435 435 254 411 435 294 254 254 254 435 254 294 254
19 19 19 19 19 19 19 19 19 19
530 486 486 529 486 530 486 486 530 486 530 486 530 530 530 529 486 486 486 486 486
486 486 486 486 486 486 486 486
511 435 530 348 399 348 435 530 435 348 435 530 348 435 512 175 530 530 530 530
435 254 321 301 337 254 348 435 254 337 294 435 254 348 348 254 254 348 315 254 254 202 348 254 254 435 348 162 348 348 202 254 321 337 435 202 348 435 254 411 254 254 435 254
348 202 202 202 322 348 202 348 348 202 202 348
254 348 254 348 348 233 254 254 348 348
435 435 435 435 435 435 435
19 19 19 19 19 19 19 19 19 19
530 530 530 530 530 530 530 530 530
435 435 435 435 435 435 435
254 164 223 254 254 254 254 254 260
435 435 435 435 451 435 435 435 435 435 435 435 435
530 530 530 530 530 530 530 530 530
254 254 254 254 202 202 226 202
95 95 95 95 95 95 95 95 95 95 95 95 95 95
19 19 19 19 19 19 19 19 19 19
202 348 348 254 202 348 202 254 254 348 187 348 254
530 530 530 530 530 530 254 254 530 530 254 254 516
65 65 65 65 65 65 65 65 65 65 65 65
435 435 435 435 435 435 435
435 435 435 435 435 435 435
530 530 530 530 530 530 530 530 530
530 530 530 530 530 530 530 530 530
486 486 486 486 486 486 486 486
348 348 369 348 369 348 348 348 348 348
435 435 435 435 435 435 435
254 254 254 254 285 254 254 254 254
325 359 369 486 358 358 348 486 348 486 250 486 348
254 285 254 254 254 254 254 254 254
486 525 525 525 486 486 486 435 486 523 482 530 525 486 486 530 530 451
547 547 547 547 547 547 547 547 547 547 547 547 547 547 547 547 547 547 547 547 547 547
435 435 435 435 435 435 435 454 435 435 435 435 435 454 435 435 435
202 202 202 202 202 202 202 211 202 219 202 202 202 202 202 202 202 202
435 435 435 254 410 254 435 435 254 435 254
95 95 95 95 95 95 95 95 95 95 95 95 95 95
19 19 19 19 19 19 19 19 19 19
392 390 391 19 254 97 254 100 174 391 97 19 100 100 100 19 435 174 254 100 435 97 254 100 97 100 435
435 435 435 435 435 435 435
435 435 435 435 435 435 435
486 486 486 254 467 254 486 486 254 486 254 486
486 348 486 486 159 158 342 486 202 498 348 348 341 202 498 486 202 498
486 486 486 486 486 486 486 486
202 435 435 435 202 202 211 210 202 435 435 435
348 254 254 435 254 254 435 435 348 254 76 254 435 254 81 315 348 254 254 81 435 81 254 254 81 348 435 81 348 254 81 362 81 254 81 254 202 254 254 254 254 254 254 348 81 202 348 81 348 348 81 202
95 348 2 95 19 95 348 95 95 95 19 303 305 305 95 2 2 2 2 308
45 31 45 45 95 30 88 8 435 81 221 389 33 348 95 350 348 81 370 81 348 77 35 435 95 34 19 95 86 399 8 371 81 348 435 45 389 371 81 32 348 435 348 95 81 19 32 81
435 435 435 435 435 435 435
530 254 348 435 530 515 348 435 435 530 530 530 244 435 244 530 348 348 348 530 530 254
530 530 530 530 530 530 530 530 530
435 435 435 435 435 435 435
435 435 435 435 435 435 435
435 435 435 435 435 435 435
486 486 486 486 486 486 486 486
254 254 254 254 285 254 254 254 254
19 19 19 19 19 19 19 19 19 19
19 19 19 19 19 19 19 19 19 19
435 435 435 435 435 435 435
486 486 486 486 486 486 486 486
435 435 435 435 435 435 435
486 486 486 486 486 486 486 486
95 94 95 530 95 530 530 95 95 530 530 95 95 530 530 95 530 95 95 95 95 95
157 157 157 157 157 157 157 157 157 157 157 157 157 157 157 157 157 157 157 157
435 171 486 435 486 435 435 435 399 435 486 435 435 486 486 435 427 486 439
348 369 348 348 348 348 348 348 348 348 348
211 214 202 180 202 202 159 202 211 348 174 348 202 202 348 202 348 348
486 486 486 254 486 254 486 486 254 467 254 486
486 486 486 486 486 486 486 486
530 530 530 530 530 530 530 530 530
547 547 547 547 547 547 547 547 547 547 547 547 547 547 547 547 547 547 547 547 547 547 547 547 547 547 547 547 547 547 547 547 547 547 547 547 547 547
435 435 435 435 435 435 435
19 19 19 348 348 348 348 19 348 10 19 19 19 19 19
486 486 486 486 486 486 486 486
95 19 95 95 95 19 19 95 88 95 95 95 95 95 19 95 95 95 95 19 19 19 95 95 95 95 95 95 4 19 95 19 95 95 88 95
202 254 348 348 348 348 348 435 348 435 348 348 254 435 254 348 348 348 348 348 202 435 435 348 202 348 254 182 435
435 435 435 435 435 435 435
254 45 348 435 45 45 45 226 435 254 254 445 435 349 421 226 226 348 348 36 349 348 435 274 254 254 348 45 445 348
250 254 254 486 233 486 279 302 486 250 297 486 348 486 250 254 486 254 464 486 486 231 223 486 269 285 486 486 486 464
254 348 348 254 348 348 233 254 254 348
202 435 348 435 348 260 186 202 404 435 435 435 202 202 326 202 202 217 184 202 254 202 180 348
19 19 19 19 19 19 19 19 19 19
435 435 435 435 435 435 435
427 435 427 435 486 486 486 435 427 486 435 486
530 435 435 530 530 348 348 348 348 435 254 435 530 530 254 435 530 348 348 254 348 435 530 348 435 348 348 348 435 348 435 348 254 530 348 435 435 524 435 348
65 65 63 65 65 65 530 530 530 63 63 530 65 530 65 530 65 65
435 435 435 435 435 435 435
157 157 157 157 157 157 157 157 157 157 157 157 157 157 157 157 157 157 157 157
157 157 157 157 157 157 157 157 157 157 157 157 157 157 157 157 157 157 157 157
348 326 348 254 254 254 254 348 348 348
530 530 530 530 530 530 530 530 530
435 435 435 435 435 435 435
435 486 435 435 435 486 254 254 486 486 254 486 486 425 486 254 435 435
486 498 486 486 486 486 486 486 486 486 486 486 486 486 486
254 254 254 254 254 254 254 285 254
435 435 348 348 435 435 421 348 348 435 435 348
348 348 348 348 254 348 254 348 254 348 348 254 348 348 373 348 348 348 348 348
486 486 486 486 486 486 486 486
547 547 547 547 547 547 547 547 547 547 547 547 547 547 547 547 547 547 547 547 547 547
435 254 435 435 435 435 254 254 435 254 410
202 202 435 435 348 348 435 348 435 348 202 209 435 202 202 202 348 435
254 348 254 202 202 348 202 348 254 230 348 254 348
435 435 435 435 435 435 435
530 530 530 530 530 530 530 530 530
70 5 70 337 19 435 73 69 65 435 81 73 100 65 100 435 75 70 81 19 100 100 65 100 19 100 69 81 100 435 70 100 79
348 348 254 254 254 348 348 348 326 254
486 486 486 486 486 486 486 486
202 348 202 348 348 189 202 348 348
523 530 539 523 530 523 530 530 530 530 530 530 433 530 530 523 523
435 435 435 435 435 435 435
435 435 435 435 435 435 435
435 435 435 435 435 435 435
435 435 435 435 435 435 435
435 435 435 435 435 435 435
486 486 486 486 486 486 486 486
435 435 435 435 435 435 435
348 348 254 348 254 254 348 326 348 254
202 202 213 211 202 202 202 202 202
486 486 486 486 486 486 486 486
435 254 435 254 254 435 435 410 435 435 254
435 435 435 435 435 435 435
157 157 157 157 157 157 157 157 157 157 157 157 157 157 157 157 157 157 157 157
95 95 95 95 95 95 95 95 95 95 95 95 95 95
435 54 54 347 52 435 53 435 435 65 387 433 65 530 54 81 81 530 530 54 435 53 54 530 81 65 78
19 19 19 19 19 19 19 19 19 19
254 202 202 226 254 254 254 202
254 254 254 254 254 254 296 254 296 285
486 486 486 486 486 486 486 486
254 254 435 254 294 254 411 254 254 254 435 254 411 435 435
254 348 233 348 348 348 254 348 254 254
348 348 254 254 348 326 348 348 254 254
202 254 202 183 254 254 254 202
530 530 530 530 530 530 530 530 530
435 435 202 435 285 254 435 202 254 401 435 285 435 202 285
435 254 254 254 412 285 174 202 254 435 202 254 435 254 174 254 202 254 254 435 435 435 254
369 348 348 348 348 348 348 348 348 369
530 503 19 503 530 348 530 530 19 348 19 19 530 348 19 19 19 530 8 348 8 19 8 19 530 19 19 19 19
202 233 181 254 202 254 348 348 254 202 348 348
254 174 202 202 211 174 254 174 202 486 202 202 174 254 202 254 174 183 202 174 486 174 486 486 254 486 202 486 254 174 211 261 174 254 486 174 202 202
254 254 348 254 290 435 254 435 202 254 435 254 348 435 348 254 254 254 435 348 435 202 254 254 202 348 254
254 220 19 19 19 254 19 254 254 19 19 19 19 19
435 435 435 435 435 435 435
157 19 157 19 157 19 157 157 157 157 157 157 157 157 19 157 19 19 19 157 157 157 157 157 19 149 157 157 19
486 202 202 486 486 464 486 486 486 486 202
435 435 435 435 435 435 435
486 348 348 486 348 486 486 348 486 348 486 348 348 348 348 486 348 476
547 547 547 547 547 547 547 547 547 547 547 547 547 547 547 547 547 547 547 547 547 547 547 547 547 547 547 547 547 547 547 547 547 547 547 547 547 547
157 157 157 157 157 157 157 157 157 157 157 157 157 157 157 157 157 157 157 157
157 157 157 157 157 157 157 157 157 157 157 157 157 157 157 157 157 157 157 157
65 65 65 65 65 65 65 65 65 65 65 65
124 124 124 124 124 124 124 124 124 124 124 124 124 124 124 124 124
202 530 530 202 530 530 530 530 530 201 202 530
254 254 254 254 166 259 223 348 254 254 348 348 348 254
435 435 435 435 435 435 435
202 348 348 486 202 202 188 348 486 486 348 486 486 486 486 348
19 19 19 19 19 19 19 19 19 19
486 486 486 486 486 486 486 486
348 348 348 348 348 348 348 369 348 348 348
486 486 486 486 486 486 486 486
486 486 486 486 486 486 486 486
530 530 530 530 530 530 530 530 530
202 486 202 486 198 486 202 486 486 486 486
227 65 65 65 348 288 530 65 65 201 322 348 215 348 201 254 321 254 254 65 254 348 254 315 65 65 65 530 254 530 348 514 229 65 223 348 65 530 183 206 530
530 530 530 530 530 530 530 530 530
421 435 348 447 348 348 435 421 435 435 435 435 447 348 435 435 348 348
254 254 254 244 435 435 254 435 435 435 435
530 530 530 530 530 530 530 530 530
95 95 95 95 95 95 95 95 95 95 95 95 95 95
530 530 530 530 530 530 530 530 530
254 233 254 254 348 348 233 348 348
124 124 124 124 124 124 124 124 124 124 124 124 124 124 124 124 124
435 435 435 435 435 435 435
435 435 435 435 435 435 435
254 202 254 435 435 202 435 254 202 202 202 254 435 202 202 254 202 254 202 435 254 265 435 254
95 95 81 86 95 79 95 81 95 86 81 81 81 95 86 81 95 81 92 95 81 95 81 92
348 435 435 348 435 348 435 435 348 337 348 435
254 435 435 435 254 254 254 254 211 435 435 254 226 226 202 435 202 276
435 331 348 435 435 399 435 348 435 254 348 164 254 348 348 254
254 348 233 254 348 254 254 348 348 348
435 435 435 435 435 435 435
435 410 435 435 254 435 254 435 254 254 435
202 348 208 348 348 202 348 180 202 348 315 202 348 348 348 202 348
233 254 254 348 348 254 348 233 348
530 530 530 530 530 530 530 530 530
530 54 54 200 486 485 486 254 53 285 530 530 65 530 486 62 486 530 65 530 54 54 81 530 486 530 202 530 65 486 254 285 530 53 81 530 81 486 54 530 530 282 202
486 486 486 486 486 486 486 486
486 486 486 486 486 486 486 486
435 435 435 435 435 435 435
486 486 254 486 348 348 348 348 348 486 486 254 486 254 486 466 254
435 435 435 435 435 435 435
486 435 486 435 435 435 478 435 486 486 486 435 486 486
486 435 486 486 486 435 486 435 435 435 478 478 486
502 530 502 19 19 502 502 19 502 530 502 502
435 435 435 435 435 435 435
435 435 435 435 435 435 435
530 530 530 530 530 530 530 530 530
348 435 202 334 435 334 348 435 435 435 348 202 348
348 348 15 348 15 15 15 486 348 15 19 19 19 304 348 15
435 435 435 435 435 435 435
427 435 435 427 427 486 427 486 435 486 486
65 65 65 65 65 65 65 65 65 65 65 65
435 435 435 435 435 435 435
202 202 189 348 348 202 348 348 348
547 547 547 547 547 547 547 547 547 547 547 547 547 547 547 547 547 547 547 547 547 547 547 547 547 547 547 547 547 547 547 547 547 547 547 547 547 547
254 254 259 166 254 348 254 254 223 254 348 348 348 254
254 202 202 227 254 254 254 202 202 202 202
326 348 348 254 348 348 348 254 254 254
435 435 435 435 435 435 435
435 254 254 435 435 435 435 435 254 441 435 435 435 435 254 435 435
486 486 486 486 486 486 486 486
202 202 202 202 211 202 202
435 435 435 435 435 435 435
435 435 202 202 404 435 202 435 435 435
486 486 486 486 486 486 486 486
45 45 45 508 508 45 95 45 95 45 45 19 95 508 502 502 508 45 38 95 95 19 95 38 95 39
435 435 435 435 435 435 435
435 435 435 435 435 435 435 435 435 435 435 435 451
435 435 435 435 435 435 435
435 435 435 435 435 435 435
254 254 254 285 254 254 254 254 254
254 254 435 530 348 337 252 435 337 530 254 530 530 254 435 530 530 435 348 348 530 530
254 202 202 348 254 315 348 166 348 348 202 254 254 348 254 315 348 202 348 348 348 348 202 348 348 315 263 348 254 254 202 348 348 348 254
254 486 348 486 348 246 486 486 486 254 486 254 348 486 254 348 348
95 95 95 95 95 95 95 95 95 95 95 95 95 95
435 435 435 451 435 435 435 435 435 451 435 435
435 435 435 435 435 435 435
348 435 254 222 165 435 223 337 254 254 337 337
486 486 486 486 486 486 486 486
254 202 202 254 226 202 254 254
486 486 486 486 486 486 486 486
19 19 19 19 19 19 19 19 19 19
530 530 530 530 530 530 530 530 530
348 19 19 19 19 348 19 348 19 306 19 19 348 306
486 486 486 486 486 486 486 486
19 19 19 19 19 19 19 19 19 19
100 435 435 100 100 99 99 99 100 435 100 100 100 99 100 100 100 100
530 530 530 530 530 530 530 530 530
65 65 65 65 65 65 65 65 65 65 65 65
254 292 254 254 348 254 348 348 202 348 254 348 254 254 254 348 202 254 202 254 254 348 348 254 348 348
45 45 45 530 435 45 40 530 530 45 530 435 530 435 40 45 530 435 45 435 530 45 45
364 348 364 348 348 364 435 435 337 435 348 348
435 435 435 435 435 435 435
486 486 254 254 226 435 254 486 486 486 459 277 226 254 254 435 435 435 435 399 254 486
530 530 530 530 530 530 530 530 530
530 530 530 530 530 530 530 530 530
435 435 435 435 435 435 435
486 486 486 486 486 486 486 486
348 348 348 348 348 348 348 348 348 348 348 348 377 348 348 348
547 547 547 547 547 547 315 547 547 547 547 547 547 547 348 348 547 547 547 547 315 547 547 547 348 547 547 547 547 547 547 174 547 547 547 547 547 547 547 547 547 547 348
246 233 348 486 246 246 486 486 250 486 348
254 254 202 202 254 226 254 202
254 223 254 174 254 174 254
435 435 202 435 435 404 435 435 202 202
435 435 435 435 435 435 435
254 226 202 254 254 254 202 202
435 435 435 435 435 435 435
486 486 486 486 486 486 486 486
435 435 435 435 435 435 435
435 435 435 435 435 435 435
82 95 95 19 95 82 95 19 95 95 19 19 95 19 19 95 19 95 95 95 19 95
254 174 254 254 254 223 174
254 348 226 435 228 348 435 348 254 189 229 212 435 369 435 348 348 404 435 348
19 19 19 19 19 19 19 19 19 19
435 435 435 435 435 435 435
486 486 486 486 486 486 486 486
435 435 435 435 435 435 435
75 464 75 486 75 486 75 65 486 348 464 75 189 65 74 75 81 348 75 486 348 75 81 81 348 65 486 81
486 486 486 486 486 486 486 486
435 435 435 435 435 435 435
254 285 254 254 254 254 254 254 254
511 530 162 530 202 435 435 435 530 174 511 513 399 530 530 202 435 171 530
254 530 254 530 253 530 530 530 530 530 254 530 254
486 486 486 486 486 486 486 486
399 435 435 435 435 397 435 254 254 254 164
65 65 19 19 19 51 19 19 65 65 19 65 65 19 65 51 65 65 65 19
95 95 95 95 95 95 95 95 95 95 95 95 95 95 95 95 95 95 95 95 95 95 95 95 95 96 95
547 547 547 547 547 547 547 547 547 547 547 547 547 547 486 547 547 547 547 547 547 486 547 547 486 547 547 486 547 547 547 547 547 547 486 486 547 547 547 547 486 547 547 486 547
435 435 435 435 435 435 435
19 19 19 19 19 19 19 19 19 19
348 369 348 348 348 348 348 348 348 348 348
410 435 410 254 435 435 254 435 435 254
435 435 435 435 435 435 435
435 435 435 435 435 435 435
530 530 530 348 530 348 530 530 254 348 348 517 254 530 254 348 254 530
348 254 348 254 326 326 348 285 269 285
254 254 223 174 254 254 174
285 254 254 254 254 254 254 285
348 254 348 254 348 348 326 254 254 348
530 530 435 530 530 435 435 530 530 523 530 523 435 435
435 435 435 435 435 435 435
486 486 254 486 486 467 254 254 486 486 254 486
254 254 254 348 348 254 254 254 254 254 348 254 254 291 348 254 254 348
348 530 348 348 348 348 530 530 530 530 530 530 530 347
435 435 435 435 435 435 435
451 435 435 435 435 435 435 435 435 435 435 435 435
435 435 435 435 435 435 435
19 19 19 19 19 19 19 19 19 19
254 202 254 254 254 202 202 226
530 530 530 530 530 530 530 530 530
254 348 435 289 254 435 348 435 435 254 254 223 254 435 435 254 348 223 223 254 254 223 348 348
202 254 254 183 254 202 254 202
254 202 202 254 254 254 202 226
95 95 95 95 95 95 95 95 95 95 95 95 95 95
95 95 254 254 89 95 254 348 254 348 95 95 95 348 95 95 348 95 95 348 95 95 95
65 65 65 65 65 65 65 65 65 65 65 65
244 254 435 435 435 435 244 254 244
254 202 226 254 202 254 254 202
486 486 486 486 486 486 486 486
530 530 530 530 530 530 530 530 530
530 530 530 530 530 530 530 530 530
435 435 435 435 435 435 435
486 486 486 486 486 486 486 486
348 519 530 530 530 530 315 348 369 348 530 348 530 530 348 348 348 511
486 486 486 486 486 486 486 486
547 547 547 547 547 547 547 547 547 547 547 547 547 547 547 547 547 547 547 547 547 547 547 547 547 547 547 547 547 547 547 547
547 547 547 547 547 547 547 547 547 547 547 547 547 547 547 547 547 547 547 547 547 547 547 547 547 547 547 547 547 547 547 547
435 435 435 435 435 435 435
19 19 19 19 19 19 19 19 19 19
202 202 348 348 189 348 202 348 348
530 530 530 530 530 530 530 530 530
348 348 348 348 369 348 348 348 348 348 348
486 486 486 486 486 486 486 486
435 435 435 435 435 435 435
348 435 435 348 348 435 348 348 348 348 348 435 364 348 435 348 435
530 530 530 530 530 530 530 530 530
435 435 435 435 435 435 435
435 435 435 435 435 435 435
435 435 435 435 435 435 435
435 435 435 435 435 435 435
486 486 486 486 486 486 486 486
486 486 486 202 464 202 486 486 486 486 202
435 254 410 410 254 435 435 435 435 254
348 348 348 348 348 369 348 348 369 348
547 547 547 547 547 547 547 547 547 547 547 547 547 547 547 547 547 547 547 547 547 547 547 547 547 547 547 547 547 547 547 547
435 435 435 435 435 435 435
254 254 254 348 269 348 348 254 254 254 348 348 254 254
348 369 348 348 369 348 348 348 348 348
348 348 369 348 348 348 348 348 348 348 348
435 435 435 435 435 435 435
348 254 254 348 348 348 254 326 254 348
348 254 326 254 348 348 348 254 254 348
348 348 348 348 348 348 254 348 202 226 321 254 348 202 348 202 357 226
486 486 486 486 486 486 486 486
139 139 135 135 139 139 135 139 139 140 139 139 139 139 139 139 140 139 139 139 140 139 140 139 139 139 139 139 139 139 139 139
435 435 435 435 435 435 435
435 435 435 435 435 435 435
486 486 486 486 486 486 486 486
435 435 435 435 435 435 435
202 348 348 348 348 348 190 348 348 202 348 348 202 348
435 435 435 435 435 435 435
435 435 435 348 348 348 435 435 348 435 348 421
435 435 435 435 435 435 435
254 202 254 226 202 202 254 254
254 348 348 254 254 269 254 348 254 348 254 254 348 254
435 254 435 410 435 435 254 254 435 254 435
486 486 486 486 486 486 486 486
435 388 65 65 65 435 65 65 435 65 65 65 65 435 435 65 65 435
435 435 435 435 435 435 435
435 435 435 435 435 435 435
486 486 486 486 486 486 486 486
399 530 530 530 435 530 435 173 435 530 530 530 435 435 398
435 435 410 435 441 435 435 435 410 435 410 435 410
435 435 435 435 435 435 435
435 254 435 254 254 435 435 435 254 435 410
45 45 45 45 45 45 45 45 45 45 45
202 202 202 202 211 202 202
435 435 435 435 435 435 435
100 100 100 100 100 100 100 100 100 100 100 100 100 100 100
530 530 530 530 530 530 530 530 530
139 139 139 139 139 139 139 139 139 139 139 139 139 139 139 139 139 139
435 435 435 435 435 435 435
254 254 254 254 285 254 254 254 254
486 486 486 486 486 486 486 486
348 369 348 348 348 348 348 348 348 348 348
189 348 348 348 194 194 348 348 189 348 348 348 348 369 348 348 348
435 435 435 435 435 435 435
19 19 19 19 19 19 19 19 19 19
254 254 486 486 254 254 254 486 254 486 254 254 486 486 281 486
530 530 530 530 530 530 530 530 530
435 435 435 435 435 435 435
435 202 435 202 435 435 202 435 404 435
486 486 486 486 486 486 486 486
547 547 547 547 547 547 547 547 547 547 547 547 547 547 547 547 547 547 547 547 547 547 547 547 547 547 547 547 547 547
547 547 547 547 547 547 547 547 547 547 547 547 547 547 547 547 547 547 547 547 547 547 547 547 547 547 547 547 547 547 547 547
486 486 486 486 486 486 486 486
254 254 486 254 281 254 486 486 254 486 486 254 254 486 254 486
65 65 65 65 65 65 65 65 65 65 65 65
435 435 435 435 435 435 435
404 435 435 435 202 435 202 202 435 435
326 348 348 348 254 348 254 254 348 254
435 435 435 435 435 435 435
435 435 435 435 435 435 435
486 486 486 486 486 486 486 486
435 202 223 254 254 254 254 202 254 435 185 435 202 435 254 399 254 435
348 254 348 254 348 254 254 254 254 254 254 348 254 254 254 330 348 254
486 202 486 202 486 486 202 486 202 202 202 486 465 486
486 486 486 486 486 486 486 486
202 202 202 202 202 202 211
348 348 348 285 254 348 435 348 348 379 348 315 435 348 435 348 321 321 254 254 254 348 166 254 254 435 435 348 435 254 348 321 348 254 254 348 348 254
435 435 435 435 435 435 435
530 530 530 530 530 530 530 530 530
435 435 435 435 435 435 435
435 435 435 435 435 435 435
254 285 254 254 285 254 285
435 435 435 435 435 435 435
547 202 547 547 547 547 547 202 547 547 547 547 202 547 547 547 547 547 547 547 547 547 547 547 547 202 547 547 547 547 547 547 547
530 530 530 530 530 530 530 530 530
421 435 435 348 435 348 435 435 348 348 348 435
348 348 348 348 348 348 348 369 348 348 348
547 547 547 547 547 547 547 547 547 547 547 547 547 547 547 547 547 547 547 547 547 547 547 547 547 547 547 547 547 547 547
348 348 254 254 348 254 326 348 348 254
348 348 315 348 348 174 348 174
233 254 348 348 233 254 254 348 348
326 348 348 254 348 348 348 254 254 254
435 435 435 435 435 435 435
254 254 254 254 254 254 254 164 254 254 254 254 254 254 223 202 254 254 254 254 202 226 299
254 348 267 254 435 435 254 321 435 254 435 254 321 254 435 348 404 348 254 254
435 435 435 435 451 435 435 435 435 435 435 435 435
435 435 435 435 435 435 435
435 254 530 530 254 254 254 435 530 254 435 435 254 530 254 530 254 254 435 413 254 435 254 530 530 254 530
486 486 486 486 486 486 486 486
435 435 435 435 435 435 435
254 254 226 202 202 254 202 254
486 45 457 45 45 486 45 486 45 486 486 45 45 486 45 45 486 45
435 435 435 435 435 435 435
254 202 174 254 254 202 180 254 224
486 486 486 486 486 486 486 486
435 435 435 435 435 435 435
254 348 348 254 348 254 233 348 348 254
202 202 202 202 254 202 202 254 254 254 204
530 530 530 530 530 530 530 530 530
435 435 435 435 435 435 435
254 530 435 435 254 348 530 173 435 530 254 530 254 348 530 435 315 435 435 242 348 530 348 530
348 348 348 348 348 348 369 348 348 348 348
435 435 435 435 435 435 435
254 254 348 254 254 202 202 202 348 254 254 348 266 254 254 348 348
486 348 486 254 486 202 486 486 348 202 254 348 348 254 202 486 348 471 254 486
435 435 435 435 435 435 435
435 435 435 435 435 435 435
139 139 254 139 139 139 139 139 139 139 254 139 254 139 139 139 139 131 254 139 139 139
435 435 435 435 435 435 435
547 547 547 547 547 547 547 547 547 547 547 547 547 547 547 547 547 547 547 547 547 547 547 547 547 547 547 547 547 547 547 547
435 435 435 435 435 435 435
435 435 435 435 435 435 435
202 202 348 348 348 189 202 348 348
254 435 348 348 254 348 348 435 348 348 421 254 348 435 348 348 348 435 240 369 348 254 435 348
435 435 435 435 435 435 435
486 486 486 486 486 486 486 486
486 486 486 486 486 486 486 486
254 348 435 348 348 348 348 435 254 232 254 435 223 435 435 399
486 486 486 486 486 486 486 486
435 348 435 348 421 435 348 348 435 435 348 435
435 435 435 435 435 435 435
348 348 321 321 348 348 354 348 348 354
435 435 435 435 435 435 435
435 435 435 435 435 435 435
348 254 359 348 348 254 348 348 348 326 348 348 348 254
486 486 486 486 348 348 348 474 486 486 486 486 486 486 490 348 486 486 486
348 348 369 348 348 348 348 348 348 348 348
226 254 254 202 202 202 254 254
547 95 547 547 547 547 547 95 547 547 547 547 547 547 547 547 547 547 547 547 547 547 547 547 547 547 95 95 547 547 547 95 547 95 547 547 95 547 95 547 547 547 547 547 95 547 547 95 95 547 547 547 95 547 95 95 547 547 547 547
435 435 435 435 435 435 435
348 348 348 348 369 348 348 348 348 348 348
435 435 435 435 435 435 435
435 435 435 435 435 435 435
435 435 435 435 435 435 435
254 233 254 254 254 348 348 348 266 254 202 202 348 254 202 254
348 435 435 348 435 435 435 435 348 348 348 348 435 435 447 348 435 348 348 435 435 337
19 19 10 19 348 19 19 348 348 19 348 19 19 19 348
254 486 250 254 254 486 486 486 254 486 486 486
19 486 486 486 486 19 348 486 19 13 254 348 348 19 19 19 254 19 19 254 254 348 19 348 486 486
435 435 435 435 435 435 435
547 547 547 547 547 547 547 547 547 547 547 547 124 547 486 114 124 547 547 547 547 547 114 547 113 547 547 547 547 547 486 547 547 547 547 547 95 547 547 124 547 547 547 547 95 124 547 547 547 124 547 547 95 95 547 547 547 124 124 547 124 95 124 547 547 95 547 95 547 113 95 547 95 547 124 95 547 547 547 114 547 114 547 95 547 95 547 547 124
435 435 435 435 435 435 435
348 348 326 254 348 254 348 254 254 348
45 45 45 45 45 45 45 45 45 45 45
530 530 530 530 530 530 530 530 530
202 254 254 202 202 435 254 435 223 171 202 254 435 254 205 254 435 202 435 254 202
348 306 348 306 19 19 348 19 19 19 19 19 19 348
348 348 486 348 486 486 366 348 486 348 348 348 486 348 348 348 486 486
435 435 435 435 435 435 435
435 435 435 435 435 435 435
435 435 435 435 435 435 435
486 486 486 486 486 486 486 486
348 486 341 486 341 348 486 486 486 348 348 486
547 547 547 547 547 547 547 547 547 547 547 547 547 547 547 547 547 547 547 547 547 547 547 547 547 547 547 547 547 547 547
100 100 100 100 100 100 100 100 100 100 100 100 100 100 100
139 139 135 135 139 139 135 139 139 140 139 139 139 139 139 139 140 139 139 139 140 139 140 139 139 139 139 139 139 139 139 139
202 348 202 202 348 348 193 348 348 348 348 348 348 348 348 348 348 348 348
435 435 435 254 254 348 435 435 254 348 254 435 348 407 348 348
435 435 435 435 435 435 435
124 547 486 124 547 547 547 547 547 547 114 114 547 124 547 547 124 547 124 124 547 547 124 547 547 547 547 486 114 124 547 547 547 124 124 114 114 547 547 547 114 547 124
421 435 254 435 348 254 254 435 348 435 254 417 348 435 348
435 435 435 435 435 435 435
435 435 435 435 435 435 435
348 348 321 348 202 348 202 202 348
530 530 530 530 530 530 530 530 530
435 435 435 435 435 435 435
254 254 254 254 254 254 285 254 254
139 139 139 19 125 139 125 139 139 125 139 19 125 125 139 139 139 19 139 19 19 139 139
435 435 435 435 435 435 435
435 435 435 435 435 435 435
530 530 530 530 530 530 530 530 530
435 435 435 435 435 435 435
435 435 435 435 435 435 435
124 124 124 124 124 124 124 124 124 124 124 124 124 124 124 124 124
435 435 435 435 435 435 435
348 348 326 254 348 254 348 254 254 348
486 486 348 348 474 486 486 486 474 348 348 486
348 435 348 359 435 254 348 348 348 435 348 233 435 422 435 254 348 435
254 19 254 19 19 19 254 19 19 19 254 220 19 19
348 348 348 348 348 348 348 348 348 369 348
348 348 348 348 348 348 348 348 369 348 348
124 124 124 124 124 124 124 124 124 124 124 124 124 124 124 124 124
410 435 254 435 254 435 435 435 435 254 254
547 547 547 547 547 547 547 547 547 547 547 547 547 547 547 547 547 547 547 547 547 547 547 547 547 547 547 547 547 547 547 547
124 124 124 124 124 124 124 124 124 124 124 124 124 124 124 124 124
348 348 348 254 254 348 254 326 254 348
435 435 435 435 435 435 435
435 435 435 435 435 435 435
435 435 435 435 435 435 435
348 348 348 348 254 254 326 348 254 254
348 348 547 547 547 547 547 547 547 547 348 547 547 348 348 348 547 547 547 348 547 547 348 547 348 547 547 547 377 547 547 348 547 547 547 348 547 547 547 547 348 547 348 348 348 547
19 19 19 45 45 45 19 19 45 19 45 45 19 1 45 19 45 19 45 45
369 348 348 348 348 369 348 348 348 348
435 435 435 435 435 435 435
435 435 435 435 435 435 435
348 435 348 435 348 435 435 348 348 348 364 348 348 435 435 348 348
166 348 348 348 348 348 348 348 166 348 168 348 348 348 348 348
202 530 199 202 254 202 530 435 435 254 530 530 435 530 435 530 435 254 530 254 435 530
348 369 348 348 348 348 348 348 348 348 348
435 435 435 435 435 435 435
202 348 348 189 202 348 202 348 348
435 435 435 435 435 435 435 451 435 435 435 435 435
348 223 254 254 171 254 254 254 254 329 348 435 435 254 435 244 348 348 435 348 254 254 254
435 254 435 254 254 435 410 435 435 435 254
348 399 435 486 435 348 435 348 348 486 315 435 486 486 486 435 486 486 332
486 461 435 435 171 460 435 486 486 435 486 486 435 486
530 530 530 530 530 530 530 530 530
435 435 435 435 435 435 435
435 435 435 435 435 435 435
547 547 547 547 95 547 547 547 95 95 547 547 547 547 547 547 547 547 547 95 547 547 95 547 547 95 547 547 95 547 547 547 547 547 95 547 547 95 95 547 547 95 547 547 95 95 547 547 547 547 95
486 486 486 486 486 486 486 486
435 435 435 435 435 435 435
348 351 348 486 348 348 486 348 348 486 348 315 348 172 486 486 348 486
254 348 348 254 348 254 348 254 233 348
486 486 486 486 486 486 486 486
254 226 254 254 202 226 202
254 254 321 348 254 348 348 254 254 348 348 348 275 202 348 254 348 348 348 348 348 348 348 348 348 348 254 202 348 348 254 348 348 348 348 348
547 547 547 547 547 547 547 547 547 547 547 547 547 547 547 547 547 547 547 547 547 547 547 547 547 547 547 547 547 547
139 139 139 139 139 139 139 139 139 139 139 139 139 139 139 139 139 139
124 124 124 124 124 124 124 124 124 124 124 124 124 124 124 124 124
348 486 486 486 366 348 486 348 348 486 348 348 348 486 348 348 486 348
244 254 435 435 435 254 435 254 254 435 435
254 100 435 100 254 100 100 100 435 100 100 254 100 435 100 255 100 254 100 435 100 254 254 100 435 254 435 100 254
348 435 435 435 348 337 435 435 435 348 348 348
435 435 435 435 435 435 435
435 435 435 435 435 435 435
435 435 435 435 435 435 435
348 202 348 254 254 315 254 254 348 348 254 166 348 348 348 254 254 348 192 348 348 202 348 348 202 254 348
348 321 202 202 202 348 348 348 348
19 19 19 19 19 19 19 19 19 19
435 435 435 435 435 435 435
19 19 19 19 19 19 19 19 19 19
353 315 348 348 348 348 315 166 315 348 348
435 435 435 435 435 435 435
244 254 435 435 254 435 254 435 254 435 435
202 254 254 183 254 202 254 202
435 348 435 435 363 315 348 435 435 348 399 348 348 348 348 348 348
435 435 435 435 435 435 435
530 530 530 530 530 530 530 530 530
435 435 435 435 435 435 435
435 435 435 435 435 435 435
348 202 174 176 202 348 348 348 317 348 180
435 435 435 435 435 435 435
435 435 435 435 435 435 435
410 435 435 254 254 435 435 254 435 435 254
486 486 202 486 486 486 202 464 202 486 486
530 530 530 530 530 530 530 530 530
435 435 435 435 435 435 435
359 348 348 254 254 348 348 348 348 254 348 348 348 348 254
547 547 547 547 547 547 547 547 547 547 547 547 547 547 547 547 547 547 547 547 547 547 547 547 547 547 547 547 547 547
486 486 486 486 486 486 486 486
435 435 435 435 435 435 435
348 530 530 530 314 173 348 530 315 530 348 348 530 530
486 486 486 486 486 486 486 486
435 435 435 435 435 435 435
486 348 348 486 486 474 486 486 348 486 348 474
435 435 435 435 435 435 435
328 348 254 348 348 254 254 254 348 254 254 254 348 254
202 211 202 202 202 202 202
254 348 348 202 348 202 348 202 254 254 230 348 254
315 348 348 166 348 348 348 352 348 348 348
486 486 486 486 486 486 486 486
435 435 435 435 435 435 435
486 348 348 486 486 474 486 486 348 486 348 474
348 348 348 348 348 348 348 348 369 348 348
435 435 435 435 435 435 435
486 486 486 486 486 486 486 486
254 254 202 348 254 286 254 254 254 348 254 254 348 254 254 348 202 348 254 254 202
435 435 435 435 435 435 435
435 435 435 435 435 435 435
435 435 435 435 435 435 435
254 348 254 348 348 233 254 254 348 348
435 435 435 435 435 435 435
348 435 435 435 435 348 348 337 348 435 348 435
348 348 202 183 254 348 348 254 318 202 254 348
486 486 202 486 486 464 202 486 202 486 486
348 337 348 348 339 435 435 435 435 451 435 435 435 339
435 435 435 435 435 435 435
435 435 435 435 435 435 435
486 486 486 486 486 486 486 486
547 547 547 547 547 547 547 547 547 547 547 547 547 547 547 547 547 547 547 547 547 547 547 547 547 547 547 547 547 547
435 435 435 435 435 435 435
530 530 530 530 530 530 530 530 530
435 435 435 435 435 435 435
348 348 348 348 348 348 348 369 348 348 348
486 486 486 486 486 486 486 486
435 435 451 435 435 435 435 435 435 435 435 435 435
435 435 435 435 435 435 435
486 486 486 486 486 486 486 486
100 100 100 100 100 100 100 100 100 100 100 100 100 100 100
435 435 435 435 435 435 435
486 486 486 486 486 486 486 486
435 435 435 435 435 435 435
45 45 45 45 45 45 45 45 45 45 45
202 202 435 435 348 435 348 202 196 435 348 421 348 435
435 435 435 435 435 435 435
435 435 435 435 435 435 435
254 254 254 285 254 285 254 254
19 19 19 19 19 19 19 19 19 19
435 435 435 435 435 435 435
348 348 486 348 486 348 486 486 486 348 341 486 486
547 547 547 547 95 547 547 547 95 95 547 547 547 547 547 547 547 547 547 95 547 547 95 547 547 95 547 547 95 547 547 547 547 547 95 547 547 95 95 547 547 95 547 547 95 95 547 547 547 547 95
348 348 348 348 348 348 348 348 369 348 348
139 139 139 139 139 139 139 139 139 139 139 139 139 139 139 139 139 139
254 202 202 226 202 254 254 254
486 486 486 486 486 486 486 486
435 435 435 435 435 435 435
250 250 254 254 486 486 486 486 486 254 486
19 19 19 19 19 19 19 19 19 19
435 435 435 435 435 435 435
486 486 486 486 486 486 486 486
348 348 348 359 254 254 348 254 348 348 254 348 348 348 348
348 348 435 348 435 435 435 337 348 435 337
326 348 348 254 348 348 254 254 254 348
435 435 435 435 435 435 435
435 435 435 435 435 435 435
486 486 486 486 498 486 486 486 486 486 486 486 486 486 486
254 254 348 348 254 233 348 348 254 348
254 254 254 227 202 202 202 202 254 202 202
435 435 435 435 435 410 254 254 435 254 254
486 486 486 486 486 486 486 486
435 435 435 435 435 435 435
244 254 435 435 435 254 435 435 254 254 435
486 486 486 486 486 486 486 486
254 254 285 254 254 254 254 254 254
348 254 254 348 326 254 348 254 348 348
435 435 435 435 435 435 435
435 435 435 435 435 435 435
19 19 19 19 19 19 19 19 19 19
100 100 100 100 100 100 100 100 100 100 100 100 100 100 100
19 19 19 19 19 19 19 19 19 19
435 435 435 435 435 435 435
348 348 486 254 348 461 348 486 348 348 348 348 254 352 486 461 348 254 348 223 348 486 348 348 375 486
435 435 435 435 435 435 435
139 139 139 139 139 139 139 139 139 139 139 139 139 139 139 139 139 139
254 254 254 226 254 202 202 254 254 254 202 202 264 202
348 202 348 348 435 435 348 202 435 348 202 356 348 254 348 348 202 435 202 435 254 348 254 435 348 202 254
254 348 348 254 254 254 348 254 254 269 254 348 254 348
486 486 486 486 486 486 486 486
486 486 486 486 486 486 486 486
321 348 348 348 202 202 202 348 348
486 486 486 486 486 486 486 486
530 530 530 530 530 530 530 530 530
435 435 435 435 435 435 435
348 348 202 202 202 348 321 348 348
435 435 435 435 435 435 435
486 486 486 486 486 486 486 486
486 486 486 486 486 486 486 486
139 547 139 547 134 547 547 139 547 547 435 137 486 547 135 139 139 547 139 135 547 547 139 135 547 547 547 547 134 486 547 139 547 547 547 486 139 486 547 139 547 547 486 135 139 547 547
435 435 435 435 435 435 435
530 530 530 530 530 530 530 530 530
435 435 435 435 435 435 435
435 435 435 435 435 435 435
348 348 348 348 315 174 174 348
139 139 139 139 139 139 139 139 139 139 139 139 139 139 139 139 139 139
435 435 435 435 435 435 435
139 139 139 139 139 139 139 139 139 139 139 139 139 139 139 139 139 139
348 348 348 254 254 326 348 326 254
65 65 65 65 65 65 65 65 65 65 65 65
435 435 435 435 435 435 435 435 435 451 435 435 435
348 254 348 361 296 348 254 348 296 254 254 254 348 348 254 254 348 348 348 348 296
19 547 547 19 547 547 95 547 547 547 95 95 547 547 547 547 547 547 547 19 547 19 547 95 547 19 19 547 95 547 547 19 3 547 547 3 547 547 547 547 547 95 547 547 95 95 547 547 95 547 547 95 95 547 547 547 547 95 19
486 486 486 486 486 486 486 486
100 100 100 100 100 100 100 100 100 100 100 100 100 100 100
348 254 348 348 326 348 348 254 254 254
435 435 435 435 435 435 435
435 435 435 435 435 435 435
321 254 348 254 348 348 241 378 348 348 189 254 348 348 348 348 369 348 233 348
19 10 348 348 19 348 348 19 19 19 19 19 19 348 19
530 530 530 530 530 530 530 530 530
369 348 348 348 348 348 348 348 348 348 348
435 435 435 435 435 435 435
65 65 65 65 65 65 65 65 65 65 65 65
100 100 100 100 100 100 100 100 100 100 100 100 100 100 100
547 547 547 547 547 547 547 547 547 547 547 547 547 547 547 547 547 547 547 547 547 547 547 547 547 547 547 547 547 547
19 19 19 19 19 19 19 19 19 19
326 348 348 254 254 348 348 254 254 348
435 202 435 435 404 202 435 435 202 435
348 435 348 348 348 364 348 435 348 435 348 348 435 348 435 348 435
100 547 100 547 100 100 547 100 547 547 547 547 100 547 547 100 547 100 547 100 547 100 547 547 100 547 100 100 547 547 547 547 547 547 547 100 547 547 547 547 100 547 547
254 202 226 254 202 202 254 254
435 435 435 435 435 435 435
486 486 486 467 254 254 254 254 486 486 486 486
202 213 202 202 202 202 202 202 202 202
435 435 435 435 435 435 435
435 435 435 435 435 435 435
348 348 348 254 348 254 254 348 326 254
486 486 486 486 486 486 486 486
435 435 435 435 435 435 435
348 369 348 348 348 348 348 348 348 348 348
254 435 348 348 254 435 435 254 348 254 254 435 348 254 348 348 254 348 348 348 254 254 348 348 348 348 254 435 254 435 254 348 348 293
348 202 348 202 321 348 348 348 202
233 254 348 348 348 348 348 254 254 254
486 486 486 486 486 486 486 486
547 547 547 547 95 547 547 547 95 95 547 547 547 547 547 547 547 547 547 95 547 547 95 547 547 95 547 547 95 547 547 547 547 547 95 547 547 95 95 547 547 95 547 547 95 95 547 547 547 547 95
254 435 254 244 435 254 435 254 435 435 435
435 435 435 435 435 435 435
254 254 254 254 254 254 254 254 285
547 547 547 547 547 547 547 547 547 547 547 547 547 547 547 547 547 547 547 547 547 547 547 547 547 547 547 547 547 547 547 547
348 348 348 337 348 435 435 435 435 348 435 435
348 369 348 348 348 348 369 369 348
435 435 435 435 435 435 435
530 530 530 530 530 530 530 530 530
435 435 435 435 435 435 435
348 348 321 348 254 318 318 254 183
435 435 435 435 435 435 435
254 348 254 236 348 348 348 348 348 348 348 348 348 202 202 202 254 254
435 435 435 435 435 435 435
530 530 530 530 530 530 530 530 530
435 435 435 435 435 435 435
486 486 486 486 486 486 486 486
124 124 124 124 124 124 124 124 124 124 124 124 124 124 124 124 124
254 233 348 348 254 348 348 254 348 254
344 348 530 254 321 321 530 530 530 254 530 226 348 530 254 530 348 530
348 369 348 348 348 369 348 348 348 348
139 124 100 137 124 124 139 114 106 114 124 100 139 100 139 100 139 100 100 139 100 124 139 124 100 139 139 100 137 100 100 100 139 139 124 124 139 124 100 124 114 114 100 114 139 139 139 124
254 254 257 45 160 45 254 45 254 223 45 254 254 254 45 45 45 45 45
139 139 139 139 139 139 139 139 139 139 139 139 139 139 139 139 139 139
530 530 530 530 530 530 530 530 530
348 348 348 348 348 348 348 348 348 348 369
547 547 547 547 95 547 547 547 95 547 547 547 547 547 547 547 547 547 547 95 547 547 95 547 547 95 547 547 95 547 547 95 547 547 95 547 547 95 95 547 547 95 547 547 95 95 547 547 547 547 95
348 348 348 348 348 369 348 348 348 348 348
348 254 348 348 254 348 254 326 254 348
435 435 435 435 435 435 435
348 19 348 306 306 19 348 19 19 19 19 19 19 348
435 435 348 435 348 443 435 435 435 435 435 435 202 202 202 435 315 348 171 348 435
296 254 254 296 254 296 296
348 345 530 435 530 523 435 348 348 348 530 530 435 348 435 530 530 435 530
530 530 348 530 518 348 530 348 530 348 530 530 530 348
435 435 435 435 435 435 435
139 139 139 254 139 254 139 254 139 139 139 139 139 139 139 254 139 139 139 139 131 139
348 337 348 435 435 435 348 435 348 435 348 435
202 348 348 348 254 348 348 315 348 348 223 348 348 254 348 348 202 348 254 191 348 348 202
486 486 486 486 486 486 486 486
285 254 285 254 285 254 254
530 530 254 530 284 530 530 254 254 254 254 516 530 254 516
254 435 244 435 435 244 254 435 254 435
139 139 139 139 139 139 139 139 139 139 139 139 139 139 139 139 139 139
435 435 435 435 435 435 435
435 348 348 421 435 348 435 348 435 348 435 435
348 326 254 348 254 254 254 348 348 348
435 435 435 435 435 435 435
435 435 435 435 435 435 435
435 435 435 435 435 435 435
202 348 348 202 348 202 348 189 348
547 547 547 547 547 547 547 547 547 547 547 547 547 547 547 547 547 547 547 547 547 547 547 547 547 547 547 547 547 547 547 547
530 530 530 530 530 530 530 530 530
435 254 254 435 435 410 254 435 254 435 435
254 254 254 254 202 254 254 254 202 262 202 254
348 348 486 486 348 348 348 486 341 486 486 486 486
348 348 369 348 348 348 348 348 348 348 348
254 348 233 233 348 348 348 254 254
19 19 19 19 19 19 19 19 19 19
435 421 348 348 348 435 435 348 435 348 435 435
486 486 486 486 486 486 486 486
348 197 319 435 435 435 435 321 435 348 348 321
166 65 435 65 59 348 65 65 435 348 369 348 348 348 348 65 435 65 169 348 348 369 65 65 348 166 348 348 348 65 348 348 348 65 348 348 348 435 348 435
435 435 435 435 435 435 435
348 348 254 348 348 254 348 326 254 254
254 435 435 435 254 254 254 435 435 244 435
435 435 435 435 435 435 435
348 348 348 369 348 348 348 348 348 348 348
202 202 254 183 254 202 254 254
435 435 435 435 435 435 435
486 348 348 348 486 348 348 348 348 435 348 348 348 348 410 348 348 486 348 348 348 410 435 467 348 486 410 380 348 348 435 348 486 486
139 139 547 435 435 139 547 547 547 136 435 139 547 547 135 139 139 547 547 139 139 547 435 139 139 547 547 139 135 139 435 547 547 547 435 547 435 139 547 547 547 547 547 435 547 547 547 135 547 547 547 547 135 547
348 369 348 348 348 348 348 369 348 348 348 348 348 377
348 348 348 348 348 348 348 348 348 348 369
547 547 547 547 547 547 547 547 547 547 547 547 547 547 547 547 547 547 547 547 547 547 547 547 547 547 547 547 547 547 547 547
435 435 435 435 435 435 435
254 254 348 348 254 233 348 254 348 348
435 435 435 435 435 435 435
435 435 435 435 435 435 435
486 486 486 486 486 486 486 486
435 486 486 486 435 435 435 486 427 486 435 486 486 435
139 534 139 542 65 546 139 65 546 535 139 533 45 43 546 65 37 65 51 546 55 65 55 45 546 541 65 139 65 507 55 66 125 45
254 530 254 530 285 530 254 254 285 530 254 254 530 530 296 298 530 285 530 254
45 45 45 45 45 45 45 45 45 45 45
95 95 95 95 95 95 95 95 95 95 95 95 95 95
45 45 45 45 45 45 45 45 45 45 45
45 45 202 45 202 45 45 45 45 45 45 45 26 202
65 65 65 65 65 65 65 65 65 65 65 65
19 19 19 19 19 19 19 19 19 19
486 486 486 486 486 486 486 486
369 348 369 369 369 369 348
530 530 530 530 530 530 530 530 530
45 45 45 45 45 45 45 45 45 45 45
124 124 124 124 124 124 124 124 124 124 124 124 124 124 124 124 124
486 486 486 486 486 486 486 486
347 367 367 19 19 19 518 19 530 10 306 367 367 530 530
486 486 486 486 486 486 486 486
157 157 157 157 157 157 157 157 157 157 157 157 157 157 157 157 157 157 157 157
486 486 486 486 486 486 486 486
486 486 486 486 486 486 486 486
45 45 45 45 45 45 45 45 45 45 45
254 348 348 233 254 348 254 254 348 348
157 157 151 95 157 150 23 150 157 157 150 157 157 150 150 157 95 157 150 157 150 150 95 150 95
435 435 435 435 435 435 435
435 435 435 435 435 435 435
530 530 530 530 530 530 530 530 530
285 254 254 254 254 254 254 254 254
530 530 530 530 530 530 530 530 530
486 486 486 486 486 486 486 486
435 435 435 435 435 435 435
435 435 435 435 435 435 435
435 435 435 435 435 435 435
530 540 540 540 530 540 540 540 540 540
19 19 19 19 19 19 19 19 19 19
530 530 530 530 530 530 530 530 530
486 486 486 486 486 486 486 486
45 45 45 45 45 45 45 45 45 45 45
139 109 138 433 124 434 139 139 122 486 124 139 124 122 119 530 119 139 139 139 111 139 124 486 486 486 139 139 121 139 530 486 124 256 124 124 121 108 530 536 108 139 139
157 157 139 421 504 139 95 124 92 157 123 107 124 84 124 123 139 107 93 421 157 157 101 421 157 510 444 102 95 105 124 128 128 90 124 84 157 139 348 124 435 446 124 128 84 435 84 95 311 91 102 84 139 117
254 45 202 506 45 530 254 506 202 45 506 506 254 506 202 254 530 506 225 45
435 435 435 435 435 435 435
530 530 530 530 530 530 530 530 530
42 45 45 45 45 530 530 530 45 530 530 45 42 530 45 42 45
144 144 144 144 144 144 144 144 144 144 144 144 144 144 144 144 144 144 144
65 65 65 65 65 65 65 65 65 65 65 65
435 435 435 435 435 435 435
19 19 254 254 8 19 19 8 19 254 19 19 19
435 435 435 435 435 435 435
157 157 139 152 139 157 127 139 157 127 139 139 157 157 157 127 128 128 128 128 157 157 139 157 128 128 157 157 127 128 139
486 486 486 486 486 486 486 486
435 435 435 435 435 435 435
421 421 435 421 421 348 421 435
254 348 233 233 348 233 233
530 530 530 530 530 530 530 530 530
435 435 435 435 435 435 435
486 486 486 486 486 486 486 486
486 486 486 486 486 498 486 486 486 486 486 486 486 486 486
427 427 486 486 435 427 486 427 427 435
486 486 486 486 486 486 486 486
45 435 435 435 45 45 435 45 45 45 36 435 45 45 45 435 45
530 530 530 530 530 530 530 530 530
45 81 45 45 22 50 448 22 45 436 486 435 437 28 22 45 71 22 45 45 22 45 47 45 45 45 81 435 22 45 22 437 438 45 486
486 254 486 254 486 486 486 254 486 467 254 486
530 530 530 530 530 530 530 530 530
197 202 435 202 435 435 435 435 202 435
486 486 486 486 486 486 486 486
348 530 486 530 530 486 530 530 348 486 486 530 346 486 530 486 348 348 486 530 348
530 530 530 530 530 530 530 530 530
124 124 124 124 124 124 124 124 124 124 124 124 124 124 124 124 124
19 19 254 254 8 19 19 8 19 254 19 19 19
435 435 435 435 435 435 435
65 65 65 65 65 65 65 65 65 65 65 65
435 435 435 435 435 435 435 435 435 435 435 435 451
369 254 348 359 254 369 348 348 369 254 348 254
65 65 67 57 65 65 57 65 65 65 65 65 65 65 65 65 65 65 57 65 65 65 65
348 435 435 337 435 348 435 348 435 348 348 435
486 486 486 486 486 486 486 486
435 435 433 435 530 530 530 530 435 433 530 530 435 530
540 530 530 530 530 530 530 540 540 530 540 530 530 530
486 469 469 306 19 486 19 19 474 486 19 486 19 306 486 306
306 19 19 19 307 306 19 19 19 19 19 19 19 19 19 348 19 348 19 19 306
435 435 435 435 435 435 435
486 486 486 486 486 486 486 486
202 435 385 19 195 202 19 435 435 19 19 19 202 385 435 19 19
486 486 486 486 486 486 486 486
486 486 486 486 486 486 486 486
347 337 337 530 530 435 337 530 435 435 347 530 345 530 530
530 530 530 530 530 530 530 530 530
530 530 530 530 530 530 530 530 530
486 530 483 530 530 486 483 483 483 486 483 530
254 254 202 254 254 226 202 202
530 530 530 530 530 530 530 530 530
435 435 348 348 435 423 348 348 369 435 435 423 369
530 530 530 530 530 530 530 530 530
95 95 95 95 95 95 95 95 95 95 95 95 95 95
486 486 486 486 486 486 486 486
486 486 486 486 486 172 486 486 461 486 486 486 486 486 486 486 486 500 486 486 486 486
348 348 359 233 348 233 348 233 254 348 348 348
486 486 435 435 486 478 478 435 435 486 486 486 435
202 435 435 435 435 202 202 435 197 435
435 435 435 435 435 435 435
530 348 348 348 348 518 530 530 530 530 530 530 530 348
435 435 435 435 451 435 435 435 435 435 435 435 435
486 486 486 486 486 486 486 486
19 19 19 19 19 19 19 19 19 19
45 45 45 45 45 45 45 45 45 45 45
348 254 326 326 326 348 326
435 435 435 435 435 435 435
486 486 486 486 494 478 435 435 486 486 478 486 486 486 486 435 478 486
157 157 157 157 157 157 157 157 157 157 157 157 157 157 157 157 157 157 157 157
530 530 530 530 530 530 530 530 530
124 124 124 124 124 124 124 124 124 124 124 124 124 124 124 124 124
435 435 159 396 435 435 202 435 202 435 202
124 124 124 124 124 124 124 124 124 124 124 124 124 124 124 124 124
530 530 530 530 530 530 530 530 530
530 530 530 530 530 530 530 530 530
435 435 348 348 348 435 348 435 421 435 435 348
435 435 435 435 435 435 435
435 435 435 435 435 435 435
435 435 435 435 435 435 435
530 530 530 530 530 530 530 530 530
95 95 95 95 95 95 95 95 95 95 95 95 95 95
435 435 435 435 435 435 435
144 144 144 144 144 144 144 144 144 144 144 144 144 144 144 144 144 144 144
435 435 435 435 435 435 435
254 285 254 254 254 285 285
530 530 530 530 530 530 530 530 530
435 435 435 435 435 435 435
19 19 19 19 19 19 19 19 19 19
474 486 474 486 348 474 486 348 474 486
530 530 530 530 530 530 530 530 530
157 157 157 157 157 157 157 157 157 157 157 157 157 157 157 157 157 157 157 157
435 435 435 435 435 435 435
65 65 65 65 65 65 65 65 65 65 65 65
486 486 486 486 486 486 486 486
530 530 530 530 530 530 530 530 530
530 530 530 530 530 530 530 530 530
435 486 435 427 486 486 486 486 435 435 427 486 435
254 254 530 530 530 254 202 251 530 530 530 530 530 202 254 202
316 45 348 45 348 45 348 348 321 45 45 45 45 45 178 178
486 486 486 486 486 486 486 486
81 72 81 72 72 72 72 81 81 72 72 72 45 72 45
435 202 404 435 435 202 435 202 435 435
530 530 530 530 530 530 530 530 530
486 486 178 45 462 45 45 486 45 486 464 45 45 486 45 45 486 178
530 545 530 530 540 540 540 530 540 545 540 545 530 540 530
144 144 144 144 144 144 144 144 144 144 144 144 144 144 144 144 144 144 144
435 435 427 486 486 486 486 486 435 435 486 435 435 486
486 435 486 486 493 486 202 435 486 348 486 486 435 486 486 435 486 348 486 486 348 435 486 435 486 348 202 348 202
455 427 435 451 427 45 45 435 435 435 45 45 45 403 435 451 453 457 427 435 455 486 451 45 45 45 435
95 95 95 95 95 95 95 95 95 95 95 95 95 95
486 486 486 486 486 486 486 486
348 202 202 202 321 348 348 348 348
435 435 435 435 435 435 435
486 486 486 486 486 486 486 486
435 435 435 435 435 435 435
45 45 45 45 45 45 45 45 45 45 45
435 435 435 435 435 435 435
486 486 486 486 486 486 486 486
486 486 486 486 486 486 486 486
486 486 486 486 486 486 486 486
157 157 157 157 157 157 157 157 157 157 157 157 157 157 157 157 157 157 157 157
486 486 486 486 486 486 486 486
435 435 435 435 435 435 435
254 435 435 254 435 435 254 244 435 254 435
435 254 435 348 435 254 348 348 254 435 435 435 254 348 348 407
157 157 157 157 157 157 157 157 157 157 157 157 157 157 157 157 157 157 157 157
486 486 486 486 498 486 486 486 498 486 498 486 486
530 530 530 530 530 530 530 530 530
530 530 435 435 530 435 530 530 523 523 530 435 435 530
254 253 530 530 254 530 530 530 530 254 530 254 530
444 451 451 348 435 348 435 348 435 444 435 348 435 435
435 435 435 435 435 435 435
486 486 486 486 486 486 486 486
530 530 530 530 530 530 530 530 530
19 19 19 19 19 19 19 19 19 19
348 369 348 348 348 348 348 348 348 348 348
530 530 530 530 530 530 530 530 530
157 326 157 157 348 157 157 254 157 157 157 157 223 157 157 348 326 323 157 348 157 157 157 157 154 157 157
19 19 19 19 19 19 19 19 19 19
530 530 523 530 348 435 521 348 530 435 530 435 435 348 530 530 348 421
144 144 144 144 144 144 144 144 144 144 144 144 144 144 144 144 144 144 144
202 202 202 202 202 211 202
124 124 348 421 112 486 486 486 124 348 124 348 427 124 486 486 427 421 486 124 486 124 421 486 486 365 348 124 112 486 486 486 124 112 486 348 124 348 486 435 444 124 486 486 435 486 124 486 124 486
435 435 435 435 435 435 435
325 358 348 246 326 474 486 348 474 348 486 358
65 65 65 65 65 65 65 65 65 65 65 65
435 435 435 435 435 435 435
19 19 19 19 19 19 19 19 19 19
486 486 486 486 486 486 486 486
139 139 139 139 139 139 139 139 139 139 139 139 139 139 139 139 139 139
530 530 530 530 530 530 530 530 530
530 530 530 530 530 530 530 530 530
124 124 124 124 124 124 124 124 124 124 124 124 124 124 124 124 124
19 19 19 19 19 19 19 19 19 19
19 19 19 19 19 19 19 19 19 19
435 435 435 435 435 435 435
19 19 19 19 10 10 19 348 19 348 19 348 19 348
486 486 486 486 486 486 486 486
474 486 486 486 486 348 486 348 486 348 486 348 348
435 435 435 435 435 435 435
530 530 530 530 530 530 530 530 530
124 124 124 124 124 124 124 124 124 124 124 124 124 124 124 124 124
254 486 254 486 486 486 250 486 254 254 486 486
435 435 435 435 435 435 435
530 530 530 530 530 530 530 530 530
435 435 486 435 427 427 486 427 486 486 486 435
254 486 486 254 202 245 486 202 254 254 486 486 202 486 486
486 19 19 478 19 14 486 486 435 19 478 19 19 435 435 486 14 19 19
139 400 137 124 139 139 435 116 395 202 124 139 124 116 118 139 139 139 115 139 435 124 110 202 139 139 117 139 124 124 131 421 117 435 124 429 110 139 202 139
254 435 435 254 435 435 435 254 244 435 254
530 530 530 530 530 530 530 530 530
486 486 486 486 486 486 486 486
486 486 486 486 486 486 486 486
530 530 530 530 530 530 530 530 530
435 435 435 435 435 435 435
486 486 486 486 486 486 486 486
19 19 19 19 19 19 19 19 19 19
65 65 65 65 65 65 254 65 254 65 65 65 254 254 65 58
486 348 486 486 486 348 474 348 348 486 486 486 348
435 435 435 435 435 435 435
530 530 530 530 530 530 530 530 530
19 19 19 19 19 19 19 19 19 19
530 530 530 530 530 530 530 530 530
45 148 157 139 484 530 139 95 523 19 497 386 49 144 45 19 45 95 386 139 530 45 16 496 147 144 148 20 19 45 45 157 486 126 543 147 486 144 95 486 144 530 486 157 19 126 544 44 144 481 19 139 309 144 19 157 18 19 45 486 126 147 19 144 150 532 46 145 520 144 41 6 520 45 24 157 144 144
348 435 254 435 272 435 326 326 435 254 348 348 335 348 348 254 254 254 435 348 348
435 435 435 435 435 435 435
341 486 489 206 254 202 254 435 348 202 486 435 254 183 254 486 478 341 435 478 486 202 435 486 435 254 254 285 226 435 254 254 435 486 435 435 486 202 202 254 486 348 486 435 341 254
435 435 435 435 435 435 435
254 254 254 254 254 254 254 254 296 254 254 254 254
45 530 254 530 435 530 254 45 523 530 45 254 27 45 530 435 530 435 45 45 530 254 435 45 45 435 45 45
486 486 486 486 486 486 486 486
477 486 477 348 486 348 348 477 486 348 348 348 486 477
435 435 435 435 435 435 435
45 45 45 45 45 45 45 45 45 45 45
95 95 95 95 95 95 95 95 95 95 95 95 95 95
486 486 486 486 486 486 486 486
65 254 65 65 254 65 65 65 254 65 65 65 58 65 65 254
348 348 352 166 315 348 348 348 348 348 348
486 486 486 486 486 486 486 486
8 19 19 19 19 19 254 19 8 19 254 254 19
530 530 530 254 516 530 530 254 530 530 254 530 254
19 19 19 19 19 19 19 19 19 19
435 435 435 435 435 435 435
486 486 486 486 486 486 486 486
435 254 435 435 254 435 435 410 254 254 435
157 157 157 157 157 157 157 157 157 157 157 157 157 157 157 157 157 157 157 157
435 435 435 435 435 435 435
139 139 139 139 139 139 139 139 139 139 139 139 139 139 139 139 139 139
143 157 157 157 144 143 143 143 157 143 144 144 157 157 143 144 144 144 157 157 157 143 144 157 143 149 144 141 157 144 144
45 45 45 45 45 45 45 45 45 45 45
348 336 435 336 336 486 336 336 435 486 486
530 530 530 530 530 530 530 530 530
486 348 486 348 348 486 348 486 486 486 348 474 486
321 348 202 348 202 348 348 202 348
486 486 486 486 486 486 486 486
435 435 435 435 435 435 435
444 451 451 348 435 348 435 348 435 444 435 348 435 435
143 157 151 95 157 144 144 85 142 143 157 142 144 95 142 157 157 142 144 157 95 144 157 153 157 142 144 153 142 146 144 141 95 144 144 144
435 435 435 435 435 435 435
45 45 45 45 45 45 45 45 45 45 45
435 435 435 435 435 435 435
45 45 45 45 45 45 45 45 45 45 45
435 435 435 435 435 435 435
486 486 486 486 486 486 486 486
435 435 435 435 435 435 435
435 435 435 435 435 435 435
530 530 530 530 530 530 530 530 530
435 435 435 435 435 435 435
139 139 124 48 65 435 310 139 45 65 415 45 124 310 414 45 120 45 531 45 119 124 435 535 421 124 102 61 102 51 103 124 45 139 139 535 44 124 65 139 124 120 139 435 420 45 45 24
486 435 530 518 530 435 172 254 166 435 530 530 486 254 530 435 315 435 254 530 399 348 435 530 172 530 518 530 526 450 435 435 432 530 254 474 172 530 348 348 435 435 530
435 435 435 435 435 435 435
124 124 124 124 124 124 124 124 124 124 124 124 124 124 124 124 124
435 435 435 435 435 435 435
486 486 486 486 486 486 486 486
486 435 486 478 478 435 478 486 435 478 486
139 139 139 139 139 139 139 139 139 139 139 139 139 139 139 139 139 139
486 486 486 486 486 486 486 486
348 348 364 435 348 348 348 435 348 435 348 435 435 435 348 348 348
435 435 435 435 435 435 435
530 530 523 530 435 523 530 530 435 530 435 530 435 435
110 433 124 384 394 102 124 124 394 530 102 393 124 393 124 102 530 124 516 124 102 530 393
530 254 530 254 530 530 254 530 530 530 254 530 516
95 95 530 530 94 530 95 530 530 95 95 95 95 530 530 95 95 95 530 95 95 95
435 435 435 435 435 435 435
530 530 530 530 530 530 530 530 530
348 348 435 348 435 435 348 348 337 435 435 435
530 530 530 530 530 530 530 530 530
435 530 399 530 530 435 435 530 511 530 435 430 435 530 530
530 530 530 530 530 530 530 530 530
456 486 486 19 486 486 19 486 348 486 499 486 348 486 486 486 19 19 348 348 19 486 486 456 19 486 486 499 486 486
530 530 530 530 530 530 530 530 530
45 45 45 45 45 45 45 45 45 45 45
326 348 254 348 348 254 254 348 348 254
124 124 124 124 124 124 124 124 124 124 124 124 124 124 124 124 124
486 486 486 486 486 486 486 486
530 530 530 530 530 530 530 530 530
19 486 19 15 19 19 15 486 15 19 486 15 15
435 435 435 435 435 435 435
321 348 202 348 202 348 202 348 348
435 435 427 486 435 486 486 486 435 435 486 427 486
486 486 486 486 486 486 486 486
19 19 19 19 19 19 19 19 19 19
530 530 530 530 530 530 530 530 530
19 19 19 19 19 19 19 19 19 19
348 202 348 348 202 202 348 321 348
486 486 486 486 486 486 486 486
486 486 486 486 486 486 486 486
435 435 421 435 348 348 435 348 348 435 348 435
425 435 435 486 435 435 486 254 486 435 435 254 254 486 486 254 486 486
435 435 435 435 435 435 435
486 486 486 463 183 254 254 486 486 202 486 183 486
333 348 435 348 348 315 435 399 435 435 348 435
139 157 157 137 124 133 124 157 139 139 112 487 124 131 124 139 487 139 254 139 139 124 157 139 68 65 151 124 139 139 124 488 139 152 65 152 124 63 151 157 124 254 104 157 65 491 157 254 152 151 124 151 64 249 124 132 124 130 139 151 124 65 139
486 486 486 486 486 486 486 486
486 486 486 486 486 486 486 486
435 486 427 435 486 486 486 486 435 486 435 427 435
435 435 435 435 435 435 435
19 19 19 19 19 19 19 19 19 19
139 139 139 139 139 486 139 139 139 139 139 129 139 139 486 139 139 486 486 486 139 461 139 486 458
435 435 435 435 435 435 435
523 530 523 341 528 486 486 486 486 340 348 530 530 410 486 498 341 523 498 467 523 530 419
486 486 486 486 486 486 486 486
19 19 19 19 19 19 19 19 19 19
486 348 348 486 486 474 474 348 486 486 348 486
486 486 486 486 486 486 486 486
530 530 530 530 530 530 530 530 530
19 10 348 348 348 19 19 10 348 19 19 348 348 348 348 19 19 11
435 435 435 435 435 435 435
202 486 486 486 486 486 202 202 198 486 486
486 254 486 254 486 486 254 467 254 486 486 486
530 348 202 348 202 315 530 530 320 511 530 202 530 530 348 530 348
95 95 95 95 95 95 95 95 95 95 95 95 95 95
254 285 254 254 285 285 254
254 478 478 254 478 435 486 248 486 254 254 478 478
435 435 435 435 435 435 435
530 530 530 530 530 530 530 530 530
435 435 435 435 435 435 435
435 435 435 435 435 435 435
435 435 435 435 435 435 435
435 486 426 348 477 486 348 435 477 435 435 348 486 435 348 348 486 477 435 348
435 435 435 435 435 435 435
433 433 530 530 530 433 433 433 530 435 435
486 530 483 530 530 486 486 483 483 483 483 530
486 530 486 530 530 486 486 486 530 530 486 530 483 486 530 530
144 144 144 144 144 144 144 144 144 144 144 144 144 144 144 144 144 144 144
143 157 151 95 157 144 144 85 142 143 157 142 144 95 142 157 157 142 144 157 95 144 157 153 157 142 144 153 142 146 144 141 95 144 144 144
435 435 435 435 435 435 435
202 211 202 202 202 202 202
65 45 530 21 45 42 63 45 42 65 65 65 21 21 65 21 65 45 21
139 139 139 139 139 139 139 139 139 139 139 139 139 139 139 139 139 139
45 45 45 45 45 45 45 45 45 45 45
45 45 45 45 45 45 45 45 45 45 45
435 421 435 348 348 435 348 348 435 348 435 435
486 486 486 486 486 486 486 486
435 435 435 435 435 435 435
530 530 530 530 530 530 530 530 530
486 19 19 435 478 19 14 486 435 19 478 19 19 486 435 486 14 19 19
157 157 157 157 157 157 157 157 157 157 157 157 157 157 157 157 157 157 157 157
337 435 435 337 435 339 435 337 435 348 337 435 435 435
474 486 474 486 348 474 486 348 474 486
359 348 348 254 348 254 348 348 348 348 254 348 348 348 254
254 254 348 348 348 348 254 348 233 254
295 254 254 466 254 348 254 233 486 486 254 486 348 486 254 254 467 254 466
254 202 254 254 254 202 202 226
486 486 486 486 486 486 486 486
254 254 254 348 254 348 348 254 269 254 254 348 348 254
95 95 95 95 95 95 95 95 95 95 95 95 95 95
486 486 486 486 486 486 486 486
45 45 45 45 45 45 45 45 45 45 45
139 139 139 139 139 139 139 139 139 139 139 139 139 139 139 139 139 139
435 435 435 435 435 435 435
143 157 151 95 157 144 142 85 142 143 157 142 144 95 144 157 157 142 144 157 95 144 157 153 157 142 144 153 142 146 144 141 95 144 144 144
435 435 435 435 435 435 435
435 435 435 435 435 435 435
19 486 19 486 486 540 540 530 540 486 486 486 19 19 537 495 486 538 254 486 15 183 254 486 540 19 15 530 540 486 254 15
254 254 254 254 254 285 254 254 254
435 435 435 435 435 435 435
435 435 435 435 435 435 435
45 45 45 45 45 45 45 45 45 45 45
486 486 486 486 486 486 486 486
435 486 486 435 427 486 486 486 486 486 435 435 435 435
530 530 530 530 530 530 530 530 530
157 157 157 157 157 157 157 157 157 157 157 157 157 157 157 157 157 157 157 157
486 486 486 486 486 486 486 486
435 435 435 435 435 435 435
486 486 486 486 486 486 486 486
455 427 435 451 427 45 45 435 435 435 45 45 45 403 435 451 453 457 427 435 455 486 451 45 45 45 435
486 530 486 486 461 486 530 530 486 480 511 530 530 486 530 530
45 348 348 45 45 45 45 29 45 348 348 29 45 45 45
19 19 19 19 19 19 19 19 19 19
530 540 540 540 530 540 540 540 540 540
65 65 65 65 65 65 65 65 65 65 65 65
435 435 435 435 435 435 435
45 45 45 45 45 45 45 45 45 45 45
433 433 530 530 530 433 433 433 530 435 435
348 254 254 348 348 254 254 326 348 348
530 530 530 530 530 530 530 530 530
486 486 486 486 486 486 486 486
435 435 435 435 435 435 435
486 348 45 29 348 45 26 486 348 348 486 45 348 348 45 45 486 348 486 486 45 321 45 45 464 348 475
19 19 19 19 19 19 19 19 19 19
486 486 486 486 486 486 486 486
530 530 530 530 530 530 530 530 530
486 486 486 486 486 486 486 486
435 435 435 435 435 435 435
530 530 530 530 530 530 530 530 530
486 486 486 486 486 486 486 486
435 435 435 435 435 435 435
530 530 530 530 530 530 530 530 530
435 435 435 435 435 451 435 435 435 435 435 435 435
19 19 19 19 19 19 19 19 19 19
19 19 19 19 19 19 19 19 19 19
326 486 435 435 486 326 348 244 472 486 348 435 435 486 486 486 486 324
530 530 530 530 530 530 530 530 530
486 486 486 486 486 486 486 486
435 435 435 435 435 435 435
95 95 95 95 95 95 95 95 95 95 95 95 95 95
95 95 95 95 95 95 95 95 95 95 95 95 95 95
435 435 435 435 435 435 435
157 157 157 157 348 157 157 157 157 157 348 315 157 157 154 157 157 157 348 157 157 312 348 157 157
486 486 486 486 486 486 486 486
254 287 254 254 254 254 254 254 254 202 285 202 186
254 254 254 285 254 285 254 254
530 530 530 530 530 530 530 530 530
530 530 530 530 530 530 530 530 530
348 348 530 348 348 348 202 530 348 486 348 376 530 382 202 348 348 530 486 530 486 348 202 348 530 376 530 486 376 530
486 486 486 486 435 492 399 486 435 486 348 369 167 435 369 486 486 486 435 486 435 486 348 474 348 486 486
348 202 348 202 348 202 321 348 348
486 486 486 486 486 486 486 486
65 65 65 65 254 254 254 65 65 58 65 65 65 65 65 254
435 435 435 435 435 435 435
435 435 435 435 435 435 435
45 45 45 45 45 45 45 45 45 45 45
530 530 530 530 530 530 530 530 530
435 435 435 435 435 435 435
19 19 19 19 19 19 19 19 19 19
435 435 435 435 435 435 435
45 45 45 45 45 45 45 45 45 45 45
45 81 45 45 22 50 427 22 45 424 486 36 28 22 45 80 22 45 45 22 45 47 45 45 45 81 22 45 22 36 50 45 486
530 254 516 254 530 530 530 530 530 530 530 254 254
435 435 435 435 435 435 435
486 486 486 486 486 486 486 486
530 530 530 530 530 530 530 530 530
435 435 435 435 435 435 451 435 435 435 435 435 435
19 17 530 17 17 530 19 19 17 530 17 19 17
45 45 45 45 45 45 45 45 45 45 45
435 435 435 435 435 435 435
321 348 348 348 202 202 348 202 348
435 435 435 435 435 435 435
486 486 486 486 486 486 486 486
435 435 435 435 435 435 435
45 348 29 45 45 348 29 45 45 29 45 45 29
95 95 95 95 95 95 95 95 95 95 95 95 95 95
435 435 435 435 435 435 435
530 530 530 530 530 530 530 530 530
530 45 530 45 45 435 530 45 530 435 45 435 530 435 435 435 45 530 530 530 45 45 505 45 45
486 486 486 486 486 486 486 486
65 65 65 65 65 65 65 65 65 65 65 65
254 202 181 233 202 202 348 348 233 233
19 19 19 19 19 19 19 19 19 19
45 45 45 45 45 45 45 45 45 45 45
486 486 486 486 486 486 486 486
486 486 486 486 486 486 486 486
530 95 95 530 95 530 95 95 530 530 95 530 95 95 530 95 95 95 95 509 95 530
19 486 19 486 486 486 486 19 19 486 19 15 19 19 19 486 19
65 65 65 65 65 65 65 65 65 65 65 65
486 486 486 486 486 486 486 486
435 435 254 410 435 254 254 435 435 254 435
45 45 45 45 45 45 45 45 45 45 45
65 65 65 65 65 65 65 65 65 65 65 65
348 435 348 435 348 435 348 435 337 435 435 348
348 435 486 348 348 435 348 474 409 435 348 247 348 486 348 486 407 348 486 474 435 486 348 246 486 486 486 348 348 486 381 348 348
435 348 254 435 417 435 326 326 254 254 254 435 348 254 418 435
530 530 530 530 530 530 530 530 530
486 486 486 486 486 486 486 486
183 202 254 183 254 202 254
435 435 435 435 435 435 435
19 17 530 19 17 530 17 19 17 530 17 19 17
435 435 435 435 435 435 435
348 211 202 202 348 348 216 202 322 211 202 322
486 486 486 486 486 486 486 486
45 45 45 45 45 45 45 45 45 45 45
45 45 45 45 45 45 45 45 45 45 45
81 72 81 72 72 72 72 81 81 72 72 72 45 72 45
65 65 65 65 65 65 65 65 65 65 65 65
65 65 65 65 65 65 65 65 65 65 65 65
8 19 19 19 19 19 254 19 8 19 254 254 19
95 95 95 95 95 95 95 95 95 95 95 95 95 95
202 45 202 45 45 202 178 45 45 45 45 45 45 45
486 486 486 486 486 486 486 486
486 464 202 486 202 486 202 486 486 486 486
453 435 441 530 254 435 411 435 254 201 530 530 441 452 254 530 254 435 453 451 530 530 530 435
435 435 435 435 435 435 435
45 45 45 45 45 45 45 45 45 45 45
348 348 369 348 348 348 348 348 348 348 348
45 45 45 45 45 45 45 45 45 45 45
478 478 435 486 486 435 479 254 435 254 486 478 254 478 435 442 254 435 435 254 254
486 486 486 486 486 486 486 486
157 157 157 157 157 157 157 157 157 157 157 157 157 157 157 157 157 157 157 157