499 499 499 499 499 499 499 499 499 499 499 499 499 499 499 499 499 499 499 499
133 133 133 151 151 151 133 133 133 133 415 297 297 499 499 499 297 415 415 499 151 151 415 499 297 297 151 133 151 151 133 499
375 499 499 375 499 375 375 375 499 499 499 375 375 499 499 499 499 499 499 375 375
499 499 499 499 499 499 499 499 499 499 499 499 499 499 499 499 499 499 499 499 499 499 499 499 499 499 499 499 499 499 499 499 499 499 499
499 171 110 171 171 110 110 171 110 110 171 499 110 110
499 499 499 499 499 499 499 499 499 499 499 499 499 499 499 499 499 499 499 499 499 499 499 499 499 499 499 499 499 499 499 499 499 499 499 499 499 499 499 499 499 499 499 499 499 499 499 499 499 499 499 499 499 499 499 499 499 499 499 499 499 499 499
0 0 0 0 0 0 0 0 0 0 0 0
27 152 35 35 27 152 27 27 27 27 35 35 35 35 27
3 3 3 3 3 3 3 3 3 3 3 3 3 3 3 3 3 3
0 0 0 0 0 0 0 0 0 0 0 0
7 13 7 7 7 7 7 13 94 13 7 13
5 5 5 5 5 5 5 5 5 5 5 5 5 5 5 5 5 5 5 5
499 499 499 499 499 499 499 499 499 499 499 499 499
416 416 499 499 499 499 499 499 416 499 416 499 416 499 499 499 499 416 416 416
499 499 499 499 417 499 499 499 499 499 499 499 499 499 499 499 417 499 499 499 499 499 499 499 499 499 499 417 499 499 499 499 417 499 499 499 417 499 499 499 417 499 499 499 499 417 499 499 499 417 499 499 499 499 499 499 499 499 499 499 499 499 499 499 499 499 499 499 499 499 499 499
5 5 5 5 5 5 5 5 5 5 5 5 5 5 5 5 5 5 5 5
499 499 499 499 499 499 499 499 499 499 499 499 499 499 499 499 499 499
109 22 43 22 43 43 22 43 109 22 22 22
499 298 298 298 499 298 298 298 499 499 499 499 499 499 298 298 298 298 499
499 499 499 499 499 499 499 499 499 499 499 499 499 499 499 499 499 499 499 499 499 499 499 499 499 499 499 499 499 499 499 499 499 499 499 499 499 499 499 499 499 499 499 499 499 499
499 499 499 499 499 499 499 499 499 499 499 499 499 499 499 499 499 499 499 499 499 499 499 499 499 499 499 499 499 499
499 499 299 299 499 499 499 299 299 299 499 499 499 499 499 299 299 499 499 499 299 299 299 499
499 499 499 499 499 499 418 418 418 499 418 418 499 499 418 418 499 499 418 499 499 499
499 499 499 499 499 499 499 499 499 499 499 499 499 499 499
3 3 3 3 3 3 3 3 3 3 3 3 3 3 3 3 3 3
499 499 499 499 499 499 499 499 499 499 499 499 499
196 419 419 196 196 419 196 196 419 499 419 196 419 419 196 196 196 196 419 196 196 196 196
133 133 133 151 151 151 133 133 133 133 415 297 297 499 499 499 297 415 415 499 133 151 415 499 297 297 151 133 151 151 151 499
27 152 35 35 27 152 27 27 27 27 35 35 35 35 27
0 0 0 0 0 0 0 0 0 0 0 0
499 499 300 499 499 300 300 300 499 499 300 300 499 499 499 300 300 499 499 499 499 499 499 499 300 300
215 499 499 499 215 215 499 499 499 499 499 215 499 499 499 215 215 215 499 215 499 499 499 499 215 215 499 215 499 499 499 499 499 499 499 499 499 215 499 215
499 197 420 420 197 197 197 420 420 197 197 197 499
421 499 499 421 421 499 499 421 499 421 421 499 499 421 499 421
36 36 36 422 36 36 36 36 36 36 36 36 422 36
499 301 198 198 301 198 198 301 301 198 198 499 499 198 499 301
302 302 423 499 302 499 302 423 302 499 423 302 302 423 499 423 302 423 423 423 302 302
8 6 64 8 6 8 6 8 6 6 8 6
95 499 114 499 303 114 114 95 95 303 95 499 114 303 114 114 95 114 95 499 95 303 303 95 114 95 95 95 95 114 114
45 45 96 96 45 153 45 45 96 45 153 45 96 153 96 153 45 45 45 96 499
499 424 424 424 499 499 499 424 424 499 424 424 424 499 499
499 499 499 499 499 499 499 499 499 499 499 499 499 499 499 499 499
44 77 77 44 44 111 44 44 77 111 44 111 77
134 172 376 499 222 134 172 134 222 172 134 376 222 172 172 134 222 376 134
14 14 14 20 14 20 20 20 14 14 20 14 20 223
284 499 499 284 499 284 284 499 499 284 499 499 284 284 499 284 499 499 499 284 284 499 284
30 50 30 30 50 50 50 30 30 30 30 30 499 50 30 50
17 46 17 17 46 46 17 46 17 17 304 17 17
3 3 3 3 3 3 3 3 3 3 3 3 3 3 3 3 3 3
499 285 499 499 285 285 499 499 499 499 499 285 285 499 285 499 285 285 499 499 499 499 285 285 285 499
499 425 499 425 499 499 425 499 499 425 425 499 499 499 499 499 499 425 499 499 425 425 499
9 9 9 9 9 9 9 9 9 9 9 9 9 9 9 9 9
18 18 18 59 59 18 426 18 18 59 59 18 18 18 18
499 499 499 499 427 427 499 499 499 428 428 499 427 499 499 499 428 499 427 499 499 499 499 428 499 499 499 499
0 0 0 0 0 0 0 0 0 0 0 0
0 0 0 0 0 0 0 0 0 0 0 0
20 14 14 20 14 14 223 14 14 20 20 20 20 14
5 5 5 5 5 5 5 5 5 5 5 5 5 5 5 5 5 5 5 5
8 6 8 6 8 6 6 6 6 8 8 64
9 9 9 9 9 9 9 9 9 9 9 9 9 9 9 9 9
51 37 37 51 37 37 51 37 51 37 499 51 37 51 37
97 499 135 97 97 224 97 97 135 224 97 135 135 224 97 135 97 224 135
499 429 499 429 430 499 429 499 430 499 429 499 430 430
499 431 431 432 432 499 499 431 432 499 432 431
5 5 5 5 5 5 5 5 5 5 5 5 5 5 5 5 5 5 5 5
499 499 499 499 499 499 499 499 499 499 499 499 499 499 499
96 153 96 96 153 96 45 96 96 45 499 45 153 45 45 153 45 45 45 45 45
225 136 173 136 173 136 499 225 136 499 225 225 173 136 173 499 173 136
18 18 18 59 18 59 18 18 18 59 18 59 18 426 18
499 499 499 499 499 499 499 499 499 499 499 499 499 499 499 499 499 499 499 499 499
7 7 7 7 13 7 13 13 94 7 7 13
499 499 499 499 499 499 499 499 499 499 499 499 499 499 499 499 499 499 499 499 499 499 499 499 499 499 499 499 499 499 499 499 499 499 499 499 499 499 499 499 499 499 499 499
226 226 226 226 499 499 499 499 499 226 226 226 226 226 499 226 499 226 226
38 38 47 47 38 47 433 47 38 98 38 98 47 38 98
305 227 199 227 305 199 199 199 227 227 305 227 305 499 227 305 199 199 199
499 499 499 499 499 499 499 499 499 499 499 499 499 499
0 0 0 0 0 0 0 0 0 0 0 0
12 12 12 19 19 12 19 12 12 19 174 12 19
115 115 115 228 115 228 228 499 228 115 228 115 115 115 499 228 115 115
3 3 3 3 3 3 3 3 3 3 3 3 3 3 3 3 3 3
499 499 499 499 499 499 499 499 499 499 499 499 499 499 499 499 499 499 499 499 499 499 499 499 499 499
499 499 499 499 499 499 499 499 499 499 499 499 499 499 499 499 499 499 499 499 499 499 499 499 499 499 499 499 499 499 499 499 499 499 499 499 499 499 499 499 499 499 499 499 499 499 499 499 499 499 499 499 499 499 499 499 499 499 499 499 499
499 499 499 499 499 499 499 499 499 499 499 499 499 499
5 5 5 5 5 5 5 5 5 5 5 5 5 5 5 5 5 5 5 5
5 5 5 5 5 5 5 5 5 5 5 5 5 5 5 5 5 5 5 5
77 77 44 44 111 44 44 77 111 44 44 111 77
175 499 175 377 377 175 499 377 175 499 175 499
499 499 499 499 499 499 499 499 499 499 499 499 499 499 499 499 499 499 499
116 40 116 40 40 40 40 116 306 40 40 116 40 306 40
6 64 8 8 6 8 6 6 8 6 8 6
77 77 44 44 111 44 44 77 111 44 44 111 77
8 6 6 8 8 8 6 8 6 64 6 6
499 499 499 499 499 499 499 499 499 499 499 499
499 499 499 499 499 499 499 499 499 499 499 499 499 499 499 499
499 499 499 499 499 499 499 499 499 499 499 499 499 499
6 6 6 8 64 6 6 8 6 8 8 8
0 0 0 0 0 0 0 0 0 0 0 0
434 307 499 434 307 499 499 434 307 499 499 499 307 307 434 307 434 499 499 307 499 434 499 499 499 434 499 434 499 499 307 499 307 307
499 499 499 499 499 499 499 499 499 499 499 499 499 499 499 499 499 499 499 499
57 57 81 499 81 57 81 81 57 81 81 499 57 57 57 81 112 112 112 112 57 57 81 57 112 112 499 57 499 112 81
132 132 132 132 499 132 132 499 132 499 132 132 499 132 132 499 499 499 132 499 132 132 132 132 132 132 132
499 499 499 499 499 499 499 499 499 499 499 499 499 499 499 499 499 499 499 499 499 499 499 499 499 499 499 499 499 499
499 499 499 499 499 499 499 499 499 499 499 499 499 499 499 499 499 499 499 499 499 499 499 499 499 499 499 499 499 499 499 499 499 499 499 499
435 499 435 499 499 499 435 499 435 435 499 435 435 499 435 499
200 436 200 308 436 436 436 499 308 200 200 200 499 200 308 308 308 200
499 499 499 499 499 499 499 499 499 499 499 499 499 499 499 499 499 499 499 499 499 499 499 499 499 499 499
499 499 499 499 499 499 499 499 499 499 499 499 499
437 437 229 229 499 437 229 437 229 499 229 437 437 229 229 229 229 437 437 229 229 229
499 499 499 499 499 499 499 499 499 499 499 499 499 499 499 499 499 499 499 499 499 499 499 499 499 499 499 499 499 499 499 499 499 499 499 499
37 37 37 51 51 37 51 37 37 51 51 499 37 37 51
9 9 9 9 9 9 9 9 9 9 9 9 9 9 9 9 9
33 65 65 33 33 65 33 65 33 499 33 33 65 33 65 33 33
78 78 78 78 438 438 78 78 78 78 78 78 78 438 499 438 78 78 78
304 46 17 17 17 17 17 46 17 17 17 46 46
230 154 230 154 154 230 230 154 154 230 230 154 154 154
499 439 499 439 499 439 439 439 439 499 499 439 439 499 499
5 5 5 5 5 5 5 5 5 5 5 5 5 5 5 5 5 5 5 5
50 50 50 30 50 30 30 30 30 30 30 50 30 499 50 30
440 499 499 499 499 499 440 499 499 499 440 440 440 499 440 440 499 440 499
77 77 44 44 111 44 44 77 111 44 44 111 77
499 499 499 499 499 499 499 499 499 499 499 499 499 499 499 499 499 499 499 499 499 499 499 499 499 499 499
3 3 3 3 3 3 3 3 3 3 3 3 3 3 3 3 3 3
216 499 499 499 216 499 499 216 216 216 499 499 499 499 216 499 499 499 499 499 499 499 499 499 499 499 499 499 499 499 216 499 499 499 499 499 499 499 499 216 499 499 216 499 216 499 499 499 499 499 499 499 499 216 499 499 499 499 216 499 499 499 499 216 499
21 11 11 201 21 11 11 21 11 11 21 21 11 11
19 12 12 12 19 12 19 12 19 12 19 174 12
7 13 7 13 7 13 7 13 7 94 7 7
231 79 79 231 79 79 499 79 231 79 79 79 79 79 231 79 79 79 79 231 231
378 499 378 499 499 499 499 378 499 378 378 499 499 499 499 499 499 499 499 378 499 499 499 378 378 499 378 499 499 499 499 499
499 499 499 499 499 499 499 499 499 499 499 499 499 499 499 499 499 499 499 499 499 499 499 499 499 499 499 499 499 499 499 499 499 499
0 0 0 0 0 0 0 0 0 0 0 0
499 499 499 499 499 499 499 499 499 499 499 499 499 499 499 499
499 499 499 499 499 499 499 499 499 499 499 499 499 499 499 499 499 499
499 499 499 499 499 499 499 499 499 499 499 499 499 499 499 499 499 499 499 499 499
441 499 499 441 499 441 441 441 441 441 441 499
499 499 499 499 499 499 499 499 499 499 499 499 499 499 499 499 499 499 499 499
15 15 15 15 15 15 499 15 15 15 15 15 15 15 15
499 499 499 499 427 427 499 499 499 428 428 499 427 499 499 499 428 499 427 499 499 499 499 428 499 499 499 499
4 4 4 4 4 4 4 4 4 4 4 4 4 4 4
499 499 499 499 499 499 499 499 499 499 499 499 499 499 499 499 499 499
232 232 232 499 499 232 232 499 499 499 499 232 499 499 499 499 499
499 176 499 499 176 176 176 176 176 499 176 499 176 499 176 176 176 499 499 176 176 176 176
7 94 13 7 7 13 7 13 7 7 13 7
499 499 499 499 499 499 499 499 499 499 499 499
499 499 499 499 499 499 499 499 499 499 499 499
0 0 0 0 0 0 0 0 0 0 0 0
177 178 178 178 177 177 177 177 178 499 499 178
499 499 499 499 499 499 499 499 499 499 499 499 499 499 499 499 499 499 499 499 499 499 499 499 499 499 499 499 499 499 499 499 499 499 499
499 379 379 379 499 499 379 379 499 379 379 379 379 499
442 442 442 499 499 499 499 286 286 499 499 442 442 286 286 286 499 499 286 286 442 286 499 286 499 442 286 499 499 499 499 499 286 442 499
499 499 499 499 499 499 499 499 499 499 499 499 499
499 499 499 499 499 499 499 499 499 499 499 499 499 499
499 499 499 499 499 499 499 499 499 499 499 499 499 499 499 499 499 499 499
499 499 443 443 499 443 499 443 499 499 499 499 499 499 499 443 443 499 499 499 499 443 499 499 499 499 499 443 499
444 499 445 445 444 499 446 499 499 499 499 499 446 444 499 499 445 446 446 499 444 446 499 445 445 445 446 499 446 445 499 444 444 446 444 499 444 445
4 4 4 4 4 4 4 4 4 4 4 4 4 4 4
52 41 31 31 52 31 31 52 31 31 380 41 41 41 52 41
0 0 0 0 0 0 0 0 0 0 0 0
499 499 499 499 499 499 499 499 499 499 499 499 499 499 499 499 499 499 499 499 499 499 499
64 8 6 8 8 6 6 6 8 6 8 6
4 4 4 4 4 4 4 4 4 4 4 4 4 4 4
499 447 202 447 499 202 179 179 309 179 448 447 179 448 202 447 202 179 202 499 309 447 499 179 179 202 179 499 447 499 499 202 499 202 499 179 448 179 499 202 499 309 499 202 309 202 448 499 309 447 448 179 179 309 448 309 202 179 448 179 179 202 448 447 309 202 309 309 499
16 16 16 16 16 16 16 499 16 16 16 16 16
499 499 499 499 499 499 499 499 499 499 499 499 499 499 499 499 499 499 499 499 499 499 499 499 499 499 499 499 499 499 499
117 42 499 42 42 42 117 42 117 117 42 42 42 42
217 499 499 499 499 499 499 499 499 217 217 499 499 499 499 499 499 499 217 499 499 499 499 499 217 499 217 499 499 217 499 499 499 217 499 499 499 499 217 499 217 499 499 217 499 499 499 499 499 499 499 499 499 499 499 499 499 499 499 499 499 217 499 217
8 8 6 6 64 8 6 8 8 6 6 6
3 3 3 3 3 3 3 3 3 3 3 3 3 3 3 3 3 3
57 57 81 499 81 57 81 81 57 81 81 499 57 57 57 81 112 112 112 112 57 57 81 57 112 112 499 57 499 112 81
287 287 499 499 287 287 287 499 287 499 287 287 499 499 287 287 287
499 449 499 155 499 449 449 449 155 155 155 155 155 155 155
499 499 499 499 499 499 499 499 499 499 499 499 499 499 499 499 499 499 499 499 499 499 499 499 499 499 499 499 499 499 499 499 499 499 499 499 499 499
499 499 499 499 499 499 499 499 499 499 499 499 499 499 499 499 499 499 499 499 499 499 499 499 499 499 499 499
60 60 60 60 60 60 60 60 60 60 60 60 60 60 60 60 499
7 7 7 13 13 7 13 94 7 7 7 13
499 499 499 499 499 499 499 499 499 499 499 499 499 499 499 499 499
499 499 499 499 499 499 499 499 499 499 499 499 499 499 499 499 499
20 20 20 14 14 20 14 14 14 223 14 20 14 20
499 499 499 499 499 499 450 499 450 450 450 499
233 499 499 499 233 499 499 233 499 233 233 499 499 233
12 19 12 19 12 174 19 19 12 12 12 12 19
4 4 4 4 4 4 4 4 4 4 4 4 4 4 4
150 150 150 150 150 499 150 150 150 150 150 150 499 499 150 150 499 150 150 499 499 150 150 499
118 118 118 499 499 118 118 499 499 118 118 118 499 118 118
288 381 381 451 381 451 288 288 451 499 381 288 499 451 381 499 288 451 381 381 451 288 288 381 288 288 451 499 451 499 381 288 499 288 499 499
135 97 97 135 224 135 97 135 97 97 97 135 97 224 135 224 224 97 499
116 40 116 40 40 40 40 116 306 40 40 116 40 306 40
9 9 9 9 9 9 9 9 9 9 9 9 9 9 9 9 9
5 5 5 5 5 5 5 5 5 5 5 5 5 5 5 5 5 5 5 5
452 499 499 452 499 452 452 452 452 452 452 499
310 453 310 453 453 310 310 310 453 310 310 499 453 310 453 453 310 453 310
0 0 0 0 0 0 0 0 0 0 0 0
499 499 499 499 499 499 499 499 499 499 499 499 499 499 499 499 499 499 499
0 0 0 0 0 0 0 0 0 0 0 0
311 499 499 499 311 499 499 499 311 499 499 499 499 499 499 499 499 311 311 499 311 499 499 499 311 499 499 311 499 499 499 311 499 311 499
499 499 499 499 499 499 499 499 499 499 499 499 499
499 499 499 499 499 499 499 499 499 499 499 499 499 499 499 499 499 499 499
25 39 39 39 25 25 39 25 25 25 25 499 25 39 39 25 25 39 39
98 38 38 38 38 47 47 47 98 433 98 38 47 38 47
0 0 0 0 0 0 0 0 0 0 0 0
499 499 499 499 499 499 499 499 499 499 499 499 499 499 499 499 499 499
454 156 156 156 156 454 156 156 156 156 454 454
91 119 119 91 91 119 91 499 119 499 499 91
499 499 499 499 499 499 499 499 499 499 499 499 499 499 499 499 499 499 499 499 499 499 499 499 499 499 499 499 499 499 499 499 499
499 499 499 499 499 499 499 499 499 499 499 499 499 499 499 499 499 499 499
499 499 499 499 455 455 499 499 499 455 455 455 499 499 455 499 455 499 499 499 499 499 499 455
109 22 43 22 43 43 22 43 109 22 22 22
499 499 456 499 312 312 312 456 499 499 312 499 456 312 456 499
499 499 499 499 499 499 499 499 499 499 499 499 499 499 499 499 499 499 499 499 499 499 499 499 499 499 499 499 499 499 499 499 499 499
499 499 499 499 499 499 499 457 499 457 499 499 457 457 499 499 499 499 457 499 457 457 457
499 499 499 499 499 499 499 499 499 499 499 499 499 499 499 499 499 499
6 8 6 8 6 6 6 6 64 8 8 8
499 499 499 499 499 499 499 499 499 499 499 499 499 499 499 499 499 499 499 499 499 499 499 499 499 499 499 499 499 499 499 499 499 499 499 499 499 499 499 499 499 499 499 499 499 499 499 499 499 499 499 499 499 499 499 499 499 499
4 4 4 4 4 4 4 4 4 4 4 4 4 4 4
180 499 180 499 180 180 180 180 499 180 180 499 499 499 499 180 180 180 180 180 180 180
157 157 157 157 157 157 382 157 382 382 382 157 157 382 157 382 157 157 157 157 382 499 382 157 157 382
0 0 0 0 0 0 0 0 0 0 0 0
313 203 203 313 499 313 203 313 499 203 203 203 499 203 203 313 203 313 313 313 203 203 203 499 203 313 313 203
0 0 0 0 0 0 0 0 0 0 0 0
22 43 43 22 22 109 109 43 22 22 43 22
499 458 499 499 458 499 499 499 499 499 458 499 499 458 499 499 499 499 499 499 458 499 499 499 499 458 499 499 458 499 499 499 499 499 499 499 499 458 499 499 499 499 499 499
314 314 314 314 499 314 314 314 499 314 499 314 314
499 499 499 499 499 499 499 499 499 499 499 499 499 499 499 499 499 499 499 499 499
499 499 499 499 499 499 499 499 499 499 499 499 499 499 499 499 499 499 499
499 499 499 499 499 499 499 499 499 499 499 499 499 499 499
499 499 499 499 499 499 499 499 499 499 499 499 499 499 499 499 499 499 499 499 499 499 499 499 499 499 499 499 499 499 499 499 499 499 499 499 499 499 499 499 499 499 499
499 499 499 499 499 499 499 499 499 499 499 499 499 499 499 499 499 499 499 499 499 499 499 499 499 499
499 499 499 499 499 499 459 459 499 459 459 459 499 499 499 499 499 459 499 499 459 499 459 499 499 499 499 499 499 499
499 383 499 383 383 383 383 383 499 499 499 499 499 383 499 383 499 499 383
499 499 460 460 499 499 460 499 460 499 499 460 499 499 499 499 499 499 460 499 499 460 499 499 499 499 460
384 499 499 499 384 384 384 499 499 384 499 499 499 499 499 499 384 384 499 384 384 499
234 99 158 158 158 99 99 234 499 99 234 99 99 158
3 3 3 3 3 3 3 3 3 3 3 3 3 3 3 3 3 3
120 159 120 120 120 159 120 120 499 120 120 159 120 159 159 159 120 159 159
499 235 235 236 499 499 236 236 235 235 499 236 235 236 236 235 499 235 235 235 235 499 499 235 236 236 235 236 236 236 499 236
499 197 499 420 197 197 197 420 420 197 197 197 420
315 499 461 315 499 499 315 461 315 499 315 499 315 499 499 315 315 461 461 315 499 461 499 499 499 461 461 461 315
499 499 499 499 499 499 499 499 499 499 499 499 499 499
61 61 61 237 237 61 61 61 61 61 499 61 61 237 61 61 61 61 61 237 61 499 237 237
17 46 17 17 46 17 46 17 304 17 46 17 17
9 9 9 9 9 9 9 9 9 9 9 9 9 9 9 9 9
3 3 3 3 3 3 3 3 3 3 3 3 3 3 3 3 3 3
6 6 8 6 6 6 8 8 6 64 8 8
499 499 499 499 499 499 499 499 499 499 499 499 499 499 499 499 499 499 499 499 499
0 0 0 0 0 0 0 0 0 0 0 0
37 51 37 37 51 499 51 37 37 37 51 37 51 37 51
137 137 499 499 137 499 499 499 137 499 137 499 499 499 137 137 137 137 137 499 137 499 137 137 499 137 137 137 499 137 137
499 499 499 499 499 499 499 499 499 499 499 499 499 499 499
0 0 0 0 0 0 0 0 0 0 0 0
316 499 499 316 499 316 499 316 499 316 316 316 316 499 316 499 316
0 0 0 0 0 0 0 0 0 0 0 0
499 499 499 499 499 499 499 499 499 499 499 499 499 499 499 499 499 499 499
499 317 317 499 499 499 499 317 317 499 317 317 317 499 499 317 499 317 499 317
499 499 499 499 499 499 499 499 499 499 499 499 499 499 499 499 499 499 499
31 31 31 31 41 52 41 41 52 52 31 31 41 41 52 380
35 35 35 27 27 152 35 27 27 27 35 152 27 27 35
499 385 318 385 318 385 318 385 318 385 318 499 318 499 318 499 499 318 499 318 499 318 385 385 385 499 499 385 499
61 61 61 237 237 61 61 61 61 61 499 61 61 237 61 61 61 61 61 237 61 499 237 237
138 499 499 100 100 138 100 100 138 138 100 138 100 100 138 100
9 9 9 9 9 9 9 9 9 9 9 9 9 9 9 9 9
499 62 121 62 62 62 62 121 121 62 121 62 62 121
499 499 499 499 499 499 499 499 499 499 499 499 499 499
22 22 43 43 22 22 22 22 109 43 43 109
499 431 499 432 432 432 431 499 431 431 432 499
48 48 48 48 48 48 48 48 462 48 462 48
6 8 6 6 8 8 6 6 6 8 8 64
139 139 139 139 139 139 499 139 499 499 139 139 499 499 139 139 139 139 499 139 139 139 499 139 499 499 139 499 499 499 499
0 0 0 0 0 0 0 0 0 0 0 0
115 115 115 228 115 228 115 228 228 115 228 115 499 499 228 115 115 115
499 463 499 499 463 499 463 499 499 463 499 499 499 499 463 463 499 463 499 463 499 499 499 499
177 178 177 178 177 177 177 178 499 499 178 178
12 174 19 12 19 12 12 19 12 19 12 19 12
5 5 5 5 5 5 5 5 5 5 5 5 5 5 5 5 5 5 5 5
499 499 499 499 499 499 499 499 499 499 499 499 499 499 499 499 499 499 499
160 160 160 499 499 160 160 499 160 499 160 499 160 160 160 499 160 160 499 160 160 499 499 499 499 160 499 160 499 499 499
319 204 204 204 319 464 464 464 319 204 204 464 499 204 204 319 319
499 499 499 499 499 499 499 499 499 499 499 499 499 499 499 499 499 499 499 499 499 499 499 499
499 499 499 499 499 465 465 499 465 465 499 465 499 499 499 499 465 465 499 499 465 499
499 466 499 499 499 466 499 499 466 466 466 466 466 466 499
230 154 230 154 154 230 230 154 154 230 230 154 154 154
467 467 499 499 467 467 467 499 467 499 499 499 467 499 467
36 36 36 422 36 36 36 36 36 36 36 36 422 36
499 499 499 499 499 499 499 499 499 499 499 499 499 499 499 499 499 499 499
200 436 200 308 436 436 436 499 308 200 200 200 499 200 308 308 308 200
33 33 65 65 499 65 33 33 33 33 33 65 65 33 65 33 33
499 468 468 499 499 499 499 499 499 499 499 499 499 499 499 499 499 468 468 499 499 499 468 468 499 499 499 499 499 468 468 499 499 499
499 499 499 499 499 499 499 499 499 499 499 499 499 499 499 499
499 499 499 499 499 499 499 499 499 499 499 499 499 499 499
499 499 320 499 320 499 320 320 320 320 499 499 320 499 499 499 499 320 499 499 499 499 320 499 320 499
19 12 12 19 19 12 12 174 12 12 19 12 19
499 499 499 499 499 499 499 499 499 499 499 499 499 499 499 499 499 499 499 499 499 499 499 499 499 499
12 12 19 174 12 19 19 19 12 12 12 12 19
289 289 289 499 289 321 321 469 321 499 321 469 289 289 321 321 321 469 289 289 469 499 289 499 321 289 469 289 469 469 321 499 469 499 321
3 3 3 3 3 3 3 3 3 3 3 3 3 3 3 3 3 3
499 499 499 499 470 470 470 499 499 499 470 470 499 499 499 499 470 499 499 499 499 470 499 499 470 499 499
181 499 471 499 499 181 181 181 499 181 471 181 181 181 499 181 499 471 181 181 471 181 471 499 471 181 471 471 181 181
25 39 25 25 25 25 39 39 25 25 499 25 25 39 39 25 39 39 39
499 499 499 472 499 472 499 472 472 499 472 499 499 499 499 499 499 499 472 472 499 499 499 499 472
0 0 0 0 0 0 0 0 0 0 0 0
44 77 77 111 44 44 77 44 77 44 111 111 44
499 499 499 499 499 499 473 499 499 473 499 499 499 499 473 499 499 499 499 473 499 499 499 499 499 499 473 499 499 499 473 499 473 499 499 499 499 499 473 499
499 499 499 499 499 499 499 499 499 499 499 499 499 499 499 499 499
7 7 7 7 7 94 13 13 7 13 13 7
16 16 499 16 16 16 16 16 16 16 16 16 16
499 499 499 499 499 499 499 499 499 499 499 499 499 499 499
499 499 499 499 499 499 499 499 499 499 499 499 499 499 499 499 499 499
15 15 15 15 15 15 15 15 15 15 15 15 15 499 15
27 27 35 27 27 35 152 27 35 27 35 152 35 35 27
121 62 62 121 121 62 62 62 62 121 62 121 62 499
499 499 499 322 499 322 499 499 499 322 322 499 322 499 322 499 499 322 322 499 499 499 499 322 499 499 499 499 499 499 499 499 499 322
499 499 499 323 499 323 323 323 499 323 499 323 499 323 499 323 323 323
52 52 31 31 31 52 31 41 41 31 41 31 380 52 41 41
27 27 35 35 152 27 27 35 35 27 27 35 152 35 27
0 0 0 0 0 0 0 0 0 0 0 0
22 43 43 22 22 109 109 43 22 22 43 22
499 499 474 499 499 499 499 499 499 499 499 499 499 499 499 499 499 499 499 499 499 499 474 499 499 499 499 499 499 474 499 499 499 499 474 499 474 474 499 499 499 499 499 474 499 499 499 499 499 474 499 499 499 499 499 499
499 499 499 499 499 499 499 499 499 499 499 499 499 499 499 499 499 499 499 499 499 499 499 499 499 499 499 499 499 499
499 499 499 499 499 499 499 499 499 499 499 499 499 499 499 499 499 499 499 499 499 499
9 9 9 9 9 9 9 9 9 9 9 9 9 9 9 9 9
3 3 3 3 3 3 3 3 3 3 3 3 3 3 3 3 3 3
21 11 21 11 11 21 11 11 21 11 11 201 21 11
35 35 35 27 27 152 35 27 27 27 35 152 27 27 35
95 499 114 499 303 114 114 95 95 114 95 499 114 303 114 114 95 114 95 499 95 303 303 95 114 95 95 95 95 114 303
58 58 58 140 58 140 58 58 140 58 58 58 499 140 140 58 140 58
499 499 499 499 499 499 499 499 499 499 499 499 499 499 499 499 499
499 499 499 499 499 499 499 499 499 499 499 499 499 499 499 499 499 499 499 499 499 499
0 0 0 0 0 0 0 0 0 0 0 0
499 499 499 499 499 499 499 499 499 499 499 499 499 499 499 499 499
122 475 122 475 475 499 122 475 122 122 122 122 122 122 122
19 19 19 12 19 12 12 12 19 12 174 12 12
35 152 152 35 27 35 35 27 27 27 35 35 27 27 27
386 499 499 499 386 499 499 499 386 499 386 499 386 386 499 499 386 386 386
4 4 4 4 4 4 4 4 4 4 4 4 4 4 4
110 110 499 110 171 499 110 110 171 110 171 110 171 171
499 499 324 324 499 499 499 499 324 324 324 324 324 499 324 324 324
0 0 0 0 0 0 0 0 0 0 0 0
0 0 0 0 0 0 0 0 0 0 0 0
499 499 499 499 499 499 499 499 499 499 499 499 499 499 499
7 7 13 13 7 7 7 94 7 13 7 13
41 52 41 41 31 380 31 52 31 31 31 31 52 41 52 41
14 20 14 20 14 20 14 20 223 20 14 14 14 20
6 6 8 6 8 64 6 8 8 6 6 8
499 476 499 499 476 499 499 499 476 499 476 499 476 499 499 476 499 499 476 476 499 499
499 499 499 499 499 499 499 499 499 499 499 499 499 499 499 499 499 499 499 499 499 499 499 499
499 477 477 477 499 499 499 499 477 477 499 499 477 499 499 499 477 499 477 499
9 9 9 9 9 9 9 9 9 9 9 9 9 9 9 9 9
499 499 499 499 499 499 499 499 499 499 499 499 499 499 499 499 499 499 499 499 499 499 499 499 499 499 499 499 499 499 499 499 499 499 499 499 499 499 499 499 499 499 499 499 499 499
65 33 33 33 65 33 33 33 65 65 33 33 65 33 33 65 499
499 429 499 430 430 499 499 430 429 499 499 429 429 430
116 40 116 40 40 40 40 116 306 40 40 116 40 306 40
499 499 499 499 499 499 499 499 499 499 499 499 499 499 499 499 499 499 499 499 499 499 499 499 499
499 499 499 499 499 499 499 499 499 499 499 499 499 499 499
77 77 44 44 111 44 44 77 111 44 44 111 77
499 218 499 499 218 499 499 499 499 499 499 499 218 218 499 499 499 499 499 499 499 499 218 218 218 499 499 499 218 499 499 499 499 499 499 218 218 499 218 499 499 499 499 499 499 499 499 499 499 499 499 499 499 499 218 499 499 499 499 218
325 499 499 499 325 325 499 325 325 499 499 499 499
499 499 499 499 499 499 499 499 499 499 499 499 499 499 499 499 499
78 78 78 78 78 499 78 78 438 78 78 438 78 78 78 438 438 78 78
13 7 7 7 7 13 7 7 7 13 13 94
499 478 499 478 499 478 499 499 499 499 478 499 499 499 499 478 499 499 499 499 499 499 499 499 478 499 499 499 478 478 499
290 290 290 499 290 499 499 290 499 290 499 290 290 499 290 290 499 290 499 499
456 499 499 499 312 312 499 499 456 312 456 499 499 312 312 456
37 51 51 51 37 51 37 51 51 499 37 37 37 37 37
499 499 499 499 499 499 499 499 499 499 499 499 499 499 499 499 499 499 499 499
325 499 499 499 325 325 499 325 325 499 499 499 499
15 15 15 15 15 15 15 15 15 15 15 15 15 499 15
199 305 199 199 227 305 305 199 227 305 499 227 227 199 305 199 227 227 199
499 499 499 499 499 499 499 499 499 499 499 499 499 499 499
35 152 152 35 27 35 35 27 27 27 35 35 27 27 27
141 141 141 141 141 141 141 141 141 141 499 141 141 141 141 141 141 141 499 499 141
499 479 499 499 499 499 479 499 499 479 479 479 479 479 499 479 499
205 205 205 205 205 205 205 205 205 205 205 205 205 205
499 499 499 499 499 499 499 499 499 499 499 499 499 499 499
0 0 0 0 0 0 0 0 0 0 0 0
499 499 499 499 499 499 499 499 499 499 499 499 499 499 499 499 499 499
161 161 499 161 161 206 206 161 206 206 206 161 161 206 206 161
291 291 499 291 499 291 291 291 291 499 291 291 499 291 291 499
116 40 116 40 40 40 40 116 306 40 40 116 40 306 40
12 19 12 174 12 19 19 12 12 12 19 19 12
0 0 0 0 0 0 0 0 0 0 0 0
6 6 8 8 8 6 6 8 6 64 6 8
499 499 499 499 499 499 499 499 499 499 499 499 499 499 499 499 499 499 499 499 499 499 499 499 499 499 499 499 499 499 499 499 499 499 499 499 499 499 499 499 499
57 57 81 499 81 57 81 81 57 81 81 499 57 57 57 81 112 112 112 112 57 57 81 57 112 112 499 57 499 112 81
499 499 499 480 499 480 480 480 499 499 499 499 480 499 499 480 499 499 480 480
0 0 0 0 0 0 0 0 0 0 0 0
499 326 326 499 499 326 499 499 326 499 326 326 326 499 326 499 326 326
94 7 13 7 13 7 7 13 7 7 7 13
499 499 499 499 499 499 499 499 499 499 499 499
454 156 156 156 156 454 156 156 156 156 454 454
161 206 161 499 161 161 161 206 206 206 206 161 161 206 206 161
17 17 17 46 46 17 17 17 304 17 46 46 17
48 48 462 48 48 48 48 48 48 462 48 48
499 499 327 327 499 327 499 327 499 327 327 499 499 499 327 499 499 327 327 327
3 3 3 3 3 3 3 3 3 3 3 3 3 3 3 3 3 3
499 481 499 499 499 499 499 481 499 481 499 499 481 499 499 499 499 499 481 481 499 481 499 499 499 499 499 499 481
482 483 482 499 484 499 482 483 483 484 162 162 482 162 484 162 162 162 162 483 162 484
16 16 499 16 16 16 16 16 16 16 16 16 16
0 0 0 0 0 0 0 0 0 0 0 0
43 109 109 43 43 22 22 22 22 22 43 22
177 178 178 178 177 177 177 177 178 499 499 178
499 499 499 499 499 328 328 499 328 328 499 499 328 499 499 499 328 328 499 328 499 499 499 328 499 499 328
207 207 485 499 207 207 207 207 207 485 499 485 485 499
499 499 499 499 499 499 499 499 499 499 499 499 499 499 499 499 499 499 499 499 499 499 499 499 499 499
499 499 499 499 499 499 499 499 499 499 499 499 499 499 499 499 499 499 499 499 499 499 499 499 499 499 499 499 499 499 499 499 499 499 499 499 499 499 499 499 499 499 499 499 499 499 499 499 499 499 499 499 499 499 499
0 0 0 0 0 0 0 0 0 0 0 0
499 329 329 499 499 499 499 499 499 499 499 499 329 499 329 329 499 499 499 499 499 499 499 499 329 499 499 499 499 499 499 329 499 499 499 499 329 499 499 329 499 329 499 499
118 118 118 499 499 118 118 499 499 118 118 118 499 118 118
0 0 0 0 0 0 0 0 0 0 0 0
0 0 0 0 0 0 0 0 0 0 0 0
8 8 8 64 6 6 6 6 8 6 8 6
58 58 140 58 140 499 58 140 58 58 58 140 58 58 140 140 58 58
499 499 499 499 499 499 499 499 499 499 499 499 499 499 499 499 499 499 499 499 499 499 499 499 499 499 499 499 499 499 499 499 499
238 238 238 238 486 208 486 208 208 238 208 486 499 486 208 208 208 238
499 387 387 387 499 387 387 499 387 499 499 387 387 499 387 499 499 499
482 483 482 499 484 499 482 483 483 484 162 162 482 162 484 162 162 162 162 483 162 484
62 499 62 62 62 62 62 121 62 121 121 121 121 62
17 17 17 17 46 46 17 17 17 17 46 46 304
499 499 499 499 499 499 499 499 499 499 499 499 499 499 499 499 499 499 499 499 499 499 499
110 171 110 110 171 499 110 110 499 110 171 171 110 171
14 20 20 14 20 14 20 20 14 223 14 20 14 14
499 499 499 499 499 499 499 499 499 499 499 499 499 499 499 499 499 499 499 499 499 499 499 499 499 499 499 499 499 499 499 499 499 499 499 499 499 499
499 499 499 499 499 499 499 499 499 499 499 499 499 499 499 499 499 499 499
14 14 20 223 20 14 20 14 20 14 14 20 14 20
0 0 0 0 0 0 0 0 0 0 0 0
499 449 449 499 449 499 155 155 449 155 155 155 155 155 155
0 0 0 0 0 0 0 0 0 0 0 0
5 5 5 5 5 5 5 5 5 5 5 5 5 5 5 5 5 5 5 5
209 209 209 499 499 499 209 499 209 209 209 209 209 499 209 209 209 209 209
3 3 3 3 3 3 3 3 3 3 3 3 3 3 3 3 3 3
487 499 487 499 499 487 499 487 487 499 499 487 499 499 499 499 487 487 499 499 499 499 499
499 499 488 499 488 488 499 499 499 488 499 488 488 499 499 488 499 488 499
233 499 499 499 233 499 499 233 499 233 233 499 499 233
64 6 6 8 6 8 6 8 8 6 6 8
20 20 14 20 14 20 14 20 14 223 14 14 14 20
499 499 330 330 330 499 499 499 330 330 499 499 330 499 499 330 499 330 499 499 499 330 499 330 499 499
499 499 499 499 499 499 499 499 499 499 499 499 499 499 499 499 499 499 499 499 499 499 499 499 499 499 499 499 499 499 499 499 499 499 499 499 499 499 499 499 499 499 499 499 499 499 499 499 499 499 499 499 499 499 499 499 499 499 499 499 499 499 499 499 499 499 499 499 499 499 499 499 499 499 499 499 499 499 499 499 499 499 499 499
37 51 51 37 51 37 37 37 51 37 37 37 51 499 51
499 499 499 499 499 499 499 499 499 499 499 499 499 499 499 499 499 499
499 499 499 499 499 499 499 499 499 499 499 499 499 499 499 499 499 499 499 499 499 499 499 499 499 499 499 499 499 499 499 499 499 499 499 499
499 489 489 499 489 489 499 489 489 499 499 489 499 499 489 499
331 331 499 499 331 499 331 331 331 331 331 331 331 499
499 499 499 499 499 499 499 499 499 499 499 499 499 499 499 499 499 499 499
3 3 3 3 3 3 3 3 3 3 3 3 3 3 3 3 3 3
3 3 3 3 3 3 3 3 3 3 3 3 3 3 3 3 3 3
499 332 499 332 499 499 332 499 499 332 332 332 332 499 332 499 332 499 499 332
499 333 333 499 333 499 499 333 333 333 499 499 499 333 499 499 499 499 499 499 499 499 333 499 333 333 499 499 499 499 499 499 499
499 334 101 334 101 101 334 334 101 101 334 499 101 499 101 101 101 101 499 101 101
499 499 499 182 499 499 499 499 499 499 499 182 499 499 182 182 182 499 499 499 182 499 499 499 182 499 182 499 182 499 499 499 499 499 499 182 499 499 499 499 182 499 182 499 499 499 499 499 499 182 182 499 499 499 499 499 499 499 499 499 499 499 499 499 499 499 499 499 182 499 499 499
499 499 499 499 490 499 490 499 499 499 499 490 499 490 499 490 499 499 499 499 490 499 499 499 499 490 499 490 499
499 335 499 335 335 499 335 335 335 335 499 499 499 499 335 499 335 335 499
7 13 13 7 13 94 7 7 13 7 7 7
499 499 499 499 499 499 499 499 499 499 499 499 499 499 499 499 499 499 499
19 12 12 19 12 19 174 19 12 19 12 12 12
499 499 499 499 499 499 499 499 499 499 499 499 499 499 499 499
219 499 499 499 499 219 499 499 499 499 499 499 499 499 499 499 336 336 499 499 219 499 499 499 499 499 499 336 219 499 499 499 499 499 499 499 499 499 499 499 499 499 499 499 499 499 499 491 499 499 499 499 499 499 499 336 499 499 499 219 499 491 336 491 499 499 499 499 336 499 499 219 219 499 219 219 336 499 499 499 499 499 499 499 499 499 219 499 499 499 499 499 499 499 499 499 499 219 499 499 499 219 499 491 499 499 499 499 491 499 499 499 499 499 491 499 499 499 499 336 499 491 499 499 491 336 219 499 499 336 499 499 499 499 499 499
0 0 0 0 0 0 0 0 0 0 0 0
499 499 499 499 499 499 499 499 499 499 499 499 499 499 499 499 499 499 499 499 499 499
0 0 0 0 0 0 0 0 0 0 0 0
499 388 388 499 499 388 499 499 499 499 388 499 388 499 499 499 499 499 499 499 499 499 499 499 499 499 499 499 388 388 388 499 499 499 388 499
292 163 163 163 163 292 163 163 163 292 163 163 163 292 292 163 163 163 292 499 163 292 292 292 163 292 292 163
499 499 499 499 499 499 499 499 499 499 499 499 499 499 499
499 499 499 499 499 499 499 499 499 499 499 499 499 499 499 499 499 499 499 499 499 499 499 499 499 499 499 499
499 499 499 499 499 499 499 499 499 499 499 499 499
389 210 389 210 210 210 210 389 210 210 389 389 389 210 210 389 499 210 210 389 210 210 210 389
499 499 499 499 499 499 499 337 499 499 499 337 499 499 499 499 499 337 499 499 499 499 499 499 499 337 337 499 499 499 499 499 499 499 499 337 337 499 499 499 499 499 499 499 499 499 337 499 499 499 499 499 499 499 499 337 499 499 337 499 499 499 499 499 499 499
0 0 0 0 0 0 0 0 0 0 0 0
499 499 499 499 338 499 499 499 499 338 499 499 499 499 338 499 499 499 499 499 499 499 499 499 499 499 499 499 338 499 338 499 499 499 499 499 338 499 338 499 499 499 499 338 499 338 499 499 338 499 499 499 499 499 499
0 0 0 0 0 0 0 0 0 0 0 0
116 40 116 40 40 40 40 116 306 40 40 116 40 306 40
7 7 7 7 13 94 7 13 13 13 7 7
232 232 232 499 499 232 232 499 499 499 499 232 499 499 499 499 499
22 22 109 22 43 43 22 43 43 109 22 22
499 492 499 499 492 492 492 499 492 499 492 492 492 499
3 3 3 3 3 3 3 3 3 3 3 3 3 3 3 3 3 3
499 339 499 499 499 339 339 339 499 339 339 499 339 339 499 499 499 499 499 339 339
5 5 5 5 5 5 5 5 5 5 5 5 5 5 5 5 5 5 5 5
499 499 499 499 499 499 499 499 499 499 499 499 499 499 499 499 499 499 499
499 499 493 239 493 239 493 239 499 239 239 239 493
499 499 499 499 499 499 499 499 499 499 499 499 499 499 499
102 102 102 102 102 102 340 499 340 102 102 340 340 340 102 102 102 102
499 499 499 499 499 499 499 499 499 499 499 499 499 499 499 499 499
499 499 499 499 499 499 499 499 499 499 499 499 499 499 499 499 499 499 499 499 499
499 293 499 499 293 499 499 499 499 499 499 293 293 293 499 499 293 293 499 499 293 293 293 293
494 220 220 494 220 494 220 220 494 494 220 494 220 220 494 220 220 220 220 499 220 494
495 499 499 495 499 499 495 499 495 499 499 495 495 499 499 499 499 495 499 499 495 499 499 499
499 499 499 499 499 499 499 499 499 499 499 499 499 499 499 499
44 77 77 111 44 44 77 44 77 44 111 111 44
341 499 123 123 123 123 341 123 123 341 123 341 123 123 341 123
499 499 499 499 499 499 499 499 499 499 499 499 499 499 499 499 499 499 499 499 499 499
499 499 499 499 499 499 499 499 499 499 499 499
499 390 499 390 499 499 499 499 499 390 499 390 499 390 499 499 499 499 499 499 499 499 499 390 499 499 499 390 390 499 390 499 499 499 499 499 499
0 0 0 0 0 0 0 0 0 0 0 0
499 499 499 499 499 499 450 499 450 450 450 499
294 294 342 342 342 342 294 499 294 342 342 294 294 342 294 294 342 342 294 342 294 294
113 66 66 113 66 499 66 66 113 66 66 113 113 66 113 66 66 113
11 21 11 11 11 11 21 201 11 21 11 21 21 11
91 499 119 91 499 499 119 91 119 91 119 91
0 0 0 0 0 0 0 0 0 0 0 0
343 343 343 499 499 499 343 499 499 343 499 499 499 499 343 343 343 343 499 499 499 343 499
499 164 164 164 164 164 499 164 164 164 164 164 164 164 499 164 164 499 499 499 164 164
499 499 499 499 499 499 499 499 499 499 499 499 499 499 499 499 499 499 499 499
5 5 5 5 5 5 5 5 5 5 5 5 5 5 5 5 5 5 5 5
0 0 0 0 0 0 0 0 0 0 0 0
26 26 26 26 26 499 26 26 142 26 26 142 142 26
32 49 32 23 49 23 32 221 23 23 32 23 49
38 47 98 38 38 98 38 98 47 47 38 433 38 47 47
143 240 143 240 143 143 391 240 240 391 143 391 143
499 499 499 499 499 499 499 499 499 499 499 499 499 499 499 499 499 499 499 499 499 499
23 32 32 32 221 49 23 49 23 49 23 23 32
241 499 499 241 241 499 499 241 241 499 241 499 241 241 499 499 241 499 499 499 241 499 499 241 241 499 499
103 63 63 63 103 103 103 103 63 63 63 499 63 103 63
6 64 8 6 8 6 6 8 8 6 6 8
26 26 499 26 26 142 142 26 26 26 26 142 26 26
165 165 124 104 165 124 104 104 104 124 104 124 124 104 165 499
2 2 2 2 2 2 2 2 2 2 2 2 2 2 2 2 2 2 2 2 2 2 2 2 2 2 2
496 499 499 499 499 499 496 496 499 242 499 242 242 499 242 499 499 496 242 242 499 499 499 496 496 499 242 242 499 242 499 242 499 496 499 496 242 242
499 243 499 243 499 243 243 243 243 499 499 243 243 243 243 499 243 243 499
92 344 499 92 92 344 92 344 92 499 92 344 499 92 92 92 92 92 92 499 344 92 344 92 92 499 499 344 92 92 92 92 92 499 499 92 499 499 499 499 344 92 92 499 92 499 499 92 344 344
0 0 0 0 0 0 0 0 0 0 0 0
4 4 4 4 4 4 4 4 4 4 4 4 4 4 4
244 244 244 499 244 499 244 244 244 244 499 244 499 499 499 499 499 244 244 499 244
499 245 499 245 245 499 499 499 499 245 345 499 245 245 499 245 499 245 499 499 345 499 345 345 345 345 499 345 245 499 345 499 245 245 499 345 245 345 499
32 23 49 221 23 49 23 23 32 49 32 23 32
24 24 24 24 105 24 105 24 24 24 105 497
346 346 499 346 346 499 346 346 499 346 499 346 499 499 346 346 499 499 499 499 499 499
246 499 499 246 246 499 499 246 246 499 499 246 499 499 499 499 246 246 246 246 499 499 499 499 246 499 246 499
247 247 499 247 499 499 247 499 247 247 499 247 247 247 499 247 499 247 247
1 1 1 1 1 1 1 1 1 1 1 1 1 1 1 1 1 1 1 1 1 1 1 1 1 1 1 1 1 1
4 4 4 4 4 4 4 4 4 4 4 4 4 4 4
248 144 248 392 144 144 392 144 499 248 144 499 248 392 144
248 248 144 144 499 248 499 144 248 144 392 144 392 144 392
499 347 347 499 499 499 499 347 499 347 499 347 347 499 499 347 499 347 499 499 347 347 499 499
7 94 7 7 13 7 7 13 13 7 7 13
499 499 499 499 499 499 499 499 499 499 499 499 499 499 499 499
6 8 6 8 64 6 6 8 6 8 8 6
22 43 43 22 22 109 22 22 43 22 43 109
8 8 6 8 6 8 8 6 64 6 6 6
211 211 211 499 211 498 498 211 498 499 211 211 498 499
10 10 10 10 10 10 10 10 10 10 10 10 10
212 212 249 212 212 499 249 249 212 212 212 249 249 249
100 138 138 138 100 499 138 100 100 100 138 499 100 100 100 138
499 499 499 499 499 499 499 499 499 499 499 499 499
499 499 499 499 499 499 499 499 499 499 499 499 499 499
1 1 1 1 1 1 1 1 1 1 1 1 1 1 1 1 1 1 1 1 1 1 1 1 1 1 1 1 1 1
348 348 348 348 499 348 348 348 348 348 499 348 499
125 125 499 125 499 499 499 125 125 125 499 125 499 125 125 125 125 125 125 125 499 125 125 499 499 125 125 499 125 499 125
143 240 143 240 143 143 391 240 240 391 143 391 143
42 42 42 42 42 117 42 117 42 42 499 42 117 117
20 14 20 14 20 14 14 223 14 20 14 20 14 20
104 124 124 104 165 165 165 499 124 124 104 124 165 104 104 104
42 42 117 42 42 117 117 117 42 42 42 42 42 499
8 6 6 8 6 8 8 6 6 64 8 6
67 67 53 53 499 67 53 67 53 53 67 53
250 393 250 250 68 68 68 68 68 393 68 68 393 68 68 499 250 68
2 2 2 2 2 2 2 2 2 2 2 2 2 2 2 2 2 2 2 2 2 2 2 2 2 2 2
19 19 12 19 12 19 19 12 12 12 12 174 12
499 499 499 499 499 499 499 499 499 499 499 499 499 499 499 499 499
101 334 334 499 334 499 101 101 101 334 101 334 499 101 499 101 101 101 101 101 101
499 499 499 499 499 499 499 499 499 499 499 499 499 499 499 499 499 499 499 499 499 499 499
142 26 26 142 26 26 26 26 26 26 142 499 26 26
499 499 499 499 499 499 499 499 499 499 499 499 499 499 499 499 499 499 499 499 499
1 1 1 1 1 1 1 1 1 1 1 1 1 1 1 1 1 1 1 1 1 1 1 1 1 1 1 1 1 1
499 499 499 499 499 499 499 499 499 499 499 499 499 499 499 499 499 499
251 499 251 251 251 251 251 499 499 251 251 499 499 499 499 251 499 251 499 251 499 251 499 499 499 499
499 83 83 499 83 83 83 83 83 83 499 83 83 83 83 83 83 83 83 499 83 83 83 83 83 83 83 499 83 83 83 499
4 4 4 4 4 4 4 4 4 4 4 4 4 4 4
499 499 499 499 499 499 499 499 499 499 499 499 499 499 499 499 499 499 499 499 499 499 499 499
213 213 213 213 394 394 394 213 394 394 213 499 213 213 213 394 394 394 213 213 213 213 394 213
16 16 16 16 16 16 16 16 16 16 16 499 16
105 24 24 24 24 105 24 24 24 497 24 105
17 17 17 46 17 17 304 17 17 17 46 46 46
252 252 252 499 252 252 499 499 252 252 252 252 499 499 252 499 252 252
126 126 499 395 126 499 395 395 395 499 126 395 395 395 126 499 126 126 499 395 126 499 126 126 126 126 395 126 126 499 126 499 126 126 126 126 126
46 17 17 17 17 304 17 17 46 17 17 46 46
11 21 21 11 11 11 201 11 11 11 11 21 21 21
253 499 253 499 253 499 499 253 253 499 499 253 253 499 253 253 253 253 253 499
18 59 18 426 18 18 59 18 18 59 59 18 18 18 18
319 499 204 464 319 464 204 319 319 204 204 464 464 204 204 204 319
60 60 60 60 60 60 60 60 60 60 60 60 60 60 60 499 60
65 33 65 33 65 33 499 33 33 33 65 33 65 33 33 65 33
499 499 254 499 254 499 499 499 499 254 499 254 254 254 499 254 499 254 254 499 499 499 254 499 499 499 254 254 499 499 499
33 33 33 33 65 33 65 33 65 499 65 33 33 65 65 33 33
31 52 380 41 52 41 31 52 31 31 41 52 31 41 31 41
174 12 19 19 12 12 19 12 12 19 19 12 12
499 499 499 499 499 499 499 499 499 499 499 499 499 499 499 499 499 499 499 499 499
80 80 499 80 80 80 80 80 80 80 80 80 80 80 80 499 80 80 499 80 499 80 80 80 80 499 499 80 80 80 499 80 499 80 80 80
499 255 499 499 499 499 499 255 499 255 255 255 499 499 499 255 499
1 1 1 1 1 1 1 1 1 1 1 1 1 1 1 1 1 1 1 1 1 1 1 1 1 1 1 1 1 1
122 122 475 122 122 475 499 122 475 122 122 475 122 122 122
499 499 499 499 499 499 499 499 499 499 499 499 499 499 499 499 499 499 499 499
0 0 0 0 0 0 0 0 0 0 0 0
23 49 49 23 49 32 23 32 32 221 23 23 32
499 349 499 499 349 499 349 499 349 349 499 499 349 499 499 499 499 499 499 499 499 349 499 349 499 499 499 499 499 349 499 499 349 499 499
499 499 499 499 499 499 499 499 499 499 499 499 499 499 499
38 47 98 47 38 98 38 47 47 47 38 38 98 38 433
106 106 106 106 106 106 106 499 106 106 499 106 499 499 106 499 106
93 499 93 499 93 93 93 93 93 93 499 93 93 93 93 499 93 499 499 499 93 93 93 93 93 93 93 499 499 499 93 499 93 93 93 499 499 93 499 499
499 301 198 198 198 499 301 198 499 198 301 198 301 499 198 301
0 0 0 0 0 0 0 0 0 0 0 0
499 499 499 499 499 499 499 499 499 499 499 499 499 499 499 499 499 499
6 6 8 8 6 6 8 8 64 6 6 8
499 499 499 499 499 499 499 499 499 499 499 499 499 499 499 499
25 25 39 39 39 25 25 39 499 25 25 25 39 25 39 25 39 25 39
16 16 16 16 16 16 16 16 16 16 16 16 499
84 84 84 84 84 499 84 84 84 84 84 84 84 84 84 84 499 499 84 499 84 84 84 84 84 84 84 84 84 84 499
221 32 32 23 49 23 32 32 23 23 49 49 23
12 12 19 12 174 19 12 12 12 19 19 19 12
499 295 499 295 295 295 499 499 499 295 295 499 499 295 295 499 295 295 499 295
8 6 64 6 6 6 6 8 6 8 8 8
54 54 54 54 54 54 54 499 54 54 54 54 54
54 54 54 54 54 499 54 54 54 54 54 54 54
64 6 6 6 6 6 8 8 8 6 8 8
486 238 208 208 486 208 208 208 238 238 238 486 486 208 238 238 208 499
99 99 158 234 158 234 499 234 158 99 99 99 99 158
499 499 499 499 396 499 396 396 396 499 396 499 396 499 499 499 499 396 499 396 499 499 499 499 396
499 499 499 499 499 499 499 499 499 499 499 499
499 256 256 499 499 256 499 499 499 499 499 256 499 256 499 256 256 499 256 256 499 256 256 256
499 499 499 499 499 499 499 499 499 499 499 499 499 499 499 499 499 499 499 499 499
30 30 30 30 499 30 50 50 30 50 30 50 30 50 30 50
1 1 1 1 1 1 1 1 1 1 1 1 1 1 1 1 1 1 1 1 1 1 1 1 1 1 1 1 1 1
68 250 68 68 68 250 68 68 68 68 393 250 68 499 393 68 250 393
499 499 499 499 499 499 499 499 499 499 499 499 499 499 499
499 499 499 499 499 499 499 499 499 499 499 499 499
2 2 2 2 2 2 2 2 2 2 2 2 2 2 2 2 2 2 2 2 2 2 2 2 2 2 2
499 350 350 499 499 499 350 350 499 499 499 350 350 499 499 499 350 499 350 499 499 350 499 350
24 24 24 24 24 24 497 105 105 24 105 24
499 499 499 499 499 499 499 499 499 499 499 499
499 499 499 499 499 499 499 499 499 499 499 499 499 499 499 499 499 499 499 499 499 499 499 499 499 499 499 499
105 105 24 24 24 497 24 24 24 24 24 105
6 8 6 6 6 8 8 64 6 8 8 6
257 257 257 257 183 183 183 397 183 183 397 397
499 499 499 499 499 499 499 499 499 499 499 499 499
1 1 1 1 1 1 1 1 1 1 1 1 1 1 1 1 1 1 1 1 1 1 1 1 1 1 1 1 1 1
127 127 127 127 258 499 258 127 499 258 127 127 258 499 127 258 258 127 127 499
54 54 54 54 54 54 54 499 54 54 54 54 54
499 119 499 91 119 499 119 119 91 91 91 91
13 7 13 13 94 7 7 7 13 7 7 7
10 10 10 10 10 10 10 10 10 10 10 10 10
351 351 351 499 499 499 499 499 499 499 499 499 499 351 351 499 351 499 499 499 351 499 499 499 499 499 351 499 499 351 499 499 499 499 499 499 499 499 499 499 499 499 351 499 499 499
106 499 499 499 106 499 106 106 106 106 106 106 106 106 499 106 106
2 2 2 2 2 2 2 2 2 2 2 2 2 2 2 2 2 2 2 2 2 2 2 2 2 2 2
499 184 259 259 499 184 499 259 184 259 184 184
499 499 499 499 128 499 128 128 499 128 128 128 499 128 128 128 128
499 499 499 499 499 499 499 499 499 499 499 499 499 499 499 499 499 499 499 499 499
70 70 70 499 70 499 499 499 70 70 70 70 70 70 70 70 499 499 499 70 70 70 499 70 70 70 70 70 499 499 70 70 70 499 70 70 499 70 70 70 70
499 352 107 352 352 107 107 107 107 352 107 107 107 107 107 107 352 107
353 499 499 353 499 260 260 260 353 260 260 353 353 260 353 499 353 353 499 260 353 260 260 260 260 499 499 260 353 499
6 8 6 8 8 6 64 8 8 6 6 6
499 499 499 499 499 499 499 499 499 499 499 499 499 499 499 499 499 499 499 499 499 499 499 499 499 499 499 499 499 499 499 499 499 499 499 499 499 499 499
499 499 499 499 499 499 499 499 499 499 499 499 499 499 499 499 499 499 499 499 499 499 499 499 499
499 261 261 262 261 499 398 499 398 262 262 398 262 261
108 108 108 108 499 354 108 108 499 354 108 354 108 354 354 108 108 108 108
34 28 28 28 499 28 28 34 28 28 34 28 28 28 34 34 28 34 34 28 34 34 34 34 34 28 499 34 34 28 28 28 34 28 34 28 34 28 34 34 28 28 28 34 34 28 34 28 34 28 34 28 28 34 28
262 398 499 262 499 261 262 261 499 261 262 261 398 398
2 2 2 2 2 2 2 2 2 2 2 2 2 2 2 2 2 2 2 2 2 2 2 2 2 2 2
263 263 264 264 264 499 263 264 264 499 264 263 263 263
499 25 25 39 39 39 39 25 25 25 25 39 25 25 25 39 25 39 39
499 499 499 499 499 499 499 499 499 499 499 499 499 499 499 499 499
23 32 23 23 32 49 23 49 32 221 23 32 49
201 11 11 21 11 11 21 11 21 21 11 21 11 11
51 51 37 499 37 37 37 37 51 37 51 51 37 37 51
355 355 499 499 355 355 355 499 355 499 355 355 499 355 355
48 48 48 48 48 462 48 48 462 48 48 48
304 17 46 17 17 17 46 46 46 17 17 17 17
499 499 499 499 499 499 499 499 499 499 499 499 499 499 499 499 499
2 2 2 2 2 2 2 2 2 2 2 2 2 2 2 2 2 2 2 2 2 2 2 2 2 2 2
499 356 356 356 499 499 356 499 499 499 499 356 356 499 499 499 499 499 499 499 499 499 499 499 356 499 356 356 499 499 499 499 356
499 499 499 499 499 499 499 499 499 499 499 499 499 499 499 499 499 499
485 207 207 207 499 499 485 207 499 207 485 485 207 207
185 185 499 185 499 499 499 185 185 185 499 499 185 499 499 185 499 499 185 499 185 185 499 499 185 499 499 499 185 499 499 185 185
499 499 499 499 499 499 499 499 499 499 499 499 499 499 499
499 499 499 499 499 499 265 499 499 265 499 499 499 499 265 499 499 265 265 499 265 499 499 499 499 265 499 265 265 265 265 499 499 499 499 499 265 499 499 499 499 499 499
13 13 7 7 7 7 13 13 7 7 7 94
186 499 499 499 499 499 186 186 186 499 499 186 186 186 499 499 499 186 499 499 499 499 499 499 186 499 186 499 499 186 186 186 186 186
499 499 499 499 499 499 499 499 499 499 499 499 499 499 499 499 499 499 499 499 499 499 499 499 499 499 499 499 499 499 499 499 499 499
2 2 2 2 2 2 2 2 2 2 2 2 2 2 2 2 2 2 2 2 2 2 2 2 2 2 2
38 98 47 47 98 38 47 47 98 38 47 433 38 38 38
499 499 499 499 499 499 499 499 499 499 499 499 499 499 499 499 499 499 499 499 499 499 499 499 499 499 499 499 499 499 499 499 499 499 499 499
499 499 499 499 499 499 499 499 499 499 499 499 499 499 499 499 499 499 499 499 499
257 257 397 257 257 183 183 397 183 183 397 183
499 499 499 499 499 399 399 399 499 499 499 399 399 399 399 499 499 499 499 499 399 499 399
499 499 499 499 499 499 499 499 499 499 499 499 499 499 499 499 499 499 499
10 10 10 10 10 10 10 10 10 10 10 10 10
499 499 400 400 400 400 499 400 400 499 499 400 400 499 400 499
401 401 499 499 266 401 499 499 401 266 401 266 499 499 499 266 266 266 266 266 266 499 266 499 401 401 499 401 266 499 401 266 499 499 499
499 121 121 62 62 121 62 121 121 62 62 62 62 62
69 69 69 69 69 69 69 69 69 69 499 69 69 69 69 69
499 267 267 267 499 267 267 267 267 499 499 267 267 267 267 499 267 499 499
16 16 16 16 16 16 16 16 499 16 16 16 16
14 20 20 14 20 20 223 20 14 14 14 14 20 14
105 497 24 24 105 24 24 105 24 24 24 24
145 145 145 499 145 145 499 145 499 145 145 145 145 499 145 145 145 145 145 145 145 145
499 499 499 499 499 499 499 499 499 499 499 499 499 499 499 499 499 499 499
248 248 144 144 144 392 144 499 144 144 499 248 392 248 392
127 499 127 499 127 258 258 127 127 258 127 258 258 127 127 258 499 127 127 499
50 30 30 50 30 50 30 499 30 30 30 50 30 50 30 50
175 377 499 175 377 377 175 499 499 175 175 499
103 63 103 63 103 103 63 499 63 63 63 63 103 103 63
166 499 499 166 499 166 499 499 499 166 166 166 166 166 166 499 166 166 166 166 499 166 499 499 166 166
499 119 91 499 119 91 119 91 91 91 499 119
499 499 499 499 499 499 499 499 499 499 499 499 499
499 402 499 357 499 402 499 357 357 499 357 357 499 357 402 357 499 499 357 402 499 499 499 499 499 499 402 499 402 499 357 499 402 499 357 402 499 499 499 499 499 402 499
499 26 26 26 142 26 26 26 142 142 26 26 26 26
104 104 124 124 165 165 124 104 165 499 124 104 104 165 104 124
499 499 499 499 499 499 499 499 499 499 499 499 499 499 499 499 499 499 499 499 499 499 499 499 499 499 499 499 499
499 499 499 499 499 499 499 499 499 499 499 499 499 499 499 499
1 1 1 1 1 1 1 1 1 1 1 1 1 1 1 1 1 1 1 1 1 1 1 1 1 1 1 1 1 1
10 10 10 10 10 10 10 10 10 10 10 10 10
499 499 499 499 499 499 499 499 499 499 499 499 499 499 499 499 499 499
18 18 18 18 426 18 18 59 59 18 59 18 18 59 18
71 71 71 71 499 71 71 71 71 71 71 71 499 71 71 71 71 71 499 71 499 71 71 71 71 71 499 71 71 71 499 71 71 71 499 499 499 71
4 4 4 4 4 4 4 4 4 4 4 4 4 4 4
7 7 7 13 7 7 7 13 13 94 7 13
49 23 23 23 32 32 221 23 32 23 49 49 32
499 187 187 187 187 499 187 499 187 499 187 499 187 187 187 499 499 187 187 187 187 499 499 499 187 499
124 165 124 104 165 165 104 104 124 165 499 124 104 104 124 104
72 72 499 72 72 72 72 72 72 72 72 499 72 72 72 72 499 72 72 72 72 72 499 72 72 72 72 72 72 499 499 72 499 72 72 72
36 36 422 36 36 36 36 422 36 36 36 36 36 36
358 499 499 499 358 499 358 499 499 358 358 499 499 499 358 499 499 499 358 499 358 499 358 358 499 499
82 82 82 188 188 82 82 188 82 188 82 82 499 82 188
499 499 499 499 499 268 499 268 499 268 499 268 268 499 499 268 499 268 268 268 268 268 268
499 499 499 499 499 499 499 499 499 499 499 499 499
499 499 499 499 499 499 499 499 499 499 499 499 499 499 499 499 499 499 499
13 13 94 13 13 7 7 7 7 7 7 7
499 167 167 167 499 167 499 167 167 499 167 167 499 499 499
7 94 7 13 13 13 7 7 7 7 7 13
499 499 499 499 499 499 499 499 499 499 499 499 499 499 499 499 499 499 499 499 499 499 499 499 499 499
499 499 499 499 499 499 499 499 499 499 499 499 499 499 499 499 499 499
255 499 255 499 499 499 499 255 499 255 255 499 499 499 499 255 499
19 19 12 19 12 19 12 12 12 19 174 12 12
85 85 85 85 85 85 85 85 85 85 85 85 85 85 85 85 85 85 85 85 85 499 499 85 499 85 499 85 85 85
499 499 499 499 499 499 499 499 499 499 499 499 499 499 499
59 59 18 18 18 18 426 18 18 59 18 18 18 18 59
15 15 15 15 15 15 15 15 499 15 15 15 15 15 15
269 129 168 129 269 168 499 129 168 168 269 168 168 269 269 168 129 129 129 129 129 129 269 129 168
23 23 32 49 32 32 221 49 49 23 23 32 23
499 270 270 499 499 499 270 270 270 270 499 499 270 270 499 270 499 499 499 270 270 270 499 499
271 499 271 499 359 499 499 359 271 499 359 359 271 499 499 499 271 499 499 359 499 499 271 499
360 360 360 360 499 499 499 499 360 499 360 499 499 499 499 499 499 360 360 360 499 360 499 499 499
263 263 264 499 263 264 263 264 264 263 263 264 264 499
499 499 499 499 499 499 499 499 499 499 499 499 499 499 499 499 499 499 499 499
79 79 79 79 79 79 79 79 79 79 231 231 79 231 79 231 499 231 79 79 231
499 499 361 499 499 499 361 361 361 361 361 499 361 499 361 361 361
201 21 11 11 11 11 21 21 11 21 11 11 11 21
10 10 10 10 10 10 10 10 10 10 10 10 10
82 82 82 82 188 188 188 188 82 82 499 82 188 82 82
499 499 499 499 499 499 499 499 499 499 499 499 499 499 499 499 499 499 499 499 499 499
73 73 73 73 73 73 73 73 73 499 73 73 499 73 499 73 73 73 73 73 499 499 73 499 73 73 73 499 73 499 499 499 73 73 73 499 499 73 73 73 73 499
59 18 18 18 59 18 18 18 18 18 18 426 59 18 59
1 1 1 1 1 1 1 1 1 1 1 1 1 1 1 1 1 1 1 1 1 1 1 1 1 1 1 1 1 1
499 499 499 499 499 499 499 499 499 499 499 499 499 499 499
74 74 74 74 74 74 189 74 74 74 74 74 499 189 189 74 74 74 74 74 499 189 189 189 499 189 499 74 74 74 499 499 74 74 189 74 189 499 74 74 189 189 189 189 189 74 74 74 74 74 189
21 201 11 21 11 11 21 21 11 11 11 11 11 21
13 13 7 13 7 7 7 7 94 7 13 7
499 499 499 499 499 499 499 499 499 499 499 499 499 499 499 499 499 499
403 403 499 499 499 272 499 403 499 499 499 403 499 272 272 403 499 499 499 272 272 499 499 499 499 499 272 499 499 499 499 272 403 499 499 272 499 272 499 499 499 403 499 499 403 499 272 499 272 403 499 499 499 499 272 499 499 499 499
499 499 499 499 499 499 499 499 499 499 499 499 499 499 499 499
67 67 53 53 67 53 53 67 53 53 67 499
22 43 43 22 22 109 22 22 43 22 43 109
499 499 499 499 499 499 499 499 499 499 499 499 499 499
499 499 499 499 499 499 499 499 499 499 499 499 499 499 499 499 499 499
7 94 7 7 7 7 13 7 7 13 13 13
404 55 55 55 55 55 404 404 499 55 55 55 55 55 55 55
273 405 405 499 405 405 499 273 273 273 273 405 499 405 405 405 273 499 499 405 273 273 273 499 273 273 499 273
103 103 103 63 63 103 63 63 63 63 63 63 103 103 499
398 398 262 499 398 262 261 261 261 499 499 262 262 261
274 274 274 274 499 499 499 274 499 274 274 499 274 499 499 274 499 499 499 274 274 274 499 499
499 499 499 499 499 499 499 499 499 499 499 499 499 499 499 499 499
45 96 96 45 45 45 153 45 153 45 153 96 153 96 45 45 96 45 45 499 96
211 211 499 211 498 498 211 211 498 499 211 211 498 499
146 146 146 146 214 146 146 214 214 214 146 146 499 214 214 214 499 146
38 433 98 98 38 47 47 47 47 38 38 98 38 47 38
499 499 499 296 296 296 499 296 296 296 499 499 296 296 499 296 296 499 296
49 23 49 49 23 221 23 32 32 23 32 32 23
499 499 499 499 499 499 499 499 499 499 499 499 499 499 499
123 123 341 341 123 123 123 123 341 341 499 123 123 341 123 123
499 499 499 499 499 499 499 499 499 499 499 499 499 499
499 499 499 499 499 499 499 499 499 499 499 499 499 499 499 499 499 499 499 499 499
31 52 52 41 31 52 41 31 41 31 41 41 380 52 31 31
29 29 29 29 29 29 29 29 29 29 29 29 499 29 499 499 29 29 29 499 29 29 499 29 499 29 29 499 29 29 499 499 499 29 499 499 29 29 499 29 29
499 225 173 173 136 225 173 136 499 173 173 136 136 136 499 225 225 136
86 499 499 86 86 86 86 86 86 86 499 86 86 86 86 86 86 499 86 86 499 86 86 86 499 86 86 86 499 499 86 499 86 499 86 86 499 499
1 1 1 1 1 1 1 1 1 1 1 1 1 1 1 1 1 1 1 1 1 1 1 1 1 1 1 1 1 1
56 56 56 56 147 147 56 147 56 406 56 56 56 56 56 147 147 406 406 147 56
148 148 148 148 148 148 148 148 148 148 148 499 148 148 148 148 148 148 148
499 499 499 499 499 499 499 499 499 499 499 499 499 499 499 499 499 499 499 499 499 499 499 499 499
499 499 499 499 499 499 499 499 499 499 499 499 499 499
184 499 184 259 184 499 184 259 259 499 184 259
19 12 174 19 12 12 19 19 12 12 19 12 12
499 499 499 499 499 499 499 499 499 499 499 499 499 499 499 499 499 499 499 499 499 499 499 499 499 499
26 142 26 26 26 26 142 499 26 26 26 26 26 142
135 135 97 97 499 135 135 224 97 135 97 97 97 97 135 97 224 224 224
499 499 499 499 499 499 499 499 499 499 499 499 499 499 499 499 499 499 499 499 499 499 499 499 499
149 149 149 149 499 499 499 149 149 149 499 149 149 149 149 149 499 149 499 499 149 499 149 149 149 499 499 149
275 499 362 275 275 275 275 499 362 362 362 275 362 499
499 167 167 167 499 167 499 167 167 499 167 167 499 499 499
30 30 499 30 50 50 50 30 30 50 50 30 30 50 30 30
47 98 38 38 38 47 47 38 38 47 433 98 38 98 47
100 138 138 138 100 138 138 100 100 499 138 499 100 100 100 100
2 2 2 2 2 2 2 2 2 2 2 2 2 2 2 2 2 2 2 2 2 2 2 2 2 2 2
6 6 64 6 8 6 6 6 8 8 8 8
53 67 67 53 53 67 53 67 53 53 67 499
102 102 340 340 340 102 102 102 340 102 102 102 102 102 340 102 499 102
146 146 146 146 146 146 214 214 214 214 146 146 214 499 214 214 499 146
43 22 109 22 109 22 22 22 43 43 43 22
2 2 2 2 2 2 2 2 2 2 2 2 2 2 2 2 2 2 2 2 2 2 2 2 2 2 2
499 499 499 499 499 499 499 499 499 499 499 499 499 499 499 499 499 499 499 499
7 94 7 7 7 13 13 13 7 13 7 7
17 17 17 46 17 17 17 17 304 46 17 46 46
4 4 4 4 4 4 4 4 4 4 4 4 4 4 4
55 55 55 55 55 404 404 499 55 55 55 55 55 404 55 55
276 169 169 276 169 363 363 276 363 499 169 169 499 169 169 276 276 169 276 363 363
2 2 2 2 2 2 2 2 2 2 2 2 2 2 2 2 2 2 2 2 2 2 2 2 2 2 2
499 499 499 499 499 499 499 499 499 499 499 499 499 499 499 499 499 499 499 499
499 499 499 499 499 499 499 499 499 499 499 499 499 499 499 499 499 499 499 499 499 499 499 499 499 499 499 499 499 499 499 499 499 499 499 499
43 22 109 22 109 22 22 22 43 43 43 22
4 4 4 4 4 4 4 4 4 4 4 4 4 4 4
30 30 30 50 50 50 499 50 30 30 30 30 30 30 50 50
107 107 499 107 107 107 107 107 107 352 107 107 352 352 352 107 352 107
499 499 499 499 499 499 499 499 499 499 499 499 499 499 499 499 499 499 499 499 499
497 24 105 24 24 105 24 24 24 24 24 105
24 24 24 24 105 24 24 24 497 105 105 24
499 499 499 499 499 499 499 499 499 499 499 499 499 499 499 499 499 499 499 499 499 499 499 499 499 499 499
499 499 499 499 499 499 499 499 499 499 499 499
8 6 6 6 6 8 8 8 6 64 8 6
87 499 87 87 87 87 499 87 87 87 87 87 87 87 87 87 87 499 87 87 87 87 87 87 499 87 87 499 87 499 499 87 87
1 1 1 1 1 1 1 1 1 1 1 1 1 1 1 1 1 1 1 1 1 1 1 1 1 1 1 1 1 1
66 66 499 66 113 66 113 66 66 66 113 113 66 113 113 66 66 113
7 7 7 13 94 7 13 13 7 13 7 7
25 25 25 25 39 25 39 39 39 25 39 39 499 25 39 25 25 39 25
269 129 129 129 269 168 269 129 269 168 129 168 168 168 129 129 168 168 129 269 129 499 129 168 269
69 69 69 69 69 69 69 69 69 69 69 69 499 69 69 69
407 407 407 499 407 407 499 407 499 499 499 407 499 499 499 407 407 499 499 499 499
190 408 190 499 190 499 408 499 190 499 408 499 190 190 408 190 499 190 499 499 190 190 408 499 408 499 408 190 499 190 408 499 190 190 499 190 408 499 499
499 499 499 499 499 499 499 499 499 499 499 499 499 499 499 499 499 499 499 499 499
130 130 130 499 364 130 364 499 364 499 130 130 499 130 364 364 130 130 130
55 55 55 55 404 55 55 499 55 404 55 55 55 55 55 404
1 1 1 1 1 1 1 1 1 1 1 1 1 1 1 1 1 1 1 1 1 1 1 1 1 1 1 1 1 1
1 1 1 1 1 1 1 1 1 1 1 1 1 1 1 1 1 1 1 1 1 1 1 1 1 1 1 1 1 1
53 67 53 53 67 67 53 499 67 53 67 53
409 409 499 409 499 409 409 499 499 499 499 409 409 499 499 499 409 409 499
499 119 119 499 119 499 91 91 91 119 91 91
15 15 15 15 15 499 15 15 15 15 15 15 15 15 15
4 4 4 4 4 4 4 4 4 4 4 4 4 4 4
499 499 499 499 499 499 499 499 499 499 499 499 499 499 499 499 499 499 499 499 499 499 499 499
499 499 499 499 499 499 277 499 499 499 499 277 277 499 277 277 499 277 277 277 499 499 499 277 499 277 499 499 499 277 499 277 499
36 36 422 36 36 36 36 422 36 36 36 36 36 36
8 6 64 6 6 8 6 6 8 8 8 6
10 10 10 10 10 10 10 10 10 10 10 10 10
191 191 191 191 191 191 499 191 499 191 191 191 499 499 499 499 499 499 499 191 191 191 191 191
499 499 499 499 499 499 499 499 499 499 499 499 499 499 499 499 499 499 499 499 499 499 499 499 499 499
499 499 499 499 499 499 499 499 499 499 499 499 499 499
23 23 32 32 23 32 49 221 23 23 32 49 49
499 499 499 499 499 499 499 499 499 499 499 499 499 499 499 499 499 499 499 499 499
2 2 2 2 2 2 2 2 2 2 2 2 2 2 2 2 2 2 2 2 2 2 2 2 2 2 2
1 1 1 1 1 1 1 1 1 1 1 1 1 1 1 1 1 1 1 1 1 1 1 1 1 1 1 1 1 1
499 499 499 499 499 499 499 499 499 499 499 499 499 499 499 499 499 499 499 499 499 499 499 499 499
21 201 11 11 21 11 21 11 21 11 11 21 11 11
275 499 362 275 275 275 275 499 362 362 362 275 362 499
192 192 499 499 499 192 192 499 192 499 499 192 192 192 499 192 499 192 499 192 192 499 499 192 192 499 192
6 8 8 8 6 6 64 6 6 8 8 6
41 52 41 31 31 52 31 380 31 31 41 52 52 41 41 31
41 31 52 31 41 31 52 380 31 41 31 41 41 31 52 52
499 499 278 365 499 365 365 499 499 278 278 365 278 278 278 365 499 499
366 366 499 366 499 499 499 499 499 366 366 366 499 499 499 499 366 499 366 499 366 366 499
499 499 499 499 499 499 499 499 499 499 499 499 499 499 499 499 499 499 499 499 499 499
6 6 6 6 64 6 8 8 8 8 8 6
499 499 499 499 499 499 499 499 499 499 499 499 499 499 499 499 499 499
158 99 234 158 99 99 99 234 158 158 499 99 99 234
170 499 499 499 170 499 170 499 499 499 499 499 499 170 499 499 170 170 499 499 170 499 499 499 499 170 499 499
4 4 4 4 4 4 4 4 4 4 4 4 4 4 4
499 499 499 499 499 499 499 499 499 499 499 499 499 499 499 499 499 499 499 499
499 88 499 88 499 88 88 88 499 88 499 88 88 499 88 88 88 499 88 88 88 88 499 88 88 88 88 88 88 499 88 88 88 88 88
499 499 499 499 499 499 499 499 499 499 499 499 499 499 499 499 499 499 499 499
499 193 193 193 193 193 499 193 193 499 499 193 193 193 499 193 193 499 499 193 193 193 499 499
499 131 131 499 131 499 131 499 131 131 131 131 131 499 131 131 131 131 131 131 499 499 131 131 131 131 131
18 59 18 18 18 18 18 426 18 59 59 18 59 18 18
499 67 67 67 67 53 53 67 53 53 53 53
175 377 499 175 377 377 175 499 499 175 175 499
499 499 499 499 499 499 499 499 499 499 499 499 499
170 499 499 499 170 499 170 499 499 499 499 499 499 170 499 499 170 170 499 499 170 499 499 499 499 170 499 499
499 499 499 499 499 499 499 499 499 499 499 499 499 499 499 499 499
249 249 212 249 212 212 249 212 212 212 499 212 249 249
21 11 11 201 11 21 21 11 11 21 11 21 11 11
6 6 64 6 6 8 6 8 8 8 6 8
184 259 184 259 259 499 184 499 184 184 259 499
499 410 194 499 499 194 499 194 499 194 410 499 499 410 410 499 499 499 499 499 194 499 499 194 499 410 499 194 410 194 410 194 499 499 410 499 194 499 194 499 499 194 194 499 499 194 499 194 410
499 499 499 499 499 499 499 499 499 499 499 499 499 499 499 499 499 499 499 499 499 499 499 499 499 499 499 499 499 499 499 499 499 499 499 499 499 499 499 499 499 499 499
406 56 56 56 147 147 56 147 56 56 56 56 56 56 56 147 147 406 406 147 56
250 499 68 68 68 393 250 250 68 68 68 68 250 68 393 393 68 68
499 499 499 499 499 499 499 499 499 499 499 499 499 499
21 11 21 11 21 201 21 11 11 21 11 11 11 11
41 52 31 380 31 31 41 52 31 41 52 52 31 41 31 41
499 499 367 499 499 367 499 499 499 367 499 499 367 499 367 499 367 499 367 499 367 499 499 367 499 499 499 367 499 499 499
499 499 499 499 499 499 499 499 499 499 499 499 499 499 499 499 499 499 499 499 499 499 499 499 499 499 499 499 499
499 499 499 499 499 499 499 499 499 499 499 499 499 499 499 499 499 499 499 499 499
16 16 16 16 16 499 16 16 16 16 16 16 16
499 499 499 499 499 499 499 499 499 499 499 499 499 499 499 499
1 1 1 1 1 1 1 1 1 1 1 1 1 1 1 1 1 1 1 1 1 1 1 1 1 1 1 1 1 1
279 279 279 499 279 279 499 279 279 279 279 499 499 279 279 499 499 499 499 499 279 499
75 75 75 75 75 75 75 75 75 75 499 75 499 75 75 75 75 75 75 75 75 75 75 75 75 75 75 75 499 75 499 499 75 75
2 2 2 2 2 2 2 2 2 2 2 2 2 2 2 2 2 2 2 2 2 2 2 2 2 2 2
368 411 368 368 368 411 499 411 411 411 411 368 368 368 411 368 499 499 368 411 368 411
7 13 13 7 7 13 7 7 7 13 7 94
499 128 128 499 499 128 499 499 128 499 128 499 128 128 128 128 128
1 1 1 1 1 1 1 1 1 1 1 1 1 1 1 1 1 1 1 1 1 1 1 1 1 1 1 1 1 1
172 134 172 222 134 222 172 172 499 222 376 134 134 134 134 172 376 376 222
499 499 499 499 499 499 499 499 499 499 499 499 499 499
53 53 67 53 53 499 67 67 67 67 53 53
64 8 6 8 8 6 6 8 6 6 6 8
99 158 99 234 234 99 99 158 158 158 99 499 234 99
499 369 499 369 499 369 499 369 499 499 369 499 369 499 499 499 369 369 499 369 369 499
499 499 280 499 499 280 280 499 280 280 280 499 499 280 280 280 499 280 499 499 280 499 280 499
499 499 499 499 499 499 499 499 499 499 499 499 499 499 499 499 499 499 499 499 499 499 499 499 499 499 499
499 499 499 499 499 499 499 499 499 499 499 499 499 499 499 499 499 499
19 12 12 12 12 12 12 19 19 19 174 12 19
7 13 13 13 13 7 7 7 7 7 94 7
10 10 10 10 10 10 10 10 10 10 10 10 10
0 0 0 0 0 0 0 0 0 0 0 0
499 499 499 499 499 499 499 499 499 499 499 499 499 499 499
499 499 499 499 499 499 499 499 499 499 499 499 499 499 499 499 499 499 499 499 499 499 499 499 499 499 499 499 499 499 499
370 370 499 370 370 370 499 370 370 370 370 370 499
499 499 499 499 499 499 499 499 499 499 499 499 499 499 499 499 499 499 499 499 499 499
130 130 130 499 364 130 364 499 364 499 130 130 499 130 364 364 130 130 130
47 38 38 47 38 47 38 98 47 47 98 38 433 38 98
499 499 499 499 499 499 499 499 499 499 499 499 499 499 499 499 499
20 14 223 14 14 20 14 14 14 20 20 20 14 20
11 11 11 11 11 201 21 11 21 21 21 11 21 11
499 499 412 499 499 412 412 499 412 499 412 499 499 499 412 499 412 499 412 412
48 48 48 48 48 462 48 48 462 48 48 48
143 240 143 240 143 143 391 240 240 391 143 391 143
413 413 499 499 499 499 413 413 413 499 413 413 499 499 413 413
499 499 278 365 499 365 365 499 499 278 278 365 278 278 278 365 499 499
499 499 499 499 499 499 499 499 499 499 499 499 499 499 499
499 499 499 499 499 499 499 499 499 499 499 499 499 499 499 499 499 499
499 499 499 499 499 499 499 499 499 499 499 499 499 499 499 499 499 499 499 499 499 499 499 499 499 499 499 499 499 499 499 499 499 499 499 499
42 42 42 42 42 42 117 117 117 42 499 42 42 117
14 14 20 20 14 20 14 14 223 14 20 20 20 14
0 0 0 0 0 0 0 0 0 0 0 0
10 10 10 10 10 10 10 10 10 10 10 10 10
499 499 499 499 499 499 499 499 499 499 499 499 499
222 134 134 134 222 376 222 376 376 172 134 134 172 172 134 222 172 499 172
0 0 0 0 0 0 0 0 0 0 0 0
0 0 0 0 0 0 0 0 0 0 0 0
49 23 32 221 32 49 49 32 32 23 23 23 23
499 371 499 499 371 499 499 371 499 371 371 499 499 371 499 499 499 371 499 499 371 499 371 499 371
372 499 499 499 499 372 499 372 499 372 499 499 499 372 499 372 499 499 499 499 372 499 372 499 372 499 499 372 499 499
58 140 58 140 58 58 58 140 140 58 58 58 58 140 140 499 58 58
373 499 499 499 499 499 373 373 499 499 499 499 373 373 499 499 373 499 373 499 499 499 373 499 499 499 499 373 499 373 499 499
4 4 4 4 4 4 4 4 4 4 4 4 4 4 4
239 493 493 499 493 493 239 499 239 499 239 239 239
499 281 499 281 499 281 499 499 499 499 281 281 281 281 281 281 499 499 281 499 281 281 499
21 11 21 201 11 11 11 21 11 21 11 21 11 11
6 6 8 8 64 8 6 6 6 6 8 8
76 76 499 76 499 76 76 76 499 76 76 76 499 76 76 499 499 76 76 76 499 499 76 76 499 76 76 499 76 76 76 76 76 76 76 76 499 499 76 76 76
42 42 117 42 42 499 117 117 42 42 42 117 42 42
159 159 120 120 120 120 159 499 120 159 120 159 120 159 159 120 120 159 120
45 96 153 45 45 45 96 499 153 45 96 45 45 153 96 45 45 153 96 96 45
2 2 2 2 2 2 2 2 2 2 2 2 2 2 2 2 2 2 2 2 2 2 2 2 2 2 2
108 108 108 108 499 354 108 108 499 354 108 354 108 354 354 108 108 108 108
29 29 29 29 29 29 29 29 29 29 29 29 499 29 499 499 29 29 29 499 29 29 499 29 499 29 29 499 29 29 499 499 499 29 499 499 29 29 499 29 29
282 499 499 282 499 282 282 282 499 499 282 282 499 499 499 282 499 282 499 282 282 282
499 173 173 225 225 136 499 225 173 173 136 136 136 136 499 225 136 173
10 10 10 10 10 10 10 10 10 10 10 10 10
276 169 169 276 169 363 363 276 363 499 169 169 499 169 169 276 276 169 276 363 363
49 32 49 23 23 23 32 23 32 221 32 23 49
59 18 18 18 59 18 18 18 18 18 59 59 426 18 18
66 113 66 113 66 499 113 66 113 66 66 66 66 113 113 66 66 113
39 25 25 499 25 25 25 25 39 39 39 25 25 25 39 25 39 39 39
499 499 499 499 499 499 499 499 499 499 499 499 499 499 499 499
15 15 15 15 15 499 15 15 15 15 15 15 15 15 15
499 499 499 499 499 499 499 499 499 499 499 499 499
499 499 499 499 499 499 499 499 499 499 499 499 499 499 499 499 499 499 499 499 499 499 499 499 499 499 499
20 14 14 20 223 20 14 20 14 14 20 14 14 20
499 499 499 499 499 499 499 499 499 499 499 499 499 499 499 499 499 499 499 499
11 21 11 21 11 11 11 201 21 21 11 11 11 21
4 4 4 4 4 4 4 4 4 4 4 4 4 4 4
46 17 46 17 17 17 17 17 46 304 17 17 46
89 499 89 89 89 499 499 499 89 89 89 89 89 89 89 499 89 89 89 89 499 89 89 89 499 89 89 89 89 89 499 89 499 89 499 89 499 499
63 63 103 103 103 499 103 103 103 63 63 63 63 63 63
414 499 499 414 414 414 499 499 414 414 499 414 414 499 499 414
90 90 90 90 499 90 499 90 90 90 90 90 90 90 90 499 90 90 499 90 90 499 90 90 90 499 90 90 90 499 90 90 90
7 7 13 13 7 7 94 13 7 7 13 7
201 11 21 21 11 11 21 21 11 11 11 11 11 21
499 499 499 499 499 499 499 499 499 499 499 499 499
283 374 374 283 499 283 499 374 283 374 283 283 499 374 374 283 499 374 283 283 283 499 374 499 374 499 499 374 283 283
499 499 499 499 499 499 499 499 499 499 499 499
24 24 497 105 24 24 105 24 24 24 24 105
499 499 499 499 499 499 499 499 499 499 499 499 499 499 499 499 499 499 499 499 499 499 499 499
499 499 499 499 499 499 499 499 499 499 499 499 499 499 499 499 499 499 499 499 499
271 499 271 499 359 499 499 359 271 499 359 359 271 499 499 499 271 499 499 359 499 499 271 499
406 56 56 56 147 147 56 147 56 56 56 56 56 56 56 147 147 406 406 147 56
82 82 82 188 82 188 82 188 82 188 82 499 82 188 82
34 28 28 28 499 28 28 34 28 28 34 28 28 28 34 34 28 34 34 28 34 34 34 34 34 28 499 34 34 28 28 28 34 28 34 28 34 28 34 34 28 28 28 34 34 28 34 28 34 28 34 28 28 34 28
0 0 0 0 0 0 0 0 0 0 0 0
26 26 26 26 142 499 26 26 26 26 26 142 142 26
23 49 49 32 32 23 49 23 23 23 32 32 221
257 257 397 257 183 183 183 397 257 183 183 397
4 4 4 4 4 4 4 4 4 4 4 4 4 4 4
1 1 1 1 1 1 1 1 1 1 1 1 1 1 1 1 1 1 1 1 1 1 1 1 1 1 1 1 1 1
195 195 499 499 195 195 499 499 499 195 499 499 195 499 499 195 499 195 499 499 195 195 499 195 195 195 499 499 195 195 499 499
499 499 499 499 499 499 499 499 499 499 499 499 499 499 499 499 499 499 499 499 499 499 499 499 499 499