996 996 996 998 998 998 998
996 998 998 998 790 996 998 998 998 998 998 998 998
996 996 996 998 998 998 998
996 996 996 998 998 998 998
987 998 998 987 998 998 998 728 998 978
987 987 987 993 757 993 990 990
996 996 996 998 998 998 998
987 987 885 993 978 993 990 990
996 996 996 789 998 996 998 996 998 998 998 998 998
991 991 996 993 996 996 996 991 994 994 993 996 996 993 998 998 998 990 159 998 998 998
992 992 992 997 997 997 997 997
992 992 992 991 991 993 993 991 425 997 990 997 997 994 994 990 997
992 992 992 997 997 997 997 997
158 993 991 991 942 991 424 994 993 756 994 991 990 994 871 994 994 990 942 994 423 961
996 996 996 998 998 998 998
996 996 996 973 998 973 686 973 961 961 998 973 685 998 157 961
996 997 997 996 997 996 997 997 997 997 998 998 422 998
996 996 996 998 998 998 998
788 788 831 917 830 955 917 955 955
992 992 992 997 997 997 997 997
421 860 949 949 949 949 860 949 960 844 960 949
156 992 991 992 972 991 994 972 997 983 997 997 997 994 994 983 983 983 983 983 983 983 983 997
988 988 988 995 995 995 995 995 995
991 993 991 993 634 994 993 993 990 994 994 990 990 990
996 996 996 998 998 998 998
991 993 993 993 913 550 991 913 993 993 990 987 993 990 987 987 991 994 829 913 994 155
916 916 916 981 981 981 981 981 981 981 981 981 981 981 981 981 981 981 981 981 981 981 981 981 981 981 981 981 981 981 981 981 981 981 981 981 981 981
916 916 916 981 981 981 981 981 981 981 981 981 981 981 981 981 981 981 981 981 981 981 981 981 981 981 981 981 981 981 981 981 981 981 981 981 981 981
936 936 936 975 975 975 975 975 975 975 975 975 975 975 975
996 996 996 998 998 998 998
988 988 988 995 995 995 995 995 995
988 988 988 995 995 995 995 995 995
987 987 987 727 978 987 978
993 154 993 993 993 993 990 993 990 990 990 990 990
992 992 992 997 997 997 997 997
993 992 992 790 987 997 997 993 997 990 987 990 997 978 997
996 996 996 988 988 998 998 988 987 153 993 987 993 995 998 978 995 995 995 995 990 990
152 974 991 991 974 986 986 994 986 986 986 986 986 986 994 994
996 633 992 633 991 151 996 998 991 998 993 992 993 997 998 994 997 997 994 726 994 998 549 990 549 725 725 997 726 725 997 990
996 996 996 998 998 998 998
987 993 993 993 993 991 993 990 993 987 991 990 987 420 994 994 994
996 996 994 996 994 998 994 828 998 994 998 994
972 972 972 983 983 983 983 983 983 983 983 983
859 859 859 968 968 968 968 968 968 968 968 968 968 968 968 968 968 968 968 968 968 968
988 988 988 995 995 995 995 995 995
996 987 987 996 978 978 978 978 996 987 987 998 978 987 978 998 987 998 150
988 988 988 995 995 995 995 995 995
996 996 996 998 998 998 998
419 149 419 548 827 547 418 417 827 548 548 547 827 827 827 417 827 827 547 827 827 827
996 996 996 998 998 998 998
996 996 996 998 998 998 998
416 925 925 416 148 546 925 925 545 546 147 925 545 546 925 146 545
992 992 992 997 997 997 997 997
544 929 929 415 544 544 145 755 543 684 755 684 726 973 144 806 805 726 755 805 755 973 755 967 415 967 143 543 142 967 973 141 755 755 543 973
988 997 997 988 997 997 988 995 414 997 995 995 997 995 995 997
413 140 826 413 826 412 411 411 542 412 941 826 941 139 941 954 410 542 541 410 138 137 826 954 954 136
804 632 804 804 540 632 950 632 950 540 632
993 987 987 409 993 978 990 978 978 990 978
996 996 996 998 998 998 998
992 992 992 997 997 997 997 997
993 991 994 984 984 992 992 993 993 135 984 987 984 994 997 991 984 994 994 997 987 990 997 984 997 984 984 994 997 984 984 978 984 994 994 994 984 984
977 977 992 977 992 989 989 989 408 989 989 989 997 997 997 997 997
996 987 996 996 991 991 998 987 987 991 998 994 994 134 998
972 972 972 983 983 983 983 983 983 983 983 983
987 987 998 987 998 998 724 998 998 998
825 825 631 825 963 963 991 804 963 991 991 947 957 994 804 963 950 994 133 947 950 957 950 973 683 754 947 947 973
992 992 992 997 997 997 997 997
686 132 991 991 994 884 994 423 942 994 961 884 961 884 884
936 723 723 723 907 936 907 936 975 907 975 975 907 975 975 907 975 975 975 907 131 975 907 975 975 907 907
993 992 993 630 942 629 629 722 942 992 957 130 895 895 957 992 993 997 990 685 997 997 129 961 997 722 973 973
996 843 991 991 994 996 994 998 998 998 994 998
992 992 992 997 997 997 997 997
407 539 407 128 539 883 883 721 883 883 721 406 127 721 883 721 883 721 721 883
977 977 977 989 989 989 989 989 989 989
972 972 972 983 983 983 983 983 983 983 983 983
966 966 989 993 405 989 858 993 966 989 989 682 682 984 989 858 682 682 984 989 984 993 989 126 858 989 984 990 984 682 858 405 984 989 984 984 984 984
966 988 966 988 966 984 988 995 995 995 984 984 984 984 984 984 984 995 404 995 984 984
977 977 977 989 989 989 989 989 989 989
991 403 991 125 403 124 123 941 994 122 941 998 121 994 998 120 994
988 988 988 995 995 995 995 995 995
119 993 942 993 942 424 961 993 987 990 987 871 118 871 978
972 972 992 972 983 983 992 983 992 983 997 997 997 983 997 117 983 983 983
906 628 906 870 965 965 965 965 965 965
993 993 991 915 990 991 990 994 994 994
753 753 753 925 824 902 627 925 925 902 925 824 925 824 627 902 925 824 902 824 925 902 902
996 996 996 998 998 998 998
992 992 992 997 997 997 997 997
991 991 991 990 990 990 912 990 994 994
996 996 996 998 998 998 998
842 905 905 842 842 935 935 905 720 720 935 935 935
723 723 723 907 907 907 907 907 907 907 907 907 907
972 972 972 978 991 116 983 991 983 994 991 983 983 994 991 983 994 983 994 994 983 978 983 994 978
402 402 681 680 924 680 680 680
996 996 996 998 998 998 998
916 916 916 981 981 981 981 981 981 981 981 981 981 981 981 981 981 981 981 981 981 981 981 981 981 981 981 981 981 981 981 981 981 981 981 981 981 981
996 996 996 998 998 998 998
977 977 977 989 989 989 989 989 989 989
115 633 991 633 725 549 991 114 725 994 725 726 994 994 726
936 936 936 975 975 975 975 975 975 975 975 975 975 975 975
977 977 977 989 989 989 989 989 989 989
992 992 992 997 997 997 997 997
996 996 996 790 998 996 998 998 998 998 998 998 998
996 993 996 996 993 998 869 998 998 990 990
996 996 996 998 998 998 998
957 113 957 973 401 112 973
992 992 992 997 997 997 997 997
878 987 991 991 987 994 994 978 994
991 996 843 991 996 998 998 994 998 998 994 994
988 988 988 626 993 993 995 990 995 995 990 995 995
974 996 974 974 986 986 996 986 986 986 996 986 986 998 998 998 400
829 913 829 978 829 913 111 978 538 978 913 913 913 550
942 942 942 988 992 991 988 988 991 992 991 992 942 942 994 719 997 997 997 995 995 961 995 997 995 995 719 110 994
991 993 993 993 967 109 967 991 991 994 967 991 993 993 967 806 957 993 990 990 994 973 990 990 990 679 973 973 990 994 994 994 967 994
996 996 996 998 998 998 998
992 992 992 997 997 997 997 997
993 991 991 991 991 994 993 994 991 991 994 994 993 990 108
992 992 992 997 997 997 997 997
987 993 991 993 987 987 987 107 993 993 991 993 994 994 990 990 993 990 993 990 994 978 978 993 990 990 990 990
992 992 992 997 997 997 997 997
106 962 962 787 985 985 985 985 985 787 985 625 985 399 944 985 985 944 985 985 985 625 985 985 985 985 985
977 977 977 989 989 989 989 989 989 989
756 105 756 871 104 871 103
993 990 993 990 990 993 990 990 786
977 977 977 989 989 989 989 989 989 989
678 946 841 841 946 841 841 841
972 972 972 983 983 983 983 983 983 983 983 983
718 398 718 717 823 717 823 823 823 717
996 996 996 987 987 724 998 978 998 998
993 993 965 993 965 965 993 965 965 870 993 990 993 965 102 990 965 965
992 992 992 978 752 997 997 978 997 978 997
988 988 988 995 995 995 995 995 995
624 624 397 877 877 877 857 857 857 623 623 857 877 857 877 857 877 877
988 988 988 995 995 995 995 995 995
991 991 940 940 396 994 994 994
727 987 987 978 987 987 978
718 398 718 717 823 717 823 823 823 717
991 991 997 997 991 994 997 997 997 997 997 994 677
101 622 100 99 98 996 803 395 925 925 803 925 785 925 996 998 998 97 925 803 998 998 395
906 906 965 991 978 993 991 965 991 978 993 978 906 870 965 965 993 965 994 96 990 994
95 394 394 393 392 784 784 784 784 621 391
993 993 990 993 990 990 990 990 786
988 988 988 995 995 995 995 995 995
992 992 992 997 997 997 997 997
954 954 822 954 954 904 822 954
988 996 988 988 996 996 995 995 94 995 998 995 998 995 998
93 860 860 537 991 978 884 884 536 978 991 978 991 994 994 537 92
992 992 992 997 997 997 997 997
988 988 988 995 995 995 995 995 995
904 904 904 954 954 822 954 822
535 894 535 894 535 893 620 620 894 620 620 893 390 91 390
974 974 974 986 986 986 986 986 986 986 986
992 992 992 997 997 997 997 997
977 977 977 989 989 989 989 989 989 989
534 534 893 534 389 893 676 893 676 893 676 676 676 389 893
991 991 991 892 991 994 994 994 994 994 994
783 783 783 619 928 928 928 928 928 619 928 928
388 388 675 90 89 88 87 941
86 751 967 751 948 387 618 967 967 948 948 948 967 967
942 996 942 996 996 868 719 942 868 631 947 950 942 85 950 998 961 950 950 719 961 950 947 998 998
716 716 716 782 782 821 876 821 876 821 821 617 876 782 616 616 782 821 615 876 876 617 876 615 876 386
992 992 992 997 997 997 997 997
993 993 885 987 990 987 990 978
533 532 533 532 84 533 83 82 614 531 750 840 81 840 840 385 385 532 531 840 531 614 840 384 80 840 79 384 614
622 622 622 674 674 674 78 383 674 803 530 530 530 803 674 383
991 991 991 991 613 994 993 993 994 994 994 994 994 990 990
991 988 991 988 991 77 994 994 995 991 995 995 995 994 994 994 995 994 995
991 998 991 991 998 998 994 998 994 998 998 828
992 992 992 997 997 997 997 997
987 989 989 989 989 989 612 987 989 989 989 989 987 76
529 867 867 867 867 867 529 529 867 802 802 802 867 382 867 802 802 867 867 802 802 867 802 867 382 867 802
993 957 75 74 996 73 995 993 993 973 928 957 995 993 990 995 961 996 973 998 973 673 993 998 928 995 990 928 973 673 973 928 961 995 993 381 995 72 973 995 961 995 998 990 990 806 998 990 685 990
987 978 978 987 978 727 978
781 946 946 946 946 781 781 611 946 946 946 946 946 611 946 946 946
962 962 962 985 985 985 985 985 988 988 988 995 995 995 995 985 985 985 985 985 985 985 71 985 995 985 985 985
992 992 992 997 997 997 997 997
992 992 992 997 997 997 997 997
996 996 996 998 998 998 998
996 996 996 998 998 998 998
993 991 993 987 993 987 991 991 993 993 987 994 70 990 990 990 994
380 528 379 380 527 820 527 672 820 672 527 672 379 820 672 672
630 629 630 722 895 895 722 895
69 988 988 68 995 610 995 536 995 67 826 998 826 995 995 995 536
993 994 994 993 994 994 993 994 912 990
996 996 996 998 998 998 998
993 526 940 940 993 990 990
992 992 992 997 997 997 997 997
378 377 858 376 66 858 858 375 609 418 65 609 377 858 64 609 376 63 375 858 715 609 62
988 996 61 988 996 995 998 995 998 995 995 998 995 998 995
988 988 988 995 995 995 995 995 995
859 859 859 968 968 968 968 968 968 968 968 968 968 968 968 968 968 968 968 968 968 968
525 987 992 992 997 987 997 978 997 997 997
992 992 992 997 752 997 987 997 997 987 978
993 993 991 987 996 993 993 60 991 987 990 990 996 998 998 994 987 998 987 990 998 998 994 978 998 990 978 998 998 994 994 994 998 998 994 994 994
940 966 966 966 991 991 992 984 940 993 984 984 984 993 984 992 984 984 992 984 991 997 993 997 994 984 59 984 994 990 997 997
749 924 924 780 374 924 524 610 780 780 924 780 524 749
977 977 977 989 989 989 989 989 989 989
714 856 856 373 856 58 856 856 714 856 714 856 714 714 714 373 856 856 856 856 856
992 992 992 997 997 997 997 997
57 967 825 944 372 944 967 825 967 944 967 963 944 967 56 371 963 963 963 963
924 993 541 55 523 749 957 819 993 523 524 819 993 957 973 993 780 991 370 780 780 871 991 749 780 924 973 369 994 994 785 990 541 523 819 871 994 924 990 374 990 990 924 749
991 987 987 978 54 991 978 994 994 978 978 994
993 994 993 994 994 915 990 990 994 994
996 996 996 998 998 998 998
977 977 977 989 989 989 989 989 989 989
988 988 988 995 995 995 995 995 995
996 996 996 998 998 998 998
961 719 719 961 961 942 961 961 53
996 998 998 998 790 998 996 998 998 998 998 998 998
988 988 988 995 995 995 995 995 995
993 993 993 990 987 987 757 978
966 966 966 984 984 984 984 984 984 984 984 984 984 984
977 977 977 989 989 989 989 989 989 989
987 991 991 993 987 991 987 993 993 994 522 994 990
988 988 988 995 995 995 993 993 995 995 993 990 626
972 972 972 983 983 983 983 983 983 983 983 983
996 996 996 998 998 998 998
996 996 996 998 998 998 998
988 988 988 995 995 995 995 995 995
988 988 988 995 995 995 995 995 995
992 992 992 997 997 997 997 997
965 965 870 965 870 965 965 965 965 965
996 996 996 998 998 998 998
993 993 993 993 786 993 990 990 990
52 51 50 779 368 368 608 779 608 779 367 779 49
993 713 993 990 993 993 990 990 990
992 784 784 784 992 992 997 393 997 392 48 621 784 997 997 621 621 391
859 859 859 968 968 968 968 968 968 968 968 968 968 968 968 968 968 968 968 968 968 968
781 946 946 946 946 781 781 611 946 946 946 946 946 611 946 946 946
987 987 987 913 987 913 987 550 987 47 913 978 987 913 978 978 978 978
996 996 996 993 869 993 998 998 990 998 990
966 966 966 984 984 984 984 984 984 984 984 984 984 984
977 977 977 989 989 989 989 989 989 989
46 45 44 521 993 607 993 748 940 43 607 521 748 748 748 521 520 940 990 748 520 607 990 748 607 748 520
996 996 996 998 998 998 998
996 996 996 998 998 998 998
992 992 992 993 712 993 997 997 990 997 990 997
366 805 365 366 612 42 41 40 987 519 805 805 39 987 519 365 978 519
992 992 992 997 997 997 997 997
829 998 998 998 829 913 538 38 913 998 998 998
973 993 993 996 993 993 996 996 991 993 37 990 998 993 839 364 991 993 990 839 998 839 990 990 839 957 998 839 973 990 839 36 839 990 839 990 978 990 990 990 990 990 990 994 839 978 973 839 994 994 839 978
363 362 35 363 361 671 362 671 671 671 361 34 360 360 671 606 606 606 606 33
359 32 359 358 670 31 30 357 669 747 29 356 28 994 670 27 994 747 26 747 994 25 24 669 670 23 355 670 22 21 357 354 747 20 669 358 356 354 747 353 994 669 994 670 747 355 353 747
996 996 996 998 998 998 998
988 838 991 952 988 19 991 952 952 995 995 995 518 952 518 995 994 994 994 995 995 838
988 988 988 995 995 995 995 995 995
996 996 996 998 998 998 998
996 996 996 998 998 998 998
996 996 996 998 998 998 998
992 992 992 997 997 997 997 997
993 990 990 990 713 990 993 990 990
977 977 977 989 989 989 989 989 989 989
977 977 977 989 989 989 989 989 989 989
996 996 996 998 998 998 998
992 992 992 997 997 997 997 997
996 996 996 998 998 998 998
992 992 992 997 997 997 997 997
966 352 966 988 984 988 995 984 984 995 995 984 984 995 995 984 995 984 984 984 984 984
962 962 962 985 985 985 985 985 985 985 985 985 985 985 985 985 985 985 985 985
746 18 939 967 939 967 967 746 372 943 939 943 967 939 939 967 17 939 16
991 892 991 991 994 991 994 994 994 994 994
15 14 987 13 517 987 612 987 12 991 516 991 987 978 994 978 994 994
992 992 992 993 997 993 997 997 993 712 990 997
992 992 992 997 997 997 997 997
988 988 988 995 995 995 995 995 995
916 916 916 981 981 981 981 981 981 981 981 981 981 981 981 981 981 981 981 981 981 981 981 981 981 981 981 981 981 981 981 981 981 981 981 981 981 981
996 996 996 998 998 998 998
977 977 977 991 991 991 994 989 994 11 989 989 989 989 989
992 992 992 997 997 997 997 997
351 977 919 919 919 977 977 351 10 919 919 919 919 919 989 919 919 919 919 989 989 989 919 919 919 919 919 919 9 989 919 989 919 919 8 919
987 993 991 991 991 991 991 996 991 996 991 991 993 996 993 994 994 991 994 994 987 998 998 994 987 994 990 7 998
996 996 996 998 998 998 998
818 668 991 515 668 668 668 350 515 818 904 349 515 348 6 5 350 991 991 4 348 994 3 2 954 901 1 668 349 994
0 667 514 840 378 605 999 999 605 999 999 840 347 855 999 514 840 667 999 840 855 999 999 605 999 999 840 855 605 999
993 994 994 993 994 994 915 990 990 994
987 903 911 903 911 895 999 987 999 903 903 903 871 871 950 987 987 999 999 978 801 978 369 911
977 977 977 989 989 989 989 989 989 989
996 996 996 998 998 998 998
346 681 346 924 934 934 934 924 604 934 924 934
988 996 996 988 988 994 994 994 994 996 990 996 995 995 990 996 995 994 994 990 994 996 995 994 998 994 994 994 998 994 998 994 990 995 994 998 998 999 998 994
624 624 397 877 877 877 857 857 857 623 623 857 877 857 877 857 877 877
996 996 996 998 998 998 998
962 962 962 985 985 985 985 985 985 985 985 985 985 985 985 985 985 985 985 985
962 962 962 985 985 985 985 985 985 985 985 985 985 985 985 985 985 985 985 985
991 915 991 993 993 990 990 994 994 994
988 988 988 995 995 995 995 995 995
996 996 996 998 998 998 998
996 992 996 996 998 992 993 993 992 997 993 997 997 999 997 990 998 998
992 345 992 992 992 997 997 997 997 997 997 997 997 997 997
993 993 990 990 990 993 990 786 990
996 996 991 991 996 998 828 994 994 998 998 994
991 991 991 991 993 991 993 991 993 994 991 990 991 991 999 994 994 994 994 994
992 992 992 997 997 997 997 997
859 859 859 968 968 968 968 968 968 968 968 968 968 968 968 968 968 968 968 968 968 968
996 993 996 996 998 998 993 993 998 990 869
987 987 996 996 991 991 996 991 998 994 987 999 998 987 978 978 994 998
993 991 993 978 978 991 978 991 993 522 994 990 994
996 996 996 998 998 998 998
988 988 988 995 995 995 995 995 995
344 999 344 999 513 900 343 342 512 900 511 343 778 512 778 900 999 341 511 513 778 778 512 778 513 778 342 511 778 900 341 778 999
991 991 990 990 990 991 994 994 912 990
992 992 992 997 997 997 997 997
987 994 987 994 994 878 978 994 994
603 956 999 999 510 603 956 510 956 956 956 956 999 956 510 603 603
996 996 996 998 998 998 998
996 996 996 998 998 998 998
996 996 996 998 998 998 998
996 996 996 998 998 998 998
996 996 996 998 998 998 998
992 992 992 997 997 997 997 997
996 996 996 998 998 998 998
991 991 990 991 990 990 994 912 994 990
987 829 999 538 987 913 913 978 913
992 992 992 997 997 997 997 997
996 993 996 993 993 996 998 869 998 998 990
996 996 996 998 998 998 998
962 962 962 985 985 985 985 985 985 985 985 985 985 985 985 985 985 985 985 985
966 966 966 984 984 984 984 984 984 984 984 984 984 984
746 666 666 999 999 746 340 746 943 711 999 999 711 745 666 509 509 745 745 666 943 340 666 745 509 711 999
977 977 977 989 989 989 989 989 989 989
993 987 987 885 993 990 990 978
610 891 749 610 891 749 999 891 999 999
992 992 992 997 997 997 997 997
993 993 819 710 999 990 339 710 990 710 819 710 339 819 819
993 991 915 991 994 994 993 994 990 990
991 991 993 993 991 912 994 994 990 990
987 993 987 885 993 990 990 978
988 988 988 995 995 995 995 995 995
996 996 987 996 999 744 998 987 922 999 998 508 998 978 508
996 954 993 954 999 822 940 978 993 996 978 990 998 954 940 954 978 990 954 998 998 998 954
628 906 965 906 965 965 965 965 965 870
910 338 709 338 910 750 910 910 709 750 743 709 910 750 743 743 743 910 337 750 337 709 999 743 910 743 743 709 709
987 788 999 831 987 917 830 955 917 978 955 955
993 940 987 987 336 940 901 940 987 997 987 987 940 901 517 993 940 508 987 940 997 940 997 997 993 997 987 997 901 940 336 999 940 990 997 940 978 978
993 993 991 993 999 996 993 996 987 993 998 990 991 998 994 993 990 990 998 994 998 987 990 990 978 994 990
993 999 977 977 989 993 989 990 990 989 989 989 989 989
996 996 996 998 998 998 998
962 977 962 977 962 977 985 985 985 985 985 985 985 985 989 985 989 989 989 985 985 985 985 985 989 999 985 985 989
992 987 987 992 992 752 997 997 997 997 978
996 996 996 998 998 998 998
992 991 991 992 991 992 997 991 997 991 997 994 991 994 994 997 994 999
916 916 916 981 981 981 981 981 981 981 981 981 981 981 981 981 981 981 981 981 981 981 981 981 981 981 981 981 981 981 981 981 981 981 981 981 981 981
962 962 962 985 985 985 985 985 985 985 985 985 985 985 985 985 985 985 985 985
962 962 962 985 985 985 985 985 985 985 985 985 985 985 985 985 985 985 985 985
972 972 972 983 983 983 983 983 983 983 983 983
959 959 959 979 979 979 979 979 979 979 979 979 979 979 979 979 979
987 995 995 987 995 995 995 995 995 507 978 995
961 993 993 993 685 999 686 957 961 990 973 973 973 961
996 996 996 998 998 998 998
987 991 991 992 987 987 999 994 992 997 994 997 997 997 997 994
977 977 977 989 989 989 989 989 989 989
992 992 992 997 997 997 997 997
991 994 991 994 991 994 994 817 994 994 994
992 992 992 997 997 997 997 997
992 992 992 997 997 997 997 997
988 988 988 995 995 995 995 995 995
987 992 987 992 525 997 978 997 997 997 997
999 972 972 972 820 999 777 983 983 335 999 957 999 957 335 922 999 922 514 983 673 973 673 506 983 983 983 777 673 777 973 999 999 983 999 820 983 777 999 999 777
988 988 988 995 995 995 995 995 995
505 890 895 334 895 999 890 505 866 866 890 890 334 895 866 890 504 895
993 993 993 869 996 996 990 998 998 998 998
988 988 988 995 995 995 995 995 995
966 966 966 984 984 984 984 984 984 984 984 984 984 984
988 988 988 995 995 995 995 995 995
831 788 831 917 955 955 742 955 955
959 959 959 979 979 979 979 979 979 979 979 979 979 979 979 979 979
996 996 996 998 998 998 998
996 996 996 998 998 998 998
993 987 993 996 996 987 996 993 987 987 987 993 998 987 987 993 987 990 987 998 993 999 998 990
333 333 800 999 741 999 741 800 741 332 800 800 800 741 332 800 741 800 331 741 800 741 800 331
991 998 998 991 998 991 998 998 994 828 994 998
904 996 996 996 993 993 993 990 917 998 998 904 999 999 913 998 913 999
929 330 991 929 967 602 967 991 967 961 994 799 961 994 994 961
993 991 915 993 991 990 990 994 994 994
996 996 996 998 998 998 998
996 798 996 998 993 998 993 998 990 990 998
756 957 999 957 973 987 973 999 871 991 370 987 991 994 994 978 994
788 831 831 955 955 917 955 742 955
988 988 988 995 995 995 995 995 995
999 665 665 999 992 999 992 329 328 327 995 995 711 995 997 999 997 601 711 601 665 665 503 995 997 995 785 601 711 997 329 327 995 328 503 601 503 997 665 995 995 999 785
992 992 992 997 997 997 997 997
992 992 992 997 997 997 997 997
996 996 996 998 998 998 998
992 992 993 992 991 991 991 994 994 997 997 993 997 993 997 425 990
996 996 996 998 998 998 998
992 998 992 998 998 998 502 998 997 997 997 998 997 997
708 952 708 708 939 952 939 952 952 952 776 776 939
326 999 326 501 501 664 664 501 664 999 664 664
996 996 996 998 998 998 998
996 996 996 998 998 998 998
988 988 988 995 995 995 995 995 995
826 952 785 325 952 325 826 952 952 952 826 785 826
991 991 707 991 707 707 707 999 994 707 500 500 500 999 994 707
996 996 996 998 998 998 998
324 323 323 797 797 775 797 775 740 775 775
972 972 972 983 983 983 983 983 983 983 983 983
996 996 996 998 998 998 998
987 987 878 991 991 978 994 994 994
916 916 916 981 981 981 981 981 981 981 981 981 981 981 981 981 981 981 981 981 981 981 981 981 981 981 981 981 981 981 981 981 981 981 981 981 981 981
942 942 999 685 961 957 993 993 686 990 973 973 973 990
993 987 987 409 993 990 990 987 987 978 978
915 991 991 993 994 994 994 993 990 990
996 996 996 998 998 998 998
996 993 993 996 996 996 998 996 993 999 998 998 998 998 990 998 998
992 992 992 997 997 997 997 997
987 987 987 987 499 987 978
996 996 996 998 998 998 998
996 996 987 987 728 998 978 998 998 998
992 992 992 997 997 997 997 997
716 716 716 782 782 821 876 821 876 821 821 617 876 782 616 616 782 821 615 876 876 617 876 615 876 386
996 996 996 998 998 998 998
996 996 998 998 998 996 998 998 998 998 998 998 789
996 996 996 998 998 998 998
996 996 996 998 998 998 998
993 993 993 786 993 993 990 990 990
993 993 803 988 895 322 999 803 322 988 990 995 995 990 803 995 995 803 895 895 995 995
993 987 987 994 993 806 973 837 944 994 987 993 993 944 993 837 973 987 944 973 973 973 987 973 994 806 999 973 990 990 978 994 994 973 990
993 992 991 992 991 999 997 997 997 993 997 990 994 997 990 994 994
966 966 966 984 984 984 984 984 984 984 984 984 984 984
783 783 783 619 928 928 928 928 928 619 928 928
996 996 996 998 998 998 998
600 890 942 999 680 890 321 498 961 961 498 498
992 992 992 997 997 997 997 997
993 987 987 993 885 978 990 990
992 992 992 997 997 997 997 997
977 977 977 989 989 989 989 989 989 989
988 988 988 995 995 995 995 995 995
739 951 951 951 951 739 951 739 951 706 951 951 911 706
992 992 992 997 997 997 997 997
977 977 977 989 989 989 989 989 989 989
497 496 496 497 497 599 599 599 774 496 774 774 774 599 774 774 774 774
988 988 988 995 995 995 995 995 995
972 972 972 983 983 983 983 983 983 983 983 983
993 999 993 993 991 993 991 991 987 991 993 994 990 990 993 994 987 990 978 990 990 994 994 990 994 994
753 753 753 925 824 902 627 925 925 902 925 824 925 824 627 902 925 824 902 824 925 902 902
507 684 507 504 805 999 866 866 505 866 805 504
996 996 996 998 998 998 998
796 796 993 993 495 967 954 796 875 875 999 999 495 954 990 967 967 967 967 381 990 875
988 988 988 995 995 995 995 995 995
988 988 988 995 995 995 995 995 995
996 996 996 998 998 998 998
992 992 992 997 997 997 997 997
991 991 991 991 991 991 991 991 994 991 994 994 999 994 994 994
494 494 494 945 945 945 999 945 945 945 945 945 945 945 957 957 945 945 945 945 999 945 945 945 973 945 945 945 945 945 945 999 945 945 945 945 945 945 945 945 945 945 973
320 999 684 934 493 493 934 934 492 934 805
993 993 987 987 993 757 990 978
993 526 993 940 990 940 990
996 996 987 996 998 724 998 998 987 978
996 996 996 998 998 998 998
993 885 987 993 990 990 987 978
996 996 996 998 998 998 998
992 992 992 997 997 997 997 997
996 996 996 998 998 998 998
996 996 996 998 998 998 998
999 319 319 882 816 999 816 882 816 816 882 882 816 882 882 816 882 816 816 816 882 816
993 940 993 993 990 999 940
999 906 999 663 999 906 663 965 891 371 999 999 903 999 903 941 941 598 903 965
977 977 977 989 989 989 989 989 989 989
996 996 996 998 998 998 998
992 992 992 997 997 997 997 997
996 996 996 998 998 998 998
491 999 491 796 491 796 662 490 875 944 999 662 318 490 999 662 597 944 662 875 944 662 597 597 944 490 875 597
992 992 992 997 997 997 997 997
996 996 996 998 998 998 998
993 713 993 993 993 990 990 990 990
999 489 999 489 756 903 903 903 836 516 999 999 317 836 836 871 903 317 836
993 988 993 988 488 995 995 995 995 995 990 995 990
992 992 992 997 997 997 997 997
999 929 929 967 967 999 967 961 961 961 799
316 316 773 773 773 999 773 773 772 772 773 772 772 773 772 999 772 772 772 773
966 966 984 984 984 984 966 984 984 984 984 984 984 984 984 984 984 984 984 984 984 984 984 984 984 999 984
916 916 916 981 981 981 981 981 981 981 981 981 981 981 997 981 981 981 981 981 981 997 981 981 997 981 981 997 981 981 981 981 981 981 997 997 981 981 981 981 997 981 981 999 981
996 996 996 998 998 998 998
977 977 977 989 989 989 989 989 989 989
991 892 991 991 994 994 991 994 994 994 994
315 487 315 891 897 897 891 897 897 891
996 996 996 998 998 998 998
996 996 996 998 998 998 998
988 988 988 991 995 991 995 995 993 991 994 999 993 995 990 994 990 995
860 922 860 922 996 998 960 754 999 754
993 993 526 940 990 990 940
314 904 954 904 954 954 954 822
991 993 991 993 991 994 912 990 990 994
854 854 943 854 956 943 943 956 956 771 956 771 943 943
996 996 996 998 998 998 998
992 992 993 992 997 712 993 990 997 997 990 997
993 993 993 991 991 993 993 993 993 993 991 993 990 313 994 990 990 994
991 995 991 991 994 994 995 995 995 995 995 995 995 312
996 996 996 998 998 998 998
790 996 996 998 998 998 996 996 998 998 998 998 998
996 996 996 998 998 998 998
977 977 977 989 989 989 989 989 989 989
993 978 993 993 990 978 978 757
988 988 988 995 995 995 995 995 995
993 991 996 999 818 996 991 998 998 818 993 799 901 998 998 990 994 799 311 901 990 799 994 994
987 993 993 885 990 987 990 978
993 978 978 993 993 990 978 757
966 966 966 984 984 984 984 984 984 984 984 984 984 984
966 966 993 993 999 984 990 991 990 991 984 984 984 994 984 984 994 984 984 994 984 984 984
972 972 972 983 983 983 983 983 983 983 983 983
310 596 952 952 952 952 310 838 518
993 987 885 993 987 990 990 978
992 992 992 997 997 997 997 997
988 988 988 995 995 995 995 995 995
988 988 988 995 995 995 995 995 995
996 996 996 998 998 998 998
992 992 992 997 997 997 997 997
965 999 825 825 963 963 364 947 999 965 963 965 963 963 947 965 947 683
992 992 992 997 997 997 997 997
930 930 930 982 982 982 982 982 982 982 982 982 982 982 982 982 982 982 982 982 982 982 982 982 982 982 982 982 982 982 982 982
930 930 930 982 982 982 982 982 982 982 982 982 982 982 982 982 982 982 982 982 982 982 982 982 982 982 982 982 982 982 982 982
996 996 996 998 998 998 998
977 977 977 989 989 989 989 989 989 989
987 987 991 991 878 994 978 994 994
988 988 988 995 995 995 995 995 995
991 991 991 991 892 994 994 994 994 994 994
992 992 992 997 997 997 997 997
996 996 996 998 998 998 998
991 996 996 991 991 996 991 991 991 994 994 998 486 994 998 994 998
988 988 988 995 995 995 995 995 995
996 996 996 998 998 998 998
996 996 996 998 998 998 998
996 996 996 998 998 998 998
996 996 996 998 998 998 998
992 992 992 997 997 997 997 997
992 992 992 978 752 978 997 997 997 997 978
897 891 595 595 891 897 897 897 897 891
906 965 906 906 965 870 965 965 870 965
930 930 930 982 982 982 982 982 982 982 982 982 982 982 982 982 982 982 982 982 982 982 982 982 982 982 982 982 982 982 982 982
996 996 996 998 998 998 998
993 993 993 991 634 991 994 993 990 990 994 994 990 990
965 870 965 965 870 965 965 965 965 965
991 991 892 991 991 994 994 994 994 994 994
996 996 996 998 998 998 998
991 990 990 991 991 994 990 912 990 994
991 993 915 993 991 994 994 990 990 994
787 787 991 991 991 787 954 944 978 309 537 904 994 978 994 978 999 309
992 992 992 997 997 997 997 997
308 927 594 594 927 918 307 927 918 770 918 927 927 918 927 918 770 927 927 918 770 927 770 918 918 927 918 927 927 927 918 918
996 996 996 998 998 998 998
996 996 996 998 998 998 998
992 992 992 997 997 997 997 997
996 996 996 998 998 998 998
987 991 991 991 991 991 999 994 994 987 994 994 978 994
996 996 996 998 998 998 998
996 996 996 994 994 994 998 998 994 998 994 828
996 996 996 998 998 998 998
993 987 993 885 987 978 990 990
993 991 991 993 993 634 993 994 990 994 990 990 994 990
996 993 996 798 998 998 993 990 998 990 998
992 992 992 997 997 997 997 997
996 999 972 972 983 996 983 983 998 983 983 983 983 998 998 983 983 998
996 996 996 998 998 998 998
996 996 996 998 998 998 998
992 992 992 997 997 997 997 997
306 963 963 963 929 963 929 305 967 963 963 963 967 967 304
487 815 485 487 999 897 952 952 485 897 997 897 485
996 996 996 998 998 998 998
996 993 996 993 993 996 998 998 990 998 869
974 974 974 986 986 986 986 986 986 986 986
987 987 987 987 727 978 978
996 996 996 998 998 998 998
936 936 936 975 975 975 975 975 975 975 975 975 975 975 975
988 988 988 995 995 995 995 995 995
958 958 958 980 980 980 980 980 980 980 980 980 980 980 980 980 980 980
996 996 996 998 998 998 998
993 993 993 993 713 990 990 990 990
992 992 992 997 997 997 997 997
991 892 991 994 994 994 991 991 994 994 994
303 302 894 853 999 999 853 894 301 894 853 853 853 841 894 894 894
996 996 996 998 998 998 998
977 977 977 989 989 989 989 989 989 989
993 993 997 997 993 993 993 997 990 997 993 990 997 997 999 997
988 988 988 995 995 995 995 995 995
996 996 996 998 998 998 998
996 978 996 978 996 998 978 998 724 998
992 992 992 997 997 997 997 997
899 899 899 976 976 976 976 976 976 976 976 976 976 976 976 976 976 976 976 976 976 976 976 976 976 976 976 976 976 976
930 930 930 982 982 982 982 982 982 982 982 982 982 982 982 982 982 982 982 982 982 982 982 982 982 982 982 982 982 982 982 982
992 992 992 997 997 997 997 997
993 993 992 993 999 993 992 997 990 997 997 990 990 997 990 997
972 972 972 983 983 983 983 983 983 983 983 983
996 996 996 998 998 998 998
728 996 996 998 987 998 987 978 998 998
915 991 991 994 993 994 993 990 994 990
996 996 996 998 998 998 998
996 996 996 998 998 998 998
992 992 992 997 997 997 997 997
929 987 799 961 993 961 961 987 993 929 999 967 978 967 990 602 990 967
991 993 991 993 991 993 993 993 993 993 993 994 993 990 990 313 994 990
992 987 992 987 992 997 987 997 987 987 987 997 999 997
992 992 992 997 997 997 997 997
987 978 987 987 978 978 499
830 830 991 822 993 973 996 973 991 999 994 837 996 955 998 973 300 300 993 954 990 955 593 954 954 998 998 955 998 990 994 999 955 954 954 973 994 954
996 996 996 998 998 998 998
988 988 988 995 995 995 995 995 995
996 996 996 998 998 998 998
996 996 996 998 998 998 998
922 769 922 922 769 922 769
996 996 996 998 998 998 998
899 987 899 899 976 976 976 987 976 976 976 976 999 976 976 976 976 976 976 976 976 976 976 976 976 978 976 976 976 976 976 976 976
988 988 988 995 995 995 995 995 995
843 996 996 991 998 991 998 998 994 994 994 998
991 991 994 994 994 994 991 817 994 994 994
705 705 705 971 971 971 971 971 971 971 971 971 971 971 971 971 971 971 971 971 971 971 971 971 971 971 971 971 971 971 971
991 991 990 990 991 990 912 994 994 990
991 991 396 994 994 940 994 940
788 831 955 955 788 917 917 955 955
915 991 991 993 994 994 994 993 990 990
996 996 996 998 998 998 998
942 954 993 942 993 993 993 799 993 993 993 993 993 990 999 884 990 961 904 990 884 999 999
993 830 999 993 663 663 993 999 903 993 903 990 484 990 903 955 299 955 990 990
996 996 996 996 789 996 998 998 998 998 998 998 998
996 996 996 998 998 998 998
996 993 988 988 993 993 993 996 988 993 996 998 993 995 993 995 993 993 998 999 990 998 990 995 995 990 995
992 992 992 997 997 997 997 997
996 996 996 998 998 998 998
993 993 885 987 987 990 978 990
992 974 999 974 986 992 986 997 986 997 997 986 986 997 986 986 997 986
996 996 996 998 998 998 998
993 871 516 993 993 871 999 990 999
992 992 992 997 997 997 997 997
996 996 996 998 998 998 998
993 994 994 993 994 993 912 994 994 990
987 987 987 987 993 987 987 993 993 990 298
988 988 988 995 995 995 995 995 995
996 996 996 998 998 998 998
993 963 996 996 993 973 963 683 996 963 993 963 990 973 963 998 754 998 998 999 973 963 973 963
991 991 991 991 991 994 817 994 994 994 994
996 996 996 998 998 998 998
993 993 991 993 993 978 978 978 991 993 990 991 420 990 990 994 994
992 991 992 993 992 978 997 997 991 978 993 991 994 993 978 997 994 999 990 997
996 996 996 998 998 998 998
996 996 996 998 998 998 998
958 958 993 958 980 980 980 980 980 980 993 980 993 980 980 980 980 297 990 980 980 980
996 996 996 998 998 998 998
930 930 930 982 982 982 982 982 982 982 982 982 982 982 982 982 982 982 982 982 982 982 982 982 982 982 982 982 982 982 982 982
996 996 996 998 998 998 998
996 996 996 998 998 998 998
987 987 994 994 994 878 978 994 994
993 804 947 906 993 947 906 804 906 947 631 993 965 950 965 947 965 950 999 870 965 990 950 965
996 996 996 998 998 998 998
992 992 992 997 997 997 997 997
992 992 992 997 997 997 997 997
942 991 929 991 991 994 994 929 942 330 961 967 799 967 967 602
992 992 992 997 997 997 997 997
996 991 996 991 843 998 994 994 998 998 994 998
996 996 996 998 998 998 998
960 960 296 296 960 860 295 960 960 295
996 996 996 998 998 998 998
996 996 996 998 998 998 998
955 917 999 830 955 917 991 991 994 742 955 994 994 917
992 949 949 992 960 960 960 844 992 997 949 997 949 997 999 960 997 949 949
991 991 892 991 991 994 994 994 994 994 994
885 993 993 987 987 978 990 990
483 768 483 909 483 909 921 482 909 921 909 921 909 909 909 921 921 921 921 921 909 909 921 921 909 921 768 482 921 921 909 768 921 481 909 921 768 909 768 909 921 921 921 921 482 921 909 481 768 921 909 909 768 909 768 481 909 921 921 909
996 996 996 998 998 998 998
991 994 994 994 892 991 994 994 994 994 994
996 996 996 998 998 998 998
996 996 996 998 998 998 998
996 996 996 998 998 998 998
993 788 831 993 993 955 955 955 999 917 987 987 955 990 978 917
868 996 950 868 996 950 950 950 991 868 991 991 996 950 999 947 998 994 994 998 998 592
977 977 294 989 991 989 989 991 994 989 994 989 989 989 994
993 992 293 993 990 992 997 997 990 997 997 997
977 992 992 992 997 977 991 997 977 999 993 991 994 989 989 989 993 989 989 990 990 994 989 994 997 997
996 996 996 998 998 998 998
480 881 881 926 926 926 881 881 926 480 881 926 835 480 292 479 835 881 881 874 926 874 479 874 999 874 926 926 926 926 292 926 926 874 881 926 738 874 881 835 874 881 926 874 478 835 926 874 874 835 874 926 738 478 926 926 926 835 835 926 835 999 835 926 926 738 926 999 874 999 738 881 738 881 835 478 926 881 874 999 874 479 926 738 881 738 881 926 835
996 996 996 998 998 998 998
991 991 915 993 994 993 994 990 990 994
974 974 974 986 986 986 986 986 986 986 986
988 988 988 995 995 995 995 995 995
987 993 993 987 987 967 961 967 799 602 987 993 967 990 999 961 967 987 967 961 978
739 291 739 706 951 951 911 951 951 951 951 951 951 911
991 991 992 991 992 992 290 991 997 994 994 994 997 994 994 994 997 997
996 996 996 998 998 998 998
996 996 996 998 998 998 998
996 996 996 998 998 998 998
992 992 992 997 997 997 997 997
960 949 844 949 844 960 949 949 949 960 960 949
705 705 705 971 971 971 971 971 971 971 971 971 971 971 971 971 971 971 971 971 971 971 971 971 971 971 971 971 971 971 971
936 936 936 975 975 975 975 975 975 975 975 975 975 975 975
308 927 594 594 927 918 307 927 918 770 918 927 927 918 927 918 770 927 927 918 770 927 770 918 918 927 918 927 927 927 918 918
987 991 987 987 991 991 999 991 994 991 994 991 994 994 994 994 994 994 994
996 996 996 993 993 991 998 998 993 991 990 998 991 289 994 994
996 996 996 998 998 998 998
288 923 287 288 923 923 923 923 923 923 999 661 923 795 923 923 795 923 795 795 923 923 795 923 923 923 923 287 661 795 923 923 923 795 795 661 661 923 923 923 661 923 795
631 804 993 804 947 993 993 950 947 950 990 999 947 950 947
996 996 996 998 998 998 998
996 996 996 998 998 998 998
991 991 878 994 987 994 987 978 994
988 988 988 995 995 995 995 995 995
996 996 996 998 998 998 998
993 993 993 993 993 990 786 990 990
477 477 477 660 659 814 659 814 814 659 814 660 659 659 814 814 814 660 814 660 660 814 814
996 996 996 998 998 998 998
996 996 996 998 998 998 998
988 988 988 995 995 995 995 995 995
996 996 996 998 998 998 998
996 996 996 998 998 998 998
959 959 959 979 979 979 979 979 979 979 979 979 979 979 979 979 979
996 996 996 998 998 998 998
991 991 915 993 994 993 994 990 990 994
865 865 960 960 421 949 949 949 844 960 960 949
860 996 860 999 996 801 820 960 820 996 820 999 998 999 998 801 960 998
993 989 993 989 989 989 993 989 989 989 990 999 989 989
991 994 991 991 994 994 994 994 994 817 994
991 994 991 994 994 994 991 994 817 994 994
959 959 959 979 979 979 979 979 979 979 979 979 979 979 979 979 979
798 996 993 996 993 998 998 998 998 990 990
930 930 930 982 982 982 982 982 982 982 982 982 982 982 982 982 982 982 982 982 982 982 982 982 982 982 982 982 982 982 982 982
959 959 959 979 979 979 979 979 979 979 979 979 979 979 979 979 979
991 991 991 990 990 994 990 912 990 994
996 996 996 998 998 998 998
996 996 996 998 998 998 998
996 996 996 998 998 998 998
991 991 991 994 993 993 912 994 990 990
991 991 971 971 971 971 971 971 971 971 991 971 971 994 994 994 971 971 971 994 971 971 994 971 994 971 971 971 999 971 971 994 971 971 971 994 971 971 971 971 994 971 994 994 994 971
977 977 977 986 986 986 989 989 986 989 986 986 989 999 986 989 986 989 986 986
628 906 906 965 965 870 965 965 965 965
996 996 996 998 998 998 998
996 996 996 998 998 998 998
991 996 991 996 991 996 998 991 991 991 486 994 994 998 998 994 994
591 957 957 973 973 973 991 991 837 973 999 994 994 994 973 973
987 988 999 987 993 978 988 996 996 993 995 995 998 995 998 995 998 990 995 990 998 995
991 892 991 991 991 994 994 994 994 994 994
996 996 996 998 998 998 998
987 991 991 878 987 994 978 994 994
996 996 998 996 998 998 998 789 998 998 998 998 998
991 311 993 993 286 891 993 961 961 999 991 950 950 891 950 999 994 994 950 994 990 891 961
996 993 996 993 993 996 869 998 998 998 990
957 679 929 992 929 957 967 957 973 992 806 967 992 997 997 967 997 997 999
948 999 967 967 618 387 967 948 948 967 948 948 967 948
988 988 988 995 995 995 995 995 995
996 996 996 998 998 998 998
996 996 996 998 998 998 998
767 970 970 767 590 970 970 964 953 953 970 970 964 964 964 970 970 964 970 953 964 970 953 964 970 953 970 964 953 970 970 970 964 970 766 970 964 589 953 964 970 953 964 970 953 953 964 964 970 964 766
992 992 992 997 997 997 997 997
996 996 996 998 998 998 998
991 999 991 751 994 957 751 994 994 948 957 593 973 285 948 948 973 948
993 994 994 993 994 993 994 990 912 994
992 992 992 997 997 997 997 997
818 588 818 901 884 284 884
993 993 399 991 993 991 944 993 993 991 994 991 999 625 944 990 994 994 994 994 944 994 991 994 994 994 990 625 994 994 990 994 994 944 994 994
899 899 899 976 976 976 976 976 976 976 976 976 976 976 976 976 976 976 976 976 976 976 976 976 976 976 976 976 976 976
958 958 958 980 980 980 980 980 980 980 980 980 980 980 980 980 980 980
959 959 959 979 979 979 979 979 979 979 979 979 979 979 979 979 979
991 992 992 992 290 991 997 991 991 997 994 994 994 997 994 994 997 994
798 993 996 996 998 993 998 990 990 998 998
993 975 996 975 993 975 975 975 996 975 975 993 975 996 975 999 975 993 975 998 975 993 990 975 998 990 998 975 990
991 998 998 998 991 843 998 998 998 994 994 994
996 996 996 998 998 998 998
996 996 996 998 998 998 998
996 996 996 998 998 998 998
957 978 991 993 993 591 993 993 957 991 993 837 973 973 973 993 990 973 999 994 994 978 973 994 978 990 973
991 878 987 987 978 991 994 994 994
977 977 977 989 989 989 989 989 989 989
996 996 996 998 998 998 998
977 977 977 989 989 989 989 989 989 989
999 283 944 944 787 944 593 283 593 944 944
996 996 996 998 998 998 998
798 993 996 996 993 998 990 998 990 998 998
987 993 993 885 990 987 990 978
929 991 929 929 999 806 991 967 967 957 679 973 973 994 994 994 973
996 996 996 998 998 998 998
988 988 988 995 995 995 995 995 995
996 996 996 998 998 998 998
996 996 996 998 998 998 998
991 756 999 999 756 991 991 994 999 994 999
996 996 996 998 998 998 998
996 996 996 998 998 998 998
798 996 996 993 993 998 998 990 998 998 990
992 992 978 992 997 997 978 752 978 997 997
988 988 988 995 995 995 995 995 995
996 996 996 998 998 998 998
613 991 991 993 993 991 994 991 994 990 994 994 994 994 990
899 899 899 976 976 976 976 976 976 976 976 976 976 976 976 976 976 976 976 976 976 976 976 976 976 976 976 976 976 976
992 992 992 997 997 997 997 997
996 996 996 998 998 998 998
973 963 963 963 999 683 957 963 754 963 973 973 963 963
992 992 992 997 997 997 997 997
996 996 996 998 998 998 998
865 960 960 865 865 844 949 949 960 949 960 844
996 996 996 998 998 998 998
634 991 993 991 994 993 993 990 994 993 990 990 994 990
987 727 987 987 987 978 978
993 991 991 978 991 978 994 978 993 993 522 994 990
591 973 957 837 973 957 973 999 973 973 973
992 992 992 997 997 997 997 997
996 996 996 998 998 998 998
865 960 960 865 865 844 949 949 960 949 960 844
991 994 994 991 991 994 994 994 817 994 994
996 996 996 998 998 998 998
992 992 992 997 997 997 997 997
993 993 987 991 993 999 993 993 990 991 990 993 994 990 990 994 987 994 990 990 978
996 996 996 998 998 998 998
996 996 996 998 998 998 998
996 996 996 998 998 998 998
993 994 993 994 994 915 990 990 994 994
996 996 996 998 998 998 998
991 998 998 998 998 991 991 828 994 998 994 998
991 991 884 284 901 991 994 901 999 884 901 994
992 992 978 992 997 752 978 997 978 997 997
282 999 282 542 281 924 924 924 866 999 866 866 924 281
996 996 996 998 998 998 998
996 996 996 998 998 998 998
992 992 992 997 997 997 997 997
899 899 899 976 976 976 976 976 976 976 976 976 976 976 976 976 976 976 976 976 976 976 976 976 976 976 976 976 976 976
996 996 996 998 998 998 998
988 988 988 995 995 995 995 995 995
996 996 996 998 998 998 998
991 991 991 991 991 994 994 817 994 994 994
992 992 992 997 997 997 997 997
996 996 790 998 996 996 998 998 998 998 998 998 998
996 996 996 998 998 998 998
992 992 992 997 997 997 997 997
936 936 936 975 975 975 975 975 975 975 975 975 975 975 975
996 996 996 998 998 998 998
992 992 992 997 997 997 997 997
996 996 996 998 998 998 998
974 974 974 986 986 986 986 986 986 986 986
987 987 950 950 947 950 947 987 999 950 947 592 947 950
996 996 996 998 998 998 998
996 996 996 998 998 998 998
904 954 904 314 954 822 954 954
977 977 977 989 989 989 989 989 989 989
996 996 996 998 998 998 998
991 991 997 991 997 994 997 997 997 994 677 997 997
767 970 970 767 590 970 970 964 953 953 970 970 964 964 964 970 970 964 970 953 964 970 953 964 970 953 970 964 953 970 970 970 964 970 766 970 964 589 953 964 970 953 964 970 953 953 964 964 970 964 766
991 994 994 994 991 991 994 994 817 994 994
958 958 958 980 980 980 980 980 980 980 980 980 980 980 980 980 980 980
993 987 987 885 978 993 990 990
992 992 992 997 997 997 997 997
996 996 996 998 998 998 998
280 280 744 922 796 875 875 875 875 922 875
977 977 977 989 989 989 989 989 989 989
996 996 996 998 998 998 998
992 992 992 997 997 997 997 997
991 991 991 613 993 993 994 990 994 991 990 994 994 994 994
868 868 950 868 950 950 950 592 947 950 592
915 991 991 993 994 994 993 990 990 994
996 996 996 998 998 998 998
996 996 996 998 998 998 998
992 992 992 992 999 997 992 997 997 997 997 997 997 997 997
993 993 991 991 993 912 994 994 990 994
993 993 993 298 978 978 978 978 990 978 978
996 996 996 998 998 869 993 993 998 990 990
992 992 992 997 997 997 997 997
996 996 996 998 998 998 998
798 993 996 996 998 993 998 998 990 990 998
992 992 992 997 997 997 997 997
993 993 713 993 993 990 990 990 990
991 993 993 991 915 990 994 990 994 994
996 996 996 998 998 998 998
996 996 996 998 998 998 998
977 977 977 989 989 989 989 989 989 989
936 936 936 975 975 975 975 975 975 975 975 975 975 975 975
977 977 977 989 989 989 989 989 989 989
996 996 996 998 998 998 998
868 991 852 942 947 285 991 852 947 868 868 991 942 540 852 999 947 942 947 321 947 852 994 994 999 852
996 996 996 998 998 998 998
958 958 958 980 980 980 980 980 980 980 980 980 980 980 980 980 980 980
818 993 993 588 818 987 884 993 990 901 987 987 279 884
991 987 991 991 996 996 991 987 996 991 987 999 994 993 994 994 987 998 987 998 993 994 990 998 994 978 990
993 991 991 993 993 993 991 993 993 278 990 994 990 994
992 992 992 997 997 997 997 997
992 992 992 997 997 997 997 997
878 991 991 994 987 987 978 994 994
992 992 992 997 997 997 997 997
988 988 988 995 995 995 995 995 995
996 996 996 998 998 998 998
991 991 987 987 987 991 587 994 994
996 996 996 998 998 998 998
992 992 992 997 997 997 997 997
992 992 992 997 997 997 997 997
277 920 277 920 999 920 920 794 920 920 999 999 658 920 586 794 794 920 794 586 920 920 794 586 920 920 920 920 999 658 920 794 920 920 920 658 794 658 920 794 920 920 658 586 794 920 920
996 996 996 998 998 998 998
988 988 988 995 995 995 995 995 995
996 996 996 998 998 998 998
996 996 996 998 998 998 998
991 991 991 994 999 940 940 994
958 958 958 980 980 980 980 980 980 980 980 980 980 980 980 980 980 980
996 996 996 998 998 998 998
958 958 958 980 980 980 980 980 980 980 980 980 980 980 980 980 980 980
830 830 830 917 917 742 955 742 917
972 972 972 983 983 983 983 983 983 983 983 983
996 998 998 998 998 996 996 998 998 789 998 998 998
991 993 991 999 476 991 596 991 585 993 838 990 994 994 838 990 994 994 994 994 585
475 896 908 475 908 896 474 908 908 896 765 765 908 908 896 896 896 908 908 475 896 715 908 765 896 715 715 908 765 896 908 715 276 908 896 276 908 908 908 896 908 474 908 896 999 765 896 908 765 896 908 765 765 896 896 908 896 474 715
992 992 992 997 997 997 997 997
936 936 936 975 975 975 975 975 975 975 975 975 975 975 975
991 993 991 991 912 994 994 993 990 990
996 996 996 998 998 998 998
996 996 996 998 998 998 998
303 831 302 831 678 853 999 999 853 894 301 917 894 853 853 853 999 894 618 678
977 294 991 991 977 994 994 989 989 989 989 989 989 994 989
988 988 988 995 995 995 995 995 995
892 991 991 991 991 994 994 994 994 994 994
996 996 996 998 998 998 998
972 972 972 983 983 983 983 983 983 983 983 983
936 936 936 975 975 975 975 975 975 975 975 975 975 975 975
899 899 899 976 976 976 976 976 976 976 976 976 976 976 976 976 976 976 976 976 976 976 976 976 976 976 976 976 976 976
977 977 977 989 989 989 989 989 989 989
915 991 991 993 993 994 994 990 990 994
996 978 996 996 724 978 998 998 978 998
991 996 991 991 991 486 991 996 994 998 994 994 998 994 998 994 998
473 933 473 933 473 275 933 813 933 933 933 933 813 933 933 813 933 813 933 813 933 813 933 933 813 933 813 813 933 933 933 933 933 933 933 275 933 933 933 933 813 933 933
993 987 885 993 987 978 990 990
996 996 996 998 998 998 998
992 992 992 712 993 993 990 990 997 997 997 997
987 999 987 987 978 987 978 978 978 978
996 996 996 998 998 998 998
996 996 996 998 998 998 998
991 991 991 990 994 990 990 994 912 990
992 992 992 997 997 997 997 997
996 996 996 998 998 998 998
991 892 991 991 994 991 994 994 994 994 994
993 998 994 994 993 998 998 993 994 990 990 998 994 990 994 994 990 994 994 994 990 990 994 994 994 994 990 998 990 998 990 994 994 999
991 978 991 978 878 994 994 994 978
915 993 991 991 994 994 994 993 990 990
992 992 992 997 997 997 997 997
767 970 970 767 590 970 970 964 953 953 970 970 964 964 964 970 970 964 970 953 964 970 953 964 970 953 970 964 953 970 970 970 964 970 766 970 964 589 953 964 970 953 964 970 953 953 964 964 970 964 766
993 996 993 798 996 990 998 990 998 998 998
996 996 996 998 998 998 998
993 993 990 993 990 990 990 990 786
930 930 930 982 982 982 982 982 982 982 982 982 982 982 982 982 982 982 982 982 982 982 982 982 982 982 982 982 982 982 982 982
991 991 991 828 994 996 996 998 998 994 998 998
675 274 675 941 941 941 657 657 941
996 996 996 998 998 998 998
988 988 988 995 995 995 995 995 995
996 996 996 998 998 998 998
868 868 999 947 922 273 273 922 999
996 996 996 998 998 998 998
993 991 993 999 991 991 994 991 994 994 994 994 994 987 987 978 990 990
996 996 996 998 998 998 998
988 988 988 995 995 995 995 995 995
996 996 996 998 998 998 998
992 992 992 997 997 997 997 997
959 959 959 979 979 979 979 979 979 979 979 979 979 979 979 979 979
993 915 991 991 993 994 994 990 994 990
999 830 988 818 999 999 988 995 995 818 995 999 955 995 901 995 955 995
906 628 906 965 965 870 965 965 965 965
272 834 936 999 834 834 272 656 999 656 834 936 864 975 864 975 864 975 975 864 975 834 864 834 975 864 864 975 999 975 975 975 864 864 834 834 864 834 975 834 656 656 975 656 864 864 864 834
942 942 999 539 999 883 993 883 961 999 883 993 990 990 883 883 883 883 883
958 958 958 980 980 980 980 980 980 980 980 980 980 980 980 980 980 980
988 988 988 995 995 995 995 995 995
991 991 991 994 994 994 994 994 994 994 817
767 970 970 767 590 970 970 964 953 970 970 970 964 964 964 970 970 964 970 953 964 970 953 964 970 953 970 964 953 970 970 953 964 970 766 970 964 589 953 964 970 953 964 970 953 953 964 964 970 964 766
991 994 994 994 994 892 991 994 994 994 994
991 990 991 991 990 994 990 912 990 994
996 996 996 998 998 998 998
739 951 739 291 706 951 911 951 951 951 951 951 951 911
996 996 957 996 957 999 929 929 998 998 967 998 987 987 978 967 806 973 679 973 967
476 596 838 476 838 585 585
991 999 854 943 854 771 943 991 994 994 956 956 943 994 943 956 956 943 956
988 988 991 988 312 991 995 994 995 994 995 995 995 994
996 996 996 998 998 998 998
958 958 958 993 980 993 980 993 980 980 980 980 980 980 980 990 980 980 980 980 297 980
991 843 991 996 996 998 994 998 994 998 994 998
987 957 991 991 961 991 957 999 991 991 686 991 973 942 994 994 987 994 961 999 994 973 978
992 992 992 997 997 997 997 997
584 744 584 922 769 922 922
472 472 993 472 999 777 777 993 710 710 990 271 777 990 271
891 897 595 897 897 595 891 897 891 897
958 958 958 980 980 980 980 980 980 980 980 980 980 980 980 980 980 980
996 996 996 998 998 998 998
996 991 991 843 996 994 998 994 998 994 998 998
991 915 993 991 993 990 990 994 994 994
996 996 996 998 998 998 998
996 996 996 998 998 998 998
996 996 996 998 998 998 998
987 994 994 987 994 987 994 587 994
930 930 930 982 982 982 982 982 982 982 982 982 982 982 982 982 982 982 982 982 982 982 982 982 982 982 982 982 982 982 982 982
988 988 988 995 995 995 995 995 995
996 993 993 996 996 869 990 998 990 998 998
993 993 993 993 987 993 993 990 987 999 978 990
991 991 997 997 991 994 994 997 677 997 997 997 997
991 991 892 991 994 994 994 991 994 994 994
917 955 742 742 955 955 955 917 917
977 977 977 989 989 989 989 989 989 989
996 843 991 991 994 996 998 994 998 994 998 998
992 992 992 997 997 997 997 997
955 299 999 663 903 903 903 484 903 955 955 484
591 270 946 270 999 973 764 764 946 957 657 941 994 957 994 764 946 764 999 941 994 657 764 764 994 837 973 941 941 764 941 973 973 764 994 973 941 946 973 946
996 996 996 998 998 998 998
991 991 993 991 994 993 994 912 990 990
993 998 998 998 993 993 990 998 998 869 998
996 996 996 998 998 998 998
991 991 991 892 994 991 994 994 994 994 994
987 987 993 885 993 978 990 990
996 996 996 998 998 998 998
796 991 991 991 796 991 991 991 994 815 991 991 991 991 598 991 994 796 994 991 994 598 952 999 994 875 598 999 994 994 952 994 875 875
471 471 932 269 996 471 932 932 932 999 996 812 932 932 583 812 812 932 932 812 812 932 998 812 812 932 932 812 583 812 998 932 932 932 269 932 998 812 932 932 932 932 932 998 932 932 932 583 932 932 932 932 583 932
675 274 991 675 941 941 941 657 991 991 994 941 994 999
991 994 994 991 991 994 994 994 994 994 817
930 930 930 982 982 982 982 982 982 982 982 982 982 982 982 982 982 982 982 982 982 982 982 982 982 982 982 982 982 982 982 982
996 996 996 998 998 998 998
993 993 991 991 993 912 994 990 994 994
996 996 996 998 998 998 998
996 996 996 998 998 998 998
992 992 992 997 997 997 997 997
996 997 997 997 996 996 998 997 422 997 998 997 997 998
268 999 268 999 470 655 469 470 655 999 469 999 468 999 655 582 999 582 999 655 467 582 467 468 655 999 470 469 582 999 467 999 999 468
904 988 904 988 999 988 905 954 837 995 838 905 995 995 999 999 995 754 995 999
974 974 974 986 986 986 986 986 986 986 986
966 966 966 984 984 984 984 984 984 984 984 984 984 984
974 974 974 986 986 986 986 986 986 986 986
974 974 987 974 987 986 986 986 986 986 986 986 267 978
972 972 972 983 983 983 983 983 983 983 983 983
977 977 977 989 989 989 989 989 989 989
992 992 992 997 997 997 997 997
266 528 266 466 466 466 820
988 988 988 995 995 995 995 995 995
974 974 974 986 986 986 986 986 986 986 986
959 959 959 979 979 979 979 979 979 979 979 979 979 979 979 979 979
992 992 992 997 997 997 997 997
999 265 265 581 581 581 999 581 745 264 264 263 263 745 745
992 992 992 997 997 997 997 997
962 962 962 985 985 985 985 985 985 985 985 985 985 985 985 985 985 985 985 985
992 992 992 997 997 997 997 997
992 992 992 997 997 997 997 997
974 974 974 986 986 986 986 986 986 986 986
993 991 991 915 993 994 990 990 994 994
262 262 999 580 763 793 999 793 763 763 793 763 763 793 793 763 580 763 793 763 793 793 580 793 580
996 996 996 998 998 998 998
996 996 996 998 998 998 998
988 988 988 995 995 995 995 995 995
713 993 993 993 993 990 990 990 990
988 988 988 995 995 995 995 995 995
992 992 992 997 997 997 997 997
996 996 996 998 998 998 998
996 996 996 998 998 998 998
996 996 996 998 998 998 998
261 579 579 851 260 851 851 851 851 851
977 977 977 989 989 989 989 989 989 989
988 988 988 995 995 995 995 995 995
992 992 992 997 997 997 997 997
974 974 974 986 986 986 986 986 986 986 986
999 999 999 999 737 999 850 850 259 654 737 850 737 259 258 465 258 850 850 850 999 850 737 654 654 654 850 850 257 850 465 654 737 999 737 737 257 256 465 999 256 850 850
255 255 653 704 999 653 464 736 999 652 254 253 736 651 736 254 653 253 999 704 652 652 999 704 652 999 999 252 464 999 736 463 463 999 736 651 652 653 251 736 924 999 736 463 651 924 651 464 999 999 252 651 653 999
993 578 987 703 578 250 993 703 987 578 703 703 993 703 987 990 250 703 999 578
996 996 996 998 998 998 998
988 988 988 995 995 995 995 995 995
999 249 249 702 702 701 701 701 702 701 701 702 248 701 702 248 702
880 880 880 969 969 969 969 969 969 969 969 969 969 969 969 969 969 969 969
972 972 972 983 983 983 983 983 983 983 983 983
996 996 996 998 998 998 998
842 842 905 905 577 935 935 720 935 905 935 935 935
996 996 996 998 998 998 998
247 247 735 999 735 811 576 735 811 576 735 735 811 811 811 576 734 734 734 734 811 811 735 811 734 734 811 811 576 734 735
992 992 992 997 997 997 997 997
996 996 996 998 998 998 998
575 575 781 841 841 678 841 946
838 960 833 833 960 833 833
988 988 988 995 995 995 995 995 995
996 996 996 998 998 998 998
992 992 992 997 997 997 997 997
992 997 997 997 992 345 997 997 997 997 997 997 997 997 997
246 246 245 574 999 462 574 462 462 244
992 992 992 997 997 997 997 997
974 996 996 996 974 974 998 986 986 986 400 998 986 986 986 998 986
988 988 988 995 995 995 995 995 995
650 573 700 700 873 999 999 873 700 999 243 649 242 999 873 650 999 873 700 700 873 650 999 650 572 650 573 649 873 572 873 242 999 700 243
992 993 992 993 992 997 997 993 997 712 990 997
988 988 988 995 995 995 995 995 995
728 987 996 987 996 998 998 998 978 998
992 992 992 997 997 997 997 997
991 988 992 988 988 992 995 995 991 992 997 995 999 997 995 997 994 994 997 995 994
988 988 988 995 995 995 995 995 995
959 959 959 979 979 979 979 979 979 979 979 979 979 979 979 979 979
842 842 905 905 577 935 935 720 935 905 935 935 935
996 996 996 998 998 998 998
972 972 972 983 983 983 983 983 983 983 983 983
996 996 996 998 998 998 998 998 998 998 998 998 789
630 993 629 999 993 722 895 895 722 990 895 990
241 241 999 240 999 762 240 761 761 762 761 762 762 762 761 762 762 761 999 762 761 761 761
991 996 996 843 998 991 998 994 998 994 994 998
992 992 992 997 997 997 997 997
746 746 239 943 956 956 956 956 943 771 956 956 943 956
999 238 238 889 889 889 889 461 461 889 461 889 889 889
999 237 237 460 648 779 648 648 999 779 648 779 648 460 779 460
236 951 951 951 999 999 951 235 931 951 951 931 931 931 951 234 951 234 931 931 236
996 996 996 998 998 998 998
992 992 992 997 997 997 997 997
987 866 233 882 999 987 882 866 866 882 882 882 978 233 866 882 882
992 992 992 997 997 997 997 997
992 992 992 997 997 997 997 997
999 232 232 699 699 819 999 699 819 819 999 699 999 699 699
988 988 988 995 995 995 995 995 995
988 988 988 995 995 995 995 995 995
571 889 810 889 889 231 810 810 810 571 810 889
993 993 987 993 990 757 987 978
988 988 988 995 995 995 995 995 995
815 815 894 894 815 230 894 894 229 952 952 230 229
988 988 988 995 995 995 995 995 995
966 966 966 984 984 984 984 984 984 984 984 984 984 984
992 992 992 997 997 997 997 997
992 948 948 992 992 228 948 997 228 948 948 948 997 948 948 948 948 999 997 948 997 948
991 991 999 459 994 459 960 833 838 994 960 994
708 708 952 952 708 776 776 952 952 939 939 939 952
987 998 998 998 998 987 987 998 724 998
996 996 996 998 998 998 998
988 991 991 991 994 999 988 995 995 995 995 995 995 994
996 996 996 996 790 998 998 998 998 998 998 998 998
992 992 992 997 997 997 997 997
977 977 977 989 989 989 989 989 989 989
974 974 974 986 986 986 986 986 986 986 986
960 838 833 833 833 960 833
996 996 996 998 998 998 998
570 992 570 992 999 797 740 740 997 997 797 997 997 997 775 740 797 775
962 962 962 985 985 985 985 985 985 985 985 985 985 985 985 985 985 985 985 985
988 988 988 995 995 995 995 995 995
959 959 959 979 979 979 979 979 979 979 979 979 979 979 979 979 979
996 996 612 728 998 998 987 998 987 998 978
959 959 959 979 979 979 979 979 979 979 979 979 979 979 979 979 979
988 988 988 995 995 995 995 995 995
988 988 988 995 995 995 995 995 995
996 996 994 994 994 996 994 998 828 998 998 994
996 996 996 998 998 998 998
996 996 996 998 998 998 998
996 996 996 998 998 998 998
988 988 988 995 995 995 995 995 995
966 966 966 984 984 984 984 984 984 984 984 984 984 984
996 996 996 998 998 998 998
880 880 880 969 969 969 969 969 969 969 969 969 969 969 969 969 969 969 969
996 996 996 998 998 998 998
744 584 744 922 922 769 769
988 988 988 995 995 995 995 995 995
996 996 996 998 998 998 998
977 977 977 989 989 989 989 989 989 989
569 458 569 934 792 568 934 792 568 934
988 988 988 995 995 995 995 995 995
962 962 962 985 985 985 985 985 985 985 985 985 985 985 985 985 985 985 985 985
996 996 996 998 998 998 998
972 972 972 983 983 983 983 983 983 983 983 983
992 992 992 997 997 997 997 997
988 988 988 995 995 995 995 995 995
988 988 988 995 995 995 995 995 995
815 939 815 227 939 939 939 939 952 952 776 939 952
993 993 995 995 995 993 987 999 995 995 995 995 995 987 990 978
999 457 787 457 787 863 944 944 999 863 863 863 863 863 226 226
992 992 992 997 997 997 997 997
567 225 567 888 888 888 888 566 566 888 888 888 565 888 565
996 987 728 996 998 987 998 978 998 998
988 988 988 995 995 995 995 995 995
647 647 224 457 999 863 863 852 863 852 367 863 863 852 863 863 852 224
456 455 646 646 999 564 564 646 999 455 564 455 646 564 646
880 880 880 969 969 969 969 969 969 969 969 969 969 969 969 969 969 969 969
996 996 502 992 992 997 997 997 998 998 997 998 998 997
992 996 992 992 999 992 987 996 997 991 997 997 998 997 997 998 997 991 997 997 994 998 997 998 997 994 987 994 978
223 222 221 698 563 887 887 900 562 900 887 887 887 456 900 698 220 219 563 562 218 217 698 887 887 887 900
966 966 966 984 984 984 984 984 984 984 984 984 984 984
992 992 992 997 997 997 997 997
991 987 987 987 878 991 994 994 994
996 996 996 998 998 998 998
992 992 992 997 997 997 997 997
996 996 996 998 998 998 998
974 974 974 986 986 986 986 986 986 986 986
996 996 996 998 998 998 998
992 992 992 997 997 997 997 997
992 992 992 997 997 997 997 997
992 992 992 997 997 997 997 997
962 962 962 985 985 985 985 985 985 985 985 985 985 985 985 985 985 985 985 985
992 992 992 997 997 997 997 997
996 996 996 998 998 998 998
993 998 998 993 998 998 993 869 998 990 998
996 993 996 991 996 993 991 991 993 998 998 998 990 994 994 289
962 962 962 985 985 985 985 985 985 985 985 985 985 985 985 985 985 985 985 985
216 879 879 216 999 879 879 879 215 879 215 879 879
988 988 988 995 995 995 995 995 995
854 854 943 943 854 943 956 956 771 771 956 943 943 956
993 488 988 988 993 995 995 995 995 990 995 990 995
214 561 561 911 849 911 849 911 849 213 849 911 849 849
996 996 996 998 998 998 998
992 992 992 997 997 997 997 997
988 988 988 995 995 995 995 995 995
977 977 977 989 989 989 989 989 989 989
991 892 991 991 994 994 991 994 994 994 994
988 988 988 995 995 995 995 995 995
697 212 697 697 960 938 938 645 938 938 938 938 999 938 938 960 212 999 938 960 938 938 938 938 999 938 938
977 977 977 989 989 989 989 989 989 989
854 854 999 956 947 890 999 947 956 890 956 890 890 947 956 956 947 999
880 880 880 969 969 969 969 969 969 969 969 969 969 969 969 969 969 969 969
987 987 987 987 987 499 978
211 211 991 704 999 992 992 997 832 991 832 991 210 832 934 997 210 704 934 832 992 832 704 934 997 999 994 832 209 934 997 934 832 209 997 994 832 251 997 924 999 832 997 997 924 997 832 997 832 997
996 996 996 998 998 998 998
999 999 999 489 999 208 872 347 208 608 872 999
972 972 972 983 983 983 983 983 983 983 983 983
996 996 996 998 998 998 998
977 977 977 989 989 989 989 989 989 989
992 992 992 997 997 997 997 997
958 958 958 980 980 980 980 980 980 980 980 980 980 980 980 980 980 980
988 988 988 995 995 995 995 995 995
988 988 988 995 995 995 995 995 995
959 959 959 979 979 979 979 979 979 979 979 979 979 979 979 979 979
977 977 977 989 989 989 989 989 989 989
977 977 977 989 989 989 989 989 989 989
996 996 996 998 998 998 998
454 454 454 951 706 706 951 911 951 911 951 911 951 911
992 992 992 997 997 997 997 997
999 992 992 997 997 991 997 991 997 994 997 994 994
996 996 996 998 998 998 998
988 988 988 995 995 995 995 995 995
959 959 959 979 979 979 979 979 979 979 979 979 979 979 979 979 979
993 997 993 997 997 997 293 997 990 990 997 997
996 996 996 998 998 998 998
988 988 988 995 995 995 995 995 995
681 681 934 681 604 604 934 604 934 934 934 924
993 992 992 993 987 790 997 987 990 990 997 997 978 997 997
999 931 931 999 931 999 855 855 900 931 453 931 931 900 900 855 452 931 931
999 999 999 733 848 848 451 207 999 987 733 848 733 207 999 848 848 848 999 848 451 733 206 987 848 848 205 848 733 733 999 999 205 451 733 999 206 848 978 848
993 998 998 993 998 998 998 993 869 998 990
988 988 988 995 995 995 995 995 995
992 992 992 997 997 997 997 997
992 992 992 997 997 997 997 997
988 988 988 995 995 995 995 995 995
996 996 996 998 998 998 998
992 992 992 997 997 997 997 997
977 977 977 989 989 989 989 989 989 989
972 972 972 983 983 983 993 983 993 983 983 983 993 990 983 450
992 991 992 992 997 991 677 994 994 997 997 997 994
996 996 996 998 998 998 998
988 988 988 995 995 995 995 995 995
977 977 977 989 989 989 989 989 989 989
988 988 988 995 995 995 995 995 995
644 204 643 560 999 449 560 448 999 760 999 203 999 809 644 760 644 448 203 560 449 447 999 999 446 809 204 999 760 447 644 643 759 445 999 446 759 809 448 759 809 449 759 643 760 445 999 999 809 999 760 560 999 809 760 643 999 760 447 759 445 446 760 809 999 999 999 999 202 809 999 999 202 644 999 643 809 809
559 928 201 928 999 928 558 558 928 993 991 991 999 559 994 993 990 990 928 994 994
996 996 996 998 998 998 998
988 992 999 999 993 987 993 998 999 987 999 924 993 999 990 992 200 995 998 200 999 785 924 997 924 645 993 837 495 924 645 990 998 997 998 998 997 785 978 990 997 792 997 998 995 990
996 996 996 998 998 998 998
993 993 993 993 993 993 993 993 279 990 990 990 990
974 956 993 956 943 956 993 974 771 956 974 993 999 986 956 943 956 943 986 986 956 990 943 986 986 943 986 986
992 992 992 997 997 997 997 997
557 199 557 886 808 886 886 696 808 886 886 886 808 696
996 996 996 998 998 998 998
974 974 974 986 986 986 986 986 986 986 986
966 966 966 984 984 984 984 984 984 984 984 984 984 984
992 992 992 997 997 997 997 997
972 993 972 972 993 983 983 983 993 983 983 983 450 983 983 990
957 957 999 837 837 973 957 973 973 973 973
992 992 992 997 997 997 997 997
577 842 842 935 935 935 905 935 720 935 905 905 935
988 988 988 993 626 995 995 993 995 995 990 995 990
977 977 977 989 989 989 989 989 989 989
996 996 996 998 998 998 998
992 992 992 997 997 997 997 997
996 993 996 996 993 998 998 869 990 990 998
962 962 962 985 985 985 985 985 985 985 985 985 985 985 985 985 985 985 985 985
996 996 996 998 998 998 998
958 958 958 980 980 980 980 980 980 980 980 980 980 980 980 980 980 980
999 198 198 791 807 732 732 732 791 732 807 807 791 791 732 807 807 807 791 791 791 732 807 791 732 999 807 999 791 807 807
974 974 974 986 986 986 986 986 986 986 986
999 642 695 642 642 759 642 642 695 759 759
988 988 988 995 995 995 995 995 995
992 991 992 991 991 992 994 997 997 997 994 677 997
878 991 987 991 987 994 994 978 994
992 992 992 997 997 997 997 997
996 996 996 998 998 998 998
214 561 561 911 849 911 849 911 849 213 849 911 849 849
444 443 442 847 914 937 937 441 898 440 914 898 937 847 898 914 914 898 937 914 847 937 914 694 914 898 937 694 898 439 937 438 847 937 937 937
996 996 996 998 998 998 998
974 974 974 986 986 986 986 986 986 986 986
996 996 996 998 998 998 998
974 974 974 986 986 986 986 986 986 986 986
996 996 996 998 998 998 998
992 992 992 997 997 997 997 997
996 996 996 998 998 998 998
996 996 996 998 998 998 998
988 988 988 995 995 995 995 995 995
996 996 996 998 998 998 998
197 197 731 999 437 649 196 641 640 437 999 640 731 196 999 436 195 640 999 436 999 731 649 194 999 731 193 999 193 999 999 731 436 641 641 194 999 731 437 641 731 195 641 649 999 640 640 999
192 929 910 191 995 893 999 990 506 893 995 995 192 990 995 893 506 929 990 995 618 944 893 910 190 910 191 910 999 999 967 967 999 995 990 999 190 995 944 944 893 967 995
996 996 996 998 998 998 998
959 959 959 979 979 979 979 979 979 979 979 979 979 979 979 979 979
996 996 996 998 998 998 998
992 992 992 997 997 997 997 997
570 740 570 324 797 740 797 775 740 797 775
958 958 958 980 980 980 980 980 980 980 980 980 980 980 980 980 980 980
992 992 992 997 997 997 997 997
991 991 999 996 991 991 994 996 994 998 994 998 998 998 994 994 994
996 996 996 998 998 998 998
854 854 239 956 943 771 956 956 943 956 943 956 943 943
999 999 999 999 999 556 693 693 999 435 556 434 693 434 693 556 435 693 999 693 556 435 434
988 993 988 993 988 995 993 995 995 995 990 995 626
966 966 988 988 352 995 984 995 995 984 984 984 984 995 995 984 984 984 995 984 984 984
996 996 996 998 998 998 998
988 988 988 995 995 995 995 995 995
991 991 998 991 998 998 994 994 828 998 998 998
988 988 988 995 995 995 995 995 995
929 963 306 963 963 929 967 963 305 963 967 304 967 963 963
988 988 988 995 995 995 995 995 995
999 872 189 692 872 872 692 872 792 189 188 872 792 872 187 872 692 692 792 792 692 872 872 999 692 872 872 188 187 872
988 988 988 995 995 995 995 995 995
974 974 974 986 986 986 986 986 986 986 986
915 991 993 991 994 993 990 994 994 990
959 959 959 979 979 979 979 979 979 979 979 979 979 979 979 979 979
992 992 992 997 997 997 997 997
988 988 988 995 995 995 995 995 995
186 433 186 999 858 858 555 433 555 858 433 555 555
996 996 996 998 998 998 998
878 991 987 991 987 994 978 994 994
815 815 227 939 952 939 939 939 952 952 939 776 939
992 992 992 997 997 997 997 997
977 977 977 989 989 989 989 989 989 989
988 988 988 995 995 995 995 995 995
977 977 977 989 989 989 989 989 989 989
991 987 991 991 987 987 994 587 994
992 992 992 997 997 997 997 997
992 992 992 997 997 997 997 997
996 996 843 998 991 991 998 994 994 998 994 998
999 996 996 992 998 998 992 993 997 998 998 993 990 997 997 990 997 997
996 996 996 998 998 998 998
992 992 992 999 999 904 954 997 997 999 997 999 997
999 957 929 957 973 806 929 679 967 967 973 967
999 730 730 999 862 999 862 730 846 846 999 185 862 999 862 846 185 846 667 846 846 862 730 846 999 554 639 862 846 846 862 999 846 432 554 432 862 999 639 730 862 667 999 730 554 999 730 667 432 639 862 639 999 999 862 999 862 999 846 639 862 554 846
992 992 992 997 997 997 997 997
992 992 992 997 997 997 997 997
952 939 776 815 939 939 939 939 952 939 952 776 952
996 996 996 998 998 998 998
977 977 977 989 989 989 989 989 989 989
431 431 431 861 861 948 861 861 861 861 861 999 861 861 948 861 861 948 948 948 861 999 861 948 999
996 996 996 998 998 998 998
184 430 184 183 999 879 879 879 879 999 999 910 910 999 879 182 183 181 182 999 181 910 999
992 992 992 997 997 997 997 997
977 977 977 989 989 989 989 989 989 989
865 960 960 865 865 844 844 960 949 949 960 949
992 992 992 997 997 997 997 997
988 988 988 995 995 995 995 995 995
931 180 991 991 600 235 931 180 991 931 931 994 600 994 600 931 931 999
996 996 996 998 998 998 998
987 997 997 997 997 997 987 987 752 997 997
992 993 992 993 992 997 993 712 990 997 997 997
825 973 987 973 987 754 825 825 999 683 963 978 963 963 973 963 973
966 966 966 984 984 984 984 984 984 984 984 984 984 984
744 584 744 922 769 769 922
993 638 638 993 638 244 879 999 879 990 990 638 638
996 996 996 998 998 998 998
988 988 988 995 995 995 995 995 995
996 996 996 998 998 998 998
996 996 996 998 998 998 998
996 996 996 998 998 998 998
996 199 999 886 557 808 886 996 696 998 998 886 808 998 886 886 808 696 998 886
996 996 996 998 998 998 998
553 553 430 910 910 691 691 691 910 695 695
571 889 810 889 889 231 571 810 810 810 810 889
992 995 992 995 995 992 997 997 995 995 997 995 414 997 995 995
880 880 880 969 969 969 969 969 969 969 969 969 969 969 969 969 969 969 969
444 443 442 847 914 937 937 441 898 440 914 898 937 847 898 914 914 898 937 914 847 937 914 694 914 898 937 694 898 439 937 438 847 937 937 937
996 996 996 998 998 998 998
987 727 987 987 987 978 978
690 552 999 637 552 179 999 552 179 690 690 690 637 637 690 637 690 552 637
958 958 958 980 980 980 980 980 980 980 980 980 980 980 980 980 980 980
974 974 974 986 986 986 986 986 986 986 986
974 974 974 986 986 986 986 986 986 986 986
996 843 996 991 991 998 994 994 998 994 998 998
992 992 992 997 997 997 997 997
996 996 996 998 998 998 998
988 988 988 995 995 995 995 995 995
855 931 931 900 453 931 452 855 900 931 453 931 931 855 900 855 452 931 931
962 962 962 985 985 985 985 985 985 985 985 985 985 985 985 985 985 985 985 985
575 996 996 575 781 999 998 841 998 678 841 998 998 946
569 458 569 934 792 568 934 792 568 934
613 991 991 993 991 993 991 994 994 994 990 994 994 994 990
993 993 994 994 994 994 993 994 912 990
999 993 993 320 993 684 990 999 458 934 993 934 805 934 990 990 492 990 493
993 978 993 993 990 978 978 757
992 992 992 997 997 997 997 997
993 993 993 991 993 991 991 990 278 993 990 994 994 990
966 966 966 984 984 984 984 984 984 984 984 984 984 984
992 992 992 997 997 997 997 997
974 974 974 986 986 986 986 986 986 986 986
958 958 958 980 980 980 980 980 980 980 980 980 980 980 980 980 980 980
996 996 996 998 998 998 998
444 443 442 847 914 937 898 441 898 440 914 898 937 847 937 914 914 898 937 914 847 937 914 694 914 898 937 694 898 439 937 438 847 937 937 937
996 996 996 998 998 998 998
996 996 996 998 998 998 998
429 992 429 992 992 636 636 178 636 997 428 997 429 177 999 999 997 406 901 997 427 999 901 428 636 177 427 178 636 428 901 427
993 993 993 993 993 786 990 990 990
996 996 996 998 998 998 998
996 996 996 998 998 998 998
974 974 974 986 986 986 986 986 986 986 986
992 992 992 997 997 997 997 997
996 992 992 996 502 997 997 997 997 997 998 998 998 998
988 988 988 995 995 995 995 995 995
962 962 962 985 985 985 985 985 985 985 985 985 985 985 985 985 985 985 985 985
992 992 992 997 997 997 997 997
996 996 996 998 998 998 998
992 992 992 997 997 997 997 997
223 222 221 698 563 887 887 900 562 900 887 887 887 456 900 698 220 219 563 562 218 217 698 887 887 887 900
751 963 751 751 999 948 963 963 948 999 999 963 963 948 963 963
426 941 941 426 426 689 689 176 689 941 941 176 689 689 689
977 977 977 989 989 989 989 989 989 989
261 579 579 851 260 851 851 851 851 851
972 972 972 983 983 983 983 983 983 983 983 983
996 996 996 998 998 998 998
974 974 974 986 986 986 986 986 986 986 986
553 553 430 910 910 691 691 691 910 695 695
991 990 990 991 991 990 990 912 994 994
988 988 988 995 995 995 995 995 995
992 992 992 997 997 997 997 997
996 996 996 998 998 998 998
647 944 758 999 941 758 999 647 944 944 647 758 941 941 758 758 852 941 852 852 758 318 758 758 999 944 999
977 977 977 989 989 989 989 989 989 989
992 992 992 997 997 997 997 997
988 988 988 995 995 995 995 995 995
992 992 992 997 997 997 997 997
996 996 996 998 998 998 998
988 988 988 995 995 995 995 995 995
992 992 992 997 997 997 997 997
996 996 996 998 998 998 998
988 988 988 995 995 995 995 995 995
996 996 996 996 996 789 998 998 998 998 998 998 998
977 977 977 989 989 989 989 989 989 989
977 977 977 989 989 989 989 989 989 989
175 992 893 893 992 175 528 999 999 997 820 893 893 997 997 997 997 999
988 988 988 995 995 995 995 995 995
992 992 992 997 997 997 997 997
996 996 996 998 998 998 998
966 966 966 984 984 984 984 984 984 984 984 984 984 984
966 966 966 984 984 984 984 984 984 984 984 984 984 984
996 996 996 998 998 998 998
697 697 697 938 973 938 938 938 938 938 973 999 938 938 999 938 938 938 973 938 938 999 973 938 938
992 992 992 997 997 997 997 997
174 999 993 174 905 905 993 990 990 173 401 173 999
904 904 904 822 954 822 954 954
988 988 988 995 995 995 995 995 995
988 988 988 995 995 995 995 995 995
991 991 988 172 172 886 987 988 991 808 994 557 988 999 987 886 886 995 808 995 808 886 978 994 995 696 995 808 696 995
865 992 992 865 929 999 286 997 967 997 853 171 999 967 171 949 997 997 967 949 967 949 853 999 608 997 949
991 987 991 987 991 987 587 994 994
992 992 992 997 997 997 997 997
972 972 972 983 993 993 993 983 983 450 983 983 983 983 983 990
996 996 996 998 998 998 998
996 996 996 998 998 998 998
974 974 974 986 986 986 986 986 986 986 986
988 988 988 995 995 995 995 995 995
996 996 996 998 998 998 998
977 977 977 989 989 989 989 989 989 989
996 996 996 998 998 998 998
974 974 974 986 986 986 986 986 986 986 986
635 573 688 688 873 170 999 873 688 999 169 168 999 873 635 999 873 688 688 873 635 999 635 572 635 573 873 572 873 168 170 688 169
988 993 488 993 988 995 995 995 995 995 995 990 990
996 996 996 998 998 998 998
992 992 992 997 997 997 997 997
988 988 988 995 995 995 995 995 995
996 998 998 996 996 998 789 998 998 998 998 998 998
729 845 687 845 845 687 729 729 845 687 845 729 845
974 974 974 986 986 986 986 986 986 986 986
996 996 996 998 998 998 998
878 991 991 994 987 987 994 978 994
996 996 996 998 998 998 998
992 992 992 997 997 997 997 997
996 996 996 998 998 998 998
902 167 551 753 902 167 551 902 902 551 902 902 551
966 966 966 984 984 984 984 984 984 984 984 984 984 984
996 996 996 998 998 998 998
988 988 988 995 995 995 995 995 995
988 974 988 974 974 996 988 986 995 996 986 996 995 998 998 998 986 995 995 995 986 986 999 986 986
992 992 992 997 997 997 997 997
972 972 972 983 983 983 983 983 983 983 983 983
596 987 999 459 987 978 960 960 833 833
977 977 977 989 989 989 989 989 989 989
974 974 974 986 986 986 986 986 986 986 986
992 992 992 997 997 997 997 997
992 992 992 997 997 997 997 997
988 984 984 988 984 988 984 984 995 995 984 995 984 984 995 984 984 984 984 404 984 995
977 992 977 992 992 997 997 977 989 997 989 408 989 989 989 997 989
972 972 972 983 983 983 983 983 983 983 983 983
992 992 992 997 997 997 997 997
996 996 993 798 998 993 990 998 998 990 998
974 974 974 986 986 986 986 986 986 986 986
972 972 972 983 983 983 983 983 983 983 983 983
991 998 991 998 991 998 994 998 828 998 998 994
991 166 992 994 994 166 991 165 999 164 991 999 750 992 999 992 999 994 855 165 164 855 994 999 997 997 997 750 994 997 999 994 994
783 559 201 783 999 928 558 558 993 993 993 928 559 990 999 928
988 988 988 995 995 995 995 995 995
992 992 992 997 997 997 997 997
588 517 901 588 901 884 901
996 996 996 998 998 998 998
729 845 687 999 845 687 845 729 845 687 845 729 845
996 996 996 998 998 998 998
860 645 829 829 860 860 999 829 163 645 913 163
992 992 992 997 997 997 997 997
974 974 974 986 986 986 986 986 986 986 986
974 974 974 986 986 986 986 986 986 986 986
567 225 567 888 888 888 888 566 566 888 888 888 565 888 565
972 972 972 983 983 983 983 983 983 983 983 983
972 972 972 983 983 983 983 983 983 983 983 983
577 842 842 935 935 935 905 935 720 935 905 905 935
966 966 966 984 984 984 984 984 984 984 984 984 984 984
987 986 987 986 986 987 267 986 986 986 986 986 986 986
992 992 992 997 997 997 997 997
992 525 987 992 987 997 978 997 997 997 997
999 718 162 836 614 718 492 823 922 999 836 836 162 999 922 836 922 669 999 999 836 836 836 823
996 996 996 998 998 998 998
974 974 974 986 986 986 986 986 986 986 986
991 991 892 991 991 994 994 994 994 994 994
974 974 974 986 986 986 986 986 986 986 986
161 161 890 245 574 999 999 801 890 801 574 160 801 160 890 999 801 890 890 801 801
992 992 992 997 997 997 997 997
962 962 962 985 985 985 985 985 985 985 985 985 985 985 985 985 985 985 985 985