82 82 82 1280 1280 1280 1280
82 1280 1280 1280 229 82 1280 1280 1280 1280 1280 1280 1280
82 82 82 1280 1280 1280 1280
82 82 82 1280 1280 1280 1280
222 1280 1280 222 1280 1280 1280 124 1280 986
222 222 222 363 632 363 518 518
82 82 82 1280 1280 1280 1280
222 222 421 363 986 363 518 518
82 82 82 522 1280 82 1280 82 1280 1280 1280 1280 1280
1 1 82 363 82 82 82 1 987 987 363 82 82 363 1280 1280 1280 518 663 1280 1280 1280
143 143 143 454 454 454 454 454
143 143 143 1 1 363 363 1 625 454 518 454 454 987 987 518 454
143 143 143 454 454 454 454 454
273 363 1 1 364 1 1394 987 363 223 987 1 518 987 1124 987 987 518 364 987 689 566
82 82 82 1280 1280 1280 1280
82 82 82 1012 1280 1012 739 1012 566 566 1280 1012 1094 1280 470 566
82 454 454 82 454 82 454 454 454 454 1280 1280 672 1280
82 82 82 1280 1280 1280 1280
105 105 367 657 4 1037 657 1037 1037
143 143 143 454 454 454 454 454
236 7 468 468 468 468 7 468 1077 654 1077 468
419 143 1 143 347 1 987 347 454 1201 454 454 454 987 987 1201 1201 1201 1201 1201 1201 1201 1201 454
203 203 203 680 680 680 680 680 680
1 363 1 363 173 987 363 363 518 987 987 518 518 518
82 82 82 1280 1280 1280 1280
1 363 363 363 1208 434 1 1208 363 363 518 222 363 518 222 222 1 987 224 1208 987 1319
384 384 384 851 851 851 851 851 851 851 851 851 851 851 851 851 851 851 851 851 851 851 851 851 851 851 851 851 851 851 851 851 851 851 851 851 851 851
384 384 384 851 851 851 851 851 851 851 851 851 851 851 851 851 851 851 851 851 851 851 851 851 851 851 851 851 851 851 851 851 851 851 851 851 851 851
427 427 427 471 471 471 471 471 471 471 471 471 471 471 471
82 82 82 1280 1280 1280 1280
203 203 203 680 680 680 680 680 680
203 203 203 680 680 680 680 680 680
222 222 222 376 986 222 986
363 123 363 363 363 363 518 363 518 518 518 518 518
143 143 143 454 454 454 454 454
363 143 143 229 222 454 454 363 454 518 222 518 454 986 454
82 82 82 203 203 1280 1280 203 222 880 363 222 363 680 1280 986 680 680 680 680 518 518
346 314 1 1 314 1082 1082 987 1082 1082 1082 1082 1082 1082 987 987
82 149 143 149 1 403 82 1280 1 1280 363 143 363 454 1280 987 454 454 987 941 987 1280 593 518 593 480 480 454 941 480 454 518
82 82 82 1280 1280 1280 1280
222 363 363 363 363 1 363 518 363 222 1 518 222 1263 987 987 987
82 82 987 82 987 1280 987 1448 1280 987 1280 987
347 347 347 1201 1201 1201 1201 1201 1201 1201 1201 1201
166 166 166 1122 1122 1122 1122 1122 1122 1122 1122 1122 1122 1122 1122 1122 1122 1122 1122 1122 1122 1122
203 203 203 680 680 680 680 680 680
82 222 222 82 986 986 986 986 82 222 222 1280 986 222 986 1280 222 1280 1352
203 203 203 680 680 680 680 680 680
82 82 82 1280 1280 1280 1280
334 215 334 999 1216 1134 875 1476 1216 999 999 1134 1216 1216 1216 1476 1216 1216 1134 1216 1216 1216
82 82 82 1280 1280 1280 1280
82 82 82 1280 1280 1280 1280
268 720 720 268 387 933 720 720 1004 933 960 720 1004 933 720 1233 1004
143 143 143 454 454 454 454 454
407 83 83 1445 407 407 168 1433 1462 15 1433 15 941 1012 107 1111 1191 941 1433 1191 1433 1012 1433 1286 1445 1286 441 1462 1365 1286 1012 493 1433 1433 1462 1012
203 454 454 203 454 454 203 680 944 454 680 680 454 680 680 454
184 150 1093 184 1093 1417 490 490 1179 1417 1110 1093 1110 577 1110 631 913 1179 1261 913 558 1034 1093 631 631 629
86 433 86 86 1447 433 1301 433 1301 1447 433
363 222 222 38 363 986 518 986 986 518 986
82 82 82 1280 1280 1280 1280
143 143 143 454 454 454 454 454
363 1 987 1420 1420 143 143 363 363 450 1420 222 1420 987 454 1 1420 987 987 454 222 518 454 1420 454 1420 1420 987 454 1420 1420 986 1420 987 987 987 1420 1420
262 262 143 262 143 893 893 893 1075 893 893 893 454 454 454 454 454
82 222 82 82 1 1 1280 222 222 1 1280 987 987 1457 1280
347 347 347 1201 1201 1201 1201 1201 1201 1201 1201 1201
222 222 1280 222 1280 1280 1294 1280 1280 1280
204 204 188 204 685 685 1 86 685 1 1 1065 2 987 86 685 1301 987 1064 1065 1301 2 1301 1012 710 1138 1065 1065 1012
143 143 143 454 454 454 454 454
739 1274 1 1 987 1276 987 689 364 987 566 1276 566 1276 1276
427 382 382 382 1312 427 1312 427 471 1312 471 471 1312 471 471 1312 471 471 471 1312 703 471 1312 471 471 1312 1312
363 143 363 113 364 12 12 1330 364 143 2 394 1143 1143 2 143 363 454 518 1094 454 454 860 566 454 1330 1012 1012
82 190 1 1 987 82 987 1280 1280 1280 987 1280
143 143 143 454 454 454 454 454
263 315 263 416 315 1083 1083 897 1083 1083 897 939 1099 897 1083 897 1083 897 897 1083
262 262 262 893 893 893 893 893 893 893
347 347 347 1201 1201 1201 1201 1201 1201 1201 1201 1201
404 404 893 363 671 893 956 363 404 893 893 1091 1091 1420 893 956 1091 1091 1420 893 1420 363 893 627 956 893 1420 518 1420 1091 956 671 1420 893 1420 1420 1420 1420
404 203 404 203 404 1420 203 680 680 680 1420 1420 1420 1420 1420 1420 1420 680 447 680 1420 1420
262 262 262 893 893 893 893 893 893 893
1 227 1 425 227 245 373 1110 987 226 1110 1280 656 987 1280 1262 987
203 203 203 680 680 680 680 680 680
392 363 364 363 364 1394 566 363 222 518 222 1124 1067 1124 986
347 347 143 347 1201 1201 143 1201 143 1201 454 454 454 1201 454 1282 1201 1201 1201
5 139 5 1373 1053 1053 1053 1053 1053 1053
363 363 1 103 518 1 518 987 987 987
318 318 318 720 1371 1097 1357 720 720 1097 720 1371 720 1371 1357 1097 720 1371 1097 1371 720 1097 1097
82 82 82 1280 1280 1280 1280
143 143 143 454 454 454 454 454
1 1 1 518 518 518 1146 518 987 987
82 82 82 1280 1280 1280 1280
264 762 762 264 264 901 901 762 964 964 901 901 901
382 382 382 1312 1312 1312 1312 1312 1312 1312 1312 1312 1312
347 347 347 986 1 1255 1201 1 1201 987 1 1201 1201 987 1 1201 987 1201 987 987 1201 986 1201 987 986
141 141 94 1463 1364 1463 1463 1463
82 82 82 1280 1280 1280 1280
384 384 384 851 851 851 851 851 851 851 851 851 851 851 851 851 851 851 851 851 851 851 851 851 851 851 851 851 851 851 851 851 851 851 851 851 851 851
82 82 82 1280 1280 1280 1280
262 262 262 893 893 893 893 893 893 893
191 149 1 149 480 593 1 677 480 987 480 941 987 987 941
427 427 427 471 471 471 471 471 471 471 471 471 471 471 471
262 262 262 893 893 893 893 893 893 893
143 143 143 454 454 454 454 454
82 82 82 229 1280 82 1280 1280 1280 1280 1280 1280 1280
82 363 82 82 363 1280 1350 1280 1280 518 518
82 82 82 1280 1280 1280 1280
2 29 2 1012 1054 1123 1012
143 143 143 454 454 454 454 454
53 222 1 1 222 987 987 986 987
1 82 190 1 82 1280 1280 987 1280 1280 987 987
203 203 203 717 363 363 680 518 680 680 518 680 680
314 82 314 314 1082 1082 82 1082 1082 1082 82 1082 1082 1280 1280 1280 1149
224 1208 224 986 224 1208 79 986 362 986 1208 1208 1208 434
364 364 364 203 143 1 203 203 1 143 1 143 364 364 987 714 454 454 454 680 680 566 680 454 680 680 714 1044 987
1 363 363 363 1286 380 1286 1 1 987 1286 1 363 363 1286 1111 2 363 518 518 987 1012 518 518 518 1329 1012 1012 518 987 987 987 1286 987
82 82 82 1280 1280 1280 1280
143 143 143 454 454 454 454 454
363 1 1 1 1 987 363 987 1 1 987 987 363 518 1351
143 143 143 454 454 454 454 454
222 363 1 363 222 222 222 291 363 363 1 363 987 987 518 518 363 518 363 518 987 986 986 363 518 518 518 518
143 143 143 454 454 454 454 454
129 116 116 3 970 970 970 970 970 3 970 1334 970 1139 1026 970 970 1026 970 970 970 1334 970 970 970 970 970
262 262 262 893 893 893 893 893 893 893
223 286 223 1124 1335 1124 435
363 518 363 518 518 363 518 518 870
262 262 262 893 893 893 893 893 893 893
1210 1337 1423 1423 1337 1423 1423 1423
347 347 347 1201 1201 1201 1201 1201 1201 1201 1201 1201
95 198 95 611 1384 611 1384 1384 1384 611
82 82 82 222 222 1294 1280 986 1280 1280
363 363 1053 363 1053 1053 363 1053 1053 1373 363 518 363 1053 437 518 1053 1053
143 143 143 986 464 454 454 986 454 986 454
203 203 203 680 680 680 680 680 680
352 352 417 1223 1223 1223 746 746 746 1382 1382 746 1223 746 1223 746 1223 1223
203 203 203 680 680 680 680 680 680
1 1 134 134 27 987 987 987
376 222 222 986 222 222 986
95 198 95 611 1384 611 1384 1384 1384 611
1 1 454 454 1 987 454 454 454 454 454 987 587
386 91 910 220 185 82 1328 869 720 720 1328 720 517 720 82 1280 1280 618 720 1328 1280 1280 869
5 5 1053 1 986 363 1 1053 1 986 363 986 5 1373 1053 1053 363 1053 987 525 518 987
282 210 210 453 841 915 915 915 915 744 601
363 363 518 363 518 518 518 518 870
203 203 203 680 680 680 680 680 680
143 143 143 454 454 454 454 454
631 631 1038 631 631 366 1038 631
203 82 203 203 82 82 680 680 842 680 1280 680 1280 680 1280
55 7 7 1185 1 986 1276 1276 1041 986 1 986 1 987 987 1185 1432
143 143 143 454 454 454 454 454
203 203 203 680 680 680 680 680 680
366 366 366 631 631 1038 631 1038
90 1184 90 1184 90 1322 1360 1360 1184 1360 1360 1322 809 514 809
314 314 314 1082 1082 1082 1082 1082 1082 1082 1082
143 143 143 454 454 454 454 454
262 262 262 893 893 893 893 893 893 893
266 266 1322 266 1070 1322 908 1322 908 1322 908 908 908 1070 1322
1 1 1 138 1 987 987 987 987 987 987
87 87 87 615 1306 1306 1306 1306 1306 615 1306 1306
81 81 10 375 221 1259 1194 1110
169 144 1286 144 456 704 1342 1286 1286 456 456 456 1286 1286
364 82 364 82 82 6 714 364 6 188 1065 1301 364 339 1301 1280 566 1301 1301 714 566 1301 1065 1280 1280
320 320 320 569 569 1129 1466 1129 1466 1129 1129 1116 1466 569 1212 1212 569 1129 731 1466 1466 1116 1466 731 1466 678
143 143 143 454 454 454 454 454
363 363 421 222 518 222 518 986
17 816 17 816 1046 17 876 455 1081 489 1236 552 1087 552 552 1377 1377 816 489 552 489 1081 552 1127 868 552 1426 1127 1081
91 91 91 1029 1029 1029 696 1148 1029 1328 949 949 949 1328 1029 1148
1 1 1 1 193 987 363 363 987 987 987 987 987 518 518
1 203 1 203 1 331 987 987 680 1 680 680 680 987 987 987 680 987 680
1 1280 1 1 1280 1280 987 1280 987 1280 1280 1448
143 143 143 454 454 454 454 454
222 893 893 893 893 893 1478 222 893 893 893 893 222 902
408 478 478 478 478 478 408 408 478 1434 1434 1434 478 799 478 1434 1434 478 478 1434 1434 478 1434 478 799 478 1434
363 2 167 396 82 33 680 363 363 1012 1306 2 680 363 518 680 566 82 1012 1280 1012 738 363 1280 1306 680 518 1306 1012 738 1012 1306 566 680 363 1356 680 888 1012 680 566 680 1280 518 518 1111 1280 518 1094 518
222 986 986 222 986 376 986
92 1337 1337 1337 1337 92 92 903 1337 1337 1337 1337 1337 903 1337 1337 1337
116 116 116 970 970 970 970 970 203 203 203 680 680 680 680 970 970 970 970 970 970 970 1003 970 680 970 970 970
143 143 143 454 454 454 454 454
143 143 143 454 454 454 454 454
82 82 82 1280 1280 1280 1280
82 82 82 1280 1280 1280 1280
363 1 363 222 363 222 1 1 363 363 222 987 189 518 518 518 987
361 11 859 361 983 1125 983 1128 1125 1128 983 1128 859 1125 1128 1128
113 12 113 1330 1143 1143 1330 1143
125 203 203 325 680 372 680 1041 680 8 1093 1280 1093 680 680 680 1041
363 987 987 363 987 987 363 987 1146 518
82 82 82 1280 1280 1280 1280
363 391 134 134 363 518 518
143 143 143 454 454 454 454 454
1427 1424 956 1120 1182 956 956 1023 1069 875 19 1069 1424 956 1256 1069 1120 1063 1023 956 993 1069 637
203 82 307 203 82 680 1280 680 1280 680 680 1280 680 1280 680
203 203 203 680 680 680 680 680 680
166 166 166 1122 1122 1122 1122 1122 1122 1122 1122 1122 1122 1122 1122 1122 1122 1122 1122 1122 1122 1122
182 222 143 143 454 222 454 986 454 454 454
143 143 143 454 464 454 222 454 454 222 986
363 363 1 222 82 363 363 388 1 222 518 518 82 1280 1280 987 222 1280 222 518 1280 1280 987 986 1280 518 986 1280 1280 987 987 987 1280 1280 987 987 987
134 404 404 404 1 1 143 1420 134 363 1420 1420 1420 363 1420 143 1420 1420 143 1420 1 454 363 454 987 1420 37 1420 987 518 454 454
790 1364 1364 1040 557 1364 666 372 1040 1040 1364 1040 666 790
262 262 262 893 893 893 893 893 893 893
715 507 507 1207 507 208 507 507 715 507 715 507 715 715 715 1207 507 507 507 507 507
143 143 143 454 454 454 454 454
217 1286 204 1026 1338 1026 1286 204 1286 1026 1286 685 1026 1286 951 1220 685 685 685 685
1364 363 1261 1095 463 790 2 1348 363 463 666 1348 363 2 1012 363 1040 1 1078 1040 1040 1124 1 790 1040 1364 1012 1443 987 987 517 518 1261 463 1348 1124 987 1364 518 557 518 518 1364 790
1 222 222 986 102 1 986 987 987 986 986 987
363 987 363 987 987 103 518 518 987 987
82 82 82 1280 1280 1280 1280
262 262 262 893 893 893 893 893 893 893
203 203 203 680 680 680 680 680 680
82 82 82 1280 1280 1280 1280
566 714 714 566 566 364 566 566 989
82 1280 1280 1280 229 1280 82 1280 1280 1280 1280 1280 1280
203 203 203 680 680 680 680 680 680
363 363 363 518 222 222 632 986
404 404 404 1420 1420 1420 1420 1420 1420 1420 1420 1420 1420 1420
262 262 262 893 893 893 893 893 893 893
222 1 1 363 222 1 222 363 363 987 1176 987 518
203 203 203 680 680 680 363 363 680 680 363 518 717
347 347 347 1201 1201 1201 1201 1201 1201 1201 1201 1201
82 82 82 1280 1280 1280 1280
82 82 82 1280 1280 1280 1280
203 203 203 680 680 680 680 680 680
203 203 203 680 680 680 680 680 680
143 143 143 454 454 454 454 454
1053 1053 1373 1053 1373 1053 1053 1053 1053 1053
82 82 82 1280 1280 1280 1280
363 363 363 363 870 363 518 518 518
240 136 114 513 836 836 1199 513 1199 513 610 513 1279
363 39 363 518 363 363 518 518 518
143 915 915 915 143 143 454 453 454 841 1089 744 915 454 454 744 744 601
166 166 166 1122 1122 1122 1122 1122 1122 1122 1122 1122 1122 1122 1122 1122 1122 1122 1122 1122 1122 1122
92 1337 1337 1337 1337 92 92 903 1337 1337 1337 1337 1337 903 1337 1337 1337
222 222 222 1208 222 1208 222 434 222 821 1208 986 222 1208 986 986 986 986
82 82 82 363 1350 363 1280 1280 518 1280 518
404 404 404 1420 1420 1420 1420 1420 1420 1420 1420 1420 1420 1420
262 262 262 893 893 893 893 893 893 893
22 58 52 1152 363 612 363 503 134 659 612 1152 503 503 503 1152 585 134 518 503 585 612 518 503 612 503 585
82 82 82 1280 1280 1280 1280
82 82 82 1280 1280 1280 1280
143 143 143 363 501 363 454 454 518 454 518 454
159 1191 609 159 1478 332 997 594 222 879 1191 1191 747 222 879 609 986 879
143 143 143 454 454 454 454 454
224 1280 1280 1280 224 1208 362 1339 1208 1280 1280 1280
1012 363 363 82 363 363 82 82 1 363 1321 518 1280 363 1313 1173 1 363 518 1313 1280 1313 518 518 1313 2 1280 1313 1012 518 1313 1419 1313 518 1313 518 986 518 518 518 518 518 518 987 1313 986 1012 1313 987 987 1313 986
410 1354 25 410 1115 1460 1354 1460 1460 1460 1115 589 1248 1248 1460 565 565 565 565 505
321 358 321 1183 1455 1471 1465 1157 1456 1359 443 457 807 987 1455 1464 987 1359 889 1359 987 1388 1314 1456 1455 1055 1109 1455 729 837 1157 496 1359 636 1456 1183 457 496 1359 446 987 1456 987 1455 1359 1109 446 1359
82 82 82 1280 1280 1280 1280
203 871 1 1308 203 355 1 1308 1308 680 680 680 1435 1308 1435 680 987 987 987 680 680 871
203 203 203 680 680 680 680 680 680
82 82 82 1280 1280 1280 1280
82 82 82 1280 1280 1280 1280
82 82 82 1280 1280 1280 1280
143 143 143 454 454 454 454 454
363 518 518 518 39 518 363 518 518
262 262 262 893 893 893 893 893 893 893
262 262 262 893 893 893 893 893 893 893
82 82 82 1280 1280 1280 1280
143 143 143 454 454 454 454 454
82 82 82 1280 1280 1280 1280
143 143 143 454 454 454 454 454
404 24 404 203 1420 203 680 1420 1420 680 680 1420 1420 680 680 1420 680 1420 1420 1420 1420 1420
116 116 116 970 970 970 970 970 970 970 970 970 970 970 970 970 970 970 970 970
89 110 476 1286 476 1286 1286 89 1338 1318 476 1318 1286 476 476 1286 752 476 927
1 138 1 1 987 1 987 987 987 987 987
336 172 222 287 225 222 1478 222 1444 1 761 1 222 986 987 986 987 987
143 143 143 363 454 363 454 454 363 501 518 454
143 143 143 454 454 454 454 454
203 203 203 680 680 680 680 680 680
384 384 384 851 851 851 851 851 851 851 851 851 851 851 851 851 851 851 851 851 851 851 851 851 851 851 851 851 851 851 851 851 851 851 851 851 851 851
82 82 82 1280 1280 1280 1280
262 262 262 1 1 1 987 893 987 957 893 893 893 893 893
143 143 143 454 454 454 454 454
405 262 1421 1421 1421 262 262 405 411 1421 1421 1421 1421 1421 893 1421 1421 1421 1421 893 893 893 1421 1421 1421 1421 1421 1421 759 893 1421 893 1421 1421 1438 1421
222 363 1 1 1 1 1 82 1 82 1 1 363 82 363 987 987 1 987 987 222 1280 1280 987 222 987 518 674 1280
82 82 82 1280 1280 1280 1280
365 1131 1 1468 1131 1131 1131 823 1468 365 366 1296 1468 1235 726 424 823 1 1 1167 1235 987 668 1340 631 600 511 1131 1296 987
633 1103 370 552 1427 576 732 1344 576 186 1325 552 1304 570 646 370 552 1103 642 552 570 567 1028 576 467 1346 552 570 576 623
363 987 987 363 987 987 103 518 518 987
222 1290 1101 1290 1101 1143 1192 222 1416 1290 1290 1290 1124 1124 1301 222 222 313 1429 986 887 986 1443 1101
262 262 262 893 893 893 893 893 893 893
82 82 82 1280 1280 1280 1280
255 94 255 1364 498 498 498 1364 772 498 1364 498
203 82 82 203 203 987 987 987 987 82 518 82 680 680 518 82 680 987 987 518 987 82 680 987 1280 987 987 987 1280 987 1280 987 518 680 987 1280 1280 1113 1280 987
352 352 417 1223 1223 1223 746 746 746 1382 1382 746 1223 746 1223 746 1223 1223
82 82 82 1280 1280 1280 1280
116 116 116 970 970 970 970 970 970 970 970 970 970 970 970 970 970 970 970 970
116 116 116 970 970 970 970 970 970 970 970 970 970 970 970 970 970 970 970 970
1 103 1 363 363 518 518 987 987 987
203 203 203 680 680 680 680 680 680
82 82 82 1280 1280 1280 1280
82 143 82 82 1280 143 363 363 143 454 363 454 454 707 454 518 1280 1280
143 301 143 143 143 454 454 454 454 454 454 454 454 454 454
363 363 518 518 518 363 518 870 518
82 82 1 1 82 1280 1448 987 987 1280 1280 987
1 1 1 1 363 1 363 1 363 987 1 518 1 1 445 987 987 987 987 987
143 143 143 454 454 454 454 454
166 166 166 1122 1122 1122 1122 1122 1122 1122 1122 1122 1122 1122 1122 1122 1122 1122 1122 1122 1122 1122
82 363 82 82 1280 1280 363 363 1280 518 1350
222 222 82 82 1 1 82 1 1280 987 222 243 1280 222 986 986 987 1280
363 1 363 986 986 1 986 1 363 1176 987 518 987
82 82 82 1280 1280 1280 1280
203 203 203 680 680 680 680 680 680
133 35 133 835 1265 1453 582 1043 1406 1453 1469 582 573 1406 573 1453 560 1010 1469 1265 573 573 1406 573 1265 573 1043 1469 573 1453 1010 573 442
1 1 518 518 518 1 987 987 1146 518
143 143 143 454 454 454 454 454
222 987 222 987 987 53 986 987 987
825 697 1142 252 723 825 697 723 697 697 697 697 1005 697 723 825 825
82 82 82 1280 1280 1280 1280
82 82 82 1280 1280 1280 1280
82 82 82 1280 1280 1280 1280
82 82 82 1280 1280 1280 1280
82 82 82 1280 1280 1280 1280
143 143 143 454 454 454 454 454
82 82 82 1280 1280 1280 1280
1 1 518 1 518 518 987 1146 987 518
222 224 420 362 222 1208 1208 986 1208
143 143 143 454 454 454 454 454
82 363 82 363 363 82 1280 1350 1280 1280 518
82 82 82 1280 1280 1280 1280
116 116 116 970 970 970 970 970 970 970 970 970 970 970 970 970 970 970 970 970
404 404 404 1420 1420 1420 1420 1420 1420 1420 1420 1420 1420 1420
89 479 479 1036 607 89 502 89 1318 1307 644 994 1307 801 479 1389 1389 801 801 479 1318 502 479 801 1389 1307 475
262 262 262 893 893 893 893 893 893 893
363 222 222 421 363 518 518 986
372 688 790 372 688 790 112 688 1273 1066
143 143 143 454 454 454 454 454
363 363 1348 990 235 518 539 990 518 990 1348 990 539 1348 1348
363 1 103 1 987 987 363 987 518 518
1 1 363 363 1 1146 987 987 518 518
222 363 222 421 363 518 518 986
203 203 203 680 680 680 680 680 680
82 82 222 82 423 369 1280 222 713 1431 1280 873 1280 986 873
82 631 363 631 274 1038 134 986 363 82 986 518 1280 631 134 631 986 518 631 1280 1280 1280 631
139 5 1053 5 1053 1053 1053 1053 1053 1373
735 438 948 438 735 1236 735 735 948 1236 947 948 735 1236 947 947 947 735 1015 1236 1015 948 1052 947 735 947 947 948 948
222 105 130 367 222 657 4 1037 657 986 1037 1037
363 134 222 222 335 134 600 134 222 454 222 222 134 600 225 363 134 873 222 134 454 134 454 454 363 454 222 454 600 134 335 643 134 518 454 134 986 986
363 363 1 363 322 82 363 82 222 363 1280 518 1 1280 987 363 518 518 1280 987 1280 222 518 518 986 987 518
363 302 262 262 893 363 893 518 518 893 893 893 893 893
82 82 82 1280 1280 1280 1280
116 262 116 262 116 262 970 970 970 970 970 970 970 970 893 970 893 893 893 970 970 970 970 970 893 1021 970 970 893
143 222 222 143 143 464 454 454 454 454 986
82 82 82 1280 1280 1280 1280
143 1 1 143 1 143 454 1 454 1 454 987 1 987 987 454 987 673
384 384 384 851 851 851 851 851 851 851 851 851 851 851 851 851 851 851 851 851 851 851 851 851 851 851 851 851 851 851 851 851 851 851 851 851 851 851
116 116 116 970 970 970 970 970 970 970 970 970 970 970 970 970 970 970 970 970
116 116 116 970 970 970 970 970 970 970 970 970 970 970 970 970 970 970 970 970
347 347 347 1201 1201 1201 1201 1201 1201 1201 1201 1201
47 47 47 682 682 682 682 682 682 682 682 682 682 682 682 682 682
222 680 680 222 680 680 680 680 680 237 986 680
566 363 363 363 1094 1288 739 2 566 518 1012 1012 1012 566
82 82 82 1280 1280 1280 1280
222 1 1 143 222 222 596 987 143 454 987 454 454 454 454 987
262 262 262 893 893 893 893 893 893 893
143 143 143 454 454 454 454 454
1 987 1 987 1 987 987 1281 987 987 987
143 143 143 454 454 454 454 454
143 143 143 454 454 454 454 454
203 203 203 680 680 680 680 680 680
222 143 222 143 182 454 986 454 454 454 454
1271 347 347 347 1125 1442 698 1201 1201 741 1317 2 1475 2 741 713 1244 713 370 1201 738 1012 738 1144 1201 1201 1201 698 738 698 1012 795 1257 1201 968 1125 1201 698 1013 1309 698
203 203 203 680 680 680 680 680 680
491 1341 1143 950 1143 20 1341 491 1398 1398 1341 1341 950 1143 1398 1341 1260 1143
363 363 363 1350 82 82 518 1280 1280 1280 1280
203 203 203 680 680 680 680 680 680
404 404 404 1420 1420 1420 1420 1420 1420 1420 1420 1420 1420 1420
203 203 203 680 680 680 680 680 680
367 105 367 657 1037 1037 1246 1037 1037
47 47 47 682 682 682 682 682 682 682 682 682 682 682 682 682 682
82 82 82 1280 1280 1280 1280
82 82 82 1280 1280 1280 1280
363 222 363 82 82 222 82 363 222 222 222 363 1280 222 222 363 222 518 222 1280 363 1459 1280 518
409 409 1333 76 1441 1408 1441 1333 1441 709 1333 1333 1333 1441 709 1333 1441 1333 1470 1441 1333 1441 1333 1470
1 1280 1280 1 1280 1 1280 1280 987 1448 987 1280
366 82 82 82 363 363 363 518 657 1280 1280 366 413 792 1208 1280 1208 1473
83 244 1 83 1286 1323 1286 1 1286 566 987 763 566 987 987 566
363 1 103 363 1 518 518 987 987 987
82 82 82 1280 1280 1280 1280
82 164 82 1280 363 1280 363 1280 518 518 1280
223 2 200 2 1012 222 1012 288 1124 1 1078 222 1 987 987 986 987
105 367 367 1037 1037 657 1037 1246 1037
203 203 203 680 680 680 680 680 680
213 483 483 283 143 128 143 1068 506 1140 680 680 1307 680 454 608 454 804 1307 804 483 483 1391 680 454 680 517 804 1307 454 1068 1140 680 506 1391 804 1391 454 483 680 680 509 517
143 143 143 454 454 454 454 454
143 143 143 454 454 454 454 454
82 82 82 1280 1280 1280 1280
143 143 363 143 1 1 1 987 987 454 454 363 454 363 454 625 518
82 82 82 1280 1280 1280 1280
143 1280 143 1280 1280 1280 259 1280 454 454 454 1280 454 454
148 1308 148 148 476 1308 476 1308 1308 1308 748 748 476
333 214 333 977 977 1119 1119 977 1119 845 1119 1119
82 82 82 1280 1280 1280 1280
82 82 82 1280 1280 1280 1280
203 203 203 680 680 680 680 680 680
1093 1308 517 572 1308 572 1093 1308 1308 1308 1093 517 1093
1 1 1020 1 1020 1020 1020 679 987 1020 943 943 943 1061 987 1020
82 82 82 1280 1280 1280 1280
250 96 96 756 756 534 756 534 1410 534 534
347 347 347 1201 1201 1201 1201 1201 1201 1201 1201 1201
82 82 82 1280 1280 1280 1280
222 222 53 1 1 986 987 987 987
384 384 384 851 851 851 851 851 851 851 851 851 851 851 851 851 851 851 851 851 851 851 851 851 851 851 851 851 851 851 851 851 851 851 851 851 851 851
364 364 176 1094 566 2 363 363 739 518 1012 1012 1012 518
363 222 222 38 363 518 518 222 222 986 986
103 1 1 363 987 987 987 363 518 518
82 82 82 1280 1280 1280 1280
82 363 363 82 82 82 1280 82 363 578 1280 1280 1280 1280 518 1280 1280
143 143 143 454 454 454 454 454
222 222 222 222 1278 222 986
82 82 82 1280 1280 1280 1280
82 82 222 222 124 1280 986 1280 1280 1280
143 143 143 454 454 454 454 454
320 320 320 569 569 1129 1466 1129 1466 1129 1129 1116 1466 569 1212 1212 569 1129 731 1466 1466 1116 1466 731 1466 678
82 82 82 1280 1280 1280 1280
82 82 1280 1280 1280 82 1280 1280 1280 1280 1280 1280 522
82 82 82 1280 1280 1280 1280
82 82 82 1280 1280 1280 1280
363 363 363 870 363 363 518 518 518
363 363 1328 203 1143 492 356 1328 492 203 518 680 680 518 1328 680 680 1328 1143 1143 680 680
363 222 222 987 363 1111 1012 1102 1026 987 222 363 363 1026 363 1102 1012 222 1026 1012 1012 1012 222 1012 987 1111 377 1012 518 518 986 987 987 1012 518
363 143 1 143 1 275 454 454 454 363 454 518 987 454 518 987 987
404 404 404 1420 1420 1420 1420 1420 1420 1420 1420 1420 1420 1420
87 87 87 615 1306 1306 1306 1306 1306 615 1306 1306
82 82 82 1280 1280 1280 1280
1219 1341 364 460 1463 1341 791 1428 566 566 1428 1428
143 143 143 454 454 454 454 454
363 222 222 363 421 986 518 518
143 143 143 454 454 454 454 454
262 262 262 893 893 893 893 893 893 893
203 203 203 680 680 680 680 680 680
9 906 906 906 906 9 906 9 906 1019 906 906 1101 1019
143 143 143 454 454 454 454 454
262 262 262 893 893 893 893 893 893 893
428 551 551 428 428 546 546 546 482 551 482 482 482 546 482 482 482 482
203 203 203 680 680 680 680 680 680
347 347 347 1201 1201 1201 1201 1201 1201 1201 1201 1201
363 297 363 363 1 363 1 1 222 1 363 987 518 518 363 987 222 518 986 518 518 987 987 518 987 987
318 318 318 720 1371 1097 1357 720 720 1097 720 1371 720 1371 1357 1097 720 1371 1097 1371 720 1097 1097
237 15 237 1260 1191 691 1398 1398 491 1398 1191 1260
82 82 82 1280 1280 1280 1280
146 146 363 363 914 1286 631 146 462 462 599 828 914 631 518 1286 1286 1286 1286 1356 518 462
203 203 203 680 680 680 680 680 680
203 203 203 680 680 680 680 680 680
82 82 82 1280 1280 1280 1280
143 143 143 454 454 454 454 454
1 1 1 1 1 1 1 1 987 1 987 987 1449 987 987 987
385 385 385 852 852 852 854 852 852 852 852 852 852 852 2 2 852 852 852 852 1336 852 852 852 1012 852 852 852 852 852 852 853 852 852 852 852 852 852 852 852 852 852 1012
238 57 15 498 700 700 498 498 595 498 1191
363 363 222 222 363 632 518 986
363 391 363 134 518 134 518
82 82 222 82 1280 1294 1280 1280 222 986
82 82 82 1280 1280 1280 1280
363 421 222 363 518 518 222 986
82 82 82 1280 1280 1280 1280
143 143 143 454 454 454 454 454
82 82 82 1280 1280 1280 1280
82 82 82 1280 1280 1280 1280
36 406 406 922 1425 524 1425 922 1425 1425 922 922 1425 922 922 1425 922 1425 1425 1425 922 1425
363 134 363 363 518 519 134
368 5 415 84 323 5 84 1053 688 1220 1200 1349 1290 1399 1290 1110 1110 1411 1290 1053
262 262 262 893 893 893 893 893 893 893
82 82 82 1280 1280 1280 1280
143 143 143 454 454 454 454 454
82 82 82 1280 1280 1280 1280
431 175 431 146 431 146 466 1299 462 1026 528 466 1258 1299 537 466 1379 1026 466 462 1026 466 1379 1379 1026 1299 462 1379
143 143 143 454 454 454 454 454
82 82 82 1280 1280 1280 1280
363 39 363 363 363 518 518 518 518
218 205 285 205 223 1290 1290 1290 690 761 721 909 1361 690 690 1124 1290 1361 690
363 203 363 203 253 680 680 680 680 680 518 680 518
143 143 143 454 454 454 454 454
106 83 83 1286 1286 1396 1286 566 566 566 763
351 351 920 920 920 430 920 920 1214 1214 920 1214 1214 920 1214 1405 1214 1214 1214 920
404 404 1420 1420 1420 1420 404 1420 1420 1420 1420 1420 1420 1420 1420 1420 1420 1420 1420 1420 1420 1420 1420 1420 1420 693 1420
384 384 384 851 851 851 851 851 851 851 851 851 851 851 454 851 851 851 851 851 851 454 851 851 454 851 851 454 851 851 851 851 851 851 454 454 851 851 851 851 454 851 851 856 851
82 82 82 1280 1280 1280 1280
262 262 262 893 893 893 893 893 893 893
1 138 1 1 987 987 1 987 987 987 987
165 85 165 688 1293 1293 688 1293 1293 688
82 82 82 1280 1280 1280 1280
82 82 82 1280 1280 1280 1280
203 203 203 1 680 1 680 680 363 1 987 797 363 680 518 987 518 680
7 713 7 713 82 1280 1077 1138 1363 1138
363 363 391 134 518 518 134
40 366 631 366 631 631 631 1038
1 363 1 363 1 987 1146 518 518 987
206 206 1318 206 697 1318 1318 697 697 921 697 921 1318 1318
82 82 82 1280 1280 1280 1280
143 143 363 143 454 501 363 518 454 454 518 454
363 363 363 1 1 363 363 363 363 363 1 363 518 1310 987 518 518 987
1 680 1 1 987 987 680 680 680 680 680 680 680 757
82 82 82 1280 1280 1280 1280
229 82 82 1280 1280 1280 82 82 1280 1280 1280 1280 1280
82 82 82 1280 1280 1280 1280
262 262 262 893 893 893 893 893 893 893
363 986 363 363 518 986 986 632
203 203 203 680 680 680 680 680 680
363 1 82 312 365 82 1 1280 1280 365 363 763 600 1280 1280 518 987 763 395 600 518 763 987 987
222 363 363 421 518 222 518 986
363 986 986 363 363 518 986 632
404 404 404 1420 1420 1420 1420 1420 1420 1420 1420 1420 1420 1420
404 404 363 363 432 1420 518 1 518 1 1420 1420 1420 987 1420 1420 987 1420 1420 987 1420 1420 1420
347 347 347 1201 1201 1201 1201 1201 1201 1201 1201 1201
140 374 1308 1308 1308 1308 140 871 1435
363 222 421 363 222 518 518 986
143 143 143 454 454 454 454 454
203 203 203 680 680 680 680 680 680
203 203 203 680 680 680 680 680 680
82 82 82 1280 1280 1280 1280
143 143 143 454 454 454 454 454
1053 904 204 204 685 685 1173 1065 1381 1053 685 1053 685 685 1065 1053 1065 710
143 143 143 454 454 454 454 454
329 329 329 584 584 584 584 584 584 584 584 584 584 584 584 584 584 584 584 584 584 584 584 584 584 584 584 584 584 584 584 584
329 329 329 584 584 584 584 584 584 584 584 584 584 584 584 584 584 584 584 584 584 584 584 584 584 584 584 584 584 584 584 584
82 82 82 1280 1280 1280 1280
262 262 262 893 893 893 893 893 893 893
222 222 1 1 53 987 986 987 987
203 203 203 680 680 680 680 680 680
1 1 1 1 138 987 987 987 987 987 987
143 143 143 454 454 454 454 454
82 82 82 1280 1280 1280 1280
1 82 82 1 1 82 1 1 1 987 987 1280 523 987 1280 987 1280
203 203 203 680 680 680 680 680 680
82 82 82 1280 1280 1280 1280
82 82 82 1280 1280 1280 1280
82 82 82 1280 1280 1280 1280
82 82 82 1280 1280 1280 1280
143 143 143 454 454 454 454 454
143 143 143 986 464 986 454 454 454 454 986
1293 688 1430 1430 688 1293 1293 1293 1293 688
5 1053 5 5 1053 1373 1053 1053 1373 1053
329 329 329 584 584 584 584 584 584 584 584 584 584 584 584 584 584 584 584 584 584 584 584 584 584 584 584 584 584 584 584 584
82 82 82 1280 1280 1280 1280
363 363 363 1 173 1 987 363 518 518 987 987 518 518
1053 1373 1053 1053 1373 1053 1053 1053 1053 1053
1 1 138 1 1 987 987 987 987 987 987
82 82 82 1280 1280 1280 1280
1 518 518 1 1 987 518 1146 518 987
1 363 103 363 1 987 987 518 518 987
3 3 1 1 1 3 631 1026 986 844 1185 366 987 986 987 986 1450 844
143 143 143 454 454 454 454 454
71 806 75 75 806 808 863 806 808 1187 808 806 806 808 806 808 1187 806 806 808 1187 806 1187 808 808 806 808 806 806 806 808 808
82 82 82 1280 1280 1280 1280
82 82 82 1280 1280 1280 1280
143 143 143 454 454 454 454 454
82 82 82 1280 1280 1280 1280
222 1 1 1 1 1 177 987 987 222 987 987 986 987
82 82 82 1280 1280 1280 1280
82 82 82 987 987 987 1280 1280 987 1280 987 1448
82 82 82 1280 1280 1280 1280
363 222 363 421 222 986 518 518
363 1 1 363 363 173 363 987 518 987 518 518 987 518
82 363 82 164 1280 1280 363 518 1280 518 1280
143 143 143 454 454 454 454 454
82 398 347 347 1201 82 1201 1201 1280 1201 1201 1201 1201 1280 1280 1201 1201 1280
82 82 82 1280 1280 1280 1280
82 82 82 1280 1280 1280 1280
143 143 143 454 454 454 454 454
109 685 685 685 83 685 83 716 1286 685 685 685 1286 1286 874
85 88 1407 85 249 1293 1308 1308 1407 1293 454 1293 1407
82 82 82 1280 1280 1280 1280
82 363 82 363 363 82 1280 1280 518 1280 1350
314 314 314 1082 1082 1082 1082 1082 1082 1082 1082
222 222 222 222 376 986 986
82 82 82 1280 1280 1280 1280
427 427 427 471 471 471 471 471 471 471 471 471 471 471 471
203 203 203 680 680 680 680 680 680
62 62 62 770 770 770 770 770 770 770 770 770 770 770 770 770 770 770
82 82 82 1280 1280 1280 1280
363 363 363 363 39 518 518 518 518
143 143 143 454 454 454 454 454
1 138 1 987 987 987 1 1 987 987 987
46 13 1184 1154 290 819 1154 1184 1251 1184 1154 1154 1154 1423 1184 1184 1184
82 82 82 1280 1280 1280 1280
262 262 262 893 893 893 893 893 893 893
363 363 454 454 363 363 363 454 518 454 363 518 454 454 563 454
203 203 203 680 680 680 680 680 680
82 82 82 1280 1280 1280 1280
82 986 82 986 82 1280 986 1280 1294 1280
143 143 143 454 454 454 454 454
292 292 292 472 472 472 472 472 472 472 472 472 472 472 472 472 472 472 472 472 472 472 472 472 472 472 472 472 472 472
329 329 329 584 584 584 584 584 584 584 584 584 584 584 584 584 584 584 584 584 584 584 584 584 584 584 584 584 584 584 584 584
143 143 143 454 454 454 454 454
363 363 143 363 248 363 143 454 518 454 454 518 518 454 518 454
347 347 347 1201 1201 1201 1201 1201 1201 1201 1201 1201
82 82 82 1280 1280 1280 1280
124 82 82 1280 222 1280 222 986 1280 1280
103 1 1 987 363 987 363 518 987 518
82 82 82 1280 1280 1280 1280
82 82 82 1280 1280 1280 1280
143 143 143 454 454 454 454 454
83 222 763 566 363 566 566 222 363 83 242 1286 986 1286 518 1323 518 1286
1 363 1 363 1 363 363 363 363 363 363 987 363 518 518 1310 987 518
143 222 143 222 143 454 222 454 222 222 222 454 481 454
143 143 143 454 454 454 454 454
222 986 222 222 986 986 1278
4 4 1 1038 363 1012 82 1012 1 402 987 1102 82 1037 1280 1012 1155 1155 363 631 518 1037 1126 631 631 1280 1280 1037 1280 518 987 1221 1037 631 631 1012 987 631
82 82 82 1280 1280 1280 1280
203 203 203 680 680 680 680 680 680
82 82 82 1280 1280 1280 1280
82 82 82 1280 1280 1280 1280
713 1027 713 713 1027 713 1027
82 82 82 1280 1280 1280 1280
292 222 292 292 472 472 472 222 472 472 472 472 473 472 472 472 472 472 472 472 472 472 472 472 472 986 472 472 472 472 472 472 472
203 203 203 680 680 680 680 680 680
190 82 82 1 1280 1 1280 1280 987 987 987 1280
1 1 987 987 987 987 1 1281 987 987 987
310 310 310 526 526 526 526 526 526 526 526 526 526 526 526 526 526 526 526 526 526 526 526 526 526 526 526 526 526 526 526
1 1 518 518 1 518 1146 987 987 518
1 1 27 987 987 134 987 134
105 367 1037 1037 105 657 657 1037 1037
103 1 1 363 987 987 987 363 518 518
82 82 82 1280 1280 1280 1280
364 631 363 364 363 363 363 763 363 363 363 363 363 518 393 1276 518 566 366 518 1276 824 1366
363 4 284 363 84 84 363 44 1290 363 1290 518 1163 518 1290 1037 1402 1037 518 518
82 82 82 82 522 82 1280 1280 1280 1280 1280 1280 1280
82 82 82 1280 1280 1280 1280
82 363 203 203 363 363 363 82 203 363 82 1280 363 680 363 680 363 363 1280 925 518 1280 518 680 680 518 680
143 143 143 454 454 454 454 454
82 82 82 1280 1280 1280 1280
363 363 421 222 222 518 986 518
143 314 381 314 1082 143 1082 454 1082 454 454 1082 1082 454 1082 1082 454 1082
82 82 82 1280 1280 1280 1280
363 1124 761 363 363 1124 1209 518 687
143 143 143 454 454 454 454 454
82 82 82 1280 1280 1280 1280
363 987 987 363 987 363 1146 987 987 518
222 222 222 222 363 222 222 363 363 518 712
203 203 203 680 680 680 680 680 680
82 82 82 1280 1280 1280 1280
363 685 82 82 363 1012 685 710 82 685 363 685 518 1012 685 1280 1138 1280 1280 955 1012 685 1012 685
1 1 1 1 1 987 1281 987 987 987 987
82 82 82 1280 1280 1280 1280
363 363 1 363 363 986 986 986 1 363 518 1 1263 518 518 987 987
143 1 143 363 143 986 454 454 1 986 363 1 987 363 986 454 987 634 518 454
82 82 82 1280 1280 1280 1280
82 82 82 1280 1280 1280 1280
62 62 363 62 770 770 770 770 770 770 363 770 363 770 770 770 770 773 518 770 770 770
82 82 82 1280 1280 1280 1280
329 329 329 584 584 584 584 584 584 584 584 584 584 584 584 584 584 584 584 584 584 584 584 584 584 584 584 584 584 584 584 584
82 82 82 1280 1280 1280 1280
82 82 82 1280 1280 1280 1280
222 222 987 987 987 53 986 987 987
363 86 1065 5 363 1065 5 86 5 1065 188 363 1053 1301 1053 1065 1053 1301 758 1373 1053 518 1301 1053
82 82 82 1280 1280 1280 1280
143 143 143 454 454 454 454 454
143 143 143 454 454 454 454 454
364 1 83 1 1 987 987 83 364 244 566 1286 763 1286 1286 1323
143 143 143 454 454 454 454 454
82 1 82 1 190 1280 987 987 1280 1280 987 1280
82 82 82 1280 1280 1280 1280
1077 1077 1193 1193 1077 7 1412 1077 1077 1412
82 82 82 1280 1280 1280 1280
82 82 82 1280 1280 1280 1280
1037 657 1413 4 1037 657 1 1 987 1246 1037 987 987 657
143 468 468 143 1077 1077 1077 654 143 454 468 454 468 454 924 1077 454 468 468
1 1 138 1 1 987 987 987 987 987 987
421 363 363 222 222 986 518 518
330 592 330 542 330 542 591 670 542 591 542 591 542 542 542 591 591 591 591 591 542 542 591 591 542 591 592 670 591 591 542 592 591 965 542 591 592 542 592 542 591 591 591 591 670 591 542 965 592 591 542 542 592 542 592 965 542 591 591 542
82 82 82 1280 1280 1280 1280
1 987 987 987 138 1 987 987 987 987 987
82 82 82 1280 1280 1280 1280
82 82 82 1280 1280 1280 1280
82 82 82 1280 1280 1280 1280
363 105 367 363 363 1037 1037 1037 1331 657 222 222 1037 518 986 657
6 82 1301 6 82 1301 1301 1301 1 6 1 1 82 1301 764 1065 1280 987 987 1280 1280 477
262 262 327 893 1 893 893 1 987 893 987 893 893 893 987
363 143 196 363 518 143 454 454 518 454 454 454
262 143 143 143 454 262 1 454 262 1121 363 1 987 893 893 893 363 893 893 518 518 987 893 987 454 454
82 82 82 1280 1280 1280 1280
294 581 581 598 598 598 581 581 598 294 581 598 754 294 588 661 754 581 581 531 598 531 661 531 1188 531 598 598 598 598 588 598 598 531 581 598 945 531 581 754 531 581 598 531 963 754 598 531 531 754 531 598 945 963 598 598 598 754 754 598 754 1166 754 598 598 945 598 996 531 1000 945 581 945 581 754 963 598 581 531 866 531 661 598 945 581 945 581 598 754
82 82 82 1280 1280 1280 1280
1 1 103 363 987 363 987 518 518 987
314 314 314 1082 1082 1082 1082 1082 1082 1082 1082
203 203 203 680 680 680 680 680 680
222 363 363 222 222 1286 566 1286 763 1323 222 363 1286 518 1474 566 1286 222 1286 566 986
9 328 9 1019 906 906 1101 906 906 906 906 906 906 1101
1 1 143 1 143 143 295 1 454 987 987 987 454 987 987 987 454 454
82 82 82 1280 1280 1280 1280
82 82 82 1280 1280 1280 1280
82 82 82 1280 1280 1280 1280
143 143 143 454 454 454 454 454
1077 468 654 468 654 1077 468 468 468 1077 1077 468
310 310 310 526 526 526 526 526 526 526 526 526 526 526 526 526 526 526 526 526 526 526 526 526 526 526 526 526 526 526 526
427 427 427 471 471 471 471 471 471 471 471 471 471 471 471
71 806 75 75 806 808 863 806 808 1187 808 806 806 808 806 808 1187 806 806 808 1187 806 1187 808 808 806 808 806 806 806 808 808
222 1 222 222 1 1 1458 1 987 1 987 1 987 987 987 987 987 987 987
82 82 82 363 363 1 1280 1280 363 1 518 1280 1 444 987 987
82 82 82 1280 1280 1280 1280
50 536 549 50 536 536 536 536 536 536 59 641 536 749 536 536 749 536 749 749 536 536 749 536 536 536 536 549 641 749 536 536 536 749 749 641 641 536 536 536 641 536 749
188 86 363 86 1065 363 363 1301 1065 1301 518 529 1065 1301 1065
82 82 82 1280 1280 1280 1280
82 82 82 1280 1280 1280 1280
1 1 53 987 222 987 222 986 987
203 203 203 680 680 680 680 680 680
82 82 82 1280 1280 1280 1280
363 363 363 363 363 518 870 518 518
68 68 68 1104 900 785 900 785 785 900 785 1104 900 900 785 785 785 1104 785 1104 1104 785 785
82 82 82 1280 1280 1280 1280
82 82 82 1280 1280 1280 1280
203 203 203 680 680 680 680 680 680
82 82 82 1280 1280 1280 1280
82 82 82 1280 1280 1280 1280
47 47 47 682 682 682 682 682 682 682 682 682 682 682 682 682 682
82 82 82 1280 1280 1280 1280
1 1 103 363 987 363 987 518 518 987
147 147 1077 1077 236 468 468 468 654 1077 1077 468
7 82 7 187 82 887 1125 1077 1125 82 1125 1266 1280 681 1280 887 1077 1280
363 893 363 893 893 893 363 893 893 893 518 923 893 893
1 987 1 1 987 987 987 987 987 1281 987
1 987 1 987 987 987 1 987 1281 987 987
47 47 47 682 682 682 682 682 682 682 682 682 682 682 682 682 682
164 82 363 82 363 1280 1280 1280 1280 518 518
329 329 329 584 584 584 584 584 584 584 584 584 584 584 584 584 584 584 584 584 584 584 584 584 584 584 584 584 584 584 584 584
47 47 47 682 682 682 682 682 682 682 682 682 682 682 682 682 682
1 1 1 518 518 987 518 1146 518 987
82 82 82 1280 1280 1280 1280
82 82 82 1280 1280 1280 1280
82 82 82 1280 1280 1280 1280
1 1 1 987 363 363 1146 987 518 518
1 1 526 526 526 526 526 526 526 526 1 526 526 987 987 987 526 526 526 987 526 526 987 526 987 526 526 526 533 526 526 987 526 526 526 987 526 526 526 526 987 526 987 987 987 526
262 262 262 1082 1082 1082 893 893 1082 893 1082 1082 893 1289 1082 893 1082 893 1082 1082
139 5 5 1053 1053 1373 1053 1053 1053 1053
82 82 82 1280 1280 1280 1280
82 82 82 1280 1280 1280 1280
1 82 1 82 1 82 1280 1 1 1 523 987 987 1280 1280 987 987
31 2 2 1012 1012 1012 1 1 1102 1012 1472 987 987 987 1012 1012
222 203 338 222 363 986 203 82 82 363 680 680 1280 680 1280 680 1280 518 680 518 1280 680
1 138 1 1 1 987 987 987 987 987 987
82 82 82 1280 1280 1280 1280
222 1 1 53 222 987 986 987 987
82 82 1280 82 1280 1280 1280 522 1280 1280 1280 1280 1280
1 395 363 363 108 688 363 566 566 311 1 1301 1301 688 1301 1436 987 987 1301 987 518 688 566
82 363 82 363 363 82 1350 1280 1280 1280 518
2 1329 83 143 83 2 1286 2 1012 143 1111 1286 143 454 454 1286 454 454 769
456 495 1286 1286 1342 704 1286 456 456 1286 456 456 1286 456
203 203 203 680 680 680 680 680 680
82 82 82 1280 1280 1280 1280
82 82 82 1280 1280 1280 1280
293 574 574 293 298 574 574 515 936 936 574 574 515 515 515 574 574 515 574 936 515 574 936 515 574 936 574 515 936 574 574 574 515 574 544 574 515 620 936 515 574 936 515 574 936 936 515 515 574 515 544
143 143 143 454 454 454 454 454
82 82 82 1280 1280 1280 1280
1 299 1 144 987 2 144 987 987 456 2 1126 1012 494 456 456 1012 456
363 987 987 363 987 363 987 518 1146 987
143 143 143 454 454 454 454 454
365 422 365 600 1276 793 1276
363 363 1139 1 363 1 1026 363 363 1 987 1 728 1334 1026 518 987 987 987 987 1026 987 1 987 987 987 518 1334 987 987 518 987 987 1026 987 987
292 292 292 472 472 472 472 472 472 472 472 472 472 472 472 472 472 472 472 472 472 472 472 472 472 472 472 472 472 472
62 62 62 770 770 770 770 770 770 770 770 770 770 770 770 770 770 770
47 47 47 682 682 682 682 682 682 682 682 682 682 682 682 682 682
1 143 143 143 295 1 454 1 1 454 987 987 987 454 987 987 454 987
164 363 82 82 1280 363 1280 518 518 1280 1280
363 471 82 471 363 471 471 471 82 471 471 363 471 82 471 504 471 363 471 1280 471 363 518 471 1280 518 1280 471 518
1 1280 1280 1280 1 190 1280 1280 1280 987 987 987
82 82 82 1280 1280 1280 1280
82 82 82 1280 1280 1280 1280
82 82 82 1280 1280 1280 1280
2 986 1 363 363 31 363 363 2 1 363 1102 1012 1012 1012 363 518 1012 548 987 987 986 1012 987 986 518 1012
1 53 222 222 986 1 987 987 987
262 262 262 893 893 893 893 893 893 893
82 82 82 1280 1280 1280 1280
262 262 262 893 893 893 893 893 893 893
174 32 1026 1026 3 1026 1126 32 1126 1026 1026
82 82 82 1280 1280 1280 1280
164 363 82 82 363 1280 518 1280 518 1280 1280
222 363 363 421 518 222 518 986
83 1 83 83 564 1111 1 1286 1286 2 1329 1012 1012 987 987 987 1012
82 82 82 1280 1280 1280 1280
203 203 203 680 680 680 680 680 680
82 82 82 1280 1280 1280 1280
82 82 82 1280 1280 1280 1280
1 223 0 985 223 1 1 987 1079 987 1277
82 82 82 1280 1280 1280 1280
82 82 82 1280 1280 1280 1280
164 82 82 363 363 1280 1280 518 1280 1280 518
143 143 986 143 454 454 986 464 986 454 454
203 203 203 680 680 680 680 680 680
82 82 82 1280 1280 1280 1280
193 1 1 363 363 1 987 1 987 518 987 987 987 987 518
292 292 292 472 472 472 472 472 472 472 472 472 472 472 472 472 472 472 472 472 472 472 472 472 472 472 472 472 472 472
143 143 143 454 454 454 454 454
82 82 82 1280 1280 1280 1280
1012 685 685 685 784 710 2 685 1138 685 1012 1012 685 685
143 143 143 454 454 454 454 454
82 82 82 1280 1280 1280 1280
147 1077 1077 147 147 654 468 468 1077 468 1077 654
82 82 82 1280 1280 1280 1280
173 1 363 1 987 363 363 518 987 363 518 518 987 518
222 376 222 222 222 986 986
363 1 1 986 1 986 987 986 363 363 1176 987 518
31 1012 2 1102 1012 2 1012 1324 1012 1012 1012
143 143 143 454 454 454 454 454
82 82 82 1280 1280 1280 1280
147 1077 1077 147 147 654 468 468 1077 468 1077 654
1 987 987 1 1 987 987 987 1281 987 987
82 82 82 1280 1280 1280 1280
143 143 143 454 454 454 454 454
363 363 222 1 363 241 363 363 518 1 518 363 987 518 518 987 222 987 518 518 986
82 82 82 1280 1280 1280 1280
82 82 82 1280 1280 1280 1280
82 82 82 1280 1280 1280 1280
363 987 363 987 987 103 518 518 987 987
82 82 82 1280 1280 1280 1280
1 1280 1280 1280 1280 1 1 1448 987 1280 987 1280
1 1 1276 793 600 1 987 600 1222 1276 600 987
143 143 986 143 454 464 986 454 986 454 454
14 183 14 1179 818 1364 1364 1364 1398 660 1398 1398 1364 818
82 82 82 1280 1280 1280 1280
82 82 82 1280 1280 1280 1280
143 143 143 454 454 454 454 454
292 292 292 472 472 472 472 472 472 472 472 472 472 472 472 472 472 472 472 472 472 472 472 472 472 472 472 472 472 472
82 82 82 1280 1280 1280 1280
203 203 203 680 680 680 680 680 680
82 82 82 1280 1280 1280 1280
1 1 1 1 1 987 987 1281 987 987 987
143 143 143 454 454 454 454 454
82 82 229 1280 82 82 1280 1280 1280 1280 1280 1280 1280
82 82 82 1280 1280 1280 1280
143 143 143 454 454 454 454 454
427 427 427 471 471 471 471 471 471 471 471 471 471 471 471
82 82 82 1280 1280 1280 1280
143 143 143 454 454 454 454 454
82 82 82 1280 1280 1280 1280
314 314 314 1082 1082 1082 1082 1082 1082 1082 1082
222 222 1301 1301 1065 1301 1065 222 487 1301 1065 477 1065 1301
82 82 82 1280 1280 1280 1280
82 82 82 1280 1280 1280 1280
366 631 366 40 631 1038 631 631
262 262 262 893 893 893 893 893 893 893
82 82 82 1280 1280 1280 1280
1 1 454 1 454 987 454 454 454 987 587 454 454
293 574 574 293 298 574 574 515 936 936 574 574 515 515 515 574 574 515 574 936 515 574 936 515 574 936 574 515 936 574 574 574 515 574 544 574 515 620 936 515 574 936 515 574 936 936 515 515 574 515 544
1 987 987 987 1 1 987 987 1281 987 987
62 62 62 770 770 770 770 770 770 770 770 770 770 770 770 770 770 770
363 222 222 421 986 363 518 518
143 143 143 454 454 454 454 454
82 82 82 1280 1280 1280 1280
197 197 369 713 146 462 462 462 462 713 462
262 262 262 893 893 893 893 893 893 893
82 82 82 1280 1280 1280 1280
143 143 143 454 454 454 454 454
1 1 1 193 363 363 987 518 987 1 518 987 987 987 987
6 6 1301 6 1301 1301 1301 477 1065 1301 477
103 1 1 363 987 987 363 518 518 987
82 82 82 1280 1280 1280 1280
82 82 82 1280 1280 1280 1280
143 143 143 143 796 454 143 454 454 454 454 454 454 454 454
363 363 1 1 363 1146 987 987 518 987
363 363 363 712 986 986 986 986 518 986 986
82 82 82 1280 1280 1350 363 363 1280 518 518
143 143 143 454 454 454 454 454
82 82 82 1280 1280 1280 1280
164 363 82 82 1280 363 1280 1280 518 518 1280
143 143 143 454 454 454 454 454
363 363 39 363 363 518 518 518 518
1 363 363 1 103 518 987 518 987 987
82 82 82 1280 1280 1280 1280
82 82 82 1280 1280 1280 1280
262 262 262 893 893 893 893 893 893 893
427 427 427 471 471 471 471 471 471 471 471 471 471 471 471
262 262 262 893 893 893 893 893 893 893
82 82 82 1280 1280 1280 1280
6 1 459 364 1065 494 1 459 1065 6 6 1 364 1447 459 521 1065 364 1065 791 1065 459 987 987 884 459
82 82 82 1280 1280 1280 1280
62 62 62 770 770 770 770 770 770 770 770 770 770 770 770 770 770 770
365 363 363 422 365 222 1276 363 518 600 222 222 1080 1276
1 222 1 1 82 82 1 222 82 1 222 597 987 363 987 987 222 1280 222 1280 363 987 518 1280 987 986 518
363 1 1 363 363 363 1 363 363 1247 518 987 518 987
143 143 143 454 454 454 454 454
143 143 143 454 454 454 454 454
53 1 1 987 222 222 986 987 987
143 143 143 454 454 454 454 454
203 203 203 680 680 680 680 680 680
82 82 82 1280 1280 1280 1280
1 1 222 222 222 1 1039 987 987
82 82 82 1280 1280 1280 1280
143 143 143 454 454 454 454 454
143 143 143 454 454 454 454 454
69 532 69 532 359 532 532 786 532 532 554 958 543 532 831 786 786 532 786 831 532 532 786 831 532 532 532 532 639 543 532 786 532 532 532 543 786 543 532 786 532 532 543 831 786 532 532
82 82 82 1280 1280 1280 1280
203 203 203 680 680 680 680 680 680
82 82 82 1280 1280 1280 1280
82 82 82 1280 1280 1280 1280
1 1 1 987 988 134 134 987
62 62 62 770 770 770 770 770 770 770 770 770 770 770 770 770 770 770
82 82 82 1280 1280 1280 1280
62 62 62 770 770 770 770 770 770 770 770 770 770 770 770 770 770 770
4 4 4 657 657 1246 1037 1246 657
347 347 347 1201 1201 1201 1201 1201 1201 1201 1201 1201
82 1280 1280 1280 1280 82 82 1280 1280 522 1280 1280 1280
1 363 1 280 41 1 374 1 1112 363 871 518 987 987 871 518 987 987 987 987 1112
272 516 575 272 575 516 545 575 575 516 937 937 575 575 516 516 516 575 575 272 516 993 575 937 516 993 993 575 937 516 575 993 946 575 516 946 575 575 575 516 575 545 575 516 621 937 516 575 937 516 575 937 937 516 516 575 516 545 993
143 143 143 454 454 454 454 454
427 427 427 471 471 471 471 471 471 471 471 471 471 471 471
1 363 1 1 1146 987 987 363 518 518
82 82 82 1280 1280 1280 1280
82 82 82 1280 1280 1280 1280
46 367 13 367 1210 1154 326 827 1154 1184 1251 657 1184 1154 1154 1154 1439 1184 1342 1210
262 327 1 1 262 987 987 893 893 893 893 893 893 987 893
203 203 203 680 680 680 680 680 680
138 1 1 1 1 987 987 987 987 987 987
82 82 82 1280 1280 1280 1280
347 347 347 1201 1201 1201 1201 1201 1201 1201 1201 1201
427 427 427 471 471 471 471 471 471 471 471 471 471 471 471
292 292 292 472 472 472 472 472 472 472 472 472 472 472 472 472 472 472 472 472 472 472 472 472 472 472 472 472 472 472
262 262 262 893 893 893 893 893 893 893
103 1 1 363 363 987 987 518 518 987
82 986 82 82 1294 986 1280 1280 986 1280
1 82 1 1 1 523 1 82 987 1280 987 987 1280 987 1280 987 1280
429 474 429 474 429 541 474 484 474 474 474 474 484 474 474 484 474 484 474 484 474 484 474 474 484 474 484 484 474 474 474 474 474 474 474 541 474 474 474 474 484 474 474
363 222 421 363 222 986 518 518
82 82 82 1280 1280 1280 1280
143 143 143 501 363 363 518 518 454 454 454 454
222 426 222 222 986 222 986 986 986 986
82 82 82 1280 1280 1280 1280
82 82 82 1280 1280 1280 1280
1 1 1 518 987 518 518 987 1146 518
143 143 143 454 454 454 454 454
82 82 82 1280 1280 1280 1280
1 138 1 1 987 1 987 987 987 987 987
363 1280 987 987 363 1280 1280 363 987 518 518 1280 987 518 987 987 518 987 987 987 518 518 987 987 987 987 518 1280 518 1280 518 987 987 730
1 986 1 986 53 987 987 987 986
103 363 1 1 987 987 987 363 518 518
143 143 143 454 454 454 454 454
293 574 574 293 298 574 574 515 936 936 574 574 515 515 515 574 574 515 574 936 515 574 936 515 574 936 574 515 936 574 574 574 515 574 544 574 515 620 936 515 574 936 515 574 936 936 515 515 574 515 544
363 82 363 164 82 518 1280 518 1280 1280 1280
82 82 82 1280 1280 1280 1280
363 363 518 363 518 518 518 518 870
329 329 329 584 584 584 584 584 584 584 584 584 584 584 584 584 584 584 584 584 584 584 584 584 584 584 584 584 584 584 584 584
1 1 1 1448 987 82 82 1280 1280 987 1280 1280
10 131 10 1110 1110 1110 1385 1385 1110
82 82 82 1280 1280 1280 1280
203 203 203 680 680 680 680 680 680
82 82 82 1280 1280 1280 1280
6 6 45 1065 713 1287 1287 713 953
82 82 82 1280 1280 1280 1280
363 1 363 219 1 1 987 1 987 987 987 987 987 222 222 986 518 518
82 82 82 1280 1280 1280 1280
203 203 203 680 680 680 680 680 680
82 82 82 1280 1280 1280 1280
143 143 143 454 454 454 454 454
47 47 47 682 682 682 682 682 682 682 682 682 682 682 682 682 682
363 103 1 1 363 987 987 518 987 518
324 4 203 365 43 1145 203 680 680 365 680 991 1037 680 600 680 1037 680
5 139 5 1053 1053 1373 1053 1053 1053 1053
64 692 427 101 692 692 64 742 1225 742 692 427 774 471 774 471 774 471 471 774 471 692 774 692 471 774 774 471 885 471 471 471 774 774 692 692 774 692 471 692 742 742 471 742 774 774 774 692
364 364 357 315 1098 1083 363 1083 566 872 1083 363 518 518 1083 1083 1083 1083 1083
62 62 62 770 770 770 770 770 770 770 770 770 770 770 770 770 770 770
203 203 203 680 680 680 680 680 680
1 1 1 987 987 987 987 987 987 987 1281
293 574 574 293 298 574 574 515 936 574 574 574 515 515 515 574 574 515 574 936 515 574 936 515 574 936 574 515 936 574 574 936 515 574 544 574 515 620 936 515 574 936 515 574 936 936 515 515 574 515 544
1 987 987 987 987 138 1 987 987 987 987
1 518 1 1 518 987 518 1146 518 987
82 82 82 1280 1280 1280 1280
9 906 9 328 1019 906 1101 906 906 906 906 906 906 1101
82 82 2 82 2 662 83 83 1280 1280 1286 1280 222 222 986 1286 1111 1012 1329 1012 1286
41 374 871 41 871 1112 1112
1 340 206 1318 206 921 1318 1 987 987 697 697 1318 987 1318 697 697 1318 697
203 203 1 203 757 1 680 987 680 987 680 680 680 987
82 82 82 1280 1280 1280 1280
62 62 62 363 770 363 770 363 770 770 770 770 770 770 770 518 770 770 770 770 773 770
1 190 1 82 82 1280 987 1280 987 1280 987 1280
222 2 1 1 566 1 2 30 1 1 739 1 1012 364 987 987 222 987 566 289 987 1012 986
143 143 143 454 454 454 454 454
28 369 28 713 1027 713 713
207 207 363 207 813 698 698 363 990 990 518 768 698 518 768
688 1293 1430 1293 1293 1430 688 1293 688 1293
62 62 62 770 770 770 770 770 770 770 770 770 770 770 770 770 770 770
82 82 82 1280 1280 1280 1280
82 1 1 190 82 987 1280 987 1280 987 1280 1280
1 103 363 1 363 518 518 987 987 987
82 82 82 1280 1280 1280 1280
82 82 82 1280 1280 1280 1280
82 82 82 1280 1280 1280 1280
222 987 987 222 987 222 987 1039 987
329 329 329 584 584 584 584 584 584 584 584 584 584 584 584 584 584 584 584 584 584 584 584 584 584 584 584 584 584 584 584 584
203 203 203 680 680 680 680 680 680
82 363 363 82 82 1350 518 1280 518 1280 1280
363 363 363 363 222 363 363 518 222 940 986 518
1 1 454 454 1 987 987 454 587 454 454 454 454
1 1 138 1 987 987 987 1 987 987 987
657 1037 1246 1246 1037 1037 1037 657 657
262 262 262 893 893 893 893 893 893 893
82 190 1 1 987 82 1280 987 1280 987 1280 1280
143 143 143 454 454 454 454 454
1037 1402 469 84 1290 1290 1290 1163 1290 1037 1037 1163
31 350 1337 350 399 1012 1213 1213 1337 2 1385 1110 987 2 987 1213 1337 1213 1386 1110 987 1385 1213 1213 987 1102 1012 1110 1110 1213 1110 1012 1012 1213 987 1012 1110 1337 1012 1337
82 82 82 1280 1280 1280 1280
1 1 363 1 987 363 987 1146 518 518
363 1280 1280 1280 363 363 518 1280 1280 1350 1280
82 82 82 1280 1280 1280 1280
1 1 1 138 987 1 987 987 987 987 987
222 222 363 421 363 986 518 518
82 82 82 1280 1280 1280 1280
146 1 1 1 146 1 1 1 987 88 1 1 1 1 1411 1 987 146 987 1 987 1411 1308 645 987 462 1411 1031 987 987 1308 987 462 462
65 65 527 550 82 65 527 527 527 622 82 777 527 527 839 777 777 527 527 777 777 527 1280 777 777 527 527 777 839 777 1280 527 527 527 550 527 1280 777 527 527 527 527 527 1280 527 527 527 839 527 527 527 527 839 527
10 131 1 10 1110 1110 1110 1385 1 1 987 1110 987 465
1 987 987 1 1 987 987 987 987 987 1281
329 329 329 584 584 584 584 584 584 584 584 584 584 584 584 584 584 584 584 584 584 584 584 584 584 584 584 584 584 584 584 584
82 82 82 1280 1280 1280 1280
363 363 1 1 363 1146 987 518 987 987
82 82 82 1280 1280 1280 1280
82 82 82 1280 1280 1280 1280
143 143 143 454 454 454 454 454
82 454 454 454 82 82 1280 454 672 454 1280 454 454 1280
72 702 72 115 1440 1205 858 1440 1205 1060 858 458 1332 604 1205 1390 602 1390 440 1205 899 1390 899 1332 1205 667 1440 858 1390 929 899 1062 890 1332
366 203 366 203 42 203 762 631 1102 680 871 762 680 680 1272 883 680 1138 680 843
314 314 314 1082 1082 1082 1082 1082 1082 1082 1082
404 404 404 1420 1420 1420 1420 1420 1420 1420 1420 1420 1420 1420
314 314 314 1082 1082 1082 1082 1082 1082 1082 1082
314 314 222 314 222 1082 1082 1082 1082 1082 1082 1082 1085 986
347 347 347 1201 1201 1201 1201 1201 1201 1201 1201 1201
262 262 262 893 893 893 893 893 893 893
143 143 143 454 454 454 454 454
74 11 74 1228 1228 1228 1125
203 203 203 680 680 680 680 680 680
314 314 314 1082 1082 1082 1082 1082 1082 1082 1082
47 47 47 682 682 682 682 682 682 682 682 682 682 682 682 682 682
143 143 143 454 454 454 454 454
247 379 379 969 969 969 907 969 801 1047 1047 1242 1242 801 801
143 143 143 454 454 454 454 454
116 116 116 970 970 970 970 970 970 970 970 970 970 970 970 970 970 970 970 970
143 143 143 454 454 454 454 454
143 143 143 454 454 454 454 454
314 314 314 1082 1082 1082 1082 1082 1082 1082 1082
363 1 1 103 363 987 518 518 987 987
118 118 126 553 1011 1135 616 1135 1011 1011 1135 1011 1011 1135 1135 1011 553 1011 1135 1011 1135 1135 553 1135 553
82 82 82 1280 1280 1280 1280
82 82 82 1280 1280 1280 1280
203 203 203 680 680 680 680 680 680
39 363 363 363 363 518 518 518 518
203 203 203 680 680 680 680 680 680
143 143 143 454 454 454 454 454
82 82 82 1280 1280 1280 1280
82 82 82 1280 1280 1280 1280
82 82 82 1280 1280 1280 1280
211 257 257 865 751 865 865 865 865 865
262 262 262 893 893 893 893 893 893 893
203 203 203 680 680 680 680 680 680
143 143 143 454 454 454 454 454
314 314 314 1082 1082 1082 1082 1082 1082 1082 1082
70 195 111 1164 711 583 789 789 848 628 711 789 711 848 787 942 787 789 789 789 1239 789 711 628 628 628 789 789 833 789 942 628 711 959 711 711 833 862 942 979 862 789 789
121 121 917 1451 181 917 590 745 630 1051 1253 1198 745 1161 745 1253 917 1198 788 1451 1051 1051 896 1451 1051 995 1218 812 590 449 745 1297 1297 1380 745 1161 1051 917 1250 745 1364 452 745 1297 1161 1364 1161 590 1049 1403 812 1161 917 838
363 1130 222 1226 1130 891 363 1226 222 1130 1226 1226 363 1226 222 518 891 1226 1240 1130
82 82 82 1280 1280 1280 1280
203 203 203 680 680 680 680 680 680
400 319 319 1100 1100 743 743 743 1100 743 743 1100 1292 743 1100 1292 1100
98 98 98 882 882 882 882 882 882 882 882 882 882 882 882 882 882 882 882
347 347 347 1201 1201 1201 1201 1201 1201 1201 1201 1201
82 82 82 1280 1280 1280 1280
264 264 762 762 304 901 901 964 901 762 901 901 901
82 82 82 1280 1280 1280 1280
119 119 857 142 857 1022 911 857 1022 911 857 857 1022 1022 1022 911 1269 1269 1269 1269 1022 1022 857 1022 1269 1269 1022 1022 911 1269 857
143 143 143 454 454 454 454 454
82 82 82 1280 1280 1280 1280
132 132 92 1423 1423 1210 1423 1337
871 1077 1174 1174 1077 1174 1174
203 203 203 680 680 680 680 680 680
82 82 82 1280 1280 1280 1280
143 143 143 454 454 454 454 454
143 454 454 454 143 301 454 454 454 454 454 454 454 454 454
230 230 156 547 97 706 547 706 706 1446
143 143 143 454 454 454 454 454
314 82 82 82 314 314 1280 1082 1082 1082 1149 1280 1082 1082 1082 1280 1082
203 203 203 680 680 680 680 680 680
1168 1400 1196 1196 439 905 1156 439 1196 1414 931 486 1303 1238 439 1168 676 439 1196 1196 439 1168 850 1168 1230 1168 1400 486 439 1230 439 1303 926 1196 931
143 363 143 363 143 454 454 363 454 501 518 454
203 203 203 680 680 680 680 680 680
124 222 82 222 82 1280 1280 1280 986 1280
143 143 143 454 454 454 454 454
1 203 143 203 203 143 680 680 1 143 454 680 360 454 680 454 987 987 454 680 987
203 203 203 680 680 680 680 680 680
47 47 47 682 682 682 682 682 682 682 682 682 682 682 682 682 682
264 264 762 762 304 901 901 964 901 762 901 901 901
82 82 82 1280 1280 1280 1280
347 347 347 1201 1201 1201 1201 1201 1201 1201 1201 1201
82 82 82 1280 1280 1280 1280 1280 1280 1280 1280 1280 522
113 363 12 179 363 1330 1143 1143 1330 518 1143 518
348 348 34 1234 349 1206 1234 1204 1204 1206 1204 1206 1206 1206 1204 1206 1206 1204 1249 1206 1204 1204 1204
1 82 82 190 1280 1 1280 987 1280 987 987 1280
143 143 143 454 454 454 454 454
89 89 308 1318 697 697 697 697 1318 921 697 697 1318 697
342 212 212 755 755 755 755 1136 1136 755 1136 755 755 755
152 378 378 1001 930 513 930 930 810 513 930 513 930 1001 513 1001
1042 906 906 906 1285 1048 906 267 918 906 906 918 918 918 906 1270 906 1270 918 918 1042
82 82 82 1280 1280 1280 1280
143 143 143 454 454 454 454 454
222 1398 1092 922 341 222 922 1398 1398 922 922 922 986 1092 1398 922 922
143 143 143 454 454 454 454 454
143 143 143 454 454 454 454 454
278 170 170 705 705 1348 535 705 1348 1348 894 705 1009 705 705
203 203 203 680 680 680 680 680 680
203 203 203 680 680 680 680 680 680
613 755 1008 755 755 161 1008 1008 1008 613 1008 755
363 363 222 363 518 632 222 986
203 203 203 680 680 680 680 680 680
88 88 1184 1184 88 655 1184 1184 1362 1308 1308 655 1362
203 203 203 680 680 680 680 680 680
404 404 404 1420 1420 1420 1420 1420 1420 1420 1420 1420 1420 1420
143 143 143 454 454 454 454 454
143 456 456 143 143 499 456 454 499 456 456 456 454 456 456 456 456 1035 454 456 454 456
1 1 178 54 987 54 1077 1174 871 987 1077 987
148 148 1308 1308 148 748 748 1308 1308 476 476 476 1308
222 1280 1280 1280 1280 222 222 1280 1294 1280
82 82 82 1280 1280 1280 1280
203 1 1 1 987 281 203 680 680 680 680 680 680 987
82 82 82 82 229 1280 1280 1280 1280 1280 1280 1280 1280
143 143 143 454 454 454 454 454
262 262 262 893 893 893 893 893 893 893
314 314 314 1082 1082 1082 1082 1082 1082 1082 1082
1077 871 1174 1174 1174 1077 1174
82 82 82 1280 1280 1280 1280
155 143 155 143 344 756 1410 1410 454 454 756 454 454 454 534 1410 756 534
116 116 116 970 970 970 970 970 970 970 970 970 970 970 970 970 970 970 970 970
203 203 203 680 680 680 680 680 680
47 47 47 682 682 682 682 682 682 682 682 682 682 682 682 682 682
82 82 1478 124 1280 1280 222 1280 222 1280 986
47 47 47 682 682 682 682 682 682 682 682 682 682 682 682 682 682
203 203 203 680 680 680 680 680 680
203 203 203 680 680 680 680 680 680
82 82 987 987 987 82 987 1280 1448 1280 1280 987
82 82 82 1280 1280 1280 1280
82 82 82 1280 1280 1280 1280
82 82 82 1280 1280 1280 1280
203 203 203 680 680 680 680 680 680
404 404 404 1420 1420 1420 1420 1420 1420 1420 1420 1420 1420 1420
82 82 82 1280 1280 1280 1280
98 98 98 882 882 882 882 882 882 882 882 882 882 882 882 882 882 882 882
82 82 82 1280 1280 1280 1280
369 28 369 713 713 1027 1027
203 203 203 680 680 680 680 680 680
82 82 82 1280 1280 1280 1280
262 262 262 893 893 893 893 893 893 893
202 151 202 498 1243 652 498 1243 652 498
203 203 203 680 680 680 680 680 680
116 116 116 970 970 970 970 970 970 970 970 970 970 970 970 970 970 970 970 970
82 82 82 1280 1280 1280 1280
347 347 347 1201 1201 1201 1201 1201 1201 1201 1201 1201
143 143 143 454 454 454 454 454
203 203 203 680 680 680 680 680 680
203 203 203 680 680 680 680 680 680
88 476 88 260 476 476 476 476 1308 1308 748 476 1308
363 363 680 680 680 363 222 724 680 680 680 680 680 222 518 986
354 316 3 316 3 1084 1026 1026 1305 1084 1084 1084 1084 1084 1105 1105
143 143 143 454 454 454 454 454
383 418 383 1452 1452 1452 1452 1358 1358 1452 1452 1452 1215 1452 1215
82 222 124 82 1280 222 1280 986 1280 1280
203 203 203 680 680 680 680 680 680
145 145 1106 316 389 1084 1084 459 1084 459 610 1084 1084 459 1084 1084 459 1106
800 1197 765 765 258 932 932 765 1158 1197 932 1197 765 932 765
98 98 98 882 882 882 882 882 882 882 882 882 882 882 882 882 882 882 882
82 82 259 143 143 454 454 454 1280 1280 454 1280 1280 454
143 82 143 143 397 143 222 82 454 1 454 454 1280 454 454 1280 454 1 454 454 987 1280 454 1280 454 987 222 987 986
23 192 78 538 718 1108 1108 1453 451 1453 1108 1108 1108 800 1453 538 878 1264 718 451 1467 650 538 1108 1108 1108 1453
404 404 404 1420 1420 1420 1420 1420 1420 1420 1420 1420 1420 1420
143 143 143 454 454 454 454 454
1 222 222 222 53 1 987 987 987
82 82 82 1280 1280 1280 1280
143 143 143 454 454 454 454 454
82 82 82 1280 1280 1280 1280
314 314 314 1082 1082 1082 1082 1082 1082 1082 1082
82 82 82 1280 1280 1280 1280
143 143 143 454 454 454 454 454
143 143 143 454 454 454 454 454
143 143 143 454 454 454 454 454
116 116 116 970 970 970 970 970 970 970 970 970 970 970 970 970 970 970 970 970
143 143 143 454 454 454 454 454
82 82 82 1280 1280 1280 1280
363 1280 1280 363 1280 1280 363 1350 1280 518 1280
82 363 82 1 82 363 1 1 363 1280 1280 1280 518 987 987 444
116 116 116 970 970 970 970 970 970 970 970 970 970 970 970 970 970 970 970 970
153 520 520 153 296 520 520 520 916 520 916 520 520
203 203 203 680 680 680 680 680 680
206 206 1318 1318 206 1318 697 697 921 921 697 1318 1318 697
363 253 203 203 363 680 680 680 680 518 680 518 680
276 199 199 1101 1401 1101 1401 1101 1401 776 1401 1101 1401 1401
82 82 82 1280 1280 1280 1280
143 143 143 454 454 454 454 454
203 203 203 680 680 680 680 680 680
262 262 262 893 893 893 893 893 893 893
1 138 1 1 987 987 1 987 987 987 987
203 203 203 680 680 680 680 680 680
117 1252 117 117 1077 971 971 822 971 971 971 971 1147 971 971 1077 1252 984 971 1077 971 971 971 971 975 971 971
262 262 262 893 893 893 893 893 893 893
206 206 309 697 1065 1341 1017 1065 697 1341 697 1341 1341 1065 697 697 1065 500
98 98 98 882 882 882 882 882 882 882 882 882 882 882 882 882 882 882 882
222 222 222 222 222 1278 986
48 48 1 1451 60 143 143 454 686 1 686 1 966 686 498 454 966 1451 498 686 143 686 1451 498 454 861 987 686 734 498 454 498 686 734 454 987 686 1250 454 1364 938 686 454 454 1364 454 686 454 686 454
82 82 82 1280 1280 1280 1280
239 256 16 205 1347 624 555 1304 624 1199 555 783
347 347 347 1201 1201 1201 1201 1201 1201 1201 1201 1201
82 82 82 1280 1280 1280 1280
262 262 262 893 893 893 893 893 893 893
143 143 143 454 454 454 454 454
62 62 62 770 770 770 770 770 770 770 770 770 770 770 770 770 770 770
203 203 203 680 680 680 680 680 680
203 203 203 680 680 680 680 680 680
47 47 47 682 682 682 682 682 682 682 682 682 682 682 682 682 682
262 262 262 893 893 893 893 893 893 893
262 262 262 893 893 893 893 893 893 893
82 82 82 1280 1280 1280 1280
265 265 265 906 1019 1019 906 1101 906 1101 906 1101 906 1101
143 143 143 454 454 454 454 454
234 143 143 454 454 1 454 1 454 987 454 987 987
82 82 82 1280 1280 1280 1280
203 203 203 680 680 680 680 680 680
47 47 47 682 682 682 682 682 682 682 682 682 682 682 682 682 682
363 454 363 454 454 454 196 454 518 518 454 454
82 82 82 1280 1280 1280 1280
203 203 203 680 680 680 680 680 680
94 94 498 94 772 772 498 772 498 498 498 1364
363 143 143 363 222 229 454 222 518 518 454 454 986 454 454
158 918 918 251 918 390 570 570 1453 918 775 918 918 1453 1453 570 1231 918 918
67 216 99 701 782 782 461 781 779 222 701 782 701 781 737 782 782 782 1159 782 461 701 725 222 782 782 766 782 701 701 834 820 766 461 701 980 725 782 986 782
363 1280 1280 363 1280 1280 1280 363 1350 1280 518
203 203 203 680 680 680 680 680 680
143 143 143 454 454 454 454 454
143 143 143 454 454 454 454 454
203 203 203 680 680 680 680 680 680
82 82 82 1280 1280 1280 1280
143 143 143 454 454 454 454 454
262 262 262 893 893 893 893 893 893 893
347 347 347 1201 1201 1201 363 1201 363 1201 1201 1201 363 518 1201 1217
143 1 143 143 454 1 587 987 987 454 454 454 987
82 82 82 1280 1280 1280 1280
203 203 203 680 680 680 680 680 680
262 262 262 893 893 893 893 893 893 893
203 203 203 680 680 680 680 680 680
1295 1315 1096 935 1241 849 935 649 1133 1014 640 1224 617 974 1295 1014 1295 649 1224 935 849 1374 1006 635 1392 974 1315 530 1014 1374 1295 1096 586 1320 1058 1392 586 974 649 586 974 849 586 1096 1014 1320 510 559 974 1229 1014 935 684 974 1014 1096 1415 1014 1374 586 1320 1392 1014 974 1186 877 1171 1203 1477 974 1107 1025 1477 1295 1030 1096 974 974
1137 1306 967 1306 695 1306 1211 1211 1306 363 1 1 568 1137 987 363 518 518 1306 987 987
82 82 82 1280 1280 1280 1280
203 143 26 80 363 222 363 1280 18 222 157 1364 363 414 518 143 817 680 1280 817 561 517 1364 454 1364 822 363 1102 914 1364 822 518 1280 454 1280 1280 454 517 986 518 454 1243 454 1280 680 518
82 82 82 1280 1280 1280 1280
363 363 363 363 363 363 363 363 1080 518 518 518 518
314 697 363 697 1318 697 363 314 921 697 314 363 1298 1082 697 1318 697 1318 1082 1082 697 518 1318 1082 1082 1318 1082 1082
143 143 143 454 454 454 454 454
305 160 305 1383 603 1383 1383 978 603 1383 1383 1383 603 978
82 82 82 1280 1280 1280 1280
314 314 314 1082 1082 1082 1082 1082 1082 1082 1082
404 404 404 1420 1420 1420 1420 1420 1420 1420 1420 1420 1420 1420
143 143 143 454 454 454 454 454
347 363 347 347 363 1201 1201 1201 363 1201 1201 1201 1217 1201 1201 518
2 2 163 1102 1102 1012 2 1012 1012 1012 1012
143 143 143 454 454 454 454 454
304 264 264 901 901 901 762 901 964 901 762 762 901
203 203 203 363 717 680 680 363 680 680 518 680 518
262 262 262 893 893 893 893 893 893 893
82 82 82 1280 1280 1280 1280
143 143 143 454 454 454 454 454
82 363 82 82 363 1280 1280 1350 518 518 1280
116 116 116 970 970 970 970 970 970 970 970 970 970 970 970 970 970 970 970 970
82 82 82 1280 1280 1280 1280
62 62 62 770 770 770 770 770 770 770 770 770 770 770 770 770 770 770
232 120 120 1032 952 1291 1291 1291 1032 1291 952 952 1032 1032 1291 952 952 952 1032 1032 1032 1291 952 1032 1291 1059 952 992 1032 952 952
314 314 314 1082 1082 1082 1082 1082 1082 1082 1082
1395 811 436 811 811 586 811 811 436 586 586
203 203 203 680 680 680 680 680 680
143 1 143 1 1 143 987 454 454 454 987 587 454
53 1 222 1 222 987 987 986 987
143 143 143 454 454 454 454 454
82 82 82 1280 1280 1280 1280
276 199 199 1101 1401 1101 1401 1101 1401 776 1401 1101 1401 1401
233 122 127 606 1056 962 962 664 1376 1300 1056 1376 962 606 1376 1056 1056 1376 962 1056 606 962 1056 1160 1056 1376 962 1160 1376 1181 962 1016 606 962 962 962
82 82 82 1280 1280 1280 1280
314 314 314 1082 1082 1082 1082 1082 1082 1082 1082
82 82 82 1280 1280 1280 1280
314 314 314 1082 1082 1082 1082 1082 1082 1082 1082
82 82 82 1280 1280 1280 1280
143 143 143 454 454 454 454 454
82 82 82 1280 1280 1280 1280
82 82 82 1280 1280 1280 1280
203 203 203 680 680 680 680 680 680
82 82 82 1280 1280 1280 1280
73 73 760 180 1454 486 1378 895 1311 1454 864 1311 760 1378 1387 1404 1195 1311 626 1404 881 760 486 1074 1050 760 829 485 829 448 1368 760 1404 895 895 1074 488 760 1454 895 760 1195 895 486 1172 1311 1311 1002
154 83 735 830 680 1322 171 518 1144 1322 680 680 154 518 680 1322 1144 83 518 680 1342 1026 1322 735 571 735 830 735 1088 1369 1286 1286 1024 680 518 805 571 680 1026 1026 1322 1286 680
82 82 82 1280 1280 1280 1280
47 47 47 682 682 682 682 682 682 682 682 682 682 682 682 682 682
82 82 82 1280 1280 1280 1280
143 143 143 454 454 454 454 454
155 1410 155 250 756 1410 756 534 1410 756 534
62 62 62 770 770 770 770 770 770 770 770 770 770 770 770 770 770 770
143 143 143 454 454 454 454 454
1 1 254 82 1 1 987 82 987 1280 987 1280 1280 1280 987 987 987
82 82 82 1280 1280 1280 1280
206 206 308 697 1318 921 697 697 1318 697 1318 697 1318 1318
51 1117 49 1409 61 733 699 699 750 867 733 832 699 832 699 733 867 699 998 699 733 867 832
203 363 203 363 203 680 363 680 680 680 518 680 717
404 404 203 203 24 680 1420 680 680 1420 1420 1420 1420 680 680 1420 1420 1420 680 1420 1420 1420
82 82 82 1280 1280 1280 1280
203 203 203 680 680 680 680 680 680
1 1 1280 1 1280 1280 987 987 1448 1280 1280 1280
203 203 203 680 680 680 680 680 680
83 685 109 685 685 83 1286 685 716 685 1286 874 1286 685 685
203 203 203 680 680 680 680 680 680
345 555 162 973 555 555 973 555 1243 162 1461 555 1243 555 653 555 973 973 1243 1243 973 555 555 1165 973 555 555 1461 653 555
203 203 203 680 680 680 680 680 680
314 314 314 1082 1082 1082 1082 1082 1082 1082 1082
103 1 363 1 987 363 518 987 987 518
47 47 47 682 682 682 682 682 682 682 682 682 682 682 682 682 682
143 143 143 454 454 454 454 454
203 203 203 680 680 680 680 680 680
269 648 269 337 956 956 1132 648 1132 956 648 1132 1132
82 82 82 1280 1280 1280 1280
53 1 222 1 222 987 986 987 987
88 88 260 476 1308 476 476 476 1308 1308 476 748 476
143 143 143 454 454 454 454 454
262 262 262 893 893 893 893 893 893 893
203 203 203 680 680 680 680 680 680
262 262 262 893 893 893 893 893 893 893
1 222 1 1 222 222 987 1039 987
143 143 143 454 454 454 454 454
143 143 143 454 454 454 454 454
82 82 190 1280 1 1 1280 987 987 1280 987 1280
300 82 82 143 1280 1280 143 363 454 1280 1280 363 518 454 454 518 454 454
82 82 82 1280 1280 1280 1280
143 143 143 540 412 366 631 454 454 228 454 740 454
194 2 83 2 1012 1111 83 1329 1286 1286 1012 1286
66 1018 1018 100 708 343 708 1018 780 780 798 767 708 814 708 780 767 780 1103 780 780 708 1018 780 683 1343 1045 708 780 780 708 1370 780 1114 1343 1114 708 1418 1045 1018 708 1103 1353 1018 1343 1178 1018 1103 1114 1045 708 1045 722 1170 708 1073 708 928 780 1045 708 1343 780
143 143 143 454 454 454 454 454
143 143 143 454 454 454 454 454
1308 476 748 88 476 476 476 476 1308 476 1308 748 1308
82 82 82 1280 1280 1280 1280
262 262 262 893 893 893 893 893 893 893
63 63 63 771 771 456 771 771 771 771 771 778 771 771 456 771 771 456 456 456 771 556 771 456 815
82 82 82 1280 1280 1280 1280
279 209 279 658 1275 520 520 520 520 727 1316 735 735 647 520 954 658 912 954 665 912 735 1007
143 143 143 454 454 454 454 454
262 262 262 893 893 893 893 893 893 893
147 1077 1077 147 147 654 654 1077 468 468 1077 468
143 143 143 454 454 454 454 454
203 203 203 680 680 680 680 680 680
918 1033 1 1 1219 267 918 1033 1 918 918 987 1219 987 1219 918 918 1071
82 82 82 1280 1280 1280 1280
222 454 454 454 454 454 222 222 464 454 454
143 363 143 363 143 454 363 501 518 454 454 454
204 1012 222 1012 222 1138 204 204 803 710 685 986 685 685 1012 685 1012
404 404 404 1420 1420 1420 1420 1420 1420 1420 1420 1420 1420 1420
369 28 369 713 1027 1027 713
363 614 614 363 614 1446 520 246 520 518 518 614 614
82 82 82 1280 1280 1280 1280
203 203 203 680 680 680 680 680 680
82 82 82 1280 1280 1280 1280
82 82 82 1280 1280 1280 1280
82 82 82 1280 1280 1280 1280
82 160 353 1383 305 603 1383 82 978 1280 1280 1383 603 1280 1383 1383 603 978 1280 1383
82 82 82 1280 1280 1280 1280
277 277 209 735 735 886 886 886 735 436 436
613 755 1008 755 755 161 613 1008 1008 1008 1008 755
143 680 143 680 680 143 454 454 680 680 454 680 944 454 680 680
98 98 98 882 882 882 882 882 882 882 882 882 882 882 882 882 882 882 882
233 122 127 606 1056 962 962 664 1376 1300 1056 1376 962 606 1376 1056 1056 1376 962 1056 606 962 1056 1160 1056 1376 962 1160 1376 1181 962 1016 606 962 962 962
82 82 82 1280 1280 1280 1280
222 376 222 222 222 986 986
1267 1180 1057 497 1180 1284 1397 1180 1284 1267 1267 1267 497 497 1267 497 1267 1180 497
62 62 62 770 770 770 770 770 770 770 770 770 770 770 770 770 770 770
314 314 314 1082 1082 1082 1082 1082 1082 1082 1082
314 314 314 1082 1082 1082 1082 1082 1082 1082 1082
82 190 82 1 1 1280 987 987 1280 987 1280 1280
143 143 143 454 454 454 454 454
82 82 82 1280 1280 1280 1280
203 203 203 680 680 680 680 680 680
570 918 918 1453 775 918 1231 570 1453 918 775 918 918 570 1453 570 1231 918 918
116 116 116 970 970 970 970 970 970 970 970 970 970 970 970 970 970 970 970 970
132 82 82 132 92 619 1280 1423 1280 1210 1423 1280 1280 1337
202 151 202 498 1243 652 498 1243 652 498
193 1 1 363 1 363 1 987 987 987 518 987 987 987 518
363 363 987 987 987 987 363 987 1146 518
306 363 363 238 363 15 518 1327 151 498 363 498 1191 498 518 518 595 518 700
363 986 363 363 518 986 986 632
143 143 143 454 454 454 454 454
363 363 363 1 363 1 1 518 1247 363 518 987 987 518
404 404 404 1420 1420 1420 1420 1420 1420 1420 1420 1420 1420 1420
143 143 143 454 454 454 454 454
314 314 314 1082 1082 1082 1082 1082 1082 1082 1082
62 62 62 770 770 770 770 770 770 770 770 770 770 770 770 770 770 770
82 82 82 1280 1280 1280 1280
233 122 127 606 1056 962 1376 664 1376 1300 1056 1376 962 606 962 1056 1056 1376 962 1056 606 962 1056 1160 1056 1376 962 1160 1376 1181 962 1016 606 962 962 962
82 82 82 1280 1280 1280 1280
82 82 82 1280 1280 1280 1280
270 143 270 143 143 892 892 794 892 454 669 454 270 972 1375 1437 454 939 600 454 1141 1237 600 669 892 972 1141 794 892 669 600 1141
363 363 363 363 363 870 518 518 518
82 82 82 1280 1280 1280 1280
82 82 82 1280 1280 1280 1280
314 314 314 1082 1082 1082 1082 1082 1082 1082 1082
143 143 143 454 454 454 454 454
82 143 143 82 259 454 454 454 454 454 1280 1280 1280 1280
203 203 203 680 680 680 680 680 680
116 116 116 970 970 970 970 970 970 970 970 970 970 970 970 970 970 970 970 970
143 143 143 454 454 454 454 454
82 82 82 1280 1280 1280 1280
143 143 143 454 454 454 454 454
23 192 78 538 718 1108 1108 1453 451 1453 1108 1108 1108 800 1453 538 878 1264 718 451 1467 650 538 1108 1108 1108 1453
144 685 144 144 508 456 685 685 456 961 719 685 685 456 685 685
317 1110 1110 317 317 1086 1086 1150 1086 1110 1110 1150 1086 1086 1086
262 262 262 893 893 893 893 893 893 893
211 257 257 865 751 865 865 865 865 865
347 347 347 1201 1201 1201 1201 1201 1201 1201 1201 1201
82 82 82 1280 1280 1280 1280
314 314 314 1082 1082 1082 1082 1082 1082 1082 1082
277 277 209 735 735 886 886 886 735 436 436
1 518 518 1 1 518 518 1146 987 987
203 203 203 680 680 680 680 680 680
143 143 143 454 454 454 454 454
82 82 82 1280 1280 1280 1280
145 1026 1090 1151 1110 1090 1118 145 1026 1026 145 1090 1110 1110 1090 1090 459 1110 459 459 1090 1258 1090 1090 580 1026 1283
262 262 262 893 893 893 893 893 893 893
143 143 143 454 454 454 454 454
203 203 203 680 680 680 680 680 680
143 143 143 454 454 454 454 454
82 82 82 1280 1280 1280 1280
203 203 203 680 680 680 680 680 680
143 143 143 454 454 454 454 454
82 82 82 1280 1280 1280 1280
203 203 203 680 680 680 680 680 680
82 82 82 82 82 522 1280 1280 1280 1280 1280 1280 1280
262 262 262 893 893 893 893 893 893 893
262 262 262 893 893 893 893 893 893 893
56 143 1322 1322 143 56 11 135 855 454 1125 1322 1322 454 454 454 454 562
203 203 203 680 680 680 680 680 680
143 143 143 454 454 454 454 454
82 82 82 1280 1280 1280 1280
404 404 404 1420 1420 1420 1420 1420 1420 1420 1420 1420 1420 1420
404 404 404 1420 1420 1420 1420 1420 1420 1420 1420 1420 1420 1420
82 82 82 1280 1280 1280 1280
117 117 117 971 1012 971 971 971 971 971 1012 1227 971 971 976 971 971 971 1012 971 971 981 1012 971 971
143 143 143 454 454 454 454 454
371 137 363 371 762 762 363 518 518 1393 1054 1393 1175
366 366 366 1038 631 1038 631 631
203 203 203 680 680 680 680 680 680
203 203 203 680 680 680 680 680 680
1 1 203 21 21 1383 222 203 1 603 987 305 203 1202 222 1383 1383 680 603 680 603 1383 986 987 680 978 680 603 978 680
147 143 143 147 83 401 108 454 1286 454 1154 1372 1422 1286 1372 468 454 454 1286 468 1286 468 1154 694 1199 454 468
1 222 1 222 1 222 1039 987 987
143 143 143 454 454 454 454 454
347 347 347 1201 363 363 363 1201 1201 1217 1201 1201 1201 1201 1201 518
82 82 82 1280 1280 1280 1280
82 82 82 1280 1280 1280 1280
314 314 314 1082 1082 1082 1082 1082 1082 1082 1082
203 203 203 680 680 680 680 680 680
82 82 82 1280 1280 1280 1280
262 262 262 893 893 893 893 893 893 893
82 82 82 1280 1280 1280 1280
314 314 314 1082 1082 1082 1082 1082 1082 1082 1082
1162 1400 1190 1190 439 898 1076 439 1190 1367 919 1254 1232 439 1162 675 439 1190 1190 439 1162 846 1162 1230 1162 1400 439 1230 439 1254 898 1190 919
203 363 253 363 203 680 680 680 680 680 680 518 518
82 82 82 1280 1280 1280 1280
143 143 143 454 454 454 454 454
203 203 203 680 680 680 680 680 680
82 1280 1280 82 82 1280 522 1280 1280 1280 1280 1280 1280
982 1177 840 1177 1177 840 982 982 1177 840 1177 982 1177
314 314 314 1082 1082 1082 1082 1082 1082 1082 1082
82 82 82 1280 1280 1280 1280
53 1 1 987 222 222 987 986 987
82 82 82 1280 1280 1280 1280
143 143 143 454 454 454 454 454
82 82 82 1280 1280 1280 1280
1097 1345 1153 318 1097 1345 1153 1097 1097 1153 1097 1097 1153
404 404 404 1420 1420 1420 1420 1420 1420 1420 1420 1420 1420 1420
82 82 82 1280 1280 1280 1280
203 203 203 680 680 680 680 680 680
203 314 203 314 314 82 203 1082 680 82 1082 82 680 1280 1280 1280 1082 680 680 680 1082 1082 1268 1082 1082
143 143 143 454 454 454 454 454
347 347 347 1201 1201 1201 1201 1201 1201 1201 1201 1201
374 222 104 54 222 986 1077 1077 1174 1174
262 262 262 893 893 893 893 893 893 893
314 314 314 1082 1082 1082 1082 1082 1082 1082 1082
143 143 143 454 454 454 454 454
143 143 143 454 454 454 454 454
203 1420 1420 203 1420 203 1420 1420 680 680 1420 680 1420 1420 680 1420 1420 1420 1420 447 1420 680
262 143 262 143 143 454 454 262 893 454 893 1075 893 893 893 454 893
347 347 347 1201 1201 1201 1201 1201 1201 1201 1201 1201
143 143 143 454 454 454 454 454
82 82 363 164 1280 363 518 1280 1280 518 1280
314 314 314 1082 1082 1082 1082 1082 1082 1082 1082
347 347 347 1201 1201 1201 1201 1201 1201 1201 1201 1201
1 1280 1 1280 1 1280 987 1280 1448 1280 1280 987
1 93 143 987 987 93 1 638 303 1355 1 826 1236 143 1326 143 651 987 570 638 1355 570 987 753 454 454 454 1236 987 454 1189 987 987
87 1137 967 87 201 1306 1211 1211 363 363 363 1306 1137 518 605 1306
203 203 203 680 680 680 680 680 680
143 143 143 454 454 454 454 454
422 225 600 422 600 1276 600
82 82 82 1280 1280 1280 1280
982 1177 840 271 1177 840 1177 982 1177 840 1177 982 1177
82 82 82 1280 1280 1280 1280
7 822 224 224 7 7 1302 224 1245 822 1208 1245
143 143 143 454 454 454 454 454
314 314 314 1082 1082 1082 1082 1082 1082 1082 1082
314 314 314 1082 1082 1082 1082 1082 1082 1082 1082
383 418 383 1452 1452 1452 1452 1358 1358 1452 1452 1452 1215 1452 1215
347 347 347 1201 1201 1201 1201 1201 1201 1201 1201 1201
347 347 347 1201 1201 1201 1201 1201 1201 1201 1201 1201
304 264 264 901 901 901 762 901 964 901 762 762 901
404 404 404 1420 1420 1420 1420 1420 1420 1420 1420 1420 1420 1420
222 1082 222 1082 1082 222 1085 1082 1082 1082 1082 1082 1082 1082
143 143 143 454 454 454 454 454
143 182 222 143 222 454 986 454 454 454 454
261 95 579 690 1081 95 595 1384 713 802 690 690 579 1169 713 690 713 1456 847 512 690 690 690 1384
82 82 82 1280 1280 1280 1280
314 314 314 1082 1082 1082 1082 1082 1082 1082 1082
1 1 138 1 1 987 987 987 987 987 987
314 314 314 1082 1082 1082 1082 1082 1082 1082 1082
231 231 1341 156 547 77 1072 887 1341 887 547 736 887 736 1341 934 887 1341 1341 887 887
143 143 143 454 454 454 454 454
116 116 116 970 970 970 970 970 970 970 970 970 970 970 970 970 970 970 970 970