9 115 182 55 9 9 154 151 115 9 9 55 154 151 115 176 55 115 115 157
203 203 203 168 168 168 203 203 203 203 9 55 55 182 233 9 55 9 9 9 168 168 9 233 55 55 168 203 168 168 203 9
142 55 193 142 55 142 142 142 55 55 55 142 142 9 9 9 9 9 55 142 142
55 9 113 55 55 9 55 9 136 9 9 55 55 55 17 9 73 224 9 17 9 98 9 129 45 235 9 9 9 9 55 9 9 55 9
165 55 115 55 55 115 115 55 115 115 55 165 115 115
9 9 25 9 92 55 9 9 55 64 92 9 35 92 9 203 9 25 55 9 203 55 55 92 9 55 9 9 64 9 9 17 92 203 55 9 9 9 105 9 44 55 55 9 55 55 9 92 17 92 92 9 9 9 55 55 35 9 17 9 25 9 55
183 183 183 183 183 183 183 183 183 183 183 183
115 175 92 92 115 175 115 115 115 115 92 92 92 92 115
32 32 32 32 32 32 32 32 32 32 32 32 32 32 32 32 32 32
183 183 183 183 183 183 183 183 183 183 183 183
92 203 92 92 92 92 92 203 113 203 92 203
66 66 66 66 66 66 66 66 66 66 66 66 66 66 66 66 66 66 66 66
142 142 203 225 165 142 142 165 142 203 142 148 142
183 183 175 168 1 168 168 1 183 168 183 195 183 168 1 175 168 183 183 183
9 55 92 9 115 9 35 9 9 92 45 98 92 125 17 92 115 92 9 73 9 92 9 45 92 55 92 115 64 92 55 17 115 9 9 45 115 203 9 78 115 45 9 92 9 115 9 92 203 115 98 92 203 73 73 9 9 17 92 203 9 92 92 92 9 55 9 92 9 55 92 9
66 66 66 66 66 66 66 66 66 66 66 66 66 66 66 66 66 66 66 66
6 199 6 6 183 199 199 199 6 6 6 6 183 199 199 183 183 183
125 92 9 92 9 9 92 9 125 92 92 92
9 9 9 9 9 9 9 9 9 84 150 9 9 9 9 9 9 9 84
78 55 142 115 87 110 142 168 55 168 142 55 55 55 55 175 168 175 154 110 142 115 55 55 55 136 198 148 168 142 142 87 110 55 78 115 98 87 115 115 168 173 175 115 55 121
25 203 9 203 9 55 210 55 55 55 97 73 55 92 92 92 203 92 97 9 92 97 9 110 9 55 92 203 55 92
55 92 168 168 55 92 97 168 168 168 55 92 92 55 92 168 168 218 92 64 168 168 168 55
9 9 9 203 9 9 203 203 203 203 203 203 9 203 203 203 64 9 203 148 9 9
9 92 55 9 92 92 92 92 142 203 203 92 92 9 55
32 32 32 32 32 32 32 32 32 32 32 32 32 32 32 32 32 32
129 129 45 9 129 9 9 9 9 45 9 9 9
227 115 115 227 227 115 227 227 115 16 115 227 115 115 227 227 227 227 115 227 227 227 227
203 203 203 168 168 168 203 203 203 203 9 55 55 182 233 9 55 9 9 9 203 168 9 233 55 55 168 203 168 168 168 9
115 175 92 92 115 175 115 115 115 115 92 92 92 92 115
183 183 183 183 183 183 183 183 183 183 183 183
92 92 55 92 9 55 55 55 203 92 55 55 64 203 9 55 55 154 203 9 92 92 92 200 55 55
32 114 40 18 32 32 55 34 39 151 18 32 18 34 22 32 32 32 111 32 55 22 22 151 32 32 36 32 18 18 61 97 27 55 18 76 22 32 151 32
148 115 9 9 115 115 115 9 9 115 115 115 148
115 55 87 115 115 87 87 115 174 115 115 55 87 115 87 115
92 92 92 161 92 92 92 92 92 92 92 92 161 92
151 9 92 92 9 92 92 9 9 92 92 136 151 92 151 9
9 9 115 151 9 179 9 115 9 151 115 9 9 115 151 115 9 115 115 115 9 9
9 55 105 9 55 9 55 9 55 55 9 55
92 98 92 0 55 92 92 92 92 55 92 98 92 55 92 92 92 92 92 0 92 55 55 92 92 92 92 92 92 92 92
9 9 55 55 9 203 9 9 55 9 203 9 55 203 55 203 9 9 9 55 157
9 9 9 9 9 121 9 9 9 9 9 9 9 87 9
115 192 9 115 115 115 115 115 129 192 115 129 115 115 115 115 129
182 142 142 182 182 115 182 182 142 115 182 115 142
55 9 151 136 203 55 9 55 203 9 55 151 203 9 9 55 203 151 55
92 92 92 55 92 55 55 55 92 92 55 92 55 142
183 151 9 183 176 183 183 9 151 183 9 17 183 183 151 183 151 206 9 183 183 151 183
142 55 142 142 55 55 55 142 142 142 142 142 179 55 142 55
115 203 115 115 203 203 115 203 115 115 136 115 115
32 32 32 32 32 32 32 32 32 32 32 32 32 32 32 32 32 32
54 32 115 182 32 32 182 49 154 115 42 32 32 54 32 115 32 32 34 49 115 74 32 32 32 174
55 203 9 203 9 154 203 9 151 203 203 55 9 9 55 151 55 203 151 55 203 203 55
18 18 18 18 18 18 18 18 18 18 18 18 18 18 18 18 18
9 9 9 203 203 9 110 9 9 203 203 9 9 9 9
55 55 55 133 92 92 55 92 92 92 92 202 92 142 92 102 92 55 92 2 133 2 55 92 182 92 80 92
183 183 183 183 183 183 183 183 183 183 183 183
183 183 183 183 183 183 183 183 183 183 183 183
55 92 92 55 92 92 142 92 92 55 55 55 55 92
66 66 66 66 66 66 66 66 66 66 66 66 66 66 66 66 66 66 66 66
9 55 9 55 9 55 55 55 55 9 9 105
18 18 18 18 18 18 18 18 18 18 18 18 18 18 18 18 18
55 115 115 55 115 115 55 115 55 115 165 55 115 55 115
115 175 55 115 115 203 115 115 55 203 115 55 55 203 115 55 115 203 55
136 92 9 92 203 115 92 115 203 115 92 9 203 203
73 9 9 55 55 113 73 9 55 35 55 9
66 66 66 66 66 66 66 66 66 66 66 66 66 66 66 66 66 66 66 66
73 225 55 9 129 9 55 9 55 203 55 97 9 9 203
55 203 55 55 203 55 9 55 55 9 157 9 203 9 9 203 9 9 9 9 9
9 92 9 92 9 92 17 9 92 97 9 9 9 92 9 161 9 92
9 9 9 203 9 203 9 9 9 203 9 203 9 110 9
9 168 115 186 168 121 9 168 186 151 168 186 192 186 151 176 35 9 209 9 188
92 92 92 92 203 92 203 203 113 92 92 203
151 55 215 203 92 7 55 64 9 80 203 55 55 136 92 55 215 55 55 45 97 9 9 92 9 55 92 55 9 236 55 55 55 203 84 9 9 179 55 203 203 80 55 151
199 199 199 199 55 55 217 55 55 199 199 199 199 199 55 199 55 199 199
55 55 9 9 55 9 115 9 55 151 55 151 9 55 151
9 55 92 55 9 92 92 92 55 55 9 55 9 170 55 9 92 92 92
115 98 9 92 115 92 150 9 25 150 9 92 9 9
183 183 183 183 183 183 183 183 183 183 183 183
92 92 92 9 9 92 9 92 92 9 125 92 9
183 183 183 92 183 92 92 212 92 183 92 183 183 183 212 92 183 183
32 32 32 32 32 32 32 32 32 32 32 32 32 32 32 32 32 32
151 151 105 105 92 151 92 97 92 105 92 9 92 92 92 92 92 205 92 92 92 92 92 92 110 92
92 183 183 215 185 203 9 70 203 115 9 151 184 92 9 183 17 183 9 203 9 55 115 92 9 203 115 203 9 55 203 115 97 9 55 176 115 17 9 17 203 183 55 115 92 64 203 92 92 219 9 183 115 183 55 203 17 55 185 151 236
115 98 9 92 115 92 150 9 25 150 9 92 9 9
66 66 66 66 66 66 66 66 66 66 66 66 66 66 66 66 66 66 66 66
66 66 66 66 66 66 66 66 66 66 66 66 66 66 66 66 66 66 66 66
142 142 182 182 115 182 182 142 115 182 182 115 142
92 98 92 9 9 92 25 9 92 129 92 129
151 142 80 142 55 184 142 55 142 142 151 142 151 55 142 55 55 148 148
199 219 199 219 219 219 219 199 168 219 219 199 219 168 219
55 105 9 9 55 9 55 55 9 55 9 55
142 142 182 182 115 182 182 142 115 182 182 115 142
9 55 55 9 9 9 55 9 55 105 55 55
92 150 55 113 113 92 113 55 150 150 150 55
203 9 165 142 9 142 142 165 142 175 142 203 203 142 203 165
203 115 138 203 203 138 115 138 138 157 138 138 138 203
55 55 55 9 105 55 55 9 55 9 9 9
183 183 183 183 183 183 183 183 183 183 183 183
203 9 151 203 9 55 151 203 9 203 203 55 9 9 203 9 203 203 55 9 151 203 151 55 55 203 55 203 236 188 9 151 9 9
45 92 92 92 45 92 92 92 138 98 92 92 186 45 9 98 92 35 92 92
66 66 32 72 32 66 32 32 66 32 32 40 66 66 66 32 117 117 117 117 66 66 32 66 117 117 78 66 48 117 32
66 66 66 66 9 66 66 203 66 55 66 66 203 66 66 9 55 77 66 9 66 66 66 66 66 66 66
215 203 182 165 203 182 182 148 203 55 142 203 9 9 115 232 203 9 203 183 182 115 55 148 80 110 73 55 115 9
201 232 168 115 115 168 219 88 121 219 168 202 92 182 174 219 168 21 219 168 168 219 168 69 201 168 168 199 219 168 219 213 88 168 92 115
9 55 9 55 55 55 9 87 9 9 55 9 9 55 9 138
115 9 115 55 9 9 9 181 55 115 115 115 181 115 55 55 55 115
32 32 69 115 82 62 82 32 168 38 223 115 168 40 69 168 32 115 32 40 32 38 115 32 174 62 82
9 9 9 9 55 129 129 55 97 9 55 97 9
115 115 92 92 161 115 92 115 92 204 92 115 115 92 92 92 92 115 115 92 92 92
55 142 203 92 203 92 9 98 125 92 9 92 9 98 92 92 203 2 92 92 92 133 92 55 92 9 55 203 121 133 9 9 121 9 92 92
115 115 115 55 55 115 55 115 115 55 55 165 115 115 55
18 18 18 18 18 18 18 18 18 18 18 18 18 18 18 18 18
9 55 55 9 9 55 9 55 9 138 9 9 55 9 55 9 9
92 92 92 92 203 203 92 92 92 92 92 92 92 203 174 203 92 92 92
136 203 115 115 115 115 115 203 115 115 115 203 203
168 202 168 202 202 168 168 202 202 168 168 202 202 202
203 203 92 203 236 203 203 203 203 151 151 203 203 203 203
66 66 66 66 66 66 66 66 66 66 66 66 66 66 66 66 66 66 66 66
55 55 55 142 55 142 142 142 142 142 142 55 142 179 55 142
203 142 102 55 203 55 203 203 80 55 203 203 203 203 203 203 203 203 80
142 142 182 182 115 182 182 142 115 182 182 115 142
92 142 142 92 92 142 92 203 92 142 185 92 142 142 92 92 92 97 142 222 97 92 147 203 203 92 215
32 32 32 32 32 32 32 32 32 32 32 32 32 32 32 32 32 32
18 66 66 32 18 32 214 18 18 18 213 101 168 183 18 92 101 89 32 56 214 94 168 66 234 120 66 93 188 94 18 231 214 66 197 187 117 26 117 18 188 183 18 66 18 32 219 187 66 140 181 117 104 18 94 92 173 94 18 91 153 214 40 18 168
9 203 203 97 9 203 203 9 203 203 9 9 203 203
9 92 92 92 9 92 9 92 9 92 9 125 92
92 203 92 203 92 203 92 203 92 113 92 92
55 92 92 55 92 92 185 92 55 92 92 92 92 92 55 92 92 92 92 55 55
183 115 183 37 185 115 113 183 185 183 183 73 115 115 150 168 168 150 55 183 115 115 92 183 183 115 183 115 115 55 37 115
87 9 203 9 215 17 9 9 9 9 9 209 55 9 55 9 9 17 110 9 9 9 25 9 203 55 203 55 9 9 55 9 9 9
183 183 183 183 183 183 183 183 183 183 183 183
92 9 176 151 17 92 92 92 92 92 9 92 138 9 9 151
203 9 133 17 9 9 9 9 203 203 203 64 203 9 215 203 9 9
92 97 92 55 92 186 55 55 92 92 92 92 92 92 92 55 64 92 55 92 92
55 125 73 55 73 55 55 55 55 55 55 125
55 102 55 142 151 92 185 92 151 92 55 55 92 9 125 102 9 182 151 102
92 92 92 92 92 92 161 92 92 92 92 92 92 92 92
55 55 55 133 92 92 55 92 92 92 92 202 92 142 92 102 92 55 92 2 133 2 55 92 182 92 80 92
227 227 227 227 227 227 227 227 227 227 227 227 227 227 227
161 92 142 161 92 92 142 196 92 161 161 92 92 142 92 92 161 161
115 115 115 55 133 115 115 80 80 55 55 115 179 203 203 179 203
150 9 151 151 9 9 9 9 9 203 9 203 9 203 9 9 9 203 151 9 9 9 9
92 113 203 92 92 203 92 203 92 92 203 92
115 92 168 115 168 168 150 113 115 113 168 168
236 115 125 115 151 151 115 125 115 136 115 125
183 183 183 183 183 183 183 183 183 183 183 183
168 142 142 142 168 168 168 168 142 55 55 142
55 92 224 9 92 55 9 102 55 203 92 9 25 151 55 55 129 55 125 125 176 176 17 92 55 64 92 92 151 55 92 9 55 151 9
203 168 168 168 203 179 168 168 203 168 168 168 168 179
142 142 142 92 30 92 92 183 183 92 92 142 142 183 183 183 92 92 183 183 142 183 92 183 97 142 183 92 92 92 92 147 183 142 92
9 55 105 9 9 9 9 203 203 9 9 9 55
92 92 151 151 113 92 92 121 203 92 92 151 203 203
92 55 92 92 64 92 55 55 97 9 55 92 92 174 9 55 25 9 9
35 9 142 142 165 142 224 142 9 92 92 9 9 92 17 142 142 73 9 9 92 142 92 87 87 92 92 142 9
115 55 9 9 115 9 203 55 55 17 17 9 203 115 55 9 9 203 203 55 115 203 55 9 9 9 203 9 203 9 9 115 115 203 115 222 115 9
227 227 227 227 227 227 227 227 227 227 227 227 227 227 227
203 9 55 55 203 55 55 203 55 55 125 9 9 9 203 9
183 183 183 183 183 183 183 183 183 183 183 183
151 9 185 55 115 113 208 9 118 150 176 9 17 168 168 176 150 115 97 9 55 185 64
105 9 55 9 9 55 55 55 9 55 9 55
227 227 227 227 227 227 227 227 227 227 227 227 227 227 227
55 203 92 203 17 92 9 9 55 9 115 203 9 115 92 203 92 9 92 55 55 203 55 9 9 92 9 55 203 63 55 92 9 92 55 9 115 9 9 92 64 55 17 92 55 92 115 64 55 203 115 9 9 55 115 55 92 9 115 9 9 92 115 203 55 92 55 55 9
55 55 55 55 55 55 55 121 55 55 55 55 55
55 92 203 92 55 55 203 168 92 9 92 9 92 9 55 55 203 9 55 55 55 212 203 9 55 9 138 9 55 9 9
203 142 161 142 142 142 203 142 203 203 142 142 142 142
32 203 32 78 203 32 97 206 107 32 32 20 55 100 99 183 183 76 32 100 32 55 168 53 32 203 32 38 92 32 183 168 71 32 55 79 183 197 32 183 32 197 123 32 55 168 48 48 91 92 183 67 32 129 183 68 48 8 55 55 172 32 62 32
9 9 55 55 105 9 55 9 9 55 55 55
32 32 32 32 32 32 32 32 32 32 32 32 32 32 32 32 32 32
66 66 32 72 32 66 32 32 66 32 32 40 66 66 66 32 117 117 117 117 66 66 32 66 117 117 78 66 48 117 32
183 183 198 9 183 183 183 9 183 9 183 183 9 9 183 183 183
147 9 17 142 173 9 9 9 142 142 142 142 142 142 142
201 232 168 115 115 168 219 88 157 219 168 216 92 55 198 181 219 168 27 219 168 168 219 168 75 201 168 168 199 118 219 168 219 224 95 168 92 115
92 121 9 115 92 92 92 9 92 92 9 92 92 92 115 92 102 92 121 9 115 9 115 115 92 92 115 218
203 203 203 203 203 203 203 203 203 203 203 203 203 203 203 203 102
92 92 92 203 203 92 203 113 92 92 92 203
203 203 203 25 115 9 9 203 9 203 203 9 203 203 203 203 9
231 205 197 231 168 212 197 231 180 183 183 197 231 231 168 168 231
55 55 55 92 92 55 92 92 92 142 92 55 92 55
55 80 102 55 142 142 92 142 92 92 92 55
142 9 9 150 142 174 9 142 55 142 142 150 174 142
92 9 92 9 92 125 9 9 92 92 92 92 9
227 227 227 227 227 227 227 227 227 227 227 227 227 227 227
32 32 32 32 32 55 32 32 32 32 32 32 55 55 32 32 55 32 32 47 55 32 32 55
183 183 183 203 193 183 183 203 193 183 183 183 203 183 183
199 168 168 115 168 115 199 199 115 202 168 199 9 115 168 35 199 115 168 168 115 199 199 168 199 199 115 48 115 174 168 199 9 199 9 9
55 115 115 55 203 55 115 55 115 115 115 55 115 203 55 203 203 115 175
199 219 199 219 219 219 219 199 168 219 219 199 219 168 219
18 18 18 18 18 18 18 18 18 18 18 18 18 18 18 18 18
66 66 66 66 66 66 66 66 66 66 66 66 66 66 66 66 66 66 66 66
115 151 151 115 151 115 115 115 115 115 115 125
168 115 168 115 115 168 168 168 115 168 168 208 115 168 115 115 168 115 168
183 183 183 183 183 183 183 183 183 183 183 183
9 92 92 180 92 92 92 92 9 92 92 92 125 92 9 92 92 92 9
183 183 183 183 183 183 183 183 183 183 183 183
32 22 18 86 32 48 33 18 32 92 18 48 112 39 116 52 41 32 32 116 32 188 18 193 32 18 18 32 42 112 41 32 92 32 33
55 203 133 92 92 148 203 148 92 55 92 55 148
55 173 92 92 55 17 55 9 92 92 92 64 9 92 55 9 9 55 92
9 203 203 203 9 9 203 9 9 9 9 129 9 203 203 9 9 203 203
151 55 55 55 55 9 9 9 151 115 151 55 9 55 9
183 183 183 183 183 183 183 183 183 183 183 183
9 9 55 55 55 55 203 9 55 9 9 154 9 55 105 55 9 203
150 92 92 92 92 150 92 92 92 92 150 150
55 9 9 55 55 9 55 110 9 64 17 55
9 9 92 215 92 225 9 9 9 102 84 216 92 9 9 9 92 9 203 9 9 9 9 9 25 9 9 92 9 17 147 9 92
110 55 55 110 110 64 92 110 55 55 92 203 203 174 215 55 55 203 110
92 92 186 222 115 115 98 148 142 115 115 115 142 142 115 92 115 142 142 92 142 142 92 115
125 92 9 92 9 9 92 9 125 92 92 92
133 165 92 133 9 9 9 92 133 55 9 55 92 9 92 55
55 92 55 9 55 92 92 17 9 55 80 92 55 55 55 35 223 55 203 64 92 92 84 55 203 55 64 92 203 9 55 55 55 92
55 184 203 215 55 203 215 115 203 115 203 203 115 115 55 55 55 203 115 55 115 115 115
55 92 92 55 9 55 9 170 92 9 55 92 55 9 92 105 92 92
55 9 55 9 55 55 55 55 105 9 9 9
87 9 129 55 55 9 9 9 9 55 9 9 136 9 9 9 55 55 236 9 92 55 9 224 92 52 113 9 92 87 92 9 92 9 9 9 9 9 203 9 129 9 45 9 151 9 87 9 98 92 9 55 9 151 9 55 92 9
227 227 227 227 227 227 227 227 227 227 227 227 227 227 227
9 55 9 55 9 9 9 9 55 9 9 55 55 55 168 9 9 9 9 9 9 9
18 18 18 18 18 18 142 18 142 142 142 18 18 142 18 142 18 18 18 18 142 51 142 18 18 142
183 183 183 183 183 183 183 183 183 183 183 183
9 92 92 9 151 9 92 9 151 92 92 92 151 92 92 9 92 9 9 9 92 92 92 198 92 9 9 92
183 183 183 183 183 183 183 183 183 183 183 183
92 9 9 92 92 125 125 9 92 92 9 92
9 115 92 173 115 168 92 168 97 182 115 92 168 115 168 168 142 92 92 97 115 92 92 92 170 115 92 92 115 17 182 173 125 92 182 9 168 115 92 58 168 92 102 9
92 92 92 92 157 92 92 92 157 92 157 92 92
92 151 92 203 92 92 92 92 203 151 180 215 92 92 92 92 203 92 97 92 102
9 55 25 9 55 92 9 55 64 92 92 55 92 175 97 64 97 92 9
203 203 9 203 9 9 203 98 9 151 151 9 176 215 151
147 92 142 92 92 138 138 9 138 9 138 55 115 92 92 55 92 142 55 142 228 41 92 168 73 203 92 186 236 203 92 9 138 142 55 186 55 9 9 138 92 203 179
9 55 203 55 55 9 55 9 203 110 64 55 9 9 9 35 55 9 203 203 55 55 73 186 55 9
87 92 9 9 92 9 203 203 17 203 203 203 92 9 92 92 92 203 9 9 203 9 203 197 9 17 9 9 92 9
133 199 232 199 199 199 199 199 232 115 115 133 115 199 214 199 232 133 199
215 215 142 142 206 203 142 203 142 203 215 142 203 55 55 55 165 203 142 55 203 142 215 55 64 203 142
142 215 203 203 142 142 142 215 203 142 203 203 203 183 203 203 142 142 203 142 142 203
151 55 203 203 203 55 55 151 102 55 151 55 55 203
32 32 32 32 32 32 32 32 32 32 32 32 32 32 32 32 32 32
9 115 9 9 9 115 9 9 174 9 9 115 9 115 115 115 9 115 115
221 55 55 92 102 9 92 92 55 55 102 92 55 92 92 55 9 55 55 55 55 9 9 55 92 92 55 92 92 92 35 92
148 115 148 9 115 115 115 9 9 115 115 115 9
9 92 203 9 92 92 9 203 9 151 9 151 9 92 92 9 9 203 203 9 151 203 184 92 92 203 203 203 9
55 203 55 9 125 55 9 55 55 203 203 9 9 125
32 32 32 92 92 32 32 32 32 32 52 32 32 92 32 32 32 32 32 92 32 52 92 92
115 203 115 115 203 115 203 115 136 115 203 115 115
18 18 18 18 18 18 18 18 18 18 18 18 18 18 18 18 18
32 32 32 32 32 32 32 32 32 32 32 32 32 32 32 32 32 32
55 55 9 55 55 55 9 9 55 105 9 9
55 92 92 188 55 92 92 80 92 55 92 55 92 98 92 92 55 98 92 92 92
183 183 183 183 183 183 183 183 183 183 183 183
115 55 115 115 55 165 55 115 115 115 55 115 55 115 55
142 142 92 17 142 9 92 9 142 92 142 9 92 92 142 142 142 142 142 4 142 97 142 142 92 142 142 142 9 142 142
236 80 151 9 9 55 80 125 55 9 80 9 151 9 55
183 183 183 183 183 183 183 183 183 183 183 183
183 55 55 183 55 183 55 183 204 183 183 183 183 55 183 204 183
183 183 183 183 183 183 183 183 183 183 183 183
9 203 115 215 138 9 138 138 203 9 203 138 138 138 180 17 138 115 9
55 9 9 55 55 55 55 9 9 64 9 9 9 151 150 9 151 9 176 9
80 98 87 151 87 92 151 174 87 97 92 151 92 92 92 92 102 203 55
55 55 55 55 9 203 9 9 203 203 55 55 9 9 203 125
92 92 92 115 115 175 92 115 115 115 92 175 115 115 92
22 183 183 183 183 183 183 183 183 183 183 185 183 55 183 55 55 183 55 183 185 183 183 183 183 55 186 183 55
32 32 32 92 92 32 32 32 32 32 52 32 32 92 32 32 32 32 32 92 32 52 92 92
92 185 185 142 142 92 142 142 92 92 142 92 142 142 92 142
18 18 18 18 18 18 18 18 18 18 18 18 18 18 18 18 18
148 115 9 115 115 115 115 9 9 115 9 115 115 9
73 129 55 55 9 73 9 55 9 55 55 9 73 55
92 92 9 9 92 92 92 92 125 9 9 125
113 9 73 55 55 55 9 73 9 9 55 35
55 55 55 55 55 55 55 55 121 55 121 55
55 9 55 55 9 9 55 55 55 9 9 105
55 55 55 55 55 55 92 55 213 92 55 55 9 9 55 55 55 55 92 55 55 55 9 55 9 92 55 92 92 97 17
183 183 183 183 183 183 183 183 183 183 183 183
183 183 183 92 183 92 183 92 92 183 92 183 212 212 92 183 183 183
102 142 92 92 142 218 142 92 165 142 92 92 92 97 142 142 92 142 92 142 102 92 92 102
168 142 168 142 168 168 168 142 55 55 142 142
92 125 9 92 9 92 92 9 92 9 92 9 92
66 66 66 66 66 66 66 66 66 66 66 66 66 66 66 66 66 66 66 66
201 115 213 102 105 105 133 168 115 55 201 175 224 198 198 168 115 168 224
32 32 32 55 92 32 32 55 32 55 32 55 32 32 32 33 32 32 92 32 32 92 55 92 92 32 97 32 55 92 68
9 92 92 92 9 203 203 203 9 92 92 203 147 92 92 9 9
6 115 115 199 31 183 115 6 6 31 138 199 199 31 199 199 188 183 199 6 115 183 115 188
9 9 64 203 203 142 142 9 142 142 203 142 147 9 203 203 142 142 188 203 142 215
55 168 188 55 188 168 55 188 168 168 168 168 168 168 55
168 202 168 202 202 168 168 202 202 168 168 202 202 202
9 9 203 203 9 9 9 203 9 113 17 203 9 17 9
92 92 92 161 92 92 92 92 92 92 92 92 161 92
9 92 115 17 174 9 9 115 118 92 174 115 188 115 115 92 9 92 92
115 9 115 55 9 9 9 181 55 115 115 115 181 115 55 55 55 115
9 9 55 55 138 55 9 9 9 9 9 55 55 9 55 9 9
125 142 142 9 92 92 92 102 115 92 87 115 92 9 92 115 115 142 142 115 73 115 142 142 92 92 19 19 92 142 142 92 115 9
203 203 203 203 215 151 203 203 151 151 203 203 97 203 215 203
176 125 203 55 55 55 55 17 225 55 203 225 55 64 151
203 203 183 203 183 55 183 183 183 183 203 219 183 203 55 55 203 183 184 215 55 203 183 55 183 55
9 92 92 9 9 92 92 125 92 92 9 92 9
92 150 18 232 48 33 18 22 92 18 48 115 33 57 52 74 18 52 115 181 18 212 18 33 115 57
92 92 9 125 92 9 9 9 92 92 92 92 9
66 66 66 214 66 168 168 94 168 214 168 94 66 66 168 168 168 94 66 66 94 109 66 214 168 66 94 66 94 94 168 214 94 214 168
32 32 32 32 32 32 32 32 32 32 32 32 32 32 32 32 32 32
215 142 200 92 203 203 203 215 161 203 203 203 203 161 203 161 203 203 142 203 161 203 161 161 203 203 142
9 203 115 203 151 9 9 9 151 9 115 9 9 9 200 9 236 115 9 9 115 9 115 203 115 9 115 115 9 9
9 203 9 9 9 9 203 203 9 9 129 9 9 203 203 9 203 203 203
92 92 98 115 9 115 92 115 115 98 115 203 200 9 236 203 92 9 115 115 9 203 92 9 115
183 183 183 183 183 183 183 183 183 183 183 183
182 142 142 115 182 182 142 182 142 182 115 115 182
168 142 228 168 147 55 142 151 45 142 151 168 55 55 142 55 168 9 142 142 184 142 168 43 142 184 142 55 9 55 142 142 142 142 147 168 168 142 142 189
236 55 55 64 203 55 150 55 203 215 55 55 73 55 55 55 73
92 92 92 92 92 113 203 203 92 203 203 92
55 55 121 55 55 55 55 55 55 55 55 55 55
92 55 55 55 55 105 92 55 154 105 9 105 55 92 105
55 115 115 9 9 133 115 115 203 203 9 203 203 174 115 115 133 55
92 92 92 92 92 92 92 92 92 92 92 92 92 161 92
115 115 92 115 115 92 175 115 92 115 92 175 92 92 115
9 115 115 9 9 115 115 115 115 9 115 9 115 148
9 151 9 55 9 55 203 203 55 55 55 9 55 151 55 9 55 55 55 9 9 55 55 55 209 55 151 9 203 9 154 203 55 55
179 92 179 55 92 55 55 55 92 55 92 55 92 55 92 55 55 55
203 203 55 55 55 203 55 9 9 55 9 55 125 203 9 9
115 115 92 92 175 115 115 92 92 115 115 92 175 92 115
183 183 183 183 183 183 183 183 183 183 183 183
92 9 9 92 92 125 125 9 92 92 9 92
92 92 9 92 92 9 25 9 92 9 92 55 9 55 9 203 87 55 9 28 203 9 9 55 92 9 92 55 92 9 9 9 203 25 9 9 9 9 9 64 9 102 92 9 203 92 9 203 215 9 55 92 9 125 203 17
22 150 18 212 39 92 24 18 92 18 39 92 115 24 57 92 33 57 92 18 92 33 115 92 18 188 18 24 115 75
208 161 147 147 236 115 161 136 115 151 115 115 115 151 115 55 115 115 115 115 115 55
18 18 18 18 18 18 18 18 18 18 18 18 18 18 18 18 18
32 32 32 32 32 32 32 32 32 32 32 32 32 32 32 32 32 32
9 203 9 203 203 9 203 203 9 203 203 97 9 203
92 92 92 115 115 175 92 115 115 115 92 175 115 115 92
92 98 92 0 55 92 92 92 92 92 92 98 92 55 92 92 92 92 92 0 92 55 55 92 92 92 92 92 92 92 55
183 183 183 55 183 55 183 183 55 183 183 183 204 55 55 183 55 183
55 55 55 55 55 203 203 55 55 55 203 55 215 147 64 55 55
55 55 55 105 203 215 203 92 147 148 203 183 92 203 203 203 203 105 9 203 203 165
183 183 183 183 183 183 183 183 183 183 183 183
9 55 157 55 55 9 110 9 55 55 25 55 55 73 55 55 55
168 203 168 203 203 179 168 203 168 168 168 168 168 168 168
9 9 9 92 9 92 92 92 9 92 125 92 92
92 175 175 92 115 92 92 115 115 115 92 92 115 115 115
142 45 9 45 142 181 9 151 142 151 142 45 142 142 151 45 142 142 142
227 227 227 227 227 227 227 227 227 227 227 227 227 227 227
115 115 165 115 55 165 115 115 55 115 55 115 55 55
192 55 168 168 55 55 55 55 168 168 168 168 168 55 168 168 168
183 183 183 183 183 183 183 183 183 183 183 183
183 183 183 183 183 183 183 183 183 183 183 183
168 182 102 105 105 168 192 55 198 175 198 168 168 168 198
92 92 203 203 92 92 92 113 92 203 92 203
9 203 9 9 55 125 55 203 55 55 55 55 203 9 203 9
92 55 92 55 92 55 92 55 142 55 92 92 92 55
55 55 9 55 9 105 55 9 9 55 55 9
226 142 92 182 142 142 226 142 142 92 142 142 142 142 142 142 92 142 142 142 182 92
55 17 9 92 9 186 97 92 55 9 55 9 9 92 92 25 92 9 55 92 55 9 55 9
92 115 115 115 203 203 92 92 115 115 92 203 115 92 92 183 115 92 115 203
18 18 18 18 18 18 18 18 18 18 18 18 18 18 18 18 18
87 14 17 55 92 203 55 92 98 147 92 92 55 92 203 55 9 55 92 9 92 203 92 55 203 203 92 9 203 55 73 17 225 92 92 55 92 9 64 9 9 203 97 55 203 55
55 9 9 9 55 9 9 9 55 55 9 9 55 9 9 55 138
115 92 115 203 203 9 115 203 92 9 136 92 92 203
199 219 199 219 219 219 219 199 168 219 219 199 219 168 219
55 203 55 170 55 203 9 9 236 55 236 9 203 203 203 203 9 55 55 203 203 9 203 151 203
115 129 9 173 115 55 55 129 129 115 115 55 55 173 55
142 142 182 182 115 182 182 142 115 182 182 115 142
201 32 202 92 32 49 133 150 209 210 115 67 32 32 231 92 201 61 92 231 201 115 32 32 32 96 168 168 32 193 92 92 201 168 129 32 32 34 32 115 92 168 173 168 177 146 168 168 212 199 115 67 115 188 32 168 202 202 115 32
179 142 142 55 179 179 92 179 179 161 142 55 161
92 9 92 92 84 92 179 179 55 55 45 80 55 80 136 92 9
92 92 92 92 92 174 92 92 203 92 92 203 92 92 92 203 203 92 92
203 92 92 92 92 203 92 92 92 203 203 113
203 92 25 92 9 92 9 215 203 213 92 236 203 25 150 92 203 203 151 215 151 157 150 151 92 151 73 203 92 92 73
199 199 199 115 199 115 115 199 115 199 230 199 199 115 199 199 230 199 115 115
92 55 133 55 9 9 133 165 92 9 92 55 133 9 9 92
115 55 55 55 115 55 115 55 55 165 115 115 115 115 115
92 92 92 203 97 118 203 115 203 115 92 115 92 92 115 184 203 115 115 115
179 142 142 55 179 179 92 179 179 161 142 55 161
92 92 92 92 92 92 92 92 92 92 92 92 92 161 92
92 9 92 92 55 9 9 92 55 9 170 55 55 92 9 92 55 55 92
55 110 110 92 157 55 92 110 55 55 55 55 110 55 110
92 175 175 92 115 92 92 115 115 115 92 92 115 115 115
168 168 168 168 168 168 168 168 168 168 170 168 168 168 168 168 168 168 170 227 168
9 168 188 97 9 199 168 55 199 168 168 168 168 168 55 168 97
214 214 214 214 214 214 214 214 214 214 214 214 214 214
203 55 55 118 55 203 203 203 45 55 55 55 17 151 151
183 183 183 183 183 183 183 183 183 183 183 183
181 176 115 92 175 118 151 115 115 92 115 92 115 151 115 92 92 92
203 203 133 203 203 92 92 203 92 92 92 203 203 92 92 203
183 183 203 183 203 183 183 183 183 203 183 183 193 183 183 203
199 219 199 219 219 219 219 199 168 219 219 199 219 168 219
92 9 92 125 92 9 9 92 92 92 9 9 92
183 183 183 183 183 183 183 183 183 183 183 183
55 55 9 9 9 55 55 9 55 105 55 9
203 115 9 183 115 183 115 168 203 208 183 183 203 3 148 9 9 115 184 154 5 9 236 118 5 55 203 3 55 168 65 215 64 168 179 186 188 154 183 157 203
66 66 32 72 32 66 32 32 66 32 32 40 66 66 66 32 117 117 117 117 66 66 32 66 117 117 78 66 48 117 32
219 55 224 214 55 214 214 214 129 219 80 55 214 219 219 214 0 80 214 214
183 183 183 183 183 183 183 183 183 183 183 183
9 55 55 9 9 55 9 80 55 80 55 55 55 35 55 165 55 55
113 92 203 92 203 92 92 203 92 92 92 203
113 9 9 9 9 9 9 9 113 73 9 73
150 92 92 92 92 150 92 92 92 92 150 150
203 92 203 133 203 203 203 92 92 92 92 203 203 92 92 203
115 115 115 203 203 115 115 115 136 115 203 203 115
55 55 121 55 55 55 55 55 55 121 55 55
213 129 168 168 92 168 92 168 92 168 168 129 129 92 168 129 129 168 168 168
32 32 32 32 32 32 32 32 32 32 32 32 32 32 32 32 32 32
55 9 92 138 92 45 92 9 205 9 92 55 9 55 55 45 45 55 9 9 92 9 17 92 17 55 9 9 9
129 9 129 214 92 214 129 9 9 92 142 142 129 142 92 142 142 142 142 9 142 92
55 55 121 55 55 55 55 55 55 55 55 55 55
183 183 183 183 183 183 183 183 183 183 183 183
9 125 125 9 9 92 92 92 92 92 9 92
168 142 142 142 168 168 168 168 142 55 55 142
55 55 215 203 55 9 9 64 9 9 185 203 9 55 55 203 9 9 55 9 55 55 55 9 55 55 9
115 115 9 118 115 115 115 115 115 9 150 9 9 17
203 92 92 9 203 203 92 125 9 92 203 92 92 203 45 92 203 92 92 215 198 92 92 102 203 125
199 168 29 5 115 168 46 229 183 183 183 46 202 168 157 168 168 123 115 186 183 168 105 229 105 183 10 90 168 168 168 115 150 234 150 142 210 142 142 154 188 115 168 196 102 142 38 55 212 216 142 223 168 168 92
183 183 183 183 183 183 183 183 183 183 183 183
55 55 55 17 92 9 9 203 97 12 97 55 55 9 55 55 92 92 92 179 9 92 64 92 55 55 92 9 9 55 9 55 203 9 92 9 55 92 113 55 203 55 55 92
183 183 183 203 193 183 183 203 193 183 183 183 203 183 183
183 183 183 183 183 183 183 183 183 183 183 183
183 183 183 183 183 183 183 183 183 183 183 183
9 9 9 105 55 55 55 55 9 55 9 55
183 183 55 183 55 204 183 55 183 183 183 55 183 183 55 55 183 183
161 9 161 161 203 151 55 92 92 203 92 9 92 9 92 9 142 227 151 9 161 9 161 92 9 92 9 142 142 151 92 161 55
55 55 55 55 203 92 203 92 92 55 92 203 161 203 92 92 92 55
92 168 168 168 200 168 168 92 168 92 97 168 168 92 168 92 92 170
129 9 129 214 92 214 129 9 9 92 142 142 129 142 92 142 142 142 142 9 142 92
115 148 115 115 115 115 115 9 115 9 9 9 9 115
115 115 115 115 203 203 115 115 115 115 203 203 136
147 115 147 105 220 92 92 92 92 115 9 115 115 87 92 157 105 147 157 102 147 115 161
115 55 115 115 55 165 115 115 165 115 55 55 115 55
92 55 55 92 55 92 55 55 92 142 92 55 92 92
9 55 92 9 9 55 17 105 161 151 176 55 9 138 9 92 9 92 189 113 203 64 92 110 55 92 92 125 215 92 92 64 9 9 92 2 9 9
175 115 151 203 55 115 151 55 203 55 154 203 151 203 154 115 115 115 154
92 92 55 142 55 92 55 92 55 92 92 55 92 55
183 183 183 183 183 183 183 183 183 183 183 183
173 9 9 17 9 147 142 142 9 142 142 142 142 142 142
183 183 183 183 183 183 183 183 183 183 183 183
66 66 66 66 66 66 66 66 66 66 66 66 66 66 66 66 66 66 66 66
227 227 227 203 233 203 227 203 227 227 227 227 227 203 227 227 227 227 227
32 32 32 32 32 32 32 32 32 32 32 32 32 32 32 32 32 32
115 73 115 236 64 115 203 115 115 203 55 115 215 203 55 203 115 115 203 203 55 73 186
55 55 203 203 203 203 55 55 55 203 203 203 203 215 136 203 64 203 203
142 9 9 150 142 174 9 142 55 142 142 150 174 142
105 55 55 9 55 9 55 9 9 55 55 9
55 55 92 55 92 55 92 55 92 142 92 92 92 55
186 55 183 183 183 55 55 115 183 183 55 121 183 115 55 183 55 183 115 115 115 183 121 183 115 0
92 32 32 174 18 196 92 124 18 214 115 191 115 168 168 92 183 34 168 18 191 32 168 106 168 168 92 46 115 115 168 83 18 145 93 147 48 168 231 168 168 168 197 169 18 102 168 32 92 115 32 101 230 18 183 231 32 92 168 168 115 108 92 115 48 32 182 98 168 92 125 115 206 100 92 228 39 168 82 168 168 168 168 168
115 55 55 115 55 115 115 115 55 115 115 115 55 165 55
92 9 92 92 9 151 92 151 9 115 9 157 115 9 151 9 9 115
203 9 115 115 92 151 92 151 17 92 228 55 9 215 151 55 92 215 175 55 151 73 118 203 92 9 17 55 115 115 118 115 92 203 176 55
175 115 115 92 115 115 92 115 115 92 92 115 92 92 115 92
168 168 174 151 168 151 168 168 168 168 168 168 168 151
9 142 9 55 180 142 55 9 142 150 92 142 182 55 197 142 80 142 9
32 32 32 32 32 32 32 32 32 32 32 32 32 32 32 32 32 32
32 32 32 32 32 32 32 32 32 32 32 32 32 32 32 32 32 32
203 168 9 168 9 193 168 203 9 168 168 168 168 203 168 9 168 9 203 168
9 9 9 196 9 151 84 9 9 9 55 9 9 9 203 55 237 55 9 151 151 9 9 203 9 9 9 203 203 55 55 55 84
151 9 55 9 55 55 9 9 55 55 9 151 55 165 55 55 55 55 151 55 55
92 147 105 9 55 80 142 236 55 9 203 9 67 17 9 9 9 9 55 92 9 151 9 151 9 9 9 80 9 151 80 136 9 55 55 9 55 151 9 55 9 151 9 17 203 151 203 55 168 9 9 9 9 9 203 55 9 138 9 55 9 121 9 9 136 9 151 151 9 35 236 203
203 136 80 98 115 55 115 203 55 102 55 115 55 115 98 115 224 203 92 55 115 73 55 136 87 115 55 115 73
115 183 115 183 183 219 183 183 183 183 219 115 115 115 183 115 183 183 115
92 203 203 92 203 113 92 92 203 92 92 92
55 55 203 55 9 125 55 9 55 9 9 203 9 203 9 9 9 9 157
9 92 92 9 92 9 125 9 92 9 92 92 92
9 55 55 9 64 55 9 225 203 55 136 55 35 17 225 203
18 66 66 36 122 18 183 32 18 168 214 94 66 168 59 116 32 32 142 168 18 187 230 142 224 66 190 32 18 214 142 168 202 55 9 92 32 18 23 9 169 32 168 183 168 168 90 142 148 168 52 231 168 9 199 32 117 18 94 18 142 142 32 142 9 94 144 214 32 142 66 18 18 18 18 18 32 20 9 183 183 92 149 168 168 93 18 183 125 102 117 161 183 32 9 202 171 18 180 33 69 18 66 142 214 209 55 211 142 18 94 18 169 168 142 183 66 59 41 32 11 142 55 34 142 32 18 117 54 32 55 123 168 142 168 202
183 183 183 183 183 183 183 183 183 183 183 183
13 202 209 228 228 185 168 168 168 168 168 209 168 209 202 168 168 168 168 168 202 202
183 183 183 183 183 183 183 183 183 183 183 183
185 183 183 55 115 183 150 142 115 142 183 142 183 142 55 42 115 55 9 150 9 142 115 115 9 55 42 55 183 183 183 9 142 133 183 121
183 18 18 18 18 183 18 18 18 183 18 18 18 183 183 18 18 18 183 69 18 183 183 183 18 183 183 18
55 161 55 142 150 92 142 182 142 182 80 55 142 142 142
154 92 64 9 55 154 92 92 203 55 121 55 55 55 55 55 55 55 115 203 92 55 203 64 97 203 55 213
9 151 9 35 9 9 151 9 9 9 9 98 9
142 92 142 92 92 92 92 142 92 92 142 142 142 92 92 142 214 92 92 142 92 92 92 142
66 66 27 84 81 32 214 32 18 219 66 32 108 190 32 18 32 32 18 108 103 149 214 94 66 32 32 42 84 66 32 112 94 24 37 32 32 18 117 129 117 55 18 94 66 32 32 18 9 66 49 194 33 117 141 32 55 94 32 214 140 68 178 214 84 38
183 183 183 183 183 183 183 183 183 183 183 183
66 66 76 214 32 168 234 219 66 32 192 183 183 183 32 61 214 94 66 196 183 168 168 66 41 94 36 183 32 171 32 78 78 104 94 66 32 168 32 34 141 78 171 32 94 32 66 214 32 8 171 214 199 168 168
183 183 183 183 183 183 183 183 183 183 183 183
199 219 199 219 219 219 219 199 168 219 219 199 219 168 219
92 92 92 92 203 113 92 203 203 203 92 92
115 115 115 55 133 115 115 80 80 55 55 115 179 203 203 179 203
92 92 125 92 9 9 92 9 9 125 92 92
9 168 9 182 168 168 168 182 168 182 168 168 168 9
32 32 32 32 32 32 32 32 32 32 32 32 32 32 32 32 32 32
9 55 151 9 151 55 55 55 9 55 55 9 55 55 64 64 9 166 151 55 55
66 66 66 66 66 66 66 66 66 66 66 66 66 66 66 66 66 66 66 66
55 92 17 9 9 203 147 165 148 105 203 9 92 55 9 105 9 55 181
17 129 9 92 9 92 9 92 97 92 92 92 9
9 9 142 142 35 148 142 142 148 9 9 142 142 174 142
55 55 55 55 55 55 9 154 9 55 55 9 9 9 55 55 55 55
174 115 115 115 115 199 115 150 150 150 115 115 174 115 150 115 150
9 55 203 92 147 181 9 105 133 9 203 105 147 92 9 9 203 55 55 9 203
60 32 92 41 32 37 147 41 92 92 60 32 32 32 92 129 32 32 36 37 32 32 32 32
115 214 214 115 214 115 214 214 115 115 214 115 214 214 115 214 214 214 214 6 214 115
203 92 115 203 92 92 203 183 203 55 115 203 203 115 9 55 55 203 9 55 203 92 55 55
55 55 148 55 55 225 55 203 55 55 80 121 55 225 203 55
182 142 142 115 182 182 142 182 142 182 115 115 182
9 183 168 168 168 168 9 168 168 9 168 9 168 168 9 168
55 97 9 92 55 17 138 9 92 9 9 9 92 9 55 55 9 138 9 9 184 92
154 115 55 154 115 55 154 154 55 115 115 115
9 183 115 183 37 9 55 115 113 183 185 183 17 183 73 115 9 115 150 168 168 150 185 183 115 115 97 183 183 115 183 9 115 115 55 48 115
183 183 183 183 183 183 183 183 183 183 183 183
55 80 102 55 142 142 92 142 92 92 92 55
183 183 168 168 168 168 183 0 183 168 168 183 183 168 183 183 168 168 183 168 183 183
92 9 9 92 9 157 9 9 92 9 9 92 92 9 92 9 9 92
203 9 203 203 203 203 9 97 203 9 203 9 9 203
55 64 9 55 17 110 9 55 9 55 9 55
183 183 183 183 183 183 183 183 183 183 183 183
183 183 183 184 217 55 183 9 9 183 9 55 55 9 183 183 183 183 55 9 64 183 55
26 18 18 18 18 18 9 18 18 18 18 18 18 18 9 18 18 9 9 9 18 18
92 92 92 181 92 9 9 17 92 92 92 9 9 92 92 92 92 92 92 97
66 66 66 66 66 66 66 66 66 66 66 66 66 66 66 66 66 66 66 66
183 183 183 183 183 183 183 183 183 183 183 183
9 9 9 9 9 98 9 9 151 9 9 151 151 9
203 151 203 9 151 9 203 84 9 9 203 9 151
55 9 151 55 55 151 55 151 9 9 55 115 55 9 9
115 55 115 55 115 115 161 55 55 161 115 161 115
17 203 9 151 9 9 203 9 142 151 203 9 203 203 151 9 9 9 215 9 203 203
9 203 203 203 84 151 9 151 9 151 9 9 203
55 9 203 55 55 9 9 55 55 9 55 186 55 55 25 9 55 9 236 203 55 203 9 55 55 25 9
55 203 203 203 55 55 55 55 203 203 203 113 203 55 203
55 105 9 55 9 55 55 9 9 55 55 9
9 9 98 9 9 151 151 9 9 9 9 151 9 9
203 203 9 151 203 9 151 151 151 9 151 9 9 151 203 97
126 126 126 126 126 126 126 126 126 126 126 126 126 126 126 126 126 126 126 126 126 126 126 126 126 126 126
203 9 151 45 9 203 203 203 210 55 203 55 55 203 55 151 9 203 55 55 236 9 35 203 203 9 55 55 176 55 9 55 9 203 9 203 55 55
55 151 55 151 55 151 151 151 151 113 55 151 151 151 151 55 151 151 55
126 9 55 126 126 9 126 9 126 203 126 9 55 126 126 126 126 126 126 143 9 126 9 126 126 55 55 9 126 126 126 126 126 203 55 126 215 151 55 203 9 126 126 151 126 127 151 126 9 9
183 183 183 183 183 183 183 183 183 183 183 183
227 227 227 227 227 227 227 227 227 227 227 227 227 227 227
203 203 203 9 203 151 203 203 203 203 9 203 9 125 151 9 151 203 203 9 203
92 55 80 55 55 55 98 98 151 55 9 92 55 55 176 55 92 55 55 55 9 55 9 9 9 9 92 9 55 55 9 97 55 55 228 9 55 9 151
203 9 151 84 9 151 9 9 203 151 203 9 203
203 203 203 203 151 203 151 203 203 203 151 55
9 9 55 9 9 9 9 9 9 9 170 9 55 9 9 9 9 64 55 55 17 55
55 151 151 55 55 151 9 55 55 203 9 55 151 9 203 9 55 55 55 55 151 9 203 151 55 203 55 180
92 92 97 92 203 97 92 203 92 92 175 92 92 92 203 92 203 92 92
152 152 152 152 152 152 152 152 152 152 152 152 152 152 152 152 152 152 152 152 152 152 152 152 152 152 152 152 152 152
227 227 227 227 227 227 227 227 227 227 227 227 227 227 227
9 55 9 203 55 55 203 55 64 9 55 125 9 203 55
9 9 55 55 64 9 125 55 9 55 203 55 203 55 203
92 55 55 92 9 125 9 55 92 55 92 55 55 195 9 55 17 55 9 92 55 55 92 92
92 113 92 92 203 92 92 203 203 92 92 203
151 203 203 98 9 151 151 151 151 203 151 9 9 215 17 9
55 9 55 9 105 55 55 9 55 9 9 55
92 9 9 92 92 125 92 92 9 92 9 125
9 9 55 9 55 9 9 55 105 55 55 55
142 142 142 177 142 55 55 142 55 177 142 142 55 177
199 199 199 199 199 199 199 199 199 199 199 199 199
92 92 151 92 92 113 151 151 92 92 92 151 151 151
142 92 92 92 142 185 92 142 142 142 92 185 142 142 142 92
203 9 203 203 9 203 97 203 64 203 9 203 9
55 113 113 113 203 203 55 55 55 203 55 133 55 203
152 152 152 152 152 152 152 152 152 152 152 152 152 152 152 152 152 152 152 152 152 152 152 152 152 152 152 152 152 152
9 9 9 9 85 9 9 9 9 9 92 9 85
9 9 203 9 151 151 203 9 9 9 151 9 180 9 9 9 9 9 9 9 151 9 9 203 151 9 9 203 9 151 9
115 55 115 55 115 115 161 55 55 161 115 161 115
142 142 142 142 142 203 142 203 142 142 161 142 203 203
55 92 55 92 55 92 92 142 92 55 92 55 92 55
151 9 9 151 203 203 203 97 9 9 151 9 203 151 151 151
142 142 203 142 142 203 203 203 142 142 142 142 142 161
9 55 55 9 55 9 9 55 55 105 9 55
9 9 151 151 64 9 151 9 151 151 9 151
203 151 203 203 9 9 9 9 9 151 9 9 151 9 9 118 203 9
126 126 126 126 126 126 126 126 126 126 126 126 126 126 126 126 126 126 126 126 126 126 126 126 126 126 126
9 9 92 9 92 9 9 92 92 92 92 125 92
9 9 161 9 92 9 92 92 92 97 9 9 9 9 92 92 92
55 9 9 151 9 151 55 55 55 9 55 9 151 55 165 55 55 55 55 55 55
92 92 92 203 203 92 113 203 92 186 92 92 92 92 92 9 92 9 9 92 92 9 9
151 9 9 151 9 9 9 9 9 9 151 98 9 9
17 55 203 55 151 151 148 55 151 9 64 9 9 55 176 151 55 203 55 151 203
152 152 152 152 152 152 152 152 152 152 152 152 152 152 152 152 152 152 152 152 152 152 152 152 152 152 152 152 152 152
87 55 189 9 203 151 151 133 151 151 55 203 55 9 151 9 9 9
55 203 55 55 55 55 55 9 203 55 55 203 9 9 9 55 203 55 9 55 203 55 203 203 203 180
9 126 126 9 126 126 126 126 126 126 131 126 126 126 126 126 126 126 126 9 126 126 126 126 126 126 126 9 126 126 126 9
227 227 227 227 227 227 227 227 227 227 227 227 227 227 227
9 115 115 9 55 115 115 115 9 203 115 203 203 55 115 9 55 9 55 115 188 203 55 55
227 227 227 227 142 142 142 227 142 142 227 22 227 227 227 142 142 142 227 227 227 227 142 227
55 55 55 55 55 55 55 55 55 55 55 121 55
151 203 203 203 203 151 203 203 203 55 203 151
115 115 115 203 115 115 136 115 115 115 203 203 203
151 151 151 151 151 151 80 203 151 151 151 151 151 151 151 151 151 151
9 9 92 142 9 92 142 142 142 92 9 142 142 142 9 92 9 9 92 142 9 92 9 9 9 9 142 9 9 233 9 92 9 9 9 9 9
203 115 115 115 115 136 115 115 203 115 115 203 203
203 9 9 203 203 203 97 203 203 203 203 9 9 9
203 92 203 92 203 92 92 203 203 150 92 203 203 92 203 203 203 203 203 92
9 203 9 110 9 9 203 9 9 203 203 9 9 9 9
9 147 92 203 9 203 92 9 9 92 92 203 203 92 92 92 9
203 203 203 203 203 203 203 203 203 203 203 203 203 203 203 102 203
55 9 55 9 55 9 138 9 9 9 55 9 55 9 9 55 9
92 151 203 92 203 151 92 183 92 203 9 203 203 203 92 203 9 203 203 151 92 151 203 151 9 151 203 203 9 9 92
9 9 9 9 55 9 55 9 55 138 55 9 9 55 55 9 9
55 203 125 9 203 9 55 203 55 55 9 203 55 9 55 9
125 92 9 9 92 92 9 92 92 9 9 92 92
55 55 142 179 55 55 147 55 55 64 142 200 142 55 55 55 55 142 142 142 142
152 152 160 152 152 152 152 152 152 152 152 152 152 152 152 92 152 152 92 152 92 152 152 152 152 160 92 152 152 152 92 152 92 152 152 152
55 92 173 55 25 55 9 92 55 92 92 92 9 173 73 92 9
152 152 152 152 152 152 152 152 152 152 152 152 152 152 152 152 152 152 152 152 152 152 152 152 152 152 152 152 152 152
168 168 203 168 168 203 179 168 203 168 168 203 168 168 168
203 151 9 203 115 151 203 9 203 203 9 151 203 151 151 9 151 9 203 203
183 183 183 183 183 183 183 183 183 183 183 183
9 151 151 9 151 203 9 203 203 84 9 9 203
9 9 199 55 9 45 9 151 9 9 55 176 9 151 151 25 9 55 9 25 9 9 85 9 176 55 119 55 9 9 9 55 9 151 9
150 142 142 142 142 150 142 236 151 151 85 150 85 142 165
55 9 151 9 55 151 55 9 9 9 55 55 151 55 115
55 55 55 55 55 55 55 142 55 55 203 55 203 203 55 203 55
126 203 126 115 126 126 126 126 126 126 136 126 126 126 126 127 126 115 115 115 126 126 126 126 126 126 126 151 115 203 126 151 126 126 126 139 115 126 9 115
136 9 92 92 92 151 9 92 151 92 9 92 9 151 92 9
183 183 183 183 183 183 183 183 183 183 183 183
203 203 142 92 196 185 203 92 185 142 161 185 161 203 92 142 92 185
55 55 9 9 55 55 9 9 105 55 55 9
203 203 203 92 215 97 92 203 92 203 136 92 203 203 92 92
9 9 203 203 203 9 9 203 129 9 9 9 203 9 203 9 203 9 203
55 55 55 55 55 55 55 55 55 55 55 55 121
126 126 126 126 126 203 126 126 126 126 126 126 126 126 126 126 203 203 126 130 126 126 126 126 126 126 126 126 126 126 203
84 203 203 9 151 9 203 203 9 9 151 151 9
92 92 9 92 125 9 92 92 92 9 9 9 92
219 183 115 183 183 183 115 115 115 183 183 115 115 183 183 115 183 183 115 183
9 55 105 55 55 55 55 9 55 9 9 9
203 203 203 203 203 203 203 80 203 203 203 203 203
203 203 203 203 203 80 203 203 203 203 203 203 203
105 55 55 55 55 55 9 9 9 55 9 9
203 55 92 92 203 92 92 92 55 55 55 203 203 92 55 55 92 161
55 55 203 151 203 151 102 151 203 55 55 55 55 203
203 55 203 203 151 9 151 151 151 9 151 55 151 55 9 154 55 151 9 151 9 55 203 55 151
55 203 55 92 55 55 151 151 151 55 151 55
136 203 203 151 9 203 151 151 9 151 151 203 151 203 9 203 203 9 203 203 9 203 203 203
9 92 185 17 92 147 142 92 142 9 92 201 92 92 142 9 142 142 9 142 142
142 142 142 142 179 142 55 55 142 55 142 55 142 55 142 55
152 152 152 152 152 152 152 152 152 152 152 152 152 152 152 152 152 152 152 152 152 152 152 152 152 152 152 152 152 152
9 203 9 9 9 203 9 9 9 9 151 203 9 118 151 9 203 151
105 9 55 203 55 9 203 55 203 55 203 125 9 55 9
151 151 151 55 55 151 55 92 55 151 55 55 151
126 126 126 126 126 126 126 126 126 126 126 126 126 126 126 126 126 126 126 126 126 126 126 126 126 126 126
203 55 55 203 203 203 55 55 175 203 203 55 55 125 203 203 55 215 55 203 203 55 203 55
203 203 203 203 203 203 55 151 151 203 151 203
85 203 236 203 203 236 203 203 85 203 236 64
150 92 142 161 151 142 92 142 118 142 142 189 185 142 185 150 92 3 151 151 142 151 161 193 185 150 142 142
151 151 203 203 203 55 203 203 203 203 203 151
55 9 55 55 55 9 9 105 55 9 9 55
55 55 55 55 92 92 92 138 92 92 138 138
9 9 9 110 9 203 203 110 203 9 9 9 9
152 152 152 152 152 152 152 152 152 152 152 152 152 152 152 152 152 152 152 152 152 152 152 152 152 152 152 152 152 152
9 9 9 9 55 151 55 9 151 55 9 9 55 151 9 55 55 9 9 148
203 203 203 203 203 203 203 80 203 203 203 203 203
110 9 17 55 9 64 9 9 55 55 55 55
203 92 203 203 113 92 92 92 203 92 92 92
199 199 199 199 199 199 199 199 199 199 199 199 199
9 9 9 151 203 55 115 151 151 92 151 115 151 9 9 203 9 92 203 115 9 64 151 115 115 203 9 115 55 9 92 92 115 5 92 64 115 55 215 92 203 215 9 55 203 98
55 203 203 203 55 142 55 55 55 55 55 55 55 55 203 55 55
126 126 126 126 126 126 126 126 126 126 126 126 126 126 126 126 126 126 126 126 126 126 126 126 126 126 126
85 9 203 203 85 9 73 203 9 203 9 9
64 147 203 203 55 203 55 55 64 55 55 55 203 55 55 55 55
203 203 92 92 203 168 203 92 25 92 236 9 92 9 9 203 203 92 203 25 92
152 152 152 129 152 9 92 92 152 152 152 152 152 152 152 152 92 92 92 152 152 152 164 152 152 152 152 152 9 9 152 152 152 98 152 152 25 152 152 152 152
115 9 203 9 9 203 203 203 203 9 203 203 203 203 203 203 9 203
9 92 92 9 92 203 203 203 9 203 203 9 9 203 9 92 9 9 92 203 9 203 203 203 203 188 92 203 9 92
55 9 55 9 9 55 105 9 9 55 55 55
9 151 92 203 92 25 97 92 9 203 9 92 142 2 17 151 151 185 147 9 151 92 9 203 142 9 92 9 9 9 142 151 142 9 151 142 64 142 142
92 92 203 203 9 9 192 55 203 113 92 9 55 98 9 203 92 9 203 55 55 55 98 203 102
17 203 203 9 203 98 203 215 203 9 9 203 9 203
92 92 92 92 185 55 92 92 185 55 92 55 92 55 55 92 92 92 92
126 152 152 152 207 152 152 126 152 152 126 152 152 152 126 126 152 126 126 152 126 126 126 126 126 152 207 126 126 152 152 152 126 152 126 152 126 152 126 126 152 152 152 126 126 152 126 152 126 152 126 152 152 126 152
9 203 17 9 215 203 9 203 98 203 9 203 203 203
126 126 126 126 126 126 126 126 126 126 126 126 126 126 126 126 126 126 126 126 126 126 126 126 126 126 126
55 55 203 203 203 113 55 203 203 25 203 55 55 55
129 9 9 203 203 203 203 9 9 9 9 203 9 9 9 203 9 203 203
115 115 115 115 161 9 151 115 9 115 115 9 115 176 17 151 9
9 203 9 9 203 151 9 151 203 84 9 203 151
97 203 203 9 203 203 9 203 9 9 203 9 203 203
55 55 115 165 115 115 115 115 55 115 55 55 115 115 55
55 55 92 92 55 55 55 203 55 203 55 55 142 55 55
55 55 55 55 55 121 55 55 121 55 55 55
136 115 203 115 115 115 203 203 203 115 115 115 115
215 92 92 203 9 17 9 92 203 148 203 92 9 92 92 9 92
126 126 126 126 126 126 126 126 126 126 126 126 126 126 126 126 126 126 126 126 126 126 126 126 126 126 126
203 9 9 9 92 121 9 9 9 203 215 9 9 121 121 9 97 203 64 121 215 203 55 92 9 210 9 9 9 203 203 25 9
175 115 203 115 55 115 115 55 203 115 203 55 115 55 115 55 92 115
9 115 115 115 150 118 9 115 17 115 9 9 115 115
9 9 9 9 55 118 55 9 9 9 87 55 9 9 214 9 9 55 9 9 9 9 9 102 9 148 55 55 9 55 9 9 9
55 55 84 9 55 55 84 55 9 136 55 9 9 9 9
64 9 9 55 17 55 55 9 9 55 9 9 55 55 55 55 9 55 55 9 55 1 9 9 55 55 9 55 55 55 55 9 9 105 9 55 55 55 9 105 9 9 55
203 203 92 92 92 92 203 203 92 92 92 113
151 151 151 151 176 176 151 151 151 203 203 151 151 151 151 176 203 151 151 151 176 203 85 151 151 151 151 85 142 151 151 151 151 151
203 236 203 98 151 9 203 92 92 203 55 55 9 203 92 55 92 92 98 9 151 203 203 203 203 203 202 9 55 55 203 151 9 55
126 126 126 126 126 126 126 126 126 126 126 126 126 126 126 126 126 126 126 126 126 126 126 126 126 126 126
55 151 9 9 151 55 9 9 151 55 9 115 55 55 55
55 9 80 55 151 9 92 55 151 92 220 84 9 55 92 9 92 80 118 9 55 55 55 9 151 55 9 25 98 151 176 92 9 9 151 80
9 180 55 203 55 92 55 55 92 203 64 125 203 9 92 55 9 92 55 92 92
55 55 138 55 55 92 92 138 92 92 138 92
55 92 55 92 92 142 142 142 92 55 206 142 142 142 142 92 55 92 55 55 142 92 142
9 55 55 151 55 203 203 138 9 176 215 151 55 203 9 9 55 9 55
199 199 199 199 199 199 199 199 199 199 199 199 199
151 161 142 142 142 142 151 142 142 151 151 142 142 151 142 151
142 142 151 92 55 142 92 151 142 55 142 55 151 92 151 55 55 55 55 55 55 92 55 151 142 142 151 142 55 92 142 55 92 92 229
148 9 9 115 115 9 115 9 9 115 115 115 115 115
9 9 9 9 9 9 9 9 9 9 121 9 9 9 9 9
133 203 203 203 55 203 203 203 203 55 55 203 203 203 203 55 203 55 55
55 55 55 55 55 55 55 55 121 55 55 55 55
92 55 55 92 55 55 142 55 92 92 92 92 55 92
151 55 203 203 151 203 203 151 203 203 203 203
55 55 55 151 55 55 151 55 174 55 55 55 55 151 55 55 55 55 55 55 55 55
9 125 203 151 151 92 151 92 9 154 9 203 92 9 92 203 203 92 92
9 9 55 55 55 203 55 125 55 55 64 9 203 9 203
9 148 9 151 9 55 55 9 9 55 9 55 55 9 9 55 151 9 9 151
55 142 142 55 142 55 142 179 142 142 142 55 142 55 142 55
92 9 25 92 9 9 92 129 129 92 92 98
55 203 55 203 55 55 203 113 203 203 203 203 55 55 203
115 206 203 115 203 115 9 9 9 115 115 115 115 115 115 203 115 115 115 115 9 115 9 203 115 115
110 9 55 17 9 55 9 55 55 55 64 9
64 151 151 55 55 55 55 176 97 151 151 151 55
200 199 9 9 203 199 203 9 9 203 9 9 9 9 199 9 9 215 9 199 203 151 203 203 18 151 199 151 199 17 9 203 199 203 9 199 200 9 215 203 203 199 200
98 9 9 9 151 9 9 9 151 151 9 9 9 9
151 151 9 9 203 203 9 151 203 97 9 151 151 203 151 9
55 9 198 9 35 55 203 92 9 203 55 92 92 55 9 9 9 92 35 9 92 9 92 203 55 203 55 151 92
142 151 193 185 189 193 92 185 142 161 92 161 92 142 185 98
152 152 152 152 152 152 152 152 152 152 152 152 152 152 152 152 152 152 152 152 152 152 152 152 152 152 152 152 152 152
199 199 199 199 199 199 199 199 199 199 199 199 199
9 17 121 203 9 151 9 9 203 203 9 151 17 9 151 203 9 9
9 9 9 9 110 9 9 203 203 9 203 9 9 203 9
152 152 152 152 9 152 152 152 152 152 152 152 151 152 152 152 152 152 9 152 151 152 152 152 152 152 156 152 152 152 151 152 152 152 9 9 9 152
227 227 227 227 227 227 227 227 227 227 227 227 227 227 227
92 92 92 203 92 92 92 203 203 113 92 203
151 9 9 9 203 203 84 9 203 9 151 151 203
203 9 9 9 9 151 9 151 9 203 9 151 9 9 9 151 203 9 9 9 9 151 151 161 9 203
9 203 9 151 203 203 151 151 9 203 97 9 151 151 9 151
152 152 55 152 152 152 152 152 152 152 152 55 152 152 152 152 158 152 152 152 152 152 55 152 152 152 152 152 152 55 55 152 55 152 152 152
92 92 161 92 92 92 92 161 92 92 92 92 92 92
9 92 203 203 9 92 9 92 203 9 9 203 203 203 9 92 92 203 9 203 9 92 9 9 181 92
142 142 142 9 9 142 142 9 142 9 142 142 170 142 9
151 151 203 161 151 55 151 55 151 55 203 55 55 203 203 55 151 55 55 55 55 55 55
9 151 9 151 9 9 55 85 85 151 85 85 9
9 175 92 80 9 55 92 25 25 92 55 55 92 64 92 92 92 55 17
203 203 113 203 203 92 92 92 92 92 92 92
118 55 55 55 9 55 9 55 55 150 55 55 150 9 9
92 113 92 203 203 203 92 92 92 92 92 203
9 73 203 55 236 151 9 168 73 9 55 203 203 55 9 203 9 203 55 151 151 203 151 151 151 203
203 151 92 151 92 92 151 203 136 97 92 151 151 203 92 176 203 92
92 55 92 173 55 25 55 92 55 92 92 173 9 9 73 92 9
9 9 92 9 92 9 92 92 92 9 125 92 92
126 126 126 126 126 126 126 126 126 126 126 126 126 126 126 126 126 126 126 126 126 151 151 126 151 126 128 126 126 126
85 9 92 9 85 9 92 92 92 129 9 9 92 92 92
203 203 9 9 9 9 110 9 9 203 9 9 9 9 203
92 92 92 92 92 92 92 92 161 92 92 92 92 92 92
55 9 203 9 55 203 173 9 203 203 55 203 203 55 55 203 9 9 9 9 9 9 55 9 203
9 9 203 151 203 203 84 151 151 9 9 203 9
92 55 55 92 92 92 55 55 55 55 203 92 55 55 185 55 203 92 203 55 55 55 92 203
92 80 92 9 142 9 80 142 92 219 142 142 92 219 150 9 92 55 9 142 55 180 92 150
9 9 9 9 151 92 203 203 9 92 9 92 203 151 203 92 92 9 9 9 151 9 177 92 92
55 55 203 25 55 203 55 203 203 55 55 203 203 113
151 166 151 151 97 55 55 92 55 176 64 151 55 92 92 92 92 55 151 97
92 92 92 92 92 92 92 92 92 92 55 55 92 55 92 55 185 55 92 92 55
110 151 9 151 151 151 9 9 9 9 9 151 9 151 9 9 9
97 9 203 203 203 203 9 9 203 9 203 203 203 9
199 199 199 199 199 199 199 199 199 199 199 199 199
142 142 142 142 9 9 9 9 142 142 170 142 9 142 142
170 55 9 9 55 9 9 9 55 55 9 9 55 9 9 55 17 9 9 9 9 17
152 152 152 152 152 152 152 152 152 92 152 152 163 152 9 152 152 152 152 152 9 92 152 92 152 152 152 92 152 9 92 92 152 152 152 92 9 152 152 152 152 9
203 9 9 9 203 9 9 9 9 9 9 110 203 9 203
152 152 152 152 152 152 152 152 152 152 152 152 152 152 152 152 152 152 152 152 152 152 152 152 152 152 152 152 152 152
55 55 55 55 203 142 55 55 118 64 55 203 203 118 215
152 152 152 152 152 152 9 152 152 152 152 152 55 9 9 152 152 152 152 152 55 9 9 9 55 9 167 152 152 152 55 55 152 152 9 152 9 55 152 152 9 9 9 9 9 152 152 152 152 152 9
9 97 203 9 203 203 9 9 203 203 203 203 203 9
203 203 92 203 92 92 92 92 113 92 203 92
92 9 92 9 97 92 92 92 9 9 9 9 17 9 92 9 165 25
142 142 64 55 55 203 115 142 115 55 115 142 9 203 203 142 55 115 9 203 203 55 55 55 55 115 203 9 115 17 55 203 142 55 55 203 55 203 64 50 55 142 55 55 142 55 203 55 203 142 115 17 64 115 203 55 64 55 55
203 9 203 9 203 203 98 85 9 9 203 9 203 203 203 85
9 9 151 151 9 151 151 9 151 151 9 64
92 9 9 92 92 125 92 92 9 92 9 125
151 9 97 9 151 151 203 203 151 25 9 9 203 9
151 151 9 203 215 9 9 9 9 9 9 9 17 9 203 203 121 151
92 113 92 92 92 92 203 92 92 203 203 203
151 203 203 203 203 203 151 151 92 203 203 203 203 203 203 203
203 142 142 176 142 142 151 203 203 203 203 142 193 142 142 142 203 151 151 142 203 203 203 176 203 203 151 203
55 55 55 203 203 55 203 203 203 203 203 203 55 55 113
203 203 9 17 203 9 203 203 203 98 215 9 9 203
203 203 203 203 64 203 147 203 151 203 203 9 203 151 151 203 9 9 9 203 203 203 203 203
55 55 85 151 55 151 55 9 151 9 118 9 9 85 55 9 55
9 55 55 9 9 9 203 9 203 9 203 55 203 55 9 9 55 9 9 157 55
142 142 177 142 55 55 142 142 55 177 142 142 55 177
168 168 168 168 115 168 168 115 115 115 168 168 208 115 115 115 208 168
55 115 151 151 55 9 9 9 9 55 55 151 55 9 55
64 218 55 199 199 199 55 199 199 199 200 55 199 199 55 199 199 55 199
151 9 151 151 9 84 9 203 203 9 203 203 9
203 151 203 203 203 151 151 203 203 151 80 151 151 203 203
168 168 9 9 168 168 168 168 9 9 183 168 168 9 168 168
115 203 92 92 203 92 92 85 92 92 92 85 203 203
92 92 142 92 92 92 92 185 185 92 214 142 161 92 92 185 161 92 142 92 185
55 203 203 9 55 203 9 55 9 55 9 9 125 203 55 55
152 152 152 152 152 152 152 152 152 152 152 152 9 152 9 9 152 152 152 25 152 152 162 152 162 152 152 9 152 152 9 9 25 152 9 9 152 152 84 152 152
97 9 9 9 92 9 9 92 161 9 9 92 92 92 17 9 9 92
126 92 203 126 126 126 126 126 126 126 203 126 126 126 126 126 126 92 126 126 203 126 126 126 92 126 126 126 92 92 126 203 126 92 126 126 137 92
152 152 152 152 152 152 152 152 152 152 152 152 152 152 152 152 152 152 152 152 152 152 152 152 152 152 152 152 152 152
227 227 227 227 115 115 227 115 227 15 227 227 227 227 227 115 115 15 15 115 227
142 142 142 142 142 142 142 142 142 142 142 206 142 142 142 142 142 142 142
55 92 203 198 92 98 92 55 55 92 98 102 92 92 92 55 203 55 92 92 203 55 203 92 92
203 9 203 203 9 9 9 215 203 9 203 215 98 203
9 85 9 203 9 85 9 203 203 73 9 203
9 92 125 9 92 92 9 9 92 92 9 92 92
55 55 55 17 151 9 9 55 55 151 55 55 9 84 55 25 25 151 9 55 9 55 184 9 55 9
9 151 9 9 9 9 151 98 9 9 9 9 9 151
55 55 115 115 175 55 55 203 115 55 115 115 115 115 55 115 203 203 203
17 92 151 92 92 9 9 203 9 9 92 92 9 9 9 203 92 179 151 203 9 9 92 176 203
55 55 55 55 9 203 9 55 55 55 203 55 55 55 55 55 203 55 193 9 55 9 55 55 55 9 203 55
9 84 9 9 9 9 9 84 9 9 9 9 9 118
150 55 55 55 9 55 9 55 55 150 55 55 118 9 9
142 142 179 142 55 55 55 142 142 55 55 142 142 55 142 142
9 151 55 55 55 9 9 55 55 9 115 151 55 151 9
142 92 92 92 142 92 92 142 142 185 92 185 142 142 142 142
126 126 126 126 126 126 126 126 126 126 126 126 126 126 126 126 126 126 126 126 126 126 126 126 126 126 126
55 55 105 55 9 55 55 55 9 9 9 9
151 9 9 151 151 9 151 9 151 151 9 64
55 55 9 9 9 55 55 55 9 55 55 55 55 55 9 55 154 55
168 168 168 168 168 168 115 115 115 115 168 168 115 208 115 115 208 168
9 92 125 92 125 92 92 92 9 9 9 92
126 126 126 126 126 126 126 126 126 126 126 126 126 126 126 126 126 126 126 126 126 126 126 126 126 126 126
154 9 55 9 151 151 55 9 55 189 55 9 9 9 9 55 55 55 9 9
92 113 92 92 92 203 203 203 92 203 92 92
115 115 115 203 115 115 115 115 136 203 115 203 203
227 227 227 227 227 227 227 227 227 227 227 227 227 227 227
203 203 203 203 203 151 151 92 203 203 203 203 203 151 203 203
92 142 142 92 142 55 55 92 55 206 142 142 206 142 142 92 92 142 92 55 55
126 126 126 126 126 126 126 126 126 126 126 126 126 126 126 126 126 126 126 126 126 126 126 126 126 126 126
115 55 115 115 118 9 182 115 55 9 55 17 115 55 9 55 115 115 55 9
92 55 55 25 55 55 9 9 55 55 55 55 92 55 226 9 25 25 55 55 9 9 92 55 55 64 84 55 92 92 55 92 9 92 9 55
9 92 125 92 125 92 92 92 9 9 9 92
227 227 227 227 227 227 227 227 227 227 227 227 227 227 227
142 142 142 55 55 55 179 55 142 142 142 142 142 142 55 55
203 203 115 203 203 203 203 203 203 9 203 203 9 9 9 203 9 203
55 73 203 236 203 55 203 55 166 203 55 203 55 55 55 55 73 55 203 203 55
55 203 151 203 203 151 203 203 203 203 203 151
203 203 203 203 151 203 203 203 55 151 151 203
92 55 102 55 92 92 203 55 203 98 203 55 92 203 98 64 55 55 203 64 98 203 203 55 200 55 55
92 92 203 92 97 115 92 203 203 92 215 92
9 55 55 55 55 9 9 9 55 105 9 55
126 55 126 126 126 126 55 126 126 126 126 126 126 126 126 126 126 55 126 126 126 126 126 126 55 126 126 55 126 55 134 126 126
152 152 152 152 152 152 152 152 152 152 152 152 152 152 152 152 152 152 152 152 152 152 152 152 152 152 152 152 152 152
9 9 157 9 92 9 92 9 9 9 92 92 9 92 92 9 9 92
92 92 92 203 113 92 203 203 92 203 92 92
9 9 9 9 203 9 203 203 203 9 203 203 129 9 203 9 9 203 9
55 9 9 9 55 203 55 9 55 203 9 203 203 203 9 9 203 203 9 55 9 173 9 203 55
9 9 9 9 9 9 9 9 9 9 9 9 121 9 9 9
142 142 142 203 142 142 203 142 203 203 203 142 179 151 151 142 142 203 203 151 203
9 151 9 203 9 55 151 55 9 203 151 55 9 9 151 9 199 9 203 203 9 9 151 55 151 55 151 9 203 9 151 203 9 9 55 9 151 203 203
55 176 55 151 203 203 203 203 151 203 55 203 136 151 151 55 176 203 55 203 55
92 92 92 186 55 92 55 98 55 186 92 92 98 92 55 55 92 92 92
203 203 203 203 151 203 203 92 203 151 203 203 203 203 203 151
152 152 152 152 152 152 152 152 152 152 152 152 152 152 152 152 152 152 152 152 152 152 152 152 152 152 152 152 152 152
152 152 152 152 152 152 152 152 152 152 152 152 152 152 152 152 152 152 152 152 152 152 152 152 152 152 152 152 152 152
151 9 151 151 9 9 151 64 9 151 9 151
142 142 180 142 9 142 142 9 203 9 9 142 142 9 203 203 142 142 203
17 9 9 110 9 64 55 55 55 9 55 55
92 92 92 92 92 161 92 92 92 92 92 92 92 92 92
227 227 227 227 227 227 227 227 227 227 227 227 227 227 227
92 203 9 151 9 203 92 92 203 203 92 151 92 9 92 170 203 9 203 92 203 9 151 203
25 92 203 92 203 203 55 236 9 92 25 55 55 203 55 55 92 55 55 55 203 9 92 55 92 55 203 210 9 55 92 55 203
92 92 161 92 92 92 92 161 92 92 92 92 92 92
9 55 105 55 55 9 55 55 9 9 9 55
199 199 199 199 199 199 199 199 199 199 199 199 199
9 9 9 9 9 9 115 9 115 9 9 9 115 115 115 115 115 115 186 9 9 9 9 9
92 55 200 9 55 121 121 9 25 92 9 92 55 9 55 55 9 121 9 64 17 121 9 55 55 9
9 102 9 9 148 55 55 55 55 118 55 55 55 148
9 9 203 203 9 203 151 84 9 9 203 151 151
92 9 92 9 9 17 168 9 151 92 92 9 9 151 9 97 92 92 151 9 9
126 126 126 126 126 126 126 126 126 126 126 126 126 126 126 126 126 126 126 126 126 126 126 126 126 126 126
152 152 152 152 152 152 152 152 152 152 152 152 152 152 152 152 152 152 152 152 152 152 152 152 152 152 152 152 152 152
55 25 9 55 9 55 35 55 55 203 9 9 203 25 9 175 203 9 203 55 203 9 203 203 203
9 97 203 203 9 203 9 203 9 203 203 9 203 203
9 118 9 9 9 9 9 84 9 9 9 9 9 84
9 9 203 92 92 9 9 203 9 185 203 9 9 9 92 9 92 9 203 9 9 92 92 9 9 92 9
55 9 9 9 55 55 105 55 55 9 9 55
9 203 9 55 55 203 55 125 55 55 9 203 203 9 9 55
9 55 203 55 9 55 203 125 55 9 55 9 9 55 203 203
9 25 92 92 98 92 92 9 181 92 92 92 92 92 92 92 181 9
9 9 9 9 9 151 9 87 9 9 9 9 151 165 9 9 9 151 9 9 9 9 9
151 92 55 92 9 92 9 92 175 151 92 9 55 55 9 55 55 92 92 55 9 151
55 55 55 55 105 55 9 9 9 9 9 55
92 203 92 25 121 55 151 92 203 121 151 203 151 161 121 55 151 121
203 55 151 203 55 55 55 151 203 203 102 55 55 151
142 228 55 55 142 55 142 73 25 55 228 118 55 142 55 9 142 142 55 55 142 55 55 55 73 142 25 9
227 227 227 227 227 227 227 227 227 227 227 227 227 227 227
55 9 9 9 55 64 55 9 151 9 151 9 9 9 9 150 55 151 17 55
203 126 203 126 203 126 126 126 203 126 203 126 126 203 126 126 126 132 126 126 126 126 203 126 126 126 126 126 126 203 126 126 126 126 126
9 9 9 203 92 203 203 203 92 9 92 203 203 165 92 92 203 92 92 64
161 9 9 9 9 9 203 9 9 203 203 9 9 9 203 9 9 203 203 9 9 9 203 203
55 9 9 55 9 55 9 55 9 9 9 9 9 183 9 9 9 9 9 9 55 55 9 9 9 9 9
9 203 9 9 9 9 9 110 9 203 203 9 203 9 9
64 9 9 9 9 151 151 9 151 151 151 151
92 9 25 92 9 9 92 129 129 92 92 98
9 9 85 151 73 9 151 176 151 9 151 9 151
142 228 55 55 142 55 142 73 25 55 228 118 55 142 55 9 142 142 55 55 142 55 55 55 73 142 25 9
17 9 92 203 92 203 92 148 9 92 9 203 203 97 92 92 9
151 151 92 151 92 92 151 92 92 92 113 92 151 151
9 203 203 97 203 9 9 203 203 9 203 9 203 203
55 55 105 55 55 9 55 9 9 9 55 9
9 203 9 203 203 85 9 73 9 9 203 85
203 142 9 203 9 9 115 9 203 9 142 20 215 142 142 203 115 115 115 9 9 9 203 9 203 142 17 9 142 9 142 9 115 215 142 215 9 9 9 203 136 9 9 115 203 9 115 9 142
151 55 203 176 203 142 9 236 203 189 203 3 225 55 147 179 55 55 9 151 151 189 55 55 55 225 55 142 151 151 142 9 17 84 55 9 55 142 203 151 142 142 142
15 227 227 227 115 115 227 115 227 227 227 227 227 227 227 115 115 15 15 115 227
203 118 9 9 9 151 203 203 9 9 9 9 203 9 151 151 9 9
142 185 185 185 92 185 142 161 92 161 92 142 185 92
9 203 9 203 9 97 9 203 203 9 203 203 203 203
9 203 55 125 55 55 9 203 55 9 203 203 55 9 55 9
55 151 9 55 203 9 151 151 181 9 203 55 9 151 9 151 9 203 9 55 9 55 203 9 203 203 203 9 203 151 55
64 92 55 202 92 9 55 9 25 97 9 92 64 55 9 17 9 55 9 92 9 92 9 9 9 9 9 9 92
92 203 92 55 92 92 92 203 55 92 92 203 55 203 151 151 168 151 55 55 55
55 55 55 55 55 121 55 55 55 55 55 55 55
55 9 9 9 55 236 64 9 9 73 203 73 215 55 203 136
152 152 152 152 152 152 152 152 152 152 152 152 152 152 152 152 152 152 152 152 152 152 152 152 152 152 152 152 152 152
203 203 203 151 203 203 151 203 203 203 203 176 151 203 203 151 115 151 151 151 203 176
152 152 152 152 152 152 152 152 152 152 155 152 203 152 152 152 152 152 152 152 152 152 152 152 152 152 152 152 203 152 203 203 152 152
126 126 126 126 126 126 126 126 126 126 126 126 126 126 126 126 126 126 126 126 126 126 126 126 126 126 126
55 142 55 55 55 142 200 142 142 142 142 55 55 55 142 55 64 64 55 142 55 142
92 203 203 92 92 203 92 92 92 203 92 113
147 55 55 203 64 55 64 203 55 203 55 203 55 55 55 55 55
152 152 152 152 152 152 152 152 152 152 152 152 152 152 152 152 152 152 152 152 152 152 152 152 152 152 152 152 152 152
9 55 9 203 55 203 9 9 136 203 151 55 55 55 55 9 151 151 203
55 80 142 142 142 150 55 180 142 80 180 180 142 150
151 151 9 151 151 64 9 9 9 9 151 151
105 9 55 9 9 55 55 9 55 55 55 9
55 203 55 151 151 55 55 203 203 203 55 102 151 55
173 9 92 9 92 9 92 9 92 203 9 203 9 203 92 92 9 9 92 9 9 203
92 203 151 150 92 151 151 92 151 151 151 92 203 151 151 151 92 151 203 92 151 203 151 92
203 55 203 173 203 203 203 203 55 203 203 151 203 203 203 55 203 151 203 73 151 55 55 55 203 203 17
203 55 55 55 203 203 55 151 203 151 55 203 151 55 203 203 121 203
9 92 92 92 92 92 92 9 9 9 125 92 9
92 203 203 203 203 92 92 92 92 92 113 92
199 199 199 199 199 199 199 199 199 199 199 199 199
183 183 183 183 183 183 183 183 183 183 183 183
203 9 203 9 203 203 203 151 203 203 9 84 9 105 151
55 9 55 9 9 55 9 55 9 64 9 55 17 9 105 9 9 55 9 9 55 9 55 205 87 9 9 55 9 9 55
55 55 125 55 55 55 64 55 55 55 55 55 64
203 115 9 115 203 115 9 203 115 9 115 203 9 115 203 203 203 9 115 115 177 203
92 92 92 186 55 92 55 98 55 186 92 92 98 92 55 55 92 92 92
9 55 55 9 55 9 55 151 9 9 151 55 115 55 151
203 9 203 203 203 151 151 203 151 9 105 203 9 203 203 9 9
55 92 142 92 92 55 92 92 92 55 55 55 92 55
203 203 203 203 203 97 9 203 9 9 9 203 9 203
9 9 203 203 136 203 203 203 203 203 203 203 80 9 203 9 203 9 203 203
55 55 55 55 55 121 55 55 121 55 55 55
115 55 115 55 115 115 161 55 55 161 115 161 115
203 203 9 9 80 9 203 203 203 115 203 203 9 9 203 203
9 25 92 92 98 92 92 9 181 92 92 92 92 92 92 92 181 9
121 92 151 203 92 92 92 92 203 92 92 203 151 151 203
151 203 92 151 151 92 151 92 133 151 203 203 92 92 92 92 151 203
203 151 9 203 92 9 9 17 92 203 215 203 92 9 203 215 92 203 203 176 203 151 92 9 151 25 92 203 176 17 9 151 203 92 202 9
142 142 142 142 142 142 203 203 203 142 161 142 142 203
92 92 55 55 92 55 92 92 142 92 55 55 55 92
183 183 183 183 183 183 183 183 183 183 183 183
199 199 199 199 199 199 199 199 199 199 199 199 199
92 151 92 92 151 203 151 151 92 92 113 92 92
203 55 55 55 203 151 203 151 151 9 55 55 9 9 55 203 9 136 9
183 183 183 183 183 183 183 183 183 183 183 183
183 183 183 183 183 183 183 183 183 183 183 183
151 9 203 84 203 151 151 203 203 9 9 9 9
203 9 203 203 9 203 203 9 203 9 9 203 203 9 17 203 203 9 203 17 9 203 9 165 9
9 151 203 92 17 9 9 9 92 9 92 203 9 9 92 9 92 9 92 92 9 9 9 215 9 203 151 9 193 151
183 55 183 55 183 183 183 55 55 183 183 183 183 55 55 204 183 183
9 209 203 203 92 92 9 9 203 92 92 113 9 9 92 92 9 92 9 203 92 92 9 203 203 92 92 9 92 9 92 203
227 227 227 227 227 227 227 227 227 227 227 227 227 227 227
92 9 9 129 9 9 92 97 92 17 92 92 92
55 55 55 55 203 55 203 180 55 55 55 55 55 55 55 55 203 215 55 55 55 55 64
9 203 9 97 203 203 203 9 203 9 203 9 203 203
55 55 9 9 105 9 55 55 55 55 9 9
152 152 236 152 203 152 152 152 159 152 152 152 203 152 152 9 151 152 152 152 9 203 152 152 9 152 152 151 152 152 152 152 152 152 152 152 9 9 152 152 152
142 142 203 142 142 161 203 203 142 142 142 203 142 142
115 115 9 9 9 9 115 174 9 115 9 115 9 115 115 9 9 115 9
9 55 203 9 9 9 55 157 203 9 55 9 9 203 55 9 9 203 55 55 9
126 126 126 126 126 126 126 126 126 126 126 126 126 126 126 126 126 126 126 126 126 126 126 126 126 126 126
92 92 92 92 185 55 92 92 185 55 92 55 92 55 55 92 92 92 92
152 152 152 152 152 152 152 152 152 152 152 152 9 152 9 9 152 152 152 25 152 152 162 152 162 152 152 9 152 152 9 9 25 152 9 9 152 152 84 152 152
55 9 9 55 203 55 55 55 203 9 55 55 9 203 203 55 9 55 170 55 55 55
161 9 9 9 9 92 97 9 9 9 92 92 92 92 17 9 92 9
199 199 199 199 199 199 199 199 199 199 199 199 199
92 142 142 92 142 55 55 92 55 206 142 142 206 142 142 92 92 142 92 55 55
151 203 151 9 9 9 203 9 203 84 203 9 151
203 9 9 9 203 9 9 9 9 9 203 203 110 9 9
9 92 9 92 9 157 92 9 92 9 9 9 9 92 92 9 9 92
203 9 9 129 9 9 9 9 203 203 203 9 9 9 203 9 203 203 203
55 9 9 55 129 203 203 55 215 203 9 9 55 55 9 64
92 92 92 92 92 161 92 92 92 92 92 92 92 92 92
97 92 121 55 92 121 176 136 121 121 55 151 151
203 203 9 203 151 9 151 203 203 9 9 215 151 203 203 203 203 215 151 203 203 203 151 9 9 161 215
55 92 92 55 142 55 92 55 92 92 55 92 92 55
55 203 203 203 203 9 9 203 55 203 55 147 9 9 55 9 55 203 55 203
203 9 203 9 203 203 203 97 9 9 203 203 203 9
227 227 227 227 227 227 227 227 227 227 227 227 227 227 227
203 115 203 115 115 115 115 115 203 136 115 115 203
126 55 126 126 126 151 55 135 126 126 126 126 126 126 126 55 126 126 126 126 151 126 126 126 55 126 126 126 126 126 85 126 151 126 55 126 85 55
203 203 55 55 55 113 55 55 55 203 203 203 203 203 203
151 55 55 151 151 151 55 55 151 151 55 151 151 55 102 151
126 126 126 126 151 126 151 126 126 126 126 126 126 126 126 151 126 126 151 126 126 130 126 126 126 151 126 126 126 151 126 126 126
92 92 203 203 92 92 113 203 92 92 203 92
97 203 9 9 203 203 9 9 203 203 203 203 203 9
92 133 9 92 92 92 9 25 92 9 102 92 25
55 9 9 55 151 55 151 9 55 9 55 55 188 9 9 55 203 9 55 55 55 203 9 203 9 203 151 9 55 55
203 80 203 203 203 203 203 203 203 25 203 203
203 203 55 151 203 203 151 203 203 203 203 151
9 64 17 151 55 55 9 9 9 203 151 55 151 203 9 203 203 168 55 9 9 55 9 9
203 215 129 151 203 203 9 151 9 203 203 203 203 215 9 9 203 151 203 9 203
92 80 92 9 142 9 80 142 92 219 142 142 92 219 150 9 92 55 9 142 55 180 92 150
15 227 227 227 115 115 227 115 227 227 227 227 227 227 227 115 115 15 15 115 227
142 142 142 9 142 9 142 9 142 9 142 170 142 9 142
126 152 152 152 207 152 152 126 152 152 126 152 152 152 126 126 152 126 126 152 126 126 126 126 126 152 207 126 126 152 152 152 126 152 126 152 126 152 126 126 152 152 152 126 126 152 126 152 126 152 126 152 152 126 152
183 183 183 183 183 183 183 183 183 183 183 183
9 9 9 9 151 98 9 9 9 9 9 151 151 9
9 151 151 203 203 9 151 9 9 9 203 203 84
55 55 138 55 92 92 92 138 55 92 92 138
227 227 227 227 227 227 227 227 227 227 227 227 227 227 227
152 152 152 152 152 152 152 152 152 152 152 152 152 152 152 152 152 152 152 152 152 152 152 152 152 152 152 152 152 152
9 9 151 151 9 9 151 203 203 9 55 151 9 203 55 9 151 9 55 151 9 9 55 9 9 9 203 55 9 9 185 55
9 55 9 203 9 55 9 203 151 203 92 203 170 55 203 55 203 203 203 151 203 9 55 151 203 203