584 121 380 664 584 584 248 141 121 584 584 664 248 141 121 247 664 121 121 260
430 430 430 299 299 299 430 430 430 430 584 664 664 377 578 584 664 584 584 584 299 299 584 578 664 664 299 430 299 299 430 584
206 664 440 206 664 206 206 206 664 664 664 206 206 584 584 584 584 584 664 206 206
665 584 113 664 664 584 664 584 187 584 584 664 664 664 607 584 4 555 584 607 584 75 584 166 644 582 584 584 584 584 664 584 584 664 584
286 664 121 664 664 121 121 664 121 121 664 286 121 121
584 584 616 584 53 664 584 584 664 684 53 584 630 53 584 430 584 615 664 584 430 664 664 53 584 664 584 584 684 584 584 607 55 430 664 584 584 584 93 584 663 664 664 584 664 664 584 53 607 53 53 584 584 584 664 664 630 584 607 584 616 584 664
381 381 381 381 381 381 381 381 381 381 381 381
121 337 53 53 121 337 121 121 121 121 53 53 53 53 121
639 639 639 639 639 639 639 639 639 639 639 639 639 639 639 639 639 639
381 381 381 381 381 381 381 381 381 381 381 381
53 430 53 53 53 53 53 430 114 430 53 430
10 10 10 10 10 10 10 10 10 10 10 10 10 10 10 10 10 10 10 10
206 206 430 531 285 206 206 285 206 430 206 229 206
381 381 336 299 590 299 299 590 381 299 381 443 381 299 590 336 299 381 381 381
584 664 53 584 121 584 630 584 584 53 644 74 53 153 607 53 121 53 584 4 584 53 584 644 53 664 53 121 684 53 664 607 121 584 584 644 121 430 584 35 121 644 584 53 584 121 584 53 430 121 74 53 430 4 4 584 584 607 53 430 584 53 53 53 584 664 584 53 584 664 53 584
10 10 10 10 10 10 10 10 10 10 10 10 10 10 10 10 10 10 10 10
603 460 603 603 381 460 460 460 603 603 603 603 381 460 460 381 381 381
153 53 584 53 584 584 53 584 153 53 53 53
584 584 584 584 584 584 584 584 584 41 242 584 584 584 584 584 584 584 41
38 664 206 121 49 100 206 299 664 299 206 664 664 664 664 336 299 336 249 100 206 121 664 664 664 186 454 229 301 206 206 49 100 664 38 121 74 49 121 121 299 318 336 121 664 142
615 430 584 430 584 664 510 664 664 664 65 4 664 53 53 53 430 53 65 584 53 65 584 102 584 664 53 430 664 53
664 53 299 299 664 53 65 299 299 299 664 53 53 664 53 299 299 537 53 684 299 299 299 664
584 584 584 430 584 584 430 430 430 430 430 430 584 430 430 430 685 584 430 236 584 584
584 53 665 584 53 53 53 53 211 430 430 53 53 584 665
639 639 639 639 639 639 639 639 639 639 639 639 639 639 639 639 639 639
166 166 644 584 166 584 584 584 584 644 584 584 584
561 121 121 561 561 121 561 561 121 614 121 561 121 121 561 561 561 561 121 561 561 561 561
430 430 430 299 299 299 430 430 430 430 584 664 664 377 578 584 664 584 584 584 430 299 584 578 664 664 299 430 299 299 299 584
121 337 53 53 121 337 121 121 121 121 53 53 53 53 121
381 381 381 381 381 381 381 381 381 381 381 381
53 53 664 53 584 664 664 664 430 53 664 664 685 430 584 664 664 251 430 584 53 53 53 471 664 664
639 131 656 618 639 639 664 642 654 141 618 639 618 642 624 639 639 639 119 639 664 624 624 141 639 639 648 639 618 618 1 65 633 664 618 33 624 639 141 639
230 121 584 584 121 121 121 584 584 121 121 121 230
121 664 49 121 121 49 49 121 332 121 121 664 49 121 49 121
53 53 53 272 53 53 53 53 53 53 53 53 272 53
141 584 53 53 584 53 53 584 584 53 53 190 141 53 141 584
584 584 121 141 584 357 584 121 584 141 121 584 584 121 141 121 584 121 121 121 584 584
584 664 94 584 664 584 664 584 664 664 584 664
53 74 53 589 664 53 53 53 53 664 53 74 53 664 53 53 53 53 53 589 53 664 664 53 53 53 53 53 53 53 53
584 584 664 664 584 430 584 584 664 584 430 584 664 430 664 430 584 584 584 664 266
584 584 584 584 584 147 584 584 584 584 584 584 584 51 584
121 433 584 121 121 121 121 121 163 433 121 163 121 121 121 121 163
376 206 206 376 376 121 376 376 206 121 376 121 206
664 584 141 192 430 664 584 664 430 584 664 141 430 584 584 664 430 141 664
53 53 53 664 53 664 664 664 53 53 664 53 664 210
381 141 584 381 247 381 381 584 141 381 584 607 381 381 141 381 141 495 584 381 381 141 381
206 664 206 206 664 664 664 206 206 206 206 206 353 664 206 664
121 430 121 121 430 430 121 430 121 121 187 121 121
639 639 639 639 639 639 639 639 639 639 639 639 639 639 639 639 639 639
683 639 121 377 639 639 377 675 248 121 659 639 639 683 639 121 639 639 641 675 121 29 639 639 639 329
664 430 584 430 584 255 430 584 141 430 430 664 584 584 664 141 664 430 141 664 430 430 664
618 618 618 618 618 618 618 618 618 618 618 618 618 618 618 618 618
584 584 584 430 430 584 105 584 584 430 430 584 584 584 584
664 664 664 176 53 53 664 53 53 53 53 479 53 207 53 81 53 664 53 592 176 592 664 53 378 53 22 53
381 381 381 381 381 381 381 381 381 381 381 381
381 381 381 381 381 381 381 381 381 381 381 381
664 53 53 664 53 53 210 53 53 664 664 664 664 53
10 10 10 10 10 10 10 10 10 10 10 10 10 10 10 10 10 10 10 10
584 664 584 664 584 664 664 664 664 584 584 94
618 618 618 618 618 618 618 618 618 618 618 618 618 618 618 618 618
664 121 121 664 121 121 664 121 664 121 287 664 121 664 121
121 340 664 121 121 430 121 121 664 430 121 664 664 430 121 664 121 430 664
188 53 584 53 430 122 53 122 430 122 53 584 430 430
4 584 584 664 664 114 4 584 664 630 664 584
10 10 10 10 10 10 10 10 10 10 10 10 10 10 10 10 10 10 10 10
4 531 664 584 168 584 664 584 664 430 664 66 584 584 430
664 430 664 664 430 664 584 664 664 584 266 584 430 584 584 430 584 584 584 584 584
584 53 584 53 584 53 607 584 53 65 584 584 584 53 584 276 584 53
584 584 584 430 584 430 584 584 584 430 584 430 584 105 584
584 299 121 407 299 142 584 299 407 141 299 407 432 407 141 247 630 584 505 584 419
53 53 53 53 430 53 430 430 114 53 53 430
141 664 483 430 53 605 664 684 584 22 430 664 664 186 53 664 483 664 664 644 65 584 584 53 584 664 53 664 584 558 664 664 664 430 41 584 584 354 664 430 430 22 664 141
460 460 460 460 664 664 534 664 664 460 460 460 460 460 664 460 664 460 460
664 664 584 584 664 584 125 584 664 141 664 141 584 664 141
584 664 53 664 584 53 53 53 664 664 584 664 584 312 664 584 53 53 53
122 74 584 53 122 53 239 584 615 239 584 53 584 584
381 381 381 381 381 381 381 381 381 381 381 381
53 53 53 584 584 53 584 53 53 584 154 53 584
381 381 381 53 381 53 53 516 53 381 53 381 381 381 516 53 381 381
639 639 639 639 639 639 639 639 639 639 639 639 639 639 639 639 639 639
141 141 91 91 53 141 53 65 53 91 53 584 53 53 53 53 53 488 53 53 53 53 53 53 101 53
53 381 381 483 397 430 584 19 430 121 584 141 389 53 584 381 607 381 584 430 584 664 121 53 584 430 121 430 584 664 430 121 65 584 664 247 121 607 584 607 430 381 664 121 53 685 430 53 53 540 584 381 121 381 664 430 607 664 397 141 558
122 74 584 53 122 53 239 584 615 239 584 53 584 584
10 10 10 10 10 10 10 10 10 10 10 10 10 10 10 10 10 10 10 10
10 10 10 10 10 10 10 10 10 10 10 10 10 10 10 10 10 10 10 10
206 206 376 376 121 376 376 206 121 376 376 121 206
53 74 53 584 584 53 615 584 53 165 53 165
141 206 23 206 664 391 206 664 206 206 141 206 141 664 206 664 664 229 229
460 539 460 539 539 539 539 460 299 539 539 460 539 299 539
664 94 584 584 664 584 664 664 584 664 584 664
206 206 376 376 121 376 376 206 121 376 376 121 206
584 664 664 584 584 584 664 584 664 94 664 664
53 238 664 111 111 53 111 664 238 238 238 664
430 584 284 206 584 206 206 284 206 338 206 430 430 206 430 284
430 121 198 430 430 198 121 198 198 261 198 198 198 430
664 664 664 584 94 664 664 584 664 584 584 584
381 381 381 381 381 381 381 381 381 381 381 381
430 584 141 430 584 664 141 430 584 430 430 664 584 584 430 584 430 430 664 584 141 430 141 664 664 430 664 430 558 426 584 141 584 584
644 53 53 53 644 53 53 53 201 74 53 53 412 644 584 74 53 630 53 53
10 10 639 21 639 10 639 639 10 639 639 655 10 10 10 639 140 140 140 140 10 10 639 10 140 140 36 10 671 140 639
10 10 10 10 584 10 10 430 10 665 10 10 430 10 10 584 665 34 10 584 10 10 10 10 10 10 10
483 430 376 286 430 376 376 229 430 664 206 430 584 584 121 576 430 584 430 382 376 121 664 229 23 103 5 664 121 584
474 575 299 121 121 299 539 61 142 539 299 478 53 376 328 539 299 623 539 299 299 539 299 18 474 299 299 460 539 299 539 520 61 299 53 121
584 664 584 664 664 664 584 51 584 584 664 584 584 664 584 202
121 584 121 664 584 584 584 370 664 121 121 121 370 121 664 664 664 121
639 639 16 121 46 2 46 639 299 651 550 121 299 655 16 299 639 121 639 655 639 651 121 639 329 2 46
584 584 584 584 664 166 166 664 65 584 664 65 584
121 121 53 53 272 121 53 121 53 486 53 121 121 53 53 53 53 121 121 53 53 53
664 209 430 53 430 53 584 74 153 53 584 53 584 74 53 53 430 593 53 53 53 176 53 664 53 584 664 430 143 176 584 584 143 584 53 53
121 121 121 664 664 121 664 121 121 664 664 287 121 121 664
618 618 618 618 618 618 618 618 618 618 618 618 618 618 618 618 618
584 664 664 584 584 664 584 664 584 203 584 584 664 584 664 584 584
53 53 53 53 430 430 53 53 53 53 53 53 53 430 334 430 53 53 53
187 430 121 121 121 121 121 430 121 121 121 430 430
299 476 299 476 476 299 299 476 476 299 299 476 476 476
430 430 59 430 558 430 430 430 430 141 141 430 430 430 430
10 10 10 10 10 10 10 10 10 10 10 10 10 10 10 10 10 10 10 10
664 664 664 206 664 206 206 206 206 206 206 664 206 353 664 206
430 213 83 664 430 664 430 430 22 664 430 430 430 430 430 430 430 430 22
206 206 376 376 121 376 376 206 121 376 376 121 206
53 206 206 53 53 206 53 430 53 206 400 53 206 206 53 53 53 65 206 548 65 53 219 430 430 53 483
639 639 639 639 639 639 639 639 639 639 639 639 639 639 639 639 639 639
618 10 10 639 618 639 524 618 618 618 519 90 299 381 618 53 90 62 639 687 524 71 299 10 580 150 10 70 419 71 618 573 524 10 450 427 140 631 140 618 418 381 618 10 618 639 539 427 10 217 369 140 99 618 71 53 319 71 618 64 258 524 655 618 299
584 430 430 68 584 430 430 584 430 430 584 584 430 430
584 53 53 53 584 53 584 53 584 53 584 154 53
53 430 53 430 53 430 53 430 53 114 53 53
664 53 53 664 53 53 403 53 664 53 53 53 53 53 664 53 53 53 53 664 664
381 121 381 650 397 121 111 381 399 381 381 4 121 121 238 300 300 237 664 381 121 121 53 381 381 121 381 121 121 664 650 121
51 584 430 584 483 607 584 584 584 584 584 507 664 584 664 584 584 607 103 584 584 584 616 584 430 664 430 664 584 584 664 584 584 584
381 381 381 381 381 381 381 381 381 381 381 381
53 584 247 141 607 53 53 53 53 53 584 53 202 584 584 141
430 584 180 607 584 584 584 584 430 430 430 685 430 584 483 430 584 584
53 65 53 664 53 413 664 664 53 53 53 53 53 53 53 664 684 53 664 53 53
664 153 4 664 4 664 664 664 664 664 664 153
664 81 664 209 141 53 402 53 141 53 664 664 53 584 152 81 584 379 141 81
53 53 53 53 53 53 273 53 53 53 53 53 53 53 53
664 664 664 176 53 53 664 53 53 53 53 479 53 207 53 81 53 664 53 592 176 592 664 53 378 53 22 53
561 561 561 561 561 561 561 561 561 561 561 561 561 561 561
269 53 206 269 53 53 206 448 53 269 269 53 53 206 53 53 269 269
121 121 121 664 176 121 121 22 22 664 664 121 354 430 430 354 430
244 584 141 141 584 584 584 584 584 430 584 430 584 430 584 584 584 430 141 584 584 584 584
53 114 430 53 53 430 53 430 53 53 430 53
121 53 300 121 300 300 237 111 121 111 300 300
558 121 151 121 141 141 121 151 121 186 121 151
381 381 381 381 381 381 381 381 381 381 381 381
300 206 206 206 300 300 300 300 206 664 664 206
664 53 556 584 53 664 584 81 664 429 53 584 616 141 664 664 165 664 152 152 247 247 607 53 664 684 53 53 141 664 53 584 664 141 584
430 299 299 299 430 351 299 299 430 299 299 299 299 351
206 206 206 53 637 53 53 381 381 53 53 206 206 381 381 381 53 53 381 381 206 381 53 381 65 206 381 53 53 53 53 219 381 206 53
584 665 95 584 584 584 584 430 430 584 584 584 665
53 53 141 141 113 53 53 146 430 53 53 141 430 430
53 664 53 53 684 53 664 664 65 584 664 53 53 334 584 664 616 584 584
629 584 206 206 286 206 554 206 584 53 53 584 584 53 607 206 206 4 584 584 53 206 53 50 50 53 53 206 584
121 664 584 584 121 584 430 664 664 607 607 584 430 121 664 584 584 430 430 664 121 430 664 584 584 584 430 584 430 584 584 121 121 430 121 549 121 584
561 561 561 561 561 561 561 561 561 561 561 561 561 561 561
430 584 664 664 430 664 664 430 664 664 157 584 584 584 430 584
381 381 381 381 381 381 381 381 381 381 381 381
141 584 399 664 121 111 502 584 132 238 247 584 607 300 300 247 237 121 65 584 664 399 684
94 584 664 584 584 664 664 664 584 664 584 664
561 561 561 561 561 561 561 561 561 561 561 561 561 561 561
664 430 53 430 607 53 584 584 664 584 121 430 584 121 53 430 53 584 53 664 664 430 664 584 584 53 584 664 430 3 664 53 584 53 664 584 121 584 584 53 684 664 607 53 664 53 121 684 664 430 121 584 584 664 121 664 53 584 121 584 584 53 121 430 664 53 664 664 584
664 664 664 664 664 664 664 145 664 664 664 664 664
664 53 430 53 664 664 430 303 53 584 53 584 53 584 664 664 430 584 664 664 664 517 430 584 664 584 200 584 664 584 584
430 206 272 206 206 206 430 206 430 430 206 206 206 206
639 430 639 37 430 639 65 491 108 639 639 621 664 89 88 381 381 33 639 89 639 664 299 682 639 430 639 652 54 639 381 299 20 639 664 39 381 450 639 381 639 450 161 639 664 299 671 671 64 54 381 12 639 165 381 14 671 606 664 664 327 639 2 639
584 584 664 664 94 584 664 584 584 664 664 664
639 639 639 639 639 639 639 639 639 639 639 639 639 639 639 639 639 639
10 10 639 21 639 10 639 639 10 639 639 655 10 10 10 639 140 140 140 140 10 10 639 10 140 140 36 10 671 140 639
381 381 455 584 381 381 381 584 381 584 381 381 584 584 381 381 381
219 584 607 206 320 584 584 584 206 206 206 206 206 206 206
474 575 299 121 121 299 539 61 259 539 299 532 53 664 453 369 539 299 634 539 299 299 539 299 31 474 299 299 460 132 539 299 539 553 72 299 53 121
53 142 584 121 53 53 53 584 53 53 584 53 53 53 121 53 82 53 142 584 121 584 121 121 53 53 121 538
430 430 430 430 430 430 430 430 430 430 430 430 430 430 430 430 87
53 53 53 430 430 53 430 114 53 53 53 430
430 430 430 616 127 584 584 430 584 430 430 584 430 430 430 430 584
573 487 450 573 299 513 450 573 360 381 381 450 573 573 299 299 573
664 664 664 53 53 664 53 53 53 210 53 664 53 664
664 22 81 664 208 208 53 208 53 53 53 664
206 584 584 237 206 330 584 206 665 206 206 237 330 206
53 584 53 584 53 154 584 584 53 53 53 53 584
561 561 561 561 561 561 561 561 561 561 561 561 561 561 561
639 639 639 639 639 664 639 639 639 639 639 639 664 664 639 639 664 639 639 670 664 639 639 664
381 381 381 430 437 381 381 430 437 381 381 381 430 381 381
460 299 299 121 299 121 460 460 121 477 299 460 584 121 299 630 460 121 299 299 121 460 460 299 460 460 121 673 121 329 299 460 584 460 584 584
664 121 121 664 430 664 121 664 121 121 121 664 121 430 664 430 430 121 340
460 539 460 539 539 539 539 460 299 539 539 460 539 299 539
618 618 618 618 618 618 618 618 618 618 618 618 618 618 618 618 618
10 10 10 10 10 10 10 10 10 10 10 10 10 10 10 10 10 10 10 10
121 141 141 121 141 121 121 121 121 121 121 153
299 121 299 121 121 299 299 299 121 299 299 500 121 299 121 121 299 121 299
381 381 381 381 381 381 381 381 381 381 381 381
584 53 53 363 53 53 53 53 584 53 53 53 153 53 584 53 53 53 584
381 381 381 381 381 381 381 381 381 381 381 381
639 624 618 52 639 672 640 618 639 53 618 672 120 653 139 680 657 639 639 139 639 419 618 437 639 618 618 639 659 120 657 639 53 639 640
664 430 176 53 53 230 430 230 53 664 53 664 230
664 322 53 53 664 607 664 584 53 53 53 684 584 53 664 584 584 664 53
584 430 430 430 584 584 430 584 584 584 584 170 584 430 430 584 584 430 430
141 664 664 664 664 584 584 584 141 125 141 664 584 664 584
381 381 381 381 381 381 381 381 381 381 381 381
584 584 665 664 664 664 430 584 664 584 584 252 584 664 94 664 584 430
238 53 53 53 53 238 53 53 53 53 238 238
664 584 584 664 664 584 664 103 584 684 607 664
584 584 53 483 53 531 584 584 584 82 41 533 53 584 584 584 53 584 430 584 584 584 584 584 616 584 584 53 584 607 222 584 53
100 664 664 100 100 684 53 100 664 664 53 430 430 334 483 664 664 430 100
53 53 410 547 121 121 74 229 206 121 121 121 206 206 121 53 121 206 206 53 206 206 53 121
153 53 584 53 584 584 53 584 153 53 53 53
176 288 53 176 584 584 584 53 176 664 584 664 53 584 53 664
664 55 664 584 664 53 53 607 584 664 23 53 664 664 664 630 551 664 430 684 53 53 42 664 430 664 684 53 430 584 664 664 664 53
664 394 430 483 664 430 483 121 430 121 430 430 121 121 664 664 664 430 121 664 121 121 121
664 53 53 664 584 664 584 311 53 584 664 53 664 584 53 93 53 53
664 584 664 584 664 664 664 664 94 584 584 584
51 584 166 664 664 584 584 584 584 664 584 584 187 584 584 584 664 664 558 584 53 664 584 555 53 679 114 584 53 51 53 584 53 584 584 584 584 584 430 584 166 584 644 584 141 584 51 584 75 53 584 664 584 141 584 664 53 584
561 561 561 561 561 561 561 561 561 561 561 561 561 561 561
584 664 584 664 584 584 584 584 664 584 584 664 664 664 305 584 584 584 584 584 584 584
618 618 618 618 618 618 206 618 206 206 206 618 618 206 618 206 618 618 618 618 206 678 206 618 618 206
381 381 381 381 381 381 381 381 381 381 381 381
584 53 53 584 141 584 53 584 141 53 53 53 141 53 53 584 53 584 584 584 53 53 53 458 53 584 584 53
381 381 381 381 381 381 381 381 381 381 381 381
53 584 584 53 53 153 153 584 53 53 584 53
584 121 53 318 121 299 53 299 65 378 121 53 299 121 299 299 207 53 53 65 121 53 53 53 309 121 53 53 121 607 378 318 153 53 378 584 299 121 53 689 299 53 82 584
53 53 53 53 260 53 53 53 260 53 260 53 53
53 141 53 430 53 53 53 53 430 141 364 483 53 53 53 53 430 53 65 53 82
584 664 616 584 664 53 584 664 684 53 53 664 53 340 65 684 65 53 584
428 430 584 430 584 584 430 79 584 141 141 584 247 483 141
219 53 206 53 53 198 198 584 199 584 198 664 121 53 53 664 53 206 664 206 565 658 53 302 5 430 53 409 558 430 53 584 198 206 664 409 664 584 584 198 53 430 350
584 664 430 664 664 584 664 584 430 102 684 664 584 584 584 630 664 584 430 430 664 664 4 416 664 584
51 53 584 584 53 584 430 430 607 430 430 430 53 584 53 53 53 430 584 584 430 584 430 452 584 607 584 584 53 584
175 460 575 460 460 460 460 460 575 121 121 175 121 460 526 460 575 175 460
483 483 206 206 497 430 206 430 206 430 483 206 430 664 664 664 286 430 206 664 430 206 483 664 684 430 206
206 483 430 430 206 206 206 483 430 206 430 430 430 385 430 430 206 206 430 206 206 430
141 664 430 430 430 664 664 141 85 664 141 664 664 430
639 639 639 639 639 639 639 639 639 639 639 639 639 639 639 639 639 639
584 121 584 584 584 121 584 584 334 584 584 121 584 121 121 121 584 121 121
546 664 664 53 82 584 53 53 664 664 82 53 664 53 53 664 584 664 664 664 664 584 584 664 53 53 664 53 53 53 630 53
230 121 230 584 121 121 121 584 584 121 121 121 584
584 53 430 584 53 53 584 430 584 141 584 141 584 53 53 584 584 430 430 584 141 430 396 53 53 430 430 430 584
664 430 664 584 155 664 584 664 664 430 430 584 584 155
639 639 639 53 53 639 639 639 639 639 681 639 639 53 639 639 639 639 639 53 639 681 53 53
121 430 121 121 430 121 430 121 187 121 430 121 121
618 618 618 618 618 618 618 618 618 618 618 618 618 618 618 618 618
639 639 639 639 639 639 639 639 639 639 639 639 639 639 639 639 639 639
664 664 584 664 664 664 584 584 664 94 584 584
664 53 53 422 664 53 53 23 53 664 53 664 53 74 53 53 664 74 53 53 53
381 381 381 381 381 381 381 381 381 381 381 381
121 664 121 121 664 287 664 121 121 121 664 121 664 121 664
206 206 53 607 206 584 53 584 206 53 206 584 53 53 206 206 206 206 206 599 206 65 206 206 53 206 206 206 584 206 206
558 22 141 584 584 664 22 156 664 584 22 584 141 584 664
381 381 381 381 381 381 381 381 381 381 381 381
381 664 664 381 664 381 664 381 484 381 381 381 381 664 381 484 381
381 381 381 381 381 381 381 381 381 381 381 381
584 430 121 483 198 584 198 198 430 584 430 198 198 198 363 607 198 121 584
664 584 584 664 664 664 664 584 584 684 584 584 584 141 243 584 141 584 247 584
22 74 49 141 49 53 141 334 49 65 53 141 53 53 53 53 82 430 664
664 664 664 664 584 430 584 584 430 430 664 664 584 584 430 157
53 53 53 121 121 337 53 121 121 121 53 337 121 121 53
626 381 381 381 381 381 381 381 381 381 381 397 381 664 381 664 664 381 664 381 397 381 381 381 381 664 408 381 664
639 639 639 53 53 639 639 639 639 639 681 639 639 53 639 639 639 639 639 53 639 681 53 53
53 400 400 206 206 53 206 206 53 53 206 53 206 206 53 206
618 618 618 618 618 618 618 618 618 618 618 618 618 618 618 618 618
231 121 584 121 121 121 121 584 584 121 584 121 121 584
4 167 664 664 584 4 584 664 584 664 664 584 4 664
53 53 584 584 53 53 53 53 153 584 584 153
114 584 4 664 664 664 584 4 584 584 664 630
664 664 664 664 664 664 664 664 144 664 144 664
664 584 664 664 584 584 664 664 664 584 584 94
664 664 664 664 664 664 53 664 523 53 664 664 584 584 664 664 664 664 53 664 664 664 584 664 584 53 664 53 53 65 607
381 381 381 381 381 381 381 381 381 381 381 381
381 381 381 53 381 53 381 53 53 381 53 381 516 516 53 381 381 381
81 206 53 53 206 537 206 53 286 206 53 53 53 65 206 206 53 206 53 206 81 53 53 81
300 206 300 206 300 300 300 206 664 664 206 206
53 154 584 53 584 53 53 584 53 584 53 584 53
10 10 10 10 10 10 10 10 10 10 10 10 10 10 10 10 10 10 10 10
474 121 520 81 91 91 175 299 121 664 474 336 553 453 453 299 121 299 553
639 639 639 664 53 639 639 664 639 664 639 664 639 639 639 640 639 639 53 639 639 53 664 53 53 639 65 639 664 53 15
584 53 53 53 584 430 430 430 584 53 53 430 222 53 53 584 584
603 121 121 460 638 381 121 603 603 638 199 460 460 638 460 460 418 381 460 603 121 381 121 418
584 584 685 430 430 206 206 584 206 206 430 206 219 584 430 430 206 206 423 430 206 483
664 299 420 664 420 299 664 420 299 299 299 299 299 299 664
299 476 299 476 476 299 299 476 476 299 299 476 476 476
584 584 430 430 584 584 584 430 584 117 607 430 584 607 584
53 53 53 272 53 53 53 53 53 53 53 53 272 53
584 53 121 607 330 584 584 121 132 53 330 121 421 121 121 53 584 53 53
121 584 121 664 584 584 584 370 664 121 121 121 370 121 664 664 664 121
584 584 664 664 203 664 584 584 584 584 584 664 664 584 664 584 584
152 206 206 584 53 53 53 81 121 53 50 121 53 584 53 121 121 206 206 121 4 121 206 206 53 53 620 620 53 206 206 53 121 584
430 430 430 430 483 141 430 430 141 141 430 430 69 430 483 430
247 156 430 664 664 666 664 607 531 664 430 531 664 684 141
430 430 381 430 381 664 381 381 381 381 430 543 381 430 664 664 430 381 389 483 664 430 381 664 381 664
584 53 53 584 584 53 53 154 53 53 584 53 584
53 237 618 575 672 640 618 624 53 618 672 121 640 688 680 29 618 680 121 369 618 515 618 640 121 688
53 53 584 154 53 584 584 584 53 53 53 53 584
10 10 10 524 10 299 299 71 299 524 299 71 10 10 299 299 299 71 10 10 71 110 10 524 299 10 71 10 71 71 299 524 71 524 299
639 639 639 639 639 639 639 639 639 639 639 639 639 639 639 639 639 639
483 206 472 53 430 430 430 483 269 430 430 430 430 269 430 269 430 430 206 430 269 430 269 269 430 430 206
584 430 121 430 141 584 584 584 141 584 121 584 584 584 473 584 558 121 584 584 121 584 121 430 121 584 121 121 584 584
584 430 584 584 584 584 430 430 584 584 170 584 584 430 430 584 430 430 430
53 53 74 121 584 121 53 121 121 74 121 430 470 584 558 430 53 584 121 121 584 430 53 584 121
381 381 381 381 381 381 381 381 381 381 381 381
376 206 206 121 376 376 206 376 206 376 121 121 376
299 206 565 299 219 664 206 141 644 206 141 299 664 664 206 664 299 584 206 206 390 206 299 662 206 390 206 664 584 664 206 206 206 206 219 299 299 206 206 344
558 664 664 684 430 664 241 664 430 483 664 664 4 664 664 664 4
53 53 53 53 53 114 430 430 53 430 430 53
664 664 145 664 664 664 664 664 664 664 664 664 664
53 664 664 664 664 91 53 664 250 91 584 91 664 53 91
665 121 121 584 584 176 121 121 430 430 584 430 430 333 121 121 176 665
53 53 53 53 53 53 53 53 53 53 53 53 53 273 53
121 121 53 121 121 53 337 121 53 121 53 337 53 53 121
584 121 121 584 584 121 121 121 121 584 121 584 121 231
584 141 584 664 584 664 430 430 664 664 664 584 664 141 664 584 664 664 664 584 584 664 664 664 507 664 141 584 430 584 251 430 664 664
355 53 355 664 53 664 664 664 53 664 53 664 53 664 53 664 664 664
430 430 664 664 664 430 664 584 584 664 584 664 157 430 584 584
121 121 53 53 337 121 121 53 53 121 121 53 337 53 121
381 381 381 381 381 381 381 381 381 381 381 381
53 584 584 53 53 153 153 584 53 53 584 53
53 53 584 53 53 584 615 584 53 584 53 664 584 664 584 430 51 664 584 635 430 584 584 664 53 584 53 664 53 584 584 584 430 615 584 584 584 584 584 685 584 82 53 584 430 53 584 430 483 584 664 53 584 153 430 607
624 237 618 514 653 53 628 618 53 618 653 53 121 628 688 53 640 688 53 618 53 640 121 53 618 419 618 628 121 30
501 271 219 219 558 121 271 186 121 141 121 121 121 141 121 664 121 121 121 121 121 664
618 618 618 618 618 618 618 618 618 618 618 618 618 618 618 618 618
639 639 639 639 639 639 639 639 639 639 639 639 639 639 639 639 639 639
584 430 584 430 430 584 430 430 584 430 430 68 584 430
53 53 53 121 121 337 53 121 121 121 53 337 121 121 53
53 74 53 589 664 53 53 53 53 53 53 74 53 664 53 53 53 53 53 589 53 664 664 53 53 53 53 53 53 53 664
381 381 381 664 381 664 381 381 664 381 381 381 485 664 664 381 664 381
664 664 664 664 664 430 430 664 664 664 430 664 483 222 684 664 664
664 664 664 91 430 483 430 53 220 230 430 385 53 430 430 430 430 91 584 430 430 287
381 381 381 381 381 381 381 381 381 381 381 381
584 664 263 664 664 584 102 584 664 664 615 664 664 4 664 664 664
299 430 299 430 430 352 299 430 299 299 299 299 299 299 299
584 584 584 53 584 53 53 53 584 53 154 53 53
53 337 337 53 121 53 53 121 121 121 53 53 121 121 121
206 644 584 644 206 371 584 141 206 141 206 644 206 206 141 644 206 206 206
561 561 561 561 561 561 561 561 561 561 561 561 561 561 561
121 121 286 121 664 286 121 121 664 121 664 121 664 664
433 664 299 299 664 664 664 664 299 299 299 299 299 664 299 299 299
381 381 381 381 381 381 381 381 381 381 381 381
381 381 381 381 381 381 381 381 381 381 381 381
299 376 81 91 91 299 432 664 453 336 453 299 299 299 453
53 53 430 430 53 53 53 114 53 430 53 430
584 430 584 584 664 157 664 430 664 664 664 664 430 584 430 584
53 664 53 664 53 664 53 664 210 664 53 53 53 664
664 664 584 664 584 94 664 584 584 664 664 584
559 206 53 377 206 206 559 206 206 53 206 206 206 206 206 206 53 206 206 206 377 53
664 607 584 53 584 415 65 53 664 584 664 584 584 53 53 616 53 584 664 53 664 584 664 584
53 121 121 121 430 430 53 53 121 121 53 430 121 53 53 384 121 53 121 430
618 618 618 618 618 618 618 618 618 618 618 618 618 618 618 618 618
51 612 607 664 53 430 664 53 76 221 53 53 664 53 430 664 584 665 53 584 53 430 53 664 430 430 53 584 430 664 4 607 531 53 53 664 53 584 684 584 584 430 65 664 430 664
664 584 584 584 664 584 584 584 664 664 584 584 664 584 584 664 203
122 53 122 430 430 584 122 430 53 584 188 53 53 430
460 539 460 539 539 539 539 460 299 539 539 460 539 299 539
664 430 664 315 664 430 584 584 558 664 558 584 430 430 430 430 584 664 664 430 430 584 430 141 430
121 163 584 320 121 664 664 163 163 121 121 664 664 320 664
206 206 376 376 121 376 376 206 121 376 376 121 206
474 639 476 53 639 676 175 237 504 508 121 13 639 639 574 53 474 1 53 574 474 121 639 639 639 73 299 299 639 437 53 53 474 299 164 639 639 643 639 121 53 299 319 299 346 228 299 299 515 462 121 12 121 419 639 299 476 476 121 639
350 206 206 664 350 350 53 350 350 269 206 664 269
53 584 53 53 41 53 354 354 664 664 644 22 664 22 186 53 584
53 53 53 53 53 334 53 53 430 53 53 430 53 53 53 430 430 53 53
430 53 53 53 53 430 53 53 53 430 430 114
430 53 616 53 584 53 584 483 430 523 53 558 430 616 238 53 430 428 141 483 141 261 238 141 53 141 5 430 53 53 5
460 460 460 121 460 121 121 460 121 460 572 460 460 121 460 460 572 460 121 121
53 664 176 664 584 584 176 288 53 584 53 664 176 584 584 53
121 664 664 664 121 664 121 664 664 287 121 121 121 121 121
53 53 53 430 65 132 430 121 430 121 53 121 53 53 121 392 430 121 121 121
350 206 206 664 350 350 53 350 350 269 206 664 269
53 53 53 53 53 53 53 53 53 53 53 53 53 273 53
53 584 53 53 664 584 584 53 664 584 312 664 664 53 584 53 664 664 53
664 100 100 53 262 664 53 100 664 664 664 664 100 664 100
53 337 337 53 121 53 53 121 121 121 53 53 121 121 121
299 299 299 299 299 299 299 299 299 299 309 299 299 299 299 299 299 299 309 562 299
584 299 420 65 584 463 299 664 463 299 299 299 299 299 664 299 65
524 524 524 524 524 524 524 524 524 524 524 524 524 524
430 664 664 136 664 430 430 430 646 664 664 664 607 141 141
381 381 381 381 381 381 381 381 381 381 381 381
370 247 121 53 337 132 141 121 121 53 121 53 121 141 121 53 53 53
430 430 179 430 430 53 53 430 53 53 53 430 430 53 53 430
381 381 430 381 430 381 381 381 381 430 381 381 438 381 381 430
460 539 460 539 539 539 539 460 299 539 539 460 539 299 539
53 584 53 154 53 584 584 53 53 53 584 584 53
381 381 381 381 381 381 381 381 381 381 381 381
664 664 584 584 584 664 664 584 664 94 664 584
430 121 584 381 121 381 121 299 430 498 381 381 430 596 230 584 584 121 389 248 601 584 558 132 601 664 430 596 664 299 9 483 684 299 351 407 419 248 381 260 430
10 10 639 21 639 10 639 639 10 639 639 655 10 10 10 639 140 140 140 140 10 10 639 10 140 140 36 10 671 140 639
539 664 552 524 664 524 524 524 165 539 22 664 524 539 539 524 586 22 524 524
381 381 381 381 381 381 381 381 381 381 381 381
584 664 664 584 584 664 584 23 664 23 664 664 664 630 664 289 664 664
114 53 430 53 430 53 53 430 53 53 53 430
114 584 584 584 584 584 584 584 114 4 584 4
238 53 53 53 53 238 53 53 53 53 238 238
430 53 430 179 430 430 430 53 53 53 53 430 430 53 53 430
121 121 121 430 430 121 121 121 187 121 430 430 121
664 664 144 664 664 664 664 664 664 144 664 664
521 163 299 299 53 299 53 299 53 299 299 163 163 53 299 163 163 299 299 299
639 639 639 639 639 639 639 639 639 639 639 639 639 639 639 639 639 639
664 584 53 201 53 644 53 584 489 584 53 664 584 664 664 644 644 664 584 584 53 584 607 53 607 664 584 584 584
163 584 163 528 53 528 163 584 584 53 206 206 163 206 53 206 206 206 206 584 206 53
664 664 145 664 664 664 664 664 664 664 664 664 664
381 381 381 381 381 381 381 381 381 381 381 381
584 153 153 584 584 53 53 53 53 53 584 53
300 206 206 206 300 300 300 300 206 664 664 206
664 664 483 430 664 584 584 684 584 584 405 430 584 664 664 430 584 584 664 584 664 664 664 584 664 664 584
121 121 584 132 121 121 121 121 121 584 239 584 584 607
430 53 53 584 430 430 53 152 584 53 430 53 53 430 645 53 430 53 53 483 457 53 53 81 430 152
461 299 636 600 121 299 669 569 381 381 381 669 478 299 259 299 299 160 121 410 381 299 91 569 91 381 608 63 299 299 299 121 237 580 237 206 509 206 206 248 418 121 299 446 81 206 652 664 513 532 206 550 299 299 53
381 381 381 381 381 381 381 381 381 381 381 381
664 664 664 607 53 584 584 430 65 610 65 664 664 584 664 664 53 53 53 355 584 53 684 53 664 664 53 584 584 664 584 664 430 584 53 584 664 53 113 664 430 664 664 53
381 381 381 430 437 381 381 430 437 381 381 381 430 381 381
381 381 381 381 381 381 381 381 381 381 381 381
381 381 381 381 381 381 381 381 381 381 381 381
584 584 584 94 664 664 664 664 584 664 584 664
381 381 664 381 664 485 381 664 381 381 381 664 381 381 664 664 381 381
269 584 269 269 430 141 665 53 53 430 53 584 53 584 53 584 206 563 141 584 269 584 269 53 584 53 584 206 206 141 53 269 665
664 664 664 664 430 53 430 53 53 664 53 430 276 430 53 53 53 664
53 299 299 299 467 299 299 53 299 53 65 299 299 53 299 53 53 309
163 584 163 528 53 528 163 584 584 53 206 206 163 206 53 206 206 206 206 584 206 53
121 231 121 121 121 121 121 584 121 584 584 584 584 121
121 121 121 121 430 430 121 121 121 121 430 430 187
219 121 219 91 544 53 53 53 53 122 584 121 121 50 53 260 91 219 260 81 219 121 272
121 664 121 121 664 286 121 121 286 121 664 664 121 664
53 664 664 53 664 53 664 664 53 210 53 664 53 53
584 664 53 584 584 664 607 91 272 141 247 664 584 200 584 53 584 53 344 113 430 685 53 101 664 53 53 152 483 53 53 685 584 584 53 594 584 584
340 121 141 430 664 121 141 664 430 664 248 430 141 430 248 121 121 121 248
53 53 664 210 664 53 664 53 664 53 53 664 53 664
381 381 381 381 381 381 381 381 381 381 381 381
320 584 584 607 584 219 206 206 584 206 206 206 206 206 206
381 381 381 381 381 381 381 381 381 381 381 381
10 10 10 10 10 10 10 10 10 10 10 10 10 10 10 10 10 10 10 10
561 561 561 430 577 430 561 430 561 561 561 561 561 430 561 561 561 561 561
639 639 639 639 639 639 639 639 639 639 639 639 639 639 639 639 639 639
121 4 121 558 684 121 430 121 121 430 664 121 483 430 664 430 121 121 430 430 664 4 414
664 664 430 430 430 430 664 664 664 430 430 430 430 483 192 430 684 430 430
206 584 584 237 206 330 584 206 665 206 206 237 330 206
94 664 664 584 664 584 664 584 584 664 664 584
664 664 53 664 53 664 53 664 53 210 53 53 53 664
408 664 381 381 381 664 664 121 381 381 664 142 381 121 664 381 664 381 121 121 121 381 142 381 121 588
53 639 639 330 618 447 53 162 618 525 121 436 121 299 299 53 381 642 299 618 436 639 299 107 299 299 53 669 121 121 299 47 618 227 70 220 672 299 573 299 299 299 450 317 618 81 299 639 53 121 639 90 571 618 381 574 639 53 299 299 121 109 53 121 672 639 377 74 299 53 152 121 492 89 53 564 653 299 46 299 299 299 299 299
121 664 664 121 664 121 121 121 664 121 121 121 664 287 664
53 584 53 53 584 141 53 141 584 122 584 264 122 584 141 584 584 122
430 584 121 121 53 141 53 141 607 53 567 664 584 483 141 664 53 483 337 664 141 5 132 430 53 584 607 664 121 121 132 121 53 429 247 664
338 121 121 53 121 121 53 121 121 53 53 121 53 53 121 53
299 299 330 141 299 141 299 299 299 299 299 299 299 141
584 206 584 664 362 206 664 584 206 237 54 206 378 664 451 206 22 206 584
639 639 639 639 639 639 639 639 639 639 639 639 639 639 639 639 639 639
639 639 639 639 639 639 639 639 639 639 639 639 639 639 639 639 639 639
430 299 584 299 584 439 299 430 584 299 299 299 299 430 299 584 299 584 430 299
584 584 584 449 584 141 41 584 584 584 664 584 584 584 430 664 693 664 584 141 141 584 584 430 584 584 584 430 430 664 664 664 41
141 584 664 584 664 664 584 584 664 664 584 141 664 291 664 664 664 664 141 664 664
53 221 92 584 664 22 210 557 664 584 430 584 11 607 584 584 584 584 664 53 584 141 584 141 584 584 584 22 584 141 22 187 584 664 664 584 664 141 584 664 584 141 584 607 430 141 430 664 303 584 584 584 584 584 430 664 584 200 584 664 584 143 584 584 187 584 141 141 584 630 558 430
430 186 23 74 121 664 121 430 664 83 664 121 664 121 74 121 554 430 55 664 121 4 664 186 49 121 664 121 4
121 381 121 381 381 540 381 381 381 381 540 121 121 121 381 121 381 381 121
53 430 430 53 430 114 53 53 430 53 53 53
664 664 430 664 584 155 664 584 664 584 584 430 584 430 584 584 584 584 265
584 53 53 584 53 584 154 584 53 584 53 53 53
584 664 664 584 684 664 584 531 430 664 190 664 630 607 531 430
618 10 10 648 159 618 381 639 618 299 524 71 10 299 690 139 639 639 209 299 618 427 571 206 552 10 435 639 618 524 206 299 476 664 584 53 639 618 627 584 317 639 299 381 299 299 63 206 229 299 680 573 299 584 461 639 140 618 71 618 206 206 639 206 584 71 226 524 639 206 10 618 618 618 618 618 639 621 584 381 381 53 246 299 299 70 618 381 152 81 140 270 381 639 584 476 326 618 362 640 16 618 10 206 524 504 664 518 206 618 71 618 317 299 206 381 10 691 657 639 609 206 664 643 206 639 618 140 683 639 664 161 299 206 299 476
381 381 381 381 381 381 381 381 381 381 381 381
611 476 504 564 564 398 299 299 299 299 299 504 299 504 476 299 299 299 299 299 476 476
381 381 381 381 381 381 381 381 381 381 381 381
397 381 381 664 121 381 237 206 121 206 381 206 381 206 664 661 121 664 584 237 584 206 121 121 584 664 661 664 381 381 381 584 206 176 381 142
381 618 618 618 618 381 618 618 618 381 618 618 618 381 381 618 618 618 381 17 618 381 381 381 618 381 381 618
664 270 664 206 237 54 206 378 206 378 22 664 206 206 206
249 53 684 584 664 249 53 53 430 664 144 664 664 664 664 664 664 664 122 430 53 664 430 684 65 430 664 522
584 141 584 630 584 584 141 584 584 584 584 77 584
206 53 206 53 53 53 53 206 53 53 206 206 206 53 53 206 529 53 53 206 53 53 53 206
10 10 633 40 45 639 524 639 618 539 10 639 109 435 639 618 639 639 618 109 98 246 524 71 10 639 639 660 40 10 639 120 71 628 649 639 639 618 140 166 140 664 618 71 10 639 639 618 584 10 675 445 640 140 218 639 664 71 639 524 217 14 359 524 40 651
381 381 381 381 381 381 381 381 381 381 381 381
10 10 32 524 639 299 581 539 10 639 431 381 381 381 639 0 524 71 10 446 381 299 299 10 657 71 647 381 639 326 639 36 36 99 71 10 639 299 639 641 218 36 326 639 71 639 10 524 639 606 326 524 462 299 299
381 381 381 381 381 381 381 381 381 381 381 381
460 539 460 539 539 539 539 460 299 539 539 460 539 299 539
53 53 53 53 430 114 53 430 430 430 53 53
121 121 121 664 176 121 121 22 22 664 664 121 354 430 430 354 430
53 53 153 53 584 584 53 584 584 153 53 53
584 299 584 377 299 299 299 377 299 377 299 299 299 584
639 639 639 639 639 639 639 639 639 639 639 639 639 639 639 639 639 639
584 664 141 584 141 664 664 664 584 664 664 584 664 664 684 684 584 298 141 664 664
10 10 10 10 10 10 10 10 10 10 10 10 10 10 10 10 10 10 10 10
664 53 607 584 584 430 220 287 230 91 430 584 53 664 584 91 584 664 371
607 166 584 53 584 53 584 53 65 53 53 53 584
584 584 206 206 630 229 206 206 229 584 584 206 206 331 206
664 664 664 664 664 664 584 252 584 664 664 584 584 584 664 664 664 664
330 121 121 121 121 463 121 237 237 237 121 121 330 121 237 121 237
584 664 430 53 220 373 584 91 176 584 430 91 220 53 584 584 430 664 664 584 430
692 639 53 657 639 649 220 657 53 53 692 639 639 639 53 164 639 639 647 649 639 639 639 639
121 524 524 121 524 121 524 524 121 121 524 121 524 524 121 524 524 524 524 604 524 121
430 53 122 430 53 53 430 386 430 664 122 430 430 122 584 664 664 430 584 664 430 53 664 664
664 664 232 664 664 531 664 430 664 664 23 144 664 531 430 664
376 206 206 121 376 376 206 376 206 376 121 121 376
584 383 299 299 299 299 584 299 299 584 299 584 299 299 584 299
664 65 584 53 664 607 200 584 53 584 584 584 53 584 664 664 584 200 584 584 393 53
248 121 664 248 121 664 248 248 664 121 121 121
584 381 121 381 650 584 664 121 111 381 399 381 607 381 4 121 584 121 238 300 300 237 397 381 121 121 65 381 381 121 381 584 121 121 664 674 121
381 381 381 381 381 381 381 381 381 381 381 381
664 22 81 664 208 208 53 208 53 53 53 664
381 381 299 299 299 299 381 587 381 299 299 381 381 299 381 381 299 299 381 299 381 381
53 584 584 53 584 264 584 584 53 584 584 53 53 584 53 584 584 53
430 584 430 430 430 430 584 68 430 584 430 584 584 430
664 684 584 664 607 103 584 664 584 664 584 664
381 381 381 381 381 381 381 381 381 381 381 381
381 381 381 389 535 664 381 584 584 381 584 664 664 584 381 381 381 381 664 584 684 381 664
632 618 618 618 618 618 584 618 618 618 618 618 618 618 584 618 618 584 584 584 618 618
53 53 53 372 53 584 584 607 53 53 53 584 584 53 53 53 53 53 53 65
10 10 10 10 10 10 10 10 10 10 10 10 10 10 10 10 10 10 10 10
381 381 381 381 381 381 381 381 381 381 381 381
584 584 584 584 584 78 584 584 141 584 584 141 141 584
430 141 430 584 141 584 430 44 584 584 430 584 141
664 584 141 664 664 141 664 141 584 584 664 125 664 584 584
121 664 121 664 121 121 271 664 664 271 121 271 121
607 430 584 141 584 584 430 584 214 141 430 584 430 430 141 584 584 584 483 584 430 430
584 430 430 430 44 141 584 141 584 141 584 584 430
664 584 430 664 664 584 584 664 664 584 664 417 664 664 615 584 664 584 558 430 664 430 584 664 664 615 584
664 430 430 430 664 664 664 664 430 430 430 117 430 664 430
664 94 584 664 584 664 664 584 584 664 664 584
584 584 78 584 584 141 141 584 584 584 584 141 584 584
430 430 584 141 430 584 141 141 141 584 141 584 584 141 430 69
172 172 172 172 172 172 172 172 172 172 172 172 172 172 172 172 172 172 172 172 172 172 172 172 172 172 172
430 584 141 646 584 430 430 430 512 664 430 664 664 430 664 141 584 430 664 664 558 584 630 430 430 584 664 664 247 664 584 664 584 430 584 430 664 664
664 141 664 141 664 141 141 141 141 118 664 141 141 141 141 664 141 141 664
172 584 664 172 172 584 172 584 172 430 172 584 664 172 172 172 172 172 172 225 584 172 584 172 172 664 664 584 172 172 172 172 172 430 664 172 483 141 664 430 584 172 172 141 172 173 141 172 584 584
381 381 381 381 381 381 381 381 381 381 381 381
561 561 561 561 561 561 561 561 561 561 561 561 561 561 561
430 430 430 584 430 141 430 430 430 430 584 430 584 158 141 584 141 430 430 584 430
53 664 23 664 664 664 74 74 141 664 584 53 664 664 247 664 53 664 664 664 584 664 584 584 584 584 53 584 664 664 584 65 664 664 568 584 664 584 141
430 584 141 44 584 141 584 584 430 141 430 584 430
430 430 430 430 141 430 141 430 430 430 141 667
584 584 664 584 584 584 584 584 584 584 313 584 664 584 584 584 584 684 664 664 607 664
664 141 141 664 664 141 584 664 664 430 584 664 141 584 430 584 664 664 664 664 141 584 430 141 664 430 664 367
53 53 65 53 430 65 53 430 53 53 340 53 53 53 430 53 430 53 53
257 257 257 257 257 257 257 257 257 257 257 257 257 257 257 257 257 257 257 257 257 257 257 257 257 257 257 257 257 257
561 561 561 561 561 561 561 561 561 561 561 561 561 561 561
584 664 584 430 664 664 430 664 685 584 664 156 584 430 664
584 584 664 664 685 584 156 664 584 664 430 664 430 664 430
53 664 664 53 584 154 584 664 53 664 53 664 664 444 584 664 607 664 584 53 664 664 53 53
53 114 53 53 430 53 53 430 430 53 53 430
141 430 430 80 584 141 141 141 141 430 141 584 584 483 607 584
664 584 664 584 94 664 664 584 664 584 584 664
53 584 584 53 53 153 53 53 584 53 584 153
584 584 664 584 664 584 584 664 94 664 664 664
206 206 206 347 206 664 664 206 664 347 206 206 664 347
460 460 460 460 460 460 460 460 460 460 460 460 460
53 53 141 53 53 116 141 141 53 53 53 141 141 141
206 53 53 53 206 400 53 206 206 206 53 400 206 206 206 53
430 584 430 430 584 430 67 430 685 430 584 430 584
664 112 112 112 430 430 664 664 664 430 664 178 664 430
257 257 257 257 257 257 257 257 257 257 257 257 257 257 257 257 257 257 257 257 257 257 257 257 257 257 257 257 257 257
584 584 584 584 583 584 584 584 584 584 58 584 583
584 584 430 584 141 141 430 584 584 584 141 584 368 584 584 584 584 584 584 584 141 584 584 430 141 584 584 430 584 141 584
121 664 121 664 121 121 271 664 664 271 121 271 121
206 206 206 206 206 430 206 430 206 206 272 206 430 430
664 53 664 53 664 53 53 210 53 664 53 664 53 664
141 584 584 141 430 430 430 69 584 584 141 584 430 141 141 141
206 206 430 206 206 430 430 430 206 206 206 206 206 272
584 664 664 584 664 584 584 664 664 94 584 664
584 584 141 141 686 584 141 584 141 141 584 141
430 141 430 430 584 584 584 584 584 141 584 584 141 584 584 138 430 584
172 172 172 172 172 172 172 172 172 172 172 172 172 172 172 172 172 172 172 172 172 172 172 172 172 172 172
584 584 53 584 53 584 584 53 53 53 53 154 53
584 584 275 584 56 584 53 53 53 65 584 584 584 584 53 53 53
664 584 584 141 584 141 664 664 664 584 664 584 141 664 291 664 664 664 664 664 664
53 53 53 430 430 53 113 430 53 414 53 53 53 53 53 584 53 584 584 53 53 584 584
141 584 584 141 584 584 584 584 584 584 141 78 584 584
607 664 430 664 141 141 235 664 141 584 685 584 584 664 247 141 664 430 664 141 430
257 257 257 257 257 257 257 257 257 257 257 257 257 257 257 257 257 257 257 257 257 257 257 257 257 257 257 257 257 257
51 666 345 584 430 141 141 180 141 141 665 430 665 584 141 584 584 584
664 430 664 664 664 664 664 584 430 664 664 430 584 584 584 664 430 664 584 664 430 664 430 430 430 366
584 172 172 584 172 172 172 172 172 172 184 172 172 172 172 172 172 172 172 584 172 172 172 172 172 172 172 584 172 172 172 584
561 561 561 561 561 561 561 561 561 561 561 561 561 561 561
584 121 121 584 664 121 121 121 584 430 121 430 430 664 121 584 664 584 664 121 424 430 664 664
561 561 561 561 206 206 206 561 206 206 561 625 561 561 561 206 206 206 561 561 561 561 206 561
664 664 664 664 664 664 664 664 664 664 664 145 664
141 430 430 430 430 141 430 430 430 667 430 141
121 121 121 430 121 121 187 121 121 121 430 430 430
141 141 141 141 141 141 28 428 141 141 141 141 141 141 141 141 141 141
584 584 53 206 584 53 206 206 206 53 584 206 206 206 584 53 584 584 53 206 584 53 584 584 584 584 206 584 584 579 584 53 584 584 584 584 584
430 121 121 121 121 187 121 121 430 121 121 430 430
430 584 584 430 430 430 68 430 430 430 430 584 584 584
430 53 430 53 430 53 53 430 430 243 53 430 430 53 430 430 430 430 430 53
584 430 584 105 584 584 430 584 584 430 430 584 584 584 584
584 222 53 430 584 430 53 584 584 53 53 430 430 53 53 53 584
430 430 430 430 430 430 430 430 430 430 430 430 430 430 430 87 430
664 584 664 584 664 584 203 584 584 584 664 584 664 584 584 664 584
53 141 430 53 430 141 53 388 53 430 584 430 430 430 53 430 584 430 430 141 53 141 430 141 584 141 430 430 584 584 53
584 584 584 584 664 584 664 584 664 203 664 584 584 664 664 584 584
664 430 157 584 430 584 664 430 664 664 584 430 664 584 664 584
154 53 584 584 53 53 584 53 53 584 584 53 53
664 664 206 352 664 664 219 664 664 684 206 468 206 664 664 664 664 206 206 206 206
257 257 283 257 257 257 257 257 257 257 257 257 257 257 257 53 257 257 53 257 53 257 257 257 257 283 53 257 257 257 53 257 53 257 257 257
664 53 321 664 615 664 584 53 664 53 53 53 584 321 4 53 584
257 257 257 257 257 257 257 257 257 257 257 257 257 257 257 257 257 257 257 257 257 257 257 257 257 257 257 257 257 257
299 299 430 299 299 430 352 299 430 299 299 430 299 299 299
430 141 584 430 129 141 430 584 430 430 584 141 430 141 141 584 141 584 430 430
381 381 381 381 381 381 381 381 381 381 381 381
584 141 141 584 141 430 584 430 430 44 584 584 430
584 584 464 664 584 646 584 141 584 584 664 247 584 141 141 615 584 664 584 615 584 584 583 584 247 664 48 664 584 584 584 664 584 141 584
237 206 206 206 206 237 206 558 141 141 583 237 583 206 287
664 584 141 584 664 141 664 584 584 584 664 664 141 664 125
664 664 664 664 664 664 664 212 664 664 430 664 430 430 664 430 664
172 430 172 121 172 172 172 172 172 172 186 172 172 172 172 173 172 121 121 121 172 172 172 172 172 172 172 141 121 430 172 141 172 172 172 216 121 172 585 121
190 584 53 53 53 141 584 53 141 53 584 53 584 141 53 584
381 381 381 381 381 381 381 381 381 381 381 381
430 430 206 53 448 398 430 53 398 206 269 398 269 430 53 206 53 398
664 664 584 584 664 664 584 584 94 664 664 584
430 430 430 53 483 65 53 430 53 430 190 53 430 430 53 53
584 584 430 430 430 584 584 430 170 584 584 584 430 584 430 584 430 584 430
664 664 664 664 664 664 664 664 664 664 664 664 145
172 172 172 172 172 430 172 172 172 172 172 172 172 172 172 172 430 430 172 182 172 172 172 172 172 172 172 172 172 172 430
44 430 430 584 141 584 430 430 584 584 141 141 584
53 53 584 53 154 584 53 53 53 584 584 584 53
541 381 121 381 381 381 121 121 121 381 381 121 121 381 381 121 381 381 121 381
584 664 94 664 664 664 664 584 664 584 584 584
430 430 430 430 430 430 430 26 430 430 430 430 430
430 430 430 430 430 26 430 430 430 430 430 430 430
94 664 664 664 664 664 584 584 584 664 584 584
430 664 53 53 430 53 53 53 664 664 664 430 430 53 664 664 53 276
664 664 430 141 430 141 85 141 430 664 664 664 664 430
430 664 430 430 141 584 141 141 141 584 141 664 141 664 584 256 664 141 584 141 584 664 430 664 141
664 428 664 57 664 664 141 141 141 664 141 664
195 430 430 141 584 430 141 141 584 141 141 430 141 430 584 430 430 584 430 430 584 430 430 430
584 53 400 607 53 219 206 53 206 584 53 475 53 53 206 584 206 206 584 206 206
206 206 206 206 353 206 664 664 206 664 206 664 206 664 206 664
257 257 257 257 257 257 257 257 257 257 257 257 257 257 257 257 257 257 257 257 257 257 257 257 257 257 257 257 257 257
584 430 584 584 584 430 584 584 584 584 141 430 584 138 141 584 430 141
93 584 664 430 664 584 430 664 430 664 430 156 584 664 584
141 141 141 664 664 141 664 58 664 141 664 664 141
172 172 172 172 172 172 172 172 172 172 172 172 172 172 172 172 172 172 172 172 172 172 172 172 172 172 172
430 664 664 430 430 430 664 664 342 430 430 664 664 154 430 430 664 483 664 430 430 664 430 664
430 430 430 430 430 430 667 141 141 430 141 430
583 430 557 430 430 557 430 430 583 430 557 686
237 53 206 269 141 206 53 206 134 206 206 345 398 206 398 237 53 597 141 141 206 141 269 438 398 237 206 206
141 141 430 430 430 667 430 430 430 430 430 141
664 584 664 664 664 584 584 94 664 584 584 664
664 664 664 664 53 53 53 200 53 53 200 200
584 584 584 104 584 430 430 104 430 584 584 584 584
257 257 257 257 257 257 257 257 257 257 257 257 257 257 257 257 257 257 257 257 257 257 257 257 257 257 257 257 257 257
584 584 584 584 664 141 664 584 141 664 584 584 664 141 584 664 664 584 584 234
430 430 430 430 430 430 430 26 430 430 430 430 430
103 584 607 664 584 684 584 584 664 664 664 664
430 53 430 430 114 53 53 53 430 53 53 53
460 460 460 460 460 460 460 460 460 460 460 460 460
584 584 584 141 430 664 121 141 141 53 141 121 141 584 584 430 584 53 430 121 584 684 141 121 121 430 584 121 664 584 53 53 121 602 53 684 121 664 483 53 430 483 584 664 430 75
664 430 430 430 664 212 664 664 664 664 664 664 664 664 430 664 664
172 172 172 172 172 172 172 172 172 172 172 172 172 172 172 172 172 172 172 172 172 172 172 172 172 172 172
583 584 430 430 583 584 7 430 584 430 584 584
684 222 430 430 664 430 664 664 684 664 664 664 430 664 664 664 664
430 430 53 53 430 304 430 53 615 53 558 584 53 584 584 430 430 53 430 615 53
257 257 257 165 257 584 53 53 257 257 257 257 257 257 257 257 53 53 53 257 257 257 296 257 257 257 257 257 584 584 257 257 257 74 257 257 615 257 257 257 257
128 584 430 584 584 430 430 430 430 584 430 430 430 430 430 430 584 430
584 53 53 584 53 430 430 430 584 430 430 584 584 430 584 53 584 584 53 430 584 430 430 430 430 425 53 430 584 53
664 584 664 584 584 664 94 584 584 664 664 664
584 141 56 430 53 616 65 53 584 430 584 53 206 595 607 141 141 400 219 584 141 53 584 430 206 584 53 584 584 584 206 141 206 584 141 206 685 206 206
53 53 430 430 584 584 434 664 430 113 53 584 664 74 584 430 53 584 430 664 664 664 74 430 84
607 430 430 584 430 78 430 483 430 584 584 430 584 430
53 53 53 53 401 664 53 53 401 664 53 664 53 664 664 53 53 53 53
172 257 257 257 503 257 257 172 257 257 172 257 257 257 172 172 257 172 172 257 172 172 172 172 172 257 503 172 172 257 257 257 172 257 172 257 172 257 172 172 257 257 257 172 172 257 172 257 172 257 172 257 257 172 257
584 430 607 584 483 430 584 430 78 430 584 430 430 430
172 172 172 172 172 172 172 172 172 172 172 172 172 172 172 172 172 172 172 172 172 172 172 172 172 172 172
664 664 430 430 430 116 664 430 430 616 430 664 664 664
170 584 584 430 430 430 430 584 584 584 584 430 584 584 584 430 584 430 430
121 121 121 121 275 584 141 121 584 121 121 584 121 247 607 141 584
584 430 584 584 430 141 584 141 430 44 584 430 141
68 430 430 584 430 430 584 430 584 584 430 584 430 430
664 664 121 287 121 121 121 121 664 121 664 664 121 121 664
664 664 55 55 664 664 664 430 664 430 664 664 211 664 664
664 664 664 664 664 144 664 664 144 664 664 664
187 121 430 121 121 121 430 430 430 121 121 121 121
483 53 53 430 584 607 584 53 430 233 430 53 584 53 53 584 53
172 172 172 172 172 172 172 172 172 172 172 172 172 172 172 172 172 172 172 172 172 172 172 172 172 172 172
430 584 584 584 53 142 584 584 584 430 483 584 584 142 142 584 65 430 684 142 483 430 664 53 584 511 584 584 584 430 430 616 584
339 121 430 121 664 121 121 664 430 121 430 664 121 664 121 664 55 121
584 121 121 121 239 132 584 121 607 121 584 584 121 121
584 584 584 584 664 133 664 584 584 584 51 664 584 584 530 584 584 664 584 584 584 584 584 82 584 231 664 664 584 664 584 584 584
664 664 41 584 664 664 41 664 584 189 664 584 584 584 584
684 584 584 664 607 664 664 584 584 664 584 584 664 664 664 664 584 664 664 584 664 591 584 584 664 664 584 664 664 664 664 584 584 93 584 664 664 664 584 93 584 584 664
430 430 53 53 53 53 430 430 53 53 53 114
141 141 141 141 247 247 141 141 141 430 430 141 141 141 141 247 430 141 141 141 247 430 583 141 141 141 141 583 215 141 141 141 141 141
430 558 430 74 141 584 430 53 53 430 664 664 584 430 53 664 53 53 74 584 141 430 430 430 430 430 481 584 664 664 430 141 584 664
172 172 172 172 172 172 172 172 172 172 172 172 172 172 172 172 172 172 172 172 172 172 172 172 172 172 172
664 141 584 584 141 664 584 584 141 664 584 125 664 664 664
664 584 22 664 141 584 53 664 141 53 545 42 584 664 53 584 53 22 134 584 664 664 664 584 141 664 584 616 74 141 247 53 584 584 141 22
584 364 664 430 664 53 664 664 53 430 685 153 430 584 53 664 584 53 664 53 53
664 664 200 664 664 53 53 200 53 53 200 53
664 53 664 53 53 206 206 206 53 664 495 206 206 206 206 53 664 53 664 664 206 53 206
584 664 664 141 664 430 430 204 584 247 483 141 664 430 584 584 664 584 664
460 460 460 460 460 460 460 460 460 460 460 460 460
141 274 206 206 206 206 141 206 206 141 141 206 206 141 206 141
206 206 141 53 664 206 53 141 206 664 206 664 141 53 141 664 664 664 664 664 664 53 664 141 206 206 141 206 664 53 206 664 53 53 570
231 584 584 121 121 584 121 584 584 121 121 121 121 121
584 584 584 584 584 584 584 584 584 584 148 584 584 584 584 584
181 430 430 430 664 430 430 430 430 664 664 430 430 430 430 664 430 664 664
664 664 664 664 664 664 664 664 145 664 664 664 664
53 664 664 53 664 664 210 664 53 53 53 53 664 53
141 667 430 430 141 430 430 141 430 430 430 430
664 664 664 141 664 664 141 664 335 664 664 664 664 141 664 664 664 664 664 664 664 664
584 153 430 141 141 53 141 53 584 253 584 430 53 584 53 430 430 53 53
584 584 664 664 664 430 664 156 664 664 685 584 430 584 430
584 234 584 141 584 664 664 584 584 664 584 664 664 584 584 664 141 584 584 141
664 206 206 664 206 664 206 353 206 206 206 664 206 664 206 664
53 584 615 53 584 584 53 165 165 53 53 74
664 430 664 430 664 664 430 117 430 430 430 430 664 664 430
121 496 430 121 430 121 584 584 584 121 121 121 121 121 121 430 121 121 121 121 584 121 584 430 121 121
103 584 664 607 584 664 584 664 664 664 684 584
684 141 141 664 664 664 664 247 67 141 141 141 664
466 460 584 584 430 460 430 584 584 430 584 584 584 584 460 584 584 483 584 460 430 141 430 430 619 141 460 141 460 607 584 430 460 430 584 460 466 584 483 430 430 460 466
78 584 584 584 141 584 584 584 141 141 584 584 584 584
141 141 584 584 430 430 584 141 430 69 584 141 141 430 141 584
664 584 459 584 630 664 430 53 584 430 664 53 53 664 584 584 584 53 630 584 53 584 53 430 664 430 664 141 53
206 141 438 398 345 438 53 398 206 269 53 269 53 206 398 74
257 257 257 257 257 257 257 257 257 257 257 257 257 257 257 257 257 257 257 257 257 257 257 257 257 257 257 257 257 257
460 460 460 460 460 460 460 460 460 460 460 460 460
584 607 149 430 584 141 584 584 430 430 584 141 607 584 141 430 584 584
584 584 584 584 105 584 584 430 430 584 430 584 584 430 584
257 257 257 257 584 257 257 257 257 257 257 257 141 257 257 257 257 257 584 257 141 257 257 257 257 257 268 257 257 257 141 257 257 257 584 584 584 257
561 561 561 561 561 561 561 561 561 561 561 561 561 561 561
53 53 53 430 53 53 53 430 430 114 53 430
141 584 584 584 430 430 44 584 430 584 141 141 430
430 584 584 584 584 141 584 141 584 430 584 141 584 584 584 141 430 584 584 584 584 141 141 279 584 430
584 430 584 141 430 430 141 141 584 430 69 584 141 141 584 141
257 257 664 257 257 257 257 257 257 257 257 664 257 257 257 257 281 257 257 257 257 257 664 257 257 257 257 257 257 664 664 257 664 257 257 257
53 53 272 53 53 53 53 272 53 53 53 53 53 53
584 53 430 430 584 53 584 53 430 584 584 430 430 430 584 53 53 430 584 430 584 53 584 584 374 53
206 206 206 584 584 206 206 584 206 584 206 206 310 206 584
141 141 430 277 141 664 141 664 141 664 430 664 664 430 430 664 141 664 664 664 664 664 664
584 141 584 141 584 584 668 583 583 141 583 583 584
584 340 53 23 584 664 53 615 615 53 664 664 53 684 53 53 53 664 607
430 430 114 430 430 53 53 53 53 53 53 53
133 664 664 664 584 664 584 664 664 240 664 664 240 584 584
53 114 53 430 430 430 53 53 53 53 53 430
584 4 430 664 558 141 584 307 4 584 664 430 430 664 584 430 584 430 664 141 141 430 141 141 141 430
430 141 53 141 53 53 141 430 191 65 53 141 141 430 53 247 430 53
53 664 53 321 664 615 664 53 664 53 53 321 584 584 4 53 584
584 584 53 584 53 584 53 53 53 584 154 53 53
172 172 172 172 172 172 172 172 172 172 172 172 172 172 172 172 172 172 172 172 172 141 141 172 141 172 174 172 172 172
583 584 53 584 583 584 53 53 53 168 584 584 53 53 53
430 430 584 584 584 584 105 584 584 430 584 584 584 584 430
53 53 53 53 53 53 53 53 273 53 53 53 53 53 53
664 584 430 584 664 430 324 584 430 430 664 430 430 664 664 430 584 584 584 584 584 584 664 584 430
584 584 430 141 430 430 44 141 141 584 584 430 584
53 664 664 53 53 53 664 664 664 664 430 53 664 664 404 664 430 53 430 664 664 664 53 430
53 22 53 584 206 584 22 206 53 542 206 206 53 542 237 584 53 664 584 206 664 361 53 237
584 584 584 584 141 53 430 430 584 53 584 53 430 141 430 53 53 584 584 584 141 584 349 53 53
664 664 430 616 664 430 664 430 430 664 664 430 430 116
141 297 141 141 65 664 664 53 664 247 684 141 664 53 53 53 53 664 141 65
53 53 53 53 53 53 53 53 53 53 664 664 53 664 53 664 403 664 53 53 664
106 141 584 141 141 141 584 584 584 584 584 141 584 141 584 584 584
68 584 430 430 430 430 584 584 430 584 430 430 430 584
460 460 460 460 460 460 460 460 460 460 460 460 460
206 206 206 206 584 584 584 584 206 206 310 206 584 206 206
313 664 584 584 664 584 584 584 664 664 584 584 664 584 584 664 607 584 584 584 584 607
257 257 257 257 257 257 257 257 257 53 257 257 295 257 584 257 257 257 257 257 584 53 257 53 257 257 257 53 257 584 53 53 257 257 257 53 584 257 257 257 257 584
430 584 584 584 430 584 584 584 584 584 584 105 430 584 430
257 257 257 257 257 257 257 257 257 257 257 257 257 257 257 257 257 257 257 257 257 257 257 257 257 257 257 257 257 257
664 664 664 664 430 211 664 664 133 684 664 430 430 133 483
257 257 257 257 257 257 584 257 257 257 257 257 664 584 584 257 257 257 257 257 664 584 584 584 664 584 308 257 257 257 664 664 257 257 584 257 584 664 257 257 584 584 584 584 584 257 257 257 257 257 584
584 68 430 584 430 430 584 584 430 430 430 430 430 584
430 430 53 430 53 53 53 53 114 53 430 53
53 584 53 584 65 53 53 53 584 584 584 584 607 584 53 584 289 616
206 206 684 664 664 430 121 206 121 664 121 206 584 430 430 206 664 121 584 430 430 664 664 664 664 121 430 584 121 607 664 430 206 664 664 430 664 430 684 677 664 206 664 664 206 664 430 664 430 206 121 607 684 121 430 664 684 664 664
430 584 430 584 430 430 80 583 584 584 430 584 430 430 430 583
584 584 141 141 584 141 141 584 141 141 584 686
53 584 584 53 53 153 53 53 584 53 584 153
141 584 68 584 141 141 430 430 141 617 584 584 430 584
141 141 584 430 483 584 584 584 584 584 584 584 607 584 430 430 149 141
53 114 53 53 53 53 430 53 53 430 430 430
141 430 430 430 430 430 141 141 60 430 430 430 430 430 430 430
430 206 206 247 206 206 141 430 430 430 430 206 441 206 206 206 430 141 141 206 430 430 430 247 430 430 141 430
664 664 664 430 430 664 430 430 430 430 430 430 664 664 117
430 430 584 607 430 584 430 430 430 78 483 584 584 430
430 430 430 430 685 430 224 430 141 430 430 584 430 141 141 430 584 584 584 430 430 430 430 430
664 664 583 141 664 141 664 584 141 584 137 584 584 583 664 584 664
584 664 664 584 584 584 430 584 430 584 430 664 430 664 584 584 664 584 584 266 664
206 206 347 206 664 664 206 206 664 347 206 206 664 347
299 299 299 299 121 299 299 121 121 121 299 299 499 121 121 121 499 299
664 125 141 141 664 584 584 584 584 664 664 141 664 584 664
684 536 664 460 460 460 664 460 460 460 466 664 460 460 664 460 460 664 460
141 584 141 141 584 44 584 430 430 584 430 430 584
430 141 430 430 430 141 141 430 430 141 27 141 141 430 430
299 299 584 584 299 299 299 299 584 584 383 299 299 584 299 299
124 430 53 53 430 53 53 583 53 53 53 583 430 430
53 53 206 53 53 53 53 398 398 53 527 206 269 53 53 398 269 53 206 53 398
664 430 430 584 664 430 584 664 584 664 584 584 157 430 664 664
257 257 257 257 257 257 257 257 257 257 257 257 584 257 584 584 257 257 257 615 257 257 294 257 294 257 257 584 257 257 584 584 615 257 584 584 257 257 41 257 257
65 584 584 584 53 584 584 53 276 584 584 53 53 53 607 584 584 53
172 53 430 172 172 172 172 172 172 172 430 172 172 172 172 172 172 53 172 172 430 172 172 172 53 172 172 172 53 53 172 430 172 53 172 172 205 53
257 257 257 257 257 257 257 257 257 257 257 257 257 257 257 257 257 257 257 257 257 257 257 257 257 257 257 257 257 257
561 561 561 561 121 121 561 121 561 613 561 561 561 561 561 121 121 613 613 121 561
206 206 206 206 206 206 206 206 206 206 206 493 206 206 206 206 206 206 206
664 53 430 456 53 74 53 664 664 53 74 82 53 53 53 664 430 664 53 53 430 664 430 53 53
430 584 430 430 584 584 584 483 430 584 430 483 78 430
584 583 584 430 584 583 584 430 430 7 584 430
584 53 154 584 53 53 584 584 53 53 584 53 53
664 664 664 607 141 584 584 664 664 141 664 664 584 42 664 615 615 141 584 664 584 664 395 584 664 584
584 141 584 584 584 584 141 78 584 584 584 584 584 141
664 664 121 121 340 664 664 430 121 664 121 121 121 121 664 121 430 430 430
607 53 141 53 53 584 584 430 584 584 53 53 584 584 584 430 53 358 141 430 584 584 53 247 430
664 664 664 664 584 430 584 664 664 664 430 664 664 664 664 664 430 664 441 584 664 584 664 664 664 584 430 664
584 41 584 584 584 584 584 41 584 584 584 584 584 135
240 664 664 664 584 664 584 664 664 240 664 664 133 584 584
206 206 353 206 664 664 664 206 206 664 664 206 206 664 206 206
584 141 664 664 664 584 584 664 664 584 125 141 664 141 584
206 53 53 53 206 53 53 206 206 400 53 400 206 206 206 206
172 172 172 172 172 172 172 172 172 172 172 172 172 172 172 172 172 172 172 172 172 172 172 172 172 172 172
664 664 94 664 584 664 664 664 584 584 584 584
141 584 584 141 141 584 141 584 141 141 584 686
664 664 584 584 584 664 664 664 584 664 664 664 664 664 584 664 252 664
299 299 299 299 299 299 121 121 121 121 299 299 121 499 121 121 499 299
584 53 153 53 153 53 53 53 584 584 584 53
172 172 172 172 172 172 172 172 172 172 172 172 172 172 172 172 172 172 172 172 172 172 172 172 172 172 172
254 584 664 584 141 141 664 584 664 345 666 584 584 584 584 664 664 664 584 584
53 114 53 53 53 430 430 430 53 430 53 53
121 121 121 430 121 121 121 121 187 430 121 430 430
561 561 561 561 561 561 561 561 561 561 561 561 561 561 561
430 430 430 430 430 141 141 60 430 430 430 430 430 141 430 430
53 206 206 53 206 664 664 53 664 494 206 206 494 206 206 53 53 206 53 664 664
172 172 172 172 172 172 172 172 172 172 172 172 172 172 172 172 172 172 172 172 172 172 172 172 172 172 172
121 664 121 121 132 584 380 121 664 584 664 607 121 664 584 664 121 121 664 584
53 664 664 616 664 664 584 584 664 664 664 664 53 664 560 584 615 615 664 664 584 584 53 664 664 684 42 664 53 53 664 53 584 53 584 664
584 53 153 53 153 53 53 53 584 584 584 53
561 561 561 561 561 561 561 561 561 561 561 561 561 561 561
206 206 206 664 664 664 353 664 206 206 206 206 206 206 664 664
430 430 128 430 430 430 430 430 430 584 430 430 584 584 584 430 584 430
664 4 430 558 430 664 430 664 298 430 664 430 664 664 664 664 4 664 430 430 664
667 430 141 430 430 141 430 430 430 430 430 141
430 430 430 430 141 430 430 430 667 141 141 430
53 664 84 664 53 53 430 664 430 74 430 664 53 430 75 684 664 664 430 684 74 430 430 664 472 664 664
53 53 430 53 65 123 53 430 430 53 483 53
584 664 664 664 664 584 584 584 664 94 584 664
172 664 172 172 172 172 664 172 172 172 172 172 172 172 172 172 172 664 172 172 172 172 172 172 664 172 172 664 172 664 196 172 172
257 257 257 257 257 257 257 257 257 257 257 257 257 257 257 257 257 257 257 257 257 257 257 257 257 257 257 257 257 257
584 584 264 584 53 584 53 584 584 584 53 53 584 53 53 584 584 53
53 53 53 430 114 53 430 430 53 430 53 53
584 584 584 584 430 584 430 430 430 584 430 430 170 584 430 584 584 430 584
664 584 584 584 664 430 664 584 664 430 584 430 430 430 584 584 430 430 584 664 584 324 584 430 664
584 584 584 584 584 584 584 584 584 584 584 584 148 584 584 584
206 206 206 430 206 206 430 206 430 430 430 206 356 141 141 206 206 430 430 141 430
584 141 584 430 584 664 141 664 584 430 141 664 584 584 141 584 465 584 430 430 584 584 141 664 141 664 141 584 430 584 141 430 584 584 664 584 141 430 430
664 247 664 141 430 430 430 430 141 430 664 430 194 141 141 664 247 430 664 430 664
53 53 53 411 664 53 664 74 664 411 53 53 74 53 664 664 53 53 53
430 430 430 430 141 430 430 60 430 141 430 430 430 430 430 141
257 257 257 257 257 257 257 257 257 257 257 257 257 257 257 257 257 257 257 257 257 257 257 257 257 257 257 257 257 257
257 257 257 257 257 257 257 257 257 257 257 257 257 257 257 257 257 257 257 257 257 257 257 257 257 257 257 257 257 257
141 584 141 141 584 584 141 686 584 141 584 141
206 206 363 206 584 206 206 584 430 584 584 206 206 584 430 430 206 206 430
607 584 584 103 584 684 664 664 664 584 664 664
53 53 53 53 53 273 53 53 53 53 53 53 53 53 53
561 561 561 561 561 561 561 561 561 561 561 561 561 561 561
53 430 584 141 584 430 53 53 430 430 53 141 53 584 53 314 430 584 430 53 430 584 141 430
615 53 430 53 430 430 664 558 584 53 615 664 664 430 664 664 53 664 664 664 430 584 53 664 53 664 430 511 584 664 53 664 430
53 53 272 53 53 53 53 272 53 53 53 53 53 53
584 664 94 664 664 584 664 664 584 584 584 664
460 460 460 460 460 460 460 460 460 460 460 460 460
584 584 584 584 584 584 121 584 121 584 584 584 121 121 121 121 121 121 415 584 584 584 584 584
53 664 471 584 664 142 142 584 616 53 584 53 664 584 664 664 584 142 584 684 607 142 584 664 664 584
584 82 584 584 231 664 664 664 664 133 664 664 664 231
584 584 430 430 584 430 141 44 584 584 430 141 141
53 584 53 584 584 607 304 584 141 53 53 584 584 141 584 65 53 53 141 584 584
172 172 172 172 172 172 172 172 172 172 172 172 172 172 172 172 172 172 172 172 172 172 172 172 172 172 172
257 257 257 257 257 257 257 257 257 257 257 257 257 257 257 257 257 257 257 257 257 257 257 257 257 257 257 257 257 257
664 615 584 664 584 664 630 664 664 430 584 584 430 615 584 343 430 584 430 664 430 584 430 430 430
584 68 430 430 584 430 584 430 584 430 430 584 430 430
584 135 584 584 584 584 584 41 584 584 584 584 584 41
584 584 430 53 53 584 584 430 584 405 430 584 584 584 53 584 53 584 430 584 584 53 53 584 584 53 584
664 584 584 584 664 664 94 664 664 584 584 664
584 430 584 664 664 430 664 157 664 664 584 430 430 584 584 664
584 664 430 664 584 664 430 157 664 584 664 584 584 664 430 430
584 615 53 53 74 53 53 584 370 53 53 53 53 53 53 53 370 584
584 584 584 584 584 141 584 51 584 584 584 584 141 292 584 584 584 141 584 584 584 584 584
141 53 664 53 584 53 584 53 341 141 53 584 664 664 584 664 664 53 53 664 584 141
664 664 664 664 94 664 584 584 584 584 584 664
53 430 53 617 142 664 141 53 430 142 141 430 141 276 142 664 141 142
430 664 141 430 664 664 664 141 430 430 85 664 664 141
206 566 664 664 206 664 206 4 615 664 566 133 664 206 664 584 206 206 664 664 206 664 664 664 4 206 615 584
561 561 561 561 561 561 561 561 561 561 561 561 561 561 561
664 584 584 584 664 684 664 584 141 584 141 584 584 584 584 243 664 141 607 664
430 172 430 172 430 172 172 172 430 172 430 172 172 430 172 172 172 185 172 172 172 172 430 172 172 172 172 172 172 430 172 172 172 172 172
584 584 584 430 53 430 430 430 53 584 53 430 430 290 53 53 430 53 53 685
278 584 584 584 584 584 430 584 584 430 430 584 584 584 430 584 584 430 430 584 584 584 430 430
664 584 584 664 584 664 584 664 584 584 584 584 584 387 584 584 584 584 584 584 664 664 584 584 584 584 584
584 430 584 584 584 584 584 105 584 430 430 584 430 584 584
686 584 584 584 584 141 141 584 141 141 141 141
53 584 615 53 584 584 53 165 165 53 53 74
584 584 583 141 8 584 141 247 141 584 141 584 141
206 566 664 664 206 664 206 4 615 664 566 133 664 206 664 584 206 206 664 664 206 664 664 664 4 206 615 584
607 584 53 430 53 430 53 233 584 53 584 430 430 65 53 53 584
141 141 53 141 53 53 141 53 53 53 116 53 141 141
584 430 430 68 430 584 584 430 430 584 430 584 430 430
664 664 94 664 664 584 664 584 584 584 664 584
584 430 584 430 430 583 584 7 584 584 430 583
430 206 584 430 584 584 121 584 430 584 206 622 483 206 206 430 121 121 121 584 584 584 430 584 430 206 607 584 206 584 206 584 121 483 206 483 584 584 584 430 186 584 584 121 430 584 121 584 206
141 664 430 247 430 206 584 558 430 345 430 598 531 664 219 352 664 664 584 141 141 345 664 664 664 531 664 206 141 141 206 584 607 42 664 584 664 206 430 141 206 206 206
613 561 561 561 121 121 561 121 561 561 561 561 561 561 561 121 121 613 613 121 561
430 138 584 584 584 141 430 430 584 584 584 584 430 584 141 141 584 584
206 398 398 398 53 398 206 269 53 269 53 206 398 53
584 430 584 430 584 68 584 430 430 584 430 430 430 430
584 430 664 157 664 664 584 430 664 584 430 430 664 584 664 584
664 141 584 664 430 584 141 141 375 584 430 664 584 141 584 141 584 430 584 664 584 664 430 584 430 430 430 584 430 141 664
684 53 664 480 53 584 664 584 616 65 584 53 684 664 584 607 584 664 584 53 584 53 584 584 584 584 584 584 53
53 430 53 664 53 53 53 430 664 53 53 430 664 430 141 141 304 141 664 664 664
664 664 664 664 664 145 664 664 664 664 664 664 664
664 584 584 584 664 558 684 584 584 4 430 4 483 664 430 190
257 257 257 257 257 257 257 257 257 257 257 257 257 257 257 257 257 257 257 257 257 257 257 257 257 257 257 257 257 257
430 430 430 141 430 430 141 430 430 430 430 247 141 430 430 141 130 141 141 141 430 247
257 257 257 257 257 257 257 257 257 257 267 257 430 257 257 257 257 257 257 257 257 257 257 257 257 257 257 257 430 257 430 430 257 257
172 172 172 172 172 172 172 172 172 172 172 172 172 172 172 172 172 172 172 172 172 172 172 172 172 172 172
664 206 664 664 664 206 469 206 206 206 206 664 664 664 206 664 684 684 664 206 664 206
53 430 430 53 53 430 53 53 53 430 53 114
222 664 664 430 684 664 684 430 664 430 664 430 664 664 664 664 664
257 257 257 257 257 257 257 257 257 257 257 257 257 257 257 257 257 257 257 257 257 257 257 257 257 257 257 257 257 257
584 664 584 430 664 430 584 584 192 430 141 664 664 664 664 584 141 141 430
664 22 206 206 206 237 664 361 206 22 361 361 206 237
141 141 584 141 141 686 584 584 584 584 141 141
94 584 664 584 584 664 664 584 664 664 664 584
664 430 664 141 141 664 664 430 430 430 664 85 141 664
323 584 53 584 53 584 53 584 53 430 584 430 584 430 53 53 584 584 53 584 584 430
53 430 141 245 53 141 141 53 141 141 141 53 430 141 141 141 53 141 430 53 141 430 141 53
430 664 430 325 430 430 430 430 664 430 430 141 430 430 430 664 430 141 430 6 141 664 664 664 430 430 607
430 664 664 664 430 430 664 141 430 141 664 430 141 664 430 430 149 430
584 53 53 53 53 53 53 584 584 584 154 53 584
53 430 430 430 430 53 53 53 53 53 114 53
460 460 460 460 460 460 460 460 460 460 460 460 460
381 381 381 381 381 381 381 381 381 381 381 381
430 584 430 584 430 430 430 141 430 430 584 43 584 96 141
664 584 664 584 584 664 584 664 584 684 584 664 607 584 93 584 584 664 584 584 664 584 664 490 51 584 584 664 584 584 664
664 664 154 664 664 664 684 664 664 664 664 664 684
430 121 584 121 430 121 584 430 121 584 121 430 584 121 430 430 430 584 121 121 348 430
53 53 53 411 664 53 664 74 664 411 53 53 74 53 664 664 53 53 53
584 664 664 584 664 584 664 141 584 584 141 664 125 664 141
430 584 430 430 430 141 141 430 141 584 97 430 584 430 430 584 584
664 53 210 53 53 664 53 53 53 664 664 664 53 664
430 430 430 430 430 68 584 430 584 584 584 430 584 430
584 584 430 430 193 430 430 430 430 430 430 430 24 584 430 584 430 584 430 430
664 664 664 664 664 144 664 664 144 664 664 664
121 664 121 664 121 121 271 664 664 271 121 271 121
430 430 584 584 24 584 430 430 430 126 430 430 584 584 430 430
584 615 53 53 74 53 53 584 370 53 53 53 53 53 53 53 370 584
147 53 141 430 53 53 53 53 430 53 53 430 141 141 430
141 430 53 141 141 53 141 53 180 141 430 430 53 53 53 53 141 430
430 141 584 430 53 584 584 607 53 430 483 430 53 584 430 483 53 430 430 247 430 141 53 584 141 616 53 430 247 607 584 141 430 53 482 584
206 206 206 206 206 206 430 430 430 206 272 206 206 430
53 53 664 664 53 664 53 53 210 53 664 664 664 53
381 381 381 381 381 381 381 381 381 381 381 381
460 460 460 460 460 460 460 460 460 460 460 460 460
53 141 53 53 141 428 141 141 53 53 115 53 53
430 664 664 664 430 141 430 141 141 584 664 664 584 584 664 430 584 192 584
381 381 381 381 381 381 381 381 381 381 381 381
381 381 381 381 381 381 381 381 381 381 381 381
141 584 430 44 430 141 141 430 430 584 584 584 584
430 584 430 430 584 430 430 584 430 584 584 430 430 584 607 430 430 584 430 607 584 430 584 293 584
584 141 430 53 607 584 584 584 53 584 53 430 584 584 53 584 53 584 53 53 584 584 584 483 584 430 141 584 442 141
381 664 381 664 381 381 381 664 664 381 381 381 381 664 664 485 381 381
584 506 430 430 53 53 584 584 430 53 53 113 584 584 53 53 584 53 584 430 53 53 584 430 430 53 53 584 53 584 53 430
561 561 561 561 561 561 561 561 561 561 561 561 561 561 561
53 584 584 166 584 584 53 65 53 607 53 53 53
664 664 664 664 430 664 430 365 664 664 664 664 664 664 664 664 430 483 664 664 664 664 684
584 430 584 68 430 430 430 584 430 584 430 584 430 430
664 664 584 584 94 584 664 664 664 664 584 584
257 257 558 257 430 257 257 257 282 257 257 257 430 257 257 584 141 257 257 257 584 430 257 257 584 257 257 141 257 257 257 257 257 257 257 257 584 584 257 257 257
206 206 430 206 206 272 430 430 206 206 206 430 206 206
121 121 584 584 584 584 121 334 584 121 584 121 584 121 121 584 584 121 584
584 664 430 584 584 584 664 266 430 584 664 584 584 430 664 584 584 430 664 664 584
172 172 172 172 172 172 172 172 172 172 172 172 172 172 172 172 172 172 172 172 172 172 172 172 172 172 172
53 53 53 53 401 664 53 53 401 664 53 664 53 664 664 53 53 53 53
257 257 257 257 257 257 257 257 257 257 257 257 584 257 584 584 257 257 257 615 257 257 294 257 294 257 257 584 257 257 584 584 615 257 584 584 257 257 41 257 257
664 584 584 664 430 664 664 664 430 584 664 664 584 430 430 664 584 664 313 664 664 664
276 584 584 584 584 53 65 584 584 584 53 53 53 53 607 584 53 584
460 460 460 460 460 460 460 460 460 460 460 460 460
53 206 206 53 206 664 664 53 664 494 206 206 494 206 206 53 53 206 53 664 664
141 430 141 584 584 584 430 584 430 44 430 584 141
430 584 584 584 430 584 584 584 584 584 430 430 105 584 584
584 53 584 53 584 264 53 584 53 584 584 584 584 53 53 584 584 53
430 584 584 170 584 584 584 584 430 430 430 584 584 584 430 584 430 430 430
664 584 584 664 169 430 430 664 483 430 584 584 664 664 584 684
53 53 53 53 53 273 53 53 53 53 53 53 53 53 53
65 53 142 664 53 142 247 187 142 142 664 141 141
430 430 584 430 141 584 141 430 430 584 584 483 141 430 430 430 430 483 141 430 430 430 141 585 584 280 483
664 53 53 664 210 664 53 664 53 53 664 53 53 664
664 430 430 430 430 584 584 430 664 430 664 223 584 584 664 584 664 430 664 430
430 584 430 584 430 430 430 68 584 584 430 430 430 584
561 561 561 561 561 561 561 561 561 561 561 561 561 561 561
430 121 430 121 121 121 121 121 430 187 121 121 430
172 664 172 172 172 141 664 197 172 172 172 172 172 172 172 664 172 172 172 172 141 172 172 172 664 172 172 172 172 172 583 172 141 172 664 172 583 664
430 430 664 664 664 117 664 664 664 430 430 430 430 430 430
141 664 664 141 141 141 664 664 141 141 664 141 141 664 86 141
172 172 172 172 141 172 141 172 172 172 172 172 172 172 172 141 172 172 141 172 172 183 172 172 172 141 172 172 172 141 172 172 172
53 53 430 430 53 53 114 430 53 53 430 53
68 430 584 584 430 430 584 584 430 430 430 430 430 584
53 177 584 53 53 53 584 615 53 584 82 53 615
664 584 584 664 141 664 141 584 664 584 664 664 425 584 584 664 430 584 664 664 664 430 584 430 584 430 141 584 664 664
430 25 430 430 430 430 430 430 430 616 430 430
430 430 667 141 430 430 141 430 430 430 430 141
584 684 607 141 664 664 584 584 584 430 141 664 141 430 584 430 430 306 664 584 584 664 584 584
430 483 171 141 430 430 584 141 584 430 430 430 430 483 584 584 430 141 430 584 430
53 22 53 584 206 584 22 206 53 542 206 206 53 542 237 584 53 664 584 206 664 361 53 237
613 561 561 561 121 121 561 121 561 561 561 561 561 561 561 121 121 613 613 121 561
206 206 206 584 206 584 206 584 206 584 206 310 206 584 206
172 257 257 257 503 257 257 172 257 257 172 257 257 257 172 172 257 172 172 257 172 172 172 172 172 257 503 172 172 257 257 257 172 257 172 257 172 257 172 172 257 257 257 172 172 257 172 257 172 257 172 257 257 172 257
381 381 381 381 381 381 381 381 381 381 381 381
584 584 584 584 141 78 584 584 584 584 584 141 141 584
584 141 141 430 430 584 141 584 584 584 430 430 44
664 664 200 664 53 53 53 200 664 53 53 200
561 561 561 561 561 561 561 561 561 561 561 561 561 561 561
257 257 257 257 257 257 257 257 257 257 257 257 257 257 257 257 257 257 257 257 257 257 257 257 257 257 257 257 257 257
584 584 141 141 584 584 141 430 430 584 664 141 584 430 664 584 141 584 664 141 584 584 664 584 584 584 430 664 584 584 406 664
584 664 584 430 584 664 584 430 141 430 55 430 316 664 430 664 430 430 430 141 430 584 664 141 430 430