47 47 47 47 47 47 47
47 47 47 47 109 47 47 47 47 47 47 47 47
47 47 47 47 47 47 47
47 47 47 47 47 47 47
129 47 47 129 47 47 47 69 47 129
129 129 129 184 219 184 184 184
47 47 47 47 47 47 47
129 129 219 184 129 184 184 184
47 47 47 109 47 47 47 47 47 47 47 47 47
5 5 47 184 47 47 47 5 5 5 184 47 47 184 47 47 47 184 144 47 47 47
83 83 83 83 83 83 83 83
83 83 83 5 5 184 184 5 123 83 184 83 83 5 5 184 83
83 83 83 83 83 83 83 83
120 184 5 5 184 5 151 5 184 129 5 5 184 5 129 5 5 184 184 5 194 184
47 47 47 47 47 47 47
47 47 47 5 47 5 194 5 184 184 47 5 13 47 112 184
47 83 83 47 83 47 83 83 83 83 47 47 120 47
47 47 47 47 47 47 47
54 54 184 184 5 5 184 5 5
83 83 83 83 83 83 83 83
110 5 83 83 83 83 5 83 5 110 5 83
202 83 5 83 161 5 5 161 83 161 83 83 83 5 5 161 161 161 161 161 161 161 161 83
104 104 104 104 104 104 104 104 104
5 184 5 184 86 5 184 184 184 5 5 184 184 184
47 47 47 47 47 47 47
5 184 184 184 129 184 5 129 184 184 184 129 184 184 129 129 5 5 129 129 5 110
175 175 175 175 175 175 175 175 175 175 175 175 175 175 175 175 175 175 175 175 175 175 175 175 175 175 175 175 175 175 175 175 175 175 175 175 175 175
175 175 175 175 175 175 175 175 175 175 175 175 175 175 175 175 175 175 175 175 175 175 175 175 175 175 175 175 175 175 175 175 175 175 175 175 175 175
209 209 209 209 209 209 209 209 209 209 209 209 209 209 209
47 47 47 47 47 47 47
104 104 104 104 104 104 104 104 104
104 104 104 104 104 104 104 104 104
129 129 129 184 129 129 129
184 69 184 184 184 184 184 184 184 184 184 184 184
83 83 83 83 83 83 83 83
184 83 83 109 129 83 83 184 83 184 129 184 83 129 83
47 47 47 104 104 47 47 104 129 155 184 129 184 104 47 129 104 104 104 104 184 184
161 141 5 5 141 141 141 5 141 141 141 141 141 141 5 5
47 83 83 83 5 192 47 47 5 47 184 83 184 83 47 5 83 83 5 184 5 47 99 184 99 83 83 83 184 83 83 184
47 47 47 47 47 47 47
129 184 184 184 184 5 184 184 184 129 5 184 129 96 5 5 5
47 47 5 47 5 47 5 96 47 5 47 5
161 161 161 161 161 161 161 161 161 161 161 161
81 81 81 81 81 81 81 81 81 81 81 81 81 81 81 81 81 81 81 81 81 81
104 104 104 104 104 104 104 104 104
47 129 129 47 129 129 129 129 47 129 129 47 129 129 129 47 129 47 102
104 104 104 104 104 104 104 104 104
47 47 47 47 47 47 47
150 104 150 120 161 150 104 1 161 120 120 150 161 161 161 1 161 161 150 161 161 161
47 47 47 47 47 47 47
47 47 47 47 47 47 47
120 104 104 120 180 120 104 104 132 120 123 104 132 120 104 180 132
83 83 83 83 83 83 83 83
192 47 47 5 192 192 86 192 201 5 192 5 184 5 54 13 5 184 192 5 192 5 192 47 5 47 86 201 60 47 5 26 192 192 201 5
104 83 83 104 83 83 104 104 150 83 104 104 83 104 104 83
93 83 5 93 5 76 83 83 5 76 5 5 5 93 5 184 184 5 23 184 99 174 5 184 184 102
47 129 47 47 83 129 47 129 47 83 129
184 129 129 23 184 129 184 129 129 184 129
47 47 47 47 47 47 47
83 83 83 83 83 83 83 83
184 5 5 192 192 83 83 184 184 21 192 129 192 5 83 5 192 5 5 83 129 184 83 192 83 192 192 5 83 192 192 129 192 5 5 5 192 192
120 120 83 120 83 120 120 120 162 120 120 120 83 83 83 83 83
47 129 47 47 5 5 47 129 129 5 47 5 5 104 47
161 161 161 161 161 161 161 161 161 161 161 161
129 129 47 129 47 47 69 47 47 47
104 104 96 104 104 104 5 47 104 5 5 5 5 5 47 104 47 5 188 5 47 5 47 5 106 13 5 5 5
83 83 83 83 83 83 83 83
194 91 5 5 5 129 5 194 184 5 184 129 184 129 129
209 178 178 178 178 209 178 209 209 178 209 209 178 209 209 178 209 209 209 178 45 209 178 209 209 178 178
184 83 184 60 184 5 5 60 184 83 5 194 5 5 5 83 184 83 184 13 83 83 170 184 83 60 5 5
47 96 5 5 5 47 5 47 47 47 5 47
83 83 83 83 83 83 83 83
120 141 120 197 141 141 141 120 141 141 120 123 144 120 141 120 141 120 120 141
120 120 120 120 120 120 120 120 120 120
161 161 161 161 161 161 161 161 161 161 161 161
192 192 120 184 83 120 120 184 192 120 120 146 146 192 120 120 146 146 192 120 192 184 120 51 120 120 192 184 192 146 120 83 192 120 192 192 192 192
192 104 192 104 192 192 104 104 104 104 192 192 192 192 192 192 192 104 3 104 192 192
120 120 120 120 120 120 120 120 120 120
5 129 5 219 129 112 184 5 5 129 5 47 151 5 47 40 5
104 104 104 104 104 104 104 104 104
194 184 184 184 184 151 184 184 129 184 129 129 76 129 129
161 161 83 161 161 161 83 161 83 161 83 83 83 161 83 190 161 161 161
5 80 5 80 5 5 5 5 5 5
184 184 5 54 184 5 184 5 5 5
141 141 141 104 47 141 205 104 104 141 104 47 104 47 205 141 104 47 141 47 104 141 141
47 47 47 47 47 47 47
83 83 83 83 83 83 83 83
5 5 5 184 184 184 54 184 5 5
47 47 47 47 47 47 47
120 184 184 120 120 120 120 184 135 135 120 120 120
178 178 178 178 178 178 178 178 178 178 178 178 178
161 161 161 129 5 192 161 5 161 5 5 161 161 5 5 161 5 161 5 5 161 129 161 5 129
80 80 47 80 47 80 80 80
47 47 47 47 47 47 47
175 175 175 175 175 175 175 175 175 175 175 175 175 175 175 175 175 175 175 175 175 175 175 175 175 175 175 175 175 175 175 175 175 175 175 175 175 175
47 47 47 47 47 47 47
120 120 120 120 120 120 120 120 120 120
99 83 5 83 83 99 5 120 83 5 83 184 5 5 184
209 209 209 209 209 209 209 209 209 209 209 209 209 209 209
120 120 120 120 120 120 120 120 120 120
83 83 83 83 83 83 83 83
47 47 47 109 47 47 47 47 47 47 47 47 47
47 184 47 47 184 47 83 47 47 184 184
47 47 47 47 47 47 47
5 13 5 5 13 77 5
83 83 83 83 83 83 83 83
32 129 5 5 129 5 5 129 5
5 47 96 5 47 47 47 5 47 47 5 5
104 104 104 114 184 184 104 184 104 104 184 104 104
141 47 141 141 141 141 47 141 141 141 47 141 141 47 47 47 168
129 129 129 129 129 129 47 129 184 129 129 129 129 184
184 184 184 104 83 5 104 104 5 83 5 83 184 184 5 194 83 83 83 104 104 184 104 83 104 104 194 186 5
5 184 184 184 47 173 47 5 5 5 47 5 184 184 47 13 5 184 184 184 5 5 184 184 184 54 5 5 184 5 5 5 47 5
47 47 47 47 47 47 47
83 83 83 83 83 83 83 83
184 5 5 5 5 5 184 5 5 5 5 5 184 184 99
83 83 83 83 83 83 83 83
129 184 5 184 129 129 129 132 184 184 5 184 5 5 184 184 184 184 184 184 5 129 129 184 184 184 184 184
83 83 83 83 83 83 83 83
64 56 56 5 56 56 56 56 56 5 56 129 56 32 5 56 56 5 56 56 56 129 56 56 56 56 56
120 120 120 120 120 120 120 120 120 120
129 151 129 129 151 129 194
184 184 184 184 184 184 184 184 23
120 120 120 120 120 120 120 120 120 120
5 47 76 76 47 76 76 76
161 161 161 161 161 161 161 161 161 161 161 161
47 102 47 102 47 102 47 47 47 102
47 47 47 129 129 69 47 129 47 47
184 184 5 184 5 5 184 5 5 80 184 184 184 5 112 184 5 5
83 83 83 129 93 83 83 129 83 129 83
104 104 104 104 104 104 104 104 104
161 161 197 161 161 161 104 104 104 197 197 104 161 104 161 104 161 161
104 104 104 104 104 104 104 104 104
5 5 77 77 13 5 5 5
184 129 129 129 129 129 129
47 102 47 102 47 102 47 47 47 102
5 5 83 83 5 5 83 83 83 83 83 5 110
180 47 126 129 93 47 47 118 104 104 47 104 129 104 47 47 47 93 104 47 47 47 118
5 5 5 5 129 184 5 5 5 129 184 129 5 80 5 5 184 5 5 128 184 5
126 104 104 47 113 126 126 126 126 104 80
184 184 184 184 184 184 184 184 23
104 104 104 104 104 104 104 104 104
83 83 83 83 83 83 83 83
184 184 23 184 184 184 23 184
104 47 104 104 47 47 104 104 137 104 47 104 47 104 47
32 5 5 32 5 129 129 129 219 129 5 129 5 5 5 32 106
83 83 83 83 83 83 83 83
104 104 104 104 104 104 104 104 104
184 184 184 184 184 23 184 23
47 5 47 5 47 47 47 47 5 47 47 47 128 93 128
141 141 141 141 141 141 141 141 141 141 141
83 83 83 83 83 83 83 83
120 120 120 120 120 120 120 120 120 120
120 120 47 120 154 47 120 47 120 47 120 120 120 154 47
5 5 5 80 5 5 5 5 5 5 5
47 47 47 109 47 47 47 47 47 109 47 47
47 47 5 184 129 47 32 5
86 83 47 83 83 123 54 47 47 83 83 83 47 47
184 47 184 47 47 5 194 184 5 96 5 47 184 158 47 47 184 47 47 194 184 47 5 47 47
141 141 141 3 3 141 192 141 192 141 141 120 192 3 137 137 3 141 41 192 192 120 192 41 192 27
83 83 83 83 83 83 83 83
184 184 219 129 184 129 184 129
5 104 5 104 140 5 112 5 184 47 5 83 146 83 83 206 206 104 47 83 47 184 83 184 110 83 13 184 184
47 47 47 135 135 135 83 162 135 47 120 120 120 47 135 162
5 5 5 5 99 5 184 184 5 5 5 5 5 184 184
5 104 5 104 5 147 5 5 104 5 104 104 104 5 5 5 104 5 104
5 47 5 5 47 47 5 47 5 47 47 96
83 83 83 83 83 83 83 83
129 120 120 120 120 120 220 129 120 120 120 120 129 128
192 209 209 209 209 209 192 192 209 192 192 192 209 53 209 192 192 209 209 192 192 209 192 209 53 209 192
184 5 86 194 47 6 104 184 184 5 47 5 104 184 184 104 184 47 5 47 5 184 184 47 47 104 184 47 5 184 5 47 184 104 184 54 104 194 5 104 184 104 47 184 184 13 47 184 13 184
129 129 129 129 129 184 129
47 47 47 47 47 47 47 141 47 47 47 47 47 141 47 47 47
56 56 56 56 56 56 56 56 104 104 104 104 104 104 104 56 56 56 56 56 56 56 75 56 104 56 56 56
83 83 83 83 83 83 83 83
83 83 83 83 83 83 83 83
47 47 47 47 47 47 47
47 47 47 47 47 47 47
184 5 184 129 184 129 5 5 184 184 129 5 96 184 184 184 5
166 5 104 166 120 5 120 150 5 150 120 150 104 5 150 150
60 5 60 60 5 5 60 5
69 104 104 144 104 184 104 219 104 5 5 47 5 104 104 104 219
184 5 5 184 5 5 184 5 54 184
47 47 47 47 47 47 47
184 194 77 77 184 184 184
83 83 83 83 83 83 83 83
32 216 120 146 155 120 120 132 137 104 5 137 216 120 5 137 146 132 132 120 120 137 80
104 47 137 104 47 104 47 104 47 104 104 47 104 47 104
104 104 104 104 104 104 104 104 104
81 81 81 81 81 81 81 81 81 81 81 81 81 81 81 81 81 81 81 81 81 81
93 129 83 83 83 129 83 129 83 83 83
83 83 83 83 93 83 129 83 83 129 129
184 184 5 129 47 184 184 182 5 129 184 184 47 47 47 5 129 47 129 184 47 47 5 129 47 184 129 47 47 5 5 5 47 47 5 5 5
77 192 192 192 5 5 83 192 77 184 192 192 192 184 192 83 192 192 83 192 5 83 184 83 5 192 11 192 5 184 83 83
184 47 47 184 96 47 110 184 184 184 47 184 110 184
120 120 120 120 120 120 120 120 120 120
104 83 83 185 83 104 83 83 104 83 104 83 104 104 104 185 83 83 83 83 83
83 83 83 83 83 83 83 83
106 47 104 5 54 5 47 104 47 5 47 104 5 47 161 23 104 104 104 104
47 184 23 209 86 184 5 47 184 86 110 47 184 5 5 184 184 5 13 184 184 129 5 184 184 47 5 151 5 5 129 184 23 86 47 129 5 47 184 96 184 184 47 184
5 129 129 129 54 5 129 5 5 129 129 5
184 5 184 5 5 54 184 184 5 5
47 47 47 47 47 47 47
120 120 120 120 120 120 120 120 120 120
104 104 104 104 104 104 104 104 104
47 47 47 47 47 47 47
184 194 194 184 184 184 184 184 32
47 47 47 47 109 47 47 47 47 47 47 47 47
104 104 104 104 104 104 104 104 104
184 184 184 184 129 129 219 129
192 192 192 192 192 192 192 192 192 192 192 192 192 192
120 120 120 120 120 120 120 120 120 120
129 5 5 184 129 5 129 184 184 5 76 5 184
104 104 104 104 104 104 184 184 104 104 184 184 114
161 161 161 161 161 161 161 161 161 161 161 161
47 47 47 47 47 47 47
47 47 47 47 47 47 47
104 104 104 104 104 104 104 104 104
104 104 104 104 104 104 104 104 104
83 83 83 83 83 83 83 83
5 5 80 5 80 5 5 5 5 5
47 47 47 47 47 47 47
184 184 184 184 23 184 184 184 184
110 80 60 83 126 126 5 83 5 83 93 83 5
184 23 184 184 184 184 184 184 184
83 126 126 126 83 83 83 47 83 113 166 104 126 83 83 104 104 80
81 81 81 81 81 81 81 81 81 81 81 81 81 81 81 81 81 81 81 81 81 81
47 47 47 47 47 47 47 141 47 47 47 47 47 141 47 47 47
129 129 129 129 129 129 129 184 129 69 129 129 129 129 129 129 129 129
47 47 47 184 83 184 47 47 184 47 184
192 192 192 192 192 192 192 192 192 192 192 192 192 192
120 120 120 120 120 120 120 120 120 120
0 24 17 120 184 7 184 209 77 17 7 120 209 209 209 120 47 77 184 209 47 7 184 209 7 209 47
47 47 47 47 47 47 47
47 47 47 47 47 47 47
83 83 83 184 102 184 83 83 184 83 184 83
83 5 83 83 220 147 141 83 129 120 5 5 109 129 120 83 129 120
83 83 83 83 83 83 83 83
129 47 47 47 129 129 184 83 129 47 47 47
5 184 184 47 184 184 47 47 5 184 180 184 47 184 178 13 5 184 184 178 47 178 184 184 178 5 47 178 5 184 178 27 178 184 178 184 129 184 184 184 184 184 184 5 178 129 5 178 5 5 178 129
192 5 3 192 120 192 5 192 192 192 120 8 153 153 192 3 3 3 3 218
141 164 141 141 192 200 193 128 47 178 198 212 49 5 192 191 5 178 65 178 5 182 166 47 192 97 120 192 37 54 128 208 178 5 47 141 212 208 178 206 5 47 5 192 178 120 206 178
47 47 47 47 47 47 47
104 184 5 47 104 164 5 47 47 104 104 104 80 47 80 104 5 5 5 104 104 184
104 104 104 104 104 104 104 104 104
47 47 47 47 47 47 47
47 47 47 47 47 47 47
47 47 47 47 47 47 47
83 83 83 83 83 83 83 83
184 184 184 184 23 184 184 184 184
120 120 120 120 120 120 120 120 120 120
120 120 120 120 120 120 120 120 120 120
47 47 47 47 47 47 47
83 83 83 83 83 83 83 83
47 47 47 47 47 47 47
83 83 83 83 83 83 83 83
192 3 192 104 192 104 104 192 192 104 104 192 192 104 104 192 104 192 192 192 192 192
56 56 56 56 56 56 56 56 56 56 56 56 56 56 56 56 56 56 56 56
47 54 83 47 83 47 47 47 54 47 83 47 47 83 83 47 120 83 155
5 80 5 5 5 5 5 5 5 5 5
167 86 129 151 129 129 220 129 167 5 77 5 129 129 5 129 5 5
83 83 83 184 83 184 83 83 184 102 184 83
83 83 83 83 83 83 83 83
104 104 104 104 104 104 104 104 104
175 175 175 175 175 175 175 175 175 175 175 175 175 175 175 175 175 175 175 175 175 175 175 175 175 175 175 175 175 175 175 175 175 175 175 175 175 175
47 47 47 47 47 47 47
120 120 120 5 5 5 5 120 5 144 120 120 120 120 120
83 83 83 83 83 83 83 83
192 120 192 192 192 120 120 192 193 192 192 192 192 192 120 192 192 192 192 120 120 120 192 192 192 192 192 192 70 120 192 120 192 192 193 192
129 184 5 5 5 5 5 47 5 47 5 5 184 47 184 5 5 5 5 5 129 47 47 5 129 5 184 159 47
47 47 47 47 47 47 47
184 141 5 47 141 141 141 207 47 184 184 185 47 164 86 219 207 5 5 153 164 5 47 214 184 184 5 141 185 5
93 184 184 83 32 83 104 213 83 93 202 83 5 83 93 184 83 184 91 83 83 80 194 83 54 13 83 83 83 91
184 5 5 184 5 5 54 184 184 5
129 47 5 47 5 5 13 129 69 47 47 47 129 129 47 129 129 141 80 129 184 129 151 5
120 120 120 120 120 120 120 120 120 120
47 47 47 47 47 47 47
118 47 118 47 83 83 83 47 118 83 47 83
104 47 47 104 104 5 5 5 5 47 184 47 104 104 184 47 104 5 5 184 5 47 104 5 47 5 5 5 47 5 47 5 184 104 5 47 47 214 47 5
161 161 197 161 161 161 104 104 104 197 197 104 161 104 161 104 161 161
47 47 47 47 47 47 47
56 56 56 56 56 56 56 56 56 56 56 56 56 56 56 56 56 56 56 56
56 56 56 56 56 56 56 56 56 56 56 56 56 56 56 56 56 56 56 56
5 54 5 184 184 184 184 5 5 5
104 104 104 104 104 104 104 104 104
47 47 47 47 47 47 47
47 83 47 47 47 83 184 184 83 83 184 83 83 135 83 184 47 47
83 135 83 83 83 83 83 83 83 83 83 83 83 83 83
184 184 184 184 184 184 184 23 184
47 47 5 5 47 47 96 5 5 47 47 5
5 5 5 5 184 5 184 5 184 5 5 184 5 5 120 5 5 5 5 5
83 83 83 83 83 83 83 83
81 81 81 81 81 81 81 81 81 81 81 81 81 81 81 81 81 81 81 81 81 81
47 184 47 47 47 47 184 184 47 184 83
129 129 47 47 5 5 47 5 47 5 129 110 47 129 129 129 5 47
184 5 184 129 129 5 129 5 184 76 5 184 5
47 47 47 47 47 47 47
104 104 104 104 104 104 104 104 104
72 7 72 93 120 47 217 82 161 47 178 217 209 161 209 47 213 72 178 120 209 209 161 209 120 209 82 178 209 47 72 209 185
5 5 184 184 184 5 5 5 54 184
83 83 83 83 83 83 83 83
129 5 129 5 5 32 129 5 5
113 104 170 113 104 113 104 104 104 104 104 104 137 104 104 113 113
47 47 47 47 47 47 47
47 47 47 47 47 47 47
47 47 47 47 47 47 47
47 47 47 47 47 47 47
47 47 47 47 47 47 47
83 83 83 83 83 83 83 83
47 47 47 47 47 47 47
5 5 184 5 184 184 5 54 5 184
129 129 219 184 129 129 129 129 129
83 83 83 83 83 83 83 83
47 184 47 184 184 47 47 83 47 47 184
47 47 47 47 47 47 47
56 56 56 56 56 56 56 56 56 56 56 56 56 56 56 56 56 56 56 56
192 192 192 192 192 192 192 192 192 192 192 192 192 192
47 213 213 118 15 47 217 47 47 161 30 137 161 104 213 178 178 104 104 213 47 217 213 104 178 161 215
120 120 120 120 120 120 120 120 120 120
184 129 129 219 184 184 184 129
184 184 184 184 184 184 60 184 60 13
83 83 83 83 83 83 83 83
184 184 47 184 110 184 96 184 184 184 47 184 96 47 47
184 5 54 5 5 5 184 5 184 184
5 5 184 184 5 54 5 5 184 184
129 184 129 219 184 184 184 129
104 104 104 104 104 104 104 104 104
47 47 129 47 219 184 47 129 184 102 47 219 47 129 219
47 184 184 184 123 23 77 129 184 47 129 184 47 184 77 184 129 184 184 47 47 47 184
80 5 5 5 5 5 5 5 5 80
104 7 120 7 104 5 104 104 120 5 120 120 104 5 120 120 120 104 128 5 128 120 134 120 104 120 120 120 120
129 54 76 184 129 184 5 5 184 129 5 5
184 77 129 129 167 77 184 77 129 83 129 129 77 184 129 184 77 219 129 77 83 77 83 83 184 83 129 83 184 77 167 155 77 184 83 77 129 129
184 184 5 184 144 47 184 47 129 184 47 184 5 47 5 184 184 184 47 5 47 129 184 184 129 5 184
184 135 120 120 120 184 120 184 184 120 120 120 120 120
47 47 47 47 47 47 47
56 120 56 120 56 120 56 56 56 56 56 56 56 56 120 56 120 120 120 56 56 56 56 56 120 79 56 56 120
83 129 129 83 83 93 83 83 83 83 129
47 47 47 47 47 47 47
83 5 5 83 5 83 83 5 83 5 83 5 5 5 5 83 5 134
175 175 175 175 175 175 175 175 175 175 175 175 175 175 175 175 175 175 175 175 175 175 175 175 175 175 175 175 175 175 175 175 175 175 175 175 175 175
56 56 56 56 56 56 56 56 56 56 56 56 56 56 56 56 56 56 56 56
56 56 56 56 56 56 56 56 56 56 56 56 56 56 56 56 56 56 56 56
161 161 161 161 161 161 161 161 161 161 161 161
14 14 14 14 14 14 14 14 14 14 14 14 14 14 14 14 14
129 104 104 129 104 104 104 104 104 110 129 104
184 184 184 184 13 91 194 5 184 184 5 5 5 184
47 47 47 47 47 47 47
129 5 5 83 129 129 114 5 83 83 5 83 83 83 83 5
120 120 120 120 120 120 120 120 120 120
83 83 83 83 83 83 83 83
5 5 5 5 5 5 5 80 5 5 5
83 83 83 83 83 83 83 83
83 83 83 83 83 83 83 83
104 104 104 104 104 104 104 104 104
129 83 129 83 93 83 129 83 83 83 83
13 161 161 161 5 26 104 161 161 109 40 5 76 5 109 184 23 184 184 161 184 5 184 13 161 161 161 104 184 104 5 112 23 161 194 5 161 104 207 54 104
104 104 104 104 104 104 104 104 104
86 47 5 146 5 5 47 86 47 47 47 47 146 5 47 47 5 5
184 184 184 83 47 47 184 47 47 47 47
104 104 104 104 104 104 104 104 104
192 192 192 192 192 192 192 192 192 192 192 192 192 192
104 104 104 104 104 104 104 104 104
184 54 184 184 5 5 54 5 5
14 14 14 14 14 14 14 14 14 14 14 14 14 14 14 14 14
47 47 47 47 47 47 47
47 47 47 47 47 47 47
184 129 184 47 47 129 47 184 129 129 129 184 47 129 129 184 129 184 129 47 184 120 47 184
192 192 178 37 192 187 192 178 192 37 178 178 178 192 37 178 192 178 197 192 178 192 178 197
5 47 47 5 47 5 47 47 5 96 5 47
184 47 47 47 184 184 184 184 184 47 47 184 207 207 129 47 129 112
47 112 5 47 47 54 47 5 47 184 5 194 184 5 5 184
184 5 54 184 5 184 184 5 5 5
47 47 47 47 47 47 47
47 83 47 47 184 47 184 47 184 184 47
129 5 102 5 5 129 5 151 129 5 13 129 5 5 5 129 5
54 184 184 5 5 184 5 54 5
104 104 104 104 104 104 104 104 104
104 213 213 126 83 63 83 184 217 219 104 104 161 104 83 15 83 104 161 104 213 213 178 104 83 104 129 104 161 83 184 219 104 217 178 104 178 83 213 104 104 1 129
83 83 83 83 83 83 83 83
83 83 83 83 83 83 83 83
47 47 47 47 47 47 47
83 83 184 83 5 5 5 5 5 83 83 184 83 184 83 123 184
47 47 47 47 47 47 47
83 47 83 47 47 47 120 47 83 83 83 47 83 83
83 47 83 83 83 47 83 47 47 47 120 120 83
150 104 150 120 120 150 150 120 150 104 150 150
47 47 47 47 47 47 47
47 47 47 47 47 47 47
104 104 104 104 104 104 104 104 104
5 47 129 104 47 104 5 47 47 47 5 129 5
5 5 135 5 135 135 135 83 5 135 120 120 120 155 5 135
47 47 47 47 47 47 47
113 47 47 113 113 83 113 83 47 83 83
161 161 161 161 161 161 161 161 161 161 161 161
47 47 47 47 47 47 47
129 129 32 5 5 129 5 5 5
175 175 175 175 175 175 175 175 175 175 175 175 175 175 175 175 175 175 175 175 175 175 175 175 175 175 175 175 175 175 175 175 175 175 175 175 175 175
184 184 91 13 184 5 184 184 194 184 5 5 5 184
184 129 129 23 184 184 184 129 129 129 129
54 5 5 184 5 5 5 184 184 184
47 47 47 47 47 47 47
47 184 184 47 47 47 47 47 184 120 47 47 47 47 184 47 47
83 83 83 83 83 83 83 83
129 129 129 129 184 129 129
47 47 47 47 47 47 47
47 47 129 129 69 47 129 47 47 47
83 83 83 83 83 83 83 83
141 141 141 3 3 141 192 141 192 141 141 120 192 3 137 137 3 141 41 192 192 120 192 41 192 27
47 47 47 47 47 47 47
47 47 47 47 47 47 47 47 47 47 47 47 109
47 47 47 47 47 47 47
47 47 47 47 47 47 47
184 184 184 23 184 184 184 184 184
184 184 47 104 5 93 164 47 93 104 184 104 104 184 47 104 104 47 5 5 104 104
184 129 129 5 184 13 5 13 5 5 129 184 184 5 184 13 5 129 5 5 5 5 129 5 5 13 168 5 184 184 129 5 5 5 184
184 83 5 83 5 123 83 83 83 184 83 184 5 83 184 5 5
192 192 192 192 192 192 192 192 192 192 192 192 192 192
47 47 47 109 47 47 47 47 47 109 47 47
47 47 47 47 47 47 47
5 47 184 99 80 47 194 76 184 184 76 76
83 83 83 83 83 83 83 83
184 129 129 184 219 129 184 184
83 83 83 83 83 83 83 83
120 120 120 120 120 120 120 120 120 120
104 104 104 104 104 104 104 104 104
5 120 120 120 120 5 120 5 120 144 120 120 5 144
83 83 83 83 83 83 83 83
120 120 120 120 120 120 120 120 120 120
209 47 47 209 209 0 0 0 209 47 209 209 209 0 209 209 209 209
104 104 104 104 104 104 104 104 104
161 161 161 161 161 161 161 161 161 161 161 161
184 134 184 184 5 184 5 5 129 5 184 5 184 184 184 5 129 184 129 184 184 5 5 184 5 5
141 141 141 104 47 141 205 104 104 141 104 47 104 47 205 141 104 47 141 47 104 141 141
110 5 110 5 5 110 47 47 86 47 5 5
47 47 47 47 47 47 47
83 83 184 184 207 47 184 83 83 83 96 154 207 184 184 47 47 47 47 54 184 83
104 104 104 104 104 104 104 104 104
104 104 104 104 104 104 104 104 104
47 47 47 47 47 47 47
83 83 83 83 83 83 83 83
5 5 5 5 5 5 5 5 5 5 5 5 109 5 5 5
175 175 175 175 175 175 179 175 175 175 175 175 175 175 5 5 175 175 175 175 13 175 175 175 5 175 175 175 175 175 175 176 175 175 175 175 175 175 175 175 175 175 5
110 32 5 83 110 110 83 83 93 83 5
184 184 129 129 184 219 184 129
184 194 184 77 184 77 184
47 47 129 47 47 69 47 47 129 129
47 47 47 47 47 47 47
184 219 129 184 184 184 129 129
47 47 47 47 47 47 47
83 83 83 83 83 83 83 83
47 47 47 47 47 47 47
47 47 47 47 47 47 47
9 192 192 120 192 9 192 120 192 192 120 120 192 120 120 192 120 192 192 192 120 192
184 77 184 184 184 194 77
184 5 207 47 144 5 47 5 184 23 23 54 47 80 47 5 5 69 47 5
120 120 120 120 120 120 120 120 120 120
47 47 47 47 47 47 47
83 83 83 83 83 83 83 83
47 47 47 47 47 47 47
213 91 213 83 213 83 213 161 83 5 91 213 32 161 19 213 178 5 213 83 5 213 178 178 5 161 83 178
83 83 83 83 83 83 83 83
47 47 47 47 47 47 47
184 23 184 184 184 184 184 184 184
106 104 151 104 129 47 47 47 104 77 106 150 54 104 104 129 47 54 104
184 104 184 104 114 104 104 104 104 104 184 104 184
83 83 83 83 83 83 83 83
54 47 47 47 47 86 47 184 184 184 194
161 161 120 120 120 209 120 120 161 161 120 161 161 120 161 209 161 161 161 120
192 192 192 192 192 192 192 192 192 192 192 192 192 192 192 192 192 192 192 192 192 192 192 192 192 44 192
175 175 175 175 175 175 175 175 175 175 175 175 175 175 83 175 175 175 175 175 175 83 175 175 83 175 175 83 175 175 175 175 175 175 83 83 175 175 175 175 83 175 175 181 175
47 47 47 47 47 47 47
120 120 120 120 120 120 120 120 120 120
5 80 5 5 5 5 5 5 5 5 5
83 47 83 184 47 47 184 47 47 184
47 47 47 47 47 47 47
47 47 47 47 47 47 47
104 104 104 5 104 5 104 104 184 5 5 140 184 104 184 5 184 104
5 184 5 184 47 47 5 13 80 13
184 184 194 77 184 184 77
23 184 184 184 184 184 184 23
5 184 5 184 5 5 54 184 184 5
104 104 47 104 104 47 47 104 104 137 104 137 47 47
47 47 47 47 47 47 47
83 83 184 83 83 102 184 184 83 83 184 83
184 184 184 5 5 184 184 184 184 184 5 184 184 104 5 184 184 5
5 104 5 5 5 5 104 104 104 104 104 104 104 126
47 47 47 47 47 47 47
109 47 47 47 47 47 47 47 47 47 47 47 47
47 47 47 47 47 47 47
120 120 120 120 120 120 120 120 120 120
184 129 184 184 184 129 129 219
104 104 104 104 104 104 104 104 104
184 5 47 141 184 47 5 47 47 184 184 194 184 47 47 184 5 194 194 184 184 194 5 5
129 184 184 219 184 129 184 129
184 129 129 184 184 184 129 219
192 192 192 192 192 192 192 192 192 192 192 192 192 192
192 192 184 184 214 192 184 5 184 5 192 192 192 5 192 192 5 192 192 5 192 192 192
161 161 161 161 161 161 161 161 161 161 161 161
80 184 47 47 47 47 80 184 80
184 129 219 184 129 184 184 129
83 83 83 83 83 83 83 83
104 104 104 104 104 104 104 104 104
104 104 104 104 104 104 104 104 104
47 47 47 47 47 47 47
83 83 83 83 83 83 83 83
5 150 104 104 104 104 13 5 80 5 104 5 104 104 5 5 5 106
83 83 83 83 83 83 83 83
142 142 142 142 142 142 142 142 142 142 142 142 142 142 142 142 142 142 142 142 142 142 142 142 142 142 142 142 142 142 142 142
142 142 142 142 142 142 142 142 142 142 142 142 142 142 142 142 142 142 142 142 142 142 142 142 142 142 142 142 142 142 142 142
47 47 47 47 47 47 47
120 120 120 120 120 120 120 120 120 120
129 129 5 5 32 5 129 5 5
104 104 104 104 104 104 104 104 104
5 5 5 5 80 5 5 5 5 5 5
83 83 83 83 83 83 83 83
47 47 47 47 47 47 47
5 47 47 5 5 47 5 5 5 5 5 47 118 5 47 5 47
104 104 104 104 104 104 104 104 104
47 47 47 47 47 47 47
47 47 47 47 47 47 47
47 47 47 47 47 47 47
47 47 47 47 47 47 47
83 83 83 83 83 83 83 83
83 83 83 129 93 129 83 83 83 83 129
47 184 83 83 184 47 47 47 47 184
5 5 5 5 5 80 5 5 80 5
142 142 142 142 142 142 142 142 142 142 142 142 142 142 142 142 142 142 142 142 142 142 142 142 142 142 142 142 142 142 142 142
47 47 47 47 47 47 47
184 184 184 5 86 5 5 184 184 184 5 5 184 184
5 80 5 5 80 5 5 5 5 5
5 5 80 5 5 5 5 5 5 5 5
47 47 47 47 47 47 47
5 184 184 5 5 5 184 54 184 5
5 184 54 184 5 5 5 184 184 5
5 5 5 5 5 5 184 5 129 207 32 184 5 129 5 129 110 207
83 83 83 83 83 83 83 83
28 28 33 33 28 28 37 28 28 100 28 28 28 28 28 28 100 28 28 28 100 28 100 28 28 28 28 28 28 28 28 28
47 47 47 47 47 47 47
47 47 47 47 47 47 47
83 83 83 83 83 83 83 83
47 47 47 47 47 47 47
129 5 5 5 5 5 91 5 5 129 5 5 129 5
47 47 47 47 47 47 47
47 47 47 5 5 5 47 47 5 47 5 96
47 47 47 47 47 47 47
184 129 184 219 129 129 184 184
184 5 5 184 184 86 184 5 184 5 184 184 5 184
47 184 47 83 47 47 184 184 47 184 47
83 83 83 83 83 83 83 83
47 185 161 161 161 47 161 161 47 161 161 161 161 47 47 161 161 47
47 47 47 47 47 47 47
47 47 47 47 47 47 47
83 83 83 83 83 83 83 83
54 104 104 104 47 104 47 106 47 104 104 104 47 47 140
47 47 69 47 113 47 47 47 69 47 83 47 69
47 47 47 47 47 47 47
47 184 47 184 184 47 47 47 184 47 83
141 141 141 141 141 141 141 141 141 141 141
129 129 129 129 184 129 129
47 47 47 47 47 47 47
209 209 209 209 209 209 209 209 209 209 209 209 209 209 209
104 104 104 104 104 104 104 104 104
28 28 28 28 28 28 28 28 28 28 28 28 28 28 28 28 28 28
47 47 47 47 47 47 47
184 184 184 184 23 184 184 184 184
83 83 83 83 83 83 83 83
5 80 5 5 5 5 5 5 5 5 5
23 5 5 5 132 132 5 5 23 5 5 5 5 76 5 5 5
47 47 47 47 47 47 47
120 120 120 120 120 120 120 120 120 120
184 184 83 83 184 184 184 83 184 83 184 184 83 83 113 83
104 104 104 104 104 104 104 104 104
47 47 47 47 47 47 47
47 129 47 129 47 47 129 47 69 47
83 83 83 83 83 83 83 83
130 130 130 130 130 130 130 130 130 130 130 130 130 130 130 130 130 130 130 130 130 130 130 130 130 130 130 130 130 130
142 142 142 142 142 142 142 142 142 142 142 142 142 142 142 142 142 142 142 142 142 142 142 142 142 142 142 142 142 142 142 142
83 83 83 83 83 83 83 83
184 184 83 184 113 184 83 83 184 83 83 184 184 83 184 83
161 161 161 161 161 161 161 161 161 161 161 161
47 47 47 47 47 47 47
69 47 47 47 129 47 129 129 47 47
54 5 5 5 184 5 184 184 5 184
47 47 47 47 47 47 47
47 47 47 47 47 47 47
83 83 83 83 83 83 83 83
47 129 194 184 184 184 184 129 184 47 110 47 129 47 184 54 184 47
5 184 5 184 5 184 184 184 184 184 184 5 184 184 184 104 5 184
83 129 83 129 83 83 129 83 129 129 129 83 102 83
83 83 83 83 83 83 83 83
129 129 129 129 129 129 184
5 5 5 23 184 5 47 5 5 190 5 13 47 5 47 5 23 23 184 184 184 5 13 184 184 47 47 5 47 184 5 32 5 184 184 5 5 184
47 47 47 47 47 47 47
104 104 104 104 104 104 104 104 104
47 47 47 47 47 47 47
47 47 47 47 47 47 47
184 13 184 184 13 184 13
47 47 47 47 47 47 47
130 129 130 130 130 130 130 129 130 130 130 130 131 130 130 130 130 130 130 130 130 130 130 130 130 129 130 130 130 130 130 130 130
104 104 104 104 104 104 104 104 104
96 47 47 5 47 5 47 47 5 5 5 47
5 5 5 5 5 5 5 80 5 5 5
136 136 136 136 136 136 136 136 136 136 136 136 136 136 136 136 136 136 136 136 136 136 136 136 136 136 136 136 136 136 136
5 5 184 184 5 184 54 5 5 184
5 5 13 5 5 77 5 77
54 184 5 5 54 184 184 5 5
54 5 5 184 5 5 5 184 184 184
47 47 47 47 47 47 47
184 184 184 184 184 184 184 194 184 184 184 184 184 184 194 129 184 184 184 184 129 219 114
184 5 128 184 47 47 184 23 47 184 47 184 23 184 47 5 69 5 184 184
47 47 47 47 109 47 47 47 47 47 47 47 47
47 47 47 47 47 47 47
47 184 104 104 184 184 184 47 104 184 47 47 184 104 184 104 184 184 47 170 184 47 184 104 104 184 104
83 83 83 83 83 83 83 83
47 47 47 47 47 47 47
184 184 219 129 129 184 129 184
83 141 178 141 141 83 141 83 141 83 83 141 141 83 141 141 83 141
47 47 47 47 47 47 47
184 129 77 184 184 129 151 184 5
83 83 83 83 83 83 83 83
47 47 47 47 47 47 47
184 5 5 184 5 184 54 5 5 184
129 129 129 129 184 129 129 184 184 184 23
104 104 104 104 104 104 104 104 104
47 47 47 47 47 47 47
184 104 47 47 184 5 104 106 47 104 184 104 184 5 104 47 13 47 47 168 5 104 5 104
5 5 5 5 5 5 80 5 5 5 5
47 47 47 47 47 47 47
184 184 5 184 184 129 129 129 5 184 184 5 96 184 184 5 5
83 5 83 184 83 129 83 83 5 129 184 5 5 184 129 83 5 132 184 83
47 47 47 47 47 47 47
47 47 47 47 47 47 47
28 28 184 28 28 28 28 28 28 28 184 28 184 28 28 28 28 34 184 28 28 28
47 47 47 47 47 47 47
142 142 142 142 142 142 142 142 142 142 142 142 142 142 142 142 142 142 142 142 142 142 142 142 142 142 142 142 142 142 142 142
47 47 47 47 47 47 47
47 47 47 47 47 47 47
129 129 5 5 5 32 129 5 5
184 47 5 5 184 5 5 47 5 5 96 184 5 47 5 5 5 47 154 80 5 184 47 5
47 47 47 47 47 47 47
83 83 83 83 83 83 83 83
83 83 83 83 83 83 83 83
184 5 47 5 5 5 5 47 184 112 184 47 194 47 47 54
83 83 83 83 83 83 83 83
47 5 47 5 96 47 5 5 47 47 5 47
47 47 47 47 47 47 47
5 5 23 23 5 5 83 5 5 83
47 47 47 47 47 47 47
47 47 47 47 47 47 47
5 184 99 5 5 184 5 5 5 54 5 5 5 184
83 83 83 83 5 5 5 110 83 83 83 83 83 83 155 5 83 83 83
5 5 80 5 5 5 5 5 5 5 5
219 184 184 129 129 129 184 184
142 143 142 136 142 136 142 157 136 142 136 142 136 136 136 142 142 142 142 142 136 136 142 142 136 142 143 157 142 142 136 143 142 210 136 142 143 136 143 136 142 142 142 142 157 142 136 210 143 142 136 136 143 136 143 210 136 142 142 136
47 47 47 47 47 47 47
5 5 5 5 80 5 5 5 5 5 5
47 47 47 47 47 47 47
47 47 47 47 47 47 47
47 47 47 47 47 47 47
184 54 184 184 184 5 5 5 96 184 129 129 5 184 129 184
5 47 47 5 47 47 47 47 5 5 5 5 47 47 153 5 47 5 5 47 47 96
120 120 144 120 5 120 120 5 5 120 5 120 120 120 5
184 83 102 184 184 83 83 83 184 83 83 83
120 83 83 83 83 120 5 83 120 187 184 5 5 120 120 120 184 120 120 184 184 5 120 5 83 83
47 47 47 47 47 47 47
130 136 136 142 142 142 136 136 142 130 136 142 14 130 138 160 14 136 136 130 142 130 160 130 29 130 142 142 142 142 138 142 142 130 136 142 195 130 136 14 130 136 142 130 203 14 142 130 130 14 130 142 195 203 142 142 142 14 14 142 14 18 14 142 142 195 142 210 130 211 195 136 195 136 14 203 142 136 130 24 130 160 142 195 136 195 136 142 14
47 47 47 47 47 47 47
5 5 54 184 5 184 5 184 184 5
141 141 141 141 141 141 141 141 141 141 141
104 104 104 104 104 104 104 104 104
129 184 184 129 129 47 184 47 194 54 129 184 47 184 114 184 47 129 47 184 129
5 144 5 144 120 120 5 120 120 120 120 120 120 5
5 5 83 5 83 83 134 5 83 5 5 5 83 5 5 5 83 83
47 47 47 47 47 47 47
47 47 47 47 47 47 47
47 47 47 47 47 47 47
83 83 83 83 83 83 83 83
5 83 110 83 110 5 83 83 83 5 5 83
136 136 136 136 136 136 136 136 136 136 136 136 136 136 136 136 136 136 136 136 136 136 136 136 136 136 136 136 136 136 136
209 209 209 209 209 209 209 209 209 209 209 209 209 209 209
28 28 33 33 28 28 37 28 28 100 28 28 28 28 28 28 100 28 28 28 100 28 100 28 28 28 28 28 28 28 28 28
129 5 129 129 5 5 113 5 5 5 5 5 5 5 5 5 5 5 5
47 47 47 184 184 5 47 47 184 5 184 47 5 110 5 5
47 47 47 47 47 47 47
14 136 138 14 136 136 136 136 136 136 24 160 136 14 136 136 14 136 14 14 136 136 14 136 136 136 136 138 160 14 136 136 136 14 14 160 160 136 136 136 160 136 14
96 47 184 47 5 184 184 47 5 47 184 110 5 47 5
47 47 47 47 47 47 47
47 47 47 47 47 47 47
5 5 32 5 129 5 129 129 5
104 104 104 104 104 104 104 104 104
47 47 47 47 47 47 47
184 184 184 184 184 184 23 184 184
28 28 28 120 50 28 50 28 28 50 28 120 50 50 28 28 28 120 28 120 120 28 28
47 47 47 47 47 47 47
47 47 47 47 47 47 47
104 104 104 104 104 104 104 104 104
47 47 47 47 47 47 47
47 47 47 47 47 47 47
14 14 14 14 14 14 14 14 14 14 14 14 14 14 14 14 14
47 47 47 47 47 47 47
5 5 54 184 5 184 5 184 184 5
83 83 5 5 110 83 83 83 110 5 5 83
5 47 5 96 47 184 5 5 5 47 5 47 47 132 47 184 5 47
184 120 184 120 120 120 184 120 120 120 184 135 120 120
5 5 5 5 5 5 5 5 5 80 5
5 5 5 5 5 5 5 5 80 5 5
14 14 14 14 14 14 14 14 14 14 14 14 14 14 14 14 14
83 47 184 47 184 47 47 47 47 184 184
142 142 142 142 142 142 142 142 142 142 142 142 142 142 142 142 142 142 142 142 142 142 142 142 142 142 142 142 142 142 142 142
14 14 14 14 14 14 14 14 14 14 14 14 14 14 14 14 14
5 5 5 184 184 5 184 54 184 5
47 47 47 47 47 47 47
47 47 47 47 47 47 47
47 47 47 47 47 47 47
5 5 5 5 184 184 54 5 184 184
5 5 136 136 136 136 136 136 136 136 5 136 136 5 5 5 136 136 136 5 136 136 5 136 5 136 136 136 142 136 136 5 136 136 136 5 136 136 136 136 5 136 5 5 5 136
120 120 120 141 141 141 120 120 141 120 141 141 120 196 141 120 141 120 141 141
80 5 5 5 5 80 5 5 5 5
47 47 47 47 47 47 47
47 47 47 47 47 47 47
5 47 5 47 5 47 47 5 5 5 118 5 5 47 47 5 5
13 5 5 5 5 5 5 5 13 5 110 5 5 5 5 5
129 104 155 129 184 129 104 47 47 184 104 104 47 104 47 104 47 184 104 184 47 104
5 80 5 5 5 5 5 5 5 5 5
47 47 47 47 47 47 47
129 5 5 32 129 5 129 5 5
47 47 47 47 47 47 47 109 47 47 47 47 47
5 194 184 184 54 184 184 184 184 140 5 47 47 184 47 83 5 5 47 5 184 184 184
47 184 47 184 184 47 83 47 47 47 184
5 54 47 83 47 5 47 5 5 83 13 47 83 83 83 47 83 83 146
83 86 47 47 54 123 47 83 83 47 83 83 47 83
104 104 104 104 104 104 104 104 104
47 47 47 47 47 47 47
47 47 47 47 47 47 47
130 136 136 130 133 136 136 130 195 195 136 136 130 130 130 136 136 130 136 195 130 136 195 130 136 195 136 130 195 136 136 136 130 136 133 136 130 143 195 130 136 195 130 136 195 195 130 130 136 130 133
83 83 83 83 83 83 83 83
47 47 47 47 47 47 47
5 135 5 83 5 5 83 5 5 83 5 13 5 86 83 83 5 83
184 5 5 184 5 184 5 184 54 5
83 83 83 83 83 83 83 83
184 219 184 184 129 219 129
184 184 32 5 184 5 5 184 184 5 5 5 174 129 5 184 5 5 5 5 5 5 5 5 5 5 184 129 5 5 184 5 5 5 5 5
130 130 130 130 130 130 130 130 130 130 130 130 130 130 130 130 130 130 130 130 130 130 130 130 130 130 130 130 130 130
28 28 28 28 28 28 28 28 28 28 28 28 28 28 28 28 28 28
14 14 14 14 14 14 14 14 14 14 14 14 14 14 14 14 14
5 83 83 83 134 5 83 5 5 83 5 5 5 83 5 5 83 5
83 184 47 47 47 184 47 184 184 47 47
184 209 47 209 184 209 209 209 47 209 209 184 209 47 209 12 209 184 209 47 209 184 184 209 47 184 47 209 184
5 47 47 47 5 96 47 47 47 5 5 5
47 47 47 47 47 47 47
47 47 47 47 47 47 47
47 47 47 47 47 47 47
5 129 5 184 184 13 184 184 5 5 184 13 5 5 5 184 184 5 144 5 5 129 5 5 129 184 5
5 32 129 129 129 5 5 5 5
120 120 120 120 120 120 120 120 120 120
47 47 47 47 47 47 47
120 120 120 120 120 120 120 120 120 120
86 13 5 5 5 5 13 13 13 5 5
47 47 47 47 47 47 47
83 184 47 47 184 47 184 47 184 47 47
129 184 184 219 184 129 184 129
47 5 47 47 120 13 5 47 47 5 54 5 5 5 5 5 5
47 47 47 47 47 47 47
104 104 104 104 104 104 104 104 104
47 47 47 47 47 47 47
47 47 47 47 47 47 47
5 129 77 107 129 5 5 5 47 5 151
47 47 47 47 47 47 47
47 47 47 47 47 47 47
83 47 47 184 184 47 47 184 47 47 184
83 83 129 83 83 83 129 93 129 83 83
104 104 104 104 104 104 104 104 104
47 47 47 47 47 47 47
99 5 5 184 184 5 5 5 5 184 5 5 5 5 184
130 130 130 130 130 130 130 130 130 130 130 130 130 130 130 130 130 130 130 130 130 130 130 130 130 130 130 130 130 130
83 83 83 83 83 83 83 83
47 47 47 47 47 47 47
5 104 104 104 128 106 5 104 13 104 5 5 104 104
83 83 83 83 83 83 83 83
47 47 47 47 47 47 47
83 5 5 83 83 110 83 83 5 83 5 110
47 47 47 47 47 47 47
86 5 184 5 5 184 184 184 5 184 184 184 5 184
129 184 129 129 129 129 129
184 5 5 129 5 129 5 129 184 184 76 5 184
13 5 5 13 5 5 5 83 5 5 5
83 83 83 83 83 83 83 83
47 47 47 47 47 47 47
83 5 5 83 83 110 83 83 5 83 5 110
5 5 5 5 5 5 5 5 80 5 5
47 47 47 47 47 47 47
83 83 83 83 83 83 83 83
184 184 129 5 184 110 184 184 184 5 184 184 5 184 184 5 129 5 184 184 129
47 47 47 47 47 47 47
47 47 47 47 47 47 47
47 47 47 47 47 47 47
184 5 184 5 5 54 184 184 5 5
47 47 47 47 47 47 47
5 47 47 47 47 5 5 96 5 47 5 47
5 5 129 219 184 5 5 184 76 129 184 5
83 83 129 83 83 93 129 83 129 83 83
5 93 5 5 126 47 47 47 47 106 47 47 47 126
47 47 47 47 47 47 47
47 47 47 47 47 47 47
83 83 83 83 83 83 83 83
130 130 130 130 130 130 130 130 130 130 130 130 130 130 130 130 130 130 130 130 130 130 130 130 130 130 130 130 130 130
47 47 47 47 47 47 47
104 104 104 104 104 104 104 104 104
47 47 47 47 47 47 47
5 5 5 5 5 5 5 80 5 5 5
83 83 83 83 83 83 83 83
47 47 109 47 47 47 47 47 47 47 47 47 47
47 47 47 47 47 47 47
83 83 83 83 83 83 83 83
209 209 209 209 209 209 209 209 209 209 209 209 209 209 209
47 47 47 47 47 47 47
83 83 83 83 83 83 83 83
47 47 47 47 47 47 47
141 141 141 141 141 141 141 141 141 141 141
129 129 47 47 5 47 5 129 104 47 5 96 5 47
47 47 47 47 47 47 47
47 47 47 47 47 47 47
184 184 184 23 184 23 184 184
120 120 120 120 120 120 120 120 120 120
47 47 47 47 47 47 47
5 5 83 5 83 5 83 83 83 5 110 83 83
130 136 136 130 133 136 136 130 195 195 136 136 130 130 130 136 136 130 136 195 130 136 195 130 136 195 136 130 195 136 136 136 130 136 133 136 130 143 195 130 136 195 130 136 195 195 130 130 136 130 133
5 5 5 5 5 5 5 5 80 5 5
28 28 28 28 28 28 28 28 28 28 28 28 28 28 28 28 28 28
184 129 129 219 129 184 184 184
83 83 83 83 83 83 83 83
47 47 47 47 47 47 47
102 102 184 184 83 83 83 83 83 184 83
120 120 120 120 120 120 120 120 120 120
47 47 47 47 47 47 47
83 83 83 83 83 83 83 83
5 5 5 99 184 184 5 184 5 5 184 5 5 5 5
5 5 47 5 47 47 47 96 5 47 96
54 5 5 184 5 5 184 184 184 5
47 47 47 47 47 47 47
47 47 47 47 47 47 47
83 83 83 83 135 83 83 83 83 83 83 83 83 83 83
184 184 5 5 184 54 5 5 184 5
184 184 184 23 129 129 129 129 184 129 129
47 47 47 47 47 83 184 184 47 184 184
83 83 83 83 83 83 83 83
47 47 47 47 47 47 47
83 184 47 47 47 184 47 47 184 184 47
83 83 83 83 83 83 83 83
184 184 23 184 184 184 184 184 184
5 184 184 5 54 184 5 184 5 5
47 47 47 47 47 47 47
47 47 47 47 47 47 47
120 120 120 120 120 120 120 120 120 120
209 209 209 209 209 209 209 209 209 209 209 209 209 209 209
120 120 120 120 120 120 120 120 120 120
47 47 47 47 47 47 47
5 5 83 184 5 86 5 83 5 5 5 5 184 83 83 86 5 184 5 194 5 83 5 5 166 83
47 47 47 47 47 47 47
28 28 28 28 28 28 28 28 28 28 28 28 28 28 28 28 28 28
184 184 184 219 184 129 129 184 184 184 129 129 69 129
5 129 5 5 47 47 5 129 47 5 129 146 5 184 5 5 129 47 129 47 184 5 184 47 5 129 184
184 5 5 184 184 184 5 184 184 86 184 5 184 5
83 83 83 83 83 83 83 83
83 83 83 83 83 83 83 83
32 5 5 5 129 129 129 5 5
83 83 83 83 83 83 83 83
104 104 104 104 104 104 104 104 104
47 47 47 47 47 47 47
5 5 129 129 129 5 32 5 5
47 47 47 47 47 47 47
83 83 83 83 83 83 83 83
83 83 83 83 83 83 83 83
28 136 28 136 163 136 136 28 136 136 139 44 138 136 33 28 28 136 28 33 136 136 28 33 136 136 136 136 163 138 136 28 136 136 136 138 28 138 136 28 136 136 138 33 28 136 136
47 47 47 47 47 47 47
104 104 104 104 104 104 104 104 104
47 47 47 47 47 47 47
47 47 47 47 47 47 47
5 5 5 5 13 77 77 5
28 28 28 28 28 28 28 28 28 28 28 28 28 28 28 28 28 28
47 47 47 47 47 47 47
28 28 28 28 28 28 28 28 28 28 28 28 28 28 28 28 28 28
5 5 5 184 184 54 5 54 184
161 161 161 161 161 161 161 161 161 161 161 161
47 47 47 47 47 47 47 47 47 109 47 47 47
5 184 5 126 23 5 184 5 23 184 184 184 5 5 184 184 5 5 5 5 23
120 130 136 120 136 130 133 136 136 130 195 195 136 136 130 130 130 136 136 120 130 120 136 195 130 120 120 136 195 130 136 120 199 136 130 199 136 136 136 130 136 133 136 130 143 195 130 136 195 130 136 195 195 130 130 136 130 133 120
83 83 83 83 83 83 83 83
209 209 209 209 209 209 209 209 209 209 209 209 209 209 209
5 184 5 5 54 5 5 184 184 184
47 47 47 47 47 47 47
47 47 47 47 47 47 47
23 184 5 184 5 5 144 132 5 5 23 184 5 5 5 5 76 5 54 5
120 144 5 5 120 5 5 120 120 120 120 120 120 5 120
104 104 104 104 104 104 104 104 104
80 5 5 5 5 5 5 5 5 5 5
47 47 47 47 47 47 47
161 161 161 161 161 161 161 161 161 161 161 161
209 209 209 209 209 209 209 209 209 209 209 209 209 209 209
130 130 130 130 130 130 130 130 130 130 130 130 130 130 130 130 130 130 130 130 130 130 130 130 130 130 130 130 130 130
120 120 120 120 120 120 120 120 120 120
54 5 5 184 184 5 5 184 184 5
47 129 47 47 69 129 47 47 129 47
5 47 5 5 5 118 5 47 5 47 5 5 47 5 47 5 47
209 130 209 130 209 149 130 209 130 130 130 130 209 130 130 209 130 209 130 209 130 209 130 130 209 130 209 209 130 130 130 130 130 130 130 149 130 130 130 130 209 130 130
184 129 219 184 129 129 184 184
47 47 47 47 47 47 47
83 83 83 102 184 184 184 184 83 83 83 83
129 219 129 129 129 129 129 129 129 129
47 47 47 47 47 47 47
47 47 47 47 47 47 47
5 5 5 184 5 184 184 5 54 184
83 83 83 83 83 83 83 83
47 47 47 47 47 47 47
5 80 5 5 5 5 5 5 5 5 5
184 47 5 5 184 47 47 184 5 184 184 47 5 184 5 5 184 5 5 5 184 184 5 5 5 5 184 47 184 47 184 5 5 172
5 129 5 129 32 5 5 5 129
54 184 5 5 5 5 5 184 184 184
83 83 83 83 83 83 83 83
130 136 136 130 133 136 136 130 195 195 136 136 130 130 130 136 136 130 136 195 130 136 195 130 136 195 136 130 195 136 136 136 130 136 133 136 130 143 195 130 136 195 130 136 195 195 130 130 136 130 133
184 47 184 83 47 184 47 184 47 47 47
47 47 47 47 47 47 47
184 184 184 184 184 184 184 184 23
142 142 142 142 142 142 142 142 142 142 142 142 142 142 142 142 142 142 142 142 142 142 142 142 142 142 142 142 142 142 142 142
5 5 5 96 5 47 47 47 47 5 47 47
5 76 5 5 5 5 76 76 5
47 47 47 47 47 47 47
104 104 104 104 104 104 104 104 104
47 47 47 47 47 47 47
5 5 23 5 184 60 60 184 207
47 47 47 47 47 47 47
184 5 184 106 5 5 5 5 5 5 5 5 5 129 129 129 184 184
47 47 47 47 47 47 47
104 104 104 104 104 104 104 104 104
47 47 47 47 47 47 47
83 83 83 83 83 83 83 83
14 14 14 14 14 14 14 14 14 14 14 14 14 14 14 14 14
184 54 5 5 184 5 5 184 5 184
144 5 104 184 23 23 104 104 104 184 104 219 5 104 184 104 5 104
5 80 5 5 5 80 5 5 5 5
28 14 209 44 14 14 28 24 117 24 14 209 28 209 28 209 28 209 209 28 209 14 28 14 209 28 28 209 44 209 209 209 28 28 14 14 28 14 209 14 24 24 209 24 28 28 28 14
184 184 164 141 144 141 184 141 184 194 141 184 184 184 141 141 141 141 141
28 28 28 28 28 28 28 28 28 28 28 28 28 28 28 28 28 28
104 104 104 104 104 104 104 104 104
5 5 5 5 5 5 5 5 5 5 80
130 136 136 130 133 136 136 130 195 136 136 136 130 130 130 136 136 130 136 195 130 136 195 130 136 195 136 130 195 136 136 195 130 136 133 136 130 143 195 130 136 195 130 136 195 195 130 130 136 130 133
5 5 5 5 5 80 5 5 5 5 5
5 184 5 5 184 5 184 54 184 5
47 47 47 47 47 47 47
5 120 5 144 144 120 5 120 120 120 120 120 120 5
47 47 5 47 5 140 47 47 47 47 47 47 129 129 129 47 13 5 54 5 47
23 184 184 23 184 23 23
5 158 104 47 104 137 47 5 5 5 104 104 47 5 47 104 104 47 104
104 104 5 104 126 5 104 5 104 5 104 104 104 5
47 47 47 47 47 47 47
28 28 28 184 28 184 28 184 28 28 28 28 28 28 28 184 28 28 28 28 34 28
5 96 5 47 47 47 5 47 5 47 5 47
129 5 5 5 184 5 5 13 5 5 194 5 5 184 5 5 129 5 184 132 5 5 129
83 83 83 83 83 83 83 83
13 184 13 184 13 184 184
104 104 184 104 128 104 104 184 184 184 184 113 104 184 113
184 47 83 47 47 83 184 47 184 47
28 28 28 28 28 28 28 28 28 28 28 28 28 28 28 28 28 28
47 47 47 47 47 47 47
47 5 5 96 47 5 47 5 47 5 47 47
5 54 184 5 184 184 184 5 5 5
47 47 47 47 47 47 47
47 47 47 47 47 47 47
47 47 47 47 47 47 47
129 5 5 129 5 129 5 32 5
142 142 142 142 142 142 142 142 142 142 142 142 142 142 142 142 142 142 142 142 142 142 142 142 142 142 142 142 142 142 142 142
104 104 104 104 104 104 104 104 104
47 184 184 47 47 83 184 47 184 47 47
184 184 184 184 129 184 184 184 129 47 129 184
5 5 83 83 5 5 5 83 110 83 83 83 83
5 5 80 5 5 5 5 5 5 5 5
184 5 54 54 5 5 5 184 184
120 120 120 120 120 120 120 120 120 120
47 96 5 5 5 47 47 5 47 5 47 47
83 83 83 83 83 83 83 83
5 69 102 47 47 47 47 23 47 5 5 23
13 161 47 161 185 5 161 161 47 5 76 5 5 5 5 161 47 161 14 5 5 76 161 161 5 13 5 5 5 161 5 5 5 161 5 5 5 47 5 47
47 47 47 47 47 47 47
5 5 184 5 5 184 5 54 184 184
184 47 47 47 184 184 184 47 47 83 47
47 47 47 47 47 47 47
5 5 5 80 5 5 5 5 5 5 5
129 129 184 219 184 129 184 184
47 47 47 47 47 47 47
83 5 5 5 83 5 5 5 5 47 5 5 5 5 69 5 5 83 5 5 5 69 47 102 5 83 69 193 5 5 47 5 83 83
28 28 136 139 47 28 136 136 136 165 47 28 136 136 37 28 28 136 136 28 28 136 47 28 28 136 136 28 37 28 47 136 136 136 139 136 47 28 136 136 136 136 136 47 136 136 136 37 136 136 136 136 37 136
5 76 5 5 5 5 5 76 5 5 5 5 5 106
5 5 5 5 5 5 5 5 5 5 80
142 142 142 142 142 142 142 142 142 142 142 142 142 142 142 142 142 142 142 142 142 142 142 142 142 142 142 142 142 142 142 142
47 47 47 47 47 47 47
184 184 5 5 184 54 5 184 5 5
47 47 47 47 47 47 47
47 47 47 47 47 47 47
83 83 83 83 83 83 83 83
47 83 83 83 47 47 47 83 120 83 47 83 83 47
28 0 28 55 161 100 28 161 100 71 28 183 141 198 100 161 214 161 172 100 38 161 38 141 100 3 161 28 161 42 38 73 36 141
184 104 184 104 23 104 184 184 13 104 184 184 104 104 54 153 104 13 104 184
141 141 141 141 141 141 141 141 141 141 141
192 192 192 192 192 192 192 192 192 192 192 192 192 192
141 141 141 141 141 141 141 141 141 141 141
141 141 129 141 129 141 141 141 141 141 141 141 147 129
161 161 161 161 161 161 161 161 161 161 161 161
120 120 120 120 120 120 120 120 120 120
83 83 83 83 83 83 83 83
40 5 40 40 40 40 5
104 104 104 104 104 104 104 104 104
141 141 141 141 141 141 141 141 141 141 141
14 14 14 14 14 14 14 14 14 14 14 14 14 14 14 14 14
83 83 83 83 83 83 83 83
112 172 172 120 120 120 112 120 104 132 132 172 172 104 104
83 83 83 83 83 83 83 83
56 56 56 56 56 56 56 56 56 56 56 56 56 56 56 56 56 56 56 56
83 83 83 83 83 83 83 83
83 83 83 83 83 83 83 83
141 141 141 141 141 141 141 141 141 141 141
184 5 5 54 184 5 184 184 5 5
56 56 61 192 56 84 204 84 56 56 84 56 56 84 84 56 192 56 84 56 84 84 192 84 192
47 47 47 47 47 47 47
47 47 47 47 47 47 47
104 104 104 104 104 104 104 104 104
23 184 184 184 184 184 184 184 184
104 104 104 104 104 104 104 104 104
83 83 83 83 83 83 83 83
47 47 47 47 47 47 47
47 47 47 47 47 47 47
47 47 47 47 47 47 47
104 118 118 118 104 118 118 118 118 118
120 120 120 120 120 120 120 120 120 120
104 104 104 104 104 104 104 104 104
83 83 83 83 83 83 83 83
141 141 141 141 141 141 141 141 141 141 141
28 98 48 123 14 218 28 28 39 83 14 28 14 39 28 104 28 28 28 28 111 28 14 83 83 83 28 28 35 28 104 83 14 67 14 14 35 44 104 58 44 28 28
56 56 28 76 90 28 192 14 197 56 101 94 14 84 14 101 28 94 2 76 56 56 35 76 56 42 114 21 192 145 14 105 105 116 14 84 56 28 5 14 47 148 14 105 84 47 84 192 50 122 21 84 28 26
184 141 129 164 141 104 184 164 129 141 164 164 184 164 129 184 104 164 180 141
47 47 47 47 47 47 47
104 104 104 104 104 104 104 104 104
186 141 141 141 141 104 104 104 141 104 104 141 186 104 141 186 141
42 42 42 42 42 42 42 42 42 42 42 42 42 42 42 42 42 42 42
161 161 161 161 161 161 161 161 161 161 161 161
47 47 47 47 47 47 47
120 120 184 184 135 120 120 135 120 184 120 120 120
47 47 47 47 47 47 47
56 56 28 78 28 56 38 28 56 38 28 28 56 56 56 38 105 105 105 105 56 56 28 56 105 105 56 56 38 105 28
83 83 83 83 83 83 83 83
47 47 47 47 47 47 47
76 76 47 76 76 5 76 47
184 5 32 32 5 32 32
104 104 104 104 104 104 104 104 104
47 47 47 47 47 47 47
83 83 83 83 83 83 83 83
83 83 83 83 83 135 83 83 83 83 83 83 83 83 83
109 109 83 83 47 109 83 109 109 47
83 83 83 83 83 83 83 83
141 47 47 47 141 141 47 141 141 141 168 47 141 141 141 47 141
104 104 104 104 104 104 104 104 104
141 178 141 141 198 68 128 198 141 192 83 47 172 147 198 141 19 198 141 141 198 141 57 141 141 141 178 47 198 141 198 172 74 141 83
83 184 83 184 83 83 83 184 83 102 184 83
104 104 104 104 104 104 104 104 104
69 129 47 129 47 47 47 47 129 47
83 83 83 83 83 83 83 83
5 104 83 104 104 83 104 104 5 83 83 104 166 83 104 83 5 5 83 104 5
104 104 104 104 104 104 104 104 104
14 14 14 14 14 14 14 14 14 14 14 14 14 14 14 14 14
120 120 184 184 135 120 120 135 120 184 120 120 120
47 47 47 47 47 47 47
161 161 161 161 161 161 161 161 161 161 161 161
47 47 47 47 47 47 47 47 47 47 47 47 109
60 184 5 91 184 60 5 5 60 184 5 184
161 161 7 162 161 161 162 161 161 161 161 161 161 161 161 161 161 161 164 161 161 161 161
5 47 47 96 47 5 47 5 47 5 5 47
83 83 83 83 83 83 83 83
47 47 137 47 104 104 104 104 47 137 104 104 47 104
158 104 104 104 104 104 104 158 158 104 158 104 104 104
83 168 168 132 120 83 120 120 109 83 120 83 120 132 83 132
141 120 120 120 196 144 120 120 120 120 120 120 120 120 120 5 120 5 120 120 141
47 47 47 47 47 47 47
83 83 83 83 83 83 83 83
129 47 153 120 158 129 120 47 47 120 120 120 129 153 47 120 120
83 83 83 83 83 83 83 83
83 83 83 83 83 83 83 83
123 86 86 104 104 47 86 104 47 47 123 104 150 104 104
104 104 104 104 104 104 104 104 104
104 104 104 104 104 104 104 104 104
83 104 137 104 104 83 137 137 137 83 137 104
184 184 129 184 184 219 129 129
104 104 104 104 104 104 104 104 104
47 47 5 5 47 112 5 5 60 47 47 112 60
104 104 104 104 104 104 104 104 104
192 192 192 192 192 192 192 192 192 192 192 192 192 192
83 83 83 83 83 83 83 83
83 83 83 83 83 86 83 83 86 83 83 83 83 83 83 83 83 173 83 83 83 83
5 5 91 32 5 32 5 32 184 5 5 5
83 83 47 47 83 120 120 47 47 83 83 83 47
129 47 47 47 47 129 129 47 69 47
47 47 47 47 47 47 47
104 5 5 5 5 126 104 104 104 104 104 104 104 5
47 47 47 47 109 47 47 47 47 47 47 47 47
83 83 83 83 83 83 83 83
120 120 120 120 120 120 120 120 120 120
141 141 141 141 141 141 141 141 141 141 141
5 184 32 32 32 5 32
47 47 47 47 47 47 47
83 83 83 83 159 113 47 47 83 83 113 83 83 83 83 47 113 83
56 56 56 56 56 56 56 56 56 56 56 56 56 56 56 56 56 56 56 56
104 104 104 104 104 104 104 104 104
14 14 14 14 14 14 14 14 14 14 14 14 14 14 14 14 14
47 47 220 69 47 47 129 47 129 47 129
14 14 14 14 14 14 14 14 14 14 14 14 14 14 14 14 14
104 104 104 104 104 104 104 104 104
104 104 104 104 104 104 104 104 104
47 47 5 5 5 47 5 47 96 47 47 5
47 47 47 47 47 47 47
47 47 47 47 47 47 47
47 47 47 47 47 47 47
104 104 104 104 104 104 104 104 104
192 192 192 192 192 192 192 192 192 192 192 192 192 192
47 47 47 47 47 47 47
42 42 42 42 42 42 42 42 42 42 42 42 42 42 42 42 42 42 42
47 47 47 47 47 47 47
184 13 184 184 184 13 13
104 104 104 104 104 104 104 104 104
47 47 47 47 47 47 47
120 120 120 120 120 120 120 120 120 120
104 83 104 83 5 104 83 5 104 83
104 104 104 104 104 104 104 104 104
56 56 56 56 56 56 56 56 56 56 56 56 56 56 56 56 56 56 56 56
47 47 47 47 47 47 47
161 161 161 161 161 161 161 161 161 161 161 161
83 83 83 83 83 83 83 83
104 104 104 104 104 104 104 104 104
104 104 104 104 104 104 104 104 104
47 83 47 120 83 83 83 83 47 47 120 83 47
184 184 104 104 104 184 129 123 104 104 104 104 104 129 184 129
162 141 5 141 5 141 5 5 32 141 141 141 141 141 146 146
83 83 83 83 83 83 83 83
178 198 178 198 198 198 198 178 178 198 198 198 141 198 141
47 129 69 47 47 129 47 129 47 47
104 104 104 104 104 104 104 104 104
83 83 146 141 182 141 141 83 141 83 93 141 141 83 141 141 83 146
104 168 104 104 118 118 118 104 158 168 118 168 104 118 104
42 42 42 42 42 42 42 42 42 42 42 42 42 42 42 42 42 42 42
47 47 120 83 83 83 83 83 47 47 83 47 47 83
83 47 83 83 185 83 129 47 83 5 83 83 47 83 83 47 83 5 83 83 5 47 83 47 83 5 129 5 129
2 99 47 80 99 141 141 47 47 47 141 141 141 104 47 80 120 174 99 47 2 83 80 141 141 141 47
192 192 192 192 192 192 192 192 192 192 192 192 192 192
83 83 83 83 83 83 83 83
5 129 129 129 32 5 5 5 5
47 47 47 47 47 47 47
83 83 83 83 83 83 83 83
47 47 47 47 47 47 47
141 141 141 141 141 141 141 141 141 141 141
47 47 47 47 47 47 47
83 83 83 83 83 83 83 83
83 83 83 83 83 83 83 83
83 83 83 83 83 83 83 83
56 56 56 56 56 56 56 56 56 56 56 56 56 56 56 56 56 56 56 56
83 83 83 83 83 83 83 83
47 47 47 47 47 47 47
184 47 47 184 47 47 184 83 47 184 47
47 184 47 5 47 184 5 5 184 47 47 47 184 5 5 110
56 56 56 56 56 56 56 56 56 56 56 56 56 56 56 56 56 56 56 56
83 83 83 83 134 83 83 83 134 83 134 83 83
104 104 104 104 104 104 104 104 104
104 104 47 47 104 47 104 104 137 137 104 47 47 104
184 114 104 104 184 104 104 104 104 184 104 184 104
123 102 102 5 47 5 47 5 47 123 47 5 47 47
47 47 47 47 47 47 47
83 83 83 83 83 83 83 83
104 104 104 104 104 104 104 104 104
120 120 120 120 120 120 120 120 120 120
5 80 5 5 5 5 5 5 5 5 5
104 104 104 104 104 104 104 104 104
56 47 56 56 5 56 56 184 56 56 56 56 194 56 56 5 47 66 56 5 56 56 56 56 57 56 56
120 120 120 120 120 120 120 120 120 120
104 104 137 104 5 47 158 5 104 47 104 47 47 5 104 104 5 96
42 42 42 42 42 42 42 42 42 42 42 42 42 42 42 42 42 42 42
129 129 129 129 129 184 129
14 14 5 76 25 83 83 83 14 5 14 5 118 14 83 83 118 76 83 14 83 14 76 83 83 85 5 14 25 83 83 83 14 25 83 5 14 5 83 47 114 14 83 83 47 83 14 83 14 83
47 47 47 47 47 47 47
110 118 5 104 32 96 83 5 96 5 83 118
161 161 161 161 161 161 161 161 161 161 161 161
47 47 47 47 47 47 47
120 120 120 120 120 120 120 120 120 120
83 83 83 83 83 83 83 83
28 28 28 28 28 28 28 28 28 28 28 28 28 28 28 28 28 28
104 104 104 104 104 104 104 104 104
104 104 104 104 104 104 104 104 104
14 14 14 14 14 14 14 14 14 14 14 14 14 14 14 14 14
120 120 120 120 120 120 120 120 120 120
120 120 120 120 120 120 120 120 120 120
47 47 47 47 47 47 47
120 120 120 120 144 144 120 5 120 5 120 5 120 5
83 83 83 83 83 83 83 83
110 83 83 83 83 5 83 5 83 5 83 5 5
47 47 47 47 47 47 47
104 104 104 104 104 104 104 104 104
14 14 14 14 14 14 14 14 14 14 14 14 14 14 14 14 14
184 83 184 83 83 83 102 83 184 184 83 83
47 47 47 47 47 47 47
104 104 104 104 104 104 104 104 104
47 47 83 47 118 118 83 118 83 83 83 47
184 83 83 184 129 109 83 129 184 184 83 83 129 83 83
83 120 120 113 120 183 83 83 47 120 113 120 120 47 47 83 183 120 120
28 103 43 14 28 28 47 30 35 129 14 28 14 30 20 28 28 28 98 28 47 14 16 129 28 28 26 28 14 14 33 86 26 47 14 63 16 28 129 28
184 47 47 184 47 47 47 184 83 47 184
104 104 104 104 104 104 104 104 104
83 83 83 83 83 83 83 83
83 83 83 83 83 83 83 83
104 104 104 104 104 104 104 104 104
47 47 47 47 47 47 47
83 83 83 83 83 83 83 83
120 120 120 120 120 120 120 120 120 120
161 161 161 161 161 161 184 161 184 161 161 161 184 184 161 170
83 5 83 83 83 5 110 5 5 83 83 83 5
47 47 47 47 47 47 47
104 104 104 104 104 104 104 104 104
120 120 120 120 120 120 120 120 120 120
104 104 104 104 104 104 104 104 104
141 108 56 28 89 104 28 192 123 120 177 95 169 42 141 120 141 192 95 28 104 141 46 218 115 42 108 180 120 141 141 56 83 105 55 115 83 42 192 83 42 104 83 56 120 105 152 190 42 158 120 28 197 42 120 56 122 120 141 83 105 115 120 42 84 7 88 87 172 42 70 48 172 141 52 56 42 42
5 47 184 47 140 47 32 32 47 184 5 5 104 5 5 184 184 184 47 5 5
47 47 47 47 47 47 47
104 83 4 47 184 129 184 47 5 129 83 47 184 207 184 83 118 104 47 118 83 129 47 83 47 184 184 13 207 47 184 184 47 83 47 47 83 129 129 184 83 5 83 47 104 184
47 47 47 47 47 47 47
184 184 184 184 184 184 184 184 69 184 184 184 184
141 104 184 104 47 104 184 141 137 104 141 184 214 141 104 47 104 47 141 141 104 184 47 141 141 47 141 141
83 83 83 83 83 83 83 83
135 83 135 5 83 5 5 135 83 5 5 5 83 135
47 47 47 47 47 47 47
141 141 141 141 141 141 141 141 141 141 141
192 192 192 192 192 192 192 192 192 192 192 192 192 192
83 83 83 83 83 83 83 83
161 184 161 161 184 161 161 161 184 161 161 161 170 161 161 184
5 5 83 13 13 5 5 5 5 5 5
83 83 83 83 83 83 83 83
135 120 120 120 120 120 184 120 135 120 184 184 120
104 104 104 184 114 104 104 184 104 104 184 104 184
120 120 120 120 120 120 120 120 120 120
47 47 47 47 47 47 47
83 83 83 83 83 83 83 83
47 184 47 47 184 47 47 83 184 184 47
56 56 56 56 56 56 56 56 56 56 56 56 56 56 56 56 56 56 56 56
47 47 47 47 47 47 47
28 28 28 28 28 28 28 28 28 28 28 28 28 28 28 28 28 28
108 56 56 56 42 108 108 108 56 108 42 42 56 56 108 42 42 42 56 56 56 108 42 56 108 59 42 48 56 42 42
141 141 141 141 141 141 141 141 141 141 141
5 114 47 114 114 83 114 114 47 83 83
104 104 104 104 104 104 104 104 104
83 5 83 5 5 83 5 83 83 83 5 110 83
32 5 129 5 129 5 5 129 5
83 83 83 83 83 83 83 83
47 47 47 47 47 47 47
123 102 102 5 47 5 47 5 47 123 47 5 47 47
108 56 61 192 56 42 42 204 115 108 56 115 42 192 115 56 56 115 42 56 192 42 56 84 56 115 42 84 115 87 42 48 192 42 42 42
47 47 47 47 47 47 47
141 141 141 141 141 141 141 141 141 141 141
47 47 47 47 47 47 47
141 141 141 141 141 141 141 141 141 141 141
47 47 47 47 47 47 47
83 83 83 83 83 83 83 83
47 47 47 47 47 47 47
47 47 47 47 47 47 47
104 104 104 104 104 104 104 104 104
47 47 47 47 47 47 47
28 28 14 88 161 47 121 28 141 161 35 141 14 121 125 141 94 141 198 141 28 14 47 71 86 14 21 185 21 172 119 14 141 28 28 71 185 14 161 28 14 94 28 47 92 141 141 52
83 47 104 112 104 47 86 184 13 47 104 104 83 184 104 47 13 47 184 104 54 5 47 104 86 104 112 104 155 22 47 47 146 104 184 109 86 104 5 5 47 47 104
47 47 47 47 47 47 47
14 14 14 14 14 14 14 14 14 14 14 14 14 14 14 14 14
47 47 47 47 47 47 47
83 83 83 83 83 83 83 83
83 47 83 113 113 47 113 83 47 113 83
28 28 28 28 28 28 28 28 28 28 28 28 28 28 28 28 28 28
83 83 83 83 83 83 83 83
5 5 118 47 5 5 5 47 5 47 5 47 47 47 5 5 5
47 47 47 47 47 47 47
104 104 137 104 47 137 104 104 47 104 47 104 47 47
16 123 14 172 26 21 14 14 26 104 21 44 14 44 14 21 104 14 110 14 21 104 44
104 184 104 184 104 104 184 104 104 104 184 104 114
192 192 104 104 3 104 192 104 104 192 192 192 192 104 104 192 192 192 104 192 192 192
47 47 47 47 47 47 47
104 104 104 104 104 104 104 104 104
5 5 47 5 47 47 5 5 96 47 47 47
104 104 104 104 104 104 104 104 104
47 104 54 104 104 47 47 104 106 104 47 140 47 104 104
104 104 104 104 104 104 104 104 104
159 83 83 120 83 83 120 83 5 83 3 83 5 83 83 83 120 120 5 5 120 83 83 159 120 83 83 3 83 83
104 104 104 104 104 104 104 104 104
141 141 141 141 141 141 141 141 141 141 141
54 5 184 5 5 184 184 5 5 184
14 14 14 14 14 14 14 14 14 14 14 14 14 14 14 14 14
83 83 83 83 83 83 83 83
104 104 104 104 104 104 104 104 104
120 83 120 154 120 120 154 83 154 120 83 154 154
47 47 47 47 47 47 47
32 5 129 5 129 5 129 5 5
47 47 120 83 47 83 83 83 47 47 83 120 83
83 83 83 83 83 83 83 83
120 120 120 120 120 120 120 120 120 120
104 104 104 104 104 104 104 104 104
120 120 120 120 120 120 120 120 120 120
5 129 5 5 129 129 5 32 5
83 83 83 83 83 83 83 83
83 83 83 83 83 83 83 83
47 47 96 47 5 5 47 5 5 47 5 47
135 47 47 83 47 47 83 184 83 47 47 184 184 83 83 184 83 83
47 47 47 47 47 47 47
83 83 83 106 207 184 184 83 83 129 83 207 83
99 5 47 5 5 13 47 54 47 47 5 47
28 56 56 43 14 156 14 56 28 28 25 14 14 31 14 28 14 28 184 28 28 14 56 28 0 161 61 14 28 28 14 127 28 78 161 78 14 171 61 56 14 184 124 56 161 90 56 184 78 61 14 61 1 89 14 79 14 48 28 61 14 161 28
83 83 83 83 83 83 83 83
83 83 83 83 83 83 83 83
47 83 120 47 83 83 83 83 47 83 47 120 47
47 47 47 47 47 47 47
120 120 120 120 120 120 120 120 120 120
28 28 28 28 28 83 28 28 28 28 28 30 28 28 83 28 28 83 83 83 28 86 28 83 46
47 47 47 47 47 47 47
123 104 123 96 200 83 83 83 83 104 5 104 104 80 83 134 96 123 134 93 123 104 135
83 83 83 83 83 83 83 83
120 120 120 120 120 120 120 120 120 120
83 5 5 83 83 110 110 5 83 83 5 83
83 83 83 83 83 83 83 83
104 104 104 104 104 104 104 104 104
120 141 5 5 5 120 120 141 5 120 120 5 5 5 5 120 120 161
47 47 47 47 47 47 47
129 83 83 83 83 83 129 129 93 83 83
83 184 83 184 83 83 184 102 184 83 83 83
104 5 129 5 129 13 104 104 135 106 104 129 104 104 5 104 5
192 192 192 192 192 192 192 192 192 192 192 192 192 192
184 13 184 184 13 13 184
184 99 99 184 99 47 83 112 83 184 184 99 99
47 47 47 47 47 47 47
104 104 104 104 104 104 104 104 104
47 47 47 47 47 47 47
47 47 47 47 47 47 47
47 47 47 47 47 47 47
47 83 162 5 135 83 5 47 135 47 47 5 83 47 5 5 83 135 47 5
47 47 47 47 47 47 47
123 123 104 104 104 123 123 123 104 47 47
83 104 137 104 104 83 83 137 137 137 137 104
83 104 83 104 104 83 83 83 104 104 83 104 150 83 104 104
42 42 42 42 42 42 42 42 42 42 42 42 42 42 42 42 42 42 42
108 56 61 192 56 42 42 204 115 108 56 115 42 192 115 56 56 115 42 56 192 42 56 84 56 115 42 84 115 87 42 48 192 42 42 42
47 47 47 47 47 47 47
129 184 129 129 129 129 129
161 141 104 0 141 164 187 141 164 161 161 161 0 0 161 0 161 141 0
28 28 28 28 28 28 28 28 28 28 28 28 28 28 28 28 28 28
141 141 141 141 141 141 141 141 141 141 141
141 141 141 141 141 141 141 141 141 141 141
47 96 47 5 5 47 5 5 47 5 47 47
83 83 83 83 83 83 83 83
47 47 47 47 47 47 47
104 104 104 104 104 104 104 104 104
83 120 120 47 113 120 183 83 47 120 113 120 120 83 47 83 183 120 120
56 56 56 56 56 56 56 56 56 56 56 56 56 56 56 56 56 56 56 56
76 47 47 76 47 114 47 76 47 5 76 47 47 47
104 83 104 83 5 104 83 5 104 83
99 5 5 184 5 184 5 5 5 5 184 5 5 5 184
184 184 5 5 5 5 184 5 54 184
137 184 184 110 184 5 184 32 83 83 184 83 5 83 184 184 93 184 110
184 129 184 184 184 129 129 219
83 83 83 83 83 83 83 83
184 184 184 5 184 5 5 184 86 184 184 5 5 184
192 192 192 192 192 192 192 192 192 192 192 192 192 192
83 83 83 83 83 83 83 83
141 141 141 141 141 141 141 141 141 141 141
28 28 28 28 28 28 28 28 28 28 28 28 28 28 28 28 28 28
47 47 47 47 47 47 47
108 56 61 192 56 42 115 204 115 108 56 115 42 192 42 56 56 115 42 56 192 42 56 84 56 115 42 84 115 87 42 48 192 42 42 42
47 47 47 47 47 47 47
47 47 47 47 47 47 47
120 83 120 83 83 118 118 104 118 83 83 83 120 120 205 10 83 123 184 83 154 219 184 83 118 120 154 104 118 83 184 154
184 184 184 184 184 23 184 184 184
47 47 47 47 47 47 47
47 47 47 47 47 47 47
141 141 141 141 141 141 141 141 141 141 141
83 83 83 83 83 83 83 83
47 83 83 47 120 83 83 83 83 83 47 47 47 47
104 104 104 104 104 104 104 104 104
56 56 56 56 56 56 56 56 56 56 56 56 56 56 56 56 56 56 56 56
83 83 83 83 83 83 83 83
47 47 47 47 47 47 47
83 83 83 83 83 83 83 83
2 99 47 80 99 141 141 47 47 47 141 141 141 104 47 80 120 174 99 47 2 83 80 141 141 141 47
83 104 83 83 86 83 104 104 83 153 106 104 104 83 104 104
141 5 5 141 141 141 141 161 141 5 5 161 141 141 141
120 120 120 120 120 120 120 120 120 120
104 118 118 118 104 118 118 118 118 118
161 161 161 161 161 161 161 161 161 161 161 161
47 47 47 47 47 47 47
141 141 141 141 141 141 141 141 141 141 141
123 123 104 104 104 123 123 123 104 47 47
5 184 184 5 5 184 184 54 5 5
104 104 104 104 104 104 104 104 104
83 83 83 83 83 83 83 83
47 47 47 47 47 47 47
83 5 141 161 5 141 147 83 5 5 83 141 5 5 141 141 83 5 83 83 141 32 141 141 93 5 206
120 120 120 120 120 120 120 120 120 120
83 83 83 83 83 83 83 83
104 104 104 104 104 104 104 104 104
83 83 83 83 83 83 83 83
47 47 47 47 47 47 47
104 104 104 104 104 104 104 104 104
83 83 83 83 83 83 83 83
47 47 47 47 47 47 47
104 104 104 104 104 104 104 104 104
47 47 47 47 47 109 47 47 47 47 47 47 47
120 120 120 120 120 120 120 120 120 120
120 120 120 120 120 120 120 120 120 120
32 83 47 47 83 32 5 80 147 83 5 47 47 83 83 83 83 102
104 104 104 104 104 104 104 104 104
83 83 83 83 83 83 83 83
47 47 47 47 47 47 47
192 192 192 192 192 192 192 192 192 192 192 192 192 192
192 192 192 192 192 192 192 192 192 192 192 192 192 192
47 47 47 47 47 47 47
56 56 56 56 5 56 56 56 56 56 5 13 56 56 57 56 56 56 5 56 56 62 5 56 56
83 83 83 83 83 83 83 83
184 80 184 184 184 184 184 184 184 129 13 129 40
184 184 184 23 184 23 184 184
104 104 104 104 104 104 104 104 104
104 104 104 104 104 104 104 104 104
5 5 104 5 5 5 129 104 5 83 5 135 104 198 129 5 5 104 83 104 83 5 129 5 104 135 104 83 135 104
83 83 83 83 47 189 54 83 47 83 5 60 69 47 60 83 83 83 47 83 47 83 5 110 5 83 83
5 129 5 129 5 129 32 5 5
83 83 83 83 83 83 83 83
161 161 161 161 184 184 184 161 161 170 161 161 161 161 161 184
47 47 47 47 47 47 47
47 47 47 47 47 47 47
141 141 141 141 141 141 141 141 141 141 141
104 104 104 104 104 104 104 104 104
47 47 47 47 47 47 47
120 120 120 120 120 120 120 120 120 120
47 47 47 47 47 47 47
141 141 141 141 141 141 141 141 141 141 141
141 178 141 141 198 68 109 198 141 183 83 159 147 198 141 19 198 141 141 198 141 57 141 141 141 178 198 141 198 159 68 141 83
104 184 114 184 104 104 104 104 104 104 104 184 184
47 47 47 47 47 47 47
83 83 83 83 83 83 83 83
104 104 104 104 104 104 104 104 104
47 47 47 47 47 47 109 47 47 47 47 47 47
120 159 104 159 159 104 120 120 159 104 159 120 159
141 141 141 141 141 141 141 141 141 141 141
47 47 47 47 47 47 47
32 5 5 5 129 129 5 129 5
47 47 47 47 47 47 47
83 83 83 83 83 83 83 83
47 47 47 47 47 47 47
141 5 155 141 141 5 155 141 141 155 141 141 155
192 192 192 192 192 192 192 192 192 192 192 192 192 192
47 47 47 47 47 47 47
104 104 104 104 104 104 104 104 104
104 141 104 141 141 47 104 141 104 47 141 47 104 47 47 47 141 104 104 104 141 141 205 141 141
83 83 83 83 83 83 83 83
161 161 161 161 161 161 161 161 161 161 161 161
184 129 54 32 129 129 5 5 32 32
120 120 120 120 120 120 120 120 120 120
141 141 141 141 141 141 141 141 141 141 141
83 83 83 83 83 83 83 83
83 83 83 83 83 83 83 83
104 192 192 104 192 104 192 192 104 104 192 104 192 192 104 192 192 192 192 3 192 104
120 83 120 83 83 83 83 120 120 83 120 162 120 120 120 83 120
161 161 161 161 161 161 161 161 161 161 161 161
83 83 83 83 83 83 83 83
47 47 184 83 47 184 184 47 47 184 47
141 141 141 141 141 141 141 141 141 141 141
161 161 161 161 161 161 161 161 161 161 161 161
5 47 5 47 5 47 5 47 96 47 47 5
5 47 83 5 5 47 5 96 135 47 5 118 5 83 5 83 102 5 83 96 47 83 5 110 83 83 83 5 5 83 208 5 5
47 5 184 47 104 47 32 32 184 184 184 47 5 184 114 47
104 104 104 104 104 104 104 104 104
83 83 83 83 83 83 83 83
219 129 184 219 184 129 184
47 47 47 47 47 47 47
120 159 104 120 159 104 159 120 159 104 159 120 159
47 47 47 47 47 47 47
5 184 129 129 5 5 80 129 40 184 129 40
83 83 83 83 83 83 83 83
141 141 141 141 141 141 141 141 141 141 141
141 141 141 141 141 141 141 141 141 141 141
178 198 178 198 198 198 198 178 178 198 198 198 141 198 141
161 161 161 161 161 161 161 161 161 161 161 161
161 161 161 161 161 161 161 161 161 161 161 161
135 120 120 120 120 120 184 120 135 120 184 184 120
192 192 192 192 192 192 192 192 192 192 192 192 192 192
129 141 129 141 141 129 147 141 141 141 141 141 141 141
83 83 83 83 83 83 83 83
83 93 129 83 129 83 129 83 83 83 83
120 47 91 104 184 47 93 47 184 110 104 104 91 187 184 104 184 47 120 80 104 104 104 47
47 47 47 47 47 47 47
141 141 141 141 141 141 141 141 141 141 141
5 5 80 5 5 5 5 5 5 5 5
141 141 141 141 141 141 141 141 141 141 141
109 109 47 83 83 47 162 184 47 184 83 109 184 109 47 135 184 47 47 184 184
83 83 83 83 83 83 83 83
56 56 56 56 56 56 56 56 56 56 56 56 56 56 56 56 56 56 56 56