10 187 279 93 10 10 239 235 187 10 10 93 239 235 187 268 93 187 187 243
319 319 319 255 255 255 319 319 319 319 10 93 93 279 373 10 93 10 10 10 255 255 10 373 93 93 255 319 255 255 319 10
223 93 298 223 93 223 223 223 93 93 93 223 223 10 10 10 10 10 93 223 223
93 10 182 93 93 10 93 10 212 10 10 93 93 93 20 10 125 355 10 20 10 378 10 381 77 376 10 10 10 10 93 10 10 93 10
252 93 187 93 93 187 187 93 187 187 93 252 187 187
10 10 35 10 154 93 10 10 93 108 154 10 52 154 10 319 10 35 93 10 319 93 93 154 10 93 10 10 108 10 10 20 154 319 93 10 10 10 176 10 76 93 93 10 93 93 10 154 20 154 154 10 10 10 93 93 52 10 20 10 35 10 93
281 281 281 281 281 281 281 281 281 281 281 281
187 267 154 154 187 267 187 187 187 187 154 154 154 154 187
43 43 43 43 43 43 43 43 43 43 43 43 43 43 43 43 43 43
281 281 281 281 281 281 281 281 281 281 281 281
154 319 154 154 154 154 154 319 185 319 154 319
112 112 112 112 112 112 112 112 112 112 112 112 112 112 112 112 112 112 112 112
223 223 319 356 252 223 223 252 223 319 223 232 223
281 281 267 255 1 255 255 1 281 255 281 300 281 255 1 267 255 281 281 281
10 93 154 10 187 10 52 10 10 154 77 165 154 201 20 154 187 154 10 125 10 154 10 77 154 93 154 187 108 154 93 20 187 10 10 77 187 319 10 136 187 77 10 154 10 187 10 154 319 187 165 154 319 125 125 10 10 20 154 319 10 154 154 154 10 93 10 154 10 93 154 10
112 112 112 112 112 112 112 112 112 112 112 112 112 112 112 112 112 112 112 112
7 312 7 7 281 312 312 312 7 7 7 7 281 312 312 281 281 281
201 154 10 154 10 10 154 10 201 154 154 154
10 10 10 10 10 10 10 10 10 143 234 10 10 10 10 10 10 10 143
136 93 223 187 146 181 223 255 93 255 223 93 93 93 93 267 255 267 239 181 223 187 93 93 93 215 307 232 255 223 223 146 181 93 136 187 165 146 187 187 255 261 267 187 93 196
35 319 10 319 10 93 331 93 93 93 162 125 93 154 154 154 319 154 162 10 154 162 10 181 10 93 154 319 93 154
93 154 255 255 93 154 162 255 255 255 93 154 154 93 154 255 255 345 154 108 255 255 255 93
10 10 10 319 10 10 319 319 319 319 319 319 10 319 319 319 108 10 319 232 10 10
10 154 93 10 154 154 154 154 223 319 319 154 154 10 93
43 43 43 43 43 43 43 43 43 43 43 43 43 43 43 43 43 43
207 207 77 10 207 10 10 10 10 77 10 10 10
359 187 187 359 359 187 359 359 187 19 187 359 187 187 359 359 359 359 187 359 359 359 359
319 319 319 255 255 255 319 319 319 319 10 93 93 279 373 10 93 10 10 10 319 255 10 373 93 93 255 319 255 255 255 10
187 267 154 154 187 267 187 187 187 187 154 154 154 154 187
281 281 281 281 281 281 281 281 281 281 281 281
154 154 93 154 10 93 93 93 319 154 93 93 108 319 10 93 93 239 319 10 154 154 154 313 93 93
43 186 67 24 43 43 93 47 63 235 24 43 24 47 30 43 43 43 183 43 93 31 31 235 43 43 55 43 24 24 102 162 38 93 24 132 31 43 235 43
232 187 10 10 187 187 187 10 10 187 187 187 232
187 93 146 187 187 146 146 187 265 187 187 93 146 187 146 187
154 154 154 247 154 154 154 154 154 154 154 154 247 154
235 10 154 154 10 154 154 10 10 154 154 215 235 154 235 10
10 10 187 235 10 271 10 187 10 235 187 10 10 187 235 187 10 187 187 187 10 10
10 93 176 10 93 10 93 10 93 93 10 93
154 165 154 0 93 154 154 154 154 93 154 165 154 93 154 154 154 154 154 0 154 93 93 154 154 154 154 154 154 154 154
10 10 93 93 10 319 10 10 93 10 319 10 93 319 93 319 10 10 10 93 243
10 10 10 10 10 196 10 10 10 10 10 10 10 146 10
187 296 10 187 187 187 187 187 207 296 187 207 187 187 187 187 207
279 223 223 279 279 187 279 279 223 187 279 187 223
93 10 235 215 319 93 10 93 319 10 93 235 319 10 10 93 319 235 93
154 154 154 93 154 93 93 93 154 154 93 154 93 223
281 235 10 281 268 281 281 10 235 281 10 20 281 281 235 281 235 325 10 281 281 235 281
223 93 223 223 93 93 93 223 223 223 223 223 271 93 223 93
187 319 187 187 319 319 187 319 187 187 215 187 187
43 43 43 43 43 43 43 43 43 43 43 43 43 43 43 43 43 43
92 43 187 278 43 43 278 86 236 187 72 43 43 92 43 187 43 43 50 86 187 128 43 43 43 263
93 319 10 319 10 239 319 10 235 319 319 93 10 10 93 235 93 319 235 93 319 319 93
24 24 24 24 24 24 24 24 24 24 24 24 24 24 24 24 24
10 10 10 319 319 10 181 10 10 319 319 10 10 10 10
93 93 93 211 154 154 93 154 154 154 154 318 154 223 154 172 154 93 154 2 211 2 93 154 279 154 138 154
281 281 281 281 281 281 281 281 281 281 281 281
281 281 281 281 281 281 281 281 281 281 281 281
93 154 154 93 154 154 223 154 154 93 93 93 93 154
112 112 112 112 112 112 112 112 112 112 112 112 112 112 112 112 112 112 112 112
10 93 10 93 10 93 93 93 93 10 10 176
24 24 24 24 24 24 24 24 24 24 24 24 24 24 24 24 24
93 187 187 93 187 187 93 187 93 187 252 93 187 93 187
187 267 93 187 187 319 187 187 93 319 187 93 93 319 187 93 187 319 93
215 154 10 154 319 187 154 187 319 187 154 10 319 319
125 10 10 93 93 185 125 10 93 52 93 10
112 112 112 112 112 112 112 112 112 112 112 112 112 112 112 112 112 112 112 112
125 356 93 10 207 10 93 10 93 319 93 162 10 10 319
93 319 93 93 319 93 10 93 93 10 243 10 319 10 10 319 10 10 10 10 10
10 154 10 154 10 154 20 10 154 162 10 10 10 154 10 247 10 154
10 10 10 319 10 319 10 10 10 319 10 319 10 181 10
10 255 187 286 255 196 10 255 286 235 255 286 296 286 235 268 52 10 329 10 290
154 154 154 154 319 154 319 319 185 154 154 319
235 93 342 319 154 8 93 108 10 138 319 93 93 215 154 93 342 93 93 77 162 10 10 154 10 93 154 93 10 377 93 93 93 319 143 10 10 271 93 319 319 138 93 235
312 312 312 312 93 93 344 93 93 312 312 312 312 312 93 312 93 312 312
93 93 10 10 93 10 187 10 93 235 93 235 10 93 235
10 93 154 93 10 154 154 154 93 93 10 93 10 257 93 10 154 154 154
187 165 10 154 187 154 234 10 35 234 10 154 10 10
281 281 281 281 281 281 281 281 281 281 281 281
154 154 154 10 10 154 10 154 154 10 201 154 10
281 281 281 154 281 154 154 335 154 281 154 281 281 281 335 154 281 281
43 43 43 43 43 43 43 43 43 43 43 43 43 43 43 43 43 43
235 235 176 176 154 235 154 162 154 176 154 10 154 154 154 154 154 323 154 154 154 154 154 154 181 154
154 281 281 342 283 319 10 122 319 187 10 235 282 154 10 281 20 281 10 319 10 93 187 154 10 319 187 319 10 93 319 187 162 10 93 268 187 20 10 20 319 281 93 187 154 108 319 154 154 347 10 281 187 281 93 319 20 93 283 235 377
187 165 10 154 187 154 234 10 35 234 10 154 10 10
112 112 112 112 112 112 112 112 112 112 112 112 112 112 112 112 112 112 112 112
112 112 112 112 112 112 112 112 112 112 112 112 112 112 112 112 112 112 112 112
223 223 279 279 187 279 279 223 187 279 279 187 223
154 165 154 10 10 154 35 10 154 207 154 207
235 223 138 223 93 282 223 93 223 223 235 223 235 93 223 93 93 232 232
312 347 312 347 347 347 347 312 255 347 347 312 347 255 347
93 176 10 10 93 10 93 93 10 93 10 93
223 223 279 279 187 279 279 223 187 279 279 187 223
10 93 93 10 10 10 93 10 93 176 93 93
154 234 93 185 185 154 185 93 234 234 234 93
319 10 252 223 10 223 223 252 223 267 223 319 319 223 319 252
319 187 217 319 319 217 187 217 217 243 217 217 217 319
93 93 93 10 176 93 93 10 93 10 10 10
281 281 281 281 281 281 281 281 281 281 281 281
319 10 235 319 10 93 235 319 10 319 319 93 10 10 319 10 319 319 93 10 235 319 235 93 93 319 93 319 377 290 10 235 10 10
77 154 154 154 77 154 154 154 217 165 154 154 286 77 10 165 154 52 154 154
112 112 43 124 43 112 43 43 112 43 43 68 112 112 112 43 192 192 192 192 112 112 43 112 192 192 136 112 83 192 43
112 112 112 112 10 112 112 319 112 93 112 112 319 112 112 10 93 133 112 10 112 112 112 112 112 112 112
342 319 279 248 319 279 279 231 319 93 223 319 10 10 187 372 319 10 319 280 279 187 93 231 426 415 110 93 187 10
314 370 255 187 187 255 347 148 416 347 255 419 154 277 441 347 255 442 347 255 255 347 255 121 314 255 255 312 347 255 347 338 148 255 154 187
10 93 10 93 93 93 10 146 10 10 93 10 10 93 10 217
187 10 187 93 10 10 10 275 93 187 187 187 275 187 93 93 93 187
43 43 121 187 141 105 141 43 255 59 352 187 255 66 121 255 43 187 43 66 43 59 187 43 264 105 141
10 10 10 10 93 207 207 93 162 10 93 162 10
187 187 154 154 247 187 154 187 154 322 154 187 187 154 154 154 154 187 187 154 154 154
93 223 319 154 319 154 10 165 201 154 10 154 10 165 154 154 319 2 154 154 154 211 154 93 154 10 93 319 196 211 10 10 196 10 154 154
187 187 187 93 93 187 93 187 187 93 93 252 187 187 93
24 24 24 24 24 24 24 24 24 24 24 24 24 24 24 24 24
10 93 93 10 10 93 10 93 10 217 10 10 93 10 93 10 10
154 154 154 154 319 319 154 154 154 154 154 154 154 319 265 319 154 154 154
215 319 187 187 187 187 187 319 187 187 187 319 319
255 318 255 318 318 255 255 318 318 255 255 318 318 318
319 319 154 319 377 319 319 319 319 235 235 319 319 319 319
112 112 112 112 112 112 112 112 112 112 112 112 112 112 112 112 112 112 112 112
93 93 93 223 93 223 223 223 223 223 223 93 223 271 93 223
319 223 172 93 319 93 319 319 138 93 319 319 319 319 319 319 319 319 138
223 223 279 279 187 279 279 223 187 279 279 187 223
154 223 223 154 154 223 154 319 154 223 283 154 223 223 154 154 154 162 223 350 162 154 230 319 319 154 342
43 43 43 43 43 43 43 43 43 43 43 43 43 43 43 43 43 43
24 112 112 43 24 43 341 24 24 24 336 171 255 281 24 154 171 149 43 95 341 158 255 112 375 195 112 155 404 158 24 367 341 112 305 289 190 36 190 24 398 281 24 112 24 43 346 289 112 219 273 190 174 24 158 154 421 158 24 153 238 341 67 24 255
10 319 319 162 10 319 319 10 319 319 10 10 319 319
10 154 154 154 10 154 10 154 10 154 10 201 154
154 319 154 319 154 319 154 319 154 185 154 154
93 154 154 93 154 154 283 154 93 154 154 154 154 154 93 154 154 154 154 93 93
281 187 281 57 283 187 185 281 283 281 281 125 187 187 234 255 255 234 93 281 187 187 154 281 281 187 281 187 187 93 57 187
146 10 319 10 342 20 10 10 10 10 10 329 93 10 93 10 10 20 181 10 10 10 35 10 319 93 319 93 10 10 93 10 10 10
281 281 281 281 281 281 281 281 281 281 281 281
154 10 268 235 20 154 154 154 154 154 10 154 217 10 10 235
319 10 211 20 10 10 10 10 319 319 319 108 319 10 342 319 10 10
154 162 154 93 154 286 93 93 154 154 154 154 154 154 154 93 108 154 93 154 154
93 201 125 93 125 93 93 93 93 93 93 201
93 172 93 223 235 154 283 154 235 154 93 93 154 10 201 172 10 279 235 172
154 154 154 154 154 154 247 154 154 154 154 154 154 154 154
93 93 93 211 154 154 93 154 154 154 154 318 154 223 154 172 154 93 154 2 211 2 93 154 279 154 138 154
359 359 359 359 359 359 359 359 359 359 359 359 359 359 359
247 154 223 247 154 154 223 304 154 247 247 154 154 223 154 154 247 247
187 187 187 93 211 187 187 138 138 93 93 187 271 319 319 271 319
234 10 235 235 10 10 10 10 10 319 10 319 10 319 10 10 10 319 235 10 10 10 10
154 185 319 154 154 319 154 319 154 154 319 154
187 154 255 187 255 255 234 185 187 185 255 255
377 187 201 187 235 235 187 201 187 215 187 201
281 281 281 281 281 281 281 281 281 281 281 281
255 223 223 223 255 255 255 255 223 93 93 223
93 154 355 10 154 93 10 172 93 319 154 10 35 235 93 93 207 93 201 201 268 268 20 154 93 108 154 154 235 93 154 10 93 235 10
319 255 255 255 319 271 255 255 319 255 255 255 255 271
223 223 223 154 41 154 154 281 281 154 154 223 223 281 281 281 154 154 281 281 223 281 154 281 162 223 281 154 154 154 154 230 281 223 154
10 93 176 10 10 10 10 319 319 10 10 10 93
154 154 235 235 185 154 154 196 319 154 154 235 319 319
154 93 154 154 108 154 93 93 162 10 93 154 154 265 10 93 35 10 10
52 10 223 223 252 223 355 223 10 154 154 10 10 154 20 223 223 125 10 10 154 223 154 146 146 154 154 223 10
187 93 10 10 187 10 319 93 93 20 20 10 319 187 93 10 10 319 319 93 187 319 93 10 10 10 319 10 319 10 10 187 187 319 187 350 187 10
359 359 359 359 359 359 359 359 359 359 359 359 359 359 359
319 10 93 93 319 93 93 319 93 93 201 10 10 10 319 10
281 281 281 281 281 281 281 281 281 281 281 281
235 10 283 93 187 185 327 10 193 234 268 10 20 255 255 268 234 187 162 10 93 283 108
176 10 93 10 10 93 93 93 10 93 10 93
359 359 359 359 359 359 359 359 359 359 359 359 359 359 359
93 319 154 319 20 154 10 10 93 10 187 319 10 187 154 319 154 10 154 93 93 319 93 10 10 154 10 93 319 107 93 154 10 154 93 10 187 10 10 154 108 93 20 154 93 154 187 108 93 319 187 10 10 93 187 93 154 10 187 10 10 154 187 319 93 154 93 93 10
93 93 93 93 93 93 93 196 93 93 93 93 93
93 154 319 154 93 93 319 255 154 10 154 10 154 10 93 93 319 10 93 93 93 335 319 10 93 10 217 10 93 10 10
319 223 247 223 223 223 319 223 319 319 223 223 223 223
43 319 43 134 319 43 162 324 178 43 43 26 93 169 167 281 281 130 43 169 43 93 255 91 43 319 43 58 414 43 281 255 123 43 93 137 281 305 43 281 43 305 199 43 93 255 81 81 152 414 281 114 43 440 281 117 81 9 93 93 260 43 106 43
10 10 93 93 176 10 93 10 10 93 93 93
43 43 43 43 43 43 43 43 43 43 43 43 43 43 43 43 43 43
112 112 43 124 43 112 43 43 112 43 43 68 112 112 112 43 192 192 192 192 112 112 43 112 192 192 136 112 83 192 43
281 281 307 10 281 281 281 10 281 10 281 281 10 10 281 281 281
230 10 20 223 261 10 10 10 223 223 223 223 223 223 223
314 371 255 187 187 255 347 147 427 347 255 430 154 93 306 443 347 255 386 347 255 255 347 255 129 314 255 255 312 436 347 255 347 354 160 255 154 187
154 196 10 187 154 154 154 10 154 154 10 154 154 154 187 154 172 154 196 10 187 10 187 187 154 154 187 345
319 319 319 319 319 319 319 319 319 319 319 319 319 319 319 319 172
154 154 154 319 319 154 319 185 154 154 154 319
319 319 319 35 187 10 10 319 10 319 319 10 319 319 319 319 10
368 323 305 368 255 335 305 368 272 281 281 305 368 368 255 255 368
93 93 93 154 154 93 154 154 154 223 154 93 154 93
93 138 172 93 223 223 154 223 154 154 154 93
223 10 10 234 223 265 10 223 93 223 223 234 265 223
154 10 154 10 154 201 10 10 154 154 154 154 10
359 359 359 359 359 359 359 359 359 359 359 359 359 359 359
43 43 43 43 43 93 43 43 43 43 43 43 93 93 43 43 93 43 43 79 93 43 43 93
281 281 281 319 298 281 281 319 298 281 281 281 319 281 281
312 255 255 187 255 187 312 312 187 318 255 312 10 187 255 52 312 187 255 255 187 312 312 255 312 312 187 83 187 265 255 312 10 312 10 10
93 187 187 93 319 93 187 93 187 187 187 93 187 319 93 319 319 187 267
312 347 312 347 347 347 347 312 255 347 347 312 347 255 347
24 24 24 24 24 24 24 24 24 24 24 24 24 24 24 24 24
112 112 112 112 112 112 112 112 112 112 112 112 112 112 112 112 112 112 112 112
187 235 235 187 235 187 187 187 187 187 187 201
255 187 255 187 187 255 255 255 187 255 255 327 187 255 187 187 255 187 255
281 281 281 281 281 281 281 281 281 281 281 281
10 154 154 272 154 154 154 154 10 154 154 154 201 154 10 154 154 154 10
281 281 281 281 281 281 281 281 281 281 281 281
43 29 24 145 43 82 44 24 43 154 24 82 184 64 188 89 69 43 43 188 43 388 24 297 43 24 24 43 73 184 69 43 154 43 45
93 319 211 154 154 232 319 232 154 93 154 93 232
93 261 154 154 93 20 93 10 154 154 154 108 10 154 93 10 10 93 154
10 319 319 319 10 10 319 10 10 10 10 207 10 319 319 10 10 319 319
235 93 93 93 93 10 10 10 235 187 235 93 10 93 10
281 281 281 281 281 281 281 281 281 281 281 281
10 10 93 93 93 93 319 10 93 10 10 239 10 93 176 93 10 319
234 154 154 154 154 234 154 154 154 154 234 234
93 10 10 93 93 10 93 181 10 108 20 93
10 10 154 320 154 356 10 10 10 172 143 343 154 10 10 10 154 10 319 10 10 10 10 10 21 10 10 154 10 11 224 10 154
181 93 93 181 181 108 154 181 93 93 154 319 319 265 342 93 93 319 181
154 154 286 350 187 187 165 232 223 187 187 187 223 223 187 154 187 223 223 154 223 223 154 187
201 154 10 154 10 10 154 10 201 154 154 154
211 252 154 211 10 10 10 154 211 93 10 93 154 10 154 93
93 154 93 10 93 154 154 20 10 93 138 154 93 93 93 52 353 93 319 108 154 154 143 93 319 93 108 154 319 10 93 93 93 154
93 282 319 342 93 319 342 187 319 187 319 319 187 187 93 93 93 319 187 93 187 187 187
93 154 154 93 10 93 10 257 154 10 93 154 93 10 154 176 154 154
93 10 93 10 93 93 93 93 176 10 10 10
146 10 202 93 93 10 10 10 10 93 10 10 212 10 10 10 93 93 377 10 154 93 10 355 154 90 185 10 154 146 154 10 154 10 10 10 10 10 319 10 381 10 77 10 235 10 146 10 378 154 10 93 10 235 10 93 154 10
359 359 359 359 359 359 359 359 359 359 359 359 359 359 359
10 93 10 93 10 10 10 10 93 10 10 93 93 93 255 10 10 10 10 10 10 10
24 24 24 24 24 24 223 24 223 223 223 24 24 223 24 223 24 24 24 24 223 88 223 24 24 223
281 281 281 281 281 281 281 281 281 281 281 281
10 154 154 10 235 10 154 10 235 154 154 154 235 154 154 10 154 10 10 10 154 154 154 307 154 10 10 154
281 281 281 281 281 281 281 281 281 281 281 281
154 10 10 154 154 201 201 10 154 154 10 154
10 187 154 261 187 255 154 255 162 279 187 154 255 187 255 255 223 154 154 162 187 154 154 154 257 187 154 154 187 20 279 261 201 154 279 10 255 187 154 98 255 154 172 10
154 154 154 154 243 154 154 154 243 154 243 154 154
154 235 154 319 154 154 154 154 319 235 272 342 154 154 154 154 319 154 162 154 172
10 93 35 10 93 154 10 93 108 154 154 93 154 267 162 108 162 154 10
319 319 10 319 10 10 319 165 10 235 235 10 268 342 235
226 154 223 154 154 217 217 10 217 10 217 93 187 154 154 93 154 223 93 223 360 70 154 418 413 319 154 284 377 319 154 10 217 223 93 284 93 10 10 217 154 319 271
10 93 319 93 93 10 93 10 319 181 108 93 10 10 10 52 93 10 319 319 93 93 125 286 93 10
146 154 10 10 154 10 319 319 20 319 319 319 154 10 154 154 154 319 10 10 319 10 319 305 10 20 10 10 154 10
211 312 372 312 312 312 312 312 372 187 187 211 187 312 341 312 372 211 312
342 342 223 223 325 319 223 319 223 319 342 223 319 93 93 93 252 319 223 93 319 223 342 93 108 319 223
223 342 319 319 223 223 223 342 319 223 319 319 319 281 319 319 223 223 319 223 223 319
235 93 319 319 319 93 93 235 172 93 235 93 93 319
43 43 43 43 43 43 43 43 43 43 43 43 43 43 43 43 43 43
10 187 10 10 10 187 10 10 265 10 10 187 10 187 187 187 10 187 187
349 93 93 154 172 10 154 154 93 93 172 154 93 154 154 93 10 93 93 93 93 10 10 93 154 154 93 154 154 154 52 154
232 187 232 10 187 187 187 10 10 187 187 187 10
10 154 319 10 154 154 10 319 10 235 10 235 10 154 154 10 10 319 319 10 235 319 282 154 154 319 319 319 10
93 319 93 10 201 93 10 93 93 319 319 10 10 201
43 43 43 154 154 43 43 43 43 43 90 43 43 154 43 43 43 43 43 154 43 90 154 154
187 319 187 187 319 187 319 187 215 187 319 187 187
24 24 24 24 24 24 24 24 24 24 24 24 24 24 24 24 24
43 43 43 43 43 43 43 43 43 43 43 43 43 43 43 43 43 43
93 93 10 93 93 93 10 10 93 176 10 10
93 154 154 290 93 154 154 138 154 93 154 93 154 165 154 154 93 165 154 154 154
281 281 281 281 281 281 281 281 281 281 281 281
187 93 187 187 93 252 93 187 187 187 93 187 93 187 93
223 223 154 20 223 10 154 10 223 154 223 10 154 154 223 223 223 223 223 4 223 162 223 223 154 223 223 223 10 223 223
377 138 235 10 10 93 138 201 93 10 138 10 235 10 93
281 281 281 281 281 281 281 281 281 281 281 281
281 93 93 281 93 281 93 281 322 281 281 281 281 93 281 322 281
281 281 281 281 281 281 281 281 281 281 281 281
10 319 187 342 217 10 217 217 319 10 319 217 217 217 272 20 217 187 10
93 10 10 93 93 93 93 10 10 108 10 10 10 235 234 10 235 10 268 10
138 165 146 235 146 154 235 265 146 162 154 235 154 154 154 154 172 319 93
93 93 93 93 10 319 10 10 319 319 93 93 10 10 319 201
154 154 154 187 187 267 154 187 187 187 154 267 187 187 154
33 281 281 281 281 281 281 281 281 281 281 283 281 93 281 93 93 281 93 281 283 281 281 281 281 93 286 281 93
43 43 43 154 154 43 43 43 43 43 90 43 43 154 43 43 43 43 43 154 43 90 154 154
154 283 283 223 223 154 223 223 154 154 223 154 223 223 154 223
24 24 24 24 24 24 24 24 24 24 24 24 24 24 24 24 24
232 187 10 187 187 187 187 10 10 187 10 187 187 10
125 207 93 93 10 125 10 93 10 93 93 10 125 93
154 154 10 10 154 154 154 154 201 10 10 201
185 10 125 93 93 93 10 125 10 10 93 52
93 93 93 93 93 93 93 93 196 93 196 93
93 10 93 93 10 10 93 93 93 10 10 176
93 93 93 93 93 93 154 93 339 154 93 93 10 10 93 93 93 93 154 93 93 93 10 93 10 154 93 154 154 162 20
281 281 281 281 281 281 281 281 281 281 281 281
281 281 281 154 281 154 281 154 154 281 154 281 335 335 154 281 281 281
172 223 154 154 223 345 223 154 252 223 154 154 154 162 223 223 154 223 154 223 172 154 154 172
255 223 255 223 255 255 255 223 93 93 223 223
154 201 10 154 10 154 154 10 154 10 154 10 154
112 112 112 112 112 112 112 112 112 112 112 112 112 112 112 112 112 112 112 112
315 187 337 397 173 173 211 255 187 93 315 266 355 307 307 255 187 255 355
43 43 43 93 154 43 43 93 43 93 43 93 43 43 43 46 43 43 154 43 43 154 93 154 154 43 162 43 93 154 119
10 154 154 154 10 319 319 319 10 154 154 319 230 154 154 10 10
7 187 187 312 42 281 187 7 7 42 217 312 312 42 312 312 290 281 312 7 187 281 187 290
10 10 108 319 319 223 223 10 223 223 319 223 230 10 319 319 223 223 290 319 223 342
93 255 290 93 290 255 93 290 255 255 255 255 255 255 93
255 318 255 318 318 255 255 318 318 255 255 318 318 318
10 10 319 319 10 10 10 319 10 185 20 319 10 20 10
154 154 154 247 154 154 154 154 154 154 154 154 247 154
10 154 187 20 265 10 10 187 193 154 265 187 290 187 187 154 10 154 154
187 10 187 93 10 10 10 275 93 187 187 187 275 187 93 93 93 187
10 10 93 93 217 93 10 10 10 10 10 93 93 10 93 10 10
201 223 223 10 154 154 154 172 187 154 146 187 154 10 154 187 187 223 223 187 125 187 223 223 154 154 25 25 154 223 223 154 187 10
319 319 319 319 342 235 319 319 235 235 319 319 162 319 342 319
268 201 319 93 93 93 93 20 356 93 319 356 93 108 235
319 319 281 319 281 93 281 281 281 281 319 347 281 319 93 93 319 281 282 342 93 319 281 93 281 93
10 154 154 10 10 154 154 201 154 154 10 154 10
154 234 24 369 83 44 24 32 154 24 83 187 44 96 90 128 24 90 187 274 24 332 24 44 187 96
154 154 10 201 154 10 10 10 154 154 154 154 10
112 112 112 341 112 255 255 159 255 341 255 159 112 112 255 255 255 159 112 112 159 180 112 341 255 112 159 112 159 159 255 341 159 341 255
43 43 43 43 43 43 43 43 43 43 43 43 43 43 43 43 43 43
342 223 313 154 319 319 319 342 247 319 319 319 319 247 319 247 319 319 223 319 247 319 247 247 319 319 223
10 319 187 319 235 10 10 10 235 10 187 10 10 10 313 10 377 187 10 10 187 10 187 319 187 10 187 187 10 10
10 319 10 10 10 10 319 319 10 10 207 10 10 319 319 10 319 319 319
154 154 165 187 10 187 154 187 187 165 187 319 313 10 377 319 154 10 187 187 10 319 154 10 187
281 281 281 281 281 281 281 281 281 281 281 281
279 223 223 187 279 279 223 279 223 279 187 187 279
255 223 361 255 230 93 223 235 77 223 235 255 93 93 223 93 255 10 223 223 282 223 255 75 223 282 223 93 10 93 223 223 223 223 230 255 255 223 223 291
377 93 93 108 319 93 234 93 319 342 93 93 125 93 93 93 125
154 154 154 154 154 185 319 319 154 319 319 154
93 93 196 93 93 93 93 93 93 93 93 93 93
154 93 93 93 93 176 154 93 239 176 10 176 93 154 176
93 187 187 10 10 211 187 187 319 319 10 319 319 265 187 187 211 93
154 154 154 154 154 154 154 154 154 154 154 154 154 247 154
187 187 154 187 187 154 267 187 154 187 154 267 154 154 187
10 187 187 10 10 187 187 187 187 10 187 10 187 232
10 235 10 93 10 93 319 319 93 93 93 10 93 235 93 10 93 93 93 10 10 93 93 93 329 93 235 10 319 10 239 319 93 93
271 154 271 93 154 93 93 93 154 93 154 93 154 93 154 93 93 93
319 319 93 93 93 319 93 10 10 93 10 93 201 319 10 10
187 187 154 154 267 187 187 154 154 187 187 154 267 154 187
281 281 281 281 281 281 281 281 281 281 281 281
154 10 10 154 154 201 201 10 154 154 10 154
154 154 10 154 154 10 35 10 154 10 154 93 10 93 10 319 146 93 10 39 319 10 10 93 154 10 154 93 154 10 10 10 319 35 10 10 10 10 10 108 10 172 154 10 319 154 10 319 342 10 93 154 10 201 319 20
30 234 24 420 65 154 34 24 154 24 65 154 187 34 97 154 46 97 154 24 154 46 187 154 24 287 24 34 187 129
327 247 230 230 377 187 247 215 187 235 187 187 187 235 187 93 187 187 187 187 187 93
24 24 24 24 24 24 24 24 24 24 24 24 24 24 24 24 24
43 43 43 43 43 43 43 43 43 43 43 43 43 43 43 43 43 43
10 319 10 319 319 10 319 319 10 319 319 162 10 319
154 154 154 187 187 267 154 187 187 187 154 267 187 187 154
154 165 154 0 93 154 154 154 154 154 154 165 154 93 154 154 154 154 154 0 154 93 93 154 154 154 154 154 154 154 93
281 281 281 93 281 93 281 281 93 281 281 281 322 93 93 281 93 281
93 93 93 93 93 319 319 93 93 93 319 93 342 230 108 93 93
93 93 93 176 319 342 319 154 230 232 319 281 154 319 319 319 319 176 10 319 319 252
281 281 281 281 281 281 281 281 281 281 281 281
10 93 243 93 93 10 181 10 93 93 35 93 93 125 93 93 93
255 319 255 319 319 271 255 319 255 255 255 255 255 255 255
10 10 10 154 10 154 154 154 10 154 201 154 154
154 267 267 154 187 154 154 187 187 187 154 154 187 187 187
223 77 10 77 223 275 10 235 223 235 223 77 223 223 235 77 223 223 223
359 359 359 359 359 359 359 359 359 359 359 359 359 359 359
187 187 252 187 93 252 187 187 93 187 93 187 93 93
296 93 255 255 93 93 93 93 255 255 255 255 255 93 255 255 255
281 281 281 281 281 281 281 281 281 281 281 281
281 281 281 281 281 281 281 281 281 281 281 281
255 277 397 173 173 255 296 93 307 266 307 255 255 255 307
154 154 319 319 154 154 154 185 154 319 154 319
10 319 10 10 93 201 93 319 93 93 93 93 319 10 319 10
154 93 154 93 154 93 154 93 223 93 154 154 154 93
93 93 10 93 10 176 93 10 10 93 93 10
358 223 154 279 223 223 358 223 223 154 223 223 223 223 223 223 154 223 223 223 279 154
93 20 10 154 10 286 162 154 93 10 93 10 10 154 154 35 154 10 93 154 93 10 93 10
154 187 187 187 319 319 154 154 187 187 154 319 187 154 154 281 187 154 187 319
24 24 24 24 24 24 24 24 24 24 24 24 24 24 24 24 24
146 17 20 93 154 319 93 154 165 230 154 154 93 154 319 93 10 93 154 10 154 319 154 93 319 319 154 10 319 93 125 20 356 154 154 93 154 10 108 10 10 319 162 93 319 93
93 10 10 10 93 10 10 10 93 93 10 10 93 10 10 93 217
187 154 187 319 319 10 187 319 154 10 215 154 154 319
312 347 312 347 347 347 347 312 255 347 347 312 347 255 347
93 319 93 257 93 319 10 10 377 93 377 10 319 319 319 319 10 93 93 319 319 10 319 235 319
187 207 10 261 187 93 93 207 207 187 187 93 93 261 93
223 223 279 279 187 279 279 223 187 279 279 187 223
315 43 317 154 43 84 211 234 328 330 187 115 43 43 365 154 315 103 154 365 315 187 43 43 43 161 255 255 43 408 154 154 315 255 417 43 43 51 43 187 154 255 403 255 269 229 255 255 333 310 187 113 187 398 43 255 317 317 187 43
271 223 223 93 271 271 154 271 271 247 223 93 247
154 10 154 154 143 154 271 271 93 93 77 138 93 138 215 154 10
154 154 154 154 154 265 154 154 319 154 154 319 154 154 154 319 319 154 154
319 154 154 154 154 319 154 154 154 319 319 185
319 154 23 154 10 154 10 321 319 339 154 377 319 22 234 154 319 319 235 320 235 240 234 235 154 235 109 319 154 154 109
312 312 312 187 312 187 187 312 187 312 364 312 312 187 312 312 364 312 187 187
154 93 211 93 10 10 211 252 154 10 154 93 211 10 10 154
187 93 93 93 187 93 187 93 93 252 187 187 187 187 187
154 154 154 319 162 193 319 187 319 187 154 187 154 154 187 282 319 187 187 187
271 223 223 93 271 271 154 271 271 247 223 93 247
154 154 154 154 154 154 154 154 154 154 154 154 154 247 154
154 10 154 154 93 10 10 154 93 10 257 93 93 154 10 154 93 93 154
93 181 181 154 243 93 154 181 93 93 93 93 181 93 181
154 267 267 154 187 154 154 187 187 187 154 154 187 187 187
255 255 255 255 255 255 255 255 255 255 257 255 255 255 255 255 255 255 257 359 255
10 255 290 162 10 312 255 93 312 255 255 255 255 255 93 255 162
341 341 341 341 341 341 341 341 341 341 341 341 341 341
319 93 93 193 93 319 319 319 77 93 93 93 20 235 235
281 281 281 281 281 281 281 281 281 281 281 281
275 268 187 154 267 193 235 187 187 154 187 154 187 235 187 154 154 154
319 319 211 319 319 154 154 319 154 154 154 319 319 154 154 319
281 281 319 281 319 281 281 281 281 319 281 281 298 281 281 319
312 347 312 347 347 347 347 312 255 347 347 312 347 255 347
154 10 154 201 154 10 10 154 154 154 10 10 154
281 281 281 281 281 281 281 281 281 281 281 281
93 93 10 10 10 93 93 10 93 176 93 10
319 187 10 281 187 281 187 255 319 327 281 281 319 3 232 10 10 187 282 239 6 10 377 193 6 93 319 3 93 255 111 342 108 255 271 286 290 239 281 243 319
112 112 43 124 43 112 43 43 112 43 43 68 112 112 112 43 192 192 192 192 112 112 43 112 192 192 136 112 83 192 43
347 93 355 341 93 341 341 341 207 347 138 93 341 347 347 341 0 138 341 341
281 281 281 281 281 281 281 281 281 281 281 281
10 93 93 10 10 93 10 138 93 138 93 93 93 52 93 252 93 93
185 154 319 154 319 154 154 319 154 154 154 319
185 10 10 10 10 10 10 10 185 125 10 125
234 154 154 154 154 234 154 154 154 154 234 234
319 154 319 211 319 319 319 154 154 154 154 319 319 154 154 319
187 187 187 319 319 187 187 187 215 187 319 319 187
93 93 196 93 93 93 93 93 93 196 93 93
339 207 255 255 154 255 154 255 154 255 255 207 207 154 255 207 207 255 255 255
43 43 43 43 43 43 43 43 43 43 43 43 43 43 43 43 43 43
93 10 154 217 154 77 154 10 323 10 154 93 10 93 93 77 77 93 10 10 154 10 20 154 20 93 10 10 10
207 10 207 341 154 341 207 10 10 154 223 223 207 223 154 223 223 223 223 10 223 154
93 93 196 93 93 93 93 93 93 93 93 93 93
281 281 281 281 281 281 281 281 281 281 281 281
10 201 201 10 10 154 154 154 154 154 10 154
255 223 223 223 255 255 255 255 223 93 93 223
93 93 342 319 93 10 10 108 10 10 283 319 10 93 93 319 10 10 93 10 93 93 93 10 93 93 10
187 187 10 193 187 187 187 187 187 10 234 10 10 20
319 154 154 10 319 319 154 201 10 154 319 154 154 319 77 154 319 154 154 342 307 154 154 172 319 201
311 255 40 5 187 255 78 362 281 281 281 78 316 255 243 255 255 199 187 285 281 255 173 362 173 281 13 151 255 255 255 187 233 437 233 223 331 223 223 383 398 187 255 301 397 223 60 93 399 343 223 351 255 255 154
281 281 281 281 281 281 281 281 281 281 281 281
93 93 93 20 154 10 10 319 162 15 162 93 93 10 93 93 154 154 154 271 10 154 108 154 93 93 154 10 10 93 10 93 319 10 154 10 93 154 185 93 319 93 93 154
281 281 281 319 298 281 281 319 298 281 281 281 319 281 281
281 281 281 281 281 281 281 281 281 281 281 281
281 281 281 281 281 281 281 281 281 281 281 281
10 10 10 176 93 93 93 93 10 93 10 93
281 281 93 281 93 322 281 93 281 281 281 93 281 281 93 93 281 281
247 10 247 247 319 235 93 154 154 319 154 10 154 10 154 10 223 359 235 10 247 10 247 154 10 154 10 223 223 235 154 247 93
93 93 93 93 319 154 319 154 154 93 154 319 247 319 154 154 154 93
154 255 255 255 313 255 255 154 255 154 162 255 255 154 255 154 154 257
207 10 207 341 154 341 207 10 10 154 223 223 207 223 154 223 223 223 223 10 223 154
187 232 187 187 187 187 187 10 187 10 10 10 10 187
187 187 187 187 319 319 187 187 187 187 319 319 215
230 187 230 176 348 154 154 154 154 187 10 187 187 146 154 243 176 230 243 172 230 187 247
187 93 187 187 93 252 187 187 252 187 93 93 187 93
154 93 93 154 93 154 93 93 154 223 154 93 154 154
10 93 154 10 10 93 20 176 247 235 268 93 10 217 10 154 10 154 291 185 319 108 154 181 93 154 154 201 342 154 154 108 10 10 154 2 10 10
267 187 235 319 93 187 235 93 319 93 239 319 235 319 239 187 187 187 239
154 154 93 223 93 154 93 154 93 154 154 93 154 93
281 281 281 281 281 281 281 281 281 281 281 281
261 10 10 20 10 230 223 223 10 223 223 223 223 223 223
281 281 281 281 281 281 281 281 281 281 281 281
112 112 112 112 112 112 112 112 112 112 112 112 112 112 112 112 112 112 112 112
359 359 359 319 373 319 359 319 359 359 359 359 359 319 359 359 359 359 359
43 43 43 43 43 43 43 43 43 43 43 43 43 43 43 43 43 43
187 125 187 377 108 187 319 187 187 319 93 187 342 319 93 319 187 187 319 319 93 125 286
93 93 319 319 319 319 93 93 93 319 319 319 319 342 215 319 108 319 319
223 10 10 234 223 265 10 223 93 223 223 234 265 223
176 93 93 10 93 10 93 10 10 93 93 10
93 93 154 93 154 93 154 93 154 223 154 154 154 93
286 93 281 281 281 93 93 187 281 281 93 196 281 187 93 281 93 281 187 187 187 281 196 281 187 0
154 43 43 262 24 302 154 200 24 340 187 295 187 255 255 154 281 393 255 24 295 43 255 177 255 255 154 389 187 187 255 142 24 228 157 407 80 255 432 255 255 255 305 256 24 379 255 43 154 187 43 170 431 24 281 366 43 154 255 255 187 179 154 187 80 43 276 164 255 154 380 187 409 168 154 360 62 255 140 255 255 255 255 255
187 93 93 187 93 187 187 187 93 187 187 187 93 252 93
154 10 154 154 10 235 154 235 10 187 10 243 187 10 235 10 10 187
319 10 187 187 154 235 154 235 20 154 361 93 10 342 235 93 154 342 267 93 235 125 193 319 154 10 20 93 187 187 193 187 154 319 268 93
267 187 187 154 187 187 154 187 187 154 154 187 154 154 187 154
255 255 265 235 255 235 255 255 255 255 255 255 255 235
10 223 10 93 272 223 93 10 223 234 154 223 279 93 305 223 138 223 10
43 43 43 43 43 43 43 43 43 43 43 43 43 43 43 43 43 43
43 43 43 43 43 43 43 43 43 43 43 43 43 43 43 43 43 43
319 255 10 255 10 298 255 319 10 255 255 255 255 319 255 10 255 10 319 255
10 10 10 304 10 235 143 10 10 10 93 10 10 10 319 93 444 93 10 235 235 10 10 319 10 10 10 319 319 93 93 93 143
235 10 93 10 93 93 10 10 93 93 10 235 93 252 93 93 93 93 235 93 93
154 230 176 10 93 138 223 377 93 10 319 10 116 20 10 10 10 10 93 154 10 235 10 235 10 10 10 138 10 235 138 215 10 93 93 10 93 235 10 93 10 235 10 20 319 235 319 93 255 10 10 10 10 10 319 93 10 217 10 93 10 196 10 10 215 10 235 235 10 52 377 319
319 215 138 165 187 93 187 319 93 172 93 187 93 187 165 187 355 319 154 93 187 125 93 215 146 187 93 187 125
187 281 187 281 281 347 281 281 281 281 347 187 187 187 281 187 281 281 187
154 319 319 154 319 185 154 154 319 154 154 154
93 93 319 93 10 201 93 10 93 10 10 319 10 319 10 10 10 10 243
10 154 154 10 154 10 201 10 154 10 154 154 154
10 93 93 10 108 93 10 356 319 93 215 93 52 20 356 319
24 112 112 54 197 24 281 43 24 255 341 158 112 255 100 434 43 43 223 255 24 288 363 223 406 112 293 43 24 341 223 255 405 93 10 154 43 24 395 10 384 43 255 281 255 255 150 223 231 255 390 367 255 10 309 43 191 24 158 24 223 223 43 223 10 158 423 341 43 223 112 24 24 24 24 24 43 27 10 281 281 154 438 255 255 156 24 281 201 172 191 428 281 43 10 405 258 24 429 387 120 24 112 223 341 412 93 334 223 24 158 24 384 255 223 281 112 99 402 43 14 223 93 49 223 43 24 191 433 43 93 198 255 223 255 405
281 281 281 281 281 281 281 281 281 281 281 281
16 318 329 361 361 283 255 255 255 255 255 329 255 329 318 255 255 255 255 255 318 318
281 281 281 281 281 281 281 281 281 281 281 281
283 281 281 93 187 281 234 223 187 223 281 223 281 223 93 74 187 93 10 234 10 223 187 187 10 93 74 93 281 281 281 10 223 211 281 196
281 24 24 24 24 281 24 24 24 281 24 24 24 281 281 24 24 24 281 121 24 281 281 281 24 281 281 24
93 247 93 223 234 154 223 279 223 279 138 93 223 223 223
239 154 108 10 93 239 154 154 319 93 196 93 93 93 93 93 93 93 187 319 154 93 319 108 162 319 93 339
10 235 10 52 10 10 235 10 10 10 10 165 10
223 154 223 154 154 154 154 223 154 154 223 223 223 154 154 223 341 154 154 223 154 154 154 223
112 112 422 143 139 43 341 43 24 394 112 43 411 294 43 24 43 43 24 411 391 385 341 158 112 43 43 71 143 112 43 410 158 396 424 43 43 24 189 392 189 93 24 158 112 43 43 24 10 112 85 299 439 189 221 43 93 158 43 341 220 118 270 341 143 61
281 281 281 281 281 281 281 281 281 281 281 281
112 112 131 341 43 255 374 394 112 43 292 281 281 281 43 104 341 158 112 303 281 255 255 112 425 158 435 281 43 259 43 135 135 175 158 112 43 255 43 48 222 135 259 43 158 43 112 341 43 401 259 341 308 255 255
281 281 281 281 281 281 281 281 281 281 281 281
312 347 312 347 347 347 347 312 255 347 347 312 347 255 347
154 154 154 154 319 185 154 319 319 319 154 154
187 187 187 93 211 187 187 138 138 93 93 187 271 319 319 271 319
154 154 201 154 10 10 154 10 10 201 154 154
10 255 10 279 255 255 255 279 255 279 255 255 255 10
43 43 43 43 43 43 43 43 43 43 43 43 43 43 43 43 43 43
10 93 235 10 235 93 93 93 10 93 93 10 93 93 108 108 10 253 235 93 93
112 112 112 112 112 112 112 112 112 112 112 112 112 112 112 112 112 112 112 112
93 154 20 10 10 319 230 252 232 176 319 10 154 93 10 176 10 93 275
20 207 10 154 10 154 10 154 162 154 154 154 10
10 10 223 223 52 232 223 223 232 10 10 223 223 265 223
93 93 93 93 93 93 10 239 10 93 93 10 10 10 93 93 93 93
265 187 187 187 187 312 187 234 234 234 187 187 265 187 234 187 234
10 93 319 154 230 275 10 176 211 10 319 176 230 154 10 10 319 93 93 10 319
101 43 154 70 43 56 225 70 154 154 101 43 43 43 154 203 43 43 53 56 43 43 43 43
187 341 341 187 341 187 341 341 187 187 341 187 341 341 187 341 341 341 341 7 341 187
319 154 187 319 154 154 319 281 319 93 187 319 319 187 10 93 93 319 10 93 319 154 93 93
93 93 232 93 93 356 93 319 93 93 138 196 93 356 319 93
279 223 223 187 279 279 223 279 223 279 187 187 279
10 281 255 255 255 255 10 255 255 10 255 10 255 255 10 255
93 162 10 154 93 20 217 10 154 10 10 10 154 10 93 93 10 217 10 10 282 154
239 187 93 239 187 93 239 239 93 187 187 187
10 281 187 281 57 10 93 187 185 281 283 281 20 281 125 187 10 187 234 255 255 234 283 281 187 187 162 281 281 187 281 10 187 187 93 83 187
281 281 281 281 281 281 281 281 281 281 281 281
93 138 172 93 223 223 154 223 154 154 154 93
281 281 255 255 255 255 281 0 281 255 255 281 281 255 281 281 255 255 281 255 281 281
154 10 10 154 10 243 10 10 154 10 10 154 154 10 154 10 10 154
319 10 319 319 319 319 10 162 319 10 319 10 10 319
93 108 10 93 20 181 10 93 10 93 10 93
281 281 281 281 281 281 281 281 281 281 281 281
281 281 281 282 344 93 281 10 10 281 10 93 93 10 281 281 281 281 93 10 108 281 93
37 24 24 24 24 24 10 24 24 24 24 24 24 24 10 24 24 10 10 10 24 24
154 154 154 275 154 10 10 20 154 154 154 10 10 154 154 154 154 154 154 162
112 112 112 112 112 112 112 112 112 112 112 112 112 112 112 112 112 112 112 112
281 281 281 281 281 281 281 281 281 281 281 281
10 10 10 10 10 165 10 10 235 10 10 235 235 10
319 235 319 10 235 10 319 143 10 10 319 10 235
93 10 235 93 93 235 93 235 10 10 93 187 93 10 10
187 93 187 93 187 187 247 93 93 247 187 247 187
20 319 10 235 10 10 319 10 223 235 319 10 319 319 235 10 10 10 342 10 319 319
10 319 319 319 143 235 10 235 10 235 10 10 319
93 10 319 93 93 10 10 93 93 10 93 286 93 93 35 10 93 10 377 319 93 319 10 93 93 35 10
93 319 319 319 93 93 93 93 319 319 319 185 319 93 319
93 176 10 93 10 93 93 10 10 93 93 10
10 10 165 10 10 235 235 10 10 10 10 235 10 10
319 319 10 235 319 10 235 235 235 10 235 10 10 235 319 162
204 204 204 204 204 204 204 204 204 204 204 204 204 204 204 204 204 204 204 204 204 204 204 204 204 204 204
319 10 235 77 10 319 319 319 331 93 319 93 93 319 93 235 10 319 93 93 377 10 52 319 319 10 93 93 268 93 10 93 10 319 10 319 93 93
93 235 93 235 93 235 235 235 235 185 93 235 235 235 235 93 235 235 93
204 10 93 204 204 10 204 10 204 319 204 10 93 204 204 204 204 204 204 227 10 204 10 204 204 93 93 10 204 204 204 204 204 319 93 204 342 235 93 319 10 204 204 235 204 205 235 204 10 10
281 281 281 281 281 281 281 281 281 281 281 281
359 359 359 359 359 359 359 359 359 359 359 359 359 359 359
319 319 319 10 319 235 319 319 319 319 10 319 10 201 235 10 235 319 319 10 319
154 93 138 93 93 93 165 165 235 93 10 154 93 93 268 93 154 93 93 93 10 93 10 10 10 10 154 10 93 93 10 162 93 93 361 10 93 10 235
319 10 235 143 10 235 10 10 319 235 319 10 319
319 319 319 319 235 319 235 319 319 319 235 93
10 10 93 10 10 10 10 10 10 10 257 10 93 10 10 10 10 108 93 93 20 93
93 235 235 93 93 235 10 93 93 319 10 93 235 10 319 10 93 93 93 93 235 10 319 235 93 319 93 272
154 154 162 154 319 162 154 319 154 154 267 154 154 154 319 154 319 154 154
237 237 237 237 237 237 237 237 237 237 237 237 237 237 237 237 237 237 237 237 237 237 237 237 237 237 237 237 237 237
359 359 359 359 359 359 359 359 359 359 359 359 359 359 359
10 93 10 319 93 93 319 93 108 10 93 201 10 319 93
10 10 93 93 108 10 201 93 10 93 319 93 319 93 319
154 93 93 154 10 201 10 93 154 93 154 93 93 300 10 93 20 93 10 154 93 93 154 154
154 185 154 154 319 154 154 319 319 154 154 319
235 319 319 165 10 235 235 235 235 319 235 10 10 342 20 10
93 10 93 10 176 93 93 10 93 10 10 93
154 10 10 154 154 201 154 154 10 154 10 201
10 10 93 10 93 10 10 93 176 93 93 93
223 223 223 269 223 93 93 223 93 269 223 223 93 269
312 312 312 312 312 312 312 312 312 312 312 312 312
154 154 235 154 154 185 235 235 154 154 154 235 235 235
223 154 154 154 223 283 154 223 223 223 154 283 223 223 223 154
319 10 319 319 10 319 162 319 108 319 10 319 10
93 185 185 185 319 319 93 93 93 319 93 211 93 319
237 237 237 237 237 237 237 237 237 237 237 237 237 237 237 237 237 237 237 237 237 237 237 237 237 237 237 237 237 237
10 10 10 10 144 10 10 10 10 10 154 10 144
10 10 319 10 235 235 319 10 10 10 235 10 272 10 10 10 10 10 10 10 235 10 10 319 235 10 10 319 10 235 10
187 93 187 93 187 187 247 93 93 247 187 247 187
223 223 223 223 223 319 223 319 223 223 247 223 319 319
93 154 93 154 93 154 154 223 154 93 154 93 154 93
235 10 10 235 319 319 319 162 10 10 235 10 319 235 235 235
223 223 319 223 223 319 319 319 223 223 223 223 223 247
10 93 93 10 93 10 10 93 93 176 10 93
10 10 235 235 108 10 235 10 235 235 10 235
319 235 319 319 10 10 10 10 10 235 10 10 235 10 10 193 319 10
204 204 204 204 204 204 204 204 204 204 204 204 204 204 204 204 204 204 204 204 204 204 204 204 204 204 204
10 10 154 10 154 10 10 154 154 154 154 201 154
10 10 247 10 154 10 154 154 154 162 10 10 10 10 154 154 154
93 10 10 235 10 235 93 93 93 10 93 10 235 93 252 93 93 93 93 93 93
154 154 154 319 319 154 185 319 154 286 154 154 154 154 154 10 154 10 10 154 154 10 10
235 10 10 235 10 10 10 10 10 10 235 165 10 10
20 93 319 93 235 235 232 93 235 10 108 10 10 93 268 235 93 319 93 235 319
237 237 237 237 237 237 237 237 237 237 237 237 237 237 237 237 237 237 237 237 237 237 237 237 237 237 237 237 237 237
146 93 291 10 319 235 235 211 235 235 93 319 93 10 235 10 10 10
93 319 93 93 93 93 93 10 319 93 93 319 10 10 10 93 319 93 10 93 319 93 319 319 319 272
10 204 204 10 204 204 204 204 204 204 209 204 204 204 204 204 204 204 204 10 204 204 204 204 204 204 204 10 204 204 204 10
359 359 359 359 359 359 359 359 359 359 359 359 359 359 359
10 187 187 10 93 187 187 187 10 319 187 319 319 93 187 10 93 10 93 187 290 319 93 93
359 359 359 359 223 223 223 359 223 223 359 33 359 359 359 223 223 223 359 359 359 359 223 359
93 93 93 93 93 93 93 93 93 93 93 196 93
235 319 319 319 319 235 319 319 319 93 319 235
187 187 187 319 187 187 215 187 187 187 319 319 319
235 235 235 235 235 235 138 319 235 235 235 235 235 235 235 235 235 235
10 10 154 223 10 154 223 223 223 154 10 223 223 223 10 154 10 10 154 223 10 154 10 10 10 10 223 10 10 373 10 154 10 10 10 10 10
319 187 187 187 187 215 187 187 319 187 187 319 319
319 10 10 319 319 319 162 319 319 319 319 10 10 10
319 154 319 154 319 154 154 319 319 234 154 319 319 154 319 319 319 319 319 154
10 319 10 181 10 10 319 10 10 319 319 10 10 10 10
10 230 154 319 10 319 154 10 10 154 154 319 319 154 154 154 10
319 319 319 319 319 319 319 319 319 319 319 319 319 319 319 172 319
93 10 93 10 93 10 217 10 10 10 93 10 93 10 10 93 10
154 235 319 154 319 235 154 281 154 319 10 319 319 319 154 319 10 319 319 235 154 235 319 235 10 235 319 319 10 10 154
10 10 10 10 93 10 93 10 93 217 93 10 10 93 93 10 10
93 319 201 10 319 10 93 319 93 93 10 319 93 10 93 10
201 154 10 10 154 154 10 154 154 10 10 154 154
93 93 223 271 93 93 230 93 93 108 223 313 223 93 93 93 93 223 223 223 223
237 237 246 237 237 237 237 237 237 237 237 237 237 237 237 154 237 237 154 237 154 237 237 237 237 246 154 237 237 237 154 237 154 237 237 237
93 154 261 93 35 93 10 154 93 154 154 154 10 261 125 154 10
237 237 237 237 237 237 237 237 237 237 237 237 237 237 237 237 237 237 237 237 237 237 237 237 237 237 237 237 237 237
255 255 319 255 255 319 271 255 319 255 255 319 255 255 255
319 235 10 319 187 235 319 10 319 319 10 235 319 235 235 10 235 10 319 319
281 281 281 281 281 281 281 281 281 281 281 281
10 235 235 10 235 319 10 319 319 143 10 10 319
10 10 312 93 10 77 10 235 10 10 93 268 10 235 235 35 10 93 10 35 10 10 144 10 268 93 194 93 10 10 10 93 10 235 10
234 223 223 223 223 234 223 377 235 235 144 234 144 223 252
93 10 235 10 93 235 93 10 10 10 93 93 235 93 187
93 93 93 93 93 93 93 223 93 93 319 93 319 319 93 319 93
204 319 204 187 204 204 204 204 204 204 215 204 204 204 204 205 204 187 187 187 204 204 204 204 204 204 204 235 187 319 204 235 204 204 204 218 187 204 10 187
215 10 154 154 154 235 10 154 235 154 10 154 10 235 154 10
281 281 281 281 281 281 281 281 281 281 281 281
319 319 223 154 304 283 319 154 283 223 247 283 247 319 154 223 154 283
93 93 10 10 93 93 10 10 176 93 93 10
319 319 319 154 342 162 154 319 154 319 215 154 319 319 154 154
10 10 319 319 319 10 10 319 207 10 10 10 319 10 319 10 319 10 319
93 93 93 93 93 93 93 93 93 93 93 93 196
204 204 204 204 204 319 204 204 204 204 204 204 204 204 204 204 319 319 204 208 204 204 204 204 204 204 204 204 204 204 319
143 319 319 10 235 10 319 319 10 10 235 235 10
154 154 10 154 201 10 154 154 154 10 10 10 154
347 281 187 281 281 281 187 187 187 281 281 187 187 281 281 187 281 281 187 281
10 93 176 93 93 93 93 10 93 10 10 10
319 319 319 319 319 319 319 138 319 319 319 319 319
319 319 319 319 319 138 319 319 319 319 319 319 319
176 93 93 93 93 93 10 10 10 93 10 10
319 93 154 154 319 154 154 154 93 93 93 319 319 154 93 93 154 247
93 93 319 235 319 235 172 235 319 93 93 93 93 319
319 93 319 319 235 10 235 235 235 10 235 93 235 93 10 239 93 235 10 235 10 93 319 93 235
93 319 93 154 93 93 235 235 235 93 235 93
215 319 319 235 10 319 235 235 10 235 235 319 235 319 10 319 319 10 319 319 10 319 319 319
10 154 283 20 154 230 223 154 223 10 154 315 154 154 223 10 223 223 10 223 223
223 223 223 223 271 223 93 93 223 93 223 93 223 93 223 93
237 237 237 237 237 237 237 237 237 237 237 237 237 237 237 237 237 237 237 237 237 237 237 237 237 237 237 237 237 237
10 319 10 10 10 319 10 10 10 10 235 319 10 193 235 10 319 235
176 10 93 319 93 10 319 93 319 93 319 201 10 93 10
235 235 235 93 93 235 93 154 93 235 93 93 235
204 204 204 204 204 204 204 204 204 204 204 204 204 204 204 204 204 204 204 204 204 204 204 204 204 204 204
319 93 93 319 319 319 93 93 267 319 319 93 93 201 319 319 93 342 93 319 319 93 319 93
319 319 319 319 319 319 93 235 235 319 235 319
144 319 377 319 319 377 319 319 144 319 377 108
234 154 223 247 235 223 154 223 193 223 223 291 283 223 283 234 154 3 235 235 223 235 247 298 283 234 223 223
235 235 319 319 319 93 319 319 319 319 319 235
93 10 93 93 93 10 10 176 93 10 10 93
93 93 93 93 154 154 154 217 154 154 217 217
10 10 10 181 10 319 319 181 319 10 10 10 10
237 237 237 237 237 237 237 237 237 237 237 237 237 237 237 237 237 237 237 237 237 237 237 237 237 237 237 237 237 237
10 10 10 10 93 235 93 10 235 93 10 10 93 235 10 93 93 10 10 232
319 319 319 319 319 319 319 138 319 319 319 319 319
181 10 20 93 10 108 10 10 93 93 93 93
319 154 319 319 185 154 154 154 319 154 154 154
312 312 312 312 312 312 312 312 312 312 312 312 312
10 10 10 235 319 93 187 235 235 154 235 187 235 10 10 319 10 154 319 187 10 108 235 187 187 319 10 187 93 10 154 154 187 6 154 108 187 93 342 154 319 342 10 93 319 165
93 319 319 319 93 223 93 93 93 93 93 93 93 93 319 93 93
204 204 204 204 204 204 204 204 204 204 204 204 204 204 204 204 204 204 204 204 204 204 204 204 204 204 204
144 10 319 319 144 10 125 319 10 319 10 10
108 230 319 319 93 319 93 93 108 93 93 93 319 93 93 93 93
319 319 154 154 319 255 319 154 35 154 377 10 154 10 10 319 319 154 319 35 154
237 237 237 207 237 10 154 154 237 237 237 237 237 237 237 237 154 154 154 237 237 237 251 237 237 237 237 237 10 10 237 237 237 165 237 237 35 237 237 237 237
187 10 319 10 10 319 319 319 319 10 319 319 319 319 319 319 10 319
10 154 154 10 154 319 319 319 10 319 319 10 10 319 10 154 10 10 154 319 10 319 319 319 319 290 154 319 10 154
93 10 93 10 10 93 176 10 10 93 93 93
10 235 154 319 154 35 162 154 10 319 10 154 223 2 20 235 235 283 230 10 235 154 10 319 223 10 154 10 10 10 223 235 223 10 235 223 108 223 223
154 154 319 319 10 10 296 93 319 185 154 10 93 165 10 319 154 10 319 93 93 93 165 319 172
20 319 319 10 319 165 319 342 319 10 10 319 10 319
154 154 154 154 283 93 154 154 283 93 154 93 154 93 93 154 154 154 154
204 237 237 237 326 237 237 204 237 237 204 237 237 237 204 204 237 204 204 237 204 204 204 204 204 237 326 204 204 237 237 237 204 237 204 237 204 237 204 204 237 237 237 204 204 237 204 237 204 237 204 237 237 204 237
10 319 20 10 342 319 10 319 165 319 10 319 319 319
204 204 204 204 204 204 204 204 204 204 204 204 204 204 204 204 204 204 204 204 204 204 204 204 204 204 204
93 93 319 319 319 185 93 319 319 35 319 93 93 93
207 10 10 319 319 319 319 10 10 10 10 319 10 10 10 319 10 319 319
187 187 187 187 247 10 235 187 10 187 187 10 187 268 20 235 10
10 319 10 10 319 235 10 235 319 143 10 319 235
162 319 319 10 319 319 10 319 10 10 319 10 319 319
93 93 187 252 187 187 187 187 93 187 93 93 187 187 93
93 93 154 154 93 93 93 319 93 319 93 93 223 93 93
93 93 93 93 93 196 93 93 196 93 93 93
215 187 319 187 187 187 319 319 319 187 187 187 187
342 154 154 319 10 20 10 154 319 232 319 154 10 154 154 10 154
204 204 204 204 204 204 204 204 204 204 204 204 204 204 204 204 204 204 204 204 204 204 204 204 204 204 204
319 10 10 10 154 196 10 10 10 319 342 10 10 196 196 10 162 319 108 196 342 319 93 154 10 331 10 10 10 319 319 35 10
267 187 319 187 93 187 187 93 319 187 319 93 187 93 187 93 154 187
10 187 187 187 234 193 10 187 20 187 10 10 187 187
10 10 10 10 93 193 93 10 10 10 146 93 10 10 341 10 10 93 10 10 10 10 10 172 10 232 93 93 10 93 10 10 10
93 93 143 10 93 93 143 93 10 215 93 10 10 10 10
108 10 10 93 20 93 93 10 10 93 10 10 93 93 93 93 10 93 93 10 93 1 10 10 93 93 10 93 93 93 93 10 10 176 10 93 93 93 10 176 10 10 93
319 319 154 154 154 154 319 319 154 154 154 185
235 235 235 235 268 268 235 235 235 319 319 235 235 235 235 268 319 235 235 235 268 319 144 235 235 235 235 144 223 235 235 235 235 235
319 377 319 165 235 10 319 154 154 319 93 93 10 319 154 93 154 154 165 10 235 319 319 319 319 319 318 10 93 93 319 235 10 93
204 204 204 204 204 204 204 204 204 204 204 204 204 204 204 204 204 204 204 204 204 204 204 204 204 204 204
93 235 10 10 235 93 10 10 235 93 10 187 93 93 93
93 10 138 93 235 10 154 93 235 154 348 143 10 93 154 10 154 138 193 10 93 93 93 10 235 93 10 35 165 235 268 154 10 10 235 138
10 272 93 319 93 154 93 93 154 319 108 201 319 10 154 93 10 154 93 154 154
93 93 217 93 93 154 154 217 154 154 217 154
93 154 93 154 154 223 223 223 154 93 325 223 223 223 223 154 93 154 93 93 223 154 223
10 93 93 235 93 319 319 217 10 268 342 235 93 319 10 10 93 10 93
312 312 312 312 312 312 312 312 312 312 312 312 312
235 247 223 223 223 223 235 223 223 235 235 223 223 235 223 235
223 223 235 154 93 223 154 235 223 93 223 93 235 154 235 93 93 93 93 93 93 154 93 235 223 223 235 223 93 154 223 93 154 154 362
232 10 10 187 187 10 187 10 10 187 187 187 187 187
10 10 10 10 10 10 10 10 10 10 196 10 10 10 10 10
211 319 319 319 93 319 319 319 319 93 93 319 319 319 319 93 319 93 93
93 93 93 93 93 93 93 93 196 93 93 93 93
154 93 93 154 93 93 223 93 154 154 154 154 93 154
235 93 319 319 235 319 319 235 319 319 319 319
93 93 93 235 93 93 235 93 265 93 93 93 93 235 93 93 93 93 93 93 93 93
10 201 319 235 235 154 235 154 10 239 10 319 154 10 154 319 319 154 154
10 10 93 93 93 319 93 201 93 93 108 10 319 10 319
10 232 10 235 10 93 93 10 10 93 10 93 93 10 10 93 235 10 10 235
93 223 223 93 223 93 223 271 223 223 223 93 223 93 223 93
154 10 35 154 10 10 154 207 207 154 154 165
93 319 93 319 93 93 319 185 319 319 319 319 93 93 319
187 325 319 187 319 187 10 10 10 187 187 187 187 187 187 319 187 187 187 187 10 187 10 319 187 187
181 10 93 20 10 93 10 93 93 93 108 10
108 235 235 93 93 93 93 268 162 235 235 235 93
313 312 10 10 319 312 319 10 10 319 10 10 10 10 312 10 10 342 10 312 319 235 319 319 24 235 312 235 312 20 10 319 312 319 10 312 313 10 342 319 319 312 313
165 10 10 10 235 10 10 10 235 235 10 10 10 10
235 235 10 10 319 319 10 235 319 162 10 235 235 319 235 10
93 10 307 10 52 93 319 154 10 319 93 154 154 93 10 10 10 154 52 10 154 10 154 319 93 319 93 235 154
223 235 298 283 291 298 154 283 223 247 154 247 154 223 283 165
237 237 237 237 237 237 237 237 237 237 237 237 237 237 237 237 237 237 237 237 237 237 237 237 237 237 237 237 237 237
312 312 312 312 312 312 312 312 312 312 312 312 312
10 20 196 319 10 235 10 10 319 319 10 235 20 10 235 319 10 10
10 10 10 10 181 10 10 319 319 10 319 10 10 319 10
237 237 237 237 10 237 237 237 237 237 237 237 235 237 237 237 237 237 10 237 235 237 237 237 237 237 242 237 237 237 235 237 237 237 10 10 10 237
359 359 359 359 359 359 359 359 359 359 359 359 359 359 359
154 154 154 319 154 154 154 319 319 185 154 319
235 10 10 10 319 319 143 10 319 10 235 235 319
319 10 10 10 10 235 10 235 10 319 10 235 10 10 10 235 319 10 10 10 10 235 235 247 10 319
10 319 10 235 319 319 235 235 10 319 162 10 235 235 10 235
237 237 93 237 237 237 237 237 237 237 237 93 237 237 237 237 244 237 237 237 237 237 93 237 237 237 237 237 237 93 93 237 93 237 237 237
154 154 247 154 154 154 154 247 154 154 154 154 154 154
10 154 319 319 10 154 10 154 319 10 10 319 319 319 10 154 154 319 10 319 10 154 10 10 275 154
223 223 223 10 10 223 223 10 223 10 223 223 257 223 10
235 235 319 247 235 93 235 93 235 93 319 93 93 319 319 93 235 93 93 93 93 93 93
10 235 10 235 10 10 93 144 144 235 144 144 10
10 267 154 127 10 93 154 21 21 154 93 93 154 94 154 154 154 93 12
319 319 185 319 319 154 154 154 154 154 154 154
193 93 93 93 10 93 10 93 93 234 93 93 234 10 10
154 185 154 319 319 319 154 154 154 154 154 319
10 125 319 93 377 235 10 255 125 10 93 319 319 93 10 319 10 319 93 235 235 319 235 235 235 319
319 235 154 235 154 154 235 319 215 162 154 235 235 319 154 268 319 154
154 93 154 261 93 35 93 154 93 154 154 261 10 10 125 154 10
10 10 154 10 154 10 154 154 154 10 201 154 154
204 204 204 204 204 204 204 204 204 204 204 204 204 204 204 204 204 204 204 204 204 235 235 204 235 204 206 204 204 204
144 10 154 10 144 10 154 154 154 207 10 10 154 154 154
319 319 10 10 10 10 181 10 10 319 10 10 10 10 319
154 154 154 154 154 154 154 154 247 154 154 154 154 154 154
93 10 319 10 93 319 261 10 319 319 93 319 319 93 93 319 10 10 10 10 10 10 93 10 319
10 10 319 235 319 319 143 235 235 10 10 319 10
154 93 93 154 154 154 93 93 93 93 319 154 93 93 283 93 319 154 319 93 93 93 154 319
154 126 154 10 223 10 126 223 154 347 223 223 154 347 382 10 154 93 10 223 93 272 154 382
10 10 10 10 235 154 319 319 10 154 10 154 319 235 319 154 154 10 10 10 235 10 269 154 154
93 93 319 35 93 319 93 319 319 93 93 319 319 185
235 253 235 235 162 93 93 154 93 268 108 235 93 154 154 154 154 93 235 162
154 154 154 154 154 154 154 154 154 154 93 93 154 93 154 93 283 93 154 154 93
181 235 10 235 235 235 10 10 10 10 10 235 10 235 10 10 10
162 10 319 319 319 319 10 10 319 10 319 319 319 10
312 312 312 312 312 312 312 312 312 312 312 312 312
223 223 223 223 10 10 10 10 223 223 257 223 10 223 223
257 93 10 10 93 10 10 10 93 93 10 10 93 10 10 93 20 10 10 10 10 20
237 237 237 237 237 237 237 237 237 154 237 237 250 237 10 237 237 237 237 237 10 154 237 154 237 237 237 154 237 10 154 154 237 237 237 154 10 237 237 237 237 10
319 10 10 10 319 10 10 10 10 10 10 181 319 10 319
237 237 237 237 237 237 237 237 237 237 237 237 237 237 237 237 237 237 237 237 237 237 237 237 237 237 237 237 237 237
93 93 93 93 319 223 93 93 193 108 93 319 319 193 342
237 237 237 237 237 237 10 237 237 237 237 237 93 10 10 237 237 237 237 237 93 10 10 10 93 10 254 237 237 237 93 93 237 237 10 237 10 93 237 237 10 10 10 10 10 237 237 237 237 237 10
10 162 319 10 319 319 10 10 319 319 319 319 319 10
319 319 154 319 154 154 154 154 185 154 319 154
154 10 154 10 162 154 154 154 10 10 10 10 20 10 154 10 252 35
223 223 108 93 93 319 187 223 187 93 187 223 10 319 319 223 93 187 10 319 319 93 93 93 93 187 319 10 187 20 93 319 223 93 93 319 93 319 108 87 93 223 93 93 223 93 319 93 319 223 187 20 108 187 319 93 108 93 93
319 10 319 10 319 319 165 144 10 10 319 10 319 319 319 144
10 10 235 235 10 235 235 10 235 235 10 108
154 10 10 154 154 201 154 154 10 154 10 201
235 10 162 10 235 235 319 319 235 35 10 10 319 10
235 235 10 319 342 10 10 10 10 10 10 10 20 10 319 319 196 235
154 185 154 154 154 154 319 154 154 319 319 319
235 319 319 319 319 319 235 235 154 319 319 319 319 319 319 319
319 223 223 268 223 223 235 319 319 319 319 223 298 223 223 223 319 235 235 223 319 319 319 268 319 319 235 319
93 93 93 319 319 93 319 319 319 319 319 319 93 93 185
319 319 10 20 319 10 319 319 319 165 342 10 10 319
319 319 319 319 108 319 230 319 235 319 319 10 319 235 235 319 10 10 10 319 319 319 319 319
93 93 144 235 93 235 93 10 235 10 193 10 10 144 93 10 93
10 93 93 10 10 10 319 10 319 10 319 93 319 93 10 10 93 10 10 243 93
223 223 269 223 93 93 223 223 93 269 223 223 93 269
255 255 255 255 187 255 255 187 187 187 255 255 327 187 187 187 327 255
93 187 235 235 93 10 10 10 10 93 93 235 93 10 93
108 345 93 312 312 312 93 312 312 312 313 93 312 312 93 312 312 93 312
235 10 235 235 10 143 10 319 319 10 319 319 10
319 235 319 319 319 235 235 319 319 235 138 235 235 319 319
255 255 10 10 255 255 255 255 10 10 281 255 255 10 255 255
187 319 154 154 319 154 154 144 154 154 154 144 319 319
154 154 223 154 154 154 154 283 283 154 341 223 247 154 154 283 247 154 223 154 283
93 319 319 10 93 319 10 93 10 93 10 10 201 319 93 93
237 237 237 237 237 237 237 237 237 237 237 237 10 237 10 10 237 237 237 35 237 237 249 237 249 237 237 10 237 237 10 10 35 237 10 10 237 237 143 237 237
162 10 10 10 154 10 10 154 247 10 10 154 154 154 20 10 10 154
204 154 319 204 204 204 204 204 204 204 319 204 204 204 204 204 204 154 204 204 319 204 204 204 154 204 204 204 154 154 204 319 204 154 204 204 216 154
237 237 237 237 237 237 237 237 237 237 237 237 237 237 237 237 237 237 237 237 237 237 237 237 237 237 237 237 237 237
359 359 359 359 187 187 359 187 359 18 359 359 359 359 359 187 187 18 18 187 359
223 223 223 223 223 223 223 223 223 223 223 325 223 223 223 223 223 223 223
93 154 319 307 154 165 154 93 93 154 165 172 154 154 154 93 319 93 154 154 319 93 319 154 154
319 10 319 319 10 10 10 342 319 10 319 342 165 319
10 144 10 319 10 144 10 319 319 125 10 319
10 154 201 10 154 154 10 10 154 154 10 154 154
93 93 93 20 235 10 10 93 93 235 93 93 10 143 93 35 35 235 10 93 10 93 282 10 93 10
10 235 10 10 10 10 235 165 10 10 10 10 10 235
93 93 187 187 267 93 93 319 187 93 187 187 187 187 93 187 319 319 319
20 154 235 154 154 10 10 319 10 10 154 154 10 10 10 319 154 271 235 319 10 10 154 268 319
93 93 93 93 10 319 10 93 93 93 319 93 93 93 93 93 319 93 298 10 93 10 93 93 93 10 319 93
10 143 10 10 10 10 10 143 10 10 10 10 10 193
234 93 93 93 10 93 10 93 93 234 93 93 193 10 10
223 223 271 223 93 93 93 223 223 93 93 223 223 93 223 223
10 235 93 93 93 10 10 93 93 10 187 235 93 235 10
223 154 154 154 223 154 154 223 223 283 154 283 223 223 223 223
204 204 204 204 204 204 204 204 204 204 204 204 204 204 204 204 204 204 204 204 204 204 204 204 204 204 204
93 93 176 93 10 93 93 93 10 10 10 10
235 10 10 235 235 10 235 10 235 235 10 108
93 93 10 10 10 93 93 93 10 93 93 93 93 93 10 93 239 93
255 255 255 255 255 255 187 187 187 187 255 255 187 327 187 187 327 255
10 154 201 154 201 154 154 154 10 10 10 154
204 204 204 204 204 204 204 204 204 204 204 204 204 204 204 204 204 204 204 204 204 204 204 204 204 204 204
239 10 93 10 235 235 93 10 93 291 93 10 10 10 10 93 93 93 10 10
154 185 154 154 154 319 319 319 154 319 154 154
187 187 187 319 187 187 187 187 215 319 187 319 319
359 359 359 359 359 359 359 359 359 359 359 359 359 359 359
319 319 319 319 319 235 235 154 319 319 319 319 319 235 319 319
154 223 223 154 223 93 93 154 93 325 223 223 325 223 223 154 154 223 154 93 93
204 204 204 204 204 204 204 204 204 204 204 204 204 204 204 204 204 204 204 204 204 204 204 204 204 204 204
187 93 187 187 193 10 279 187 93 10 93 20 187 93 10 93 187 187 93 10
154 93 93 35 93 93 10 10 93 93 93 93 154 93 358 10 35 35 93 93 10 10 154 93 93 108 143 93 154 154 93 154 10 154 10 93
10 154 201 154 201 154 154 154 10 10 10 154
359 359 359 359 359 359 359 359 359 359 359 359 359 359 359
223 223 223 93 93 93 271 93 223 223 223 223 223 223 93 93
319 319 187 319 319 319 319 319 319 10 319 319 10 10 10 319 10 319
93 125 319 377 319 93 319 93 253 319 93 319 93 93 93 93 125 93 319 319 93
93 319 235 319 319 235 319 319 319 319 319 235
319 319 319 319 235 319 319 319 93 235 235 319
154 93 166 93 154 154 319 93 319 163 319 93 154 319 164 108 93 93 319 94 163 319 319 93 313 93 93
154 154 319 154 162 187 154 319 319 154 342 154
10 93 93 93 93 10 10 10 93 176 10 93
204 93 204 204 204 204 93 204 204 204 204 204 204 204 204 204 204 93 204 204 204 204 204 204 93 204 204 93 204 93 213 204 204
237 237 237 237 237 237 237 237 237 237 237 237 237 237 237 237 237 237 237 237 237 237 237 237 237 237 237 237 237 237
10 10 243 10 154 10 154 10 10 10 154 154 10 154 154 10 10 154
154 154 154 319 185 154 319 319 154 319 154 154
10 10 10 10 319 10 319 319 319 10 319 319 207 10 319 10 10 319 10
93 10 10 10 93 319 93 10 93 319 10 319 319 319 10 10 319 319 10 93 10 261 10 319 93
10 10 10 10 10 10 10 10 10 10 10 10 196 10 10 10
223 223 223 319 223 223 319 223 319 319 319 223 271 235 235 223 223 319 319 235 319
10 235 10 319 10 93 235 93 10 319 235 93 10 10 235 10 312 10 319 319 10 10 235 93 235 93 235 10 319 10 235 319 10 10 93 10 235 319 319
93 268 93 235 319 319 319 319 235 319 93 319 215 235 235 93 268 319 93 319 93
154 154 154 286 93 154 93 165 93 286 154 154 165 154 93 93 154 154 154
319 319 319 319 235 319 319 154 319 235 319 319 319 319 319 235
237 237 237 237 237 237 237 237 237 237 237 237 237 237 237 237 237 237 237 237 237 237 237 237 237 237 237 237 237 237
237 237 237 237 237 237 237 237 237 237 237 237 237 237 237 237 237 237 237 237 237 237 237 237 237 237 237 237 237 237
235 10 235 235 10 10 235 108 10 235 10 235
223 223 272 223 10 223 223 10 319 10 10 223 223 10 319 319 223 223 319
20 10 10 181 10 108 93 93 93 10 93 93
154 154 154 154 154 247 154 154 154 154 154 154 154 154 154
359 359 359 359 359 359 359 359 359 359 359 359 359 359 359
154 319 10 235 10 319 154 154 319 319 154 235 154 10 154 257 319 10 319 154 319 10 235 319
35 154 319 154 319 319 93 377 10 154 35 93 93 319 93 93 154 93 93 93 319 10 154 93 154 93 319 331 10 93 154 93 319
154 154 247 154 154 154 154 247 154 154 154 154 154 154
10 93 176 93 93 10 93 93 10 10 10 93
312 312 312 312 312 312 312 312 312 312 312 312 312
10 10 10 10 10 10 187 10 187 10 10 10 187 187 187 187 187 187 286 10 10 10 10 10
154 93 313 10 93 196 196 10 35 154 10 154 93 10 93 93 10 196 10 108 20 196 10 93 93 10
10 172 10 10 232 93 93 93 93 193 93 93 93 232
10 10 319 319 10 319 235 143 10 10 319 235 235
154 10 154 10 10 20 255 10 235 154 154 10 10 235 10 162 154 154 235 10 10
204 204 204 204 204 204 204 204 204 204 204 204 204 204 204 204 204 204 204 204 204 204 204 204 204 204 204
237 237 237 237 237 237 237 237 237 237 237 237 237 237 237 237 237 237 237 237 237 237 237 237 237 237 237 237 237 237
93 35 10 93 10 93 52 93 93 319 10 10 319 35 10 267 319 10 319 93 319 10 319 319 319
10 162 319 319 10 319 10 319 10 319 319 10 319 319
10 193 10 10 10 10 10 143 10 10 10 10 10 143
10 10 319 154 154 10 10 319 10 283 319 10 10 10 154 10 154 10 319 10 10 154 154 10 10 154 10
93 10 10 10 93 93 176 93 93 10 10 93
10 319 10 93 93 319 93 201 93 93 10 319 319 10 10 93
10 93 319 93 10 93 319 201 93 10 93 10 10 93 319 319
10 35 154 154 165 154 154 10 275 154 154 154 154 154 154 154 275 10
10 10 10 10 10 235 10 146 10 10 10 10 235 252 10 10 10 235 10 10 10 10 10
235 154 93 154 10 154 10 154 267 235 154 10 93 93 10 93 93 154 154 93 10 235
93 93 93 93 176 93 10 10 10 10 10 93
154 319 154 35 196 93 235 154 319 196 235 319 235 247 196 93 235 196
319 93 235 319 93 93 93 235 319 319 172 93 93 235
223 361 93 93 223 93 223 125 35 93 361 193 93 223 93 10 223 223 93 93 223 93 93 93 125 223 35 10
359 359 359 359 359 359 359 359 359 359 359 359 359 359 359
93 10 10 10 93 108 93 10 235 10 235 10 10 10 10 234 93 235 20 93
319 204 319 204 319 204 204 204 319 204 319 204 204 319 204 204 204 210 204 204 204 204 319 204 204 204 204 204 204 319 204 204 204 204 204
10 10 10 319 154 319 319 319 154 10 154 319 319 252 154 154 319 154 154 108
247 10 10 10 10 10 319 10 10 319 319 10 10 10 319 10 10 319 319 10 10 10 319 319
93 10 10 93 10 93 10 93 10 10 10 10 10 281 10 10 10 10 10 10 93 93 10 10 10 10 10
10 319 10 10 10 10 10 181 10 319 319 10 319 10 10
108 10 10 10 10 235 235 10 235 235 235 235
154 10 35 154 10 10 154 207 207 154 154 165
10 10 144 235 125 10 235 268 235 10 235 10 235
223 361 93 93 223 93 223 125 35 93 361 193 93 223 93 10 223 223 93 93 223 93 93 93 125 223 35 10
20 10 154 319 154 319 154 232 10 154 10 319 319 162 154 154 10
235 235 154 235 154 154 235 154 154 154 185 154 235 235
10 319 319 162 319 10 10 319 319 10 319 10 319 319
93 93 176 93 93 10 93 10 10 10 93 10
10 319 10 319 319 144 10 125 10 10 319 144
319 223 10 319 10 10 187 10 319 10 223 28 342 223 223 319 187 187 187 10 10 10 319 10 319 223 20 10 223 10 223 10 187 342 223 342 10 10 10 319 215 10 10 187 319 10 187 10 223
235 93 319 268 319 223 10 377 319 291 319 3 356 93 230 271 93 93 10 235 235 291 93 93 93 356 93 223 235 235 223 10 20 143 93 10 93 223 319 235 223 223 223
18 359 359 359 187 187 359 187 359 359 359 359 359 359 359 187 187 18 18 187 359
319 193 10 10 10 235 319 319 10 10 10 10 319 10 235 235 10 10
223 283 283 283 154 283 223 247 154 247 154 223 283 154
10 319 10 319 10 162 10 319 319 10 319 319 319 319
10 319 93 201 93 93 10 319 93 10 319 319 93 10 93 10
93 235 10 93 319 10 235 235 275 10 319 93 10 235 10 235 10 319 10 93 10 93 319 10 319 319 319 10 319 235 93
108 154 93 318 154 10 93 10 35 162 10 154 108 93 10 20 10 93 10 154 10 154 10 10 10 10 10 10 154
154 319 154 93 154 154 154 319 93 154 154 319 93 319 235 235 255 235 93 93 93
93 93 93 93 93 196 93 93 93 93 93 93 93
93 10 10 10 93 357 94 10 10 109 319 109 400 93 319 215
237 237 237 237 237 237 237 237 237 237 237 237 237 237 237 237 237 237 237 237 237 237 237 237 237 237 237 237 237 237
319 319 319 235 319 319 235 319 319 319 319 268 235 319 319 235 187 235 235 235 319 268
237 237 237 237 237 237 237 237 237 237 241 237 319 237 237 237 237 237 237 237 237 237 237 237 237 237 237 237 319 237 319 319 237 237
204 204 204 204 204 204 204 204 204 204 204 204 204 204 204 204 204 204 204 204 204 204 204 204 204 204 204
93 223 93 93 93 223 313 223 223 223 223 93 93 93 223 93 108 108 93 223 93 223
154 319 319 154 154 319 154 154 154 319 154 185
230 93 93 319 108 93 108 319 93 319 93 319 93 93 93 93 93
237 237 237 237 237 237 237 237 237 237 237 237 237 237 237 237 237 237 237 237 237 237 237 237 237 237 237 237 237 237
10 93 10 319 93 319 10 10 215 319 235 93 93 93 93 10 235 235 319
93 126 223 223 223 233 93 272 223 126 272 272 223 382
235 235 10 235 235 108 10 10 10 10 235 235
176 10 93 10 10 93 93 10 93 93 93 10
93 319 93 235 235 93 93 319 319 319 93 172 235 93
261 10 154 10 154 10 154 10 154 319 10 319 10 319 154 154 10 10 154 10 10 319
154 319 235 234 154 235 235 154 235 235 235 154 319 235 235 235 154 235 319 154 235 319 235 154
319 93 319 261 319 319 319 319 93 319 319 235 319 319 319 93 319 235 319 125 235 93 93 93 319 319 20
319 93 93 93 319 319 93 235 319 235 93 319 235 93 319 319 196 319
10 154 154 154 154 154 154 10 10 10 201 154 10
154 319 319 319 319 154 154 154 154 154 185 154
312 312 312 312 312 312 312 312 312 312 312 312 312
281 281 281 281 281 281 281 281 281 281 281 281
319 10 319 10 319 319 319 235 319 319 10 143 10 176 235
93 10 93 10 10 93 10 93 10 108 10 93 20 10 176 10 10 93 10 10 93 10 93 323 146 10 10 93 10 10 93
93 93 201 93 93 93 108 93 93 93 93 93 108
319 187 10 187 319 187 10 319 187 10 187 319 10 187 319 319 319 10 187 187 269 319
154 154 154 286 93 154 93 165 93 286 154 154 165 154 93 93 154 154 154
10 93 93 10 93 10 93 235 10 10 235 93 187 93 235
319 10 319 319 319 235 235 319 235 10 176 319 10 319 319 10 10
93 154 223 154 154 93 154 154 154 93 93 93 154 93
319 319 319 319 319 162 10 319 10 10 10 319 10 319
10 10 319 319 215 319 319 319 319 319 319 319 138 10 319 10 319 10 319 319
93 93 93 93 93 196 93 93 196 93 93 93
187 93 187 93 187 187 247 93 93 247 187 247 187
319 319 10 10 138 10 319 319 319 187 319 319 10 10 319 319
10 35 154 154 165 154 154 10 275 154 154 154 154 154 154 154 275 10
196 154 235 319 154 154 154 154 319 154 154 319 235 235 319
235 319 154 235 235 154 235 154 211 235 319 319 154 154 154 154 235 319
319 235 10 319 154 10 10 20 154 319 342 319 154 10 319 342 154 319 319 268 319 235 154 10 235 35 154 319 268 20 10 235 319 154 318 10
223 223 223 223 223 223 319 319 319 223 247 223 223 319
154 154 93 93 154 93 154 154 223 154 93 93 93 154
281 281 281 281 281 281 281 281 281 281 281 281
312 312 312 312 312 312 312 312 312 312 312 312 312
154 235 154 154 235 319 235 235 154 154 185 154 154
319 93 93 93 319 235 319 235 235 10 93 93 10 10 93 319 10 215 10
281 281 281 281 281 281 281 281 281 281 281 281
281 281 281 281 281 281 281 281 281 281 281 281
235 10 319 143 319 235 235 319 319 10 10 10 10
319 10 319 319 10 319 319 10 319 10 10 319 319 10 20 319 319 10 319 20 10 319 10 252 10
10 235 319 154 20 10 10 10 154 10 154 319 10 10 154 10 154 10 154 154 10 10 10 342 10 319 235 10 298 235
281 93 281 93 281 281 281 93 93 281 281 281 281 93 93 322 281 281
10 329 319 319 154 154 10 10 319 154 154 185 10 10 154 154 10 154 10 319 154 154 10 319 319 154 154 10 154 10 154 319
359 359 359 359 359 359 359 359 359 359 359 359 359 359 359
154 10 10 207 10 10 154 162 154 20 154 154 154
93 93 93 93 319 93 319 272 93 93 93 93 93 93 93 93 319 342 93 93 93 93 108
10 319 10 162 319 319 319 10 319 10 319 10 319 319
93 93 10 10 176 10 93 93 93 93 10 10
237 237 377 237 319 237 237 237 245 237 237 237 319 237 237 10 235 237 237 237 10 319 237 237 10 237 237 235 237 237 237 237 237 237 237 237 10 10 237 237 237
223 223 319 223 223 247 319 319 223 223 223 319 223 223
187 187 10 10 10 10 187 265 10 187 10 187 10 187 187 10 10 187 10
10 93 319 10 10 10 93 243 319 10 93 10 10 319 93 10 10 319 93 93 10
204 204 204 204 204 204 204 204 204 204 204 204 204 204 204 204 204 204 204 204 204 204 204 204 204 204 204
154 154 154 154 283 93 154 154 283 93 154 93 154 93 93 154 154 154 154
237 237 237 237 237 237 237 237 237 237 237 237 10 237 10 10 237 237 237 35 237 237 249 237 249 237 237 10 237 237 10 10 35 237 10 10 237 237 143 237 237
93 10 10 93 319 93 93 93 319 10 93 93 10 319 319 93 10 93 257 93 93 93
247 10 10 10 10 154 162 10 10 10 154 154 154 154 20 10 154 10
312 312 312 312 312 312 312 312 312 312 312 312 312
154 223 223 154 223 93 93 154 93 325 223 223 325 223 223 154 154 223 154 93 93
235 319 235 10 10 10 319 10 319 143 319 10 235
319 10 10 10 319 10 10 10 10 10 319 319 181 10 10
10 154 10 154 10 243 154 10 154 10 10 10 10 154 154 10 10 154
319 10 10 207 10 10 10 10 319 319 319 10 10 10 319 10 319 319 319
93 10 10 93 207 319 319 93 342 319 10 10 93 93 10 108
154 154 154 154 154 247 154 154 154 154 154 154 154 154 154
162 154 196 93 154 196 268 215 196 196 93 235 235
319 319 10 319 235 10 235 319 319 10 10 342 235 319 319 319 319 342 235 319 319 319 235 10 10 247 342
93 154 154 93 223 93 154 93 154 154 93 154 154 93
93 319 319 319 319 10 10 319 93 319 93 230 10 10 93 10 93 319 93 319
319 10 319 10 319 319 319 162 10 10 319 319 319 10
359 359 359 359 359 359 359 359 359 359 359 359 359 359 359
319 187 319 187 187 187 187 187 319 215 187 187 319
204 93 204 204 204 235 93 214 204 204 204 204 204 204 204 93 204 204 204 204 235 204 204 204 93 204 204 204 204 204 144 204 235 204 93 204 144 93
319 319 93 93 93 185 93 93 93 319 319 319 319 319 319
235 93 93 235 235 235 93 93 235 235 93 235 235 93 172 235
204 204 204 204 235 204 235 204 204 204 204 204 204 204 204 235 204 204 235 204 204 208 204 204 204 235 204 204 204 235 204 204 204
154 154 319 319 154 154 185 319 154 154 319 154
162 319 10 10 319 319 10 10 319 319 319 319 319 10
154 211 10 154 154 154 10 35 154 10 172 154 35
93 10 10 93 235 93 235 10 93 10 93 93 290 10 10 93 319 10 93 93 93 319 10 319 10 319 235 10 93 93
319 138 319 319 319 319 319 319 319 35 319 319
319 319 93 235 319 319 235 319 319 319 319 235
10 108 20 235 93 93 10 10 10 319 235 93 235 319 10 319 319 255 93 10 10 93 10 10
319 342 207 235 319 319 10 235 10 319 319 319 319 342 10 10 319 235 319 10 319
154 126 154 10 223 10 126 223 154 347 223 223 154 347 382 10 154 93 10 223 93 272 154 382
18 359 359 359 187 187 359 187 359 359 359 359 359 359 359 187 187 18 18 187 359
223 223 223 10 223 10 223 10 223 10 223 257 223 10 223
204 237 237 237 326 237 237 204 237 237 204 237 237 237 204 204 237 204 204 237 204 204 204 204 204 237 326 204 204 237 237 237 204 237 204 237 204 237 204 204 237 237 237 204 204 237 204 237 204 237 204 237 237 204 237
281 281 281 281 281 281 281 281 281 281 281 281
10 10 10 10 235 165 10 10 10 10 10 235 235 10
10 235 235 319 319 10 235 10 10 10 319 319 143
93 93 217 93 154 154 154 217 93 154 154 217
359 359 359 359 359 359 359 359 359 359 359 359 359 359 359
237 237 237 237 237 237 237 237 237 237 237 237 237 237 237 237 237 237 237 237 237 237 237 237 237 237 237 237 237 237
10 10 235 235 10 10 235 319 319 10 93 235 10 319 93 10 235 10 93 235 10 10 93 10 10 10 319 93 10 10 283 93
10 93 10 319 10 93 10 319 235 319 154 319 257 93 319 93 319 319 319 235 319 10 93 235 319 319