142 142 142 142 142 142 142
142 142 142 142 142 142 142 142 142 142 142 142 142
142 142 142 142 142 142 142
142 142 142 142 142 142 142
31 142 142 31 142 142 142 31 142 31
31 31 31 68 20 68 68 68
142 142 142 142 142 142 142
31 31 20 68 31 68 68 68
142 142 142 142 142 142 142 142 142 142 142 142 142
119 119 142 68 142 142 142 119 119 119 68 142 142 68 142 142 142 68 114 142 142 142
142 142 142 142 142 142 142 142
142 142 142 119 119 68 68 119 114 142 68 142 142 119 119 68 142
142 142 142 142 142 142 142 142
81 68 119 119 68 119 17 119 68 31 119 119 68 119 31 119 119 68 68 119 51 68
142 142 142 142 142 142 142
142 142 142 119 142 119 51 119 68 68 142 119 106 142 112 68
142 142 142 142 142 142 142 142 142 142 142 142 142 142
142 142 142 142 142 142 142
61 61 68 68 119 119 68 119 119
142 142 142 142 142 142 142 142
119 119 142 142 142 142 119 142 119 119 119 142
119 142 119 142 142 119 119 142 142 142 142 142 142 119 119 142 142 142 142 142 142 142 142 142
142 142 142 142 142 142 142 142 142
119 68 119 68 116 119 68 68 68 119 119 68 68 68
142 142 142 142 142 142 142
119 68 68 68 31 39 119 31 68 68 68 31 68 68 31 31 119 119 31 31 119 115
142 142 142 142 142 142 142 142 142 142 142 142 142 142 142 142 142 142 142 142 142 142 142 142 142 142 142 142 142 142 142 142 142 142 142 142 142 142
142 142 142 142 142 142 142 142 142 142 142 142 142 142 142 142 142 142 142 142 142 142 142 142 142 142 142 142 142 142 142 142 142 142 142 142 142 142
142 142 142 142 142 142 142 142 142 142 142 142 142 142 142
142 142 142 142 142 142 142
142 142 142 142 142 142 142 142 142
142 142 142 142 142 142 142 142 142
31 31 31 39 31 31 31
68 97 68 68 68 68 68 68 68 68 68 68 68
142 142 142 142 142 142 142 142
68 142 142 54 31 142 142 68 142 68 31 68 142 31 142
142 142 142 142 142 142 142 142 31 20 68 31 68 142 142 31 142 142 142 142 68 68
119 142 119 119 142 142 142 119 142 142 142 142 142 142 119 119
142 142 142 142 119 116 142 142 119 142 68 142 68 142 142 119 142 142 119 68 119 142 68 68 68 142 142 142 68 142 142 68
142 142 142 142 142 142 142
31 68 68 68 68 119 68 68 68 31 119 68 31 22 119 119 119
142 142 119 142 119 142 119 119 142 119 142 119
142 142 142 142 142 142 142 142 142 142 142 142
142 142 142 142 142 142 142 142 142 142 142 142 142 142 142 142 142 142 142 142 142 142
142 142 142 142 142 142 142 142 142
142 31 31 142 31 31 31 31 142 31 31 142 31 31 31 142 31 142 47
142 142 142 142 142 142 142 142 142
142 142 142 142 142 142 142
142 142 142 142 142 142 142 142 142 142 142 142 142 142 142 142 142 142 142 142 142 142
142 142 142 142 142 142 142
142 142 142 142 142 142 142
142 142 142 142 119 142 142 142 119 142 119 142 119 142 142 119 119
142 142 142 142 142 142 142 142
142 142 142 119 142 142 64 142 119 119 142 119 68 119 11 106 119 68 142 119 142 119 142 142 119 142 64 119 130 142 119 66 142 142 119 119
142 142 142 142 142 142 142 142 142 142 142 142 142 142 142 142
68 142 119 68 119 130 142 142 119 130 119 119 119 68 119 68 68 119 87 68 126 96 119 68 68 68
142 31 142 142 39 31 142 31 142 39 31
68 31 31 55 68 31 68 31 31 68 31
142 142 142 142 142 142 142
142 142 142 142 142 142 142 142
68 119 119 142 142 142 142 68 68 62 142 31 142 119 142 119 142 119 119 142 31 68 142 142 142 142 142 119 142 142 142 31 142 119 119 119 142 142
142 142 142 142 142 142 142 142 142 142 142 142 142 142 142 142 142
142 31 142 142 119 119 142 31 31 119 142 119 119 25 142
142 142 142 142 142 142 142 142 142 142 142 142
31 31 142 31 142 142 31 142 142 142
142 142 119 142 142 142 119 142 142 119 119 119 119 119 142 142 142 119 131 119 142 119 142 119 11 106 119 119 119
142 142 142 142 142 142 142 142
5 104 119 119 119 31 119 4 68 119 68 31 68 31 31
142 142 142 142 142 142 142 142 142 142 142 142 142 142 142 142 142 142 142 142 142 142 142 142 142 142 142
68 142 68 130 68 119 119 130 68 142 119 51 119 119 119 142 68 142 68 106 142 142 84 68 142 130 119 119
142 119 119 119 119 142 119 142 142 142 119 142
142 142 142 142 142 142 142 142
142 142 142 11 142 142 142 142 142 142 142 11 11 142 142 142 142 142 142 142
142 142 142 142 142 142 142 142 142 142
142 142 142 142 142 142 142 142 142 142 142 142
142 142 142 68 142 142 142 68 142 142 142 142 142 142 142 142 142 142 142 142 142 68 142 68 142 142 142 68 142 142 142 142 142 142 142 142 142 142
142 142 142 142 142 142 142 142 142 142 142 142 142 142 142 142 142 142 142 142 142 142
142 142 142 142 142 142 142 142 142 142
119 31 119 20 31 123 68 119 119 31 119 61 17 119 61 16 119
142 142 142 142 142 142 142 142 142
51 68 68 68 68 3 68 68 31 68 31 31 70 31 31
142 142 142 142 142 142 142 142 142 142 142 142 142 142 142 142 142 142 142
119 130 119 130 119 119 119 119 119 119
68 68 119 61 68 119 68 119 119 119
142 142 142 142 142 142 142 142 142 142 142 142 142 142 142 142 142 142 142 142 142 142 142
142 142 142 142 142 142 142
142 142 142 142 142 142 142 142
119 119 119 68 68 68 114 68 119 119
142 142 142 142 142 142 142
142 68 68 142 142 142 142 68 68 68 142 142 142
142 142 142 142 142 142 142 142 142 142 142 142 142
142 142 142 31 119 26 142 119 142 119 119 142 142 119 119 142 119 142 119 119 142 31 142 119 31
142 142 142 142 142 142 142 142
142 142 142 142 142 142 142
142 142 142 142 142 142 142 142 142 142 142 142 142 142 142 142 142 142 142 142 142 142 142 142 142 142 142 142 142 142 142 142 142 142 142 142 142 142
142 142 142 142 142 142 142
142 142 142 142 142 142 142 142 142 142
68 142 119 142 142 68 119 61 142 119 142 68 119 119 68
142 142 142 142 142 142 142 142 142 142 142 142 142 142 142
142 142 142 142 142 142 142 142 142 142
142 142 142 142 142 142 142 142
142 142 142 142 142 142 142 142 142 142 142 142 142
142 68 142 142 68 142 68 142 142 68 68
142 142 142 142 142 142 142
119 106 119 119 106 11 119
142 142 142 142 142 142 142 142
25 31 119 119 31 119 119 31 119
119 142 119 119 142 142 142 119 142 142 119 119
142 142 142 68 68 68 142 68 142 142 68 142 142
142 142 142 142 142 142 142 142 142 142 142 142 142 142 142 142 142
31 31 31 31 31 31 48 31 39 31 31 31 31 39
68 68 68 142 142 119 142 142 119 142 119 142 68 68 119 51 142 142 142 142 142 68 142 142 142 142 51 78 119
119 68 68 68 142 135 142 119 119 119 142 119 68 68 142 106 119 68 68 68 119 119 68 68 68 11 119 119 68 119 119 119 142 119
142 142 142 142 142 142 142
142 142 142 142 142 142 142 142
68 119 119 119 119 119 68 119 119 119 119 119 68 68 64
142 142 142 142 142 142 142 142
31 68 119 68 31 31 31 36 68 68 119 68 119 119 68 68 68 68 68 68 119 31 31 68 68 68 68 68
142 142 142 142 142 142 142 142
110 142 142 119 142 142 142 142 142 119 142 31 142 110 119 142 142 119 142 142 142 31 142 142 142 142 142
142 142 142 142 142 142 142 142 142 142
31 17 31 31 3 31 32
68 68 68 68 68 68 68 68 87
142 142 142 142 142 142 142 142 142 142
119 142 119 119 142 119 119 119
142 142 142 142 142 142 142 142 142 142 142 142
142 142 142 142 142 142 142 142 142 142
142 142 142 31 31 31 142 31 142 142
68 68 119 68 119 119 68 119 119 130 68 68 68 119 83 68 119 119
142 142 142 31 31 142 142 31 142 31 142
142 142 142 142 142 142 142 142 142
142 142 142 142 142 142 142 142 142 142 142 142 142 142 142 142 142 142
142 142 142 142 142 142 142 142 142
119 119 11 11 106 119 119 119
39 31 31 31 31 31 31
142 142 142 142 142 142 142 142 142 142
119 119 142 142 119 119 142 142 142 142 142 119 119
25 142 25 31 119 142 142 119 142 142 142 142 31 142 142 142 142 119 142 142 142 142 119
119 119 119 119 31 68 119 119 119 31 68 31 119 130 119 119 68 119 119 132 68 119
142 142 142 142 142 142 142 142 142 142 142
68 68 68 68 68 68 68 68 87
142 142 142 142 142 142 142 142 142
142 142 142 142 142 142 142 142
68 68 87 68 68 68 87 68
142 142 142 142 142 142 142 142 142 142 142 142 142 142 142
61 119 119 61 119 31 31 31 54 31 119 31 119 119 119 61 63
142 142 142 142 142 142 142 142
142 142 142 142 142 142 142 142 142
68 68 68 68 68 87 68 87
142 119 142 119 142 142 142 142 119 142 142 142 119 119 119
142 142 142 142 142 142 142 142 142 142 142
142 142 142 142 142 142 142 142
142 142 142 142 142 142 142 142 142 142
142 142 142 142 142 142 142 142 142 142 142 142 142 142 142
119 119 119 130 119 119 119 119 119 119 119
142 142 142 142 142 142 142 142 142 142 142 142
24 24 119 68 31 24 114 119
11 142 142 142 142 11 11 142 142 142 142 142 142 142
68 142 68 142 142 119 51 68 119 119 119 142 68 71 142 142 68 142 142 51 68 142 119 142 142
142 142 142 142 142 142 142 142 142 142 142 142 142 142 142 142 142 142 142 142 142 142 142 142 142 142
142 142 142 142 142 142 142 142
68 68 54 31 68 31 68 31
119 142 119 142 119 119 119 119 68 142 119 142 61 142 142 127 127 142 142 142 142 68 142 68 68 142 87 68 68
142 142 142 142 142 142 142 142 142 142 142 142 142 142 142 142
119 119 119 119 126 119 68 68 119 119 119 119 119 68 68
119 142 119 142 119 130 119 119 142 119 142 142 142 119 119 119 142 119 142
119 142 119 119 142 142 119 142 119 142 142 119
142 142 142 142 142 142 142 142
31 142 142 142 142 142 2 31 142 142 142 142 31 15
142 142 142 142 142 142 142 142 142 142 142 142 142 142 142 142 142 142 142 142 142 142 142 142 142 142 142
68 119 5 5 142 102 142 68 68 119 142 119 142 68 68 142 68 142 119 142 119 68 68 142 142 142 68 142 119 68 119 142 68 142 68 11 142 51 119 142 68 142 142 68 68 106 142 68 106 68
31 31 31 31 31 39 31
142 142 142 142 142 142 142 142 142 142 142 142 142 142 142 142 142
142 142 142 142 142 142 142 142 142 142 142 142 142 142 142 142 142 142 142 142 142 142 142 142 142 142 142 142
142 142 142 142 142 142 142 142
142 142 142 142 142 142 142 142
142 142 142 142 142 142 142
142 142 142 142 142 142 142
68 119 68 31 68 31 119 119 68 68 31 119 79 68 68 68 119
119 119 142 119 142 119 142 142 119 142 142 142 142 119 142 142
130 119 130 130 119 119 130 119
80 142 142 80 142 68 142 87 142 119 119 61 119 142 142 142 87
68 119 119 68 119 119 68 119 61 68
142 142 142 142 142 142 142
68 51 11 11 68 68 68
142 142 142 142 142 142 142 142
61 65 142 119 64 142 142 119 142 142 119 142 65 142 119 142 119 119 119 142 142 142 64
142 142 142 142 142 142 142 142 142 142 142 142 142 142 142
142 142 142 142 142 142 142 142 142
142 142 142 142 142 142 142 142 142 142 142 142 142 142 142 142 142 142 142 142 142 142
31 31 142 142 142 31 142 31 142 142 142
142 142 142 142 31 142 31 142 142 31 31
68 68 119 31 142 68 68 82 119 31 68 68 142 142 142 119 31 142 31 68 142 142 119 31 142 68 31 142 142 119 119 119 142 142 119 119 119
11 142 142 142 119 119 142 142 11 68 142 142 142 68 142 142 142 142 142 142 119 142 68 142 119 142 6 142 119 68 142 142
68 142 142 68 87 142 97 68 68 68 142 68 97 68
142 142 142 142 142 142 142 142 142 142
142 142 142 142 142 142 142 142 142 142 142 142 142 142 142 142 142 142 142 142 142
142 142 142 142 142 142 142 142
11 142 142 119 11 119 142 142 142 119 142 142 119 142 12 12 142 142 142 142
142 68 110 103 119 68 119 142 68 119 97 142 68 119 119 68 68 119 106 68 68 31 119 68 68 142 119 3 119 119 31 68 110 119 142 31 119 142 68 87 68 68 142 68
119 31 31 31 111 119 31 119 119 31 31 119
68 119 68 119 119 61 68 68 119 119
142 142 142 142 142 142 142
142 142 142 142 142 142 142 142 142 142
142 142 142 142 142 142 142 142 142
142 142 142 142 142 142 142
68 5 51 68 68 68 68 68 72
142 142 142 142 142 142 142 142 142 142 142 142 142
142 142 142 142 142 142 142 142 142
68 68 68 68 31 31 54 31
142 142 142 142 142 142 142 142 142 142 142 142 142 142
142 142 142 142 142 142 142 142 142 142
31 119 119 68 31 119 31 68 68 119 24 119 68
142 142 142 142 142 142 68 68 142 142 68 68 68
142 142 142 142 142 142 142 142 142 142 142 142
142 142 142 142 142 142 142
142 142 142 142 142 142 142
142 142 142 142 142 142 142 142 142
142 142 142 142 142 142 142 142 142
142 142 142 142 142 142 142 142
119 119 130 119 130 119 119 119 119 119
142 142 142 142 142 142 142
68 68 68 68 87 68 68 68 68
114 126 130 142 126 126 119 142 119 142 68 142 119
68 87 68 68 68 68 68 68 68
142 142 142 142 142 142 142 142 142 142 142 142 142 142 142 142 142 142
142 142 142 142 142 142 142 142 142 142 142 142 142 142 142 142 142 142 142 142 142 142
142 142 142 142 142 142 142 142 142 142 142 142 142 142 142 142 142
31 31 31 31 31 31 31 39 31 49 31 31 31 31 31 31 31 31
142 142 142 68 68 68 142 142 68 142 68
142 142 142 142 142 142 142 142 142 142 142 142 142 142
142 142 142 142 142 142 142 142 142 142
142 51 142 142 68 142 68 142 11 142 142 142 142 142 142 142 142 11 68 142 142 142 68 142 142 142 142
142 142 142 142 142 142 142
142 142 142 142 142 142 142
142 142 142 68 68 68 142 142 68 142 68 142
142 119 142 142 2 1 119 142 31 142 119 119 119 31 142 142 31 142
142 142 142 142 142 142 142 142
31 142 142 142 31 31 39 39 31 142 142 142
119 68 68 142 68 68 142 142 119 68 11 68 142 68 142 106 119 68 68 142 142 142 68 68 142 119 142 142 119 68 142 129 142 68 142 68 31 68 68 68 68 68 68 119 142 31 119 142 119 119 142 31
142 119 142 142 142 142 119 142 142 142 142 119 119 119 142 142 142 142 142 119
142 130 142 142 142 130 11 68 142 142 68 142 140 119 142 130 119 142 134 142 119 31 25 142 142 141 142 142 119 11 68 136 142 119 142 142 142 136 142 136 119 142 119 142 142 142 136 142
142 142 142 142 142 142 142
142 68 119 142 142 61 119 142 142 142 142 142 68 142 68 142 119 119 119 142 142 68
142 142 142 142 142 142 142 142 142
142 142 142 142 142 142 142
142 142 142 142 142 142 142
142 142 142 142 142 142 142
142 142 142 142 142 142 142 142
68 68 68 68 87 68 68 68 68
142 142 142 142 142 142 142 142 142 142
142 142 142 142 142 142 142 142 142 142
142 142 142 142 142 142 142
142 142 142 142 142 142 142 142
142 142 142 142 142 142 142
142 142 142 142 142 142 142 142
142 142 142 142 142 142 142 142 142 142 142 142 142 142 142 142 142 142 142 142 142 142
142 142 142 142 142 142 142 142 142 142 142 142 142 142 142 142 142 142 142 142
142 11 142 142 142 142 142 142 11 142 142 142 142 142 142 142 142 142 11
119 130 119 119 119 119 119 119 119 119 119
39 43 31 17 31 31 2 31 39 119 11 119 31 31 119 31 119 119
142 142 142 68 142 68 142 142 68 68 68 142
142 142 142 142 142 142 142 142
142 142 142 142 142 142 142 142 142
142 142 142 142 142 142 142 142 142 142 142 142 142 142 142 142 142 142 142 142 142 142 142 142 142 142 142 142 142 142 142 142 142 142 142 142 142 142
142 142 142 142 142 142 142
142 142 142 119 119 119 119 142 119 119 142 142 142 142 142
142 142 142 142 142 142 142 142
142 142 142 142 142 142 142 142 11 142 142 142 142 142 142 142 142 142 142 142 142 142 142 142 142 142 142 142 11 142 142 142 142 142 11 142
31 68 119 119 119 119 119 142 119 142 119 119 68 142 68 119 119 119 119 119 31 142 142 119 31 119 68 19 142
142 142 142 142 142 142 142
68 142 119 142 142 142 142 54 142 68 68 130 142 130 119 54 54 119 119 142 130 119 142 85 68 68 119 142 130 119
68 68 68 142 61 142 72 101 142 68 98 142 119 142 68 68 142 68 31 142 142 60 51 142 80 87 142 142 142 31
68 119 119 68 119 119 61 68 68 119
31 142 119 142 119 72 23 31 31 142 142 142 31 31 114 31 31 44 22 31 68 31 17 119
142 142 142 142 142 142 142 142 142 142
142 142 142 142 142 142 142
142 142 142 142 142 142 142 142 142 142 142 142
142 142 142 142 142 119 119 119 119 142 68 142 142 142 68 142 142 119 119 68 119 142 142 119 142 119 119 119 142 119 142 119 68 142 119 142 142 134 142 119
142 142 142 142 142 142 142 142 142 142 142 142 142 142 142 142 142 142
142 142 142 142 142 142 142
142 142 142 142 142 142 142 142 142 142 142 142 142 142 142 142 142 142 142 142
142 142 142 142 142 142 142 142 142 142 142 142 142 142 142 142 142 142 142 142
119 114 119 68 68 68 68 119 119 119
142 142 142 142 142 142 142 142 142
142 142 142 142 142 142 142
142 142 142 142 142 142 68 68 142 142 68 142 142 68 142 68 142 142
142 142 142 142 142 142 142 142 142 142 142 142 142 142 142
68 68 68 68 68 68 68 87 68
142 142 119 119 142 142 119 119 119 142 142 119
119 119 119 119 68 119 68 119 68 119 119 68 119 119 134 119 119 119 119 119
142 142 142 142 142 142 142 142
142 142 142 142 142 142 142 142 142 142 142 142 142 142 142 142 142 142 142 142 142 142
142 68 142 142 142 142 68 68 142 68 68
31 31 142 142 119 119 142 119 142 119 31 37 142 31 31 31 119 142
68 119 68 31 31 119 31 119 68 59 119 68 119
142 142 142 142 142 142 142
142 142 142 142 142 142 142 142 142
142 142 142 119 142 142 119 119 142 142 142 119 142 142 142 142 142 142 142 142 142 142 142 142 142 142 119 142 142 142 142 142 119
119 119 68 68 68 119 119 119 114 68
142 142 142 142 142 142 142 142
31 119 31 119 119 25 31 119 119
142 142 142 142 142 142 142 142 142 142 142 142 142 142 142 142 142
142 142 142 142 142 142 142
142 142 142 142 142 142 142
142 142 142 142 142 142 142
142 142 142 142 142 142 142
142 142 142 142 142 142 142
142 142 142 142 142 142 142 142
142 142 142 142 142 142 142
119 119 68 119 68 68 119 114 119 68
31 31 42 39 31 31 31 31 31
142 142 142 142 142 142 142 142
142 68 142 68 68 142 142 68 142 142 68
142 142 142 142 142 142 142
142 142 142 142 142 142 142 142 142 142 142 142 142 142 142 142 142 142 142 142
142 142 142 142 142 142 142 142 142 142 142 142 142 142
142 142 142 119 119 142 119 142 142 142 119 142 142 142 142 142 142 142 142 142 142 119 142 142 142 142 119
142 142 142 142 142 142 142 142 142 142
68 31 31 54 68 68 68 31
68 68 68 68 68 68 97 68 97 87
142 142 142 142 142 142 142 142
68 68 142 68 97 68 87 68 68 68 142 68 87 142 142
68 119 61 119 119 119 68 119 68 68
119 119 68 68 119 114 119 119 68 68
31 68 31 20 68 68 68 31
142 142 142 142 142 142 142 142 142
142 142 31 142 87 68 142 31 68 23 142 87 142 31 87
142 68 68 68 88 87 11 31 68 142 31 68 142 68 11 68 31 68 68 142 142 142 68
130 119 119 119 119 119 119 119 119 130
142 114 142 114 142 119 142 142 142 119 142 142 142 119 142 142 142 142 68 119 68 142 68 142 142 142 142 142 142
31 61 18 68 31 68 119 119 68 31 119 119
68 11 31 31 39 11 68 11 31 142 31 31 11 68 31 68 11 20 31 11 142 11 142 142 68 142 31 142 68 11 39 73 11 68 142 11 31 31
68 68 119 68 93 142 68 142 31 68 142 68 119 142 119 68 68 68 142 119 142 31 68 68 31 119 68
68 68 142 142 142 68 142 68 68 142 142 142 142 142
142 142 142 142 142 142 142
142 142 142 142 142 142 142 142 142 142 142 142 142 142 142 142 142 142 142 142 142 142 142 142 142 142 142 142 142
142 31 31 142 142 31 142 142 142 142 31
142 142 142 142 142 142 142
142 119 119 142 119 142 142 119 142 119 142 119 119 119 119 142 119 130
142 142 142 142 142 142 142 142 142 142 142 142 142 142 142 142 142 142 142 142 142 142 142 142 142 142 142 142 142 142 142 142 142 142 142 142 142 142
142 142 142 142 142 142 142 142 142 142 142 142 142 142 142 142 142 142 142 142
142 142 142 142 142 142 142 142 142 142 142 142 142 142 142 142 142 142 142 142
142 142 142 142 142 142 142 142 142 142 142 142
142 142 142 142 142 142 142 142 142 142 142 142 142 142 142 142 142
31 142 142 31 142 142 142 142 142 31 31 142
68 68 68 68 7 71 51 119 68 68 119 119 119 68
142 142 142 142 142 142 142
31 119 119 142 31 31 25 119 142 142 119 142 142 142 142 119
142 142 142 142 142 142 142 142 142 142
142 142 142 142 142 142 142 142
119 119 119 119 119 119 119 130 119 119 119
142 142 142 142 142 142 142 142
142 142 142 142 142 142 142 142
142 142 142 142 142 142 142 142 142
31 142 31 142 31 142 31 142 142 142 142
55 142 142 142 119 91 142 142 142 31 111 119 45 119 31 68 110 68 68 142 68 119 68 106 142 142 142 142 68 142 119 17 57 142 51 119 142 142 20 35 142
142 142 142 142 142 142 142 142 142
119 142 119 130 119 119 142 119 142 142 142 142 130 119 142 142 119 119
68 68 68 68 142 142 68 142 142 142 142
142 142 142 142 142 142 142 142 142
142 142 142 142 142 142 142 142 142 142 142 142 142 142
142 142 142 142 142 142 142 142 142
68 61 68 68 119 119 61 119 119
142 142 142 142 142 142 142 142 142 142 142 142 142 142 142 142 142
142 142 142 142 142 142 142
142 142 142 142 142 142 142
68 31 68 142 142 31 142 68 31 31 31 68 142 31 31 68 31 68 31 142 68 77 142 68
142 142 142 119 142 119 142 142 142 119 142 142 142 142 119 142 142 142 119 142 142 142 142 119
119 142 142 119 142 119 142 142 119 119 119 142
68 142 142 142 68 68 68 68 39 142 142 68 54 54 31 142 31 76
142 105 119 142 142 11 142 119 142 68 119 5 68 119 119 68
68 119 61 68 119 68 68 119 119 119
142 142 142 142 142 142 142
142 68 142 142 68 142 68 142 68 68 142
31 119 38 119 119 31 119 17 31 119 106 31 119 119 119 31 119
61 68 68 119 119 68 119 61 119
142 142 142 142 142 142 142 142 142
142 142 142 25 142 22 142 68 119 87 142 142 142 142 142 119 142 142 142 142 142 142 142 142 142 142 31 142 142 142 68 87 142 119 142 142 142 142 142 142 142 80 31
142 142 142 142 142 142 142 142
142 142 142 142 142 142 142 142
142 142 142 142 142 142 142
142 142 68 142 119 119 119 119 119 142 142 68 142 68 142 61 68
142 142 142 142 142 142 142
142 142 142 142 142 142 142 142 142 142 142 142 142 142
142 142 142 142 142 142 142 142 142 142 142 142 142
142 142 142 142 142 142 142 142 142 142 142 142
142 142 142 142 142 142 142
142 142 142 142 142 142 142
142 142 142 142 142 142 142 142 142
119 142 31 110 142 110 119 142 142 142 119 31 119
119 119 142 119 142 142 142 142 119 142 142 142 142 119 119 142
142 142 142 142 142 142 142
142 142 142 142 142 142 142 142 142 142 142
142 142 142 142 142 142 142 142 142 142 142 142
142 142 142 142 142 142 142
31 31 25 119 119 31 119 119 119
142 142 142 142 142 142 142 142 142 142 142 142 142 142 142 142 142 142 142 142 142 142 142 142 142 142 142 142 142 142 142 142 142 142 142 142 142 142
68 68 71 7 68 119 68 68 51 68 119 119 119 68
68 31 31 55 68 68 68 31 31 31 31
114 119 119 68 119 119 119 68 68 68
142 142 142 142 142 142 142
142 68 68 142 142 142 142 142 68 68 142 142 142 142 68 142 142
142 142 142 142 142 142 142 142
31 31 31 31 39 31 31
142 142 142 142 142 142 142
142 142 31 31 31 142 31 142 142 142
142 142 142 142 142 142 142 142
142 142 142 142 142 142 142 142 142 142 142 142 142 142 142 142 142 142 142 142 142 142 142 142 142 142
142 142 142 142 142 142 142
142 142 142 142 142 142 142 142 142 142 142 142 142
142 142 142 142 142 142 142
142 142 142 142 142 142 142
68 68 68 87 68 68 68 68 68
68 68 142 142 119 119 61 142 119 142 68 142 142 68 142 142 142 142 119 119 142 142
68 31 31 119 68 106 119 7 119 119 31 68 68 119 68 106 119 31 119 119 119 119 31 119 119 106 75 119 68 68 31 119 119 119 68
68 142 119 142 119 61 142 142 142 68 142 68 119 142 68 119 119
142 142 142 142 142 142 142 142 142 142 142 142 142 142
142 142 142 142 142 142 142 142 142 142 142 142
142 142 142 142 142 142 142
119 142 68 50 7 142 51 119 68 68 119 119
142 142 142 142 142 142 142 142
68 31 31 68 54 31 68 68
142 142 142 142 142 142 142 142
142 142 142 142 142 142 142 142 142 142
142 142 142 142 142 142 142 142 142
119 142 142 142 142 119 142 119 142 119 142 142 119 119
142 142 142 142 142 142 142 142
142 142 142 142 142 142 142 142 142 142
142 142 142 142 142 142 142 142 142 142 142 142 142 142 142 142 142 142
142 142 142 142 142 142 142 142 142
142 142 142 142 142 142 142 142 142 142 142 142
68 95 68 68 119 68 119 119 31 119 68 119 68 68 68 119 31 68 31 68 68 119 119 68 119 119
142 142 142 142 142 142 142 142 142 142 142 142 142 142 142 142 142 142 142 142 142 142 142
130 119 130 119 119 130 142 142 119 142 119 119
142 142 142 142 142 142 142
142 142 68 68 54 142 68 142 142 142 3 69 54 68 68 142 142 142 142 11 68 142
142 142 142 142 142 142 142 142 142
142 142 142 142 142 142 142 142 142
142 142 142 142 142 142 142
142 142 142 142 142 142 142 142
119 119 119 119 119 119 119 119 119 119 119 119 136 119 119 119
142 142 142 142 142 142 106 142 142 142 142 142 142 142 119 119 142 142 142 142 106 142 142 142 119 142 142 142 142 142 142 11 142 142 142 142 142 142 142 142 142 142 119
61 61 119 142 61 61 142 142 68 142 119
68 68 31 31 68 54 68 31
68 51 68 11 68 11 68
142 142 31 142 142 31 142 142 31 31
142 142 142 142 142 142 142
68 54 31 68 68 68 31 31
142 142 142 142 142 142 142
142 142 142 142 142 142 142 142
142 142 142 142 142 142 142
142 142 142 142 142 142 142
142 142 142 142 142 142 142 142 142 142 142 142 142 142 142 142 142 142 142 142 142 142
68 11 68 68 68 51 11
68 119 54 142 56 119 142 119 68 25 57 41 142 130 142 119 119 31 142 119
142 142 142 142 142 142 142 142 142 142
142 142 142 142 142 142 142
142 142 142 142 142 142 142 142
142 142 142 142 142 142 142
142 31 142 142 142 142 142 142 142 119 31 142 25 142 25 142 142 119 142 142 119 142 142 142 119 142 142 142
142 142 142 142 142 142 142 142
142 142 142 142 142 142 142
68 87 68 68 68 68 68 68 68
11 142 3 142 31 142 142 142 142 11 11 14 11 142 142 31 142 11 142
68 142 68 142 68 142 142 142 142 142 68 142 68
142 142 142 142 142 142 142 142
11 142 142 142 142 5 142 68 68 68 5
142 142 142 142 142 142 142 142 142 142 142 142 142 142 142 142 142 142 142 142
142 142 142 142 142 142 142 142 142 142 142 142 142 142 142 142 142 142 142 142 142 142 142 142 142 142 142
142 142 142 142 142 142 142 142 142 142 142 142 142 142 142 142 142 142 142 142 142 142 142 142 142 142 142 142 142 142 142 142 142 142 142 142 142 142 142 142 142 142 142 142 142
142 142 142 142 142 142 142
142 142 142 142 142 142 142 142 142 142
119 130 119 119 119 119 119 119 119 119 119
68 142 68 68 142 142 68 142 142 68
142 142 142 142 142 142 142
142 142 142 142 142 142 142
142 142 142 119 142 119 142 142 68 119 119 114 68 142 68 119 68 142
119 68 119 68 114 114 119 87 80 87
68 68 51 11 68 68 11
87 68 68 68 68 68 68 87
119 68 119 68 119 119 114 68 68 119
142 142 142 142 142 142 142 142 142 142 142 142 142 142
142 142 142 142 142 142 142
142 142 68 142 142 68 68 68 142 142 68 142
68 68 68 119 119 68 68 68 68 68 119 68 68 94 119 68 68 119
119 142 119 119 119 119 142 142 142 142 142 142 142 119
142 142 142 142 142 142 142
142 142 142 142 142 142 142 142 142 142 142 142 142
142 142 142 142 142 142 142
142 142 142 142 142 142 142 142 142 142
68 31 68 68 68 31 31 54
142 142 142 142 142 142 142 142 142
68 119 142 92 68 142 119 142 142 68 68 51 68 142 142 68 119 51 51 68 68 51 119 119
31 68 68 20 68 31 68 31
68 31 31 68 68 68 31 54
142 142 142 142 142 142 142 142 142 142 142 142 142 142
142 142 68 68 61 142 68 119 68 119 142 142 142 119 142 142 119 142 142 119 142 142 142
142 142 142 142 142 142 142 142 142 142 142 142
68 68 142 142 142 142 68 68 68
68 31 54 68 31 68 68 31
142 142 142 142 142 142 142 142
142 142 142 142 142 142 142 142 142
142 142 142 142 142 142 142 142 142
142 142 142 142 142 142 142
142 142 142 142 142 142 142 142
119 120 142 142 142 142 106 119 130 119 142 119 142 142 119 119 119 11
142 142 142 142 142 142 142 142
142 142 142 142 142 142 142 142 142 142 142 142 142 142 142 142 142 142 142 142 142 142 142 142 142 142 142 142 142 142 142 142
142 142 142 142 142 142 142 142 142 142 142 142 142 142 142 142 142 142 142 142 142 142 142 142 142 142 142 142 142 142 142 142
142 142 142 142 142 142 142
142 142 142 142 142 142 142 142 142 142
31 31 119 119 25 119 31 119 119
142 142 142 142 142 142 142 142 142
119 119 119 119 130 119 119 119 119 119 119
142 142 142 142 142 142 142 142
142 142 142 142 142 142 142
119 142 142 119 119 142 119 119 119 119 119 142 130 119 142 119 142
142 142 142 142 142 142 142 142 142
142 142 142 142 142 142 142
142 142 142 142 142 142 142
142 142 142 142 142 142 142
142 142 142 142 142 142 142
142 142 142 142 142 142 142 142
142 142 142 31 31 31 142 142 142 142 31
142 68 68 68 68 142 142 142 142 68
119 119 119 119 119 130 119 119 130 119
142 142 142 142 142 142 142 142 142 142 142 142 142 142 142 142 142 142 142 142 142 142 142 142 142 142 142 142 142 142 142 142
142 142 142 142 142 142 142
68 68 68 119 80 119 119 68 68 68 119 119 68 68
119 130 119 119 130 119 119 119 119 119
119 119 130 119 119 119 119 119 119 119 119
142 142 142 142 142 142 142
119 68 68 119 119 119 68 114 68 119
119 68 114 68 119 119 119 68 68 119
119 119 119 119 119 119 68 119 31 54 110 68 119 31 119 31 125 54
142 142 142 142 142 142 142 142
142 142 142 142 142 142 142 142 142 142 142 142 142 142 142 142 142 142 142 142 142 142 142 142 142 142 142 142 142 142 142 142
142 142 142 142 142 142 142
142 142 142 142 142 142 142
142 142 142 142 142 142 142 142
142 142 142 142 142 142 142
31 119 119 119 119 119 26 119 119 31 119 119 31 119
142 142 142 142 142 142 142
142 142 142 119 119 119 142 142 119 142 119 119
142 142 142 142 142 142 142
68 31 68 54 31 31 68 68
68 119 119 68 68 80 68 119 68 119 68 68 119 68
142 68 142 68 142 142 68 68 142 68 142
142 142 142 142 142 142 142 142
142 142 142 142 142 142 142 142 142 142 142 142 142 142 142 142 142 142
142 142 142 142 142 142 142
142 142 142 142 142 142 142
142 142 142 142 142 142 142 142
11 142 142 142 142 142 142 11 142 142 142 142 142 142 11
142 142 68 142 68 142 142 142 68 142 68 142 68
142 142 142 142 142 142 142
142 68 142 68 68 142 142 142 68 142 68
142 142 142 142 142 142 142 142 142 142 142
31 31 31 31 39 31 31
142 142 142 142 142 142 142
142 142 142 142 142 142 142 142 142 142 142 142 142 142 142
142 142 142 142 142 142 142 142 142
142 142 142 142 142 142 142 142 142 142 142 142 142 142 142 142 142 142
142 142 142 142 142 142 142
68 68 68 68 87 68 68 68 68
142 142 142 142 142 142 142 142
119 130 119 119 119 119 119 119 119 119 119
25 119 119 119 30 30 119 119 25 119 119 119 119 130 119 119 119
142 142 142 142 142 142 142
142 142 142 142 142 142 142 142 142 142
68 68 142 142 68 68 68 142 68 142 68 68 142 142 87 142
142 142 142 142 142 142 142 142 142
142 142 142 142 142 142 142
142 31 142 31 142 142 31 142 31 142
142 142 142 142 142 142 142 142
142 142 142 142 142 142 142 142 142 142 142 142 142 142 142 142 142 142 142 142 142 142 142 142 142 142 142 142 142 142
142 142 142 142 142 142 142 142 142 142 142 142 142 142 142 142 142 142 142 142 142 142 142 142 142 142 142 142 142 142 142 142
142 142 142 142 142 142 142 142
68 68 142 68 87 68 142 142 68 142 142 68 68 142 68 142
142 142 142 142 142 142 142 142 142 142 142 142
142 142 142 142 142 142 142
31 142 142 142 31 142 31 31 142 142
114 119 119 119 68 119 68 68 119 68
142 142 142 142 142 142 142
142 142 142 142 142 142 142
142 142 142 142 142 142 142 142
142 31 51 68 68 68 68 31 68 142 21 142 31 142 68 11 68 142
119 68 119 68 119 68 68 68 68 68 68 119 68 68 68 118 119 68
142 31 142 31 142 142 31 142 31 31 31 142 39 142
142 142 142 142 142 142 142 142
31 31 31 31 31 31 39
119 119 119 87 68 119 142 119 119 139 119 106 142 119 142 119 110 110 68 68 68 119 7 68 68 142 142 119 142 68 119 110 119 68 68 119 119 68
142 142 142 142 142 142 142
142 142 142 142 142 142 142 142 142
142 142 142 142 142 142 142
142 142 142 142 142 142 142
68 87 68 68 87 68 87
142 142 142 142 142 142 142
142 31 142 142 142 142 142 31 142 142 142 142 31 142 142 142 142 142 142 142 142 142 142 142 142 31 142 142 142 142 142 142 142
142 142 142 142 142 142 142 142 142
119 142 142 119 142 119 142 142 119 119 119 142
119 119 119 119 119 119 119 130 119 119 119
142 142 142 142 142 142 142 142 142 142 142 142 142 142 142 142 142 142 142 142 142 142 142 142 142 142 142 142 142 142 142
119 119 68 68 119 68 114 119 119 68
119 119 106 119 119 11 119 11
61 68 119 119 61 68 68 119 119
114 119 119 68 119 119 119 68 68 68
142 142 142 142 142 142 142
68 68 68 68 68 68 68 5 68 68 68 68 68 68 51 31 68 68 68 68 31 54 100
68 119 79 68 142 142 68 110 142 68 142 68 110 68 142 119 31 119 68 68
142 142 142 142 142 142 142 142 142 142 142 142 142
142 142 142 142 142 142 142
142 68 142 142 68 68 68 142 142 68 142 142 68 142 68 142 68 68 142 97 68 142 68 142 142 68 142
142 142 142 142 142 142 142 142
142 142 142 142 142 142 142
68 68 54 31 31 68 31 68
142 142 142 142 142 142 142 142 142 142 142 142 142 142 142 142 142 142
142 142 142 142 142 142 142
68 31 11 68 68 31 17 68 53
142 142 142 142 142 142 142 142
142 142 142 142 142 142 142
68 119 119 68 119 68 61 119 119 68
31 31 31 31 68 31 31 68 68 68 33
142 142 142 142 142 142 142 142 142
142 142 142 142 142 142 142
68 142 142 142 68 119 142 11 142 142 68 142 68 119 142 142 106 142 142 58 119 142 119 142
119 119 119 119 119 119 130 119 119 119 119
142 142 142 142 142 142 142
68 68 119 68 68 31 31 31 119 68 68 119 79 68 68 119 119
142 119 142 68 142 31 142 142 119 31 68 119 119 68 31 142 119 113 68 142
142 142 142 142 142 142 142
142 142 142 142 142 142 142
142 142 68 142 142 142 142 142 142 142 68 142 68 142 142 142 142 68 68 142 142 142
142 142 142 142 142 142 142
142 142 142 142 142 142 142 142 142 142 142 142 142 142 142 142 142 142 142 142 142 142 142 142 142 142 142 142 142 142 142 142
142 142 142 142 142 142 142
142 142 142 142 142 142 142
31 31 119 119 119 25 31 119 119
68 142 119 119 68 119 119 142 119 119 119 68 119 142 119 119 119 142 65 130 119 68 142 119
142 142 142 142 142 142 142
142 142 142 142 142 142 142 142
142 142 142 142 142 142 142 142
68 119 142 119 119 119 119 142 68 58 68 142 51 142 142 11
142 142 142 142 142 142 142 142
142 119 142 119 119 142 119 119 142 142 119 142
142 142 142 142 142 142 142
119 119 110 110 119 119 122 119 119 122
142 142 142 142 142 142 142
142 142 142 142 142 142 142
119 68 126 119 119 68 119 119 119 114 119 119 119 68
142 142 142 142 119 119 119 119 142 142 142 142 142 142 119 119 142 142 142
119 119 130 119 119 119 119 119 119 119 119
54 68 68 31 31 31 68 68
142 142 142 142 142 142 142 142 142 142 142 142 142 142 142 142 142 142 142 142 142 142 142 142 142 142 142 142 142 142 142 142 142 142 142 142 142 142 142 142 142 142 142 142 142 142 142 142 142 142 142 142 142 142 142 142 142 142 142 142
142 142 142 142 142 142 142
119 119 119 119 130 119 119 119 119 119 119
142 142 142 142 142 142 142
142 142 142 142 142 142 142
142 142 142 142 142 142 142
68 61 68 68 68 119 119 119 79 68 31 31 119 68 31 68
119 142 142 119 142 142 142 142 119 119 119 119 142 142 130 119 142 119 119 142 142 119
142 142 119 142 119 142 142 119 119 142 119 142 142 142 119
68 142 68 68 68 142 142 142 68 142 142 142
142 142 142 142 142 142 119 142 142 114 68 119 119 142 142 142 68 142 142 68 68 119 142 119 142 142
142 142 142 142 142 142 142
142 142 142 142 142 142 142 142 142 142 142 142 142 142 142 142 142 142 142 142 142 142 142 142 142 142 142 142 142 142 142 142 142 142 142 142 142 142 142 142 142 142 142 142 142 142 142 142 142 142 142 142 142 142 142 142 142 142 142 142 142 142 142 142 142 142 142 142 142 142 142 142 142 142 142 142 142 142 142 142 142 142 142 142 142 142 142 142 142
142 142 142 142 142 142 142
119 119 114 68 119 68 119 68 68 119
142 142 142 142 142 142 142 142 142 142 142
142 142 142 142 142 142 142 142 142
31 68 68 31 31 142 68 142 51 11 31 68 142 68 34 68 142 31 142 68 31
119 119 119 119 142 142 119 142 142 142 142 142 142 119
119 119 142 119 142 142 130 119 142 119 119 119 142 119 119 119 142 142
142 142 142 142 142 142 142
142 142 142 142 142 142 142
142 142 142 142 142 142 142
142 142 142 142 142 142 142 142
119 142 119 142 119 119 142 142 142 119 119 142
142 142 142 142 142 142 142 142 142 142 142 142 142 142 142 142 142 142 142 142 142 142 142 142 142 142 142 142 142 142 142
142 142 142 142 142 142 142 142 142 142 142 142 142 142 142
142 142 142 142 142 142 142 142 142 142 142 142 142 142 142 142 142 142 142 142 142 142 142 142 142 142 142 142 142 142 142 142
31 119 31 31 119 119 29 119 119 119 119 119 119 119 119 119 119 119 119
142 142 142 68 68 119 142 142 68 119 68 142 119 61 119 119
142 142 142 142 142 142 142
142 142 142 142 142 142 142 142 142 142 142 142 142 142 142 142 142 142 142 142 142 142 142 142 142 142 142 142 142 142 142 142 142 142 142 142 142 142 142 142 142 142 142
119 142 68 142 119 68 68 142 119 142 68 114 119 142 119
142 142 142 142 142 142 142
142 142 142 142 142 142 142
119 119 110 119 31 119 31 31 119
142 142 142 142 142 142 142 142 142
142 142 142 142 142 142 142
68 68 68 68 68 68 87 68 68
142 142 142 142 142 142 142 142 142 142 142 142 142 142 142 142 142 142 142 142 142 142 142
142 142 142 142 142 142 142
142 142 142 142 142 142 142
142 142 142 142 142 142 142 142 142
142 142 142 142 142 142 142
142 142 142 142 142 142 142
142 142 142 142 142 142 142 142 142 142 142 142 142 142 142 142 142
142 142 142 142 142 142 142
119 119 114 68 119 68 119 68 68 119
142 142 119 119 119 142 142 142 119 119 119 142
119 142 119 126 142 68 119 119 119 142 119 61 142 126 142 68 119 142
68 142 68 142 142 142 68 142 142 142 68 68 142 142
119 119 119 119 119 119 119 119 119 130 119
119 119 119 119 119 119 119 119 130 119 119
142 142 142 142 142 142 142 142 142 142 142 142 142 142 142 142 142
68 142 68 142 68 142 142 142 142 68 68
142 142 142 142 142 142 142 142 142 142 142 142 142 142 142 142 142 142 142 142 142 142 142 142 142 142 142 142 142 142 142 142
142 142 142 142 142 142 142 142 142 142 142 142 142 142 142 142 142
119 119 119 68 68 119 68 114 68 119
142 142 142 142 142 142 142
142 142 142 142 142 142 142
142 142 142 142 142 142 142
119 119 119 119 68 68 114 119 68 68
119 119 142 142 142 142 142 142 142 142 119 142 142 119 119 119 142 142 142 119 142 142 119 142 119 142 142 142 136 142 142 119 142 142 142 119 142 142 142 142 119 142 119 119 119 142
142 142 142 142 142 142 142 142 142 142 142 142 142 142 142 142 142 142 142 142
130 119 119 119 119 130 119 119 119 119
142 142 142 142 142 142 142
142 142 142 142 142 142 142
119 142 119 142 119 142 142 119 119 119 130 119 119 142 142 119 119
7 119 119 119 119 119 119 119 7 119 9 119 119 119 119 119
31 142 20 31 68 31 142 142 142 68 142 142 142 142 142 142 142 68 142 68 142 142
119 130 119 119 119 119 119 119 119 119 119
142 142 142 142 142 142 142
31 119 119 25 31 119 31 119 119
142 142 142 142 142 142 142 142 142 142 142 142 142
119 51 68 68 11 68 68 68 68 117 119 142 142 68 142 68 119 119 142 119 68 68 68
142 68 142 68 68 142 68 142 142 142 68
119 11 142 142 142 119 142 119 119 142 106 142 142 142 142 142 142 142 106
142 11 142 142 11 11 142 142 142 142 142 142 142 142
142 142 142 142 142 142 142 142 142
142 142 142 142 142 142 142
142 142 142 142 142 142 142
142 142 142 142 142 142 142 142 142 142 142 142 142 142 142 142 142 142 142 142 142 142 142 142 142 142 142 142 142 142 142 142 142 142 142 142 142 142 142 142 142 142 142 142 142 142 142 142 142 142 142
142 142 142 142 142 142 142 142
142 142 142 142 142 142 142
119 120 119 142 119 119 142 119 119 142 119 106 119 11 142 142 119 142
68 119 119 68 119 68 119 68 61 119
142 142 142 142 142 142 142 142
68 54 68 68 31 54 31
68 68 110 119 68 119 119 68 68 119 119 119 86 31 119 68 119 119 119 119 119 119 119 119 119 119 68 31 119 119 68 119 119 119 119 119
142 142 142 142 142 142 142 142 142 142 142 142 142 142 142 142 142 142 142 142 142 142 142 142 142 142 142 142 142 142
142 142 142 142 142 142 142 142 142 142 142 142 142 142 142 142 142 142
142 142 142 142 142 142 142 142 142 142 142 142 142 142 142 142 142
119 142 142 142 130 119 142 119 119 142 119 119 119 142 119 119 142 119
68 68 142 142 142 68 142 68 68 142 142
68 142 142 142 68 142 142 142 142 142 142 68 142 142 142 87 142 68 142 142 142 68 68 142 142 68 142 142 68
119 142 142 142 119 119 142 142 142 119 119 119
142 142 142 142 142 142 142
142 142 142 142 142 142 142
142 142 142 142 142 142 142
119 31 119 68 68 106 68 68 119 119 68 7 119 119 119 68 68 119 28 119 119 31 119 119 31 68 119
119 110 31 31 31 119 119 119 119
142 142 142 142 142 142 142 142 142 142
142 142 142 142 142 142 142
142 142 142 142 142 142 142 142 142 142
121 106 119 119 119 119 106 7 106 119 119
142 142 142 142 142 142 142
68 68 142 142 68 142 68 142 68 142 142
31 68 68 20 68 31 68 31
142 119 142 142 120 106 119 142 142 119 11 119 119 119 119 119 119
142 142 142 142 142 142 142
142 142 142 142 142 142 142 142 142
142 142 142 142 142 142 142
142 142 142 142 142 142 142
119 31 11 13 31 119 119 119 108 119 17
142 142 142 142 142 142 142
142 142 142 142 142 142 142
68 142 142 68 68 142 142 68 142 142 68
142 142 31 142 142 142 31 31 31 142 142
142 142 142 142 142 142 142 142 142
142 142 142 142 142 142 142
126 119 119 68 68 119 119 119 119 68 119 119 119 119 68
142 142 142 142 142 142 142 142 142 142 142 142 142 142 142 142 142 142 142 142 142 142 142 142 142 142 142 142 142 142
142 142 142 142 142 142 142 142
142 142 142 142 142 142 142
119 142 142 142 106 11 119 142 106 142 119 119 142 142
142 142 142 142 142 142 142 142
142 142 142 142 142 142 142
142 119 119 142 142 119 142 142 119 142 119 119
142 142 142 142 142 142 142
116 119 68 119 119 68 68 68 119 68 68 68 119 68
31 39 31 31 31 31 31
68 119 119 31 119 31 119 31 68 68 59 119 68
106 119 119 7 119 119 119 120 119 119 119
142 142 142 142 142 142 142 142
142 142 142 142 142 142 142
142 119 119 142 142 119 142 142 119 142 119 119
119 119 119 119 119 119 119 119 130 119 119
142 142 142 142 142 142 142
142 142 142 142 142 142 142 142
68 68 31 119 68 89 68 68 68 119 68 68 119 68 68 119 31 119 68 68 31
142 142 142 142 142 142 142
142 142 142 142 142 142 142
142 142 142 142 142 142 142
68 119 68 119 119 61 68 68 119 119
142 142 142 142 142 142 142
119 142 142 142 142 119 119 119 119 142 119 142
119 119 31 20 68 119 119 68 109 31 68 119
142 142 31 142 142 31 31 142 31 142 142
119 119 119 119 119 142 142 142 142 142 142 142 142 119
142 142 142 142 142 142 142
142 142 142 142 142 142 142
142 142 142 142 142 142 142 142
142 142 142 142 142 142 142 142 142 142 142 142 142 142 142 142 142 142 142 142 142 142 142 142 142 142 142 142 142 142
142 142 142 142 142 142 142
142 142 142 142 142 142 142 142 142
142 142 142 142 142 142 142
119 119 119 119 119 119 119 130 119 119 119
142 142 142 142 142 142 142 142
142 142 142 142 142 142 142 142 142 142 142 142 142
142 142 142 142 142 142 142
142 142 142 142 142 142 142 142
142 142 142 142 142 142 142 142 142 142 142 142 142 142 142
142 142 142 142 142 142 142
142 142 142 142 142 142 142 142
142 142 142 142 142 142 142
142 142 142 142 142 142 142 142 142 142 142
31 31 142 142 119 142 119 31 25 142 119 119 119 142
142 142 142 142 142 142 142
142 142 142 142 142 142 142
68 68 68 87 68 87 68 68
142 142 142 142 142 142 142 142 142 142
142 142 142 142 142 142 142
119 119 142 119 142 119 142 142 142 119 119 142 142
142 142 142 142 142 142 142 142 142 142 142 142 142 142 142 142 142 142 142 142 142 142 142 142 142 142 142 142 142 142 142 142 142 142 142 142 142 142 142 142 142 142 142 142 142 142 142 142 142 142 142
119 119 119 119 119 119 119 119 130 119 119
142 142 142 142 142 142 142 142 142 142 142 142 142 142 142 142 142 142
68 31 31 54 31 68 68 68
142 142 142 142 142 142 142 142
142 142 142 142 142 142 142
68 68 68 68 142 142 142 142 142 68 142
142 142 142 142 142 142 142 142 142 142
142 142 142 142 142 142 142
142 142 142 142 142 142 142 142
119 119 119 126 68 68 119 68 119 119 68 119 119 119 119
119 119 142 119 142 142 142 119 119 142 119
114 119 119 68 119 119 68 68 68 119
142 142 142 142 142 142 142
142 142 142 142 142 142 142
142 142 142 142 142 142 142 142 142 142 142 142 142 142 142
68 68 119 119 68 61 119 119 68 119
68 68 68 55 31 31 31 31 68 31 31
142 142 142 142 142 68 68 68 142 68 68
142 142 142 142 142 142 142 142
142 142 142 142 142 142 142
68 68 142 142 142 68 142 142 68 68 142
142 142 142 142 142 142 142 142
68 68 87 68 68 68 68 68 68
119 68 68 119 114 68 119 68 119 119
142 142 142 142 142 142 142
142 142 142 142 142 142 142
142 142 142 142 142 142 142 142 142 142
142 142 142 142 142 142 142 142 142 142 142 142 142 142 142
142 142 142 142 142 142 142 142 142 142
142 142 142 142 142 142 142
119 119 142 68 119 11 119 142 119 119 119 119 68 120 142 11 119 68 119 51 119 142 119 119 133 142
142 142 142 142 142 142 142
142 142 142 142 142 142 142 142 142 142 142 142 142 142 142 142 142 142
68 68 68 54 68 31 31 68 68 68 31 31 76 31
119 31 119 119 142 142 119 31 142 119 31 124 119 68 119 119 31 142 31 142 68 119 68 142 119 31 68
68 119 119 68 68 68 119 68 68 80 68 119 68 119
142 142 142 142 142 142 142 142
142 142 142 142 142 142 142 142
110 119 119 119 31 31 31 119 119
142 142 142 142 142 142 142 142
142 142 142 142 142 142 142 142 142
142 142 142 142 142 142 142
119 119 31 31 31 119 110 119 119
142 142 142 142 142 142 142
142 142 142 142 142 142 142 142
142 142 142 142 142 142 142 142
142 142 142 142 142 142 142 142 142 142 142 142 142 142 142 142 142 142 142 142 142 142 142 142 142 142 142 142 142 142 142 142 142 142 142 142 142 142 142 142 142 142 142 142 142 142 142
142 142 142 142 142 142 142
142 142 142 142 142 142 142 142 142
142 142 142 142 142 142 142
142 142 142 142 142 142 142
119 119 119 119 106 11 11 119
142 142 142 142 142 142 142 142 142 142 142 142 142 142 142 142 142 142
142 142 142 142 142 142 142
142 142 142 142 142 142 142 142 142 142 142 142 142 142 142 142 142 142
119 119 119 68 68 114 119 114 68
142 142 142 142 142 142 142 142 142 142 142 142
142 142 142 142 142 142 142 142 142 142 142 142 142
119 68 119 128 97 119 68 119 97 68 68 68 119 119 68 68 119 119 119 119 97
142 142 142 142 142 142 142 142 142 142 142 142 142 142 142 142 142 142 142 142 142 142 142 142 142 142 142 142 142 142 142 142 142 142 142 142 142 142 142 142 142 142 142 142 142 142 142 142 142 142 142 142 142 142 142 142 142 142 142
142 142 142 142 142 142 142 142
142 142 142 142 142 142 142 142 142 142 142 142 142 142 142
119 68 119 119 114 119 119 68 68 68
142 142 142 142 142 142 142
142 142 142 142 142 142 142
110 68 119 68 119 119 67 137 119 119 25 68 119 119 119 119 130 119 61 119
142 119 119 119 142 119 119 142 142 142 142 142 142 119 142
142 142 142 142 142 142 142 142 142
130 119 119 119 119 119 119 119 119 119 119
142 142 142 142 142 142 142
142 142 142 142 142 142 142 142 142 142 142 142
142 142 142 142 142 142 142 142 142 142 142 142 142 142 142
142 142 142 142 142 142 142 142 142 142 142 142 142 142 142 142 142 142 142 142 142 142 142 142 142 142 142 142 142 142
142 142 142 142 142 142 142 142 142 142
114 119 119 68 68 119 119 68 68 119
142 31 142 142 31 31 142 142 31 142
119 142 119 119 119 130 119 142 119 142 119 119 142 119 142 119 142
142 142 142 142 142 142 142 142 142 142 142 142 142 142 142 142 142 142 142 142 142 142 142 142 142 142 142 142 142 142 142 142 142 142 142 142 142 142 142 142 142 142 142
68 31 54 68 31 31 68 68
142 142 142 142 142 142 142
142 142 142 68 68 68 68 68 142 142 142 142
31 42 31 31 31 31 31 31 31 31
142 142 142 142 142 142 142
142 142 142 142 142 142 142
119 119 119 68 119 68 68 119 114 68
142 142 142 142 142 142 142 142
142 142 142 142 142 142 142
119 130 119 119 119 119 119 119 119 119 119
68 142 119 119 68 142 142 68 119 68 68 142 119 68 119 119 68 119 119 119 68 68 119 119 119 119 68 142 68 142 68 119 119 96
119 31 119 31 110 119 119 119 31
61 68 119 119 119 119 119 68 68 68
142 142 142 142 142 142 142 142
142 142 142 142 142 142 142 142 142 142 142 142 142 142 142 142 142 142 142 142 142 142 142 142 142 142 142 142 142 142 142 142 142 142 142 142 142 142 142 142 142 142 142 142 142 142 142 142 142 142 142
68 142 68 68 142 68 142 68 142 142 142
142 142 142 142 142 142 142
68 68 68 68 68 68 68 68 87
142 142 142 142 142 142 142 142 142 142 142 142 142 142 142 142 142 142 142 142 142 142 142 142 142 142 142 142 142 142 142 142
119 119 119 119 119 142 142 142 142 119 142 142
119 130 119 119 119 119 130 130 119
142 142 142 142 142 142 142
142 142 142 142 142 142 142 142 142
142 142 142 142 142 142 142
119 119 110 119 68 109 109 68 20
142 142 142 142 142 142 142
68 119 68 62 119 119 119 119 119 119 119 119 119 31 31 31 68 68
142 142 142 142 142 142 142
142 142 142 142 142 142 142 142 142
142 142 142 142 142 142 142
142 142 142 142 142 142 142 142
142 142 142 142 142 142 142 142 142 142 142 142 142 142 142 142 142
68 61 119 119 68 119 119 68 119 68
113 119 142 68 110 110 142 142 142 68 142 54 119 142 68 142 119 142
119 130 119 119 119 130 119 119 119 119
142 142 142 142 142 142 142 142 142 142 142 142 142 142 142 142 142 142 142 142 142 142 142 142 142 142 142 142 142 142 142 142 142 142 142 142 142 142 142 142 142 142 142 142 142 142 142 142
68 68 72 142 11 142 68 142 68 51 142 68 68 68 142 142 142 142 142
142 142 142 142 142 142 142 142 142 142 142 142 142 142 142 142 142 142
142 142 142 142 142 142 142 142 142
119 119 119 119 119 119 119 119 119 119 130
142 142 142 142 142 142 142 142 142 142 142 142 142 142 142 142 142 142 142 142 142 142 142 142 142 142 142 142 142 142 142 142 142 142 142 142 142 142 142 142 142 142 142 142 142 142 142 142 142 142 142
119 119 119 119 119 130 119 119 119 119 119
119 68 119 119 68 119 68 114 68 119
142 142 142 142 142 142 142
119 142 119 119 119 142 119 142 142 142 142 142 142 119
142 142 119 142 119 107 142 142 142 142 142 142 31 31 31 142 106 119 11 119 142
97 68 68 97 68 97 97
119 119 142 142 142 142 142 119 119 119 142 142 142 119 142 142 142 142 142
142 142 119 142 119 119 142 119 142 119 142 142 142 119
142 142 142 142 142 142 142
142 142 142 68 142 68 142 68 142 142 142 142 142 142 142 68 142 142 142 142 68 142
119 119 119 142 142 142 119 142 119 142 119 142
31 119 119 119 68 119 119 106 119 119 51 119 119 68 119 119 31 119 68 27 119 119 31
142 142 142 142 142 142 142 142
87 68 87 68 87 68 68
142 142 68 142 87 142 142 68 68 68 68 68 142 68 68
68 142 68 142 142 68 68 142 68 142
142 142 142 142 142 142 142 142 142 142 142 142 142 142 142 142 142 142
142 142 142 142 142 142 142
142 119 119 119 142 119 142 119 142 119 142 142
119 114 68 119 68 68 68 119 119 119
142 142 142 142 142 142 142
142 142 142 142 142 142 142
142 142 142 142 142 142 142
31 119 119 31 119 31 119 25 119
142 142 142 142 142 142 142 142 142 142 142 142 142 142 142 142 142 142 142 142 142 142 142 142 142 142 142 142 142 142 142 142
142 142 142 142 142 142 142 142 142
142 68 68 142 142 68 68 142 68 142 142
68 68 68 68 31 68 68 68 31 74 31 68
119 119 142 142 119 119 119 142 119 142 142 142 142
119 119 130 119 119 119 119 119 119 119 119
68 119 61 61 119 119 119 68 68
142 142 142 142 142 142 142 142 142 142
142 119 119 119 119 142 142 119 142 119 142 142
142 142 142 142 142 142 142 142
119 31 110 142 142 142 142 110 142 119 119 110
7 142 142 142 142 119 142 142 142 119 130 119 119 119 119 142 142 142 10 119 119 130 142 142 119 7 119 119 119 142 119 119 119 142 119 119 119 142 119 142
142 142 142 142 142 142 142
119 119 68 119 119 68 119 114 68 68
68 142 142 142 68 68 68 142 142 68 142
142 142 142 142 142 142 142
119 119 119 130 119 119 119 119 119 119 119
31 31 68 20 68 31 68 68
142 142 142 142 142 142 142
142 119 119 119 142 119 119 119 119 142 119 119 119 119 68 119 119 142 119 119 119 68 142 68 119 142 68 138 119 119 142 119 142 142
142 142 142 142 142 142 142 142 142 142 142 142 142 142 142 142 142 142 142 142 142 142 142 142 142 142 142 142 142 142 142 142 142 142 142 142 142 142 142 142 142 142 142 142 142 142 142 142 142 142 142 142 142 142
119 130 119 119 119 119 119 130 119 119 119 119 119 136
119 119 119 119 119 119 119 119 119 119 130
142 142 142 142 142 142 142 142 142 142 142 142 142 142 142 142 142 142 142 142 142 142 142 142 142 142 142 142 142 142 142 142
142 142 142 142 142 142 142
68 68 119 119 68 61 119 68 119 119
142 142 142 142 142 142 142
142 142 142 142 142 142 142
142 142 142 142 142 142 142 142
142 142 142 142 142 142 142 142 142 142 142 142 142 142
142 142 142 142 142 142 142 142 142 142 142 142 142 142 142 142 142 142 142 142 142 142 142 142 142 142 142 142 142 142 142 142 142 142
68 142 68 142 87 142 68 68 87 142 68 68 142 142 97 99 142 87 142 68
142 142 142 142 142 142 142 142 142 142 142
142 142 142 142 142 142 142 142 142 142 142 142 142 142
142 142 142 142 142 142 142 142 142 142 142
142 142 31 142 31 142 142 142 142 142 142 142 31 31
142 142 142 142 142 142 142 142 142 142 142 142
142 142 142 142 142 142 142 142 142 142
142 142 142 142 142 142 142 142
130 119 130 130 130 130 119
142 142 142 142 142 142 142 142 142
142 142 142 142 142 142 142 142 142 142 142
142 142 142 142 142 142 142 142 142 142 142 142 142 142 142 142 142
142 142 142 142 142 142 142 142
119 130 130 142 142 142 119 142 142 119 119 130 130 142 142
142 142 142 142 142 142 142 142
142 142 142 142 142 142 142 142 142 142 142 142 142 142 142 142 142 142 142 142
142 142 142 142 142 142 142 142
142 142 142 142 142 142 142 142
142 142 142 142 142 142 142 142 142 142 142
68 119 119 61 68 119 68 68 119 119
142 142 142 142 142 142 142 142 142 142 142 142 142 142 142 142 142 142 142 142 142 142 142 142 142
142 142 142 142 142 142 142
142 142 142 142 142 142 142
142 142 142 142 142 142 142 142 142
87 68 68 68 68 68 68 68 68
142 142 142 142 142 142 142 142 142
142 142 142 142 142 142 142 142
142 142 142 142 142 142 142
142 142 142 142 142 142 142
142 142 142 142 142 142 142
142 142 142 142 142 142 142 142 142 142
142 142 142 142 142 142 142 142 142 142
142 142 142 142 142 142 142 142 142
142 142 142 142 142 142 142 142
142 142 142 142 142 142 142 142 142 142 142
142 68 68 142 142 68 142 142 142 142 142 142 142 142 142 142 142 142 142 142 87 142 142 142 142 142 142 142 142 142 142 142 142 87 142 142 142 68 142 68 68 142 142
142 142 142 119 142 142 142 142 119 142 142 142 142 142 142 142 142 142 142 119 142 142 142 119 142 142 119 142 142 119 142 142 142 119 142 142 142 142 119 142 142 130 142 142 142 142 142 142 119 119 142 142 142 142
68 142 31 142 142 142 68 142 31 142 142 142 68 142 31 68 142 142 54 142
142 142 142 142 142 142 142
142 142 142 142 142 142 142 142 142
142 142 142 142 142 142 142 142 142 142 142 142 142 142 142 142 142
142 142 142 142 142 142 142 142 142 142 142 142 142 142 142 142 142 142 142
142 142 142 142 142 142 142 142 142 142 142 142
142 142 142 142 142 142 142
142 142 68 68 68 142 142 68 142 68 142 142 142
142 142 142 142 142 142 142
142 142 142 142 142 142 142 142 142 142 142 142 142 142 142 142 142 142 142 142 142 142 142 142 142 142 142 142 142 142 142
142 142 142 142 142 142 142 142
142 142 142 142 142 142 142
119 119 142 119 119 119 119 142
68 119 61 61 119 61 61
142 142 142 142 142 142 142 142 142
142 142 142 142 142 142 142
142 142 142 142 142 142 142 142
142 142 142 142 142 142 142 142 142 142 142 142 142 142 142
142 142 142 142 142 142 142 142 142 142
142 142 142 142 142 142 142 142
142 142 142 142 142 142 142 142 142 142 142 142 142 142 142 142 142
142 142 142 142 142 142 142 142 142
142 142 142 142 142 68 142 142 142 142 142 142 142 68 142 142 68 142 142 142 142 142 68 142 142 142 142 142 142 142 142 142 68 142 142
142 68 142 68 142 142 142 68 142 68 68 142
142 142 142 142 142 142 142 142 142
31 31 142 31 142 142 142 142 31 142
142 142 142 142 142 142 142 142
119 142 142 142 142 142 142 142 119 142 142 142 119 142 142 142 119 119 142 142 119
142 142 142 142 142 142 142 142 142
142 142 142 142 142 142 142 142 142 142 142 142 142 142 142 142 142
142 142 68 68 68 142 142 68 142 68 142 142 142
142 142 142 142 142 142 142
142 142 142 142 142 142 142 142 142 142 142 142
142 142 142 142 142 142 142 142 142 142 142 142 142
130 68 119 126 68 130 119 119 130 68 119 68
142 142 31 31 142 142 31 142 142 142 142 142 142 142 142 142 142 142 31 142 142 142 142
119 142 142 119 142 119 142 119 142 119 119 142
142 142 142 142 142 142 142 142
142 142 142 142 142 142 142 142 142 142 142 142 142 142
142 142 142 142 142 142 142 142 142 142 142 142 142 142
142 119 119 119 142 142 142 142 119 142 142 142 142 119 142 119
119 142 142 142 119 119 142 142 142 142 142 142 142 142 142 119 142 119 142 142 119
142 142 142 142 142 142 142
142 142 142 142 142 142 142 142
31 142 142 142 31 31 142 142 142 142 142 142 31 142 142 142 142
142 142 142 142 142 142 142 142
142 142 142 142 142 142 142 142
119 119 119 142 142 142 119 142 142 142 119 142 119 142 142
142 142 142 142 142 142 142 142 142
142 142 142 142 142 142 142 142 142
142 142 142 142 142 142 142 142 142 142 142 142
68 68 31 68 68 54 31 31
142 142 142 142 142 142 142 142 142
142 142 119 119 142 130 119 119 130 142 142 130 130
142 142 142 142 142 142 142 142 142
142 142 142 142 142 142 142 142 142 142 142 142 142 142
142 142 142 142 142 142 142 142
142 142 142 142 142 11 142 142 11 142 142 142 142 142 142 142 142 11 142 142 142 142
119 119 126 61 119 61 119 61 68 119 119 119
142 142 142 142 142 142 142 142 142 142 142 142 142
31 142 142 142 142 31 31 142 31 142
142 142 142 142 142 142 142
142 119 119 119 119 119 142 142 142 142 142 142 142 119
142 142 142 142 142 142 142 142 142 142 142 142 142
142 142 142 142 142 142 142 142
142 142 142 142 142 142 142 142 142 142
142 142 142 142 142 142 142 142 142 142 142
119 68 114 114 114 119 114
142 142 142 142 142 142 142
142 142 142 142 142 142 142 142 142 142 142 142 142 142 142 142 142 142
142 142 142 142 142 142 142 142 142 142 142 142 142 142 142 142 142 142 142 142
142 142 142 142 142 142 142 142 142
142 142 142 142 142 142 142 142 142 142 142 142 142 142 142 142 142
142 142 2 0 142 142 31 142 31 142 31
142 142 142 142 142 142 142 142 142 142 142 142 142 142 142 142 142
142 142 142 142 142 142 142 142 142
142 142 142 142 142 142 142 142 142
142 142 119 119 119 142 119 142 119 142 142 119
142 142 142 142 142 142 142
142 142 142 142 142 142 142
142 142 142 142 142 142 142
142 142 142 142 142 142 142 142 142
142 142 142 142 142 142 142 142 142 142 142 142 142 142
142 142 142 142 142 142 142
142 142 142 142 142 142 142 142 142 142 142 142 142 142 142 142 142 142 142
142 142 142 142 142 142 142
68 87 68 68 68 87 87
142 142 142 142 142 142 142 142 142
142 142 142 142 142 142 142
142 142 142 142 142 142 142 142 142 142
119 142 119 142 119 119 142 119 119 142
142 142 142 142 142 142 142 142 142
142 142 142 142 142 142 142 142 142 142 142 142 142 142 142 142 142 142 142 142
142 142 142 142 142 142 142
142 142 142 142 142 142 142 142 142 142 142 142
142 142 142 142 142 142 142 142
142 142 142 142 142 142 142 142 142
142 142 142 142 142 142 142 142 142
142 142 142 142 142 142 142 142 142 142 142 142 142
68 68 142 142 142 68 31 54 142 142 142 142 142 31 68 31
110 142 119 142 119 142 119 119 110 142 142 142 142 142 31 31
142 142 142 142 142 142 142 142
142 142 142 142 142 142 142 142 142 142 142 142 142 142 142
142 31 31 142 142 31 142 31 142 142
142 142 142 142 142 142 142 142 142
142 142 31 142 31 142 142 142 142 142 31 142 142 142 142 142 142 31
142 142 142 142 142 142 142 142 142 142 142 142 142 142 142
142 142 142 142 142 142 142 142 142 142 142 142 142 142 142 142 142 142 142
142 142 142 142 142 142 142 142 142 142 142 142 142 142
142 142 142 142 25 142 31 142 142 119 142 142 142 142 142 142 142 119 142 142 119 142 142 142 142 119 31 119 31
31 142 142 142 142 142 142 142 142 142 142 142 142 31 142 142 31 142 142 142 31 142 142 142 142 142 142
142 142 142 142 142 142 142 142 142 142 142 142 142 142
142 142 142 142 142 142 142 142
119 31 31 31 110 119 119 119 119
142 142 142 142 142 142 142
142 142 142 142 142 142 142 142
142 142 142 142 142 142 142
142 142 142 142 142 142 142 142 142 142 142
142 142 142 142 142 142 142
142 142 142 142 142 142 142 142
142 142 142 142 142 142 142 142
142 142 142 142 142 142 142 142
142 142 142 142 142 142 142 142 142 142 142 142 142 142 142 142 142 142 142 142
142 142 142 142 142 142 142 142
142 142 142 142 142 142 142
68 142 142 68 142 142 68 68 142 68 142
142 68 142 119 142 68 119 119 68 142 142 142 68 119 119 61
142 142 142 142 142 142 142 142 142 142 142 142 142 142 142 142 142 142 142 142
142 142 142 142 142 142 142 142 142 142 142 142 142
142 142 142 142 142 142 142 142 142
142 142 142 142 142 142 142 142 142 142 142 142 142 142
68 68 142 142 68 142 142 142 142 68 142 68 142
119 142 142 119 142 119 142 119 142 119 142 119 142 142
142 142 142 142 142 142 142
142 142 142 142 142 142 142 142
142 142 142 142 142 142 142 142 142
142 142 142 142 142 142 142 142 142 142
119 130 119 119 119 119 119 119 119 119 119
142 142 142 142 142 142 142 142 142
142 114 142 142 119 142 142 68 142 142 142 142 51 142 142 119 114 112 142 119 142 142 142 142 11 142 142
142 142 142 142 142 142 142 142 142 142
142 142 142 142 119 142 119 119 142 142 142 142 142 119 142 142 119 119
142 142 142 142 142 142 142 142 142 142 142 142 142 142 142 142 142 142 142
31 31 31 31 31 39 31
142 142 119 119 142 142 142 142 142 119 142 119 142 142 142 142 142 119 142 142 142 142 119 142 142 130 119 142 142 142 142 142 142 142 142 119 142 119 142 142 119 142 142 142 142 142 142 142 142 142
142 142 142 142 142 142 142
114 126 119 61 114 119 142 119 119 119 142 126
142 142 142 142 142 142 142 142 142 142 142 142
142 142 142 142 142 142 142
142 142 142 142 142 142 142 142 142 142
142 142 142 142 142 142 142 142
142 142 142 142 142 142 142 142 142 142 142 142 142 142 142 142 142 142
142 142 142 142 142 142 142 142 142
142 142 142 142 142 142 142 142 142
142 142 142 142 142 142 142 142 142 142 142 142 142 142 142 142 142
142 142 142 142 142 142 142 142 142 142
142 142 142 142 142 142 142 142 142 142
142 142 142 142 142 142 142
142 142 142 142 119 119 142 119 142 119 142 119 142 119
142 142 142 142 142 142 142 142
119 142 142 142 142 119 142 119 142 119 142 119 119
142 142 142 142 142 142 142
142 142 142 142 142 142 142 142 142
142 142 142 142 142 142 142 142 142 142 142 142 142 142 142 142 142
68 142 68 142 142 142 68 142 68 68 142 142
142 142 142 142 142 142 142
142 142 142 142 142 142 142 142 142
142 142 142 142 142 142 142 142 142 142 142 142
68 142 142 68 31 54 142 31 68 68 142 142 31 142 142
142 142 142 142 142 142 142 142 142 142 142 142 142 142 142 142 142 142 142
142 18 142 142 142 142 142 119 119 31 142 142 142 119 142 142 142 142 68 142 142 142 68 31 142 142 142 142 142 142 68 119 142 142 142 119 68 142 31 142
68 142 142 68 142 142 142 68 68 142 68
142 142 142 142 142 142 142 142 142
142 142 142 142 142 142 142 142
142 142 142 142 142 142 142 142
142 142 142 142 142 142 142 142 142
142 142 142 142 142 142 142
142 142 142 142 142 142 142 142
142 142 142 142 142 142 142 142 142 142
142 142 142 142 142 142 68 142 68 142 142 142 68 68 142 68
142 119 142 142 142 119 119 119 119 142 142 142 119
142 142 142 142 142 142 142
142 142 142 142 142 142 142 142 142
142 142 142 142 142 142 142 142 142 142
142 142 142 142 142 142 142 142 142
142 142 142 142 68 142 142 142 142 142 114 142 119 142 142 142 142 142 142 142 142 142 142 68 142 142 142 142 142 142 142 142 142 142 142 142 142 142 142 142 142 142 142 142 142 142 119 142 142 68 142 142 119 142 142 142 119 142 142 142 142 142 142 142 142 142 142 142 142 142 114 142 142 142 142 142 142 142
119 142 68 142 83 142 114 114 142 68 119 119 114 119 119 68 68 68 142 119 119
142 142 142 142 142 142 142
119 142 40 35 68 31 68 142 119 31 142 142 68 20 68 142 142 119 142 142 142 31 142 142 142 68 68 87 54 142 68 68 142 142 142 142 142 31 31 68 142 119 142 142 119 68
142 142 142 142 142 142 142
68 68 68 68 68 68 68 68 97 68 68 68 68
142 142 68 142 142 142 68 142 142 142 142 68 68 142 142 142 142 142 142 142 142 68 142 142 142 142 142 142
142 142 142 142 142 142 142 142
136 142 136 119 142 119 119 136 142 119 119 119 142 136
142 142 142 142 142 142 142
142 142 142 142 142 142 142 142 142 142 142
142 142 142 142 142 142 142 142 142 142 142 142 142 142
142 142 142 142 142 142 142 142
142 68 142 142 68 142 142 142 68 142 142 142 68 142 142 68
119 119 120 7 106 119 119 119 119 119 119
142 142 142 142 142 142 142 142
68 142 142 142 142 142 68 142 68 142 68 68 142
142 142 142 68 68 142 142 68 142 142 68 142 68
142 142 142 142 142 142 142 142 142 142
142 142 142 142 142 142 142
142 142 142 142 142 142 142 142
142 68 142 142 68 142 142 68 68 68 142
142 142 142 142 142 142 142 142 142 142 142 142 142 142 142 142 142 142 142 142
142 142 142 142 142 142 142
142 142 142 142 142 142 142 142 142 142 142 142 142 142 142 142 142 142
142 142 142 142 142 142 142 142 142 142 142 142 142 142 142 142 142 142 142 142 142 142 142 142 142 142 142 142 142 142 142
142 142 142 142 142 142 142 142 142 142 142
119 119 142 119 119 142 119 119 142 142 142
142 142 142 142 142 142 142 142 142
142 119 142 119 119 142 119 142 142 142 119 119 142
110 119 31 119 31 119 119 31 119
142 142 142 142 142 142 142 142
142 142 142 142 142 142 142
119 142 142 119 142 119 142 119 142 119 142 119 142 142
142 142 142 142 142 142 142 142 142 142 142 142 142 142 142 142 142 142 142 142 142 142 142 142 142 142 142 142 142 142 142 142 142 142 142 142
142 142 142 142 142 142 142
142 142 142 142 142 142 142 142 142 142 142
142 142 142 142 142 142 142
142 142 142 142 142 142 142 142 142 142 142
142 142 142 142 142 142 142
142 142 142 142 142 142 142 142
142 142 142 142 142 142 142
142 142 142 142 142 142 142
142 142 142 142 142 142 142 142 142
142 142 142 142 142 142 142
142 142 142 142 142 142 119 142 142 142 119 142 142 119 119 142 142 142 142 142 142 142 142 142 119 142 142 142 142 142 142 142 142 142 142 142 142 142 142 142 142 142 142 142 119 142 142 142
142 142 142 119 142 142 11 68 7 142 142 142 142 68 142 142 106 142 68 142 11 119 142 142 11 142 119 142 119 52 142 142 119 142 68 119 11 142 119 119 142 142 142
142 142 142 142 142 142 142
142 142 142 142 142 142 142 142 142 142 142 142 142 142 142 142 142
142 142 142 142 142 142 142
142 142 142 142 142 142 142 142
142 142 142 142 142 142 142 142 142 142 142
142 142 142 142 142 142 142 142 142 142 142 142 142 142 142 142 142 142
142 142 142 142 142 142 142 142
119 119 130 142 119 119 119 142 119 142 119 142 142 142 119 119 119
142 142 142 142 142 142 142
142 142 142 142 142 142 142 142 142 142 142 142 142 142
68 142 142 142 142 142 142 142 142 142 142 68 142 68 142 142 142 142 68 142 142 142 68
142 68 142 68 142 142 68 142 142 142 68 142 68
142 142 142 142 142 142 142 142 142 142 142 142 142 142 142 142 142 142 142 142 142 142
142 142 142 142 142 142 142
142 142 142 142 142 142 142 142 142
119 119 142 119 142 142 119 119 119 142 142 142
142 142 142 142 142 142 142 142 142
142 142 11 142 142 142 142 142 11 142 142 11 142 142 142
142 142 142 142 142 142 142 142 142
142 142 142 142 142 142 142 142 119 142 119 142 119 142 142 142 142 142 119 119 142 142 142 142 142 142 142 119 142 142
142 142 142 142 142 142 142 142 142
142 142 142 142 142 142 142 142 142 142 142
114 119 68 119 119 68 68 119 119 68
142 142 142 142 142 142 142 142 142 142 142 142 142 142 142 142 142
142 142 142 142 142 142 142 142
142 142 142 142 142 142 142 142 142
142 142 142 142 142 142 142 142 142 142 142 142 142
142 142 142 142 142 142 142
110 119 31 119 31 119 31 119 119
142 142 142 142 142 142 142 142 142 142 142 142 142
142 142 142 142 142 142 142 142
142 142 142 142 142 142 142 142 142 142
142 142 142 142 142 142 142 142 142
142 142 142 142 142 142 142 142 142 142
119 31 119 119 31 31 119 110 119
142 142 142 142 142 142 142 142
142 142 142 142 142 142 142 142
142 142 119 142 119 119 142 119 119 142 119 142
68 142 142 142 142 142 142 68 142 142 142 68 68 142 142 68 142 142
142 142 142 142 142 142 142
142 142 142 20 20 68 68 142 142 31 142 20 142
106 119 142 119 119 106 142 11 142 142 119 142
142 142 142 142 142 87 142 142 142 142 142 142 142 68 142 142 142 142 68 142 142 142 142 142 142 142 142 142 142 142 142 142 142 142 142 142 142 142 142 142 142 68 142 142 142 142 142 68 142 142 142 142 142 68 142 87 142 68 142 142 142 142 142
142 142 142 142 142 142 142 142
142 142 142 142 142 142 142 142
142 142 142 142 142 142 142 142 142 142 142 142 142
142 142 142 142 142 142 142
142 142 142 142 142 142 142 142 142 142
142 142 142 142 142 142 142 142 142 142 142 11 142 142 142 142 142 142 142 142 142 11 142 142 11
142 142 142 142 142 142 142
142 142 142 119 114 142 142 142 142 114 119 142 142 68 142 142 119 142 142 68 142 142 114
142 142 142 142 142 142 142 142
142 142 142 142 142 142 142 142 142 142
142 119 119 142 142 119 119 119 142 142 119 142
142 142 142 142 142 142 142 142
142 142 142 142 142 142 142 142 142
142 119 119 119 119 142 142 119 119 142 142 119 119 119 119 142 142 130
142 142 142 142 142 142 142
31 142 142 142 142 142 31 31 31 142 142
142 68 142 68 142 142 68 68 68 142 142 142
142 119 31 119 31 106 142 142 107 11 142 31 142 142 119 142 119
142 142 142 142 142 142 142 142 142 142 142 142 142 142
68 87 68 68 87 87 68
68 142 142 68 142 142 142 68 142 68 68 142 142
142 142 142 142 142 142 142
142 142 142 142 142 142 142 142 142
142 142 142 142 142 142 142
142 142 142 142 142 142 142
142 142 142 142 142 142 142
142 142 136 119 136 142 119 142 136 142 142 119 142 142 119 119 142 136 142 119
142 142 142 142 142 142 142
142 142 142 142 142 142 142 142 142 142 142
142 142 142 142 142 142 142 142 142 142 142 142
142 142 142 142 142 142 142 142 142 142 142 142 142 142 142 142
142 142 142 142 142 142 142 142 142 142 142 142 142 142 142 142 142 142 142
142 142 142 142 142 142 142 142 142 142 142 142 142 142 142 142 142 142 142 142 142 142 142 142 142 142 142 142 142 142 142 142 142 142 142 142
142 142 142 142 142 142 142
31 39 31 31 31 31 31
142 142 142 142 142 142 142 142 142 142 142 142 142 142 142 142 142 142 142
142 142 142 142 142 142 142 142 142 142 142 142 142 142 142 142 142 142
142 142 142 142 142 142 142 142 142 142 142
142 142 142 142 142 142 142 142 142 142 142
142 119 142 119 119 142 119 119 142 119 142 142
142 142 142 142 142 142 142 142
142 142 142 142 142 142 142
142 142 142 142 142 142 142 142 142
142 142 142 142 142 142 142 142 142 142 142 142 142 142 142 142 142 142 142
142 142 142 142 142 142 142 142 142 142 142 142 142 142 142 142 142 142 142 142
119 142 142 119 142 119 142 119 142 119 119 142 142 142
119 142 119 142 119 119 142 119 119 142
126 119 119 68 119 68 119 119 119 119 68 119 119 119 68
68 68 119 119 119 119 68 119 61 68
94 68 68 61 68 119 68 61 142 142 68 142 119 142 68 68 68 68 61
68 31 68 68 68 31 31 54
142 142 142 142 142 142 142 142
68 68 68 119 68 119 119 68 80 68 68 119 119 68
142 142 142 142 142 142 142 142 142 142 142 142 142 142
142 142 142 142 142 142 142 142
142 142 142 142 142 142 142 142 142 142 142
142 142 142 142 142 142 142 142 142 142 142 142 142 142 142 142 142 142
142 142 142 142 142 142 142
142 142 142 142 142 142 142 142 142 142 142 142 142 142 142 142 142 142 142 142 142 142 142 142 142 142 142 142 142 142 142 142 142 142 142 142
142 142 142 142 142 142 142
142 142 142 142 142 142 142
142 142 142 142 142 142 142 142 142 142 142 142 142 142 31 20 142 31 68 142 142 20 68 142 142 142 142 142 142 142 68 142
68 68 68 68 68 87 68 68 68
142 142 142 142 142 142 142
142 142 142 142 142 142 142
142 142 142 142 142 142 142 142 142 142 142
142 142 142 142 142 142 142 142
142 142 142 142 142 142 142 142 142 142 142 142 142 142
142 142 142 142 142 142 142 142 142
142 142 142 142 142 142 142 142 142 142 142 142 142 142 142 142 142 142 142 142
142 142 142 142 142 142 142 142
142 142 142 142 142 142 142
142 142 142 142 142 142 142 142
31 142 142 142 142 142 142 142 142 142 142 142 142 31 142 142 31 142 142 142 31 142 142 142 142 142 142
142 142 142 142 11 142 142 142 142 11 11 142 142 142 142 142
142 119 119 142 142 142 142 119 142 119 119 119 142 142 142
142 142 142 142 142 142 142 142 142 142
142 142 142 142 142 142 142 142 142 142
142 142 142 142 142 142 142 142 142 142 142 142
142 142 142 142 142 142 142
142 142 142 142 142 142 142 142 142 142 142
142 142 142 142 142 142 142 142 142 142 142
119 68 68 119 119 68 68 114 119 119
142 142 142 142 142 142 142 142 142
142 142 142 142 142 142 142 142
142 142 142 142 142 142 142
142 119 142 119 119 142 31 142 119 119 142 142 119 119 142 142 142 119 142 142 142 110 142 142 31 119 122
142 142 142 142 142 142 142 142 142 142
142 142 142 142 142 142 142 142
142 142 142 142 142 142 142 142 142
142 142 142 142 142 142 142 142
142 142 142 142 142 142 142
142 142 142 142 142 142 142 142 142
142 142 142 142 142 142 142 142
142 142 142 142 142 142 142
142 142 142 142 142 142 142 142 142
142 142 142 142 142 142 142 142 142 142 142 142 142
142 142 142 142 142 142 142 142 142 142
142 142 142 142 142 142 142 142 142 142
114 142 142 142 142 114 119 68 114 142 119 142 142 142 142 142 142 114
142 142 142 142 142 142 142 142 142
142 142 142 142 142 142 142 142
142 142 142 142 142 142 142
142 142 142 142 142 142 142 142 142 142 142 142 142 142
142 142 142 142 142 142 142 142 142 142 142 142 142 142
142 142 142 142 142 142 142
142 142 142 142 119 142 142 142 142 142 119 106 142 142 11 142 142 142 119 142 142 106 119 142 142
142 142 142 142 142 142 142 142
68 90 68 68 68 68 68 68 68 31 87 31 23
68 68 68 87 68 87 68 68
142 142 142 142 142 142 142 142 142
142 142 142 142 142 142 142 142 142
119 119 142 119 119 119 31 142 119 142 119 136 142 137 31 119 119 142 142 142 142 119 31 119 142 136 142 142 136 142
142 142 142 142 142 8 11 142 142 142 119 130 8 142 130 142 142 142 142 142 142 142 119 119 119 142 142
119 31 119 31 119 31 110 119 119
142 142 142 142 142 142 142 142
142 142 142 142 68 68 68 142 142 68 142 142 142 142 142 68
142 142 142 142 142 142 142
142 142 142 142 142 142 142
142 142 142 142 142 142 142 142 142 142 142
142 142 142 142 142 142 142 142 142
142 142 142 142 142 142 142
142 142 142 142 142 142 142 142 142 142
142 142 142 142 142 142 142
142 142 142 142 142 142 142 142 142 142 142
142 142 142 142 142 68 142 142 142 142 142 142 68 142 142 68 142 142 142 142 142 68 142 142 142 142 142 142 142 142 68 142 142
142 68 68 68 142 142 142 142 142 142 142 68 68
142 142 142 142 142 142 142
142 142 142 142 142 142 142 142
142 142 142 142 142 142 142 142 142
142 142 142 142 142 142 142 142 142 142 142 142 142
142 142 142 142 142 142 142 142 142 142 142 142 142
142 142 142 142 142 142 142 142 142 142 142
142 142 142 142 142 142 142
110 119 119 119 31 31 119 31 119
142 142 142 142 142 142 142
142 142 142 142 142 142 142 142
142 142 142 142 142 142 142
142 119 119 142 142 119 119 142 142 119 142 142 119
142 142 142 142 142 142 142 142 142 142 142 142 142 142
142 142 142 142 142 142 142
142 142 142 142 142 142 142 142 142
142 142 142 142 142 142 142 142 142 142 142 142 142 142 142 142 142 142 142 142 142 142 142 142 142
142 142 142 142 142 142 142 142
142 142 142 142 142 142 142 142 142 142 142 142
68 31 18 61 31 31 119 119 61 61
142 142 142 142 142 142 142 142 142 142
142 142 142 142 142 142 142 142 142 142 142
142 142 142 142 142 142 142 142
142 142 142 142 142 142 142 142
142 142 142 142 142 142 142 142 142 142 142 142 142 142 142 142 142 142 142 142 142 142
142 142 142 142 142 142 142 142 142 142 142 142 142 142 142 142 142
142 142 142 142 142 142 142 142 142 142 142 142
142 142 142 142 142 142 142 142
142 142 68 68 142 68 68 142 142 68 142
142 142 142 142 142 142 142 142 142 142 142
142 142 142 142 142 142 142 142 142 142 142 142
119 142 119 142 119 142 119 142 119 142 142 119
119 142 142 119 119 142 119 119 61 142 119 64 119 142 119 142 61 119 142 119 142 142 119 61 142 142 142 119 119 142 138 119 119
142 119 68 142 114 142 114 114 68 68 68 142 119 68 116 142
142 142 142 142 142 142 142 142 142
142 142 142 142 142 142 142 142
20 31 68 20 68 31 68
142 142 142 142 142 142 142
142 142 142 142 142 142 142 142 142 142 142 142 142
142 142 142 142 142 142 142
119 39 31 31 119 119 46 31 111 39 31 111
142 142 142 142 142 142 142 142
142 142 142 142 142 142 142 142 142 142 142
142 142 142 142 142 142 142 142 142 142 142
142 142 142 142 142 142 142 142 142 142 142 142 142 142 142
142 142 142 142 142 142 142 142 142 142 142 142
142 142 142 142 142 142 142 142 142 142 142 142
68 142 142 142 142 142 68 142 68 142 68 68 142
142 142 142 142 142 142 142 142 142 142 142 142 142 142
31 142 31 142 142 31 31 142 142 142 142 142 142 142
142 142 142 142 142 142 142 142
142 31 31 142 31 142 31 142 142 142 142
31 142 68 142 68 142 87 142 68 31 142 142 68 23 68 142 68 142 31 142 142 142 142 142
142 142 142 142 142 142 142
142 142 142 142 142 142 142 142 142 142 142
119 119 130 119 119 119 119 119 119 119 119
142 142 142 142 142 142 142 142 142 142 142
142 142 142 142 142 142 87 68 142 68 142 142 68 142 142 87 68 142 142 68 68
142 142 142 142 142 142 142 142
142 142 142 142 142 142 142 142 142 142 142 142 142 142 142 142 142 142 142 142