43 99 99 99 43 43 99 99 99 43 43 99 99 99 99 99 99 99 99 99
99 99 99 99 99 99 99 99 99 99 99 99 99 99 99 99 99 99 99 99 99 99 99 99 99 99 99 99 99 99 99 99
99 29 99 99 29 99 99 99 29 29 29 99 99 33 33 33 33 33 29 99 99
99 99 99 99 99 99 99 99 99 99 99 99 99 99 99 99 99 99 99 99 99 99 99 99 99 99 99 99 99 99 99 99 99 99 99
99 99 99 99 99 99 99 99 99 99 99 99 99 99
99 99 99 99 99 99 99 99 99 99 99 99 99 99 99 99 99 99 99 99 99 99 99 99 99 99 99 99 99 99 99 99 99 99 99 99 99 99 99 99 99 99 99 99 99 99 99 99 99 99 99 99 99 99 99 99 99 99 99 99 99 99 99
0 0 0 0 0 0 0 0 0 0 0 0
51 99 63 63 51 99 51 51 51 51 63 63 63 63 51
3 3 3 3 3 3 3 3 3 3 3 3 3 3 3 3 3 3
0 0 0 0 0 0 0 0 0 0 0 0
12 8 12 12 12 12 12 8 99 8 12 8
5 5 5 5 5 5 5 5 5 5 5 5 5 5 5 5 5 5 5 5
99 99 99 99 99 99 99 99 99 99 99 99 99
99 99 99 99 99 99 99 99 99 99 99 99 99 99 99 99 99 99 99 99
99 99 99 99 99 99 99 99 99 99 99 99 99 99 99 99 99 99 99 99 99 99 99 99 99 99 99 99 99 99 99 99 99 99 99 99 99 99 99 99 99 99 99 99 99 99 99 99 99 99 99 99 99 99 99 99 99 99 99 99 99 99 99 99 99 99 99 99 99 99 99 99
5 5 5 5 5 5 5 5 5 5 5 5 5 5 5 5 5 5 5 5
99 99 99 99 99 99 99 99 99 99 99 99 99 99 99 99 99 99
99 41 64 41 64 64 41 64 99 41 41 41
99 18 18 18 99 18 18 18 99 99 99 99 99 99 18 18 18 18 99
99 99 99 99 99 99 99 99 99 99 99 99 99 99 99 99 99 99 99 99 99 99 99 99 99 99 99 99 99 99 99 99 99 99 99 99 99 99 99 99 99 99 99 99 99 99
99 99 99 99 99 99 99 99 99 99 99 99 99 93 93 93 99 93 99 99 93 99 99 99 99 99 93 99 99 93
99 99 99 99 99 99 99 99 99 99 99 99 99 99 99 99 99 99 99 99 99 99 99 99
99 99 32 99 32 99 65 65 65 99 65 65 32 99 65 65 99 32 65 99 32 99
99 25 99 99 25 25 25 25 99 99 99 25 25 99 99
3 3 3 3 3 3 3 3 3 3 3 3 3 3 3 3 3 3
99 99 99 99 99 99 99 99 99 99 99 99 99
99 99 99 99 99 99 99 99 99 99 99 99 99 99 99 99 99 99 99 99 99 99 99
99 99 99 99 99 99 99 99 99 99 99 99 99 99 99 99 99 99 99 99 99 99 99 99 99 99 99 99 99 99 99 99
51 99 63 63 51 99 51 51 51 51 63 63 63 63 51
0 0 0 0 0 0 0 0 0 0 0 0
99 99 99 99 99 99 99 99 99 99 99 99 99 99 99 99 99 99 99 99 99 99 99 99 99 99
99 99 99 99 99 99 99 99 99 99 99 99 99 99 99 99 99 99 99 99 99 99 99 99 99 99 99 99 99 99 99 99 99 99 99 99 99 99 99 99
99 99 99 99 99 99 99 99 99 99 99 99 99
99 99 99 99 99 99 99 99 99 99 99 99 99 99 99 99
66 66 66 99 66 66 66 66 66 66 66 66 99 66
46 15 79 79 15 79 79 15 15 79 79 99 46 79 46 15
32 32 97 99 32 99 32 97 32 99 97 32 32 97 99 97 32 97 97 97 32 32
6 7 99 6 7 6 7 6 7 7 6 7
99 99 99 99 99 99 99 99 99 99 99 99 99 99 99 99 99 99 99 99 99 99 99 99 99 99 99 99 99 99 99
33 33 29 29 33 45 33 33 29 33 45 33 29 45 29 45 33 33 33 29 99
13 99 99 99 13 99 13 99 99 13 99 99 99 99 13
99 99 99 99 99 99 99 99 99 99 99 99 99 99 99 99 99
80 99 99 80 80 99 80 80 99 99 80 99 99
36 18 85 99 19 36 18 36 19 18 36 85 19 18 18 36 19 85 36
26 26 26 22 26 22 22 22 26 26 22 26 22 99
99 99 99 99 99 99 99 99 99 99 99 99 99 99 99 99 99 99 99 99 99 99 99
47 28 47 47 28 28 28 47 47 47 47 47 99 28 47 28
34 17 34 34 17 17 34 17 34 34 99 34 34
3 3 3 3 3 3 3 3 3 3 3 3 3 3 3 3 3 3
99 99 99 99 99 99 99 99 99 99 99 99 99 99 99 99 99 99 99 99 99 99 99 99 99 99
81 99 83 99 83 99 99 83 99 99 99 81 83 83 81 99 81 99 99 81 99 99 81
16 16 16 16 16 16 16 16 16 16 16 16 16 16 16 16 16
13 13 13 27 27 13 99 13 13 27 27 13 13 13 13
99 99 99 99 99 99 99 99 99 99 99 99 99 99 99 99 99 99 99 99 99 99 99 99 99 99 99 99
0 0 0 0 0 0 0 0 0 0 0 0
0 0 0 0 0 0 0 0 0 0 0 0
22 26 26 22 26 26 99 26 26 22 22 22 22 26
5 5 5 5 5 5 5 5 5 5 5 5 5 5 5 5 5 5 5 5
6 7 6 7 6 7 7 7 7 6 6 99
16 16 16 16 16 16 16 16 16 16 16 16 16 16 16 16 16
14 67 67 14 67 67 14 67 14 67 99 14 67 14 67
68 99 36 68 68 19 68 68 36 19 68 36 36 19 68 36 68 19 36
99 99 99 99 9 99 99 99 9 99 99 99 9 9
99 99 99 99 99 99 99 99 99 99 99 99
5 5 5 5 5 5 5 5 5 5 5 5 5 5 5 5 5 5 5 5
99 99 99 13 99 13 99 13 99 99 99 99 13 13 99
29 45 29 29 45 29 33 29 29 33 99 33 45 33 33 45 33 33 33 33 33
99 86 24 86 24 86 99 99 86 99 99 99 24 86 24 99 24 86
13 13 13 27 13 27 13 13 13 27 13 27 13 99 13
99 99 99 99 99 99 99 99 99 99 99 99 99 99 99 99 99 99 99 99 99
12 12 12 12 8 12 8 8 99 12 12 8
99 99 99 99 99 99 99 99 99 99 99 99 99 99 99 99 99 99 99 99 99 99 99 99 99 99 99 99 99 99 99 99 99 99 99 99 99 99 99 99 99 99 99 99
99 99 99 99 36 36 99 36 36 99 99 99 99 99 36 99 36 99 99
14 14 13 13 14 13 99 13 14 94 14 94 13 14 94
18 36 48 36 18 48 48 48 36 36 18 36 18 99 36 18 48 48 48
99 99 99 99 99 99 99 99 99 99 99 99 99 99
0 0 0 0 0 0 0 0 0 0 0 0
23 23 23 10 10 23 10 23 23 10 99 23 10
99 99 99 99 99 99 99 99 99 99 99 99 99 99 99 99 99 99
3 3 3 3 3 3 3 3 3 3 3 3 3 3 3 3 3 3
99 99 99 99 99 99 99 99 99 99 99 99 99 99 99 99 99 99 99 99 99 99 99 99 99 99
99 99 99 99 99 99 99 99 99 99 99 99 99 99 99 99 99 99 99 99 99 99 99 99 99 99 99 99 99 99 99 99 99 99 99 99 99 99 99 99 99 99 99 99 99 99 99 99 99 99 99 99 99 99 99 99 99 99 99 99 99
99 99 99 99 99 99 99 99 99 99 99 99 99 99
5 5 5 5 5 5 5 5 5 5 5 5 5 5 5 5 5 5 5 5
5 5 5 5 5 5 5 5 5 5 5 5 5 5 5 5 5 5 5 5
99 99 80 80 99 80 80 99 99 80 80 99 99
99 99 99 99 99 99 99 99 99 99 99 99
85 99 99 99 99 99 99 99 99 99 85 99 85 99 99 99 99 99 99
99 73 99 73 73 73 73 99 99 73 73 99 73 99 73
7 99 6 6 7 6 7 7 6 7 6 7
99 99 80 80 99 80 80 99 99 80 80 99 99
6 7 7 6 6 6 7 6 7 99 7 7
99 99 99 99 99 99 99 99 99 99 99 99
20 99 99 99 99 99 99 99 99 99 99 20 20 99 20 99
9 99 99 9 9 99 99 99 99 99 99 99 99 9
7 7 7 6 99 7 7 6 7 6 6 6
0 0 0 0 0 0 0 0 0 0 0 0
99 99 99 99 99 99 99 99 99 99 99 99 99 99 99 99 99 99 99 99 99 99 99 99 99 99 99 99 99 99 99 99 99 99
99 99 99 99 99 99 99 99 99 99 99 99 99 99 99 99 99 99 99 99
95 95 99 99 99 95 99 99 95 99 99 99 95 95 95 99 99 99 99 99 95 95 99 95 99 99 99 95 99 99 99
99 99 99 99 99 99 99 99 99 99 99 99 99 99 99 99 99 99 99 99 99 99 99 99 99 99 99
99 99 99 99 99 99 99 99 99 99 99 99 99 99 99 99 99 99 99 99 99 99 99 99 99 99 99 99 99 99
99 99 99 99 99 99 99 99 99 99 99 99 99 99 99 99 99 99 99 99 99 99 99 99 99 99 99 99 99 99 99 99 99 99 99 99
99 28 99 28 28 28 99 99 99 99 28 99 99 28 99 99
99 99 99 99 99 99 99 99 99 99 99 99 99 99 99 99 99 99
99 99 99 99 99 99 99 99 99 99 99 99 99 99 99 99 99 99 99 99 99 99 99 99 99 99 99
99 99 99 99 99 99 99 99 99 99 99 99 99
97 97 99 99 99 97 99 97 99 99 99 97 97 99 99 99 99 97 97 99 99 99
99 99 99 99 99 99 99 99 99 99 99 99 99 99 99 99 99 99 99 99 99 99 99 99 99 99 99 99 99 99 99 99 99 99 99 99
67 67 67 14 14 67 14 67 67 14 14 99 67 67 14
16 16 16 16 16 16 16 16 16 16 16 16 16 16 16 16 16
30 35 35 30 30 35 30 35 30 99 30 30 35 30 35 30 30
48 48 48 48 19 19 48 48 48 48 48 48 48 19 99 19 48 48 48
99 17 34 34 34 34 34 17 34 34 34 17 17
99 99 99 99 99 99 99 99 99 99 99 99 99 99
99 27 99 27 99 27 27 27 27 99 99 27 27 99 99
5 5 5 5 5 5 5 5 5 5 5 5 5 5 5 5 5 5 5 5
28 28 28 47 28 47 47 47 47 47 47 28 47 99 28 47
19 99 99 99 99 99 19 99 99 99 19 19 19 99 19 19 99 19 99
99 99 80 80 99 80 80 99 99 80 80 99 99
99 99 99 99 99 99 99 99 99 99 99 99 99 99 99 99 99 99 99 99 99 99 99 99 99 99 99
3 3 3 3 3 3 3 3 3 3 3 3 3 3 3 3 3 3
99 99 99 99 99 99 99 99 99 99 99 99 99 99 99 99 99 99 99 99 99 99 99 99 99 99 99 99 99 99 99 99 99 99 99 99 99 99 99 99 99 99 99 99 99 99 99 99 99 99 99 99 99 99 99 99 99 99 99 99 99 99 99 99 99
11 9 9 99 11 9 9 11 9 9 11 11 9 9
10 23 23 23 10 23 10 23 10 23 10 99 23
12 8 12 8 12 8 12 8 12 99 12 12
29 40 40 29 40 40 99 40 29 40 40 40 40 40 29 40 40 40 40 29 29
99 99 99 99 99 99 99 99 99 99 99 99 99 99 99 99 99 99 99 99 99 99 99 99 99 99 99 99 99 99 99 99
99 99 99 99 99 99 99 99 99 99 99 99 99 99 99 99 99 99 99 99 99 99 99 99 99 99 99 99 99 99 99 99 99 99
0 0 0 0 0 0 0 0 0 0 0 0
79 99 99 99 99 79 79 79 79 79 99 79 99 99 99 99
99 24 99 99 99 24 24 99 99 99 99 99 99 24 99 99 24 99
99 99 99 99 40 99 99 99 99 99 40 40 99 99 40 99 99 40 99 40 40
99 99 99 99 99 99 99 99 99 99 99 99
99 99 99 99 99 99 99 99 99 99 99 99 99 99 99 99 99 99 99 99
25 25 25 25 25 25 99 25 25 25 25 25 25 25 25
99 99 99 99 99 99 99 99 99 99 99 99 99 99 99 99 99 99 99 99 99 99 99 99 99 99 99 99
4 4 4 4 4 4 4 4 4 4 4 4 4 4 4
99 52 99 99 52 99 99 99 52 99 99 52 52 99 52 52 99 99
99 99 99 99 99 99 99 99 99 99 99 99 99 99 99 99 99
99 83 99 99 83 83 83 83 83 99 83 99 83 99 83 83 83 99 99 83 83 83 83
12 99 8 12 12 8 12 8 12 12 8 12
99 99 99 99 99 99 99 99 99 99 99 99
99 99 99 99 99 99 99 99 99 99 99 99
0 0 0 0 0 0 0 0 0 0 0 0
99 99 99 99 99 99 99 99 99 99 99 99
99 99 99 99 99 99 99 99 99 99 99 99 99 99 99 99 99 99 99 99 99 99 99 99 99 99 99 99 99 99 99 99 99 99 99
99 99 99 99 99 99 99 99 99 99 99 99 99 99
99 99 99 99 99 99 99 99 99 99 99 99 99 99 99 99 99 99 99 99 99 99 99 99 99 99 99 99 99 99 99 99 99 99 99
99 99 99 10 99 10 10 99 99 10 10 99 99
99 99 69 69 99 99 99 99 99 99 99 69 99 99
99 99 99 99 99 99 99 99 99 99 99 99 99 99 99 99 99 99 99
99 99 99 99 99 99 99 99 99 99 99 99 99 99 99 99 99 99 99 99 99 99 99 99 99 99 99 99 99
99 99 99 99 99 99 99 99 99 99 99 99 99 99 99 99 99 99 99 99 99 99 99 99 99 99 99 99 99 99 99 99 99 99 99 99 99 99
4 4 4 4 4 4 4 4 4 4 4 4 4 4 4
20 15 28 28 20 28 28 20 28 28 99 15 15 15 20 15
0 0 0 0 0 0 0 0 0 0 0 0
99 99 99 99 99 99 99 99 99 99 99 99 99 99 99 99 99 99 99 99 99 99 99
99 6 7 6 6 7 7 7 6 7 6 7
4 4 4 4 4 4 4 4 4 4 4 4 4 4 4
99 99 99 99 99 99 99 99 99 99 99 99 99 99 99 99 99 99 99 99 99 99 99 99 99 99 99 99 99 99 99 99 99 99 99 99 99 99 99 99 99 99 99 99 99 99 99 99 99 99 99 99 99 99 99 99 99 99 99 99 99 99 99 99 99 99 99 99 99
31 31 31 31 31 31 31 99 31 31 31 31 31
87 99 88 99 87 99 88 99 99 99 99 74 99 74 99 87 88 74 87 99 99 99 88 99 87 99 99 99 87 74 74
9 75 99 75 75 75 9 75 9 9 75 75 75 75
99 99 99 99 99 99 99 99 99 99 99 99 99 99 99 99 99 99 99 99 99 99 99 99 99 99 99 99 99 99 99 99 99 99 99 99 99 99 99 99 99 99 99 99 99 99 99 99 99 99 99 99 99 99 99 99 99 99 99 99 99 99 99 99
6 6 7 7 99 6 7 6 6 7 7 7
3 3 3 3 3 3 3 3 3 3 3 3 3 3 3 3 3 3
95 95 99 99 99 95 99 99 95 99 99 99 95 95 95 99 99 99 99 99 95 95 99 95 99 99 99 95 99 99 99
99 99 99 30 99 99 99 30 99 30 99 99 30 30 99 99 99
99 99 99 99 99 99 99 99 99 99 99 99 99 99 99
99 99 99 99 99 99 99 99 99 99 99 99 99 99 99 99 99 99 99 99 99 99 99 99 99 99 99 99 99 99 99 99 99 99 99 99 99 99
99 99 99 99 99 99 99 99 99 99 99 99 99 99 99 99 99 99 99 99 99 99 99 99 99 99 99 99
37 37 37 37 37 37 37 37 37 37 37 37 37 37 37 37 99
12 12 12 8 8 12 8 99 12 12 12 8
37 37 99 99 99 30 30 99 30 99 37 30 99 37 99 99 30
99 99 99 99 99 99 99 99 99 99 99 99 99 99 99 99 99
22 22 22 26 26 22 26 26 26 99 26 22 26 22
99 99 99 99 99 99 99 99 99 99 99 99
99 99 99 99 99 99 99 99 99 99 99 99 99 99
23 10 23 10 23 99 10 10 23 23 23 23 10
4 4 4 4 4 4 4 4 4 4 4 4 4 4 4
99 99 99 99 99 89 99 99 99 99 99 99 89 89 99 99 89 99 99 99 89 99 99 89
99 99 99 99 99 99 99 99 99 99 99 99 99 99 99
99 99 99 99 99 99 99 99 99 99 99 99 99 99 99 99 99 99 99 99 99 99 99 99 99 99 99 99 99 99 99 99 99 99 99 99
36 68 68 36 19 36 68 36 68 68 68 36 68 19 36 19 19 68 99
99 73 99 73 73 73 73 99 99 73 73 99 73 99 73
16 16 16 16 16 16 16 16 16 16 16 16 16 16 16 16 16
5 5 5 5 5 5 5 5 5 5 5 5 5 5 5 5 5 5 5 5
99 49 49 99 49 99 99 99 99 99 99 99
99 68 99 68 68 99 99 99 68 99 99 99 68 99 68 68 99 68 99
0 0 0 0 0 0 0 0 0 0 0 0
99 99 99 99 48 99 99 48 99 48 99 99 99 48 99 48 48 48 99
0 0 0 0 0 0 0 0 0 0 0 0
99 99 99 99 99 99 99 99 99 99 99 99 99 99 99 99 99 99 99 99 99 99 99 99 99 99 99 99 99 99 99 99 99 99 99
99 99 99 99 99 99 99 99 99 99 99 99 99
99 99 48 48 99 99 99 99 48 48 48 99 99 48 99 99 99 99 48
18 19 19 19 18 18 19 18 18 18 18 99 18 19 19 18 18 19 19
94 14 14 14 14 13 13 13 94 99 94 14 13 14 13
0 0 0 0 0 0 0 0 0 0 0 0
99 99 99 42 42 42 99 99 42 99 99 99 99 42 99 42 99 99
99 99 99 99 99 99 99 99 99 99 99 99
99 99 99 99 99 99 99 99 99 99 99 99
99 99 99 99 99 99 76 99 76 99 99 99 99 99 76 76 99 99 99 99 99 99 99 99 99 99 99 99 76 99 99 99 99
99 99 99 99 99 99 99 99 99 99 99 99 99 99 99 99 99 99 99
99 99 99 99 99 99 99 99 99 99 99 99 99 99 99 99 99 99 99 99 99 99 99 99
99 41 64 41 64 64 41 64 99 41 41 41
99 99 99 99 15 15 15 99 99 99 15 99 99 15 99 99
99 99 99 99 99 99 99 99 99 99 99 99 99 99 99 99 99 99 99 99 99 99 99 99 99 99 99 99 99 99 99 99 99 99
81 99 99 99 81 99 99 99 99 99 99 99 99 99 81 81 81 99 99 81 99 99 99
99 52 52 99 99 99 99 99 52 99 99 52 99 99 52 99 52 52
7 6 7 6 7 7 7 7 99 6 6 6
99 99 99 99 99 99 99 99 99 99 99 99 99 99 99 99 99 99 99 99 99 99 99 99 99 99 99 99 99 99 99 99 99 99 99 99 99 99 99 99 99 99 99 99 99 99 99 99 99 99 99 99 99 99 99 99 99 99
4 4 4 4 4 4 4 4 4 4 4 4 4 4 4
32 70 32 70 32 32 32 32 70 32 32 70 70 70 99 32 32 32 32 32 32 32
99 99 99 99 99 99 99 99 99 99 99 99 99 99 99 99 99 99 99 99 99 99 99 99 99 99
0 0 0 0 0 0 0 0 0 0 0 0
99 99 99 99 99 99 99 99 99 99 99 99 99 99 99 99 99 99 99 99 99 99 99 99 99 99 99 99
0 0 0 0 0 0 0 0 0 0 0 0
41 64 64 41 41 99 99 64 41 41 64 41
99 99 99 99 99 99 99 99 99 99 99 99 99 99 99 99 99 99 99 99 99 99 99 99 99 99 99 99 99 99 99 99 99 99 99 99 99 99 99 99 99 99 99 99
99 99 99 99 99 99 99 99 99 99 99 99 99
40 99 99 99 40 40 40 99 99 99 99 99 40 40 99 40 99 99 99 99 99
99 99 99 99 99 99 99 99 99 99 99 99 99 99 99 99 99 99 99
99 99 13 99 13 13 99 99 13 99 99 13 99 99 99
99 99 99 99 99 99 99 99 99 99 99 99 99 99 99 99 99 99 99 99 99 99 99 99 99 99 99 99 99 99 99 99 99 99 99 99 99 99 99 99 99 99 99
99 99 71 99 99 99 99 60 71 99 99 99 60 60 60 99 99 60 71 71 99 99 99 99 99 99
99 93 99 99 93 99 99 99 99 99 99 99 93 99 93 93 93 99 99 99 99 99 99 99 99 99 99 99 93 99
99 99 99 99 99 99 99 99 99 99 99 99 99 99 99 99 99 99 99
99 99 99 99 99 99 99 99 99 99 99 99 99 99 99 99 99 99 99 99 99 99 99 99 99 99 99
99 99 65 99 99 99 99 99 65 99 99 99 99 99 65 99 99 99 65 99 99 99
69 22 9 9 9 22 22 69 99 22 69 22 22 9
3 3 3 3 3 3 3 3 3 3 3 3 3 3 3 3 3 3
18 68 18 18 18 68 18 18 99 18 18 68 18 68 68 68 18 68 68
99 99 99 99 99 99 99 99 99 99 99 99 99 99 99 99 99 99 99 99 99 99 99 99 99 99 99 99 99 99 99 99
99 99 99 99 99 99 99 99 99 99 99 99 99
99 99 99 99 99 99 99 99 99 99 99 99 99 99 99 99 99 99 99 99 99 99 99 99 99 99 99 99 99
99 99 99 99 99 99 99 99 99 99 99 99 99 99
98 98 98 99 99 98 98 98 98 98 99 98 98 99 98 98 98 98 98 99 98 99 99 99
34 17 34 34 17 34 17 34 99 34 17 34 34
16 16 16 16 16 16 16 16 16 16 16 16 16 16 16 16 16
3 3 3 3 3 3 3 3 3 3 3 3 3 3 3 3 3 3
7 7 6 7 7 7 6 6 7 99 6 6
99 99 40 99 99 40 99 99 40 99 99 99 99 99 40 40 99 99 99 40 40
0 0 0 0 0 0 0 0 0 0 0 0
67 14 67 67 14 99 14 67 67 67 14 67 14 67 14
99 99 99 99 99 99 99 99 99 99 99 99 99 99 99 99 99 99 99 99 99 99 99 99 99 99 99 99 99 99 99
99 99 99 13 13 99 99 99 99 13 99 13 99 13 99
0 0 0 0 0 0 0 0 0 0 0 0
99 99 99 99 99 99 99 99 99 99 99 99 99 99 99 99 99
0 0 0 0 0 0 0 0 0 0 0 0
99 99 99 99 99 99 99 99 99 99 99 99 99 99 99 99 99 99 99
99 43 43 99 99 99 99 43 43 99 43 43 43 99 99 43 99 43 99 43
99 99 99 85 99 99 85 99 99 99 99 85 99 99 99 99 99 99 99
28 28 28 28 15 20 15 15 20 20 28 28 15 15 20 99
63 63 63 51 51 99 63 51 51 51 63 99 51 51 63
99 99 99 99 99 99 99 99 99 99 99 99 99 99 99 99 99 99 99 99 99 99 99 99 99 99 99 99 99
98 98 98 99 99 98 98 98 98 98 99 98 98 99 98 98 98 98 98 99 98 99 99 99
99 99 99 99 99 99 99 99 99 99 99 99 99 99 99 99
16 16 16 16 16 16 16 16 16 16 16 16 16 16 16 16 16
99 99 11 99 99 99 99 11 11 99 11 99 99 11
99 99 22 22 99 99 99 22 99 22 22 99 99 22
41 41 64 64 41 41 41 41 99 64 64 99
99 99 99 99 99 99 99 99 99 99 99 99
84 84 84 84 84 84 84 84 99 84 99 84
7 6 7 7 6 6 7 7 7 6 6 99
87 87 87 87 87 87 99 87 99 99 87 87 99 99 87 87 87 87 99 87 87 87 99 87 99 99 87 99 99 99 99
0 0 0 0 0 0 0 0 0 0 0 0
99 99 99 99 99 99 99 99 99 99 99 99 99 99 99 99 99 99
99 99 99 99 99 99 99 99 99 99 99 99 99 99 99 99 99 99 99 99 99 99 99 99
99 99 99 99 99 99 99 99 99 99 99 99
23 99 10 23 10 23 23 10 23 10 23 10 23
5 5 5 5 5 5 5 5 5 5 5 5 5 5 5 5 5 5 5 5
99 99 99 99 99 99 99 99 99 99 99 99 99 99 99 99 99 99 99
99 99 99 87 99 99 99 87 99 87 99 87 99 99 99 99 99 99 99 99 99 99 87 99 99 99 99 99 87 99 99
30 99 99 99 30 37 37 37 30 99 99 37 99 99 99 30 30
99 99 99 99 99 99 99 99 99 99 99 99 99 99 99 99 99 99 99 99 99 99 99 99
99 99 99 99 99 99 99 99 99 99 99 99 99 99 99 99 99 99 99 99 99 99
99 99 99 99 99 99 99 99 99 99 99 99 99 99 99
99 99 99 99 99 99 99 99 99 99 99 99 99 99
99 99 27 27 99 99 99 27 99 99 99 27 99 99 99
66 66 66 99 66 66 66 66 66 66 66 66 99 66
99 99 99 99 99 99 99 99 99 99 99 99 99 99 99 99 99 99 99
99 99 99 99 99 99 99 99 99 99 99 99 99 99 99 99 99 99
30 30 35 35 99 35 30 30 30 30 30 35 35 30 35 30 30
99 99 99 99 99 99 99 99 99 99 99 99 99 99 99 99 99 99 99 99 99 99 99 99 99 99 99 99 99 99 99 99 99 99
99 99 99 99 99 46 20 99 46 46 99 20 99 20 99 20
99 99 99 99 99 99 99 99 99 99 99 99 99 99 99
71 71 99 99 99 99 99 99 99 99 71 99 99 99 99 99 71 99 99 99 99 99 99 99 99 99
10 23 23 10 10 23 23 99 23 23 10 23 10
99 99 99 99 99 99 99 99 99 99 99 99 99 99 99 99 99 99 99 99 99 99 99 99 99 99
23 23 10 99 23 10 10 10 23 23 23 23 10
99 99 99 99 99 99 99 99 99 99 99 99 99 99 99 99 99 99 99 99 99 99 99 99 99 99 99 99 99 99 99 99 99 99 99
3 3 3 3 3 3 3 3 3 3 3 3 3 3 3 3 3 3
99 99 99 99 99 99 99 99 99 99 99 99 99 99 99 99 99 99 99 99 99 99 99 99 99 99 99
77 99 99 99 99 77 77 77 99 77 99 77 77 77 99 77 99 99 77 77 99 77 99 99 99 77 99 99 77 77
18 19 18 18 18 18 19 19 18 18 99 18 18 19 19 18 19 19 19
99 99 99 99 44 99 99 99 99 99 99 99 99 44 99 99 99 44 99 99 44 99 99 44 99
0 0 0 0 0 0 0 0 0 0 0 0
80 99 99 99 80 80 99 80 99 80 99 99 80
99 99 99 99 99 99 99 99 99 99 99 99 99 99 99 99 99 99 99 99 99 99 99 99 99 99 99 99 99 99 99 99 99 99 99 99 99 99 99 99
99 99 99 99 99 99 99 99 99 99 99 99 99 99 99 99 99
12 12 12 12 12 99 8 8 12 8 8 12
31 31 99 31 31 31 31 31 31 31 31 31 31
99 14 14 14 14 99 99 14 99 99 99 99 14 99 99
99 99 99 99 99 99 99 99 38 38 99 38 38 99 99 99 99 99
25 25 25 25 25 25 25 25 25 25 25 25 25 99 25
51 51 63 51 51 63 99 51 63 51 63 99 63 63 51
11 99 99 11 11 99 99 99 99 11 99 11 99 99
99 99 99 99 99 99 99 99 99 99 99 99 99 99 99 99 99 99 99 99 99 99 99 99 99 99 99 99 99 99 99 99 99 99
99 99 99 99 99 99 99 99 99 99 99 99 99 99 99 99 99 99
20 20 28 28 28 20 28 15 15 28 15 28 99 20 15 15
51 51 63 63 99 51 51 63 63 51 51 63 99 63 51
0 0 0 0 0 0 0 0 0 0 0 0
41 64 64 41 41 99 99 64 41 41 64 41
99 99 99 99 99 99 99 99 99 99 99 99 99 99 99 99 99 99 99 99 99 99 99 99 99 99 99 99 99 99 99 99 99 99 99 99 99 99 99 99 99 99 99 99 99 99 99 99 99 99 99 99 99 99 99 99
99 99 99 99 99 93 99 99 93 99 99 93 99 99 99 93 99 99 93 99 93 99 99 93 99 99 99 99 99 99
99 99 99 99 99 99 99 99 99 99 99 99 99 99 99 99 99 99 99 99 99 99
16 16 16 16 16 16 16 16 16 16 16 16 16 16 16 16 16
3 3 3 3 3 3 3 3 3 3 3 3 3 3 3 3 3 3
11 9 11 9 9 11 9 9 11 9 9 99 11 9
63 63 63 51 51 99 63 51 51 51 63 99 51 51 63
99 99 99 99 99 99 99 99 99 99 99 99 99 99 99 99 99 99 99 99 99 99 99 99 99 99 99 99 99 99 99
96 96 96 42 96 42 96 96 42 96 96 96 99 42 42 96 42 96
35 99 35 99 35 99 99 35 99 35 99 99 99 99 99 35 99
99 99 99 99 65 99 65 99 99 99 99 99 99 99 99 65 99 99 99 65 99 99
0 0 0 0 0 0 0 0 0 0 0 0
99 35 99 99 99 99 99 99 35 99 99 99 35 99 35 35 35
99 27 99 27 27 99 99 27 99 99 99 99 99 99 99
10 10 10 23 10 23 23 23 10 23 99 23 23
63 99 99 63 51 63 63 51 51 51 63 63 51 51 51
90 99 99 99 90 99 99 85 90 85 90 99 90 90 85 99 90 90 90
4 4 4 4 4 4 4 4 4 4 4 4 4 4 4
99 99 99 99 99 99 99 99 99 99 99 99 99 99
99 35 99 99 35 35 35 35 99 99 99 99 99 35 99 99 99
0 0 0 0 0 0 0 0 0 0 0 0
0 0 0 0 0 0 0 0 0 0 0 0
99 99 99 99 99 99 99 99 99 99 99 99 99 99 99
12 12 8 8 12 12 12 99 12 8 12 8
15 20 15 15 28 99 28 20 28 28 28 28 20 15 20 15
26 22 26 22 26 22 26 22 99 22 26 26 26 22
7 7 6 7 6 99 7 6 6 7 7 6
99 99 99 99 99 99 99 99 99 99 99 99 99 99 99 99 99 99 99 99 99 99
89 99 99 99 99 99 99 99 89 99 89 99 99 99 99 99 99 99 89 99 89 99 89 99
99 99 99 99 72 72 99 99 99 99 99 72 99 99 99 99 99 99 99 72
16 16 16 16 16 16 16 16 16 16 16 16 16 16 16 16 16
99 99 99 99 99 99 99 99 99 99 99 99 99 99 99 99 99 99 99 99 99 99 99 99 99 99 99 99 99 99 99 99 99 99 99 99 99 99 99 99 99 99 99 99 99 99
35 30 30 30 35 30 30 30 35 35 30 30 35 30 30 35 99
99 99 99 9 9 99 99 9 99 99 99 99 99 9
99 73 99 73 73 73 73 99 99 73 73 99 73 99 73
91 99 91 99 91 99 44 44 99 91 99 44 99 99 99 99 44 91 91 57 57 44 57 99 57
99 99 99 99 99 99 99 99 99 99 99 99 99 99 99
99 99 80 80 99 80 80 99 99 80 80 99 99
99 99 99 99 99 99 99 99 99 99 99 99 99 99 99 99 99 99 99 99 99 99 99 99 99 99 99 99 99 99 99 99 99 99 99 99 99 99 99 99 99 99 99 99 99 99 99 99 99 99 99 99 99 99 99 99 99 99 99 99
99 99 99 99 99 99 99 99 99 99 99 99 99
99 99 99 99 99 99 99 99 99 99 99 99 99 99 99 99 99
48 48 48 48 48 99 48 48 19 48 48 19 48 48 48 19 19 48 48
8 12 12 12 12 8 12 12 12 8 8 99
99 99 99 99 99 99 99 99 88 99 99 99 88 99 99 99 88 99 99 99 99 99 99 99 99 99 99 88 99 99 99
99 99 99 99 99 99 99 99 99 99 99 99 99 99 99 99 99 99 99 99
99 99 99 99 15 15 99 99 99 15 99 99 99 15 15 99
67 14 14 14 67 14 67 14 14 99 67 67 67 67 67
99 99 99 72 99 99 72 99 72 99 99 99 99 99 99 99 72 99 99 99
99 99 99 99 99 99 99 99 99 99 99 99 99
25 25 25 25 25 25 25 25 25 25 25 25 25 99 25
48 18 48 48 36 18 18 48 36 18 99 36 36 48 18 48 36 36 48
14 99 99 99 99 99 99 99 14 14 14 14 99 14 99
63 99 99 63 51 63 63 51 51 51 63 63 51 51 51
99 99 99 99 99 99 99 99 99 99 99 99 99 99 99 99 99 99 99 99 99
99 99 99 99 99 99 99 99 99 99 99 99 99 99 99 99 99
99 99 99 99 99 99 99 99 99 99 99 99 99 99
99 14 14 99 14 99 99 99 99 14 14 14 99 99 99
0 0 0 0 0 0 0 0 0 0 0 0
99 99 99 99 99 99 99 99 99 99 99 99 99 99 99 99 99 99
20 20 99 20 20 79 79 20 79 79 79 20 20 79 79 20
99 99 20 99 20 99 99 99 99 20 99 99 99 99 99 20
99 73 99 73 73 73 73 99 99 73 73 99 73 99 73
23 10 23 99 23 10 10 23 23 23 10 10 23
0 0 0 0 0 0 0 0 0 0 0 0
7 7 6 6 6 7 7 6 7 99 7 6
99 99 99 99 99 99 99 99 99 99 99 99 99 99 99 99 99 99 99 99 99 99 99 99 99 99 99 99 99 99 99 99 99 99 99 99 99 99 99 99 99
95 95 99 99 99 95 99 99 95 99 99 99 95 95 95 99 99 99 99 99 95 95 99 95 99 99 99 95 99 99 99
99 99 99 99 99 99 99 99 99 99 99 99 99 99 99 99 99 99 99 99
0 0 0 0 0 0 0 0 0 0 0 0
99 99 99 99 99 99 99 99 99 99 99 99 99 99 99 99 99 99
99 12 8 12 8 12 12 8 12 12 12 8
99 64 99 64 99 99 99 64 99 99 64 99
99 99 99 99 99 99 99 99 99 99 99 99
20 79 20 99 20 20 20 79 79 79 79 20 20 79 79 20
34 34 34 17 17 34 34 34 99 34 17 17 34
84 84 99 84 84 84 84 84 84 99 84 84
99 99 99 99 99 99 99 99 99 99 99 99 99 99 99 99 99 99 99 99
3 3 3 3 3 3 3 3 3 3 3 3 3 3 3 3 3 3
99 99 99 99 99 99 99 99 99 99 99 99 99 99 99 99 99 99 99 99 99 99 99 99 99 99 99 99 99
99 99 99 99 99 99 99 99 99 99 99 99 99 99 99 99 99 99 99 99 99 99
31 31 99 31 31 31 31 31 31 31 31 31 31
0 0 0 0 0 0 0 0 0 0 0 0
64 99 99 64 64 41 41 41 41 41 64 41
99 99 99 99 99 99 99 99 99 99 99 99
99 99 99 99 99 55 55 99 55 55 99 99 55 99 99 99 55 55 99 55 99 99 99 55 99 99 55
99 99 99 99 99 99 99 99 99 99 99 99 99 99
71 99 99 99 71 71 99 99 99 99 71 99 99 99 99 99 99 99 99 99 99 99 99 99 99 99
99 99 99 99 99 99 99 99 99 99 99 99 99 99 99 99 99 99 99 99 99 99 99 99 99 99 99 99 99 99 99 99 99 99 99 99 99 99 99 99 99 99 99 99 99 99 99 99 99 99 99 99 99 99 99
0 0 0 0 0 0 0 0 0 0 0 0
99 99 99 99 99 99 99 99 99 99 99 99 99 99 99 99 99 99 99 99 99 99 99 99 99 99 99 99 99 99 99 99 99 99 99 99 99 99 99 99 99 99 99 99
99 99 99 99 99 99 99 99 99 99 99 99 99 99 99
0 0 0 0 0 0 0 0 0 0 0 0
0 0 0 0 0 0 0 0 0 0 0 0
6 6 6 99 7 7 7 7 6 7 6 7
96 96 42 96 42 99 96 42 96 96 96 42 96 96 42 42 96 96
99 99 99 99 99 99 99 99 99 99 99 76 99 76 99 99 99 99 99 99 99 76 99 99 76 99 76 99 99 99 99 99 99
42 42 42 42 38 52 38 52 52 42 52 38 99 38 52 52 52 42
86 99 99 99 99 99 99 86 99 86 99 99 99 86 99 86 86 99
99 99 99 99 99 99 99 99 99 99 99 99 99 99 99 99 99 99 99 99 99 99
99 99 99 99 99 99 99 11 99 11 11 11 11 99
34 34 34 34 17 17 34 34 34 34 17 17 99
99 99 99 99 99 99 99 99 99 99 99 99 99 99 99 99 99 99 99 99 99 99 99
99 99 99 99 99 99 99 99 99 99 99 99 99 99
26 22 22 26 22 26 22 22 26 99 26 22 26 26
99 99 99 99 99 99 99 99 99 99 99 99 99 99 99 99 99 99 99 99 99 99 99 99 99 99 99 99 99 99 99 99 99 99 99 99 99 99
99 99 85 19 99 99 85 99 19 99 99 19 85 19 99 99 99 99 99
26 26 22 99 22 26 22 26 22 26 26 22 26 22
0 0 0 0 0 0 0 0 0 0 0 0
99 99 99 99 99 99 99 99 99 99 99 99 99 99 99
0 0 0 0 0 0 0 0 0 0 0 0
5 5 5 5 5 5 5 5 5 5 5 5 5 5 5 5 5 5 5 5
99 99 99 19 99 19 99 19 99 99 99 99 99 19 99 99 99 99 99
3 3 3 3 3 3 3 3 3 3 3 3 3 3 3 3 3 3
99 99 99 99 99 99 99 99 99 99 99 99 99 99 99 99 99 99 99 99 99 99 99
99 99 19 99 19 19 99 99 99 19 99 19 19 99 99 19 99 19 99
99 99 99 99 99 99 99 99 99 99 99 99 99 99
99 7 7 6 7 6 7 6 6 7 7 6
22 22 26 22 26 22 26 22 26 99 26 26 26 22
99 99 99 99 99 99 99 99 99 99 99 99 99 99 99 99 99 99 99 99 99 99 99 99 99 99
99 99 99 99 99 99 99 99 99 99 99 99 99 99 99 99 99 99 99 99 99 99 99 99 99 99 99 99 99 99 99 99 99 99 99 99 99 99 99 99 99 99 99 99 99 99 99 99 99 99 99 99 99 99 99 99 99 99 99 99 99 99 99 99 99 99 99 99 99 99 99 99 99 99 99 99 99 99 99 99 99 99 99 99
67 14 14 67 14 67 67 67 14 67 67 67 14 99 14
99 24 99 99 24 78 99 78 99 99 24 99 99 24 78 99 24 99
99 99 99 99 99 99 99 99 99 99 99 99 99 99 99 99 99 99 99 99 99 99 99 99 99 99 99 99 99 99 99 99 99 99 99 99
99 99 99 79 99 99 79 99 99 79 79 99 79 79 99 79
99 99 99 69 99 69 99 99 99 99 99 99 99 69
99 99 99 99 99 99 99 99 99 99 99 99 99 99 99 99 99 99 99
3 3 3 3 3 3 3 3 3 3 3 3 3 3 3 3 3 3
3 3 3 3 3 3 3 3 3 3 3 3 3 3 3 3 3 3
72 99 43 99 43 99 99 72 43 99 99 99 99 72 99 43 99 43 72 99
99 76 76 99 76 99 99 76 76 76 99 99 99 76 99 99 99 99 99 99 99 99 76 99 76 76 99 99 99 99 99 99 99
99 33 29 33 29 29 33 33 29 29 33 99 29 99 29 29 29 29 99 29 29
99 99 99 99 99 99 99 99 99 99 99 99 99 99 99 99 99 99 99 99 99 99 99 99 99 99 99 99 99 99 99 99 99 99 99 99 99 99 99 99 99 99 99 99 99 99 99 99 99 99 99 99 99 99 99 99 99 99 99 99 99 99 99 99 99 99 99 99 99 99 99 99
99 99 99 99 99 99 99 99 99 99 99 99 99 99 99 99 99 99 99 99 99 99 99 99 99 99 99 99 99
99 99 99 99 99 99 99 99 99 99 99 99 99 99 99 99 99 99 99
12 8 8 12 8 99 12 12 8 12 12 12
99 99 99 99 99 99 99 99 99 18 18 99 18 99 99 18 18 99 99
10 23 23 10 23 10 99 10 23 10 23 23 23
99 99 99 99 99 99 99 99 99 99 99 99 99 99 99 99
99 99 99 99 99 99 99 99 99 99 99 99 99 99 99 99 99 99 99 99 99 99 99 99 99 99 99 99 99 99 99 99 99 99 99 99 99 99 99 99 99 99 99 99 99 99 99 99 99 99 99 99 99 99 99 99 99 99 99 99 99 99 99 99 99 99 99 99 99 99 99 99 99 99 99 99 99 99 99 99 99 99 99 99 99 99 99 99 99 99 99 99 99 99 99 99 99 99 99 99 99 99 99 99 99 99 99 99 99 99 99 99 99 99 99 99 99 99 99 99 99 99 99 99 99 99 99 99 99 99 99 99 99 99 99 99
0 0 0 0 0 0 0 0 0 0 0 0
99 99 99 99 99 99 99 99 99 99 99 99 99 99 99 99 99 99 99 99 99 99
0 0 0 0 0 0 0 0 0 0 0 0
99 99 99 99 99 99 99 99 99 99 99 99 99 99 99 99 99 99 99 99 99 99 99 99 99 99 99 99 99 99 99 99 99 99 99 99
99 99 99 99 99 99 99 99 99 99 99 99 99 99 99 99 99 99 99 99 99 99 99 99 99 99 99 99
99 99 99 99 99 99 99 99 99 99 99 99 99 99 99
99 99 99 99 99 99 99 99 99 99 99 99 99 99 99 99 99 99 99 99 99 99 99 99 99 99 99 99
10 99 10 99 99 10 99 10 99 99 10 99 99
99 82 99 82 82 82 82 99 82 82 99 99 99 82 82 99 99 82 82 99 82 82 82 99
99 99 99 99 99 99 99 99 99 99 99 99 99 99 99 99 99 99 99 99 99 99 99 99 99 99 99 99 99 99 99 99 99 99 99 99 99 99 99 99 99 99 99 99 99 99 99 99 99 99 99 99 99 99 99 99 99 99 99 99 99 99 99 99 99 99
0 0 0 0 0 0 0 0 0 0 0 0
99 99 99 99 99 99 99 99 99 99 99 99 99 99 99 99 99 99 99 99 99 99 99 99 99 99 99 99 99 99 99 99 99 99 99 99 99 99 99 99 99 99 99 99 99 99 99 99 99 99 99 99 99 99 99
0 0 0 0 0 0 0 0 0 0 0 0
99 73 99 73 73 73 73 99 99 73 73 99 73 99 73
12 12 12 12 8 99 12 8 8 8 12 12
99 99 99 99 99 99 99 99 99 99 99 99 99 99 99 99 99
41 41 99 41 64 64 41 64 64 99 41 41
99 99 99 99 99 99 99 99 99 99 99 99 99 99
3 3 3 3 3 3 3 3 3 3 3 3 3 3 3 3 3 3
33 99 99 33 99 99 99 99 33 99 99 33 99 99 99 99 33 99 99 99 99
5 5 5 5 5 5 5 5 5 5 5 5 5 5 5 5 5 5 5 5
99 99 99 99 99 99 99 99 99 99 99 99 99 99 99 99 99 99 99
99 99 99 99 99 99 99 99 99 99 99 99 99
99 99 99 99 99 99 99 99 99 99 99 99 99 99 99
42 42 42 42 42 42 24 99 24 42 42 24 24 24 42 42 42 42
99 99 99 99 99 99 99 99 99 99 99 99 99 99 99 99 99
33 99 45 99 99 99 33 99 99 33 45 99 99 99 99 33 45 99 99 33 45
99 99 99 99 99 99 99 99 99 99 99 99 99 99 99 99 99 99 99 99 99 99 99 99
97 99 99 97 99 97 99 99 97 97 99 97 99 99 97 99 99 99 99 99 99 97
39 99 99 39 99 99 39 99 39 89 99 39 39 99 99 89 89 39 99 89 39 99 89 89
99 99 99 99 99 99 99 99 99 99 99 99 99 99 99 99
80 99 99 99 80 80 99 80 99 80 99 99 80
15 99 99 99 99 99 15 99 99 15 99 15 99 99 15 99
99 99 99 99 99 99 99 32 99 32 32 32 99 99 99 99 99 99 32 99 99 99
99 99 99 99 99 99 99 99 99 99 99 99
99 99 99 99 99 99 99 99 99 99 99 99 99 99 99 99 99 99 99 99 99 99 99 99 99 99 99 99 99 99 99 99 99 99 99 99 99
0 0 0 0 0 0 0 0 0 0 0 0
99 99 99 99 99 99 99 99 99 99 99 99
99 99 99 99 99 99 99 99 99 99 99 99 99 99 99 99 99 99 99 99 99 99
52 24 24 52 24 99 24 24 52 24 24 52 52 24 52 24 24 52
9 11 9 9 9 9 11 99 9 11 9 11 11 9
99 99 99 99 99 99 99 99 99 99 99 99
0 0 0 0 0 0 0 0 0 0 0 0
99 99 99 99 99 99 99 83 83 99 83 99 99 83 99 99 99 99 99 83 99 99 99
99 99 99 99 99 99 32 99 99 99 99 99 99 99 32 99 99 32 32 32 99 99
99 99 99 99 99 99 99 99 99 99 99 99 99 99 99 99 99 99 99 99
5 5 5 5 5 5 5 5 5 5 5 5 5 5 5 5 5 5 5 5
0 0 0 0 0 0 0 0 0 0 0 0
11 11 11 11 11 99 11 11 69 11 11 69 69 11
17 56 17 10 56 10 17 99 10 10 17 10 56
14 13 94 14 14 94 14 94 13 13 14 99 14 13 13
99 99 99 99 99 99 99 99 99 99 99 99 99
99 65 32 99 99 32 65 32 99 99 65 32 99 99 99 99 99 99 99 32 99 65
10 17 17 17 99 56 10 56 10 56 10 10 17
99 55 99 99 99 99 55 99 99 99 99 99 99 99 99 55 99 99 99 99 99 99 55 99 99 99 55
14 27 27 27 14 14 14 14 27 27 27 99 27 14 27
7 99 6 7 6 7 7 6 6 7 7 6
11 11 99 11 11 69 69 11 11 11 11 69 11 11
20 20 15 46 20 15 46 46 46 15 46 15 15 46 20 99
2 2 2 2 2 2 2 2 2 2 2 2 2 2 2 2 2 2 2 2 2 2 2 2 2 2 2
99 99 99 99 99 99 99 99 99 99 99 99 99 99 99 99 99 99 99 99 99 99 99 99 99 99 99 99 99 99 99 99 99 99 99 99 99 99
36 85 36 85 36 85 85 85 85 99 36 85 85 85 85 36 85 85 36
99 99 99 99 99 99 99 99 99 99 99 99 99 99 99 99 99 99 99 99 99 99 99 99 99 99 99 99 99 99 99 99 99 99 99 99 99 99 99 99 99 99 99 99 99 99 99 99 99 99
0 0 0 0 0 0 0 0 0 0 0 0
4 4 4 4 4 4 4 4 4 4 4 4 4 4 4
45 45 45 33 45 99 45 45 45 45 33 45 33 99 99 33 99 45 45 33 45
99 99 99 99 99 99 99 99 99 99 99 99 99 99 99 99 99 99 99 99 99 99 99 99 99 99 99 99 99 99 99 99 99 99 99 99 99 99 99
17 10 56 99 10 56 10 10 17 56 17 10 17
8 8 8 8 49 8 49 8 8 8 49 99
32 32 99 32 32 99 32 32 99 32 99 32 99 99 32 32 99 99 99 99 99 99
99 99 99 99 99 99 99 99 99 99 99 99 99 99 99 99 99 99 99 99 99 99 99 99 99 99 99 99
99 99 99 99 19 99 99 19 99 99 99 99 99 99 19 99 19 99 99
1 1 1 1 1 1 1 1 1 1 1 1 1 1 1 1 1 1 1 1 1 1 1 1 1 1 1 1 1 1
4 4 4 4 4 4 4 4 4 4 4 4 4 4 4
99 14 99 99 14 14 99 14 99 99 14 99 99 99 14
99 99 14 14 99 99 99 14 99 14 99 14 99 14 99
82 99 99 82 99 99 99 99 82 99 82 99 99 99 99 99 99 99 99 82 99 99 82 82
12 99 12 12 8 12 12 8 8 12 12 8
46 99 99 99 99 46 46 46 46 99 46 99 99 99 99 99
7 6 7 6 99 7 7 6 7 6 6 7
41 64 64 41 41 99 41 41 64 41 64 99
6 6 7 6 7 6 6 7 99 7 7 7
99 99 99 99 99 99 99 99 99 99 99 99 99 99
21 21 21 21 21 21 21 21 21 21 21 21 21
26 26 69 26 26 99 69 69 26 26 26 69 69 69
99 99 99 99 99 99 99 99 99 99 99 99 99 99 99 99
99 99 99 17 99 99 99 17 99 17 99 17 99
99 99 99 99 9 9 99 99 99 9 99 99 99 9
1 1 1 1 1 1 1 1 1 1 1 1 1 1 1 1 1 1 1 1 1 1 1 1 1 1 1 1 1 1
10 10 10 10 99 10 10 10 10 10 99 10 99
74 74 88 74 99 99 88 74 74 74 99 74 99 74 74 74 74 74 74 74 99 74 74 88 99 74 74 88 74 99 74
99 99 99 99 99 99 99 99 99 99 99 99 99
75 75 75 75 75 9 75 9 75 75 99 75 9 9
22 26 22 26 22 26 26 99 26 22 26 22 26 22
46 15 15 46 20 20 20 99 15 15 46 15 20 46 46 46
75 75 9 75 75 9 9 9 75 75 75 75 75 99
6 7 7 6 7 6 6 7 7 99 6 7
6 6 49 49 99 6 49 6 49 49 6 49
38 78 38 38 24 24 24 24 24 78 24 24 78 24 24 99 38 24
2 2 2 2 2 2 2 2 2 2 2 2 2 2 2 2 2 2 2 2 2 2 2 2 2 2 2
10 10 23 10 23 10 10 23 23 23 23 99 23
99 99 99 99 99 99 99 99 99 99 99 99 99 99 99 99 99
29 33 33 99 33 99 29 29 29 33 29 33 99 29 99 29 29 29 29 29 29
99 99 99 99 99 99 99 99 99 99 99 99 99 99 99 83 99 83 83 99 99 83 83
69 11 11 69 11 11 11 11 11 11 69 99 11 11
99 29 99 29 99 99 99 29 99 99 99 99 99 29 99 99 29 99 29 99 99
1 1 1 1 1 1 1 1 1 1 1 1 1 1 1 1 1 1 1 1 1 1 1 1 1 1 1 1 1 1
99 99 99 99 99 99 99 99 78 78 99 99 99 99 78 99 99 99
99 71 99 99 99 99 99 60 71 99 99 71 60 60 60 99 71 99 60 99 71 99 71 71 71 99
99 99 99 99 99 99 99 99 99 99 99 99 99 99 99 99 99 99 99 99 99 99 99 99 99 99 99 99 99 99 99 99
4 4 4 4 4 4 4 4 4 4 4 4 4 4 4
61 99 99 61 89 99 99 99 61 39 99 39 39 89 99 61 89 61 89 99 99 39 89 89
99 99 99 99 99 99 99 99 99 99 99 99 99 99 99 99 99 99 99 99 99 99 99 99
31 31 31 31 31 31 31 31 31 31 31 99 31
49 8 8 8 8 49 8 8 8 99 8 49
34 34 34 17 34 34 99 34 34 34 17 17 17
78 78 78 99 78 78 99 99 78 78 78 78 99 99 78 99 78 78
99 99 99 99 99 99 99 99 99 99 99 99 99 99 99 99 99 99 99 99 99 99 99 99 99 99 99 99 99 99 99 99 99 99 99 99 99
17 34 34 34 34 99 34 34 17 34 34 17 17
9 11 11 9 9 9 99 9 9 9 9 11 11 11
72 99 72 99 72 99 99 72 72 99 99 72 72 99 72 72 72 72 72 99
13 27 13 99 13 13 27 13 13 27 27 13 13 13 13
30 99 99 37 30 37 99 30 30 99 99 37 37 99 99 99 30
37 37 37 37 37 37 37 37 37 37 37 37 37 37 37 99 37
35 30 35 30 35 30 99 30 30 30 35 30 35 30 30 35 30
99 99 88 99 88 99 99 99 99 88 74 88 88 88 99 88 74 88 88 99 99 99 88 99 74 99 88 88 74 74 99
30 30 30 30 35 30 35 30 35 99 35 30 30 35 35 30 30
28 20 99 15 20 15 28 20 28 28 15 20 28 15 28 15
99 23 10 10 23 23 10 23 23 10 10 23 23
99 99 99 99 99 99 99 99 99 99 99 99 99 99 99 99 99 99 99 99 99
99 99 99 99 99 99 99 99 99 99 99 99 99 99 99 99 99 99 99 99 99 99 99 99 99 99 99 99 99 99 99 99 99 99 99 99
99 99 99 99 99 99 99 99 99 99 99 99 99 99 99 99 99
1 1 1 1 1 1 1 1 1 1 1 1 1 1 1 1 1 1 1 1 1 1 1 1 1 1 1 1 1 1
99 99 27 99 99 27 99 99 27 99 99 27 99 99 99
72 99 43 72 99 99 72 43 72 72 43 99 72 99 99 43 99 43 72 72
0 0 0 0 0 0 0 0 0 0 0 0
10 56 56 10 56 17 10 17 17 99 10 10 17
99 99 99 99 99 99 99 99 99 99 99 99 99 99 99 99 99 99 99 99 99 99 99 99 99 99 99 99 99 99 99 99 99 99 99
99 99 99 99 99 99 99 99 99 99 99 99 99 99 99
14 13 94 13 14 94 14 13 13 13 14 14 94 14 99
35 35 35 35 35 35 35 99 35 35 37 35 37 37 35 37 35
99 99 99 99 99 99 99 99 99 99 99 99 99 99 99 99 99 99 99 99 99 99 99 99 99 99 99 99 99 99 99 99 99 99 99 99 99 99 99 99
99 15 79 79 79 46 15 79 46 79 15 79 15 46 79 15
0 0 0 0 0 0 0 0 0 0 0 0
38 38 99 99 99 99 38 99 99 99 99 99 99 38 99 99 99 99
7 7 6 6 7 7 6 6 99 7 7 6
99 99 20 99 99 99 99 20 99 20 99 99 99 20 99 99
18 18 19 19 19 18 18 19 99 18 18 18 19 18 19 18 19 18 19
31 31 31 31 31 31 31 31 31 31 31 31 99
99 99 99 99 99 88 99 99 99 99 99 99 99 99 99 99 88 88 99 99 99 99 99 99 99 99 99 99 99 99 88
99 17 17 10 56 10 17 17 10 10 56 56 10
23 23 10 23 99 10 23 23 23 10 10 10 23
99 99 99 99 99 99 99 99 99 99 99 99 99 99 99 99 99 99 99 99
6 7 99 7 7 7 7 6 7 6 6 6
17 17 17 17 17 17 17 99 17 17 17 17 17
17 17 17 17 17 99 17 17 17 17 17 17 17
99 7 7 7 7 7 6 6 6 7 6 6
38 42 52 52 38 52 52 52 42 42 42 38 38 52 42 42 52 99
22 22 9 69 9 69 99 69 9 22 22 22 22 9
57 91 57 57 99 44 99 99 99 44 99 91 99 91 44 99 91 99 44 99 44 91 57 91 99
7 99 7 99 7 7 99 99 99 7 99 7
99 39 39 99 61 39 99 99 61 99 99 39 99 39 61 39 39 61 39 39 61 39 39 39
99 99 99 99 99 99 99 99 99 99 99 99 99 99 99 99 99 99 99 99 99
47 47 47 47 99 47 28 28 47 28 47 28 47 28 47 28
1 1 1 1 1 1 1 1 1 1 1 1 1 1 1 1 1 1 1 1 1 1 1 1 1 1 1 1 1 1
24 38 24 24 24 38 24 24 24 24 78 38 24 99 78 24 38 78
99 99 99 27 99 99 27 99 27 99 27 99 99 99 99
56 56 56 31 31 56 31 99 31 56 31 31 56
2 2 2 2 2 2 2 2 2 2 2 2 2 2 2 2 2 2 2 2 2 2 2 2 2 2 2
99 99 99 39 99 39 99 99 99 39 39 99 99 99 39 39 99 99 99 39 99 99 39 99
8 8 8 8 8 8 99 49 49 8 49 8
99 99 99 8 8 99 8 99 99 8 99 99
99 99 99 99 99 99 99 99 99 99 99 99 99 99 99 99 99 99 99 99 99 99 99 99 99 99 99 99
49 49 8 8 8 99 8 8 8 8 8 49
7 6 7 7 7 6 6 99 7 6 6 7
99 99 99 99 99 99 99 99 99 99 99 99
99 99 99 99 99 99 99 99 99 99 99 99 99
1 1 1 1 1 1 1 1 1 1 1 1 1 1 1 1 1 1 1 1 1 1 1 1 1 1 1 1 1 1
43 43 43 43 99 99 99 43 99 99 43 43 99 99 43 99 99 43 43 99
17 17 17 17 17 17 17 99 17 17 17 17 17
99 99 99 99 99 99 99 99 99 99 99 99
8 12 8 8 99 12 12 12 8 12 12 12
21 21 21 21 21 21 21 21 21 21 21 21 21
99 99 99 99 99 99 99 99 99 99 99 99 99 99 99 99 99 99 99 99 99 99 99 99 99 99 99 99 99 99 99 99 99 99 99 99 99 99 99 99 99 99 99 99 99 99
35 37 37 37 35 99 35 35 35 35 35 35 35 35 37 35 35
2 2 2 2 2 2 2 2 2 2 2 2 2 2 2 2 2 2 2 2 2 2 2 2 2 2 2
99 6 8 8 99 6 99 8 6 8 6 6
99 99 37 37 99 37 99 99 99 99 99 99 37 99 99 99 99
99 45 40 40 99 99 45 40 99 40 99 99 40 99 99 99 45 40 45 99 40
50 50 50 99 50 99 99 99 50 50 50 50 50 50 50 50 99 99 99 50 50 50 99 50 50 50 50 50 99 99 50 50 50 99 50 50 99 50 50 50 50
99 24 38 24 24 38 38 38 38 24 38 38 38 38 38 38 24 38
77 93 93 77 93 99 99 99 77 99 99 77 77 99 77 93 77 77 93 99 77 99 99 99 99 99 93 99 77 93
7 6 7 6 6 7 99 6 6 7 7 7
99 99 99 99 99 99 99 99 99 99 99 99 99 99 99 99 99 99 99 99 99 99 99 99 99 99 99 99 99 99 99 99 99 99 99 99 99 99 99
99 99 99 99 44 44 99 99 99 99 99 44 99 99 44 99 99 44 99 99 99 99 99 99 99
99 9 9 99 9 99 99 99 99 99 99 99 99 9
99 99 99 99 99 99 99 99 99 99 99 99 99 99 99 99 99 99 99
62 53 53 53 99 53 53 62 53 53 62 53 53 53 62 62 53 62 62 53 62 62 62 62 62 53 99 62 62 53 53 53 62 53 62 53 62 53 62 62 53 53 53 62 62 53 62 53 62 53 62 53 53 62 53
99 99 99 99 99 9 99 9 99 9 99 9 99 99
2 2 2 2 2 2 2 2 2 2 2 2 2 2 2 2 2 2 2 2 2 2 2 2 2 2 2
22 22 99 99 99 99 22 99 99 99 99 22 22 22
99 18 18 19 19 19 19 18 18 18 18 19 18 18 18 19 18 19 19
99 99 99 99 99 99 99 99 99 99 99 99 99 99 99 99 99
10 17 10 10 17 56 10 56 17 99 10 17 56
99 9 9 11 9 9 11 9 11 11 9 11 9 9
14 14 67 99 67 67 67 67 14 67 14 14 67 67 14
99 99 99 99 99 99 99 99 99 99 99 99 99 99 99
84 84 84 84 84 99 84 84 99 84 84 84
99 34 17 34 34 34 17 17 17 34 34 34 34
99 99 99 99 99 99 99 99 99 99 99 99 99 99 99 99 99
2 2 2 2 2 2 2 2 2 2 2 2 2 2 2 2 2 2 2 2 2 2 2 2 2 2 2
99 76 76 76 99 99 76 99 99 99 99 76 76 99 99 99 99 99 99 99 99 99 99 99 76 99 76 76 99 99 99 99 76
99 99 99 99 99 99 99 99 99 99 99 99 99 99 99 99 99 99
99 99 99 99 99 99 99 99 99 99 99 99 99 99
76 76 99 76 99 99 99 76 76 76 99 99 76 99 99 76 99 99 76 99 76 76 99 99 76 99 99 99 76 99 99 76 76
14 14 99 99 14 14 99 14 99 99 14 99 99 99 99
99 99 99 99 99 99 99 99 99 99 99 99 99 99 99 99 99 99 99 99 99 99 99 99 99 99 99 99 99 99 99 99 99 99 99 99 99 99 99 99 99 99 99
8 8 12 12 12 12 8 8 12 12 12 99
99 99 99 99 99 99 99 99 99 99 99 99 99 99 99 99 99 99 99 99 99 99 99 99 99 99 99 99 99 99 99 99 99 99
99 99 99 99 99 99 99 99 99 99 99 99 99 99 99 99 99 99 99 99 99 99 99 99 99 99 99 99 99 99 99 99 99 99
2 2 2 2 2 2 2 2 2 2 2 2 2 2 2 2 2 2 2 2 2 2 2 2 2 2 2
14 94 13 13 94 14 13 13 94 14 13 99 14 14 14
99 99 99 99 99 99 99 99 99 99 99 99 99 99 99 99 99 99 99 99 99 99 99 99 99 99 99 99 99 99 99 99 99 99 99 99
99 99 29 99 29 99 29 29 99 99 99 99 99 99 99 29 99 99 29 99 99
99 99 99 99 99 99 99 99 99 99 99 99
81 99 81 99 99 99 99 99 99 81 99 99 99 99 99 99 81 99 81 81 99 99 99
18 36 36 99 36 99 99 99 18 99 99 99 36 99 18 18 36 18 36
21 21 21 21 21 21 21 21 21 21 21 21 21
46 99 47 47 47 47 46 47 47 46 46 47 47 46 47 46
99 99 99 99 99 99 99 99 99 99 99 99 99 99 99 99 99 99 99 99 99 99 99 99 99 99 99 99 99 99 99 99 99 99 99
99 11 11 99 99 11 99 11 11 99 99 99 99 99
15 15 15 15 15 15 15 15 15 15 99 15 15 15 15 15
99 19 19 19 36 19 19 19 19 36 36 19 19 19 19 36 19 36 36
31 31 31 31 31 31 31 31 99 31 31 31 31
26 22 22 26 22 22 99 22 26 26 26 26 22 26
49 99 8 8 49 8 8 49 8 8 8 8
70 70 70 99 70 70 99 70 99 70 70 70 70 99 70 70 70 70 70 70 70 70
99 99 19 85 85 99 85 99 99 99 99 19 99 99 99 19 19 99 99
99 99 14 14 14 99 14 99 14 14 99 99 99 99 99
43 99 43 99 43 99 99 43 43 99 43 99 99 43 43 99 99 43 43 99
28 47 47 28 47 28 47 99 47 47 47 28 47 28 47 28
99 99 99 99 99 99 99 99 99 99 99 99
14 27 14 27 14 14 27 99 27 27 27 27 14 14 27
99 99 71 99 71 99 60 60 60 99 99 99 99 99 99 71 99 99 99 99 60 99 60 71 99 99
99 99 99 99 99 99 99 99 99 99 99 99
99 99 56 99 99 99 99 99 99 99 56 56 99
99 99 99 99 99 99 99 99 99 99 99 99 99 99 99 99 99 99 99 99 99 99 99 99 99 99 99 99 99 99 99 99 99 99 99 99 99 99 99 99 99 99 99
99 11 11 11 69 11 11 11 69 69 11 11 11 11
46 46 15 15 20 20 15 46 20 99 15 46 46 20 46 15
99 99 99 99 99 99 99 99 99 99 99 99 99 99 99 99 99 99 99 99 99 99 99 99 99 99 99 99 99
99 99 99 99 99 99 99 99 99 99 99 99 99 99 99 99
1 1 1 1 1 1 1 1 1 1 1 1 1 1 1 1 1 1 1 1 1 1 1 1 1 1 1 1 1 1
21 21 21 21 21 21 21 21 21 21 21 21 21
99 99 99 38 99 78 99 99 38 38 99 78 99 99 78 38 99 99
13 13 13 13 99 13 13 27 27 13 27 13 13 27 13
99 99 99 99 99 99 99 99 99 99 99 99 99 99 99 99 99 99 99 99 99 99 99 99 99 99 99 99 99 99 99 99 99 99 99 99 99 99
4 4 4 4 4 4 4 4 4 4 4 4 4 4 4
12 12 12 8 12 12 12 8 8 99 12 8
56 10 10 10 17 17 99 10 17 10 56 56 17
71 60 60 60 60 99 60 99 60 71 60 99 60 60 60 99 71 60 60 60 60 99 99 99 60 71
15 20 15 46 20 20 46 46 15 20 99 15 46 46 15 46
99 99 99 99 99 99 99 99 99 99 99 99 99 99 99 99 99 99 99 99 99 99 99 99 99 99 99 99 99 99 99 99 99 99 99 99
66 66 99 66 66 66 66 99 66 66 66 66 66 66
60 99 71 71 60 99 60 99 71 60 60 71 71 71 60 99 99 71 60 71 60 99 60 60 99 99
99 99 99 13 13 99 99 13 99 13 99 99 99 99 13
99 99 99 99 99 81 99 81 99 81 99 81 81 99 99 81 99 81 81 81 81 81 81
10 56 10 56 10 10 99 99 99 56 99 99 10
99 99 48 99 99 99 48 99 99 48 99 99 48 99 48 48 48 99 99
8 8 99 8 8 12 12 12 12 12 12 12
99 99 99 99 99 99 99 99 99 99 99 99 99 99 99
12 99 12 8 8 8 12 12 12 12 12 8
60 99 71 99 99 99 60 99 99 60 99 71 99 99 60 99 60 71 99 99 99 71 99 99 99 99
38 78 86 99 86 86 78 38 99 99 86 99 78 38 86 99 38 86
99 99 99 99 99 99 99 99 99 99 99 99 99 99 99 99 99
10 10 23 10 23 10 23 23 23 10 99 23 23
99 99 99 99 99 99 99 99 99 99 99 99 99 99 99 99 99 99 99 99 99 99 99 99 99 99 99 99 99 99
99 13 25 13 99 13 25 25 25 99 13 13 25 25 25
27 27 13 13 13 13 99 13 13 27 13 13 13 13 27
25 25 25 25 25 25 25 25 99 25 25 25 25 25 25
91 44 57 44 91 57 99 44 57 57 91 57 57 91 91 57 44 44 44 44 44 44 91 44 57
10 10 17 56 17 17 99 56 56 10 10 17 10
82 89 89 82 82 82 89 89 89 89 39 82 89 89 99 89 39 82 39 89 89 89 82 39
99 99 99 99 99 99 99 99 99 99 99 99 99 99 99 99 99 99 99 99 99 99 99 99
44 44 44 44 99 99 57 57 44 99 44 99 57 99 57 99 99 44 44 44 99 44 99 99 99
22 22 99 99 22 99 22 99 99 22 22 99 99 99
99 99 99 99 99 99 99 99 99 99 99 99 99 99 99 99 99 99 99 99
40 40 40 40 40 40 40 40 40 40 29 29 40 29 40 29 99 29 40 40 29
99 99 30 99 99 99 30 30 30 30 30 99 30 99 30 30 30
99 11 9 9 9 9 11 11 9 11 9 9 9 11
21 21 21 21 21 21 21 21 21 21 21 21 21
99 99 99 99 13 13 13 13 99 99 99 99 13 99 99
99 70 32 32 70 99 32 99 70 70 99 99 70 99 99 70 99 32 32 99 99 99
99 99 99 99 99 99 99 99 99 99 99 99 99 99 99 99 99 99 99 99 99 99 99 99 99 99 99 99 99 99 99 99 99 99 99 99 99 99 99 99 99 99
27 13 13 13 27 13 13 13 13 13 13 99 27 13 27
1 1 1 1 1 1 1 1 1 1 1 1 1 1 1 1 1 1 1 1 1 1 1 1 1 1 1 1 1 1
99 99 99 99 99 99 99 99 99 99 99 99 99 99 99
99 99 99 99 99 99 99 99 99 99 99 99 99 99 99 99 99 99 99 99 99 99 99 99 99 99 99 99 99 99 99 99 99 99 99 99 99 99 99 99 99 99 99 99 99 99 99 99 99 99 99
11 99 9 11 9 9 11 11 9 9 9 9 9 11
8 8 12 8 12 12 12 12 99 12 8 12
86 99 86 99 99 86 86 86 99 99 99 99 99 99 86 99 99 99
99 99 99 99 99 99 99 99 99 99 99 99 99 99 99 99 99 99 99 99 99 99 99 99 99 99 99 99 99 99 99 99 99 99 99 99 99 99 99 99 99 99 99 99 99 99 99 99 99 99 99 99 99 99 99 99 99 99 99
20 15 20 15 20 20 99 99 15 15 20 15 20 20 20 99
6 6 49 49 6 49 49 6 49 49 6 99
41 64 64 41 41 99 41 41 64 41 64 99
99 11 99 11 99 99 99 99 99 99 11 11 99 11
78 78 99 99 99 24 24 99 24 24 24 99 99 99 99 99 99 78
12 99 12 12 12 12 8 12 12 8 8 8
46 20 20 20 20 20 46 46 99 20 20 20 20 20 20 20
99 99 99 99 99 99 99 99 99 99 99 99 99 99 99 99 99 99 99 99 99 99 99 99 99 99 99 99
14 14 14 27 27 14 27 27 27 27 27 27 14 14 99
99 99 99 99 99 99 9 9 9 99 99 99 99 9
39 39 39 39 99 99 99 39 99 39 39 99 39 99 99 39 99 99 99 39 39 39 99 99
35 35 99 99 35 99 35 30 99 30 99 30 30 99 35 30 35
33 29 29 33 33 33 45 33 45 33 45 29 45 29 33 33 29 33 33 99 29
99 99 99 99 99 99 99 99 99 99 99 99 99 99
99 99 99 99 99 99 99 99 99 99 99 99 99 99 99 99 99 99
14 99 94 94 14 13 13 13 13 14 14 94 14 13 14
99 99 99 99 99 99 99 99 99 99 99 99 99 99 99 99 99 99 99
56 10 56 56 10 99 10 17 17 10 17 17 10
27 94 27 27 27 94 94 27 27 94 99 94 94 27 27
99 99 15 15 99 99 99 99 15 15 99 99 99 15 99 99
99 9 26 26 9 26 26 99 26 26 26 99 9 9
40 40 99 40 99 40 40 99 99 99 99 99 99 40 40 99 99 99 99 99 99
28 20 20 15 28 20 15 28 15 28 15 15 99 20 28 28
54 54 54 54 54 54 54 54 54 54 54 54 99 54 99 99 54 54 54 99 54 54 99 54 99 54 54 99 54 54 99 99 99 54 99 99 54 54 99 54 54
99 99 24 24 86 99 24 86 99 24 24 86 86 86 99 99 99 86
58 99 99 58 58 58 58 58 58 58 99 58 58 58 58 58 58 99 58 58 99 58 58 58 99 58 58 58 99 99 58 99 58 99 58 58 99 99
1 1 1 1 1 1 1 1 1 1 1 1 1 1 1 1 1 1 1 1 1 1 1 1 1 1 1 1 1 1
92 92 92 92 99 99 92 99 92 99 92 92 92 92 92 99 99 99 99 99 92
90 90 90 90 90 90 90 90 90 90 90 99 90 90 90 90 90 90 90
91 99 57 99 99 99 99 91 91 99 99 99 99 99 99 91 57 91 99 99 57 91 57 99 99
99 11 99 99 11 11 11 99 99 11 99 99 99 99
6 99 6 8 6 99 6 8 8 99 6 8
10 23 99 10 23 23 10 10 23 23 10 23 23
99 99 99 99 99 99 99 99 99 99 99 99 99 99 99 99 99 99 99 99 99 99 99 99 99 99
11 69 11 11 11 11 69 99 11 11 11 11 11 69
36 36 68 68 99 36 36 19 68 36 68 68 68 68 36 68 19 19 19
99 99 99 99 99 44 99 57 44 99 99 99 44 44 99 57 99 99 99 57 99 44 99 99 57
99 99 99 99 99 99 99 99 99 99 99 99 99 99 99 99 99 99 99 99 99 99 99 99 99 99 99 99
99 99 11 99 99 99 99 99 11 11 11 99 11 99
99 99 99 99 99 99 99 99 99 99 99 99 99 99 99
47 47 99 47 28 28 28 47 47 28 28 47 47 28 47 47
13 94 14 14 14 13 13 14 14 13 99 94 14 94 13
99 99 99 99 99 99 99 99 99 99 99 99 99 99 99 99
2 2 2 2 2 2 2 2 2 2 2 2 2 2 2 2 2 2 2 2 2 2 2 2 2 2 2
7 7 99 7 6 7 7 7 6 6 6 6
49 6 6 49 49 6 49 6 49 49 6 99
42 42 24 24 24 42 42 42 24 42 42 42 42 42 24 42 99 42
99 99 99 99 99 99 99 99 99 99 99 99 99 99 99 99 99 99
64 41 99 41 99 41 41 41 64 64 64 41
2 2 2 2 2 2 2 2 2 2 2 2 2 2 2 2 2 2 2 2 2 2 2 2 2 2 2
99 99 99 99 99 99 99 43 99 99 99 43 43 99 43 99 99 99 43 99
12 99 12 12 12 8 8 8 12 8 12 12
34 34 34 17 34 34 34 34 99 17 34 17 17
4 4 4 4 4 4 4 4 4 4 4 4 4 4 4
20 20 20 20 20 46 46 99 20 20 20 20 20 46 20 20
99 99 99 99 99 99 99 99 99 99 99 99 99 99 99 99 99 99 99 99 99
2 2 2 2 2 2 2 2 2 2 2 2 2 2 2 2 2 2 2 2 2 2 2 2 2 2 2
99 99 99 99 99 99 99 99 99 99 99 99 99 99 99 99 99 99 99 99
99 99 99 99 99 99 99 99 99 99 99 99 99 99 99 99 99 99 99 99 99 99 99 99 99 99 99 99 99 99 99 99 99 99 99 99
64 41 99 41 99 41 41 41 64 64 64 41
4 4 4 4 4 4 4 4 4 4 4 4 4 4 4
47 47 47 28 28 28 99 28 47 47 47 47 47 47 28 28
38 38 99 38 38 38 38 38 38 24 38 38 24 24 24 38 24 38
29 99 45 99 45 99 99 29 99 45 29 99 29 99 29 99 99 99 45 99 29
99 8 49 8 8 49 8 8 8 8 8 49
8 8 8 8 49 8 8 8 99 49 49 8
99 99 99 99 99 99 99 99 99 99 99 99 99 99 99 99 99 99 99 99 99 99 99 99 99 99 99
99 99 99 99 99 99 99 99 99 99 99 99
6 7 7 7 7 6 6 6 7 99 6 7
59 99 59 59 59 59 99 59 59 59 59 59 59 59 59 59 59 99 59 59 59 59 59 59 99 59 59 99 59 99 99 59 59
1 1 1 1 1 1 1 1 1 1 1 1 1 1 1 1 1 1 1 1 1 1 1 1 1 1 1 1 1 1
24 24 99 24 52 24 52 24 24 24 52 52 24 52 52 24 24 52
12 12 12 8 99 12 8 8 12 8 12 12
18 18 18 18 19 18 19 19 19 18 19 19 99 18 19 18 18 19 18
91 44 44 44 91 57 91 44 91 57 44 57 57 57 44 44 57 57 44 91 44 99 44 57 91
15 15 15 15 15 15 15 15 15 15 15 15 99 15 15 15
99 99 99 45 99 99 45 99 45 45 45 99 99 99 99 99 99 45 45 99 45
99 99 99 99 99 99 99 99 99 99 99 99 99 99 99 99 99 99 99 99 99 99 99 99 99 99 99 99 99 99 99 99 99 99 99 99 99 99 99
29 99 29 99 45 45 45 45 99 45 29 45 99 99 99 29 99 45 29 45 29
99 99 99 99 99 99 99 99 99 99 99 99 99 99 99 99 99 99 99
20 20 20 20 46 20 20 99 20 46 20 20 20 20 20 46
1 1 1 1 1 1 1 1 1 1 1 1 1 1 1 1 1 1 1 1 1 1 1 1 1 1 1 1 1 1
1 1 1 1 1 1 1 1 1 1 1 1 1 1 1 1 1 1 1 1 1 1 1 1 1 1 1 1 1 1
49 6 49 49 6 6 49 99 6 49 6 49
90 90 99 90 18 90 90 18 19 18 18 90 90 18 19 19 90 90 19
99 99 99 99 99 99 99 99 99 99 99 99
25 25 25 25 25 99 25 25 25 25 25 25 25 25 25
4 4 4 4 4 4 4 4 4 4 4 4 4 4 4
82 39 61 99 61 39 82 82 39 39 82 99 82 61 82 99 39 61 39 82 39 61 99 39
99 99 99 99 99 99 99 99 99 99 99 99 99 99 99 99 99 99 99 99 99 99 99 99 99 99 99 99 99 99 99 99 99
66 66 99 66 66 66 66 99 66 66 66 66 66 66
6 7 99 7 7 6 7 7 6 6 6 7
21 21 21 21 21 21 21 21 21 21 21 21 21
61 61 61 61 61 61 99 61 99 61 61 61 99 99 99 99 99 99 99 61 61 61 61 61
99 99 99 99 99 99 99 99 99 99 99 99 99 99 99 99 99 99 99 99 99 99 99 99 99 99
99 99 99 99 99 99 99 99 99 99 99 99 99 99
10 10 17 17 10 17 56 99 10 10 17 56 56
99 99 99 33 99 99 99 33 99 99 99 33 99 99 33 99 99 99 99 33 99
2 2 2 2 2 2 2 2 2 2 2 2 2 2 2 2 2 2 2 2 2 2 2 2 2 2 2
1 1 1 1 1 1 1 1 1 1 1 1 1 1 1 1 1 1 1 1 1 1 1 1 1 1 1 1 1 1
91 99 99 91 99 91 99 91 91 57 99 99 57 99 99 99 57 99 57 91 57 99 57 57 57
11 99 9 9 11 9 11 9 11 9 9 11 9 9
99 99 11 99 99 99 99 99 11 11 11 99 11 99
55 55 99 99 99 55 55 99 55 99 99 55 55 55 99 55 99 55 99 55 55 99 99 55 55 99 55
7 6 6 6 7 7 99 7 7 6 6 7
15 20 15 28 28 20 28 99 28 28 15 20 20 15 15 28
15 28 20 28 15 28 20 99 28 15 28 15 15 28 20 20
99 99 99 99 99 99 99 99 99 99 99 99 99 99 99 99 99 99
83 83 99 83 99 99 99 99 99 83 83 83 99 99 99 99 83 99 83 99 83 83 99
99 99 70 99 32 99 32 99 99 99 99 32 70 70 32 70 70 99 99 70 32 99
7 7 7 7 99 7 6 6 6 6 6 7
99 99 99 99 99 99 99 99 99 99 99 99 99 99 99 99 99 99
9 22 69 9 22 22 22 69 9 9 99 22 22 69
99 99 99 99 99 99 99 99 99 99 99 99 99 99 99 99 99 99 99 99 99 99 99 99 99 99 99 99
4 4 4 4 4 4 4 4 4 4 4 4 4 4 4
99 43 43 99 99 99 99 99 99 99 99 43 43 99 43 99 99 99 99 99
99 99 99 99 99 99 99 99 99 99 99 99 99 99 99 99 99 99 99 99 99 99 99 99 99 99 99 99 99 99 99 99 99 99 99
99 99 99 99 99 99 72 72 99 99 99 72 72 99 99 99 99 99 99 99
99 61 61 61 61 61 39 61 61 39 39 61 61 61 39 61 61 39 39 61 61 61 39 39
99 55 55 99 55 99 55 99 55 55 55 55 55 99 55 55 55 55 55 55 99 99 55 55 55 55 55
13 27 13 13 13 13 13 99 13 27 27 13 27 13 13
99 6 6 6 6 49 49 6 49 49 49 49
99 99 99 99 99 99 99 99 99 99 99 99
10 10 99 56 99 10 99 99 56 10 99 10 56
99 99 99 99 99 99 99 99 99 99 99 99 99 99 99 99 99 99 99 99 99 99 99 99 99 99 99 99
99 99 99 37 99 37 99 99 99 99 99 37 37 99 99 99 99
69 69 26 69 26 26 69 26 26 26 99 26 69 69
11 9 9 99 9 11 11 9 9 11 9 11 9 9
7 7 99 7 7 6 7 6 6 6 7 6
6 8 6 8 8 99 6 99 6 6 8 99
99 99 99 99 99 99 99 99 99 99 99 99 99 99 99 99 99 99 99 99 99 99 99 99 99 99 99 99 99 99 99 99 99 99 99 99 99 99 99 99 99 99 99 99 99 99 99 99 99
99 99 99 99 99 99 99 99 99 99 99 99 99 99 99 99 99 99 99 99 99 99 99 99 99 99 99 99 99 99 99 99 99 99 99 99 99 99 99 99 99 99 99
99 92 92 92 99 99 92 99 92 92 92 92 92 92 92 99 99 99 99 99 92
38 99 24 24 24 78 38 38 24 24 24 24 38 24 78 78 24 24
99 99 99 99 99 99 99 99 99 99 99 99 99 99
11 9 11 9 11 99 11 9 9 11 9 9 9 9
15 20 28 99 28 28 15 20 28 15 20 20 28 15 28 15
87 99 74 87 88 74 99 99 99 74 88 87 74 99 74 99 74 88 74 87 74 87 88 74 88 88 88 74 88 99 87
99 99 99 99 99 99 99 99 99 99 99 99 99 99 99 99 99 99 99 99 99 99 99 99 99 99 99 99 99
40 45 40 29 40 40 40 45 29 40 40 45 29 45 99 99 99 99 29 29 29
31 31 31 31 31 99 31 31 31 31 31 31 31
99 15 15 15 99 99 99 15 15 99 99 99 99 99 99 99
1 1 1 1 1 1 1 1 1 1 1 1 1 1 1 1 1 1 1 1 1 1 1 1 1 1 1 1 1 1
65 65 65 99 65 65 99 65 65 65 65 99 99 65 65 99 99 99 99 99 65 99
99 99 99 99 99 99 99 99 99 99 99 99 99 99 99 99 99 99 99 99 99 99 99 99 99 99 99 99 99 99 99 99 99 99
2 2 2 2 2 2 2 2 2 2 2 2 2 2 2 2 2 2 2 2 2 2 2 2 2 2 2
99 99 99 99 99 99 99 99 99 99 99 99 99 99 99 99 99 99 99 99 99 99
12 8 8 12 12 8 12 12 12 8 12 99
99 99 99 37 99 99 99 37 99 37 99 37 99 99 99 99 99
1 1 1 1 1 1 1 1 1 1 1 1 1 1 1 1 1 1 1 1 1 1 1 1 1 1 1 1 1 1
18 36 18 19 36 19 18 18 99 19 85 36 36 36 36 18 85 85 19
99 99 99 99 99 99 99 99 99 99 99 99 99 99
49 49 6 49 49 99 6 6 6 6 49 49
99 6 7 6 6 7 7 6 7 7 7 6
22 9 22 69 69 22 22 9 9 9 22 99 69 22
99 32 99 32 99 32 99 32 99 65 32 65 32 65 99 99 32 32 99 32 32 65
82 39 99 99 82 99 99 82 99 99 99 82 39 99 99 99 82 99 39 82 99 39 99 82
99 99 99 99 99 99 99 99 99 99 99 99 99 99 99 99 99 99 99 99 99 99 99 99 99 99 99
38 42 42 42 38 38 42 78 38 78 42 38 78 42 38 38 99 38
10 23 23 23 23 23 23 10 10 10 99 23 10
12 8 8 8 8 12 12 12 12 12 99 12
21 21 21 21 21 21 21 21 21 21 21 21 21
0 0 0 0 0 0 0 0 0 0 0 0
99 99 27 99 27 99 27 99 27 99 99 99 99 99 99
99 99 99 74 99 99 74 99 99 99 99 99 99 99 99 74 99 99 99 99 99 99 99 99 99 74 99 99 74 99 99
99 99 99 99 99 99 99 99 99 99 99 99 99
65 97 32 97 65 97 32 65 97 32 97 65 32 97 65 65 65 32 97 97 99 65
99 99 99 99 99 99 99 99 99 99 99 99 99 99 99 99 99 99 99
13 14 14 13 14 13 14 94 13 13 94 14 99 14 94
37 30 37 37 37 99 99 37 99 30 99 37 30 37 37 30 30
22 26 99 26 26 22 26 26 26 22 22 22 26 22
9 9 9 9 9 99 11 9 11 11 11 9 11 9
43 43 99 72 99 99 99 72 99 72 99 72 99 43 99 43 99 43 99 99
84 84 84 84 84 99 84 84 99 84 84 84
99 99 99 99 99 99 99 99 99 99 99 99 99
99 99 15 15 99 15 99 99 99 99 99 99 15 15 99 99
99 99 99 99 99 99 99 99 99 99 99 99 99 99 99 99 99 99
99 25 94 27 25 25 25 25 27 25 25 27 94 94 27
78 38 52 78 78 52 78 52 99 78 38 38 52 52 52 52 78 38
99 99 99 99 99 99 99 99 99 99 99 99 99 99 99 99 99 99 99 99 99 99 99 99 99 99 99 99 99 99 99 99 99 99 99 99
75 75 75 75 75 75 9 9 9 75 99 75 75 9
26 26 22 22 26 22 26 26 99 26 22 22 22 26
0 0 0 0 0 0 0 0 0 0 0 0
21 21 21 21 21 21 21 21 21 21 21 21 21
23 99 23 23 99 99 99 99 23 23 99 23 23
19 36 36 36 19 85 19 85 85 18 36 36 18 18 36 19 18 99 18
0 0 0 0 0 0 0 0 0 0 0 0
0 0 0 0 0 0 0 0 0 0 0 0
56 10 17 99 17 56 56 17 17 10 10 10 10
99 44 57 57 44 57 57 44 99 44 44 57 99 44 99 57 99 44 57 99 44 57 44 99 44
77 99 99 93 99 77 99 77 93 77 93 99 99 77 93 77 93 99 93 93 77 99 77 99 77 99 99 77 99 99
96 42 96 42 96 96 96 42 42 96 96 96 96 42 42 99 96 96
99 99 99 99 99 99 99 99 99 99 99 99 99 99 99 99 99 99 99 99 99 99 99 99 99 99 99 99 99 99 99 99
4 4 4 4 4 4 4 4 4 4 4 4 4 4 4
99 99 99 99 99 99 99 99 99 99 99 99 99
99 81 99 81 99 81 99 99 99 99 81 81 81 81 81 81 99 99 81 99 81 81 99
11 9 11 99 9 9 9 11 9 11 9 11 9 9
7 7 6 6 99 6 7 7 7 7 6 6
50 50 99 50 99 50 50 50 99 50 50 50 99 50 50 99 99 50 50 50 99 99 50 50 99 50 50 99 50 50 50 50 50 50 50 50 99 99 50 50 50
75 75 9 75 75 99 9 9 75 75 75 9 75 75
68 68 18 18 18 18 68 99 18 68 18 68 18 68 68 18 18 68 18
33 29 45 33 33 33 29 99 45 33 29 33 33 45 29 33 33 45 29 29 33
2 2 2 2 2 2 2 2 2 2 2 2 2 2 2 2 2 2 2 2 2 2 2 2 2 2 2
99 99 99 99 99 99 99 99 99 99 99 99 99 99 99 99 99 99 99
54 54 54 54 54 54 54 54 54 54 54 54 99 54 99 99 54 54 54 99 54 54 99 54 99 54 54 99 54 54 99 99 99 54 99 99 54 54 99 54 54
70 32 32 70 65 70 70 70 65 32 70 70 32 65 65 70 32 70 99 70 70 70
99 24 24 99 99 86 99 99 24 24 86 86 86 86 99 99 86 24
21 21 21 21 21 21 21 21 21 21 21 21 21
99 99 99 99 99 99 99 99 99 99 99 99 99 99 99 99 99 99 99 99 99
56 17 56 10 10 10 17 10 17 99 17 10 56
27 13 13 13 27 13 13 13 13 13 27 27 99 13 13
24 52 24 52 24 99 52 24 52 24 24 24 24 52 52 24 24 52
19 18 18 99 18 18 18 18 19 19 19 18 18 18 19 18 19 19 19
99 15 15 99 99 99 99 99 99 99 15 15 99 99 15 99
25 25 25 25 25 99 25 25 25 25 25 25 25 25 25
99 99 99 99 99 99 99 99 99 99 99 99 99
99 99 55 99 99 55 99 99 99 55 55 99 99 99 99 99 99 99 99 99 99 99 99 99 55 99 99
22 26 26 22 99 22 26 22 26 26 22 26 26 22
99 72 72 72 72 43 43 72 99 72 99 99 43 43 99 43 99 72 99 72
9 11 9 11 9 9 9 99 11 11 9 9 9 11
4 4 4 4 4 4 4 4 4 4 4 4 4 4 4
17 34 17 34 34 34 34 34 17 99 34 34 17
58 99 58 58 58 99 99 99 58 58 58 58 58 58 58 99 58 58 58 58 99 58 58 58 99 58 58 58 58 58 99 58 99 58 99 58 99 99
27 27 14 14 14 99 14 14 14 27 27 27 27 27 27
46 28 28 46 46 46 28 28 46 46 28 46 46 28 99 46
59 59 59 59 99 59 99 59 59 59 59 59 59 59 59 99 59 59 99 59 59 99 59 59 59 99 59 59 59 99 59 59 59
12 12 8 8 12 12 99 8 12 12 8 12
99 9 11 11 9 9 11 11 9 9 9 9 9 11
99 99 99 99 99 99 99 99 99 99 99 99 99
99 77 77 99 99 99 99 77 99 77 99 99 99 77 77 99 99 77 99 99 99 99 77 99 77 99 99 77 99 99
99 99 8 99 99 99 8 99 8 99 99 8
8 8 99 49 8 8 49 8 8 8 8 49
99 99 99 99 99 99 99 99 61 39 99 99 99 39 99 39 39 99 99 61 61 99 61 61
45 99 99 99 99 99 33 99 33 99 99 45 99 99 33 33 99 99 45 33 45
99 99 99 99 99 99 99 99 99 99 99 99 99 99 99 99 99 99 99 99 99 99 99 99
99 92 92 92 99 99 92 99 92 92 92 92 92 92 92 99 99 99 99 99 92
99 99 99 13 99 13 99 13 99 13 99 99 99 13 99
62 53 53 53 99 53 53 62 53 53 62 53 53 53 62 62 53 62 62 53 62 62 62 62 62 53 99 62 62 53 53 53 62 53 62 53 62 53 62 62 53 53 53 62 62 53 62 53 62 53 62 53 53 62 53
0 0 0 0 0 0 0 0 0 0 0 0
11 11 11 11 69 99 11 11 11 11 11 69 69 11
10 56 56 17 17 10 56 10 10 10 17 17 99
99 99 99 99 99 99 99 99 99 99 99 99
4 4 4 4 4 4 4 4 4 4 4 4 4 4 4
1 1 1 1 1 1 1 1 1 1 1 1 1 1 1 1 1 1 1 1 1 1 1 1 1 1 1 1 1 1
99 99 99 99 99 99 99 99 99 99 99 99 99 99 99 99 99 99 99 99 99 99 99 99 99 99 99 99 99 99 99 99
60 99 60 71 60 99 60 99 99 71 99 71 99 99 71 99 99 71 99 99 71 60 99 99 71 71