0 0 0 0 0 0 0
14 14 14 14 99 14 14 14 14 14 14 14 14
0 0 0 0 0 0 0
0 0 0 0 0 0 0
54 35 35 54 35 35 35 99 35 54
36 36 36 26 99 26 26 26
0 0 0 0 0 0 0
36 36 99 26 36 26 26 26
14 14 14 99 14 14 14 14 14 14 14 14 14
72 72 79 57 79 79 79 72 72 72 57 79 79 57 79 79 79 57 99 79 79 79
1 1 1 1 1 1 1 1
73 73 73 24 24 62 62 24 99 73 62 73 73 24 24 62 73
1 1 1 1 1 1 1 1
99 57 72 72 99 72 99 72 57 99 72 72 57 72 99 72 72 57 99 72 99 99
0 0 0 0 0 0 0
99 99 99 99 99 99 99 99 99 99 99 99 99 99 99 99
67 60 60 67 60 67 60 60 60 60 67 67 99 67
0 0 0 0 0 0 0
99 99 99 99 99 99 99 99 99
1 1 1 1 1 1 1 1
99 99 68 68 68 68 99 68 99 99 99 68
99 99 99 99 99 99 99 99 99 99 99 99 99 99 99 99 99 99 99 99 99 99 99 99
2 2 2 2 2 2 2 2 2
37 33 37 33 99 37 33 33 33 37 37 33 33 33
0 0 0 0 0 0 0
72 57 57 57 99 99 72 99 57 57 57 99 57 57 99 99 72 72 99 99 72 99
12 12 12 12 12 12 12 12 12 12 12 12 12 12 12 12 12 12 12 12 12 12 12 12 12 12 12 12 12 12 12 12 12 12 12 12 12 12
12 12 12 12 12 12 12 12 12 12 12 12 12 12 12 12 12 12 12 12 12 12 12 12 12 12 12 12 12 12 12 12 12 12 12 12 12 12
19 19 19 19 19 19 19 19 19 19 19 19 19 19 19
0 0 0 0 0 0 0
2 2 2 2 2 2 2 2 2
2 2 2 2 2 2 2 2 2
49 49 49 99 49 49 49
31 99 31 31 31 31 31 31 31 31 31 31 31
1 1 1 1 1 1 1 1
58 43 43 99 99 43 43 58 43 58 99 58 43 99 43
79 79 79 38 38 79 79 38 99 99 57 99 57 38 79 99 38 38 38 38 57 57
99 99 48 48 99 99 99 48 99 99 99 99 99 99 48 48
99 99 99 99 99 99 99 99 99 99 99 99 99 99 99 99 99 99 99 99 99 99 99 99 99 99 99 99 99 99 99 99
0 0 0 0 0 0 0
99 62 62 62 62 24 62 62 62 99 24 62 99 99 24 24 24
18 18 20 18 20 18 20 99 18 20 18 20
7 7 7 7 7 7 7 7 7 7 7 7
27 27 27 27 27 27 27 27 27 27 27 27 27 27 27 27 27 27 27 27 27 27
2 2 2 2 2 2 2 2 2
99 99 99 99 99 99 99 99 99 99 99 99 99 99 99 99 99 99 99
2 2 2 2 2 2 2 2 2
0 0 0 0 0 0 0
99 99 99 99 99 99 99 99 99 99 99 99 99 99 99 99 99 99 99 99 99 99
0 0 0 0 0 0 0
0 0 0 0 0 0 0
99 99 99 99 99 99 99 99 99 99 99 99 99 99 99 99 99
1 1 1 1 1 1 1 1
99 99 99 99 99 99 99 99 99 99 99 99 99 99 99 99 99 99 99 99 99 99 99 99 99 99 99 99 99 99 99 99 99 99 99 99
99 74 74 99 74 74 99 99 99 74 99 99 74 99 99 74
99 99 99 99 99 99 99 99 99 99 99 99 99 99 99 99 99 99 99 99 99 99 99 99 99 99
99 99 99 99 99 99 99 99 99 99 99
22 41 41 99 22 41 22 41 41 22 41
0 0 0 0 0 0 0
1 1 1 1 1 1 1 1
99 99 99 94 94 99 99 99 99 99 94 99 94 99 99 99 94 99 99 99 99 99 99 94 99 94 94 99 99 94 94 99 94 99 99 99 94 94
99 99 73 99 73 99 99 99 99 99 99 99 73 73 73 73 73
99 99 99 99 28 28 99 99 99 28 99 28 28 99 99
7 7 7 7 7 7 7 7 7 7 7 7
54 54 35 54 35 35 99 35 35 35
99 99 99 99 99 99 80 99 99 80 80 99 99 80 99 99 99 80 99 99 99 99 99 99 99 99 99 99 99
1 1 1 1 1 1 1 1
99 99 28 28 28 99 28 99 99 28 99 99 99 99 99
99 99 99 99 99 99 99 99 99 99 99 99 99 99 99 99 99 99 99 99 99 99 99 99 99 99 99
99 99 99 99 99 99 99 99 99 99 99 99 99 99 99 99 99 99 99 99 99 99 99 99 99 99 99 99
18 99 20 20 20 18 20 18 18 18 20 18
1 1 1 1 1 1 1 1
99 99 99 99 99 99 99 99 99 99 99 99 99 99 99 99 99 99 99 99
3 3 3 3 3 3 3 3 3 3
7 7 7 7 7 7 7 7 7 7 7 7
94 94 99 99 99 99 99 99 94 99 99 99 99 94 99 99 99 99 94 99 94 99 99 99 99 99 94 99 94 99 99 99 94 99 94 94 94 94
50 38 50 38 50 50 38 38 38 38 50 50 50 50 50 50 50 38 99 38 50 50
3 3 3 3 3 3 3 3 3 3
24 99 24 99 99 99 99 99 24 99 99 99 99 24 99 99 24
2 2 2 2 2 2 2 2 2
99 58 99 58 99 99 99 58 99 58 99 99 99 99 99
99 99 99 99 99 99 99 99 99 99 99 99 99 99 99 99 99 99 99
44 99 44 99 44 44 44 44 44 44
15 15 13 61 15 13 15 13 13 13
99 99 99 99 99 99 99 99 99 99 99 99 99 99 99 99 99 99 99 99 99 99 99
0 0 0 0 0 0 0
1 1 1 1 1 1 1 1
13 13 13 15 15 15 61 15 13 13
0 0 0 0 0 0 0
63 99 99 63 63 63 63 99 99 99 63 63 63
99 99 99 99 99 99 99 99 99 99 99 99 99
99 99 99 99 99 99 99 99 99 99 99 99 99 99 99 99 99 99 99 99 99 99 99 99 99
99 99 99 99 99 99 99 99
0 0 0 0 0 0 0
12 12 12 12 12 12 12 12 12 12 12 12 12 12 12 12 12 12 12 12 12 12 12 12 12 12 12 12 12 12 12 12 12 12 12 12 12 12
0 0 0 0 0 0 0
3 3 3 3 3 3 3 3 3 3
99 99 28 99 99 99 28 99 99 28 99 99 28 28 99
19 19 19 19 19 19 19 19 19 19 19 19 19 19 19
3 3 3 3 3 3 3 3 3 3
1 1 1 1 1 1 1 1
14 14 14 99 14 14 14 14 14 14 14 14 14
17 22 17 17 22 17 99 17 17 22 22
0 0 0 0 0 0 0
99 99 99 99 99 99 99
1 1 1 1 1 1 1 1
99 42 25 25 42 25 25 42 25
20 18 99 20 18 18 18 20 18 18 20 20
45 45 45 99 31 31 45 31 45 45 31 45 45
99 52 99 99 99 99 52 99 99 99 52 99 99 52 52 52 99
99 99 99 91 99 99 99 91 99 91 99 99 99 99
99 99 99 99 99 80 99 99 80 99 80 99 99 99 80 99 99 99 99 99 99 99 99 99 99 99 99 99 80
55 99 99 99 99 99 99 55 55 55 99 55 99 99 99 99 99 99 99 99 55 99 99 99 99 99 99 99 99 55 55 55 99 55
0 0 0 0 0 0 0
1 1 1 1 1 1 1 1
58 28 28 28 28 28 58 28 28 28 28 28 58 58 99
1 1 1 1 1 1 1 1
99 99 99 99 99 99 99 99 99 99 99 99 99 99 99 99 99 99 99 99 99 99 99 99 99 99 99 99
1 1 1 1 1 1 1 1
99 99 99 99 99 99 99 99 99 99 99 99 99 99 99 99 99 99 99 99 99 99 99 99 99 99 99
3 3 3 3 3 3 3 3 3 3
99 99 99 99 99 99 99
21 21 21 21 21 21 21 21 99
3 3 3 3 3 3 3 3 3 3
99 99 99 99 99 99 99 99
7 7 7 7 7 7 7 7 7 7 7 7
99 99 99 99 99 99 99 99 99 99
35 35 35 54 54 99 35 54 35 35
46 46 99 46 99 99 46 99 99 99 46 46 46 99 99 46 99 99
32 32 32 41 99 32 32 41 32 41 32
2 2 2 2 2 2 2 2 2
99 99 99 99 99 99 99 99 99 99 99 99 99 99 99 99 99 99
2 2 2 2 2 2 2 2 2
99 99 99 99 99 99 99 99
99 49 49 49 49 49 49
99 99 99 99 99 99 99 99 99 99
56 56 51 51 56 56 51 51 51 51 51 56 99
99 99 99 99 99 99 99 99 99 99 99 99 99 99 99 99 99 99 99 99 99 99 99
99 99 99 72 99 57 72 99 72 99 57 99 99 99 99 99 57 99 72 99 57 72
99 99 99 99 99 99 99 99 99 99 99
21 21 21 21 21 21 21 21 99
2 2 2 2 2 2 2 2 2
1 1 1 1 1 1 1 1
81 81 99 81 81 81 99 81
99 99 99 99 99 99 99 99 99 99 99 99 99 99 99
99 99 99 99 24 99 99 99 99 99 24 99 24 24 24 99 99
1 1 1 1 1 1 1 1
2 2 2 2 2 2 2 2 2
81 81 81 81 81 99 81 99
99 99 99 99 99 99 99 99 99 99 99 99 99 99 99
4 4 4 4 4 4 4 4 4 4 4
1 1 1 1 1 1 1 1
3 3 3 3 3 3 3 3 3 3
99 99 99 99 99 99 99 99 99 99 99 99 99 99 99
8 8 8 95 8 8 8 8 8 8 8
99 99 99 99 99 99 99 99 99 99 99 99
99 99 99 99 99 99 99 99
99 99 99 99 99 99 99 99 99 99 99 99 99 99
99 99 99 99 99 99 99 99 99 99 99 99 99 99 99 99 99 99 99 99 99 99 99 99 99
99 99 99 99 99 99 99 99 99 99 99 99 99 99 99 99 99 99 99 99 99 99 99 99 99 99
1 1 1 1 1 1 1 1
26 26 99 36 26 36 26 36
99 99 99 99 99 99 99 99 99 99 99 99 99 99 99 99 99 99 99 99 99 99 99 99 99 99 99 99 99
99 99 99 99 99 99 99 99 99 99 99 99 99 99 99 99
28 28 28 28 99 28 58 58 28 28 28 28 28 58 58
82 99 82 99 82 99 82 82 99 82 99 99 99 82 82 82 99 82 99
20 18 20 20 18 18 20 18 20 18 18 99
1 1 1 1 1 1 1 1
91 92 92 92 92 92 99 91 92 92 92 92 91 99
99 99 99 99 99 99 99 99 99 99 99 99 99 99 99 99 99 99 99 99 99 99 99 99 99 99 99
99 99 99 99 99 99 99 99 99 99 99 99 99 99 99 99 99 99 99 99 99 99 99 99 99 99 99 99 99 99 99 99 99 99 99 99 99 99 99 99 99 99 99 99 99 99 99 99 99 99
49 49 49 49 49 99 49
83 83 83 83 83 83 83 99 83 83 83 83 83 99 83 83 83
99 99 99 99 99 99 99 99 99 99 99 99 99 99 99 99 99 99 99 99 99 99 99 99 99 99 99 99
1 1 1 1 1 1 1 1
1 1 1 1 1 1 1 1
0 0 0 0 0 0 0
0 0 0 0 0 0 0
62 24 62 99 62 99 24 24 62 62 99 24 99 62 62 62 24
99 99 99 99 99 99 99 99 99 99 99 99 99 99 99 99
99 99 99 99 99 99 99 99
99 99 99 99 99 99 99 99 99 99 99 99 99 99 99 99 99
15 13 13 15 13 13 15 13 61 15
0 0 0 0 0 0 0
99 99 99 99 99 99 99
1 1 1 1 1 1 1 1
99 99 99 99 99 99 99 99 99 99 99 99 99 99 99 99 99 99 99 99 99 99 99
99 99 99 99 99 99 99 99 99 99 99 99 99 99 99
2 2 2 2 2 2 2 2 2
27 27 27 27 27 27 27 27 27 27 27 27 27 27 27 27 27 27 27 27 27 27
99 41 32 32 32 41 32 41 32 32 32
32 32 32 32 99 32 41 32 32 41 41
99 99 99 99 99 99 99 99 99 99 99 99 99 99 99 99 99 99 99 99 99 99 99 99 99 99 99 99 99 99 99 99 99 99 99 99 99
99 99 99 99 99 99 99 99 99 99 99 99 99 99 99 99 99 99 99 99 99 99 99 99 99 99 99 99 99 99 99 99
99 99 99 99 99 99 99 99 99 99 99 99 99 99
3 3 3 3 3 3 3 3 3 3
99 99 99 99 99 99 99 99 99 99 99 99 99 99 99 99 99 99 99 99 99
1 1 1 1 1 1 1 1
99 99 99 99 99 99 99 99 99 99 99 99 99 99 99 99 99 99 99 99
99 99 99 99 99 99 99 99 99 99 99 99 99 99 99 99 99 99 99 99 99 99 99 99 99 99 99 99 99 99 99 99 99 99 99 99 99 99 99 99 99 99 99 99
20 99 99 99 99 20 99 20 20 99 99 20
15 13 15 13 13 61 15 15 13 13
0 0 0 0 0 0 0
3 3 3 3 3 3 3 3 3 3
2 2 2 2 2 2 2 2 2
0 0 0 0 0 0 0
99 99 99 99 99 99 99 99 99
14 14 14 14 99 14 14 14 14 14 14 14 14
2 2 2 2 2 2 2 2 2
26 26 26 26 36 36 99 36
10 10 10 10 10 10 10 10 10 10 10 10 10 10
3 3 3 3 3 3 3 3 3 3
99 56 56 31 99 56 99 31 31 56 99 56 31
45 45 45 45 45 45 31 31 45 45 31 31 99
7 7 7 7 7 7 7 7 7 7 7 7
0 0 0 0 0 0 0
0 0 0 0 0 0 0
2 2 2 2 2 2 2 2 2
2 2 2 2 2 2 2 2 2
1 1 1 1 1 1 1 1
44 44 99 44 99 44 44 44 44 44
0 0 0 0 0 0 0
21 21 21 21 99 21 21 21 21
99 99 99 99 99 99 99 99 99 99 99 99 99
21 99 21 21 21 21 21 21 21
39 99 99 99 39 39 39 99 39 99 99 99 99 39 39 99 99 99
27 27 27 27 27 27 27 27 27 27 27 27 27 27 27 27 27 27 27 27 27 27
83 83 83 83 83 83 83 99 83 83 83 83 83 99 83 83 83
69 69 69 99 69 99 69 99 69 99 99 69 69 99 69 69 69 69
17 17 17 22 99 22 17 17 22 17 22
10 10 10 10 10 10 10 10 10 10 10 10 10 10
3 3 3 3 3 3 3 3 3 3
99 99 99 99 64 99 64 99 99 99 99 99 99 99 99 99 99 99 64 99 99 99 64 99 99 99 99
0 0 0 0 0 0 0
0 0 0 0 0 0 0
47 47 47 59 99 59 47 47 59 47 59 47
99 99 99 99 99 99 99 99 69 99 99 99 99 69 99 99 69 99
1 1 1 1 1 1 1 1
99 18 18 18 99 99 99 99 99 18 18 18
99 99 99 99 99 99 99 99 99 99 99 99 99 99 99 99 99 99 99 99 99 99 99 99 99 99 99 99 99 99 99 99 99 99 99 99 99 99 99 99 99 99 99 99 99 99 99 99 99 99 99 99
99 99 99 99 99 99 99 99 99 99 99 99 99 99 99 99 99 99 99 99
99 99 99 99 99 99 99 99 99 99 99 99 99 99 99 99 99 99 99 99 99 99 99 99 99 99 99 99 99 99 99 99 99 99 99 99 99 99 99 99 99 99 99 99 99 99 99 99
0 0 0 0 0 0 0
38 99 72 99 38 99 72 99 99 38 38 38 99 99 99 38 72 72 72 38 38 99
2 2 2 2 2 2 2 2 2
0 0 0 0 0 0 0
0 0 0 0 0 0 0
0 0 0 0 0 0 0
1 1 1 1 1 1 1 1
21 21 21 21 99 21 21 21 21
3 3 3 3 3 3 3 3 3 3
3 3 3 3 3 3 3 3 3 3
0 0 0 0 0 0 0
1 1 1 1 1 1 1 1
0 0 0 0 0 0 0
1 1 1 1 1 1 1 1
50 99 50 38 50 38 38 50 50 38 38 50 50 38 38 50 38 50 50 50 50 50
5 5 5 5 5 5 5 5 5 5 5 5 5 5 5 5 5 5 5 5
99 99 99 99 99 99 99 99 99 99 99 99 99 99 99 99 99 99 99
8 95 8 8 8 8 8 8 8 8 8
99 99 69 99 99 69 99 69 99 29 99 29 69 69 29 69 29 29
47 47 47 59 47 59 47 47 59 99 59 47
1 1 1 1 1 1 1 1
2 2 2 2 2 2 2 2 2
12 12 12 12 12 12 12 12 12 12 12 12 12 12 12 12 12 12 12 12 12 12 12 12 12 12 12 12 12 12 12 12 12 12 12 12 12 12
0 0 0 0 0 0 0
93 93 93 28 28 28 28 93 28 99 93 93 93 93 93
1 1 1 1 1 1 1 1
99 99 99 99 99 99 99 99 99 99 99 99 99 99 99 99 99 99 99 99 99 99 99 99 99 99 99 99 99 99 99 99 99 99 99 99
99 99 80 80 80 80 80 99 80 99 80 80 99 99 99 80 80 80 80 80 99 99 99 80 99 80 99 99 99
0 0 0 0 0 0 0
99 99 99 99 99 99 99 99 99 99 99 99 99 99 99 99 99 99 99 99 99 99 99 99 99 99 99 99 99 99
99 99 99 99 99 99 99 99 99 99 99 99 99 99 99 99 99 99 99 99 99 99 99 99 99 99 99 99 99 99
15 13 13 15 13 13 61 15 15 13
99 99 99 99 99 99 99 99 99 99 99 99 99 99 99 99 99 99 99 99 99 99 99 99
3 3 3 3 3 3 3 3 3 3
0 0 0 0 0 0 0
99 99 99 99 99 99 99 99 99 99 99 99
99 99 99 99 99 99 99 99 99 99 99 99 99 99 99 99 99 99 99 99 99 99 99 99 99 99 99 99 99 99 99 99 99 99 99 99 99 99 99 99
99 99 99 99 99 99 99 99 99 99 99 99 99 99 99 99 99 99
0 0 0 0 0 0 0
5 5 5 5 5 5 5 5 5 5 5 5 5 5 5 5 5 5 5 5
5 5 5 5 5 5 5 5 5 5 5 5 5 5 5 5 5 5 5 5
13 61 13 15 15 15 15 13 13 13
2 2 2 2 2 2 2 2 2
0 0 0 0 0 0 0
70 39 70 70 70 39 46 46 39 39 46 39 39 99 39 46 70 70
43 99 43 43 43 43 43 43 43 43 43 43 43 43 43
21 21 21 21 21 21 21 99 21
18 18 20 20 18 18 99 20 20 18 18 20
99 99 99 99 99 99 99 99 99 99 99 99 99 99 99 99 99 99 99 99
1 1 1 1 1 1 1 1
27 27 27 27 27 27 27 27 27 27 27 27 27 27 27 27 27 27 27 27 27 27
17 22 17 17 17 17 22 22 17 22 99
69 69 70 70 29 29 70 29 70 29 69 99 70 69 69 69 29 70
31 56 31 99 99 56 99 56 31 99 56 31 56
0 0 0 0 0 0 0
2 2 2 2 2 2 2 2 2
99 99 99 99 99 99 99 99 99 99 99 99 99 99 99 99 99 99 99 99 99 99 99 99 99 99 99 99 99 99 99 99 99
13 13 15 15 15 13 13 13 61 15
1 1 1 1 1 1 1 1
42 25 42 25 25 99 42 25 25
99 99 99 99 99 99 99 99 99 99 99 99 99 99 99 99 99
0 0 0 0 0 0 0
0 0 0 0 0 0 0
0 0 0 0 0 0 0
0 0 0 0 0 0 0
0 0 0 0 0 0 0
1 1 1 1 1 1 1 1
0 0 0 0 0 0 0
13 13 15 13 15 15 13 61 13 15
42 99 99 99 42 99 99 42 99
1 1 1 1 1 1 1 1
17 22 17 22 22 17 17 99 17 17 22
0 0 0 0 0 0 0
5 5 5 5 5 5 5 5 5 5 5 5 5 5 5 5 5 5 5 5
10 10 10 10 10 10 10 10 10 10 10 10 10 10
99 99 99 99 99 99 99 99 99 99 99 99 99 99 99 99 99 99 99 99 99 99 99 99 99 99 99
3 3 3 3 3 3 3 3 3 3
26 36 36 99 26 26 26 36
99 99 99 99 99 99 99 99 99 99
1 1 1 1 1 1 1 1
58 58 99 99 99 58 99 99 58 99 99 99 99 99 99
15 13 61 13 13 13 15 13 15 15
13 13 15 15 13 61 13 13 15 15
36 26 36 99 26 26 26 36
2 2 2 2 2 2 2 2 2
99 99 99 99 99 99 99 99 99 99 99 99 99 99 99
99 99 99 99 99 99 99 99 99 99 99 99 99 99 99 99 99 99 99 99 99 99 99
99 44 44 44 44 44 44 44 44 99
99 99 99 99 99 99 99 99 99 99 99 99 99 99 99 99 99 99 99 99 99 99 99 99 99 99 99 99 99
99 99 99 99 99 99 99 99 99 99 99 99
99 99 99 99 99 99 99 99 99 99 99 99 99 99 99 99 99 99 99 99 99 99 99 99 99 99 99 99 99 99 99 99 99 99 99 99 99 99
64 64 99 64 99 99 64 99 99 64 99 64 99 99 99 64 64 64 99 99 99 99 64 64 99 99 64
33 99 92 92 92 33 92 33 33 92 92 92 92 92
0 0 0 0 0 0 0
99 99 99 99 99 99 99 99 99 99 99 99 99 99 99 99 99 99 99 99 99 99 99 99 99 99 99 99 99
32 41 41 32 32 99 32 32 32 32 41
0 0 0 0 0 0 0
39 29 29 39 29 39 39 29 39 29 39 29 29 29 29 39 29 99
12 12 12 12 12 12 12 12 12 12 12 12 12 12 12 12 12 12 12 12 12 12 12 12 12 12 12 12 12 12 12 12 12 12 12 12 12 12
5 5 5 5 5 5 5 5 5 5 5 5 5 5 5 5 5 5 5 5
5 5 5 5 5 5 5 5 5 5 5 5 5 5 5 5 5 5 5 5
7 7 7 7 7 7 7 7 7 7 7 7
9 9 9 9 9 9 9 9 9 9 9 9 9 9 9 9 9
99 99 99 99 99 99 99 99 99 99 99 99
99 33 33 33 99 99 99 99 99 33 99 99 99 99
0 0 0 0 0 0 0
99 48 48 74 99 99 99 48 74 74 48 74 74 74 74 48
3 3 3 3 3 3 3 3 3 3
1 1 1 1 1 1 1 1
8 8 8 8 8 8 8 95 8 8 8
1 1 1 1 1 1 1 1
1 1 1 1 1 1 1 1
2 2 2 2 2 2 2 2 2
41 32 41 32 99 32 41 32 32 32 32
99 99 99 99 99 99 99 99 99 99 99 99 99 99 99 99 99 99 99 99 99 99 99 99 99 99 99 99 99 99 99 99 99 99 99 99 99 99 99 99 99
2 2 2 2 2 2 2 2 2
99 99 99 99 99 99 99 99 99 99 99 99 99 99 99 99 99 99
22 22 22 99 17 17 22 17 17 17 17
2 2 2 2 2 2 2 2 2
10 10 10 10 10 10 10 10 10 10 10 10 10 10
2 2 2 2 2 2 2 2 2
99 99 99 99 99 99 99 99 99
9 9 9 9 9 9 9 9 9 9 9 9 9 9 9 9 9
0 0 0 0 0 0 0
0 0 0 0 0 0 0
99 99 99 99 99 99 99 99 99 99 99 99 99 99 99 99 99 99 99 99 99 99 99 99
99 99 99 99 99 99 99 99 99 99 99 99 99 99 99 99 99 99 99 99 99 99 99 99
20 18 18 20 18 20 18 18 20 99 20 18
99 70 70 70 46 46 46 46 99 70 70 99 99 99 99 70 99 99
99 99 48 99 99 99 99 48 99 99 48 99 99 48 48 99
15 13 61 15 13 15 15 13 13 13
0 0 0 0 0 0 0
17 99 17 17 22 17 22 17 22 22 17
99 99 99 99 99 99 99 99 99 24 99 99 24 24 24 99 24
99 99 99 99 99 99 99 99 99
2 2 2 2 2 2 2 2 2
99 99 99 99 99 99 99 99 99 99 99 99 99 99 99 99 99 99 99 99 99 99 99 99 99 99 99 99 99 99 99 99 99 99 99 99 99 99 99 99 99 99 99
1 1 1 1 1 1 1 1
1 1 1 1 1 1 1 1
0 0 0 0 0 0 0
73 73 62 73 24 24 24 24 24 73 73 62 73 62 73 99 62
0 0 0 0 0 0 0
60 67 60 67 67 67 99 67 60 60 60 67 60 60
84 75 84 84 84 75 84 75 75 75 99 99 84
99 99 99 99 99 99 99 99 99 99 99 99
0 0 0 0 0 0 0
0 0 0 0 0 0 0
2 2 2 2 2 2 2 2 2
99 75 99 99 75 99 99 75 75 75 99 99 99
48 48 99 48 99 99 99 99 48 99 99 99 99 99 48 99
0 0 0 0 0 0 0
99 99 99 99 99 99 99 99 99 99 99
7 7 7 7 7 7 7 7 7 7 7 7
0 0 0 0 0 0 0
42 42 99 25 25 42 25 25 25
12 12 12 12 12 12 12 12 12 12 12 12 12 12 12 12 12 12 12 12 12 12 12 12 12 12 12 12 12 12 12 12 12 12 12 12 12 12
99 99 99 99 99 99 33 33 99 33 99 99 99 33
22 41 41 99 22 22 22 41 41 41 41
61 13 13 15 13 13 13 15 15 15
0 0 0 0 0 0 0
52 62 62 52 52 52 52 52 62 99 52 52 52 52 62 52 52
1 1 1 1 1 1 1 1
49 49 49 49 99 49 49
0 0 0 0 0 0 0
35 35 54 54 99 35 54 35 35 35
1 1 1 1 1 1 1 1
99 99 99 99 99 99 99 99 99 99 99 99 99 99 99 99 99 99 99 99 99 99 99 99 99 99
0 0 0 0 0 0 0
14 14 14 14 14 14 14 14 14 14 14 14 99
0 0 0 0 0 0 0
0 0 0 0 0 0 0
21 21 21 99 21 21 21 21 21
57 57 99 38 99 99 99 99 99 38 57 38 38 57 99 38 38 99 99 99 38 38
99 99 99 99 99 99 99 99 99 99 99 99 99 99 99 99 99 99 99 99 99 99 99 99 99 99 99 99 99 99 99 99 99 99 99
62 73 24 73 24 99 73 73 73 62 73 62 24 73 62 24 24
10 10 10 10 10 10 10 10 10 10 10 10 10 10
99 99 99 99 99 99 99 99 99 99 99 99
0 0 0 0 0 0 0
99 99 99 99 99 99 99 99 99 99 99 99
1 1 1 1 1 1 1 1
26 36 36 26 99 36 26 26
1 1 1 1 1 1 1 1
3 3 3 3 3 3 3 3 3 3
2 2 2 2 2 2 2 2 2
99 78 78 78 78 99 78 99 78 99 78 78 99 99
1 1 1 1 1 1 1 1
3 3 3 3 3 3 3 3 3 3
99 99 99 99 99 99 99 99 99 99 99 99 99 99 99 99 99 99
2 2 2 2 2 2 2 2 2
7 7 7 7 7 7 7 7 7 7 7 7
99 99 99 99 99 99 99 99 99 99 99 99 99 99 99 99 99 99 99 99 99 99 99 99 99 99
99 99 99 99 99 99 99 99 99 99 99 99 99 99 99 99 99 99 99 99 99 99 99
99 99 99 99 99 99 99 99 99 99 99 99
0 0 0 0 0 0 0
99 99 57 57 99 99 99 99 99 99 99 99 99 99 57 99 99 99 99 99 57 99
2 2 2 2 2 2 2 2 2
2 2 2 2 2 2 2 2 2
0 0 0 0 0 0 0
1 1 1 1 1 1 1 1
48 48 48 48 48 48 48 48 48 48 48 48 99 48 48 48
71 71 71 71 71 71 99 71 71 71 71 71 71 71 99 99 71 71 71 71 99 71 71 71 99 71 71 71 71 71 71 99 71 71 71 71 71 71 71 71 71 71 99
99 99 99 99 99 99 99 99 99 99 99
26 26 36 36 26 99 26 36
99 99 99 99 99 99 99
35 35 54 35 35 99 35 35 54 54
0 0 0 0 0 0 0
26 99 36 26 26 26 36 36
0 0 0 0 0 0 0
1 1 1 1 1 1 1 1
0 0 0 0 0 0 0
0 0 0 0 0 0 0
99 99 99 99 99 99 99 99 99 99 99 99 99 99 99 99 99 99 99 99 99 99
99 99 99 99 99 99 99
99 99 99 99 99 99 99 99 99 99 99 99 99 99 99 99 99 99 99 99
3 3 3 3 3 3 3 3 3 3
0 0 0 0 0 0 0
1 1 1 1 1 1 1 1
0 0 0 0 0 0 0
99 99 99 99 99 99 99 99 99 99 99 99 99 99 99 99 99 99 99 99 99 99 99 99 99 99 99 99
1 1 1 1 1 1 1 1
0 0 0 0 0 0 0
21 99 21 21 21 21 21 21 21
99 99 99 99 99 99 99 99 99 99 99 99 99 99 99 99 99 99 99
31 45 31 45 99 45 45 45 45 45 31 45 31
1 1 1 1 1 1 1 1
99 99 99 99 99 99 99 99 99 99 99
99 99 99 99 99 99 99 99 99 99 99 99 99 99 99 99 99 99 99 99
96 96 96 96 96 96 96 96 96 96 96 96 96 96 96 96 96 96 96 96 96 96 96 96 96 99 96
66 66 66 66 66 66 66 66 66 66 66 66 66 66 99 66 66 66 66 66 66 99 66 66 99 66 66 99 66 66 66 66 66 66 99 99 66 66 66 66 99 66 66 99 66
0 0 0 0 0 0 0
3 3 3 3 3 3 3 3 3 3
8 95 8 8 8 8 8 8 8 8 8
99 99 99 99 99 99 99 99 99 99
0 0 0 0 0 0 0
0 0 0 0 0 0 0
99 99 99 29 99 29 99 99 46 29 29 99 46 99 46 29 46 99
99 99 99 99 99 99 99 99 99 99
99 99 99 99 99 99 99
99 81 81 81 81 81 81 99
13 15 13 15 13 13 61 15 15 13
88 88 99 88 88 99 99 88 88 99 88 99 99 99
0 0 0 0 0 0 0
47 47 59 47 47 99 59 59 47 47 59 47
46 46 46 29 29 46 46 46 46 46 29 46 46 99 29 46 46 29
37 99 37 37 37 37 99 99 99 99 99 99 99 99
0 0 0 0 0 0 0
99 14 14 14 14 14 14 14 14 14 14 14 14
0 0 0 0 0 0 0
3 3 3 3 3 3 3 3 3 3
26 36 26 26 26 36 36 99
2 2 2 2 2 2 2 2 2
99 99 99 99 99 99 99 99 99 99 99 99 99 99 99 99 99 99 99 99 99 99 99 99
36 26 26 99 26 36 26 36
26 36 36 26 26 26 36 99
10 10 10 10 10 10 10 10 10 10 10 10 10 10
99 99 99 99 99 99 99 99 99 99 99 99 99 99 99 99 99 99 99 99 99 99 99
7 7 7 7 7 7 7 7 7 7 7 7
99 99 99 99 99 99 99 99 99
26 36 99 26 36 26 26 36
1 1 1 1 1 1 1 1
2 2 2 2 2 2 2 2 2
2 2 2 2 2 2 2 2 2
0 0 0 0 0 0 0
1 1 1 1 1 1 1 1
99 99 99 99 99 99 99 99 99 99 99 99 99 99 99 99 99 99
1 1 1 1 1 1 1 1
6 6 6 6 6 6 6 6 6 6 6 6 6 6 6 6 6 6 6 6 6 6 6 6 6 6 6 6 6 6 6 6
6 6 6 6 6 6 6 6 6 6 6 6 6 6 6 6 6 6 6 6 6 6 6 6 6 6 6 6 6 6 6 6
0 0 0 0 0 0 0
3 3 3 3 3 3 3 3 3 3
42 42 25 25 99 25 42 25 25
2 2 2 2 2 2 2 2 2
8 8 8 8 95 8 8 8 8 8 8
1 1 1 1 1 1 1 1
0 0 0 0 0 0 0
24 52 52 24 24 52 24 24 24 24 24 52 99 24 52 24 52
2 2 2 2 2 2 2 2 2
0 0 0 0 0 0 0
0 0 0 0 0 0 0
0 0 0 0 0 0 0
0 0 0 0 0 0 0
1 1 1 1 1 1 1 1
32 32 32 41 99 41 32 32 32 32 41
99 99 99 99 99 99 99 99 99 99
44 44 44 44 44 99 44 44 99 44
6 6 6 6 6 6 6 6 6 6 6 6 6 6 6 6 6 6 6 6 6 6 6 6 6 6 6 6 6 6 6 6
0 0 0 0 0 0 0
33 33 33 37 99 37 37 33 33 33 37 37 33 33
44 99 44 44 99 44 44 44 44 44
8 8 95 8 8 8 8 8 8 8 8
0 0 0 0 0 0 0
13 15 15 13 13 13 15 61 15 13
13 15 61 15 13 13 13 15 15 13
99 99 29 29 29 99 99 99 69 99 99 99 29 69 29 69 99 99
1 1 1 1 1 1 1 1
99 97 99 99 97 99 99 97 99 99 99 97 97 99 97 99 99 97 97 99 99 97 99 99 99 97 99 97 97 97 99 99
0 0 0 0 0 0 0
0 0 0 0 0 0 0
1 1 1 1 1 1 1 1
0 0 0 0 0 0 0
91 37 37 37 37 37 99 37 37 91 37 37 91 37
0 0 0 0 0 0 0
18 18 18 20 20 20 18 18 20 18 20 99
0 0 0 0 0 0 0
26 36 26 99 36 36 26 26
33 37 37 33 33 99 33 37 33 37 33 33 37 33
17 22 17 99 17 17 22 22 17 22 17
1 1 1 1 1 1 1 1
70 99 99 99 99 70 99 99 70 99 99 99 99 70 70 99 99 70
0 0 0 0 0 0 0
0 0 0 0 0 0 0
1 1 1 1 1 1 1 1
99 99 99 99 99 99 99 99 99 99 99 99 99 99 99
99 99 99 99 99 99 99 99 99 99 99 99 99
0 0 0 0 0 0 0
17 22 17 22 22 17 17 17 22 17 99
4 4 4 4 4 4 4 4 4 4 4
49 49 49 49 99 49 49
0 0 0 0 0 0 0
19 19 19 19 19 19 19 19 19 19 19 19 19 19 19
2 2 2 2 2 2 2 2 2
11 11 11 11 11 11 11 11 11 11 11 11 11 11 11 11 11 11
0 0 0 0 0 0 0
21 21 21 21 99 21 21 21 21
1 1 1 1 1 1 1 1
8 95 8 8 8 8 8 8 8 8 8
99 99 99 99 99 99 99 99 99 99 99 99 99 99 99 99 99
0 0 0 0 0 0 0
3 3 3 3 3 3 3 3 3 3
53 53 74 74 53 53 53 74 53 74 53 53 74 74 99 74
2 2 2 2 2 2 2 2 2
0 0 0 0 0 0 0
35 54 35 54 35 35 54 35 99 35
1 1 1 1 1 1 1 1
16 16 16 16 16 16 16 16 16 16 16 16 16 16 16 16 16 16 16 16 16 16 16 16 16 16 16 16 16 16
6 6 6 6 6 6 6 6 6 6 6 6 6 6 6 6 6 6 6 6 6 6 6 6 6 6 6 6 6 6 6 6
1 1 1 1 1 1 1 1
53 53 74 53 99 53 74 74 53 74 74 53 53 74 53 74
7 7 7 7 7 7 7 7 7 7 7 7
0 0 0 0 0 0 0
99 35 35 35 54 35 54 54 35 35
61 13 13 13 15 13 15 15 13 15
0 0 0 0 0 0 0
0 0 0 0 0 0 0
1 1 1 1 1 1 1 1
99 69 99 99 46 99 99 69 46 99 99 99 69 99 46 99 46 99
29 46 29 46 29 46 46 46 46 46 46 29 46 46 46 99 29 46
60 91 60 91 60 60 91 60 91 91 91 60 99 60
1 1 1 1 1 1 1 1
49 49 49 49 49 49 99
99 99 99 99 99 99 99 99 99 99 99 99 99 99 99 99 99 99 99 99 99 99 99 99 99 99 99 99 99 99 99 99 99 99 99 99 99 99
0 0 0 0 0 0 0
2 2 2 2 2 2 2 2 2
0 0 0 0 0 0 0
0 0 0 0 0 0 0
99 99 99 99 99 99 99
0 0 0 0 0 0 0
87 99 87 87 87 87 87 99 87 87 87 87 99 87 87 87 87 87 87 87 87 87 87 87 87 99 87 87 87 87 87 87 87
2 2 2 2 2 2 2 2 2
99 18 18 20 18 20 18 18 20 20 20 18
8 8 8 8 8 8 8 95 8 8 8
40 40 40 40 40 40 40 40 40 40 40 40 40 40 40 40 40 40 40 40 40 40 40 40 40 40 40 40 40 40 40
13 13 15 15 13 15 61 13 13 15
99 99 99 99 99 99 99 99
99 99 99 99 99 99 99 99 99
61 13 13 15 13 13 13 15 15 15
0 0 0 0 0 0 0
99 99 99 99 99 99 99 99 99 99 99 99 99 99 99 99 99 99 99 99 99 99 99
99 99 99 99 99 99 99 99 99 99 99 99 99 99 99 99 99 99 99 99
14 14 14 14 99 14 14 14 14 14 14 14 14
0 0 0 0 0 0 0
99 64 99 99 64 64 64 99 99 64 99 99 64 99 64 99 64 64 99 99 64 99 64 99 99 64 99
1 1 1 1 1 1 1 1
0 0 0 0 0 0 0
26 26 99 36 36 26 36 26
39 99 99 99 99 39 99 39 99 39 39 99 99 39 99 99 39 99
0 0 0 0 0 0 0
21 99 99 21 21 99 99 21 99
1 1 1 1 1 1 1 1
0 0 0 0 0 0 0
15 13 13 15 13 15 61 13 13 15
41 41 41 41 22 41 41 22 22 22 99
2 2 2 2 2 2 2 2 2
0 0 0 0 0 0 0
99 99 99 99 99 99 99 99 99 99 99 99 99 99 99 99 99 99 99 99 99 99 99 99
8 8 8 8 8 8 95 8 8 8 8
0 0 0 0 0 0 0
62 62 24 62 62 99 99 99 24 62 62 24 99 62 62 24 24
99 99 99 99 99 99 99 99 99 99 99 99 99 99 99 99 99 99 99 99
0 0 0 0 0 0 0
0 0 0 0 0 0 0
76 76 57 76 76 76 76 76 76 76 57 76 57 76 76 76 76 99 57 76 76 76
0 0 0 0 0 0 0
6 6 6 6 6 6 6 6 6 6 6 6 6 6 6 6 6 6 6 6 6 6 6 6 6 6 6 6 6 6 6 6
0 0 0 0 0 0 0
0 0 0 0 0 0 0
42 42 25 25 25 99 42 25 25
99 99 99 99 99 99 99 99 99 99 99 99 99 99 99 99 99 99 99 99 99 99 99 99
0 0 0 0 0 0 0
1 1 1 1 1 1 1 1
1 1 1 1 1 1 1 1
99 48 99 48 48 48 48 99 99 99 99 99 99 99 99 99
1 1 1 1 1 1 1 1
18 20 18 20 99 18 20 20 18 18 20 18
0 0 0 0 0 0 0
99 99 99 99 99 99 99 99 99 99
0 0 0 0 0 0 0
0 0 0 0 0 0 0
99 99 99 99 99 99 37 37 37 99 99 37 37 99
99 99 99 99 99 99 99 99 99 99 99 99 99 99 99 99 99 99 99
8 8 95 8 8 8 8 8 8 8 8
99 26 26 36 36 36 26 26
98 99 98 99 98 99 98 99 99 98 99 98 99 99 99 98 98 98 98 98 99 99 98 98 99 98 99 99 98 98 99 99 98 99 99 98 99 99 99 99 98 98 98 98 99 98 99 99 99 98 99 99 99 99 99 99 99 98 98 99
0 0 0 0 0 0 0
8 8 8 8 95 8 8 8 8 8 8
0 0 0 0 0 0 0
0 0 0 0 0 0 0
0 0 0 0 0 0 0
53 99 99 53 53 99 99 99 99 99 99 99 99 53 99 99
99 79 99 99 79 99 99 99 72 99 72 72 79 99 99 99 79 72 72 79 79 99
93 93 99 93 28 93 93 28 28 93 28 93 93 93 28
59 47 99 59 59 47 47 47 59 47 47 47
99 99 99 99 99 99 99 99 99 99 99 99 99 99 99 99 99 99 99 99 99 99 99 99 99 99
0 0 0 0 0 0 0
99 99 99 99 99 99 99 99 99 99 99 99 99 99 99 99 99 99 99 99 99 99 99 99 99 99 99 99 99 99 99 99 99 99 99 99 99 99 99 99 99 99 99 99 99 99 99 99 99 99 99 99 99 99 99 99 99 99 99 99 99 99 99 99 99 99 99 99 99 99 99 99 99 99 99 99 99 99 99 99 99 99 99 99 99 99 99 99 99
0 0 0 0 0 0 0
13 13 61 15 13 15 13 15 15 13
4 4 4 4 4 4 4 4 4 4 4
2 2 2 2 2 2 2 2 2
99 99 99 99 99 99 99 99 99 99 99 99 99 99 99 99 99 99 99 99 99
99 99 99 99 78 78 99 78 78 78 78 78 78 99
29 29 39 29 39 39 99 29 39 29 29 29 39 29 29 29 39 39
0 0 0 0 0 0 0
0 0 0 0 0 0 0
0 0 0 0 0 0 0
1 1 1 1 1 1 1 1
99 68 99 68 99 99 68 68 68 99 99 68
40 40 40 40 40 40 40 40 40 40 40 40 40 40 40 40 40 40 40 40 40 40 40 40 40 40 40 40 40 40 40
19 19 19 19 19 19 19 19 19 19 19 19 19 19 19
99 97 99 99 97 99 99 97 99 99 99 97 97 99 97 99 99 97 97 99 99 97 99 99 99 97 99 97 97 97 99 99
99 82 99 99 82 82 99 82 82 82 82 82 82 82 82 82 82 82 82
99 99 99 53 53 48 99 99 53 48 53 99 48 99 48 48
0 0 0 0 0 0 0
99 99 99 99 99 99 99 99 99 99 99 99 99 99 99 99 99 99 99 99 99 99 99 99 99 99 99 99 99 99 99 99 99 99 99 99 99 99 99 99 99 99 99
99 99 58 99 99 58 58 99 99 99 58 99 99 99 99
0 0 0 0 0 0 0
0 0 0 0 0 0 0
25 25 99 25 42 25 42 42 25
2 2 2 2 2 2 2 2 2
0 0 0 0 0 0 0
21 21 21 21 21 21 99 21 21
99 99 99 99 99 99 99 99 99 99 99 99 99 99 99 99 99 99 99 99 99 99 99
0 0 0 0 0 0 0
0 0 0 0 0 0 0
2 2 2 2 2 2 2 2 2
0 0 0 0 0 0 0
0 0 0 0 0 0 0
9 9 9 9 9 9 9 9 9 9 9 9 9 9 9 9 9
0 0 0 0 0 0 0
13 13 61 15 13 15 13 15 15 13
68 68 99 99 99 68 68 68 99 99 99 68
99 70 99 99 70 99 99 99 99 70 99 99 70 99 70 99 99 70
33 92 33 92 92 92 33 92 92 92 33 99 92 92
8 8 8 8 8 8 8 8 8 95 8
8 8 8 8 8 8 8 8 95 8 8
9 9 9 9 9 9 9 9 9 9 9 9 9 9 9 9 9
99 17 22 17 22 17 17 17 17 22 22
6 6 6 6 6 6 6 6 6 6 6 6 6 6 6 6 6 6 6 6 6 6 6 6 6 6 6 6 6 6 6 6
9 9 9 9 9 9 9 9 9 9 9 9 9 9 9 9 9
13 13 13 15 15 13 15 61 15 13
0 0 0 0 0 0 0
0 0 0 0 0 0 0
0 0 0 0 0 0 0
13 13 13 13 15 15 61 13 15 15
99 99 85 85 85 85 85 85 85 85 99 85 85 99 99 99 85 85 85 99 85 85 99 85 99 85 85 85 99 85 85 99 85 85 85 99 85 85 85 85 99 85 99 99 99 85
99 99 99 99 99 99 99 99 99 99 99 99 99 99 99 99 99 99 99 99
99 44 44 44 44 99 44 44 44 44
0 0 0 0 0 0 0
0 0 0 0 0 0 0
24 52 24 52 24 52 52 24 24 24 99 24 24 52 52 24 24
99 99 99 99 99 99 48 48 99 99 99 48 48 48 99 99
99 38 99 99 57 99 38 79 79 57 38 38 79 38 79 38 79 57 38 57 79 38
8 95 8 8 8 8 8 8 8 8 8
0 0 0 0 0 0 0
42 25 25 99 42 25 42 25 25
14 14 14 14 14 14 14 99 14 14 14 14 14
99 99 99 99 99 99 99 99 99 99 99 99 99 99 99 99 99 99 99 99 99 99 99
17 22 17 22 22 17 99 17 17 17 22
99 99 99 99 99 99 99 99 99 99 99 99 99 99 99 99 99 99 99
99 99 99 99 99 99 99 99 99 99 99 99 99 99
2 2 2 2 2 2 2 2 2
0 0 0 0 0 0 0
0 0 0 0 0 0 0
34 30 30 34 99 30 30 34 65 65 30 30 34 34 34 30 30 34 30 65 34 30 65 34 30 65 30 34 65 30 30 30 34 30 99 30 34 99 65 34 30 65 34 30 65 65 34 34 30 34 99
1 1 1 1 1 1 1 1
0 0 0 0 0 0 0
29 99 29 99 29 99 99 29 29 99 99 99 99 99 99 99 99 99
15 13 13 15 13 15 13 15 61 13
1 1 1 1 1 1 1 1
99 99 99 99 99 99 99
99 99 99 99 99 99 99 99 99 99 99 99 99 99 99 99 99 99 99 99 99 99 99 99 99 99 99 99 99 99 99 99 99 99 99 99
16 16 16 16 16 16 16 16 16 16 16 16 16 16 16 16 16 16 16 16 16 16 16 16 16 16 16 16 16 16
11 11 11 11 11 11 11 11 11 11 11 11 11 11 11 11 11 11
9 9 9 9 9 9 9 9 9 9 9 9 9 9 9 9 9
29 39 39 39 99 29 39 29 29 39 29 29 29 39 29 29 39 29
99 22 17 17 17 22 17 22 22 17 17
99 99 99 99 99 99 99 99 99 99 99 99 99 99 99 99 99 99 99 99 99 99 99 99 99 99 99 99 99
20 18 18 18 20 99 18 18 18 20 20 20
0 0 0 0 0 0 0
0 0 0 0 0 0 0
0 0 0 0 0 0 0
99 99 99 64 64 99 64 64 99 99 64 99 99 99 99 64 64 99 99 99 99 99 99 99 99 64 99
25 99 42 42 42 25 25 25 25
3 3 3 3 3 3 3 3 3 3
0 0 0 0 0 0 0
3 3 3 3 3 3 3 3 3 3
99 99 99 99 99 99 99 99 99 99 99
0 0 0 0 0 0 0
99 22 17 17 22 17 22 17 22 17 17
36 26 26 99 26 36 26 36
99 24 99 99 99 99 24 99 99 99 99 99 99 24 24 24 99
0 0 0 0 0 0 0
2 2 2 2 2 2 2 2 2
0 0 0 0 0 0 0
0 0 0 0 0 0 0
8 99 99 99 99 8 8 8 99 8 99
0 0 0 0 0 0 0
0 0 0 0 0 0 0
99 17 17 22 22 17 17 22 17 17 22
32 32 41 32 32 32 41 99 41 32 32
2 2 2 2 2 2 2 2 2
0 0 0 0 0 0 0
99 28 28 58 58 28 28 28 28 58 28 28 28 28 58
16 16 16 16 16 16 16 16 16 16 16 16 16 16 16 16 16 16 16 16 16 16 16 16 16 16 16 16 16 16
1 1 1 1 1 1 1 1
0 0 0 0 0 0 0
99 99 99 99 99 99 99 99 99 99 99 99 99 99
1 1 1 1 1 1 1 1
0 0 0 0 0 0 0
68 99 99 68 68 99 68 68 99 68 99 99
0 0 0 0 0 0 0
99 37 33 37 37 33 33 33 37 33 33 33 37 33
49 99 49 49 49 49 49
31 56 56 99 56 99 56 99 31 31 99 56 31
99 99 99 99 99 99 99 99 99 99 99
1 1 1 1 1 1 1 1
0 0 0 0 0 0 0
68 99 99 68 68 99 68 68 99 68 99 99
8 8 8 8 8 8 8 8 95 8 8
0 0 0 0 0 0 0
1 1 1 1 1 1 1 1
99 99 99 99 99 99 99 99 99 99 99 99 99 99 99 99 99 99 99 99 99
0 0 0 0 0 0 0
0 0 0 0 0 0 0
0 0 0 0 0 0 0
15 13 15 13 13 61 15 15 13 13
0 0 0 0 0 0 0
20 18 18 18 18 20 20 99 20 18 20 18
20 20 99 99 99 20 20 99 99 99 99 20
32 32 41 32 32 99 41 32 41 32 32
99 99 99 99 99 99 99 99 99 99 99 99 99 99
0 0 0 0 0 0 0
0 0 0 0 0 0 0
1 1 1 1 1 1 1 1
16 16 16 16 16 16 16 16 16 16 16 16 16 16 16 16 16 16 16 16 16 16 16 16 16 16 16 16 16 16
0 0 0 0 0 0 0
2 2 2 2 2 2 2 2 2
0 0 0 0 0 0 0
8 8 8 8 8 8 8 95 8 8 8
1 1 1 1 1 1 1 1
14 14 99 14 14 14 14 14 14 14 14 14 14
0 0 0 0 0 0 0
1 1 1 1 1 1 1 1
19 19 19 19 19 19 19 19 19 19 19 19 19 19 19
0 0 0 0 0 0 0
1 1 1 1 1 1 1 1
0 0 0 0 0 0 0
4 4 4 4 4 4 4 4 4 4 4
91 91 99 99 99 99 99 91 99 99 99 99 99 99
0 0 0 0 0 0 0
0 0 0 0 0 0 0
81 81 81 99 81 99 81 81
3 3 3 3 3 3 3 3 3 3
0 0 0 0 0 0 0
56 56 51 56 51 56 51 51 51 56 99 51 51
34 30 30 34 99 30 30 34 65 65 30 30 34 34 34 30 30 34 30 65 34 30 65 34 30 65 30 34 65 30 30 30 34 30 99 30 34 99 65 34 30 65 34 30 65 65 34 34 30 34 99
8 8 8 8 8 8 8 8 95 8 8
11 11 11 11 11 11 11 11 11 11 11 11 11 11 11 11 11 11
26 36 36 99 36 26 26 26
1 1 1 1 1 1 1 1
0 0 0 0 0 0 0
99 99 99 99 99 99 99 99 99 99 99
3 3 3 3 3 3 3 3 3 3
0 0 0 0 0 0 0
1 1 1 1 1 1 1 1
28 28 28 99 58 58 28 58 28 28 58 28 28 28 28
99 99 99 99 99 99 99 99 99 99 99
61 13 13 15 13 13 15 15 15 13
0 0 0 0 0 0 0
0 0 0 0 0 0 0
43 43 43 43 99 43 43 43 43 43 43 43 43 43 43
15 15 13 13 15 61 13 13 15 13
22 22 22 99 41 41 41 41 22 41 41
17 17 17 17 17 99 22 22 17 22 22
1 1 1 1 1 1 1 1
0 0 0 0 0 0 0
99 22 17 17 17 22 17 17 22 22 17
1 1 1 1 1 1 1 1
21 21 99 21 21 21 21 21 21
13 15 15 13 61 15 13 15 13 13
0 0 0 0 0 0 0
0 0 0 0 0 0 0
3 3 3 3 3 3 3 3 3 3
19 19 19 19 19 19 19 19 19 19 19 19 19 19 19
3 3 3 3 3 3 3 3 3 3
0 0 0 0 0 0 0
99 99 99 99 99 99 99 99 99 99 99 99 99 99 99 99 99 99 99 99 99 99 99 99 99 99
0 0 0 0 0 0 0
11 11 11 11 11 11 11 11 11 11 11 11 11 11 11 11 11 11
99 33 33 99 99 91 99 33 33 99 91 91 99 99
99 99 99 99 99 99 99 99 99 99 99 99 99 64 99 99 99 99 99 99 64 99 64 99 99 99 64
33 37 37 33 33 33 37 33 33 99 33 37 33 37
1 1 1 1 1 1 1 1
1 1 1 1 1 1 1 1
99 25 25 25 42 42 42 25 25
1 1 1 1 1 1 1 1
2 2 2 2 2 2 2 2 2
0 0 0 0 0 0 0
25 25 42 42 42 25 99 25 25
0 0 0 0 0 0 0
1 1 1 1 1 1 1 1
1 1 1 1 1 1 1 1
99 99 99 99 99 99 99 99 99 99 99 99 99 99 99 99 99 99 99 99 99 99 99 99 99 99 99 99 99 99 99 99 99 99 99 99 99 99 99 99 99 99 99 99 99 99 99
0 0 0 0 0 0 0
2 2 2 2 2 2 2 2 2
0 0 0 0 0 0 0
0 0 0 0 0 0 0
99 99 99 99 99 99 99 99
11 11 11 11 11 11 11 11 11 11 11 11 11 11 11 11 11 11
0 0 0 0 0 0 0
11 11 11 11 11 11 11 11 11 11 11 11 11 11 11 11 11 11
99 99 99 99 99 99 99 99 99
7 7 7 7 7 7 7 7 7 7 7 7
14 14 14 14 14 14 14 14 14 99 14 14 14
99 99 99 99 99 99 99 99 99 99 99 99 99 99 99 99 99 99 99 99 99
99 99 99 99 99 99 99 99 99 99 99 99 99 99 99 99 99 99 99 99 99 99 99 99 99 99 99 99 99 99 99 99 99 99 99 99 99 99 99 99 99 99 99 99 99 99 99 99 99 99 99 99 99 99 99 99 99 99 99
1 1 1 1 1 1 1 1
19 19 19 19 19 19 19 19 19 19 19 19 19 19 19
13 15 13 13 61 13 13 15 15 15
0 0 0 0 0 0 0
0 0 0 0 0 0 0
99 99 99 99 99 99 99 99 99 99 99 99 99 99 99 99 99 99 99 99
93 99 28 28 93 28 28 93 93 93 93 93 93 28 93
2 2 2 2 2 2 2 2 2
95 8 8 8 8 8 8 8 8 8 8
0 0 0 0 0 0 0
7 7 7 7 7 7 7 7 7 7 7 7
19 19 19 19 19 19 19 19 19 19 19 19 19 19 19
16 16 16 16 16 16 16 16 16 16 16 16 16 16 16 16 16 16 16 16 16 16 16 16 16 16 16 16 16 16
3 3 3 3 3 3 3 3 3 3
61 13 13 15 15 13 13 15 15 13
35 54 35 35 99 54 35 35 54 35
24 52 24 24 24 99 24 52 24 52 24 24 52 24 52 24 52
99 89 99 89 99 99 89 99 89 89 89 89 99 89 89 99 89 99 89 99 89 99 89 89 99 89 99 99 89 89 89 89 89 89 89 99 89 89 89 89 99 89 89
26 36 99 26 36 36 26 26
0 0 0 0 0 0 0
47 47 47 99 59 59 59 59 47 47 47 47
54 99 54 54 54 54 54 54 54 54
0 0 0 0 0 0 0
0 0 0 0 0 0 0
13 13 13 15 13 15 15 13 61 15
1 1 1 1 1 1 1 1
0 0 0 0 0 0 0
8 95 8 8 8 8 8 8 8 8 8
99 99 55 55 99 99 99 99 55 99 99 99 55 99 55 55 99 55 55 55 99 99 55 55 55 55 99 99 99 99 99 55 55 99
25 42 25 42 99 25 25 25 42
61 15 13 13 13 13 13 15 15 15
1 1 1 1 1 1 1 1
34 30 30 34 99 30 30 34 65 65 30 30 34 34 34 30 30 34 30 65 34 30 65 34 30 65 30 34 65 30 30 30 34 30 99 30 34 99 65 34 30 65 34 30 65 65 34 34 30 34 99
22 17 22 99 17 22 17 22 17 17 17
0 0 0 0 0 0 0
21 21 21 21 21 21 21 21 99
6 6 6 6 6 6 6 6 6 6 6 6 6 6 6 6 6 6 6 6 6 6 6 6 6 6 6 6 6 6 6 6
20 20 20 99 20 18 18 18 18 20 18 18
99 99 99 99 99 99 99 99 99
0 0 0 0 0 0 0
2 2 2 2 2 2 2 2 2
0 0 0 0 0 0 0
99 99 99 99 99 99 99 99 99
0 0 0 0 0 0 0
46 29 46 99 29 29 29 29 29 29 29 29 29 69 69 69 46 46
0 0 0 0 0 0 0
2 2 2 2 2 2 2 2 2
0 0 0 0 0 0 0
1 1 1 1 1 1 1 1
9 9 9 9 9 9 9 9 9 9 9 9 9 9 9 9 9
15 61 13 13 15 13 13 15 13 15
99 99 99 99 99 99 99 99 99 99 99 99 99 99 99 99 99 99
44 99 44 44 44 99 44 44 44 44
99 99 99 99 99 99 99 99 99 99 99 99 99 99 99 99 99 99 99 99 99 99 99 99 99 99 99 99 99 99 99 99 99 99 99 99 99 99 99 99 99 99 99 99 99 99 99 99
99 99 99 99 99 99 99 99 99 99 99 99 99 99 99 99 99 99 99
11 11 11 11 11 11 11 11 11 11 11 11 11 11 11 11 11 11
2 2 2 2 2 2 2 2 2
8 8 8 8 8 8 8 8 8 8 95
34 30 30 34 99 30 30 34 65 30 30 30 34 34 34 30 30 34 30 65 34 30 65 34 30 65 30 34 65 30 30 65 34 30 99 30 34 99 65 34 30 65 34 30 65 65 34 34 30 34 99
8 8 8 8 8 95 8 8 8 8 8
13 15 13 13 15 13 15 61 15 13
0 0 0 0 0 0 0
99 78 99 99 99 78 99 78 78 78 78 78 78 99
99 99 99 99 99 99 99 99 99 99 99 99 99 99 99 99 99 99 99 99 99
99 99 99 99 99 99 99
82 99 99 99 99 99 99 82 82 82 99 99 99 82 99 99 99 99 99
99 99 37 99 99 37 99 37 99 37 99 99 99 37
0 0 0 0 0 0 0
76 76 76 57 76 57 76 57 76 76 76 76 76 76 76 57 76 76 76 76 99 76
20 99 20 18 18 18 20 18 20 18 20 18
99 99 99 99 99 99 99 99 99 99 99 99 99 99 99 99 99 99 99 99 99 99 99
1 1 1 1 1 1 1 1
99 99 99 99 99 99 99
99 99 58 99 99 99 99 58 99 99 58 99 99 58 99
99 99 99 99 99 99 99 99 99 99
11 11 11 11 11 11 11 11 11 11 11 11 11 11 11 11 11 11
0 0 0 0 0 0 0
18 20 20 99 18 20 18 20 18 20 18 18
13 61 15 13 15 15 15 13 13 13
0 0 0 0 0 0 0
0 0 0 0 0 0 0
0 0 0 0 0 0 0
42 25 25 42 25 42 25 99 25
6 6 6 6 6 6 6 6 6 6 6 6 6 6 6 6 6 6 6 6 6 6 6 6 6 6 6 6 6 6 6 6
2 2 2 2 2 2 2 2 2
17 22 22 17 17 99 22 17 22 17 17
59 59 59 59 99 59 59 59 99 99 99 59
56 56 51 51 56 56 56 51 99 51 51 51 51
8 8 95 8 8 8 8 8 8 8 8
99 99 99 99 99 99 99 99 99
3 3 3 3 3 3 3 3 3 3
18 99 20 20 20 18 18 20 18 20 18 18
1 1 1 1 1 1 1 1
99 99 99 99 99 99 99 99 99 99 99 99
99 99 99 99 99 99 99 99 99 99 99 99 99 99 99 99 99 99 99 99 99 99 99 99 99 99 99 99 99 99 99 99 99 99 99 99 99 99 99 99
0 0 0 0 0 0 0
13 13 15 13 13 15 13 61 15 15
22 17 17 17 22 22 22 17 17 99 17
0 0 0 0 0 0 0
8 8 8 95 8 8 8 8 8 8 8
36 36 26 99 26 36 26 26
0 0 0 0 0 0 0
99 55 55 55 99 55 55 55 55 99 55 55 55 55 99 55 55 99 55 55 55 99 99 99 55 99 99 99 55 55 99 55 99 99
99 99 90 99 99 99 90 90 90 99 99 99 90 90 99 99 99 90 90 99 99 90 99 99 99 90 90 99 99 99 99 90 90 90 99 90 99 99 90 90 90 90 90 99 90 90 90 99 90 90 90 90 99 90
99 99 37 99 99 99 99 99 37 37 37 99 37 99
8 8 8 8 8 8 8 8 8 8 95
6 6 6 6 6 6 6 6 6 6 6 6 6 6 6 6 6 6 6 6 6 6 6 6 6 6 6 6 6 6 6 6
0 0 0 0 0 0 0
15 15 13 13 15 61 13 15 13 13
0 0 0 0 0 0 0
0 0 0 0 0 0 0
1 1 1 1 1 1 1 1
67 60 60 60 67 67 67 60 99 60 67 60 60 67
99 99 99 99 99 99 99 99 99 99 99 99 99 99 99 99 99 99 99 99 99 99 99 99 99 99 99 99 99 99 99 99 99 99
99 99 99 99 99 99 99 99 99 99 99 99 99 99 99 99 99 99 99 99
4 4 4 4 4 4 4 4 4 4 4
10 10 10 10 10 10 10 10 10 10 10 10 10 10
4 4 4 4 4 4 4 4 4 4 4
99 99 91 99 91 99 99 99 99 99 99 99 99 91
7 7 7 7 7 7 7 7 7 7 7 7
3 3 3 3 3 3 3 3 3 3
1 1 1 1 1 1 1 1
99 99 99 99 99 99 99
2 2 2 2 2 2 2 2 2
4 4 4 4 4 4 4 4 4 4 4
9 9 9 9 9 9 9 9 9 9 9 9 9 9 9 9 9
1 1 1 1 1 1 1 1
99 99 99 99 99 99 99 99 99 99 99 99 99 99 99
1 1 1 1 1 1 1 1
5 5 5 5 5 5 5 5 5 5 5 5 5 5 5 5 5 5 5 5
1 1 1 1 1 1 1 1
1 1 1 1 1 1 1 1
4 4 4 4 4 4 4 4 4 4 4
15 13 13 61 15 13 15 15 13 13
99 99 99 99 99 99 99 99 99 99 99 99 99 99 99 99 99 99 99 99 99 99 99 99 99
0 0 0 0 0 0 0
0 0 0 0 0 0 0
2 2 2 2 2 2 2 2 2
99 21 21 21 21 21 21 21 21
2 2 2 2 2 2 2 2 2
1 1 1 1 1 1 1 1
0 0 0 0 0 0 0
0 0 0 0 0 0 0
0 0 0 0 0 0 0
99 99 99 99 99 99 99 99 99 99
3 3 3 3 3 3 3 3 3 3
2 2 2 2 2 2 2 2 2
1 1 1 1 1 1 1 1
4 4 4 4 4 4 4 4 4 4 4
99 99 99 99 99 99 99 99 99 99 99 99 99 99 99 99 99 99 99 99 99 99 99 99 99 99 99 99 99 99 99 99 99 99 99 99 99 99 99 99 99 99 99
99 99 99 99 99 99 99 99 99 99 99 99 99 99 99 99 99 99 99 99 99 99 99 99 99 99 99 99 99 99 99 99 99 99 99 99 99 99 99 99 99 99 99 99 99 99 99 99 99 99 99 99 99 99
99 99 99 99 99 99 99 99 99 99 99 99 99 99 99 99 99 99 99 99
0 0 0 0 0 0 0
2 2 2 2 2 2 2 2 2
99 99 99 99 99 99 99 99 99 99 99 99 99 99 99 99 99
23 23 23 23 23 23 23 23 23 23 23 23 23 23 23 23 23 23 23
7 7 7 7 7 7 7 7 7 7 7 7
0 0 0 0 0 0 0
63 63 99 99 99 63 63 99 63 99 63 63 63
0 0 0 0 0 0 0
99 99 99 99 99 99 99 99 99 99 99 99 99 99 99 99 99 99 99 99 99 99 99 99 99 99 99 99 99 99 99
1 1 1 1 1 1 1 1
0 0 0 0 0 0 0
99 99 99 99 99 99 99 99
99 99 99 99 99 99 99
2 2 2 2 2 2 2 2 2
0 0 0 0 0 0 0
1 1 1 1 1 1 1 1
43 43 43 43 43 99 43 43 43 43 43 43 43 43 43
99 99 99 99 99 99 99 99 99 99
1 1 1 1 1 1 1 1
99 52 52 52 99 99 52 99 99 99 99 52 99 99 99 52 99
2 2 2 2 2 2 2 2 2
99 99 99 99 99 99 99 99 99 99 99 99 99 99 99 99 99 99 99 99 99 99 99 99 99 99 99 99 99 99 99 99 99 99 99
47 59 47 59 47 47 47 59 47 99 59 47
2 2 2 2 2 2 2 2 2
99 54 35 54 35 35 35 35 54 35
1 1 1 1 1 1 1 1
99 99 99 99 99 99 99 99 99 99 99 99 99 99 99 99 99 99 99 99 99
2 2 2 2 2 2 2 2 2
9 9 9 9 9 9 9 9 9 9 9 9 9 9 9 9 9
63 63 99 99 99 63 63 99 63 99 63 63 63
0 0 0 0 0 0 0
7 7 7 7 7 7 7 7 7 7 7 7
14 14 14 14 14 14 14 14 14 14 14 14 99
99 59 99 99 59 99 99 99 99 59 99 59
99 99 99 99 99 99 99 99 99 99 99 99 99 99 99 99 99 99 99 99 99 99 99
20 18 18 99 18 20 18 20 18 20 20 18
1 1 1 1 1 1 1 1
99 99 99 99 88 88 88 88 99 99 88 88 99 88
99 99 99 99 99 99 99 99 99 99 99 99 99 99
99 99 99 99 99 99 99 99 99 99 99 99 99 99 99 99
99 99 99 99 99 99 99 99 99 99 99 99 99 99 99 99 99 99 99 99 99
0 0 0 0 0 0 0
1 1 1 1 1 1 1 1
99 99 99 99 99 99 99 99 99 99 99 99 99 99 99 99 99
1 1 1 1 1 1 1 1
1 1 1 1 1 1 1 1
99 99 99 99 99 99 99 99 99 99 99 99 99 99 99
2 2 2 2 2 2 2 2 2
2 2 2 2 2 2 2 2 2
99 99 99 99 99 99 99 99 99 99 99 99
26 26 36 26 26 99 36 36
2 2 2 2 2 2 2 2 2
75 75 99 99 75 99 99 99 99 75 75 99 99
2 2 2 2 2 2 2 2 2
10 10 10 10 10 10 10 10 10 10 10 10 10 10
1 1 1 1 1 1 1 1
99 99 99 99 99 99 99 99 99 99 99 99 99 99 99 99 99 99 99 99 99 99
20 20 99 99 20 99 99 99 99 20 99 20
84 84 75 75 84 99 99 75 75 84 84 84 75
54 35 35 35 35 54 54 35 99 35
0 0 0 0 0 0 0
99 37 37 37 37 99 99 99 99 99 99 99 99 37
14 14 14 14 99 14 14 14 14 14 14 14 14
1 1 1 1 1 1 1 1
3 3 3 3 3 3 3 3 3 3
4 4 4 4 4 4 4 4 4 4 4
99 99 99 99 99 99 99
0 0 0 0 0 0 0
99 39 99 39 99 99 99 99 39 39 99 39 39 39 99 99 99 99
5 5 5 5 5 5 5 5 5 5 5 5 5 5 5 5 5 5 5 5
2 2 2 2 2 2 2 2 2
9 9 9 9 9 9 9 9 9 9 9 9 9 9 9 9 9
17 17 99 99 17 17 41 17 41 17 41
9 9 9 9 9 9 9 9 9 9 9 9 9 9 9 9 9
2 2 2 2 2 2 2 2 2
2 2 2 2 2 2 2 2 2
18 18 20 20 20 18 20 18 99 18 18 20
0 0 0 0 0 0 0
0 0 0 0 0 0 0
0 0 0 0 0 0 0
2 2 2 2 2 2 2 2 2
10 10 10 10 10 10 10 10 10 10 10 10 10 10
0 0 0 0 0 0 0
23 23 23 23 23 23 23 23 23 23 23 23 23 23 23 23 23 23 23
0 0 0 0 0 0 0
99 99 99 99 99 99 99
2 2 2 2 2 2 2 2 2
0 0 0 0 0 0 0
3 3 3 3 3 3 3 3 3 3
99 99 99 99 99 99 99 99 99 99
2 2 2 2 2 2 2 2 2
5 5 5 5 5 5 5 5 5 5 5 5 5 5 5 5 5 5 5 5
0 0 0 0 0 0 0
7 7 7 7 7 7 7 7 7 7 7 7
1 1 1 1 1 1 1 1
2 2 2 2 2 2 2 2 2
2 2 2 2 2 2 2 2 2
75 84 75 99 84 84 84 84 75 75 99 84 75
53 53 99 99 99 53 99 99 99 99 99 99 99 99 53 99
99 99 99 99 99 99 99 99 99 99 99 99 99 99 99 99
1 1 1 1 1 1 1 1
99 99 99 99 99 99 99 99 99 99 99 99 99 99 99
35 54 99 35 35 54 35 54 35 35
2 2 2 2 2 2 2 2 2
99 99 99 99 99 99 99 99 99 99 99 99 99 99 99 99 99 99
99 99 99 99 99 99 99 99 99 99 99 99 99 99 99
23 23 23 23 23 23 23 23 23 23 23 23 23 23 23 23 23 23 23
67 67 99 60 60 60 60 60 67 67 60 67 67 60
99 99 99 99 99 99 99 99 99 80 99 99 99 99 99 99 99 80 99 99 80 99 99 99 99 80 99 80 99
99 99 99 99 99 99 99 99 99 99 99 99 99 99 99 99 99 99 99 99 99 99 99 99 99 99 99
10 10 10 10 10 10 10 10 10 10 10 10 10 10
1 1 1 1 1 1 1 1
25 42 42 42 99 25 25 25 25
0 0 0 0 0 0 0
1 1 1 1 1 1 1 1
0 0 0 0 0 0 0
4 4 4 4 4 4 4 4 4 4 4
0 0 0 0 0 0 0
1 1 1 1 1 1 1 1
1 1 1 1 1 1 1 1
1 1 1 1 1 1 1 1
5 5 5 5 5 5 5 5 5 5 5 5 5 5 5 5 5 5 5 5
1 1 1 1 1 1 1 1
0 0 0 0 0 0 0
22 17 17 22 17 17 22 99 17 22 17
99 53 99 48 99 53 48 48 53 99 99 99 53 48 48 99
5 5 5 5 5 5 5 5 5 5 5 5 5 5 5 5 5 5 5 5
99 99 99 99 99 99 99 99 99 99 99 99 99
2 2 2 2 2 2 2 2 2
88 88 99 99 88 99 88 88 99 99 88 99 99 88
31 99 45 45 31 45 45 45 45 31 45 31 45
99 99 99 99 99 99 99 99 99 99 99 99 99 99
0 0 0 0 0 0 0
1 1 1 1 1 1 1 1
2 2 2 2 2 2 2 2 2
3 3 3 3 3 3 3 3 3 3
8 95 8 8 8 8 8 8 8 8 8
2 2 2 2 2 2 2 2 2
99 99 99 99 99 99 99 99 99 99 99 99 99 99 99 99 99 99 99 99 99 99 99 99 99 99 99
3 3 3 3 3 3 3 3 3 3
99 99 99 99 99 99 99 99 99 99 99 99 99 99 99 99 99 99
23 23 23 23 23 23 23 23 23 23 23 23 23 23 23 23 23 23 23
49 49 49 49 49 99 49
99 99 99 99 99 99 99 99 99 99 99 99 99 99 99 99 99 99 99 99 99 99 99 99 99 99 99 99 99 99 99 99 99 99 99 99 99 99 99 99 99 99 99 99 99 99 99 99 99 99
0 0 0 0 0 0 0
99 99 99 99 99 99 99 99 99 99 99 99
7 7 7 7 7 7 7 7 7 7 7 7
0 0 0 0 0 0 0
3 3 3 3 3 3 3 3 3 3
1 1 1 1 1 1 1 1
11 11 11 11 11 11 11 11 11 11 11 11 11 11 11 11 11 11
2 2 2 2 2 2 2 2 2
2 2 2 2 2 2 2 2 2
9 9 9 9 9 9 9 9 9 9 9 9 9 9 9 9 9
3 3 3 3 3 3 3 3 3 3
3 3 3 3 3 3 3 3 3 3
0 0 0 0 0 0 0
78 78 78 78 99 99 78 99 78 99 78 99 78 99
1 1 1 1 1 1 1 1
99 51 51 51 51 56 51 56 51 56 51 56 56
0 0 0 0 0 0 0
2 2 2 2 2 2 2 2 2
9 9 9 9 9 9 9 9 9 9 9 9 9 9 9 9 9
59 47 59 47 47 47 99 47 59 59 47 47
0 0 0 0 0 0 0
2 2 2 2 2 2 2 2 2
99 99 99 99 99 99 99 99 99 99 99 99
58 43 43 58 99 99 43 99 58 58 43 43 99 43 43
99 99 99 99 99 99 99 99 99 99 99 99 99 99 99 99 99 99 99
99 99 99 99 99 99 99 99 99 99 99 99 99 99 99 99 99 99 99 99 99 99 99 99 99 99 99 99 99 99 99 99 99 99 99 99 99 99 99 99
22 17 17 22 17 17 17 22 99 17 22
2 2 2 2 2 2 2 2 2
1 1 1 1 1 1 1 1
1 1 1 1 1 1 1 1
2 2 2 2 2 2 2 2 2
0 0 0 0 0 0 0
1 1 1 1 1 1 1 1
3 3 3 3 3 3 3 3 3 3
77 77 77 77 77 77 53 77 53 77 77 77 53 53 77 99
51 56 51 51 51 56 99 56 56 51 51 51 56
0 0 0 0 0 0 0
2 2 2 2 2 2 2 2 2
3 3 3 3 3 3 3 3 3 3
2 2 2 2 2 2 2 2 2
99 99 99 99 99 99 99 99 99 99 99 99 99 99 99 99 99 99 99 99 99 99 99 99 99 99 99 99 99 99 99 99 99 99 99 99 99 99 99 99 99 99 99 99 99 99 99 99 99 99 99 99 99 99 99 99 99 99 99 99 99 99 99 99 99 99 99 99 99 99 99 99 99 99 99 99 99 99
99 99 99 99 99 99 99 99 99 99 99 99 99 99 99 99 99 99 99 99 99
0 0 0 0 0 0 0
99 99 99 99 99 99 99 99 99 99 99 99 99 99 99 99 99 99 99 99 99 99 99 99 99 99 99 99 99 99 99 99 99 99 99 99 99 99 99 99 99 99 99 99 99 99
0 0 0 0 0 0 0
31 31 31 31 31 31 31 31 99 31 31 31 31
99 99 99 99 99 99 99 99 99 99 99 99 99 99 99 99 99 99 99 99 99 99 99 99 99 99 99 99
1 1 1 1 1 1 1 1
99 99 99 99 99 99 99 99 99 99 99 99 99 99
0 0 0 0 0 0 0
4 4 4 4 4 4 4 4 4 4 4
10 10 10 10 10 10 10 10 10 10 10 10 10 10
1 1 1 1 1 1 1 1
77 53 77 77 53 77 77 77 53 77 77 77 99 77 77 53
99 99 99 99 99 99 99 99 99 99 99
1 1 1 1 1 1 1 1
99 63 63 63 63 63 99 63 99 63 99 99 63
45 45 45 31 99 45 45 31 45 45 31 45 31
3 3 3 3 3 3 3 3 3 3
0 0 0 0 0 0 0
1 1 1 1 1 1 1 1
17 22 17 17 22 17 17 99 22 22 17
5 5 5 5 5 5 5 5 5 5 5 5 5 5 5 5 5 5 5 5
0 0 0 0 0 0 0
11 11 11 11 11 11 11 11 11 11 11 11 11 11 11 11 11 11
99 99 99 99 99 99 99 99 99 99 99 99 99 99 99 99 99 99 99 99 99 99 99 99 99 99 99 99 99 99 99
4 4 4 4 4 4 4 4 4 4 4
99 99 99 99 99 99 99 99 99 99 99
2 2 2 2 2 2 2 2 2
51 56 51 56 56 51 56 51 51 51 56 99 51
99 25 42 25 42 25 25 42 25
1 1 1 1 1 1 1 1
0 0 0 0 0 0 0
99 99 99 99 99 99 99 99 99 99 99 99 99 99
99 99 99 99 99 86 86 99 99 99 99 99 86 99 99 99 99 99 86 99 99 86 99 99 99 99 86 99 99 99 86 99 99 86 86 86
0 0 0 0 0 0 0
4 4 4 4 4 4 4 4 4 4 4
0 0 0 0 0 0 0
4 4 4 4 4 4 4 4 4 4 4
0 0 0 0 0 0 0
1 1 1 1 1 1 1 1
0 0 0 0 0 0 0
0 0 0 0 0 0 0
2 2 2 2 2 2 2 2 2
0 0 0 0 0 0 0
99 99 99 99 99 99 99 99 99 99 99 99 99 99 99 99 99 99 99 99 99 99 99 99 99 99 99 99 99 99 99 99 99 99 99 99 99 99 99 99 99 99 99 99 99 99 99 99
99 99 99 99 99 99 99 99 99 99 99 99 99 99 99 99 99 99 99 99 99 99 99 99 99 99 99 99 99 99 99 99 99 99 99 99 99 99 99 99 99 99 99
0 0 0 0 0 0 0
9 9 9 9 9 9 9 9 9 9 9 9 9 9 9 9 9
0 0 0 0 0 0 0
1 1 1 1 1 1 1 1
99 99 99 99 99 99 99 99 99 99 99
11 11 11 11 11 11 11 11 11 11 11 11 11 11 11 11 11 11
1 1 1 1 1 1 1 1
24 24 99 52 24 24 24 52 24 52 24 52 52 52 24 24 24
0 0 0 0 0 0 0
88 88 99 88 99 99 88 88 99 88 99 88 99 99
99 99 99 99 99 99 99 99 99 99 99 99 99 99 99 99 99 99 99 99 99 99 99
45 31 45 31 45 45 31 45 45 45 31 45 99
50 50 38 38 99 38 50 38 38 50 50 50 50 38 38 50 50 50 38 50 50 50
0 0 0 0 0 0 0
2 2 2 2 2 2 2 2 2
20 20 18 20 18 18 20 20 99 18 18 18
2 2 2 2 2 2 2 2 2
99 99 99 99 99 99 99 99 99 99 99 99 99 99 99
2 2 2 2 2 2 2 2 2
99 99 99 99 99 99 99 99 99 99 99 99 99 99 99 99 99 99 99 99 99 99 99 99 99 99 99 99 99 99
2 2 2 2 2 2 2 2 2
4 4 4 4 4 4 4 4 4 4 4
61 13 15 13 13 15 15 13 13 15
9 9 9 9 9 9 9 9 9 9 9 9 9 9 9 9 9
1 1 1 1 1 1 1 1
2 2 2 2 2 2 2 2 2
99 99 99 99 99 99 99 99 99 99 99 99 99
0 0 0 0 0 0 0
99 25 42 25 42 25 42 25 25
75 75 99 84 75 84 84 84 75 75 84 99 84
1 1 1 1 1 1 1 1
3 3 3 3 3 3 3 3 3 3
2 2 2 2 2 2 2 2 2
3 3 3 3 3 3 3 3 3 3
25 42 25 25 42 42 25 99 25
1 1 1 1 1 1 1 1
1 1 1 1 1 1 1 1
18 18 99 18 20 20 18 20 20 18 20 18
99 70 70 39 70 70 39 46 39 70 70 46 46 39 39 46 39 39
0 0 0 0 0 0 0
51 51 51 99 99 99 99 51 51 99 51 99 51
99 99 99 99 99 99 99 99 99 99 99 99
99 99 99 99 99 99 99 99 99 99 99 99 99 99 99 99 99 99 99 99 99 99 99 99 99 99 99 99 99 99 99 99 99 99 99 99 99 99 99 99 99 99 99 99 99 99 99 99 99 99 99 99 99 99 99 99 99 99 99 99 99 99 99
1 1 1 1 1 1 1 1
1 1 1 1 1 1 1 1
75 84 99 75 84 84 84 84 75 84 75 99 75
0 0 0 0 0 0 0
3 3 3 3 3 3 3 3 3 3
99 99 99 99 99 99 99 99 99 99 99 99 99 99 99 99 99 99 99 99 99 99 99 99 99
0 0 0 0 0 0 0
99 99 99 99 99 99 99 99 99 99 99 99 99 99 99 99 99 99 99 99 99 99 99
1 1 1 1 1 1 1 1
3 3 3 3 3 3 3 3 3 3
68 99 99 68 68 99 99 99 68 68 99 68
1 1 1 1 1 1 1 1
2 2 2 2 2 2 2 2 2
99 99 29 29 99 99 99 99 29 99 99 29 99 29 99 99 99 99
0 0 0 0 0 0 0
41 32 32 32 32 32 41 41 99 32 32
47 59 47 59 47 47 59 99 59 47 47 47
99 99 99 99 99 99 99 99 99 99 99 99 99 99 99 99 99
10 10 10 10 10 10 10 10 10 10 10 10 10 10
99 99 99 99 99 99 99
31 99 99 31 99 99 99 99 99 31 31 99 99
0 0 0 0 0 0 0
2 2 2 2 2 2 2 2 2
0 0 0 0 0 0 0
0 0 0 0 0 0 0
0 0 0 0 0 0 0
99 99 99 99 99 99 99 99 99 99 99 99 99 99 99 99 99 99 99 99
0 0 0 0 0 0 0
99 99 99 99 99 99 99 99 99 99 99
99 99 99 99 99 99 99 99 99 99 99 99
74 99 74 99 99 74 74 74 99 99 74 99 99 74 99 99
23 23 23 23 23 23 23 23 23 23 23 23 23 23 23 23 23 23 23
99 99 99 99 99 86 86 99 99 99 99 99 86 99 99 99 99 99 86 99 99 86 99 99 99 99 86 99 99 99 86 99 99 86 86 86
0 0 0 0 0 0 0
49 99 49 49 49 49 49
99 99 99 99 99 99 99 99 99 99 99 99 99 99 99 99 99 99 99
11 11 11 11 11 11 11 11 11 11 11 11 11 11 11 11 11 11
4 4 4 4 4 4 4 4 4 4 4
4 4 4 4 4 4 4 4 4 4 4
18 99 18 20 20 18 20 20 18 20 18 18
1 1 1 1 1 1 1 1
0 0 0 0 0 0 0
2 2 2 2 2 2 2 2 2
99 99 99 99 99 99 99 99 99 99 99 99 99 99 99 99 99 99 99
5 5 5 5 5 5 5 5 5 5 5 5 5 5 5 5 5 5 5 5
99 67 67 99 99 99 67 99 67 99 99 67 67 99
99 99 99 99 99 99 99 99 99 99
99 28 28 58 28 58 28 28 28 28 58 28 28 28 58
15 15 13 13 13 13 15 13 61 15
99 99 99 99 99 99 99 99 99 99 99 99 99 99 99 99 99 99 99
26 36 26 26 26 36 36 99
1 1 1 1 1 1 1 1
33 33 33 37 33 37 37 33 99 33 33 37 37 33
10 10 10 10 10 10 10 10 10 10 10 10 10 10
1 1 1 1 1 1 1 1
4 4 4 4 4 4 4 4 4 4 4
11 11 11 11 11 11 11 11 11 11 11 11 11 11 11 11 11 11
0 0 0 0 0 0 0
99 99 99 99 99 86 99 99 99 99 99 99 86 99 86 99 99 99 86 99 99 86 99 99 99 99 86 99 99 99 86 99 99 86 86 86
0 0 0 0 0 0 0
0 0 0 0 0 0 0
99 99 99 99 99 99 99 99 99 99 99 99 99 99 99 99 99 99 99 99 99 99 99 99 99 99 99 99 99 99 99 99
21 21 21 21 21 99 21 21 21
0 0 0 0 0 0 0
0 0 0 0 0 0 0
4 4 4 4 4 4 4 4 4 4 4
1 1 1 1 1 1 1 1
67 60 60 67 99 60 60 60 60 60 67 67 67 67
2 2 2 2 2 2 2 2 2
5 5 5 5 5 5 5 5 5 5 5 5 5 5 5 5 5 5 5 5
1 1 1 1 1 1 1 1
0 0 0 0 0 0 0
1 1 1 1 1 1 1 1
99 99 99 99 99 99 99 99 99 99 99 99 99 99 99 99 99 99 99 99 99 99 99 99 99 99 99
99 99 99 99 99 99 99 99 99 99 99 99 99 99 99 99
99 99 99 99 99 99 99 99 99 99 99 99 99 99 99
3 3 3 3 3 3 3 3 3 3
99 99 99 99 99 99 99 99 99 99
7 7 7 7 7 7 7 7 7 7 7 7
0 0 0 0 0 0 0
4 4 4 4 4 4 4 4 4 4 4
99 99 99 99 99 99 99 99 99 99 99
13 15 15 13 13 15 15 61 13 13
2 2 2 2 2 2 2 2 2
1 1 1 1 1 1 1 1
0 0 0 0 0 0 0
99 99 99 99 99 99 99 99 99 99 99 99 99 99 99 99 99 99 99 99 99 99 99 99 99 99 99
3 3 3 3 3 3 3 3 3 3
1 1 1 1 1 1 1 1
2 2 2 2 2 2 2 2 2
1 1 1 1 1 1 1 1
0 0 0 0 0 0 0
2 2 2 2 2 2 2 2 2
1 1 1 1 1 1 1 1
0 0 0 0 0 0 0
2 2 2 2 2 2 2 2 2
14 14 14 14 14 99 14 14 14 14 14 14 14
3 3 3 3 3 3 3 3 3 3
3 3 3 3 3 3 3 3 3 3
99 39 99 99 39 99 99 99 99 39 99 99 99 39 39 39 39 99
2 2 2 2 2 2 2 2 2
1 1 1 1 1 1 1 1
0 0 0 0 0 0 0
10 10 10 10 10 10 10 10 10 10 10 10 10 10
10 10 10 10 10 10 10 10 10 10 10 10 10 10
0 0 0 0 0 0 0
99 99 99 99 99 99 99 99 99 99 99 99 99 99 99 99 99 99 99 99 99 99 99 99 99
1 1 1 1 1 1 1 1
99 99 31 99 99 99 31 31 31 99 99 99 99
81 81 81 99 81 99 81 81
2 2 2 2 2 2 2 2 2
2 2 2 2 2 2 2 2 2
99 99 99 99 99 99 99 99 99 99 99 99 99 99 99 99 99 99 99 99 99 99 99 99 99 99 99 99 99 99
99 99 99 99 99 99 99 99 99 99 99 99 99 99 99 99 99 99 99 99 99 99 99 99 99 99 99
25 42 25 42 25 42 99 25 25
1 1 1 1 1 1 1 1
77 77 77 77 53 53 53 77 77 99 77 77 77 77 77 53
0 0 0 0 0 0 0
0 0 0 0 0 0 0
4 4 4 4 4 4 4 4 4 4 4
2 2 2 2 2 2 2 2 2
0 0 0 0 0 0 0
3 3 3 3 3 3 3 3 3 3
0 0 0 0 0 0 0
4 4 4 4 4 4 4 4 4 4 4
99 99 99 99 99 99 99 99 99 99 99 99 99 99 99 99 99 99 99 99 99 99 99 99 99 99 99 99 99 99 99 99 99
45 31 99 31 45 45 45 45 45 45 45 31 31
0 0 0 0 0 0 0
1 1 1 1 1 1 1 1
2 2 2 2 2 2 2 2 2
14 14 14 14 14 14 99 14 14 14 14 14 14
99 99 99 99 99 99 99 99 99 99 99 99 99
4 4 4 4 4 4 4 4 4 4 4
0 0 0 0 0 0 0
99 25 25 25 42 42 25 42 25
0 0 0 0 0 0 0
1 1 1 1 1 1 1 1
0 0 0 0 0 0 0
99 99 99 99 99 99 99 99 99 99 99 99 99
10 10 10 10 10 10 10 10 10 10 10 10 10 10
0 0 0 0 0 0 0
2 2 2 2 2 2 2 2 2
99 99 99 99 99 99 99 99 99 99 99 99 99 99 99 99 99 99 99 99 99 99 99 99 99
1 1 1 1 1 1 1 1
7 7 7 7 7 7 7 7 7 7 7 7
99 54 99 99 54 54 99 99 99 99
3 3 3 3 3 3 3 3 3 3
4 4 4 4 4 4 4 4 4 4 4
1 1 1 1 1 1 1 1
1 1 1 1 1 1 1 1
38 50 50 38 50 38 50 50 38 38 50 38 50 50 38 50 50 50 50 99 50 38
99 73 99 73 73 73 73 99 99 73 99 99 99 99 99 73 99
7 7 7 7 7 7 7 7 7 7 7 7
1 1 1 1 1 1 1 1
17 17 22 99 17 22 22 17 17 22 17
4 4 4 4 4 4 4 4 4 4 4
7 7 7 7 7 7 7 7 7 7 7 7
20 18 20 18 20 18 20 18 99 18 18 20
99 99 99 99 99 99 99 99 99 99 99 99 99 99 99 99 99 99 99 99 99 99 99 99 99 99 99 99 99 99 99 99 99
99 99 99 99 99 99 99 99 53 53 53 99 99 53 99 99
2 2 2 2 2 2 2 2 2
1 1 1 1 1 1 1 1
99 99 99 99 99 99 99
0 0 0 0 0 0 0
99 99 99 99 99 99 99 99 99 99 99 99 99
0 0 0 0 0 0 0
99 99 99 99 99 99 99 99 99 99 99 99
1 1 1 1 1 1 1 1
4 4 4 4 4 4 4 4 4 4 4
4 4 4 4 4 4 4 4 4 4 4
99 99 99 99 99 99 99 99 99 99 99 99 99 99 99
7 7 7 7 7 7 7 7 7 7 7 7
7 7 7 7 7 7 7 7 7 7 7 7
99 63 63 63 63 63 99 63 99 63 99 99 63
10 10 10 10 10 10 10 10 10 10 10 10 10 10
91 99 91 99 99 91 99 99 99 99 99 99 99 99
1 1 1 1 1 1 1 1
32 99 41 32 41 32 41 32 32 32 32
99 99 99 99 99 99 99 99 99 99 99 99 99 99 99 99 99 99 99 99 99 99 99 99
0 0 0 0 0 0 0
4 4 4 4 4 4 4 4 4 4 4
8 8 95 8 8 8 8 8 8 8 8
4 4 4 4 4 4 4 4 4 4 4
99 99 99 99 99 99 99 99 99 99 99 99 99 99 99 99 99 99 99 99 99
1 1 1 1 1 1 1 1
5 5 5 5 5 5 5 5 5 5 5 5 5 5 5 5 5 5 5 5