118 118 118 118 118 118 118
118 118 118 118 127 118 118 118 118 118 118 118 118
118 118 118 118 118 118 118
118 118 118 118 118 118 118
152 118 118 152 118 118 118 124 118 152
152 152 152 162 119 162 162 162
118 118 118 118 118 118 118
152 152 119 162 152 162 162 162
118 118 118 127 118 118 118 118 118 118 118 118 118
113 113 118 162 118 118 118 113 113 113 162 118 118 162 118 118 118 162 137 118 118 118
119 119 119 119 119 119 119 119
119 119 119 113 113 162 162 113 132 119 162 119 119 113 113 162 119
119 119 119 119 119 119 119 119
137 162 113 113 162 113 162 113 162 152 113 113 162 113 152 113 113 162 162 113 113 162
118 118 118 118 118 118 118
118 118 118 113 118 113 113 113 162 162 118 113 118 118 131 162
118 119 119 118 119 118 119 119 119 119 118 118 128 118
118 118 118 118 118 118 118
122 122 162 162 113 113 162 113 113
119 119 119 119 119 119 119 119
126 113 119 119 119 119 113 119 113 126 113 119
139 119 113 119 126 113 113 126 119 126 119 119 119 113 113 126 126 126 126 126 126 126 126 119
122 122 122 122 122 122 122 122 122
113 162 113 162 128 113 162 162 162 113 113 162 162 162
118 118 118 118 118 118 118
113 162 162 162 152 113 113 152 162 162 162 152 162 162 152 152 113 113 152 152 113 137
155 155 155 155 155 155 155 155 155 155 155 155 155 155 155 155 155 155 155 155 155 155 155 155 155 155 155 155 155 155 155 155 155 155 155 155 155 155
155 155 155 155 155 155 155 155 155 155 155 155 155 155 155 155 155 155 155 155 155 155 155 155 155 155 155 155 155 155 155 155 155 155 155 155 155 155
129 129 129 129 129 129 129 129 129 129 129 129 129 129 129
118 118 118 118 118 118 118
122 122 122 122 122 122 122 122 122
122 122 122 122 122 122 122 122 122
152 152 152 118 152 152 152
162 127 162 162 162 162 162 162 162 162 162 162 162
119 119 119 119 119 119 119 119
162 119 119 129 152 119 119 162 119 162 152 162 119 152 119
118 118 118 122 122 118 118 122 152 137 162 152 162 122 118 152 122 122 122 122 162 162
131 125 113 113 125 125 125 113 125 125 125 125 125 125 113 113
118 119 119 119 113 148 118 118 113 118 162 119 162 119 118 113 119 119 113 162 113 118 124 162 124 119 119 119 162 119 119 162
118 118 118 118 118 118 118
152 162 162 162 162 113 162 162 162 152 113 162 152 132 113 113 113
118 118 113 118 113 118 113 126 118 113 118 113
126 126 126 126 126 126 126 126 126 126 126 126
137 137 137 137 137 137 137 137 137 137 137 137 137 137 137 137 137 137 137 137 137 137
122 122 122 122 122 122 122 122 122
118 152 152 118 152 152 152 152 118 152 152 118 152 152 152 118 152 118 134
122 122 122 122 122 122 122 122 122
118 118 118 118 118 118 118
126 122 126 124 126 126 122 137 126 124 124 126 126 126 126 137 126 126 126 126 126 126
118 118 118 118 118 118 118
118 118 118 118 118 118 118
124 122 122 124 132 124 122 122 125 124 126 122 125 124 122 132 125
119 119 119 119 119 119 119 119
128 118 118 113 128 128 124 128 131 113 128 113 162 113 119 118 113 162 128 113 128 113 128 118 113 118 124 131 119 118 113 153 128 128 131 113
122 119 119 122 119 119 122 122 131 119 122 122 119 122 122 119
122 119 113 122 113 122 119 119 113 122 113 113 113 122 113 162 162 113 119 162 127 142 113 162 162 125
118 152 118 118 125 152 118 152 118 125 152
162 152 152 125 162 152 162 152 152 162 152
118 118 118 118 118 118 118
119 119 119 119 119 119 119 119
162 113 113 128 128 119 119 162 162 155 128 152 128 113 119 113 128 113 113 119 152 162 119 128 119 128 128 113 119 128 128 152 128 113 113 113 128 128
124 124 119 124 119 124 124 124 132 124 124 124 119 119 119 119 119
118 152 118 118 113 113 118 152 152 113 118 113 113 129 118
126 126 126 126 126 126 126 126 126 126 126 126
152 152 118 152 118 118 124 118 118 118
122 122 125 122 122 122 113 118 122 113 113 113 113 113 118 122 118 113 145 113 118 113 118 113 124 118 113 113 113
119 119 119 119 119 119 119 119
113 129 113 113 113 152 113 118 162 113 162 152 162 152 152
129 127 127 127 127 129 127 129 129 127 129 129 127 129 129 127 129 129 129 127 143 129 127 129 129 127 127
162 119 162 119 162 113 113 119 162 119 113 113 113 113 113 119 162 119 162 118 119 119 144 162 119 119 113 113
118 126 113 113 113 118 113 118 118 118 113 118
119 119 119 119 119 119 119 119
124 125 124 135 125 125 125 124 125 125 124 125 126 124 125 124 125 124 124 125
124 124 124 124 124 124 124 124 124 124
126 126 126 126 126 126 126 126 126 126 126 126
128 128 124 162 119 124 124 162 128 124 124 126 126 128 124 124 126 126 128 124 128 162 124 155 124 124 128 162 128 126 124 119 128 124 128 128 128 128
128 122 128 122 128 128 122 122 122 122 128 128 128 128 128 128 128 122 137 122 128 128
124 124 124 124 124 124 124 124 124 124
113 152 113 15 152 132 162 113 113 152 113 85 29 113 85 16 113
122 122 122 122 122 122 122 122 122
113 162 162 162 162 162 162 162 152 162 152 152 129 152 152
126 126 119 126 126 126 119 126 119 126 119 119 119 126 119 134 126 126 126
113 124 113 124 113 113 113 113 113 113
162 162 113 124 162 113 162 113 113 113
125 125 125 122 118 125 138 122 122 125 122 118 122 118 138 125 122 118 125 118 122 125 125
118 118 118 118 118 118 118
119 119 119 119 119 119 119 119
113 113 113 162 162 162 124 162 113 113
118 118 118 118 118 118 118
124 162 162 124 124 124 124 162 127 127 124 124 124
127 127 127 127 127 127 127 127 127 127 127 127 127
126 126 126 152 113 140 126 113 126 113 113 126 126 113 113 126 113 126 113 113 126 152 126 113 152
119 119 118 119 118 119 119 119
118 118 118 118 118 118 118
155 155 155 155 155 155 155 155 155 155 155 155 155 155 155 155 155 155 155 155 155 155 155 155 155 155 155 155 155 155 155 155 155 155 155 155 155 155
118 118 118 118 118 118 118
124 124 124 124 124 124 124 124 124 124
124 119 113 119 119 124 113 129 119 113 119 162 113 113 162
129 129 129 129 129 129 129 129 129 129 129 129 129 129 129
124 124 124 124 124 124 124 124 124 124
119 119 119 119 119 119 119 119
118 118 118 127 118 118 118 118 118 118 118 118 118
118 162 118 118 162 118 125 118 118 162 162
118 118 118 118 118 118 118
113 118 113 113 118 141 113
119 119 119 119 119 119 119 119
122 152 113 113 152 113 113 152 113
113 118 126 113 118 118 118 113 118 118 113 113
122 122 122 127 162 162 122 162 122 122 162 122 122
125 118 125 125 125 125 118 125 125 125 118 125 125 118 118 118 132
152 152 152 152 152 152 128 152 113 152 152 152 152 113
162 162 162 122 119 113 122 122 113 119 113 119 162 162 113 113 119 119 119 122 122 162 122 119 122 122 113 145 113
113 162 162 162 118 150 118 113 113 113 118 113 162 162 118 118 113 162 162 162 113 113 162 162 162 119 113 113 162 113 113 113 118 113
118 118 118 118 118 118 118
119 119 119 119 119 119 119 119
162 113 113 113 113 113 162 113 113 113 113 113 162 162 129
119 119 119 119 119 119 119 119
152 162 113 162 152 152 152 144 162 162 113 162 113 113 162 162 162 162 162 162 113 152 152 162 162 162 162 162
119 119 119 119 119 119 119 119
143 135 135 113 135 135 135 135 135 113 135 152 135 119 113 135 135 113 135 135 135 152 135 135 135 135 135
124 124 124 124 124 124 124 124 124 124
152 162 152 152 162 152 118
162 162 162 162 162 162 162 162 122
124 124 124 124 124 124 124 124 124 124
113 118 119 119 118 119 119 119
126 126 126 126 126 126 126 126 126 126 126 126
118 124 118 124 118 124 118 118 118 124
118 118 118 152 152 124 118 152 118 118
162 162 113 162 113 113 162 113 113 124 162 162 162 113 133 162 113 113
119 119 119 152 125 119 119 152 119 152 119
122 122 122 122 122 122 122 122 122
126 126 133 126 126 126 122 122 122 133 133 122 126 122 126 122 126 126
122 122 122 122 122 122 122 122 122
113 113 141 141 119 113 113 113
118 152 152 152 152 152 152
118 124 118 124 118 124 118 118 118 124
113 113 119 119 113 113 119 119 119 119 119 113 127
138 118 127 152 124 118 118 125 122 122 118 122 152 122 118 118 118 124 122 118 118 118 125
113 113 113 113 152 162 113 113 113 152 162 152 113 124 113 113 162 113 113 137 162 113
125 122 122 118 124 125 125 125 125 122 119
162 162 162 162 162 162 162 162 122
122 122 122 122 122 122 122 122 122
119 119 119 119 119 119 119 119
162 162 119 162 162 162 119 162
122 118 122 122 118 118 122 122 129 122 118 122 118 122 118
118 113 113 118 113 152 152 152 118 152 113 152 113 113 113 118 132
119 119 119 119 119 119 119 119
122 122 122 122 122 122 122 122 122
162 162 162 162 162 119 162 119
118 113 118 113 118 118 118 118 113 118 118 118 129 124 129
125 125 125 125 125 125 125 125 125 125 125
119 119 119 119 119 119 119 119
124 124 124 124 124 124 124 124 124 124
124 124 118 124 129 118 124 118 124 118 124 124 124 129 118
113 113 113 125 113 113 113 113 113 113 113
118 118 118 126 118 118 118 118 118 126 118 118
119 119 113 162 152 119 118 113
122 119 118 119 119 128 119 118 118 119 119 119 118 118
162 118 162 118 118 113 113 162 113 125 113 118 162 140 118 118 162 118 118 113 162 118 113 118 118
125 125 125 133 133 125 128 125 128 125 125 124 128 133 125 125 133 125 142 128 128 124 128 142 128 139
119 119 119 119 119 119 119 119
162 162 119 152 162 152 162 152
113 122 113 122 127 113 124 113 162 118 113 119 128 119 119 145 145 122 118 119 118 162 119 162 124 119 118 162 162
118 118 118 125 125 125 119 131 125 118 124 124 124 118 125 131
113 113 113 113 129 113 162 162 113 113 113 113 113 162 162
113 122 113 122 113 134 113 113 122 113 122 122 122 113 113 113 122 113 122
113 118 113 113 118 118 113 118 113 118 118 126
119 119 119 119 119 119 119 119
152 124 124 124 124 124 130 152 124 124 124 124 152 128
128 129 129 129 129 129 128 128 129 128 128 128 129 143 129 128 128 129 129 128 128 129 128 129 143 129 128
162 113 125 113 118 166 122 162 162 113 118 113 122 162 162 122 162 118 113 118 113 162 162 118 118 122 162 118 113 162 113 118 162 122 162 119 122 113 113 122 162 122 118 162 162 118 118 162 118 162
152 152 152 152 152 118 152
118 118 118 118 118 118 118 132 118 118 118 118 118 132 118 118 118
135 135 135 135 135 135 135 135 122 122 122 122 122 122 122 135 135 135 135 135 135 135 144 135 122 135 135 135
119 119 119 119 119 119 119 119
119 119 119 119 119 119 119 119
118 118 118 118 118 118 118
118 118 118 118 118 118 118
162 113 162 152 162 152 113 113 162 162 152 113 132 162 162 162 113
131 113 122 131 124 113 124 126 113 126 124 126 122 113 126 126
119 113 119 119 113 113 119 113
122 122 122 132 122 162 122 113 122 113 113 119 113 122 122 122 113
162 113 113 162 113 113 162 113 124 162
118 118 118 118 118 118 118
162 118 141 141 162 162 162
119 119 119 119 119 119 119 119
118 138 124 126 129 124 124 125 125 122 113 125 138 124 113 125 126 125 125 124 124 125 122
122 118 129 122 118 122 118 122 118 122 122 118 122 118 122
122 122 122 122 122 122 122 122 122
137 137 137 137 137 137 137 137 137 137 137 137 137 137 137 137 137 137 137 137 137 137
125 152 119 119 119 152 119 152 119 119 119
119 119 119 119 125 119 152 119 119 152 152
162 162 113 152 118 162 162 154 113 152 162 162 118 118 118 113 152 118 152 162 118 118 113 152 118 162 152 118 118 113 113 113 118 118 113 113 113
141 128 128 128 113 113 119 128 141 162 128 128 128 162 128 119 128 128 119 128 113 119 162 119 113 128 148 128 113 162 119 119
162 118 118 162 125 118 128 162 162 162 118 162 128 162
124 124 124 124 124 124 124 124 124 124
122 119 119 136 119 122 119 119 122 119 122 119 122 122 122 136 119 119 119 119 119
119 119 119 119 119 119 119 119
124 118 122 113 119 113 118 122 118 113 118 122 113 118 135 119 122 122 122 122
118 162 118 160 122 162 113 118 162 122 128 118 162 113 113 162 162 113 118 162 162 152 113 162 162 118 113 162 113 113 152 162 118 122 118 152 113 118 162 125 162 162 118 162
113 152 152 152 126 113 152 113 113 152 152 113
162 113 162 113 113 124 162 162 113 113
118 118 118 118 118 118 118
124 124 124 124 124 124 124 124 124 124
122 122 122 122 122 122 122 122 122
118 118 118 118 118 118 118
162 113 113 162 162 162 162 162 122
118 118 118 118 127 118 118 118 118 118 118 118 118
122 122 122 122 122 122 122 122 122
162 162 162 162 152 152 119 152
128 128 128 128 128 128 128 128 128 128 128 128 128 128
124 124 124 124 124 124 124 124 124 124
152 113 113 162 152 113 152 162 162 113 127 113 162
122 122 122 122 122 122 162 162 122 122 162 162 127
126 126 126 126 126 126 126 126 126 126 126 126
118 118 118 118 118 118 118
118 118 118 118 118 118 118
122 122 122 122 122 122 122 122 122
122 122 122 122 122 122 122 122 122
119 119 119 119 119 119 119 119
113 113 124 113 124 113 113 113 113 113
118 118 118 118 118 118 118
162 162 162 162 122 162 162 162 162
125 122 119 119 127 127 113 119 113 119 122 119 113
162 122 162 162 162 162 162 162 162
119 125 125 125 119 119 119 118 119 124 133 122 125 119 119 122 122 119
137 137 137 137 137 137 137 137 137 137 137 137 137 137 137 137 137 137 137 137 137 137
118 118 118 118 118 118 118 132 118 118 118 118 118 132 118 118 118
152 152 152 152 152 152 152 113 152 133 152 152 152 152 152 152 152 152
118 118 118 162 125 162 118 118 162 118 162
128 128 128 128 128 128 128 128 128 128 128 128 128 128
124 124 124 124 124 124 124 124 124 124
133 143 136 124 162 133 162 129 141 136 133 124 129 129 129 124 118 141 162 129 118 133 162 129 133 129 118
118 118 118 118 118 118 118
118 118 118 118 118 118 118
119 119 119 162 126 162 119 119 162 119 162 119
119 113 119 119 130 133 128 119 152 125 113 113 125 152 125 119 152 125
119 119 119 119 119 119 119 119
152 118 118 118 152 152 113 126 152 118 118 118
113 162 162 118 162 162 118 118 113 162 128 162 118 162 127 118 113 162 162 127 118 127 162 162 127 113 118 127 113 162 127 111 127 162 127 162 152 162 162 162 162 162 162 113 127 152 113 127 113 113 127 152
128 113 133 128 124 128 113 128 128 128 124 135 127 127 128 133 133 133 133 133
125 21 125 125 128 69 76 62 118 127 100 133 104 113 128 50 113 127 2 127 113 98 9 118 128 165 124 128 65 74 62 101 127 113 118 125 133 101 127 63 113 118 113 128 127 124 63 127
118 118 118 118 118 118 118
122 162 113 118 122 137 113 118 118 122 122 122 122 118 122 122 113 113 113 122 122 162
122 122 122 122 122 122 122 122 122
118 118 118 118 118 118 118
118 118 118 118 118 118 118
118 118 118 118 118 118 118
119 119 119 119 119 119 119 119
162 162 162 162 122 162 162 162 162
124 124 124 124 124 124 124 124 124 124
124 124 124 124 124 124 124 124 124 124
118 118 118 118 118 118 118
119 119 119 119 119 119 119 119
118 118 118 118 118 118 118
119 119 119 119 119 119 119 119
128 137 128 122 128 122 122 128 128 122 122 128 128 122 122 128 122 128 128 128 128 128
135 135 135 135 135 135 135 135 135 135 135 135 135 135 135 135 135 135 135 135
118 119 119 118 119 118 118 118 119 118 119 118 118 119 119 118 127 119 134
113 125 113 113 113 113 113 113 113 113 113
162 133 152 162 152 152 130 152 162 113 141 113 152 152 113 152 113 113
119 119 119 162 119 162 119 119 162 126 162 119
119 119 119 119 119 119 119 119
122 122 122 122 122 122 122 122 122
155 155 155 155 155 155 155 155 155 155 155 155 155 155 155 155 155 155 155 155 155 155 155 155 155 155 155 155 155 155 155 155 155 155 155 155 155 155
118 118 118 118 118 118 118
124 124 124 113 113 113 113 124 113 129 124 124 124 124 124
119 119 119 119 119 119 119 119
128 124 128 128 128 124 124 128 129 128 128 128 128 128 124 128 128 128 128 124 124 124 128 128 128 128 128 128 153 124 128 124 128 128 129 128
152 162 113 113 113 113 113 118 113 118 113 113 162 118 162 113 113 113 113 113 152 118 118 113 152 113 162 145 118
118 118 118 118 118 118 118
162 125 113 118 125 125 125 113 118 162 162 132 118 128 122 118 113 113 113 126 128 113 118 146 162 162 113 125 132 113
122 162 162 119 84 119 41 146 119 122 95 119 113 119 122 162 119 162 122 119 119 41 40 119 85 118 119 119 119 122
162 113 113 162 113 113 124 162 162 113
152 118 113 118 113 118 118 152 122 118 118 118 152 152 119 152 152 139 124 152 162 152 162 113
124 124 124 124 124 124 124 124 124 124
118 118 118 118 118 118 118
126 118 126 118 119 119 119 118 126 119 118 119
122 118 118 122 122 113 113 113 113 118 162 118 122 122 162 118 122 113 113 162 113 118 122 113 118 113 113 113 118 113 118 113 162 122 113 118 118 157 118 113
126 126 133 126 126 126 122 122 122 133 133 122 126 122 126 122 126 126
118 118 118 118 118 118 118
135 135 135 135 135 135 135 135 135 135 135 135 135 135 135 135 135 135 135 135
135 135 135 135 135 135 135 135 135 135 135 135 135 135 135 135 135 135 135 135
113 124 113 162 162 162 162 113 113 113
122 122 122 122 122 122 122 122 122
118 118 118 118 118 118 118
118 119 118 118 118 119 162 162 119 119 162 119 119 133 119 162 118 118
119 129 119 119 119 119 119 119 119 119 119 119 119 119 119
162 162 162 162 162 162 162 122 162
118 118 113 113 118 118 126 113 113 118 118 113
113 113 113 113 162 113 162 113 162 113 113 162 113 113 135 113 113 113 113 113
119 119 119 119 119 119 119 119
137 137 137 137 137 137 137 137 137 137 137 137 137 137 137 137 137 137 137 137 137 137
118 162 118 118 118 118 162 162 118 162 125
152 152 118 118 113 113 118 113 118 113 152 133 118 152 152 152 113 118
162 113 162 152 152 113 152 113 162 127 113 162 113
118 118 118 118 118 118 118
122 122 122 122 122 122 122 122 122
144 133 144 124 124 118 132 149 126 118 127 132 129 126 129 118 131 144 127 124 129 129 126 129 124 129 149 127 129 118 144 129 128
113 113 162 162 162 113 113 113 124 162
119 119 119 119 119 119 119 119
152 113 152 113 113 122 152 113 113
124 122 132 124 122 124 122 122 122 122 122 122 128 122 122 124 124
118 118 118 118 118 118 118
118 118 118 118 118 118 118
118 118 118 118 118 118 118
118 118 118 118 118 118 118
118 118 118 118 118 118 118
119 119 119 119 119 119 119 119
118 118 118 118 118 118 118
113 113 162 113 162 162 113 124 113 162
152 152 122 113 152 152 152 152 152
119 119 119 119 119 119 119 119
118 162 118 162 162 118 118 125 118 118 162
118 118 118 118 118 118 118
135 135 135 135 135 135 135 135 135 135 135 135 135 135 135 135 135 135 135 135
128 128 128 128 128 128 128 128 128 128 128 128 128 128
118 131 131 125 137 118 132 118 118 126 143 128 126 122 131 127 127 122 122 131 118 132 131 122 127 126 134
124 124 124 124 124 124 124 124 124 124
162 152 152 119 162 162 162 152
162 162 162 162 162 162 124 162 124 118
119 119 119 119 119 119 119 119
162 162 118 162 129 162 125 162 162 162 118 162 125 118 118
162 113 124 113 113 113 162 113 162 162
113 113 162 162 113 124 113 113 162 162
152 162 152 119 162 162 162 152
122 122 122 122 122 122 122 122 122
118 118 152 118 113 162 118 152 162 129 118 113 118 152 113
118 162 162 162 138 119 141 152 162 118 152 162 118 162 141 162 152 162 162 118 118 118 162
124 113 113 113 113 113 113 113 113 124
122 145 124 145 122 113 122 122 124 113 124 124 122 113 124 124 124 122 125 113 125 124 126 124 122 124 124 124 124
152 122 126 162 152 162 113 113 162 152 113 113
162 141 152 152 162 141 162 141 152 119 152 152 141 162 152 162 141 118 152 141 119 141 119 119 162 119 152 119 162 141 162 155 141 162 119 141 152 152
162 162 113 162 143 118 162 118 152 162 118 162 113 118 113 162 162 162 118 113 118 152 162 162 152 113 162
162 128 124 124 124 162 124 162 162 124 124 124 124 124
118 118 118 118 118 118 118
135 124 135 124 135 124 135 135 135 135 135 135 135 135 124 135 124 124 124 135 135 135 135 135 124 145 135 135 124
119 152 152 119 119 125 119 119 119 119 152
118 118 118 118 118 118 118
119 113 113 119 113 119 119 113 119 113 119 113 113 113 113 119 113 133
155 155 155 155 155 155 155 155 155 155 155 155 155 155 155 155 155 155 155 155 155 155 155 155 155 155 155 155 155 155 155 155 155 155 155 155 155 155
135 135 135 135 135 135 135 135 135 135 135 135 135 135 135 135 135 135 135 135
135 135 135 135 135 135 135 135 135 135 135 135 135 135 135 135 135 135 135 135
126 126 126 126 126 126 126 126 126 126 126 126
132 132 132 132 132 132 132 132 132 132 132 132 132 132 132 132 132
152 122 122 152 122 122 122 122 122 126 152 122
162 162 162 162 118 128 113 113 162 162 113 113 113 162
118 118 118 118 118 118 118
152 113 113 119 152 152 131 113 119 119 113 119 119 119 119 113
124 124 124 124 124 124 124 124 124 124
119 119 119 119 119 119 119 119
113 113 113 113 113 113 113 125 113 113 113
119 119 119 119 119 119 119 119
119 119 119 119 119 119 119 119
122 122 122 122 122 122 122 122 122
152 119 152 119 125 119 152 119 119 119 119
119 126 126 126 113 158 122 126 126 124 119 113 125 113 124 162 118 162 162 126 162 113 162 118 126 126 126 122 162 122 113 126 119 126 113 113 126 122 113 124 122
122 122 122 122 122 122 122 122 122
122 118 113 133 113 113 118 122 118 118 118 118 133 113 118 118 113 113
162 162 162 125 118 118 162 118 118 118 118
122 122 122 122 122 122 122 122 122
128 128 128 128 128 128 128 128 128 128 128 128 128 128
122 122 122 122 122 122 122 122 122
162 122 162 162 113 113 122 113 113
132 132 132 132 132 132 132 132 132 132 132 132 132 132 132 132 132
118 118 118 118 118 118 118
118 118 118 118 118 118 118
162 152 162 118 118 152 118 162 152 152 152 162 118 152 152 162 152 162 152 118 162 139 118 162
128 128 127 139 128 129 128 127 128 139 127 127 127 128 139 127 128 127 129 128 127 128 127 129
113 118 118 113 118 113 118 118 113 126 113 118
162 118 118 118 162 162 162 162 113 118 118 162 113 113 152 118 152 133
118 131 113 118 118 119 118 113 118 162 113 113 162 113 113 162
162 113 124 162 113 162 162 113 113 113
118 118 118 118 118 118 118
118 125 118 118 162 118 162 118 162 162 118
152 113 132 113 113 152 113 162 152 113 118 152 113 113 113 152 113
122 162 162 113 113 162 113 122 113
122 122 122 122 122 122 122 122 122
122 131 131 127 119 159 119 162 132 113 122 122 126 122 119 137 119 122 126 122 131 131 127 122 119 122 152 122 126 119 162 113 122 132 127 122 127 119 131 122 122 138 152
119 119 119 119 119 119 119 119
119 119 119 119 119 119 119 119
118 118 118 118 118 118 118
119 119 162 119 113 113 113 113 113 119 119 162 119 162 119 132 162
118 118 118 118 118 118 118
119 118 119 118 118 118 128 118 119 119 119 118 119 119
119 118 119 119 119 118 119 118 118 118 127 127 119
126 122 126 124 124 126 126 124 126 122 126 126
118 118 118 118 118 118 118
118 118 118 118 118 118 118
122 122 122 122 122 122 122 122 122
113 118 152 127 118 127 113 118 118 118 113 152 113
113 113 125 113 125 125 125 119 113 125 124 124 124 131 113 125
118 118 118 118 118 118 118
125 118 118 125 125 119 125 119 118 119 119
126 126 126 126 126 126 126 126 126 126 126 126
118 118 118 118 118 118 118
152 152 122 113 113 152 113 113 113
155 155 155 155 155 155 155 155 155 155 155 155 155 155 155 155 155 155 155 155 155 155 155 155 155 155 155 155 155 155 155 155 155 155 155 155 155 155
162 162 128 118 162 113 162 162 113 162 113 113 113 162
162 152 152 125 162 162 162 152 152 152 152
124 113 113 162 113 113 113 162 162 162
118 118 118 118 118 118 118
118 162 162 118 118 118 118 118 162 132 118 118 118 118 162 118 118
119 119 119 119 119 119 119 119
152 152 152 152 118 152 152
118 118 118 118 118 118 118
118 118 152 152 124 118 152 118 118 118
119 119 119 119 119 119 119 119
125 125 125 133 133 125 128 125 128 125 125 124 128 133 125 125 133 125 142 128 128 124 128 142 128 139
118 118 118 118 118 118 118
118 118 118 118 118 118 118 118 118 118 118 118 127
118 118 118 118 118 118 118
118 118 118 118 118 118 118
162 162 162 122 162 162 162 162 162
162 162 118 122 113 124 137 118 124 122 162 122 122 162 118 122 122 118 113 113 122 122
162 152 152 113 162 118 113 118 113 113 152 162 162 113 162 118 113 152 113 113 113 113 152 113 113 118 151 113 162 162 152 113 113 113 162
162 119 113 119 113 132 119 119 119 162 119 162 113 119 162 113 113
128 128 128 128 128 128 128 128 128 128 128 128 128 128
118 118 118 126 118 118 118 118 118 126 118 118
118 118 118 118 118 118 118
113 118 162 126 122 118 113 119 162 162 119 119
119 119 119 119 119 119 119 119
162 152 152 162 119 152 162 162
119 119 119 119 119 119 119 119
124 124 124 124 124 124 124 124 124 124
122 122 122 122 122 122 122 122 122
113 124 124 124 124 113 124 113 124 128 124 124 113 128
119 119 119 119 119 119 119 119
124 124 124 124 124 124 124 124 124 124
129 118 118 129 129 133 133 133 129 118 129 129 129 133 129 129 129 129
122 122 122 122 122 122 122 122 122
126 126 126 126 126 126 126 126 126 126 126 126
162 142 162 162 113 162 113 113 152 113 162 113 162 162 162 113 152 162 152 162 162 113 113 162 113 113
125 125 125 122 118 125 138 122 122 125 122 118 122 118 138 125 122 118 125 118 122 125 125
126 113 126 113 113 126 118 118 122 118 113 113
118 118 118 118 118 118 118
119 119 162 162 113 118 162 119 119 119 125 137 113 162 162 118 118 118 118 119 162 119
122 122 122 122 122 122 122 122 122
122 122 122 122 122 122 122 122 122
118 118 118 118 118 118 118
119 119 119 119 119 119 119 119
113 113 113 113 113 113 113 113 113 113 113 113 131 113 113 113
155 155 155 155 155 155 159 155 155 155 155 155 155 155 113 113 155 155 155 155 118 155 155 155 113 155 155 155 155 155 155 156 155 155 155 155 155 155 155 155 155 155 113
125 118 113 119 125 125 119 119 122 119 113
162 162 152 152 162 119 162 152
162 118 162 141 162 141 162
118 118 152 118 118 124 118 118 152 152
118 118 118 118 118 118 118
162 119 152 162 162 162 152 152
118 118 118 118 118 118 118
119 119 119 119 119 119 119 119
118 118 118 118 118 118 118
118 118 118 118 118 118 118
137 128 128 124 128 137 128 124 128 128 124 124 128 124 124 128 124 128 128 128 124 128
162 141 162 162 162 118 141
162 113 113 118 135 113 118 113 162 118 119 122 118 124 118 113 113 122 118 113
124 124 124 124 124 124 124 124 124 124
118 118 118 118 118 118 118
119 119 119 119 119 119 119 119
118 118 118 118 118 118 118
131 122 131 119 131 119 131 126 119 113 122 131 119 126 144 131 127 113 131 119 113 131 127 127 113 126 119 127
119 119 119 119 119 119 119 119
118 118 118 118 118 118 118
162 122 162 162 162 162 162 162 162
87 122 162 122 152 118 118 118 122 141 87 134 85 122 122 152 118 85 122
162 122 162 122 127 122 122 122 122 122 162 122 162
119 119 119 119 119 119 119 119
119 118 118 118 118 125 118 162 162 162 113
126 126 124 124 124 135 124 124 126 126 124 126 126 124 126 135 126 126 126 124
128 128 128 128 128 128 128 128 128 128 128 128 128 128 128 128 128 128 128 128 128 128 128 128 128 143 128
155 155 155 155 155 155 155 155 155 155 155 155 155 155 119 155 155 155 155 155 155 119 155 155 119 155 155 119 155 155 155 155 155 155 119 119 155 155 155 155 119 155 155 161 155
118 118 118 118 118 118 118
124 124 124 124 124 124 124 124 124 124
113 125 113 113 113 113 113 113 113 113 113
124 118 124 162 118 118 162 118 118 162
118 118 118 118 118 118 118
118 118 118 118 118 118 118
122 122 122 113 122 113 122 122 162 113 113 133 162 122 162 113 162 122
113 162 113 162 119 119 113 118 124 118
162 162 118 141 162 162 141
119 162 162 162 162 162 162 119
113 162 113 162 113 113 124 162 162 113
122 122 118 122 122 118 118 122 122 128 122 128 118 118
118 118 118 118 118 118 118
119 119 162 119 119 126 162 162 119 119 162 119
162 162 162 113 113 162 162 162 162 162 113 162 162 133 113 162 162 113
113 122 113 113 113 113 122 122 122 122 122 122 122 128
118 118 118 118 118 118 118
127 118 118 118 118 118 118 118 118 118 118 118 118
118 118 118 118 118 118 118
124 124 124 124 124 124 124 124 124 124
162 152 162 162 162 152 152 119
122 122 122 122 122 122 122 122 122
162 113 118 139 162 118 113 118 118 162 162 83 162 118 118 162 113 83 83 162 162 83 113 113
152 162 162 119 162 152 162 152
162 152 152 162 162 162 152 119
128 128 128 128 128 128 128 128 128 128 128 128 128 128
128 128 162 162 138 128 162 113 162 113 128 128 128 113 128 128 113 128 128 113 128 128 128
126 126 126 126 126 126 126 126 126 126 126 126
122 162 118 118 118 118 122 162 122
162 152 119 162 152 162 162 152
119 119 119 119 119 119 119 119
122 122 122 122 122 122 122 122 122
122 122 122 122 122 122 122 122 122
118 118 118 118 118 118 118
119 119 119 119 119 119 119 119
113 133 122 122 122 122 118 113 124 113 122 113 122 122 113 113 113 124
119 119 119 119 119 119 119 119
148 148 148 148 148 148 148 148 148 148 148 148 148 148 148 148 148 148 148 148 148 148 148 148 148 148 148 148 148 148 148 148
148 148 148 148 148 148 148 148 148 148 148 148 148 148 148 148 148 148 148 148 148 148 148 148 148 148 148 148 148 148 148 148
118 118 118 118 118 118 118
124 124 124 124 124 124 124 124 124 124
152 152 113 113 122 113 152 113 113
122 122 122 122 122 122 122 122 122
113 113 113 113 125 113 113 113 113 113 113
119 119 119 119 119 119 119 119
118 118 118 118 118 118 118
113 118 118 113 113 118 113 113 113 113 113 118 132 113 118 113 118
122 122 122 122 122 122 122 122 122
118 118 118 118 118 118 118
118 118 118 118 118 118 118
118 118 118 118 118 118 118
118 118 118 118 118 118 118
119 119 119 119 119 119 119 119
119 119 119 152 125 152 119 119 119 119 152
118 162 124 124 162 118 118 118 118 162
113 113 113 113 113 124 113 113 124 113
148 148 148 148 148 148 148 148 148 148 148 148 148 148 148 148 148 148 148 148 148 148 148 148 148 148 148 148 148 148 148 148
118 118 118 118 118 118 118
162 162 162 113 128 113 113 162 162 162 113 113 162 162
113 124 113 113 124 113 113 113 113 113
113 113 125 113 113 113 113 113 113 113 113
118 118 118 118 118 118 118
113 162 162 113 113 113 162 124 162 113
113 162 124 162 113 113 113 162 162 113
113 113 113 113 113 113 162 113 152 113 119 162 113 152 113 152 133 113
119 119 119 119 119 119 119 119
133 133 134 134 133 133 135 133 133 148 133 133 133 133 133 133 148 133 133 133 148 133 148 133 133 133 133 133 133 133 133 133
118 118 118 118 118 118 118
118 118 118 118 118 118 118
119 119 119 119 119 119 119 119
118 118 118 118 118 118 118
152 113 113 113 113 113 128 113 113 152 113 113 152 113
118 118 118 118 118 118 118
118 118 118 113 113 113 118 118 113 118 113 126
118 118 118 118 118 118 118
162 152 162 119 152 152 162 162
162 113 113 162 162 128 162 113 162 113 162 162 113 162
118 162 118 125 118 118 162 162 118 162 118
119 119 119 119 119 119 119 119
118 133 126 126 126 118 126 126 118 126 126 126 126 118 118 126 126 118
118 118 118 118 118 118 118
118 118 118 118 118 118 118
119 119 119 119 119 119 119 119
119 122 122 122 118 122 118 124 118 122 122 122 118 118 129
118 118 119 118 127 118 118 118 119 118 124 118 119
118 118 118 118 118 118 118
118 162 118 162 162 118 118 118 162 118 125
125 125 125 125 125 125 125 125 125 125 125
152 152 152 152 118 152 152
118 118 118 118 118 118 118
129 129 129 129 129 129 129 129 129 129 129 129 129 129 129
122 122 122 122 122 122 122 122 122
133 133 133 133 133 133 133 133 133 133 133 133 133 133 133 133 133 133
118 118 118 118 118 118 118
162 162 162 162 122 162 162 162 162
119 119 119 119 119 119 119 119
113 125 113 113 113 113 113 113 113 113 113
118 113 113 113 132 132 113 113 118 113 113 113 113 122 113 113 113
118 118 118 118 118 118 118
124 124 124 124 124 124 124 124 124 124
162 162 119 119 162 162 162 119 162 119 162 162 119 119 131 119
122 122 122 122 122 122 122 122 122
118 118 118 118 118 118 118
118 152 118 152 118 118 152 118 124 118
119 119 119 119 119 119 119 119
146 146 146 146 146 146 146 146 146 146 146 146 146 146 146 146 146 146 146 146 146 146 146 146 146 146 146 146 146 146
148 148 148 148 148 148 148 148 148 148 148 148 148 148 148 148 148 148 148 148 148 148 148 148 148 148 148 148 148 148 148 148
119 119 119 119 119 119 119 119
162 162 119 162 131 162 119 119 162 119 119 162 162 119 162 119
126 126 126 126 126 126 126 126 126 126 126 126
118 118 118 118 118 118 118
124 118 118 118 152 118 152 152 118 118
124 113 113 113 162 113 162 162 113 162
118 118 118 118 118 118 118
118 118 118 118 118 118 118
119 119 119 119 119 119 119 119
118 152 113 162 162 162 162 152 162 118 133 118 152 118 162 119 162 118
113 162 113 162 113 162 162 162 162 162 162 113 162 162 162 133 113 162
119 152 119 152 119 119 152 119 152 152 152 119 128 119
119 119 119 119 119 119 119 119
152 152 152 152 152 152 118
113 113 113 119 162 113 118 113 113 155 113 118 118 113 118 113 118 118 162 162 162 113 118 162 162 118 118 113 118 162 113 119 113 162 162 113 113 162
118 118 118 118 118 118 118
122 122 122 122 122 122 122 122 122
118 118 118 118 118 118 118
118 118 118 118 118 118 118
162 118 162 162 118 162 118
118 118 118 118 118 118 118
146 152 146 146 146 146 146 152 146 146 146 146 149 146 146 146 146 146 146 146 146 146 146 146 146 152 146 146 146 146 146 146 146
122 122 122 122 122 122 122 122 122
126 118 118 113 118 113 118 118 113 113 113 118
113 113 113 113 113 113 113 125 113 113 113
147 147 147 147 147 147 147 147 147 147 147 147 147 147 147 147 147 147 147 147 147 147 147 147 147 147 147 147 147 147 147
113 113 162 162 113 162 124 113 113 162
113 113 119 113 113 141 113 141
122 162 113 113 122 162 162 113 113
124 113 113 162 113 113 113 162 162 162
118 118 118 118 118 118 118
162 162 162 162 162 162 162 113 162 162 162 162 162 162 113 152 162 162 162 162 152 118 138
162 113 135 162 118 118 162 118 118 162 118 162 118 162 118 113 122 113 162 162
118 118 118 118 127 118 118 118 118 118 118 118 118
118 118 118 118 118 118 118
118 162 122 122 162 162 162 118 122 162 118 118 162 122 162 122 162 162 118 143 162 118 162 122 122 162 122
119 119 119 119 119 119 119 119
118 118 118 118 118 118 118
162 162 119 152 152 162 152 162
119 125 133 125 125 119 125 119 125 119 119 125 125 119 125 125 119 125
118 118 118 118 118 118 118
162 152 141 162 162 152 162 162 122
119 119 119 119 119 119 119 119
118 118 118 118 118 118 118
162 113 113 162 113 162 124 113 113 162
152 152 152 152 162 152 152 162 162 162 125
122 122 122 122 122 122 122 122 122
118 118 118 118 118 118 118
162 122 118 118 162 113 122 124 118 122 162 122 162 113 122 118 118 118 118 139 113 122 113 122
113 113 113 113 113 113 125 113 113 113 113
118 118 118 118 118 118 118
162 162 113 162 162 152 152 152 113 162 162 113 132 162 162 113 113
119 113 119 162 119 152 119 119 113 152 162 113 113 162 152 119 113 135 162 119
118 118 118 118 118 118 118
118 118 118 118 118 118 118
133 133 162 133 133 133 133 133 133 133 162 133 162 133 133 133 133 137 162 133 133 133
118 118 118 118 118 118 118
148 148 148 148 148 148 148 148 148 148 148 148 148 148 148 148 148 148 148 148 148 148 148 148 148 148 148 148 148 148 148 148
118 118 118 118 118 118 118
118 118 118 118 118 118 118
152 152 113 113 113 122 152 113 113
162 118 113 113 162 113 113 118 113 113 125 162 113 118 113 113 113 118 139 124 113 162 118 113
118 118 118 118 118 118 118
119 119 119 119 119 119 119 119
119 119 119 119 119 119 119 119
162 113 118 113 113 113 113 118 162 131 162 118 113 118 118 119
119 119 119 119 119 119 119 119
118 113 118 113 126 118 113 113 118 118 113 118
118 118 118 118 118 118 118
113 113 118 118 113 113 124 113 113 124
118 118 118 118 118 118 118
118 118 118 118 118 118 118
113 162 128 113 113 162 113 113 113 122 113 113 113 162
119 119 119 119 113 113 113 126 119 119 119 119 119 119 134 113 119 119 119
113 113 125 113 113 113 113 113 113 113 113
119 162 162 152 152 152 162 162
148 150 148 147 148 147 148 157 147 148 147 148 147 147 147 148 148 148 148 148 147 147 148 148 147 148 150 157 148 148 147 150 148 116 147 148 150 147 150 147 148 148 148 148 157 148 147 116 150 148 147 147 150 147 150 116 147 148 148 147
118 118 118 118 118 118 118
113 113 113 113 125 113 113 113 113 113 113
118 118 118 118 118 118 118
118 118 118 118 118 118 118
118 118 118 118 118 118 118
162 122 162 162 162 113 113 113 131 162 152 152 113 162 152 162
113 118 118 113 118 118 118 118 113 113 113 113 118 118 137 113 118 113 113 118 118 125
124 124 129 124 113 124 124 113 113 124 113 124 124 124 113
162 119 126 162 162 119 119 119 162 119 119 119
124 119 119 119 119 124 113 119 124 142 162 113 113 124 124 124 162 124 124 162 162 113 124 113 119 119
118 118 118 118 118 118 118
146 147 147 148 148 148 147 147 148 146 147 148 132 146 148 159 132 147 147 146 148 146 159 146 123 146 148 148 148 148 148 148 148 146 147 148 110 146 147 132 146 147 148 146 114 132 148 146 146 132 146 148 110 114 148 148 148 132 132 148 132 120 132 148 148 110 148 116 146 117 110 147 110 147 132 114 148 147 146 134 146 159 148 110 147 110 147 148 132
118 118 118 118 118 118 118
113 113 124 162 113 162 113 162 162 113
125 125 125 125 125 125 125 125 125 125 125
122 122 122 122 122 122 122 122 122
152 162 162 152 152 118 162 118 113 119 152 162 118 162 136 162 118 152 118 162 152
113 128 113 128 124 124 113 124 124 124 124 124 124 113
113 113 119 113 119 119 133 113 119 113 113 113 119 113 113 113 119 119
118 118 118 118 118 118 118
118 118 118 118 118 118 118
118 118 118 118 118 118 118
119 119 119 119 119 119 119 119
113 119 126 119 126 113 119 119 119 113 113 119
147 147 147 147 147 147 147 147 147 147 147 147 147 147 147 147 147 147 147 147 147 147 147 147 147 147 147 147 147 147 147
129 129 129 129 129 129 129 129 129 129 129 129 129 129 129
133 133 134 134 133 133 135 133 133 148 133 133 133 133 133 133 148 133 133 133 148 133 148 133 133 133 133 133 133 133 133 133
152 113 152 152 113 113 134 113 113 113 113 113 113 113 113 113 113 113 113
118 118 118 162 162 113 118 118 162 113 162 118 113 131 113 113
118 118 118 118 118 118 118
132 147 148 132 147 147 147 147 147 147 134 159 147 132 147 147 132 147 132 132 147 147 132 147 147 147 147 148 159 132 147 147 147 132 132 159 159 147 147 147 159 147 132
125 118 162 118 113 162 162 118 113 118 162 129 113 118 113
118 118 118 118 118 118 118
118 118 118 118 118 118 118
113 113 122 113 152 113 152 152 113
122 122 122 122 122 122 122 122 122
118 118 118 118 118 118 118
162 162 162 162 162 162 122 162 162
133 133 133 124 138 133 138 133 133 138 133 124 138 138 133 133 133 124 133 124 124 133 133
118 118 118 118 118 118 118
118 118 118 118 118 118 118
122 122 122 122 122 122 122 122 122
118 118 118 118 118 118 118
118 118 118 118 118 118 118
132 132 132 132 132 132 132 132 132 132 132 132 132 132 132 132 132
118 118 118 118 118 118 118
113 113 124 162 113 162 113 162 162 113
119 119 113 113 126 119 119 119 126 113 113 119
113 118 113 126 118 162 113 113 113 118 113 119 118 133 118 162 113 118
162 124 162 124 124 124 162 124 124 124 162 128 124 124
113 113 113 113 113 113 113 113 113 125 113
113 113 113 113 113 113 113 113 125 113 113
132 132 132 132 132 132 132 132 132 132 132 132 132 132 132 132 132
125 118 162 118 162 118 118 118 118 162 162
148 148 148 148 148 148 148 148 148 148 148 148 148 148 148 148 148 148 148 148 148 148 148 148 148 148 148 148 148 148 148 148
132 132 132 132 132 132 132 132 132 132 132 132 132 132 132 132 132
113 113 113 162 162 113 162 124 162 113
118 118 118 118 118 118 118
118 118 118 118 118 118 118
118 118 118 118 118 118 118
113 113 113 113 162 162 124 113 162 162
113 113 147 147 147 147 147 147 147 147 113 147 147 113 113 113 147 147 147 113 147 147 113 147 113 147 147 147 163 147 147 113 147 147 147 113 147 147 147 147 113 147 113 113 113 147
124 124 124 125 125 125 124 124 125 124 125 125 124 135 125 124 125 124 125 125
124 113 113 113 113 124 113 113 113 113
118 118 118 118 118 118 118
118 118 118 118 118 118 118
113 118 113 118 113 118 118 113 113 113 132 113 113 118 118 113 113
118 113 113 113 113 113 113 113 118 113 131 113 113 113 113 113
152 122 137 152 162 152 122 118 118 162 122 122 118 122 118 122 118 162 122 162 118 122
113 125 113 113 113 113 113 113 113 113 113
118 118 118 118 118 118 118
152 113 113 122 152 113 152 113 113
118 118 118 118 118 118 118 127 118 118 118 118 118
113 113 162 162 119 162 162 162 162 138 113 118 118 162 118 124 113 113 118 113 162 162 162
118 162 118 162 162 118 125 118 118 118 162
113 119 118 119 118 113 118 113 113 119 118 118 119 119 119 118 119 119 134
119 122 118 118 119 128 118 119 119 118 119 119 118 119
122 122 122 122 122 122 122 122 122
118 118 118 118 118 118 118
118 118 118 118 118 118 118
146 147 147 146 147 147 147 146 110 110 147 147 146 146 146 147 147 146 147 110 146 147 110 146 147 110 147 146 110 147 147 147 146 147 147 147 146 150 110 146 147 110 146 147 110 110 146 146 147 146 147
119 119 119 119 119 119 119 119
118 118 118 118 118 118 118
113 133 113 119 113 113 119 113 113 119 113 118 113 122 119 119 113 119
162 113 113 162 113 162 113 162 124 113
119 119 119 119 119 119 119 119
162 118 162 162 152 118 152
162 162 119 113 162 113 113 162 162 113 113 113 153 152 113 162 113 113 113 113 113 113 113 113 113 113 162 152 113 113 162 113 113 113 113 113
146 146 146 146 146 146 146 146 146 146 146 146 146 146 146 146 146 146 146 146 146 146 146 146 146 146 146 146 146 146
133 133 133 133 133 133 133 133 133 133 133 133 133 133 133 133 133 133
132 132 132 132 132 132 132 132 132 132 132 132 132 132 132 132 132
113 119 119 119 133 113 119 113 113 119 113 113 113 119 113 113 119 113
125 162 118 118 118 162 118 162 162 118 118
162 129 118 129 162 129 129 129 118 129 129 162 129 118 129 145 129 162 129 118 129 162 162 129 118 162 118 129 162
113 118 118 118 113 126 118 118 118 113 113 113
118 118 118 118 118 118 118
118 118 118 118 118 118 118
118 118 118 118 118 118 118
113 152 113 162 162 118 162 162 113 113 162 118 113 113 113 162 162 113 143 113 113 152 113 113 152 162 113
113 122 152 152 152 113 113 113 113
124 124 124 124 124 124 124 124 124 124
118 118 118 118 118 118 118
124 124 124 124 124 124 124 124 124 124
125 84 113 113 113 113 84 84 84 113 113
118 118 118 118 118 118 118
125 162 118 118 162 118 162 118 162 118 118
152 162 162 119 162 152 162 152
118 113 118 118 132 118 113 118 118 113 119 113 113 113 113 113 113
118 118 118 118 118 118 118
122 122 122 122 122 122 122 122 122
118 118 118 118 118 118 118
118 118 118 118 118 118 118
113 152 141 152 152 113 113 113 125 113 162
118 118 118 118 118 118 118
118 118 118 118 118 118 118
125 118 118 162 162 118 118 162 118 118 162
119 119 152 119 119 119 152 125 152 119 119
122 122 122 122 122 122 122 122 122
118 118 118 118 118 118 118
129 113 113 162 162 113 113 113 113 162 113 113 113 113 162
146 146 146 146 146 146 146 146 146 146 146 146 146 146 146 146 146 146 146 146 146 146 146 146 146 146 146 146 146 146
119 119 119 119 119 119 119 119
118 118 118 118 118 118 118
113 122 122 122 128 124 113 122 118 122 113 113 122 122
119 119 119 119 119 119 119 119
118 118 118 118 118 118 118
119 113 113 119 119 126 119 119 113 119 113 126
118 118 118 118 118 118 118
128 113 162 113 113 162 162 162 113 162 162 162 113 162
152 118 152 152 152 152 152
162 113 113 152 113 152 113 152 162 162 127 113 162
118 113 113 118 113 113 113 125 113 113 113
119 119 119 119 119 119 119 119
118 118 118 118 118 118 118
119 113 113 119 119 126 119 119 113 119 113 126
113 113 113 113 113 113 113 113 125 113 113
118 118 118 118 118 118 118
119 119 119 119 119 119 119 119
162 162 152 113 162 136 162 162 162 113 162 162 113 162 162 113 152 113 162 162 152
118 118 118 118 118 118 118
118 118 118 118 118 118 118
118 118 118 118 118 118 118
162 113 162 113 113 124 162 162 113 113
118 118 118 118 118 118 118
113 118 118 118 118 113 113 126 113 118 113 118
113 113 152 118 162 113 113 162 126 152 162 113
119 119 152 119 119 125 152 119 152 119 119
113 124 113 113 128 118 118 118 118 125 118 118 118 128
118 118 118 118 118 118 118
118 118 118 118 118 118 118
119 119 119 119 119 119 119 119
146 146 146 146 146 146 146 146 146 146 146 146 146 146 146 146 146 146 146 146 146 146 146 146 146 146 146 146 146 146
118 118 118 118 118 118 118
122 122 122 122 122 122 122 122 122
118 118 118 118 118 118 118
113 113 113 113 113 113 113 125 113 113 113
119 119 119 119 119 119 119 119
118 118 127 118 118 118 118 118 118 118 118 118 118
118 118 118 118 118 118 118
119 119 119 119 119 119 119 119
129 129 129 129 129 129 129 129 129 129 129 129 129 129 129
118 118 118 118 118 118 118
119 119 119 119 119 119 119 119
118 118 118 118 118 118 118
125 125 125 125 125 125 125 125 125 125 125
152 152 118 118 113 118 113 152 128 118 113 125 113 118
118 118 118 118 118 118 118
118 118 118 118 118 118 118
162 162 162 119 162 119 162 162
124 124 124 124 124 124 124 124 124 124
118 118 118 118 118 118 118
113 113 119 113 119 113 119 119 119 113 127 119 119
146 147 147 146 147 147 147 146 110 110 147 147 146 146 146 147 147 146 147 110 146 147 110 146 147 110 147 146 110 147 147 147 146 147 147 147 146 150 110 146 147 110 146 147 110 110 146 146 147 146 147
113 113 113 113 113 113 113 113 125 113 113
133 133 133 133 133 133 133 133 133 133 133 133 133 133 133 133 133 133
162 152 152 119 152 162 162 162
119 119 119 119 119 119 119 119
118 118 118 118 118 118 118
125 125 162 162 119 119 119 119 119 162 119
124 124 124 124 124 124 124 124 124 124
118 118 118 118 118 118 118
119 119 119 119 119 119 119 119
113 113 113 129 162 162 113 162 113 113 162 113 113 113 113
113 113 118 113 118 118 118 125 113 118 125
124 113 113 162 113 113 162 162 162 113
118 118 118 118 118 118 118
118 118 118 118 118 118 118
119 119 119 119 129 119 119 119 119 119 119 119 119 119 119
162 162 113 113 162 124 113 113 162 113
162 162 162 125 152 152 152 152 162 152 152
118 118 118 118 118 125 162 162 118 162 162
119 119 119 119 119 119 119 119
118 118 118 118 118 118 118
125 162 118 118 118 162 118 118 162 162 118
119 119 119 119 119 119 119 119
162 162 122 162 162 162 162 162 162
113 162 162 113 124 162 113 162 113 113
118 118 118 118 118 118 118
118 118 118 118 118 118 118
124 124 124 124 124 124 124 124 124 124
129 129 129 129 129 129 129 129 129 129 129 129 129 129 129
124 124 124 124 124 124 124 124 124 124
118 118 118 118 118 118 118
113 113 119 162 113 122 113 119 113 113 113 113 162 125 119 122 113 162 113 113 113 119 113 113 142 119
118 118 118 118 118 118 118
133 133 133 133 133 133 133 133 133 133 133 133 133 133 133 133 133 133
162 162 162 118 162 152 152 162 162 162 152 152 128 152
113 152 113 113 118 118 113 152 118 113 152 143 113 162 113 113 152 118 152 118 162 113 162 118 113 152 162
162 113 113 162 162 162 113 162 162 128 162 113 162 113
119 119 119 119 119 119 119 119
119 119 119 119 119 119 119 119
122 113 113 113 152 152 152 113 113
119 119 119 119 119 119 119 119
122 122 122 122 122 122 122 122 122
118 118 118 118 118 118 118
113 113 152 152 152 113 122 113 113
118 118 118 118 118 118 118
119 119 119 119 119 119 119 119
119 119 119 119 119 119 119 119
133 147 133 147 164 147 147 133 147 147 33 32 57 147 63 133 133 147 133 63 147 147 133 63 147 147 147 147 164 57 147 133 147 147 147 57 133 57 147 133 147 147 57 63 133 147 147
118 118 118 118 118 118 118
122 122 122 122 122 122 122 122 122
118 118 118 118 118 118 118
118 118 118 118 118 118 118
113 113 113 113 119 141 141 113
133 133 133 133 133 133 133 133 133 133 133 133 133 133 133 133 133 133
118 118 118 118 118 118 118
133 133 133 133 133 133 133 133 133 133 133 133 133 133 133 133 133 133
113 113 113 162 162 122 113 122 162
126 126 126 126 126 126 126 126 126 126 126 126
118 118 118 118 118 118 118 118 118 127 118 118 118
113 162 113 136 118 113 162 113 118 162 162 162 113 113 162 162 113 113 113 113 118
124 146 147 124 147 146 147 147 147 146 110 110 147 147 146 146 146 147 147 124 146 124 147 110 146 124 124 147 110 146 147 124 115 147 146 115 147 147 147 146 147 147 147 146 150 110 146 147 110 146 147 110 110 146 146 147 146 147 124
119 119 119 119 119 119 119 119
129 129 129 129 129 129 129 129 129 129 129 129 129 129 129
113 162 113 113 124 113 113 162 162 162
118 118 118 118 118 118 118
118 118 118 118 118 118 118
118 162 113 162 113 113 135 132 113 113 118 162 113 113 113 113 122 113 122 113
124 129 113 113 124 113 113 124 124 124 124 124 124 113 124
122 122 122 122 122 122 122 122 122
125 113 113 113 113 113 113 113 113 113 113
118 118 118 118 118 118 118
126 126 126 126 126 126 126 126 126 126 126 126
129 129 129 129 129 129 129 129 129 129 129 129 129 129 129
146 146 146 146 146 146 146 146 146 146 146 146 146 146 146 146 146 146 146 146 146 146 146 146 146 146 146 146 146 146
124 124 124 124 124 124 124 124 124 124
124 113 113 162 162 113 113 162 162 113
118 152 118 118 124 152 118 118 152 118
113 118 113 113 113 132 113 118 113 118 113 113 118 113 118 113 118
129 146 129 146 129 159 146 129 146 146 146 146 129 146 146 129 146 129 146 129 146 129 146 146 129 146 129 129 146 146 146 146 146 146 146 159 146 146 146 146 129 146 146
162 152 119 162 152 152 162 162
118 118 118 118 118 118 118
119 119 119 126 162 162 162 162 119 119 119 119
152 124 152 152 152 152 152 152 152 152
118 118 118 118 118 118 118
118 118 118 118 118 118 118
113 113 113 162 113 162 162 113 124 162
119 119 119 119 119 119 119 119
118 118 118 118 118 118 118
113 125 113 113 113 113 113 113 113 113 113
162 118 113 113 162 118 118 162 113 162 162 118 113 162 113 113 162 113 113 113 162 162 113 113 113 113 162 118 162 118 162 113 113 150
113 152 113 152 122 113 113 113 152
124 162 113 113 113 113 113 162 162 162
119 119 119 119 119 119 119 119
146 147 147 146 147 147 147 146 110 110 147 147 146 146 146 147 147 146 147 110 146 147 110 146 147 110 147 146 110 147 147 147 146 147 147 147 146 150 110 146 147 110 146 147 110 110 146 146 147 146 147
162 118 162 125 118 162 118 162 118 118 118
118 118 118 118 118 118 118
162 162 162 162 162 162 162 162 122
148 148 148 148 148 148 148 148 148 148 148 148 148 148 148 148 148 148 148 148 148 148 148 148 148 148 148 148 148 148 148 148
113 113 113 126 113 118 118 118 118 113 118 118
113 122 113 113 113 113 122 122 113
118 118 118 118 118 118 118
122 122 122 122 122 122 122 122 122
118 118 118 118 118 118 118
113 113 118 113 162 122 122 162 113
118 118 118 118 118 118 118
162 113 162 133 113 113 113 113 113 113 113 113 113 152 152 152 162 162
118 118 118 118 118 118 118
122 122 122 122 122 122 122 122 122
118 118 118 118 118 118 118
119 119 119 119 119 119 119 119
132 132 132 132 132 132 132 132 132 132 132 132 132 132 132 132 132
162 124 113 113 162 113 113 162 113 162
133 113 122 162 118 118 122 122 122 162 122 118 113 122 162 122 113 122
113 124 113 113 113 124 113 113 113 113
133 132 129 138 132 132 133 134 165 134 132 129 133 129 133 129 133 129 129 133 129 132 133 132 129 133 133 129 138 129 129 129 133 133 132 132 133 132 129 132 134 134 129 134 133 133 133 132
162 162 134 125 126 125 162 125 162 113 125 162 162 162 125 125 125 125 125
133 133 133 133 133 133 133 133 133 133 133 133 133 133 133 133 133 133
122 122 122 122 122 122 122 122 122
113 113 113 113 113 113 113 113 113 113 125
146 147 147 146 147 147 147 146 110 147 147 147 146 146 146 147 147 146 147 110 146 147 110 146 147 110 147 146 110 147 147 110 146 147 147 147 146 150 110 146 147 110 146 147 110 110 146 146 147 146 147
113 113 113 113 113 125 113 113 113 113 113
113 162 113 113 162 113 162 124 162 113
118 118 118 118 118 118 118
113 124 113 128 128 124 113 124 124 124 124 124 124 113
118 118 113 118 113 136 118 118 118 118 118 118 152 152 152 118 118 113 119 113 118
118 162 162 118 162 118 118
113 134 122 118 122 128 118 113 113 113 122 122 118 113 118 122 122 118 122
122 122 113 122 128 113 122 113 122 113 122 122 122 113
118 118 118 118 118 118 118
133 133 133 162 133 162 133 162 133 133 133 133 133 133 133 162 133 133 133 133 137 133
113 126 113 118 118 118 113 118 113 118 113 118
152 113 113 113 162 113 113 118 113 113 113 113 113 162 113 113 152 113 162 138 113 113 152
119 119 119 119 119 119 119 119
118 162 118 162 118 162 162
122 122 162 122 129 122 122 162 162 162 162 125 122 162 125
162 118 124 118 118 124 162 118 162 118
133 133 133 133 133 133 133 133 133 133 133 133 133 133 133 133 133 133
118 118 118 118 118 118 118
118 113 113 126 118 113 118 113 118 113 118 118
113 124 162 113 162 162 162 113 113 113
118 118 118 118 118 118 118
118 118 118 118 118 118 118
118 118 118 118 118 118 118
152 113 113 152 113 152 113 122 113
148 148 148 148 148 148 148 148 148 148 148 148 148 148 148 148 148 148 148 148 148 148 148 148 148 148 148 148 148 148 148 148
122 122 122 122 122 122 122 122 122
118 162 162 118 118 125 162 118 162 118 118
162 162 162 162 152 162 162 162 152 126 152 162
113 113 119 119 113 113 113 119 127 119 119 119 119
113 113 125 113 113 113 113 113 113 113 113
162 113 122 122 113 113 113 162 162
124 124 124 124 124 124 124 124 124 124
118 126 113 113 113 118 118 113 118 113 118 118
119 119 119 119 119 119 119 119
113 122 126 118 118 118 118 118 118 113 113 118
118 126 118 126 132 113 126 126 118 113 122 113 113 113 113 126 118 126 157 113 113 122 126 126 113 118 113 113 113 126 113 113 113 126 113 113 113 118 113 118
118 118 118 118 118 118 118
113 113 162 113 113 162 113 124 162 162
162 118 118 118 162 162 162 118 118 125 118
118 118 118 118 118 118 118
113 113 113 125 113 113 113 113 113 113 113
152 152 162 119 162 152 162 162
118 118 118 118 118 118 118
119 113 113 113 119 113 113 113 113 118 113 113 113 113 119 113 113 119 113 113 113 119 118 125 113 119 119 150 113 113 118 113 119 119
133 133 147 151 118 133 147 147 147 112 118 133 147 147 135 133 133 147 147 133 133 147 118 133 133 147 147 133 135 133 118 147 147 147 151 147 118 133 147 147 147 147 147 118 147 147 147 135 147 147 147 147 135 147
113 122 113 113 113 113 113 122 113 113 113 113 113 128
113 113 113 113 113 113 113 113 113 113 125
148 148 148 148 148 148 148 148 148 148 148 148 148 148 148 148 148 148 148 148 148 148 148 148 148 148 148 148 148 148 148 148
118 118 118 118 118 118 118
162 162 113 113 162 124 113 162 113 113
118 118 118 118 118 118 118
118 118 118 118 118 118 118
119 119 119 119 119 119 119 119
118 119 119 119 118 118 118 119 128 119 118 119 119 118
133 72 133 94 126 150 133 126 150 70 133 89 125 91 150 126 24 126 127 150 93 126 93 125 150 81 126 133 126 27 93 55 134 125
162 122 162 122 119 122 162 162 118 122 162 162 122 122 122 135 122 118 122 162
125 125 125 125 125 125 125 125 125 125 125
128 128 128 128 128 128 128 128 128 128 128 128 128 128
125 125 125 125 125 125 125 125 125 125 125
125 125 152 125 152 125 125 125 125 125 125 125 128 152
126 126 126 126 126 126 126 126 126 126 126 126
124 124 124 124 124 124 124 124 124 124
119 119 119 119 119 119 119 119
118 113 118 118 118 118 113
122 122 122 122 122 122 122 122 122
125 125 125 125 125 125 125 125 125 125 125
132 132 132 132 132 132 132 132 132 132 132 132 132 132 132 132 132
119 119 119 119 119 119 119 119
87 129 129 124 124 124 87 124 122 88 88 129 129 122 122
119 119 119 119 119 119 119 119
135 135 135 135 135 135 135 135 135 135 135 135 135 135 135 135 135 135 135 135
119 119 119 119 119 119 119 119
119 119 119 119 119 119 119 119
125 125 125 125 125 125 125 125 125 125 125
162 113 113 124 162 113 162 162 113 113
135 135 136 128 135 140 129 140 135 135 140 135 135 140 140 135 128 135 140 135 140 140 128 140 128
118 118 118 118 118 118 118
118 118 118 118 118 118 118
122 122 122 122 122 122 122 122 122
122 162 162 162 162 162 162 162 162
122 122 122 122 122 122 122 122 122
119 119 119 119 119 119 119 119
118 118 118 118 118 118 118
118 118 118 118 118 118 118
118 118 118 118 118 118 118
122 124 124 124 122 124 124 124 124 124
124 124 124 124 124 124 124 124 124 124
122 122 122 122 122 122 122 122 122
119 119 119 119 119 119 119 119
125 125 125 125 125 125 125 125 125 125 125
133 6 4 67 132 107 133 133 79 119 132 133 132 79 51 122 51 133 133 133 159 133 132 119 119 119 133 133 64 133 122 119 132 45 132 132 64 108 122 12 108 133 133
135 135 133 119 44 133 128 132 36 135 13 106 132 0 132 13 133 106 61 119 135 135 103 119 135 31 127 25 128 165 132 38 38 58 132 0 135 133 113 132 118 112 132 38 0 118 0 128 39 71 25 0 133 10
162 125 152 127 125 122 162 127 152 125 127 127 162 127 152 162 122 127 135 125
118 118 118 118 118 118 118
122 122 122 122 122 122 122 122 122
132 125 125 125 125 122 122 122 125 122 122 125 132 122 125 132 125
134 134 134 134 134 134 134 134 134 134 134 134 134 134 134 134 134 134 134
126 126 126 126 126 126 126 126 126 126 126 126
118 118 118 118 118 118 118
124 124 162 162 127 124 124 127 124 162 124 124 124
118 118 118 118 118 118 118
135 135 133 139 133 135 134 133 135 134 133 133 135 135 135 134 147 147 147 147 135 135 133 135 147 147 135 135 134 147 133
119 119 119 119 119 119 119 119
118 118 118 118 118 118 118
119 119 118 119 119 113 119 118
162 113 118 118 113 118 118
122 122 122 122 122 122 122 122 122
118 118 118 118 118 118 118
119 119 119 119 119 119 119 119
119 119 119 119 119 129 119 119 119 119 119 119 119 119 119
124 124 119 119 118 124 119 124 124 118
119 119 119 119 119 119 119 119
125 118 118 118 125 125 118 125 125 125 132 118 125 125 125 118 125
122 122 122 122 122 122 122 122 122
125 127 125 125 129 149 19 129 125 25 119 118 22 49 129 125 54 129 125 125 129 125 147 125 125 125 127 118 129 125 129 22 151 125 119
119 162 119 162 119 119 119 162 119 126 162 119
122 122 122 122 122 122 122 122 122
124 152 118 152 118 118 118 118 152 118
119 119 119 119 119 119 119 119
113 122 119 122 122 119 122 122 113 119 119 122 136 119 122 119 113 113 119 122 113
122 122 122 122 122 122 122 122 122
132 132 132 132 132 132 132 132 132 132 132 132 132 132 132 132 132
124 124 162 162 127 124 124 127 124 162 124 124 124
118 118 118 118 118 118 118
126 126 126 126 126 126 126 126 126 126 126 126
118 118 118 118 118 118 118 118 118 118 118 118 127
119 162 113 126 162 119 113 113 119 162 113 162
126 126 138 127 126 126 127 126 126 126 126 126 126 126 126 126 126 126 128 126 126 126 126
113 118 118 126 118 113 118 113 118 113 113 118
119 119 119 119 119 119 119 119
118 118 128 118 122 122 122 122 118 128 122 122 118 122
128 122 122 122 122 122 122 128 128 122 128 122 122 122
119 131 131 125 124 119 124 124 125 119 124 119 124 125 119 125
127 124 124 124 136 128 124 124 124 124 124 124 124 124 124 113 124 113 124 124 127
118 118 118 118 118 118 118
119 119 119 119 119 119 119 119
152 118 128 124 132 152 124 118 118 124 124 124 152 128 118 124 124
119 119 119 119 119 119 119 119
119 119 119 119 119 119 119 119
126 122 122 122 122 118 122 122 118 118 126 122 129 122 122
122 122 122 122 122 122 122 122 122
122 122 122 122 122 122 122 122 122
119 122 126 122 122 119 126 126 126 119 126 122
162 162 152 162 162 119 152 152
122 122 122 122 122 122 122 122 122
118 118 113 113 118 127 113 113 119 118 118 127 119
122 122 122 122 122 122 122 122 122
128 128 128 128 128 128 128 128 128 128 128 128 128 128
119 119 119 119 119 119 119 119
119 119 119 119 119 122 119 119 122 119 119 119 119 119 119 119 119 137 119 119 119 119
113 113 126 118 113 118 113 118 162 113 113 113
119 119 118 118 119 127 127 118 118 119 119 119 118
152 118 118 118 118 152 152 118 124 118
118 118 118 118 118 118 118
122 113 113 113 113 128 122 122 122 122 122 122 122 113
118 118 118 118 127 118 118 118 118 118 118 118 118
119 119 119 119 119 119 119 119
124 124 124 124 124 124 124 124 124 124
125 125 125 125 125 125 125 125 125 125 125
113 162 118 118 118 113 118
118 118 118 118 118 118 118
119 119 119 119 133 125 118 118 119 119 125 119 119 119 119 118 125 119
135 135 135 135 135 135 135 135 135 135 135 135 135 135 135 135 135 135 135 135
122 122 122 122 122 122 122 122 122
132 132 132 132 132 132 132 132 132 132 132 132 132 132 132 132 132
118 118 130 125 118 118 152 118 152 118 152
132 132 132 132 132 132 132 132 132 132 132 132 132 132 132 132 132
122 122 122 122 122 122 122 122 122
122 122 122 122 122 122 122 122 122
118 118 113 113 113 118 113 118 126 118 118 113
118 118 118 118 118 118 118
118 118 118 118 118 118 118
118 118 118 118 118 118 118
122 122 122 122 122 122 122 122 122
128 128 128 128 128 128 128 128 128 128 128 128 128 128
118 118 118 118 118 118 118
134 134 134 134 134 134 134 134 134 134 134 134 134 134 134 134 134 134 134
118 118 118 118 118 118 118
162 118 162 162 162 118 118
122 122 122 122 122 122 122 122 122
118 118 118 118 118 118 118
124 124 124 124 124 124 124 124 124 124
124 119 124 119 113 124 119 113 124 119
122 122 122 122 122 122 122 122 122
135 135 135 135 135 135 135 135 135 135 135 135 135 135 135 135 135 135 135 135
118 118 118 118 118 118 118
126 126 126 126 126 126 126 126 126 126 126 126
119 119 119 119 119 119 119 119
122 122 122 122 122 122 122 122 122
122 122 122 122 122 122 122 122 122
118 119 118 127 119 119 119 119 118 118 127 119 118
162 162 122 122 122 162 152 131 122 122 122 122 122 152 162 152
131 125 113 125 113 125 113 113 119 125 125 125 125 125 126 126
119 119 119 119 119 119 119 119
127 129 127 129 129 129 129 127 127 129 129 129 125 129 125
118 152 124 118 118 152 118 152 118 118
122 122 122 122 122 122 122 122 122
119 119 126 125 133 125 125 119 125 119 124 125 125 119 125 125 119 126
122 129 122 122 124 124 124 122 128 129 124 129 122 124 122
134 134 134 134 134 134 134 134 134 134 134 134 134 134 134 134 134 134 134
118 118 128 119 119 119 119 119 118 118 119 118 118 119
119 118 119 119 145 119 152 118 119 113 119 119 118 119 119 118 119 113 119 119 113 118 119 118 119 113 152 113 152
143 122 118 119 122 125 125 118 118 118 125 125 125 124 118 119 127 131 122 118 143 119 119 125 125 125 118
128 128 128 128 128 128 128 128 128 128 128 128 128 128
119 119 119 119 119 119 119 119
113 152 152 152 122 113 113 113 113
118 118 118 118 118 118 118
119 119 119 119 119 119 119 119
118 118 118 118 118 118 118
125 125 125 125 125 125 125 125 125 125 125
118 118 118 118 118 118 118
119 119 119 119 119 119 119 119
119 119 119 119 119 119 119 119
119 119 119 119 119 119 119 119
135 135 135 135 135 135 135 135 135 135 135 135 135 135 135 135 135 135 135 135
119 119 119 119 119 119 119 119
118 118 118 118 118 118 118
162 118 118 162 118 118 162 125 118 162 118
118 162 118 113 118 162 113 113 162 118 118 118 162 113 113 131
135 135 135 135 135 135 135 135 135 135 135 135 135 135 135 135 135 135 135 135
119 119 119 119 127 119 119 119 127 119 127 119 119
122 122 122 122 122 122 122 122 122
122 122 118 118 122 118 122 122 128 128 122 118 118 122
162 127 122 122 162 122 122 122 122 162 122 162 122
128 124 124 113 118 113 118 113 118 128 118 113 118 118
118 118 118 118 118 118 118
119 119 119 119 119 119 119 119
122 122 122 122 122 122 122 122 122
124 124 124 124 124 124 124 124 124 124
113 125 113 113 113 113 113 113 113 113 113
122 122 122 122 122 122 122 122 122
135 119 135 135 113 135 135 162 135 135 135 135 113 135 135 113 119 143 135 113 135 135 135 135 136 135 135
124 124 124 124 124 124 124 124 124 124
122 122 128 122 113 118 133 113 122 118 122 118 118 113 122 122 113 125
134 134 134 134 134 134 134 134 134 134 134 134 134 134 134 134 134 134 134
152 152 152 152 152 118 152
132 132 113 119 135 119 119 119 132 113 132 113 126 132 119 119 126 119 119 132 119 132 119 119 119 166 113 132 135 119 119 119 132 135 119 113 132 113 119 118 127 132 119 119 118 119 132 119 132 119
118 118 118 118 118 118 118
125 126 113 124 118 122 119 113 122 113 119 126
126 126 126 126 126 126 126 126 126 126 126 126
118 118 118 118 118 118 118
124 124 124 124 124 124 124 124 124 124
119 119 119 119 119 119 119 119
133 133 133 133 133 133 133 133 133 133 133 133 133 133 133 133 133 133
122 122 122 122 122 122 122 122 122
122 122 122 122 122 122 122 122 122
132 132 132 132 132 132 132 132 132 132 132 132 132 132 132 132 132
124 124 124 124 124 124 124 124 124 124
124 124 124 124 124 124 124 124 124 124
118 118 118 118 118 118 118
124 124 124 124 128 128 124 113 124 113 124 113 124 113
119 119 119 119 119 119 119 119
127 119 119 119 119 113 119 113 119 113 119 113 113
118 118 118 118 118 118 118
122 122 122 122 122 122 122 122 122
132 132 132 132 132 132 132 132 132 132 132 132 132 132 132 132 132
162 119 162 119 119 119 126 119 162 162 119 119
118 118 118 118 118 118 118
122 122 122 122 122 122 122 122 122
118 118 119 118 126 126 119 126 119 119 119 118
162 119 119 162 152 129 119 152 162 162 119 119 152 119 119
119 124 124 125 124 134 119 119 118 124 125 124 124 118 118 119 134 124 124
133 157 80 132 133 133 118 52 28 152 132 133 132 52 25 133 133 133 149 133 118 132 102 152 133 133 51 133 132 132 31 122 51 118 132 109 102 133 152 133
162 118 118 162 118 118 118 162 125 118 162
122 122 122 122 122 122 122 122 122
119 119 119 119 119 119 119 119
119 119 119 119 119 119 119 119
122 122 122 122 122 122 122 122 122
118 118 118 118 118 118 118
119 119 119 119 119 119 119 119
124 124 124 124 124 124 124 124 124 124
126 126 126 126 126 126 162 126 162 126 126 126 162 162 126 131
119 113 119 119 119 113 127 113 113 119 119 119 113
118 118 118 118 118 118 118
122 122 122 122 122 122 122 122 122
124 124 124 124 124 124 124 124 124 124
122 122 122 122 122 122 122 122 122
125 147 135 133 46 122 133 128 48 124 121 34 47 134 125 124 125 128 34 133 122 125 73 105 3 134 147 89 124 125 125 135 119 35 14 3 119 134 128 119 134 122 119 135 124 35 30 77 134 37 124 133 36 134 124 135 71 124 125 119 35 3 124 134 0 66 5 1 99 134 59 135 99 125 137 135 134 134
113 118 162 118 136 118 118 118 118 162 113 113 126 113 113 162 162 162 118 113 113
118 118 118 118 118 118 118
124 119 163 122 162 152 162 118 113 152 119 118 162 113 162 119 126 124 118 126 119 152 118 119 118 162 162 118 113 118 162 162 118 119 118 118 119 152 152 162 119 113 119 118 124 162
118 118 118 118 118 118 118
162 162 162 162 162 162 162 162 127 162 162 162 162
125 122 162 122 118 122 162 125 128 122 125 162 144 125 122 118 122 118 125 125 122 162 118 125 125 118 125 125
119 119 119 119 119 119 119 119
128 119 128 113 119 113 113 128 119 113 113 113 119 128
118 118 118 118 118 118 118
125 125 125 125 125 125 125 125 125 125 125
128 128 128 128 128 128 128 128 128 128 128 128 128 128
119 119 119 119 119 119 119 119
126 162 126 126 162 126 126 126 162 126 126 126 131 126 126 162
113 113 125 118 118 113 113 113 113 113 113
119 119 119 119 119 119 119 119
127 124 124 124 124 124 162 124 127 124 162 162 124
122 122 122 162 127 122 122 162 122 122 162 122 162
124 124 124 124 124 124 124 124 124 124
118 118 118 118 118 118 118
119 119 119 119 119 119 119 119
118 162 118 118 162 118 118 125 162 162 118
135 135 135 135 135 135 135 135 135 135 135 135 135 135 135 135 135 135 135 135
118 118 118 118 118 118 118
133 133 133 133 133 133 133 133 133 133 133 133 133 133 133 133 133 133
147 135 135 135 134 147 147 147 135 147 134 134 135 135 147 134 134 134 135 135 135 147 134 135 147 136 134 135 135 134 134
125 125 125 125 125 125 125 125 125 125 125
113 125 118 125 125 119 125 125 118 119 119
122 122 122 122 122 122 122 122 122
119 113 119 113 113 119 113 119 119 119 113 127 119
122 113 152 113 152 113 113 152 113
119 119 119 119 119 119 119 119
118 118 118 118 118 118 118
128 124 124 113 118 113 118 113 118 128 118 113 118 118
147 135 136 128 135 134 134 129 153 147 135 153 134 128 153 135 135 153 134 135 128 134 135 140 135 153 134 140 153 142 134 135 128 134 134 134
118 118 118 118 118 118 118
125 125 125 125 125 125 125 125 125 125 125
118 118 118 118 118 118 118
125 125 125 125 125 125 125 125 125 125 125
118 118 118 118 118 118 118
119 119 119 119 119 119 119 119
118 118 118 118 118 118 118
118 118 118 118 118 118 118
122 122 122 122 122 122 122 122 122
118 118 118 118 118 118 118
133 133 132 42 126 118 161 133 125 126 28 125 132 161 165 125 145 125 131 125 134 132 118 140 122 132 92 89 92 127 160 132 125 133 133 140 90 132 126 133 132 145 133 118 43 125 125 137
119 118 122 124 122 118 86 162 84 118 122 122 119 162 122 118 84 118 162 122 119 113 118 122 86 122 124 122 129 159 118 118 129 122 162 125 122 122 113 113 118 118 122
118 118 118 118 118 118 118
132 132 132 132 132 132 132 132 132 132 132 132 132 132 132 132 132
118 118 118 118 118 118 118
119 119 119 119 119 119 119 119
119 118 119 125 125 118 125 119 118 125 119
133 133 133 133 133 133 133 133 133 133 133 133 133 133 133 133 133 133
119 119 119 119 119 119 119 119
113 113 132 118 113 113 113 118 113 118 113 118 118 118 113 113 113
118 118 118 118 118 118 118
122 122 128 122 118 128 122 122 118 122 118 122 118 118
78 18 132 68 26 92 132 132 26 122 92 138 132 138 132 92 122 132 75 132 92 122 138
122 162 122 162 122 122 162 122 122 122 162 122 127
128 128 122 122 137 122 128 122 122 128 128 128 128 122 122 128 128 128 122 128 128 128
118 118 118 118 118 118 118
122 122 122 122 122 122 122 122 122
113 113 118 113 118 118 113 113 126 118 118 118
122 122 122 122 122 122 122 122 122
118 122 119 122 122 118 118 122 124 122 118 129 118 122 122
122 122 122 122 122 122 122 122 122
128 119 119 124 119 119 124 119 113 119 146 119 113 119 119 119 124 124 113 113 124 119 119 128 124 119 119 146 119 119
122 122 122 122 122 122 122 122 122
125 125 125 125 125 125 125 125 125 125 125
124 113 162 113 113 162 162 113 113 162
132 132 132 132 132 132 132 132 132 132 132 132 132 132 132 132 132
119 119 119 119 119 119 119 119
122 122 122 122 122 122 122 122 122
124 119 124 127 124 124 127 119 127 124 119 127 127
118 118 118 118 118 118 118
122 113 152 113 152 113 152 113 113
118 118 127 119 118 119 119 119 118 118 119 127 119
119 119 119 119 119 119 119 119
124 124 124 124 124 124 124 124 124 124
122 122 122 122 122 122 122 122 122
124 124 124 124 124 124 124 124 124 124
113 152 113 113 152 152 113 122 113
119 119 119 119 119 119 119 119
119 119 119 119 119 119 119 119
118 118 126 118 113 113 118 113 113 118 113 118
133 118 118 119 118 118 119 162 119 118 118 162 162 119 119 162 119 119
118 118 118 118 118 118 118
119 119 119 127 113 162 162 119 119 152 119 113 119
126 113 118 113 113 118 118 119 118 118 113 118
133 135 135 53 132 117 132 135 133 133 135 11 132 51 132 133 11 133 162 133 133 132 135 133 7 126 82 132 133 133 132 97 133 8 126 8 132 127 82 135 132 162 160 135 126 96 135 162 8 82 132 82 60 56 132 147 132 138 133 82 132 126 133
119 119 119 119 119 119 119 119
119 119 119 119 119 119 119 119
118 119 127 118 119 119 119 119 118 119 118 127 118
118 118 118 118 118 118 118
124 124 124 124 124 124 124 124 124 124
133 133 133 133 133 119 133 133 133 133 133 134 133 133 119 133 133 119 119 119 133 122 133 119 140
118 118 118 118 118 118 118
125 122 125 122 138 119 119 119 119 124 113 122 122 122 119 127 122 125 127 122 125 122 128
119 119 119 119 119 119 119 119
124 124 124 124 124 124 124 124 124 124
119 113 113 119 119 126 126 113 119 119 113 119
119 119 119 119 119 119 119 119
122 122 122 122 122 122 122 122 122
124 127 113 113 113 124 124 127 113 124 124 113 113 113 113 124 124 133
118 118 118 118 118 118 118
152 119 119 119 119 119 152 152 125 119 119
119 162 119 162 119 119 162 126 162 119 119 119
122 113 152 113 152 118 122 122 132 124 122 152 122 122 113 122 113
128 128 128 128 128 128 128 128 128 128 128 128 128 128
162 118 162 162 118 118 162
162 122 122 162 122 118 119 127 119 162 162 122 122
118 118 118 118 118 118 118
122 122 122 122 122 122 122 122 122
118 118 118 118 118 118 118
118 118 118 118 118 118 118
118 118 118 118 118 118 118
118 119 135 113 128 119 113 118 128 118 118 113 119 118 113 113 119 128 118 113
118 118 118 118 118 118 118
125 125 122 122 122 125 125 125 122 118 118
119 122 126 122 122 119 119 126 126 126 126 122
119 122 119 122 122 119 119 119 122 122 119 122 131 119 122 122
134 134 134 134 134 134 134 134 134 134 134 134 134 134 134 134 134 134 134
147 135 136 128 135 134 134 129 153 147 135 153 134 128 153 135 135 153 134 135 128 134 135 140 135 153 134 140 153 142 134 135 128 134 134 134
118 118 118 118 118 118 118
152 118 152 152 152 152 152
126 125 122 134 125 127 129 125 127 126 126 126 134 134 126 134 126 125 134
133 133 133 133 133 133 133 133 133 133 133 133 133 133 133 133 133 133
125 125 125 125 125 125 125 125 125 125 125
125 125 125 125 125 125 125 125 125 125 125
118 126 118 113 113 118 113 113 118 113 118 118
119 119 119 119 119 119 119 119
118 118 118 118 118 118 118
122 122 122 122 122 122 122 122 122
119 124 124 118 125 124 134 119 118 124 125 124 124 119 118 119 134 124 124
135 135 135 135 135 135 135 135 135 135 135 135 135 135 135 135 135 135 135 135
119 118 118 119 118 128 118 119 118 113 119 118 118 118
124 119 124 119 113 124 119 113 124 119
129 113 113 162 113 162 113 113 113 113 162 113 113 113 162
162 162 113 113 113 113 162 113 124 162
134 162 162 125 162 113 162 118 119 119 162 119 113 119 162 162 122 162 125
162 152 162 162 162 152 152 119
119 119 119 119 119 119 119 119
162 162 162 113 162 113 113 162 128 162 162 113 113 162
128 128 128 128 128 128 128 128 128 128 128 128 128 128
119 119 119 119 119 119 119 119
125 125 125 125 125 125 125 125 125 125 125
133 133 133 133 133 133 133 133 133 133 133 133 133 133 133 133 133 133
118 118 118 118 118 118 118
147 135 136 128 135 134 153 129 153 147 135 153 134 128 134 135 135 153 134 135 128 134 135 140 135 153 134 140 153 142 134 135 128 134 134 134
118 118 118 118 118 118 118
118 118 118 118 118 118 118
124 119 124 119 119 124 124 122 124 119 119 119 124 124 137 148 119 125 162 119 127 118 162 119 124 124 127 122 124 119 162 127
162 162 162 162 162 122 162 162 162
118 118 118 118 118 118 118
118 118 118 118 118 118 118
125 125 125 125 125 125 125 125 125 125 125
119 119 119 119 119 119 119 119
118 119 119 118 128 119 119 119 119 119 118 118 118 118
122 122 122 122 122 122 122 122 122
135 135 135 135 135 135 135 135 135 135 135 135 135 135 135 135 135 135 135 135
119 119 119 119 119 119 119 119
118 118 118 118 118 118 118
119 119 119 119 119 119 119 119
143 122 118 119 122 125 125 118 118 118 125 125 125 124 118 119 127 131 122 118 143 119 119 125 125 125 118
119 122 119 119 122 119 122 122 119 131 124 122 122 119 122 122
125 113 113 125 125 125 125 129 125 113 113 129 125 125 125
124 124 124 124 124 124 124 124 124 124
122 124 124 124 122 124 124 124 124 124
126 126 126 126 126 126 126 126 126 126 126 126
118 118 118 118 118 118 118
125 125 125 125 125 125 125 125 125 125 125
125 125 122 122 122 125 125 125 122 118 118
113 162 162 113 113 162 162 124 113 113
122 122 122 122 122 122 122 122 122
119 119 119 119 119 119 119 119
118 118 118 118 118 118 118
119 113 125 129 113 125 127 119 113 113 119 125 113 113 125 125 119 113 119 119 125 119 125 125 124 113 143
124 124 124 124 124 124 124 124 124 124
119 119 119 119 119 119 119 119
122 122 122 122 122 122 122 122 122
119 119 119 119 119 119 119 119
118 118 118 118 118 118 118
122 122 122 122 122 122 122 122 122
119 119 119 119 119 119 119 119
118 118 118 118 118 118 118
122 122 122 122 122 122 122 122 122
118 118 118 118 118 127 118 118 118 118 118 118 118
124 124 124 124 124 124 124 124 124 124
124 124 124 124 124 124 124 124 124 124
118 119 118 118 119 118 113 122 133 119 113 118 118 119 119 119 119 125
122 122 122 122 122 122 122 122 122
119 119 119 119 119 119 119 119
118 118 118 118 118 118 118
128 128 128 128 128 128 128 128 128 128 128 128 128 128
128 128 128 128 128 128 128 128 128 128 128 128 128 128
118 118 118 118 118 118 118
135 135 135 135 113 135 135 135 135 135 113 118 135 135 136 135 135 135 113 135 135 140 113 135 135
119 119 119 119 119 119 119 119
162 127 162 162 162 162 162 162 162 152 118 152 122
162 162 162 119 162 119 162 162
122 122 122 122 122 122 122 122 122
122 122 122 122 122 122 122 122 122
113 113 122 113 113 113 152 122 113 119 113 128 122 146 152 113 113 122 119 122 119 113 152 113 122 128 122 119 128 122
119 119 119 119 118 143 119 119 118 119 113 119 122 118 119 119 119 119 118 119 118 119 113 126 113 119 119
113 152 113 152 113 152 122 113 113
119 119 119 119 119 119 119 119
126 126 126 126 162 162 162 126 126 131 126 126 126 126 126 162
118 118 118 118 118 118 118
118 118 118 118 118 118 118
125 125 125 125 125 125 125 125 125 125 125
122 122 122 122 122 122 122 122 122
118 118 118 118 118 118 118
124 124 124 124 124 124 124 124 124 124
118 118 118 118 118 118 118
125 125 125 125 125 125 125 125 125 125 125
125 127 125 125 129 149 17 129 125 23 119 20 49 129 125 54 129 125 125 129 125 147 125 125 125 127 129 125 129 20 149 125 119
122 162 127 162 122 122 122 122 122 122 122 162 162
118 118 118 118 118 118 118
119 119 119 119 119 119 119 119
122 122 122 122 122 122 122 122 122
118 118 118 118 118 118 127 118 118 118 118 118 118
124 127 122 127 127 122 124 124 127 122 127 124 127
125 125 125 125 125 125 125 125 125 125 125
118 118 118 118 118 118 118
122 113 113 113 152 152 113 152 113
118 118 118 118 118 118 118
119 119 119 119 119 119 119 119
118 118 118 118 118 118 118
125 113 127 125 125 113 127 125 125 127 125 125 127
128 128 128 128 128 128 128 128 128 128 128 128 128 128
118 118 118 118 118 118 118
122 122 122 122 122 122 122 122 122
122 125 122 125 125 118 122 125 122 118 125 118 122 118 118 118 125 122 122 122 125 125 140 125 125
119 119 119 119 119 119 119 119
126 126 126 126 126 126 126 126 126 126 126 126
162 152 124 118 152 152 113 113 118 118
124 124 124 124 124 124 124 124 124 124
125 125 125 125 125 125 125 125 125 125 125
119 119 119 119 119 119 119 119
119 119 119 119 119 119 119 119
122 128 128 122 128 122 128 128 122 122 128 122 128 128 122 128 128 128 128 137 128 122
124 119 124 119 119 119 119 124 124 119 124 132 124 124 124 119 124
126 126 126 126 126 126 126 126 126 126 126 126
119 119 119 119 119 119 119 119
118 118 162 125 118 162 162 118 118 162 118
125 125 125 125 125 125 125 125 125 125 125
126 126 126 126 126 126 126 126 126 126 126 126
113 118 113 118 113 118 113 118 126 118 118 113
113 118 119 113 113 118 113 122 128 118 113 126 113 119 113 119 125 113 119 122 118 119 113 125 119 119 119 113 113 119 149 113 113
118 113 162 118 126 118 118 118 162 162 162 118 113 162 131 118
122 122 122 122 122 122 122 122 122
119 119 119 119 119 119 119 119
118 152 162 118 162 152 162
118 118 118 118 118 118 118
124 127 122 124 127 122 127 124 127 122 127 124 127
118 118 118 118 118 118 118
113 113 152 152 113 113 126 152 119 113 152 119
119 119 119 119 119 119 119 119
125 125 125 125 125 125 125 125 125 125 125
125 125 125 125 125 125 125 125 125 125 125
127 129 127 129 129 129 129 127 127 129 129 129 125 129 125
126 126 126 126 126 126 126 126 126 126 126 126
126 126 126 126 126 126 126 126 126 126 126 126
127 124 124 124 124 124 162 124 127 124 162 162 124
128 128 128 128 128 128 128 128 128 128 128 128 128 128
152 125 152 125 125 152 128 125 125 125 125 125 125 125
119 119 119 119 119 119 119 119
119 125 152 119 152 119 152 119 119 119 119
127 118 122 122 162 118 125 118 162 125 122 122 122 139 162 122 162 118 127 119 122 122 122 118
118 118 118 118 118 118 118
125 125 125 125 125 125 125 125 125 125 125
113 113 125 113 113 113 113 113 113 113 113
125 125 125 125 125 125 125 125 125 125 125
124 124 118 119 119 118 136 162 118 162 119 124 162 124 118 133 162 118 118 162 162
119 119 119 119 119 119 119 119
135 135 135 135 135 135 135 135 135 135 135 135 135 135 135 135 135 135 135 135