76 76 76 76 76 76 76
76 76 76 76 161 76 76 76 76 76 76 76 76
76 76 76 76 76 76 76
76 76 76 76 76 76 76
185 76 76 185 76 76 76 104 76 185
185 185 185 252 299 252 252 252
76 76 76 76 76 76 76
185 185 299 252 185 252 252 252
76 76 76 161 76 76 76 76 76 76 76 76 76
10 10 76 252 76 76 76 10 10 10 252 76 76 252 76 76 76 252 204 76 76 76
122 122 122 122 122 122 122 122
122 122 122 10 10 252 252 10 177 122 252 122 122 10 10 252 122
122 122 122 122 122 122 122 122
174 252 10 10 252 10 212 10 252 185 10 10 252 10 185 10 10 252 252 10 267 252
76 76 76 76 76 76 76
76 76 76 10 76 10 267 10 252 252 76 10 20 76 165 252
76 122 122 76 122 76 122 122 122 122 76 76 174 76
76 76 76 76 76 76 76
87 87 252 252 10 10 252 10 10
122 122 122 122 122 122 122 122
162 10 122 122 122 122 10 122 10 162 10 122
278 122 10 122 224 10 10 224 122 224 122 122 122 10 10 224 224 224 224 224 224 224 224 122
152 152 152 152 152 152 152 152 152
10 252 10 252 127 10 252 252 252 10 10 252 252 252
76 76 76 76 76 76 76
10 252 252 252 185 252 10 185 252 252 252 185 252 252 185 185 10 10 185 185 10 162
241 241 241 241 241 241 241 241 241 241 241 241 241 241 241 241 241 241 241 241 241 241 241 241 241 241 241 241 241 241 241 241 241 241 241 241 241 241
241 241 241 241 241 241 241 241 241 241 241 241 241 241 241 241 241 241 241 241 241 241 241 241 241 241 241 241 241 241 241 241 241 241 241 241 241 241
288 288 288 288 288 288 288 288 288 288 288 288 288 288 288
76 76 76 76 76 76 76
152 152 152 152 152 152 152 152 152
152 152 152 152 152 152 152 152 152
185 185 185 252 185 185 185
252 104 252 252 252 252 252 252 252 252 252 252 252
122 122 122 122 122 122 122 122
252 122 122 161 185 122 122 252 122 252 185 252 122 185 122
76 76 76 152 152 76 76 152 185 216 252 185 252 152 76 185 152 152 152 152 252 252
224 201 10 10 201 201 201 10 201 201 201 201 201 201 10 10
76 122 122 122 10 264 76 76 10 76 252 122 252 122 76 10 122 122 10 252 10 76 146 252 146 122 122 122 252 122 122 252
76 76 76 76 76 76 76
185 252 252 252 252 10 252 252 252 185 10 252 185 142 10 10 10
76 76 10 76 10 76 10 142 76 10 76 10
224 224 224 224 224 224 224 224 224 224 224 224
120 120 120 120 120 120 120 120 120 120 120 120 120 120 120 120 120 120 120 120 120 120
152 152 152 152 152 152 152 152 152
76 185 185 76 185 185 185 185 76 185 185 76 185 185 185 76 185 76 149
152 152 152 152 152 152 152 152 152
76 76 76 76 76 76 76
211 152 211 174 224 211 152 4 224 174 174 211 224 224 224 4 224 224 211 224 224 224
76 76 76 76 76 76 76
76 76 76 76 76 76 76
174 152 152 174 246 174 152 152 190 174 177 152 190 174 152 246 190
122 122 122 122 122 122 122 122
264 76 76 10 264 264 127 264 276 10 264 10 252 10 87 20 10 252 264 10 264 10 264 76 10 76 127 276 94 76 10 41 264 264 276 10
152 122 122 152 122 122 152 152 211 122 152 152 122 152 152 122
138 122 10 138 10 113 122 122 10 113 10 10 10 138 10 252 252 10 34 252 146 240 10 252 252 149
76 185 76 76 122 185 76 185 76 122 185
252 185 185 34 252 185 252 185 185 252 185
76 76 76 76 76 76 76
122 122 122 122 122 122 122 122
252 10 10 264 264 122 122 252 252 32 264 185 264 10 122 10 264 10 10 122 185 252 122 264 122 264 264 10 122 264 264 185 264 10 10 10 264 264
174 174 122 174 122 174 174 174 225 174 174 174 122 122 122 122 122
76 185 76 76 10 10 76 185 185 10 76 10 10 152 76
224 224 224 224 224 224 224 224 224 224 224 224
185 185 76 185 76 76 104 76 76 76
152 152 142 152 152 152 10 76 152 10 10 10 10 10 76 152 76 10 259 10 76 10 76 10 157 20 10 10 10
122 122 122 122 122 122 122 122
267 136 10 10 10 185 10 267 252 10 252 185 252 185 185
288 244 244 244 244 288 244 288 288 244 288 288 244 288 288 244 288 288 288 244 73 288 244 288 288 244 244
252 122 252 94 252 10 10 94 252 122 10 267 10 10 10 122 252 122 252 20 122 122 235 252 122 94 10 10
76 142 10 10 10 76 10 76 76 76 10 76
122 122 122 122 122 122 122 122
174 201 174 270 201 201 201 174 201 201 174 177 204 174 201 174 201 174 174 201
174 174 174 174 174 174 174 174 174 174
224 224 224 224 224 224 224 224 224 224 224 224
264 264 174 252 122 174 174 252 264 174 174 206 206 264 174 174 206 206 264 174 264 252 174 84 174 174 264 252 264 206 174 122 264 174 264 264 264 264
264 152 264 152 264 264 152 152 152 152 264 264 264 264 264 264 264 152 8 152 264 264
174 174 174 174 174 174 174 174 174 174
10 185 10 285 185 165 252 10 10 185 10 64 186 10 64 49 10
152 152 152 152 152 152 152 152 152
267 252 252 252 252 212 252 252 185 252 185 185 113 185 185
224 224 122 224 224 224 122 224 122 224 122 122 122 224 122 262 224 224 224
10 119 10 119 10 10 10 10 10 10
252 252 10 87 252 10 252 10 10 10
201 201 201 152 76 201 281 152 152 201 152 76 152 76 281 201 152 76 201 76 152 201 201
76 76 76 76 76 76 76
122 122 122 122 122 122 122 122
10 10 10 252 252 252 87 252 10 10
76 76 76 76 76 76 76
174 252 252 174 174 174 174 252 193 193 174 174 174
244 244 244 244 244 244 244 244 244 244 244 244 244
224 224 224 185 10 264 224 10 224 10 10 224 224 10 10 224 10 224 10 10 224 185 224 10 185
119 119 76 119 76 119 119 119
76 76 76 76 76 76 76
241 241 241 241 241 241 241 241 241 241 241 241 241 241 241 241 241 241 241 241 241 241 241 241 241 241 241 241 241 241 241 241 241 241 241 241 241 241
76 76 76 76 76 76 76
174 174 174 174 174 174 174 174 174 174
146 122 10 122 122 146 10 174 122 10 122 252 10 10 252
288 288 288 288 288 288 288 288 288 288 288 288 288 288 288
174 174 174 174 174 174 174 174 174 174
122 122 122 122 122 122 122 122
76 76 76 161 76 76 76 76 76 76 76 76 76
76 252 76 76 252 76 122 76 76 252 252
76 76 76 76 76 76 76
10 20 10 10 20 114 10
122 122 122 122 122 122 122 122
48 185 10 10 185 10 10 185 10
10 76 142 10 76 76 76 10 76 76 10 10
152 152 152 167 252 252 152 252 152 152 252 152 152
201 76 201 201 201 201 76 201 201 201 76 201 201 76 76 76 233
185 185 185 185 185 185 76 185 252 185 185 185 185 252
252 252 252 152 122 10 152 152 10 122 10 122 252 252 10 267 122 122 122 152 152 252 152 122 152 152 267 257 10
10 252 252 252 76 239 76 10 10 10 76 10 252 252 76 20 10 252 252 252 10 10 252 252 252 87 10 10 252 10 10 10 76 10
76 76 76 76 76 76 76
122 122 122 122 122 122 122 122
252 10 10 10 10 10 252 10 10 10 10 10 252 252 146
122 122 122 122 122 122 122 122
185 252 10 252 185 185 185 190 252 252 10 252 10 10 252 252 252 252 252 252 10 185 185 252 252 252 252 252
122 122 122 122 122 122 122 122
100 90 90 10 90 90 90 90 90 10 90 185 90 48 10 90 90 10 90 90 90 185 90 90 90 90 90
174 174 174 174 174 174 174 174 174 174
185 212 185 185 212 185 267
252 252 252 252 252 252 252 252 34
174 174 174 174 174 174 174 174 174 174
10 76 113 113 76 113 113 113
224 224 224 224 224 224 224 224 224 224 224 224
76 149 76 149 76 149 76 76 76 149
76 76 76 185 185 104 76 185 76 76
252 252 10 252 10 10 252 10 10 119 252 252 252 10 165 252 10 10
122 122 122 185 138 122 122 185 122 185 122
152 152 152 152 152 152 152 152 152
224 224 270 224 224 224 152 152 152 270 270 152 224 152 224 152 224 224
152 152 152 152 152 152 152 152 152
10 10 114 114 20 10 10 10
252 185 185 185 185 185 185
76 149 76 149 76 149 76 76 76 149
10 10 122 122 10 10 122 122 122 122 122 10 162
246 76 180 185 138 76 76 172 152 152 76 152 185 152 76 76 76 138 152 76 76 76 172
10 10 10 10 185 252 10 10 10 185 252 185 10 119 10 10 252 10 10 184 252 10
180 152 152 76 166 180 180 180 180 152 119
252 252 252 252 252 252 252 252 34
152 152 152 152 152 152 152 152 152
122 122 122 122 122 122 122 122
252 252 34 252 252 252 34 252
152 76 152 152 76 76 152 152 195 152 76 152 76 152 76
48 10 10 48 10 185 185 185 299 185 10 185 10 10 10 48 157
122 122 122 122 122 122 122 122
152 152 152 152 152 152 152 152 152
252 252 252 252 252 34 252 34
76 10 76 10 76 76 76 76 10 76 76 76 184 138 184
201 201 201 201 201 201 201 201 201 201 201
122 122 122 122 122 122 122 122
174 174 174 174 174 174 174 174 174 174
174 174 76 174 215 76 174 76 174 76 174 174 174 215 76
10 10 10 119 10 10 10 10 10 10 10
76 76 76 161 76 76 76 76 76 161 76 76
76 76 10 252 185 76 48 10
127 122 76 122 122 177 87 76 76 122 122 122 76 76
252 76 252 76 76 10 267 252 10 142 10 76 252 220 76 76 252 76 76 267 252 76 10 76 76
201 201 201 8 8 201 264 201 264 201 201 174 264 8 195 195 8 201 65 264 264 174 264 65 264 42
122 122 122 122 122 122 122 122
252 252 299 185 252 185 252 185
10 152 10 152 200 10 165 10 252 76 10 122 206 122 122 283 283 152 76 122 76 252 122 252 162 122 20 252 252
76 76 76 193 193 193 122 225 193 76 174 174 174 76 193 225
10 10 10 10 146 10 252 252 10 10 10 10 10 252 252
10 152 10 152 10 208 10 10 152 10 152 152 152 10 10 10 152 10 152
10 76 10 10 76 76 10 76 10 76 76 142
122 122 122 122 122 122 122 122
185 174 174 174 174 174 321 185 174 174 174 174 185 184
264 288 288 288 288 288 264 264 288 264 264 264 288 86 288 264 264 288 288 264 264 288 264 288 86 288 264
252 10 127 267 76 12 152 252 252 10 76 10 152 252 252 152 252 76 10 76 10 252 252 76 76 152 252 76 10 252 10 76 252 152 252 87 152 267 10 152 252 152 76 252 252 20 76 252 20 252
185 185 185 185 185 252 185
76 76 76 76 76 76 76 201 76 76 76 76 76 201 76 76 76
90 90 90 90 90 90 90 90 152 152 152 152 152 152 152 90 90 90 90 90 90 90 112 90 152 90 90 90
122 122 122 122 122 122 122 122
122 122 122 122 122 122 122 122
76 76 76 76 76 76 76
76 76 76 76 76 76 76
252 10 252 185 252 185 10 10 252 252 185 10 142 252 252 252 10
231 10 152 231 174 10 174 211 10 211 174 211 152 10 211 211
94 10 94 94 10 10 94 10
104 152 152 204 152 252 152 299 152 10 10 76 10 152 152 152 299
252 10 10 252 10 10 252 10 87 252
76 76 76 76 76 76 76
252 267 114 114 252 252 252
122 122 122 122 122 122 122 122
48 295 174 206 216 174 174 190 195 152 10 195 295 174 10 195 206 190 190 174 174 195 119
152 76 195 152 76 152 76 152 76 152 152 76 152 76 152
152 152 152 152 152 152 152 152 152
120 120 120 120 120 120 120 120 120 120 120 120 120 120 120 120 120 120 120 120 120 120
138 185 122 122 122 185 122 185 122 122 122
122 122 122 122 138 122 185 122 122 185 185
252 252 10 185 76 252 252 248 10 185 252 252 76 76 76 10 185 76 185 252 76 76 10 185 76 252 185 76 76 10 10 10 76 76 10 10 10
114 264 264 264 10 10 122 264 114 252 264 264 264 252 264 122 264 264 122 264 10 122 252 122 10 264 18 264 10 252 122 122
252 76 76 252 142 76 162 252 252 252 76 252 162 252
174 174 174 174 174 174 174 174 174 174
152 122 122 256 122 152 122 122 152 122 152 122 152 152 152 256 122 122 122 122 122
122 122 122 122 122 122 122 122
157 76 152 10 87 10 76 152 76 10 76 152 10 76 224 34 152 152 152 152
76 252 34 288 127 252 10 76 252 127 162 76 252 10 10 252 252 10 20 252 252 185 10 252 252 76 10 212 10 10 185 252 34 127 76 185 10 76 252 142 252 252 76 252
10 185 185 185 87 10 185 10 10 185 185 10
252 10 252 10 10 87 252 252 10 10
76 76 76 76 76 76 76
174 174 174 174 174 174 174 174 174 174
152 152 152 152 152 152 152 152 152
76 76 76 76 76 76 76
252 267 267 252 252 252 252 252 48
76 76 76 76 161 76 76 76 76 76 76 76 76
152 152 152 152 152 152 152 152 152
252 252 252 252 185 185 299 185
264 264 264 264 264 264 264 264 264 264 264 264 264 264
174 174 174 174 174 174 174 174 174 174
185 10 10 252 185 10 185 252 252 10 113 10 252
152 152 152 152 152 152 252 252 152 152 252 252 167
224 224 224 224 224 224 224 224 224 224 224 224
76 76 76 76 76 76 76
76 76 76 76 76 76 76
152 152 152 152 152 152 152 152 152
152 152 152 152 152 152 152 152 152
122 122 122 122 122 122 122 122
10 10 119 10 119 10 10 10 10 10
76 76 76 76 76 76 76
252 252 252 252 34 252 252 252 252
162 119 94 122 180 180 10 122 10 122 138 122 10
252 34 252 252 252 252 252 252 252
122 180 180 180 122 122 122 76 122 166 231 152 180 122 122 152 152 119
120 120 120 120 120 120 120 120 120 120 120 120 120 120 120 120 120 120 120 120 120 120
76 76 76 76 76 76 76 201 76 76 76 76 76 201 76 76 76
185 185 185 185 185 185 185 252 185 104 185 185 185 185 185 185 185 185
76 76 76 252 122 252 76 76 252 76 252
264 264 264 264 264 264 264 264 264 264 264 264 264 264
174 174 174 174 174 174 174 174 174 174
2 36 26 174 252 14 252 288 114 26 14 174 288 288 288 174 76 114 252 288 76 14 252 288 14 288 76
76 76 76 76 76 76 76
76 76 76 76 76 76 76
122 122 122 252 149 252 122 122 252 122 252 122
122 10 122 122 321 208 201 122 185 174 10 10 161 185 174 122 185 174
122 122 122 122 122 122 122 122
185 76 76 76 185 185 252 122 185 76 76 76
10 252 252 76 252 252 76 76 10 252 246 252 76 252 244 20 10 252 252 244 76 244 252 252 244 10 76 244 10 252 244 42 244 252 244 252 185 252 252 252 252 252 252 10 244 185 10 244 10 10 244 185
264 10 8 264 174 264 10 264 264 264 174 15 214 214 264 8 8 8 8 298
201 226 201 201 264 273 265 182 76 244 271 291 81 10 264 317 10 244 310 244 10 307 229 76 264 143 174 264 58 78 182 286 244 10 76 201 291 286 244 282 10 76 10 264 244 174 282 244
76 76 76 76 76 76 76
152 252 10 76 152 228 10 76 76 152 152 152 119 76 119 152 10 10 10 152 152 252
152 152 152 152 152 152 152 152 152
76 76 76 76 76 76 76
76 76 76 76 76 76 76
76 76 76 76 76 76 76
122 122 122 122 122 122 122 122
252 252 252 252 34 252 252 252 252
174 174 174 174 174 174 174 174 174 174
174 174 174 174 174 174 174 174 174 174
76 76 76 76 76 76 76
122 122 122 122 122 122 122 122
76 76 76 76 76 76 76
122 122 122 122 122 122 122 122
264 8 264 152 264 152 152 264 264 152 152 264 264 152 152 264 152 264 264 264 264 264
90 90 90 90 90 90 90 90 90 90 90 90 90 90 90 90 90 90 90 90
76 87 122 76 122 76 76 76 87 76 122 76 76 122 122 76 174 122 216
10 119 10 10 10 10 10 10 10 10 10
232 127 185 212 185 185 321 185 232 10 114 10 185 185 10 185 10 10
122 122 122 252 122 252 122 122 252 149 252 122
122 122 122 122 122 122 122 122
152 152 152 152 152 152 152 152 152
241 241 241 241 241 241 241 241 241 241 241 241 241 241 241 241 241 241 241 241 241 241 241 241 241 241 241 241 241 241 241 241 241 241 241 241 241 241
76 76 76 76 76 76 76
174 174 174 10 10 10 10 174 10 204 174 174 174 174 174
122 122 122 122 122 122 122 122
264 174 264 264 264 174 174 264 266 264 264 264 264 264 174 264 264 264 264 174 174 174 264 264 264 264 264 264 106 174 264 174 264 264 266 264
185 252 10 10 10 10 10 76 10 76 10 10 252 76 252 10 10 10 10 10 185 76 76 10 185 10 252 222 76
76 76 76 76 76 76 76
252 201 10 76 201 201 201 284 76 252 252 256 76 228 127 299 284 10 10 214 228 10 76 293 252 252 10 201 256 10
138 252 252 122 35 122 150 292 122 138 277 122 10 122 138 252 122 252 136 122 122 115 254 122 77 20 122 122 122 136
252 10 10 252 10 10 87 252 252 10
185 76 10 76 10 10 20 185 104 76 76 76 185 185 76 185 185 201 119 185 252 185 212 10
174 174 174 174 174 174 174 174 174 174
76 76 76 76 76 76 76
172 76 172 76 122 122 122 76 172 122 76 122
152 76 76 152 152 10 10 10 10 76 252 76 152 152 252 76 152 10 10 252 10 76 152 10 76 10 10 10 76 10 76 10 252 152 10 76 76 293 76 10
224 224 270 224 224 224 152 152 152 270 270 152 224 152 224 152 224 224
76 76 76 76 76 76 76
90 90 90 90 90 90 90 90 90 90 90 90 90 90 90 90 90 90 90 90
90 90 90 90 90 90 90 90 90 90 90 90 90 90 90 90 90 90 90 90
10 87 10 252 252 252 252 10 10 10
152 152 152 152 152 152 152 152 152
76 76 76 76 76 76 76
76 122 76 76 76 122 252 252 122 122 252 122 122 193 122 252 76 76
122 193 122 122 122 122 122 122 122 122 122 122 122 122 122
252 252 252 252 252 252 252 34 252
76 76 10 10 76 76 142 10 10 76 76 10
10 10 10 10 252 10 252 10 252 10 10 252 10 10 174 10 10 10 10 10
122 122 122 122 122 122 122 122
120 120 120 120 120 120 120 120 120 120 120 120 120 120 120 120 120 120 120 120 120 120
76 252 76 76 76 76 252 252 76 252 122
185 185 76 76 10 10 76 10 76 10 185 162 76 185 185 185 10 76
252 10 252 185 185 10 185 10 252 113 10 252 10
76 76 76 76 76 76 76
152 152 152 152 152 152 152 152 152
109 14 109 138 174 76 296 121 224 76 244 296 288 224 288 76 292 109 244 174 288 288 224 288 174 288 121 244 288 76 109 288 256
10 10 252 252 252 10 10 10 87 252
122 122 122 122 122 122 122 122
185 10 185 10 10 48 185 10 10
166 152 235 166 152 166 152 152 152 152 152 152 195 152 152 166 166
76 76 76 76 76 76 76
76 76 76 76 76 76 76
76 76 76 76 76 76 76
76 76 76 76 76 76 76
76 76 76 76 76 76 76
122 122 122 122 122 122 122 122
76 76 76 76 76 76 76
10 10 252 10 252 252 10 87 10 252
185 185 299 252 185 185 185 185 185
122 122 122 122 122 122 122 122
76 252 76 252 252 76 76 122 76 76 252
76 76 76 76 76 76 76
90 90 90 90 90 90 90 90 90 90 90 90 90 90 90 90 90 90 90 90
264 264 264 264 264 264 264 264 264 264 264 264 264 264
76 292 292 172 23 76 296 76 76 224 46 195 224 152 292 244 244 152 152 292 76 296 292 152 244 224 294
174 174 174 174 174 174 174 174 174 174
252 185 185 299 252 252 252 185
252 252 252 252 252 252 94 252 94 20
122 122 122 122 122 122 122 122
252 252 76 252 162 252 142 252 252 252 76 252 142 76 76
252 10 87 10 10 10 252 10 252 252
10 10 252 252 10 87 10 10 252 252
185 252 185 299 252 252 252 185
152 152 152 152 152 152 152 152 152
76 76 185 76 299 252 76 185 252 149 76 299 76 185 299
76 252 252 252 177 34 114 185 252 76 185 252 76 252 114 252 185 252 252 76 76 76 252
119 10 10 10 10 10 10 10 10 119
152 14 174 14 152 10 152 152 174 10 174 174 152 10 174 174 174 152 184 10 184 174 192 174 152 174 174 174 174
185 87 113 252 185 252 10 10 252 185 10 10
252 114 185 185 232 114 252 114 185 122 185 185 114 252 185 252 114 299 185 114 122 114 122 122 252 122 185 122 252 114 232 216 114 252 122 114 185 185
252 252 10 252 204 76 252 76 185 252 76 252 10 76 10 252 252 252 76 10 76 185 252 252 185 10 252
252 193 174 174 174 252 174 252 252 174 174 174 174 174
76 76 76 76 76 76 76
90 174 90 174 90 174 90 90 90 90 90 90 90 90 174 90 174 174 174 90 90 90 90 90 174 118 90 90 174
122 185 185 122 122 138 122 122 122 122 185
76 76 76 76 76 76 76
122 10 10 122 10 122 122 10 122 10 122 10 10 10 10 122 10 192
241 241 241 241 241 241 241 241 241 241 241 241 241 241 241 241 241 241 241 241 241 241 241 241 241 241 241 241 241 241 241 241 241 241 241 241 241 241
90 90 90 90 90 90 90 90 90 90 90 90 90 90 90 90 90 90 90 90
90 90 90 90 90 90 90 90 90 90 90 90 90 90 90 90 90 90 90 90
224 224 224 224 224 224 224 224 224 224 224 224
22 22 22 22 22 22 22 22 22 22 22 22 22 22 22 22 22
185 152 152 185 152 152 152 152 152 162 185 152
252 252 252 252 20 136 267 10 252 252 10 10 10 252
76 76 76 76 76 76 76
185 10 10 122 185 185 167 10 122 122 10 122 122 122 122 10
174 174 174 174 174 174 174 174 174 174
122 122 122 122 122 122 122 122
10 10 10 10 10 10 10 119 10 10 10
122 122 122 122 122 122 122 122
122 122 122 122 122 122 122 122
152 152 152 152 152 152 152 152 152
185 122 185 122 138 122 185 122 122 122 122
20 224 224 224 10 41 152 224 224 161 63 10 113 10 161 252 34 252 252 224 252 10 252 20 224 224 224 152 252 152 10 165 34 224 267 10 224 152 284 87 152
152 152 152 152 152 152 152 152 152
127 76 10 206 10 10 76 127 76 76 76 76 206 10 76 76 10 10
252 252 252 122 76 76 252 76 76 76 76
152 152 152 152 152 152 152 152 152
264 264 264 264 264 264 264 264 264 264 264 264 264 264
152 152 152 152 152 152 152 152 152
252 87 252 252 10 10 87 10 10
22 22 22 22 22 22 22 22 22 22 22 22 22 22 22 22 22
76 76 76 76 76 76 76
76 76 76 76 76 76 76
252 185 252 76 76 185 76 252 185 185 185 252 76 185 185 252 185 252 185 76 252 174 76 252
264 264 244 59 264 258 264 244 264 59 244 244 244 264 59 244 264 244 270 264 244 264 244 270
10 76 76 10 76 10 76 76 10 142 10 76
252 76 76 76 252 252 252 252 252 76 76 252 284 284 185 76 185 165
76 165 10 76 76 87 76 10 76 252 10 267 252 10 10 252
252 10 87 252 10 252 252 10 10 10
76 76 76 76 76 76 76
76 122 76 76 252 76 252 76 252 252 76
185 10 149 10 10 185 10 212 185 10 20 185 10 10 10 185 10
87 252 252 10 10 252 10 87 10
152 152 152 152 152 152 152 152 152
152 292 292 180 122 99 122 252 296 299 152 152 224 152 122 23 122 152 224 152 292 292 244 152 122 152 185 152 224 122 252 299 152 296 244 152 244 122 292 152 152 4 185
122 122 122 122 122 122 122 122
122 122 122 122 122 122 122 122
76 76 76 76 76 76 76
122 122 252 122 10 10 10 10 10 122 122 252 122 252 122 177 252
76 76 76 76 76 76 76
122 76 122 76 76 76 174 76 122 122 122 76 122 122
122 76 122 122 122 76 122 76 76 76 174 174 122
211 152 211 174 174 211 211 174 211 152 211 211
76 76 76 76 76 76 76
76 76 76 76 76 76 76
152 152 152 152 152 152 152 152 152
10 76 185 152 76 152 10 76 76 76 10 185 10
10 10 193 10 193 193 193 122 10 193 174 174 174 216 10 193
76 76 76 76 76 76 76
166 76 76 166 166 122 166 122 76 122 122
224 224 224 224 224 224 224 224 224 224 224 224
76 76 76 76 76 76 76
185 185 48 10 10 185 10 10 10
241 241 241 241 241 241 241 241 241 241 241 241 241 241 241 241 241 241 241 241 241 241 241 241 241 241 241 241 241 241 241 241 241 241 241 241 241 241
252 252 136 20 252 10 252 252 267 252 10 10 10 252
252 185 185 34 252 252 252 185 185 185 185
87 10 10 252 10 10 10 252 252 252
76 76 76 76 76 76 76
76 252 252 76 76 76 76 76 252 174 76 76 76 76 252 76 76
122 122 122 122 122 122 122 122
185 185 185 185 252 185 185
76 76 76 76 76 76 76
76 76 185 185 104 76 185 76 76 76
122 122 122 122 122 122 122 122
201 201 201 8 8 201 264 201 264 201 201 174 264 8 195 195 8 201 65 264 264 174 264 65 264 42
76 76 76 76 76 76 76
76 76 76 76 76 76 76 76 76 76 76 76 161
76 76 76 76 76 76 76
76 76 76 76 76 76 76
252 252 252 34 252 252 252 252 252
252 252 76 152 10 138 228 76 138 152 252 152 152 252 76 152 152 76 10 10 152 152
252 185 185 10 252 20 10 20 10 10 185 252 252 10 252 20 10 185 10 10 10 10 185 10 10 20 233 10 252 252 185 10 10 10 252
252 122 10 122 10 177 122 122 122 252 122 252 10 122 252 10 10
264 264 264 264 264 264 264 264 264 264 264 264 264 264
76 76 76 161 76 76 76 76 76 161 76 76
76 76 76 76 76 76 76
10 76 252 146 119 76 267 113 252 252 113 113
122 122 122 122 122 122 122 122
252 185 185 252 299 185 252 252
122 122 122 122 122 122 122 122
174 174 174 174 174 174 174 174 174 174
152 152 152 152 152 152 152 152 152
10 174 174 174 174 10 174 10 174 204 174 174 10 204
122 122 122 122 122 122 122 122
174 174 174 174 174 174 174 174 174 174
288 76 76 288 288 2 2 2 288 76 288 288 288 2 288 288 288 288
152 152 152 152 152 152 152 152 152
224 224 224 224 224 224 224 224 224 224 224 224
252 192 252 252 10 252 10 10 185 10 252 10 252 252 252 10 185 252 185 252 252 10 10 252 10 10
201 201 201 152 76 201 281 152 152 201 152 76 152 76 281 201 152 76 201 76 152 201 201
162 10 162 10 10 162 76 76 127 76 10 10
76 76 76 76 76 76 76
122 122 252 252 284 76 252 122 122 122 142 215 284 252 252 76 76 76 76 87 252 122
152 152 152 152 152 152 152 152 152
152 152 152 152 152 152 152 152 152
76 76 76 76 76 76 76
122 122 122 122 122 122 122 122
10 10 10 10 10 10 10 10 10 10 10 10 161 10 10 10
241 241 241 241 241 241 245 241 241 241 241 241 241 241 10 10 241 241 241 241 20 241 241 241 10 241 241 241 241 241 241 242 241 241 241 241 241 241 241 241 241 241 10
162 48 10 122 162 162 122 122 138 122 10
252 252 185 185 252 299 252 185
252 267 252 114 252 114 252
76 76 185 76 76 104 76 76 185 185
76 76 76 76 76 76 76
252 299 185 252 252 252 185 185
76 76 76 76 76 76 76
122 122 122 122 122 122 122 122
76 76 76 76 76 76 76
76 76 76 76 76 76 76
16 264 264 174 264 16 264 174 264 264 174 174 264 174 174 264 174 264 264 264 174 264
252 114 252 252 252 267 114
252 10 284 76 204 10 76 10 252 34 34 87 76 119 76 10 10 104 76 10
174 174 174 174 174 174 174 174 174 174
76 76 76 76 76 76 76
122 122 122 122 122 122 122 122
76 76 76 76 76 76 76
292 136 292 122 292 122 292 224 122 10 136 292 48 224 29 292 244 10 292 122 10 292 244 244 10 224 122 244
122 122 122 122 122 122 122 122
76 76 76 76 76 76 76
252 34 252 252 252 252 252 252 252
153 152 212 152 185 76 76 76 152 114 153 211 301 152 152 185 76 301 152
252 152 252 152 167 152 152 152 152 152 252 152 252
122 122 122 122 122 122 122 122
87 76 76 76 76 127 76 252 252 252 267
224 224 174 174 174 288 174 174 224 224 174 224 224 174 224 288 224 224 224 174
264 264 264 264 264 264 264 264 264 264 264 264 264 264 264 264 264 264 264 264 264 264 264 264 264 72 264
241 241 241 241 241 241 241 241 241 241 241 241 241 241 122 241 241 241 241 241 241 122 241 241 122 241 241 122 241 241 241 241 241 241 122 122 241 241 241 241 122 241 241 247 241
76 76 76 76 76 76 76
174 174 174 174 174 174 174 174 174 174
10 119 10 10 10 10 10 10 10 10 10
122 76 122 252 76 76 252 76 76 252
76 76 76 76 76 76 76
76 76 76 76 76 76 76
152 152 152 10 152 10 152 152 252 10 10 200 252 152 252 10 252 152
10 252 10 252 76 76 10 20 119 20
252 252 267 114 252 252 114
34 252 252 252 252 252 252 34
10 252 10 252 10 10 87 252 252 10
152 152 76 152 152 76 76 152 152 195 152 195 76 76
76 76 76 76 76 76 76
122 122 252 122 122 149 252 252 122 122 252 122
252 252 252 10 10 252 252 252 252 252 10 252 252 152 10 252 252 10
10 152 10 10 10 10 152 152 152 152 152 152 152 180
76 76 76 76 76 76 76
161 76 76 76 76 76 76 76 76 76 76 76 76
76 76 76 76 76 76 76
174 174 174 174 174 174 174 174 174 174
252 185 252 252 252 185 185 299
152 152 152 152 152 152 152 152 152
252 10 76 201 252 76 10 76 76 252 252 253 252 76 76 252 10 253 253 252 252 253 10 10
185 252 252 299 252 185 252 185
252 185 185 252 252 252 185 299
264 264 264 264 264 264 264 264 264 264 264 264 264 264
264 264 252 252 293 264 252 10 252 10 264 264 264 10 264 264 10 264 264 10 264 264 264
224 224 224 224 224 224 224 224 224 224 224 224
119 252 76 76 76 76 119 252 119
252 185 299 252 185 252 252 185
122 122 122 122 122 122 122 122
152 152 152 152 152 152 152 152 152
152 152 152 152 152 152 152 152 152
76 76 76 76 76 76 76
122 122 122 122 122 122 122 122
10 211 152 152 152 152 20 10 119 10 152 10 152 152 10 10 10 157
122 122 122 122 122 122 122 122
202 202 202 202 202 202 202 202 202 202 202 202 202 202 202 202 202 202 202 202 202 202 202 202 202 202 202 202 202 202 202 202
202 202 202 202 202 202 202 202 202 202 202 202 202 202 202 202 202 202 202 202 202 202 202 202 202 202 202 202 202 202 202 202
76 76 76 76 76 76 76
174 174 174 174 174 174 174 174 174 174
185 185 10 10 48 10 185 10 10
152 152 152 152 152 152 152 152 152
10 10 10 10 119 10 10 10 10 10 10
122 122 122 122 122 122 122 122
76 76 76 76 76 76 76
10 76 76 10 10 76 10 10 10 10 10 76 172 10 76 10 76
152 152 152 152 152 152 152 152 152
76 76 76 76 76 76 76
76 76 76 76 76 76 76
76 76 76 76 76 76 76
76 76 76 76 76 76 76
122 122 122 122 122 122 122 122
122 122 122 185 138 185 122 122 122 122 185
76 252 122 122 252 76 76 76 76 252
10 10 10 10 10 119 10 10 119 10
202 202 202 202 202 202 202 202 202 202 202 202 202 202 202 202 202 202 202 202 202 202 202 202 202 202 202 202 202 202 202 202
76 76 76 76 76 76 76
252 252 252 10 127 10 10 252 252 252 10 10 252 252
10 119 10 10 119 10 10 10 10 10
10 10 119 10 10 10 10 10 10 10 10
76 76 76 76 76 76 76
10 252 252 10 10 10 252 87 252 10
10 252 87 252 10 10 10 252 252 10
10 10 10 10 10 10 252 10 185 284 48 252 10 185 10 185 162 284
122 122 122 122 122 122 122 122
43 43 52 52 43 43 59 43 43 147 43 43 43 43 43 43 147 43 43 43 147 43 147 43 43 43 43 43 43 43 43 43
76 76 76 76 76 76 76
76 76 76 76 76 76 76
122 122 122 122 122 122 122 122
76 76 76 76 76 76 76
185 10 10 10 10 10 136 10 10 185 10 10 185 10
76 76 76 76 76 76 76
76 76 76 10 10 10 76 76 10 76 10 142
76 76 76 76 76 76 76
252 185 252 299 185 185 252 252
252 10 10 252 252 127 252 10 252 10 252 252 10 252
76 252 76 122 76 76 252 252 76 252 76
122 122 122 122 122 122 122 122
76 256 224 224 224 76 224 224 76 224 224 224 224 76 76 224 224 76
76 76 76 76 76 76 76
76 76 76 76 76 76 76
122 122 122 122 122 122 122 122
87 152 152 152 76 152 76 157 76 152 152 152 76 76 200
76 76 104 76 166 76 76 76 104 76 122 76 104
76 76 76 76 76 76 76
76 252 76 252 252 76 76 76 252 76 122
201 201 201 201 201 201 201 201 201 201 201
185 185 185 185 252 185 185
76 76 76 76 76 76 76
288 288 288 288 288 288 288 288 288 288 288 288 288 288 288
152 152 152 152 152 152 152 152 152
43 43 43 43 43 43 43 43 43 43 43 43 43 43 43 43 43 43
76 76 76 76 76 76 76
252 252 252 252 34 252 252 252 252
122 122 122 122 122 122 122 122
10 119 10 10 10 10 10 10 10 10 10
34 10 10 10 190 190 10 10 34 10 10 10 10 113 10 10 10
76 76 76 76 76 76 76
174 174 174 174 174 174 174 174 174 174
252 252 122 122 252 252 252 122 252 122 252 252 122 122 166 122
152 152 152 152 152 152 152 152 152
76 76 76 76 76 76 76
76 185 76 185 76 76 185 76 104 76
122 122 122 122 122 122 122 122
188 188 188 188 188 188 188 188 188 188 188 188 188 188 188 188 188 188 188 188 188 188 188 188 188 188 188 188 188 188
202 202 202 202 202 202 202 202 202 202 202 202 202 202 202 202 202 202 202 202 202 202 202 202 202 202 202 202 202 202 202 202
122 122 122 122 122 122 122 122
252 252 122 252 166 252 122 122 252 122 122 252 252 122 252 122
224 224 224 224 224 224 224 224 224 224 224 224
76 76 76 76 76 76 76
104 76 76 76 185 76 185 185 76 76
87 10 10 10 252 10 252 252 10 252
76 76 76 76 76 76 76
76 76 76 76 76 76 76
122 122 122 122 122 122 122 122
76 185 267 252 252 252 252 185 252 76 162 76 185 76 252 87 252 76
10 252 10 252 10 252 252 252 252 252 252 10 252 252 252 152 10 252
122 185 122 185 122 122 185 122 185 185 185 122 149 122
122 122 122 122 122 122 122 122
185 185 185 185 185 185 252
10 10 10 34 252 10 76 10 10 262 10 20 76 10 76 10 34 34 252 252 252 10 20 252 252 76 76 10 76 252 10 48 10 252 252 10 10 252
76 76 76 76 76 76 76
152 152 152 152 152 152 152 152 152
76 76 76 76 76 76 76
76 76 76 76 76 76 76
252 20 252 252 20 252 20
76 76 76 76 76 76 76
188 185 188 188 188 188 188 185 188 188 188 188 189 188 188 188 188 188 188 188 188 188 188 188 188 185 188 188 188 188 188 188 188
152 152 152 152 152 152 152 152 152
142 76 76 10 76 10 76 76 10 10 10 76
10 10 10 10 10 10 10 119 10 10 10
194 194 194 194 194 194 194 194 194 194 194 194 194 194 194 194 194 194 194 194 194 194 194 194 194 194 194 194 194 194 194
10 10 252 252 10 252 87 10 10 252
10 10 20 10 10 114 10 114
87 252 10 10 87 252 252 10 10
87 10 10 252 10 10 10 252 252 252
76 76 76 76 76 76 76
252 252 252 252 252 252 252 267 252 252 252 252 252 252 267 185 252 252 252 252 185 299 167
252 10 184 252 76 76 252 34 76 252 76 252 34 252 76 10 104 10 252 252
76 76 76 76 161 76 76 76 76 76 76 76 76
76 76 76 76 76 76 76
76 252 152 152 252 252 252 76 152 252 76 76 252 152 252 152 252 252 76 235 252 76 252 152 152 252 152
122 122 122 122 122 122 122 122
76 76 76 76 76 76 76
252 252 299 185 185 252 185 252
122 201 244 201 201 122 201 122 201 122 122 201 201 122 201 201 122 201
76 76 76 76 76 76 76
252 185 114 252 252 185 212 252 10
122 122 122 122 122 122 122 122
76 76 76 76 76 76 76
252 10 10 252 10 252 87 10 10 252
185 185 185 185 252 185 185 252 252 252 34
152 152 152 152 152 152 152 152 152
76 76 76 76 76 76 76
252 152 76 76 252 10 152 157 76 152 252 152 252 10 152 76 20 76 76 233 10 152 10 152
10 10 10 10 10 10 119 10 10 10 10
76 76 76 76 76 76 76
252 252 10 252 252 185 185 185 10 252 252 10 142 252 252 10 10
122 10 122 252 122 185 122 122 10 185 252 10 10 252 185 122 10 190 252 122
76 76 76 76 76 76 76
76 76 76 76 76 76 76
43 43 252 43 43 43 43 43 43 43 252 43 252 43 43 43 43 53 252 43 43 43
76 76 76 76 76 76 76
202 202 202 202 202 202 202 202 202 202 202 202 202 202 202 202 202 202 202 202 202 202 202 202 202 202 202 202 202 202 202 202
76 76 76 76 76 76 76
76 76 76 76 76 76 76
185 185 10 10 10 48 185 10 10
252 76 10 10 252 10 10 76 10 10 142 252 10 76 10 10 10 76 215 119 10 252 76 10
76 76 76 76 76 76 76
122 122 122 122 122 122 122 122
122 122 122 122 122 122 122 122
252 10 76 10 10 10 10 76 252 165 252 76 267 76 76 87
122 122 122 122 122 122 122 122
76 10 76 10 142 76 10 10 76 76 10 76
76 76 76 76 76 76 76
10 10 34 34 10 10 122 10 10 122
76 76 76 76 76 76 76
76 76 76 76 76 76 76
10 252 146 10 10 252 10 10 10 87 10 10 10 252
122 122 122 122 10 10 10 162 122 122 122 122 122 122 216 10 122 122 122
10 10 119 10 10 10 10 10 10 10 10
299 252 252 185 185 185 252 252
202 203 202 194 202 194 202 219 194 202 194 202 194 194 194 202 202 202 202 202 194 194 202 202 194 202 203 219 202 202 194 203 202 289 194 202 203 194 203 194 202 202 202 202 219 202 194 289 203 202 194 194 203 194 203 289 194 202 202 194
76 76 76 76 76 76 76
10 10 10 10 119 10 10 10 10 10 10
76 76 76 76 76 76 76
76 76 76 76 76 76 76
76 76 76 76 76 76 76
252 87 252 252 252 10 10 10 142 252 185 185 10 252 185 252
10 76 76 10 76 76 76 76 10 10 10 10 76 76 214 10 76 10 10 76 76 142
174 174 204 174 10 174 174 10 10 174 10 174 174 174 10
252 122 149 252 252 122 122 122 252 122 122 122
174 122 122 122 122 174 10 122 174 258 252 10 10 174 174 174 252 174 174 252 252 10 174 10 122 122
76 76 76 76 76 76 76
188 194 194 202 202 202 194 194 202 188 194 202 22 188 197 223 22 194 194 188 202 188 223 188 45 188 202 202 202 202 197 202 202 188 194 202 268 188 194 22 188 194 202 188 279 22 202 188 188 22 188 202 268 279 202 202 202 22 22 202 22 28 22 202 202 268 202 289 188 290 268 194 268 194 22 279 202 194 188 36 188 223 202 268 194 268 194 202 22
76 76 76 76 76 76 76
10 10 87 252 10 252 10 252 252 10
201 201 201 201 201 201 201 201 201 201 201
152 152 152 152 152 152 152 152 152
185 252 252 185 185 76 252 76 267 87 185 252 76 252 167 252 76 185 76 252 185
10 204 10 204 174 174 10 174 174 174 174 174 174 10
10 10 122 10 122 122 192 10 122 10 10 10 122 10 10 10 122 122
76 76 76 76 76 76 76
76 76 76 76 76 76 76
76 76 76 76 76 76 76
122 122 122 122 122 122 122 122
10 122 162 122 162 10 122 122 122 10 10 122
194 194 194 194 194 194 194 194 194 194 194 194 194 194 194 194 194 194 194 194 194 194 194 194 194 194 194 194 194 194 194
288 288 288 288 288 288 288 288 288 288 288 288 288 288 288
43 43 52 52 43 43 59 43 43 147 43 43 43 43 43 43 147 43 43 43 147 43 147 43 43 43 43 43 43 43 43 43
185 10 185 185 10 10 166 10 10 10 10 10 10 10 10 10 10 10 10
76 76 76 252 252 10 76 76 252 10 252 76 10 162 10 10
76 76 76 76 76 76 76
22 194 197 22 194 194 194 194 194 194 36 223 194 22 194 194 22 194 22 22 194 194 22 194 194 194 194 197 223 22 194 194 194 22 22 223 223 194 194 194 223 194 22
142 76 252 76 10 252 252 76 10 76 252 162 10 76 10
76 76 76 76 76 76 76
76 76 76 76 76 76 76
10 10 48 10 185 10 185 185 10
152 152 152 152 152 152 152 152 152
76 76 76 76 76 76 76
252 252 252 252 252 252 34 252 252
43 43 43 174 83 43 83 43 43 83 43 174 83 83 43 43 43 174 43 174 174 43 43
76 76 76 76 76 76 76
76 76 76 76 76 76 76
152 152 152 152 152 152 152 152 152
76 76 76 76 76 76 76
76 76 76 76 76 76 76
22 22 22 22 22 22 22 22 22 22 22 22 22 22 22 22 22
76 76 76 76 76 76 76
10 10 87 252 10 252 10 252 252 10
122 122 10 10 162 122 122 122 162 10 10 122
10 76 10 142 76 252 10 10 10 76 10 76 76 190 76 252 10 76
252 174 252 174 174 174 252 174 174 174 252 193 174 174
10 10 10 10 10 10 10 10 10 119 10
10 10 10 10 10 10 10 10 119 10 10
22 22 22 22 22 22 22 22 22 22 22 22 22 22 22 22 22
122 76 252 76 252 76 76 76 76 252 252
202 202 202 202 202 202 202 202 202 202 202 202 202 202 202 202 202 202 202 202 202 202 202 202 202 202 202 202 202 202 202 202
22 22 22 22 22 22 22 22 22 22 22 22 22 22 22 22 22
10 10 10 252 252 10 252 87 252 10
76 76 76 76 76 76 76
76 76 76 76 76 76 76
76 76 76 76 76 76 76
10 10 10 10 252 252 87 10 252 252
10 10 194 194 194 194 194 194 194 194 10 194 194 10 10 10 194 194 194 10 194 194 10 194 10 194 194 194 202 194 194 10 194 194 194 10 194 194 194 194 10 194 10 10 10 194
174 174 174 201 201 201 174 174 201 174 201 201 174 269 201 174 201 174 201 201
119 10 10 10 10 119 10 10 10 10
76 76 76 76 76 76 76
76 76 76 76 76 76 76
10 76 10 76 10 76 76 10 10 10 172 10 10 76 76 10 10
20 10 10 10 10 10 10 10 20 10 162 10 10 10 10 10
185 152 216 185 252 185 152 76 76 252 152 152 76 152 76 152 76 252 152 252 76 152
10 119 10 10 10 10 10 10 10 10 10
76 76 76 76 76 76 76
185 10 10 48 185 10 185 10 10
76 76 76 76 76 76 76 161 76 76 76 76 76
10 267 252 252 87 252 252 252 252 200 10 76 76 252 76 122 10 10 76 10 252 252 252
76 252 76 252 252 76 122 76 76 76 252
10 87 76 122 76 10 76 10 10 122 20 76 122 122 122 76 122 122 206
122 127 76 76 87 177 76 122 122 76 122 122 76 122
152 152 152 152 152 152 152 152 152
76 76 76 76 76 76 76
76 76 76 76 76 76 76
188 194 194 188 191 194 194 188 268 268 194 194 188 188 188 194 194 188 194 268 188 194 268 188 194 268 194 188 268 194 194 194 188 194 191 194 188 203 268 188 194 268 188 194 268 268 188 188 194 188 191
122 122 122 122 122 122 122 122
76 76 76 76 76 76 76
10 193 10 122 10 10 122 10 10 122 10 20 10 127 122 122 10 122
252 10 10 252 10 252 10 252 87 10
122 122 122 122 122 122 122 122
252 299 252 252 185 299 185
252 252 48 10 252 10 10 252 252 10 10 10 240 185 10 252 10 10 10 10 10 10 10 10 10 10 252 185 10 10 252 10 10 10 10 10
188 188 188 188 188 188 188 188 188 188 188 188 188 188 188 188 188 188 188 188 188 188 188 188 188 188 188 188 188 188
43 43 43 43 43 43 43 43 43 43 43 43 43 43 43 43 43 43
22 22 22 22 22 22 22 22 22 22 22 22 22 22 22 22 22
10 122 122 122 192 10 122 10 10 122 10 10 10 122 10 10 122 10
122 252 76 76 76 252 76 252 252 76 76
252 288 76 288 252 288 288 288 76 288 288 252 288 76 288 19 288 252 288 76 288 252 252 288 76 252 76 288 252
10 76 76 76 10 142 76 76 76 10 10 10
76 76 76 76 76 76 76
76 76 76 76 76 76 76
76 76 76 76 76 76 76
10 185 10 252 252 20 252 252 10 10 252 20 10 10 10 252 252 10 204 10 10 185 10 10 185 252 10
10 48 185 185 185 10 10 10 10
174 174 174 174 174 174 174 174 174 174
76 76 76 76 76 76 76
174 174 174 174 174 174 174 174 174 174
127 11 10 10 10 10 11 11 11 10 10
76 76 76 76 76 76 76
122 252 76 76 252 76 252 76 252 76 76
185 252 252 299 252 185 252 185
76 10 76 76 174 20 10 76 76 10 87 10 10 10 10 10 10
76 76 76 76 76 76 76
152 152 152 152 152 152 152 152 152
76 76 76 76 76 76 76
76 76 76 76 76 76 76
10 185 114 158 185 10 10 10 76 10 212
76 76 76 76 76 76 76
76 76 76 76 76 76 76
122 76 76 252 252 76 76 252 76 76 252
122 122 185 122 122 122 185 138 185 122 122
152 152 152 152 152 152 152 152 152
76 76 76 76 76 76 76
146 10 10 252 252 10 10 10 10 252 10 10 10 10 252
188 188 188 188 188 188 188 188 188 188 188 188 188 188 188 188 188 188 188 188 188 188 188 188 188 188 188 188 188 188
122 122 122 122 122 122 122 122
76 76 76 76 76 76 76
10 152 152 152 184 157 10 152 20 152 10 10 152 152
122 122 122 122 122 122 122 122
76 76 76 76 76 76 76
122 10 10 122 122 162 122 122 10 122 10 162
76 76 76 76 76 76 76
127 10 252 10 10 252 252 252 10 252 252 252 10 252
185 252 185 185 185 185 185
252 10 10 185 10 185 10 185 252 252 113 10 252
20 10 10 20 10 10 10 122 10 10 10
122 122 122 122 122 122 122 122
76 76 76 76 76 76 76
122 10 10 122 122 162 122 122 10 122 10 162
10 10 10 10 10 10 10 10 119 10 10
76 76 76 76 76 76 76
122 122 122 122 122 122 122 122
252 252 185 10 252 162 252 252 252 10 252 252 10 252 252 10 185 10 252 252 185
76 76 76 76 76 76 76
76 76 76 76 76 76 76
76 76 76 76 76 76 76
252 10 252 10 10 87 252 252 10 10
76 76 76 76 76 76 76
10 76 76 76 76 10 10 142 10 76 10 76
10 10 185 299 252 10 10 252 113 185 252 10
122 122 185 122 122 138 185 122 185 122 122
10 138 10 10 180 76 76 76 76 157 76 76 76 180
76 76 76 76 76 76 76
76 76 76 76 76 76 76
122 122 122 122 122 122 122 122
188 188 188 188 188 188 188 188 188 188 188 188 188 188 188 188 188 188 188 188 188 188 188 188 188 188 188 188 188 188
76 76 76 76 76 76 76
152 152 152 152 152 152 152 152 152
76 76 76 76 76 76 76
10 10 10 10 10 10 10 119 10 10 10
122 122 122 122 122 122 122 122
76 76 161 76 76 76 76 76 76 76 76 76 76
76 76 76 76 76 76 76
122 122 122 122 122 122 122 122
288 288 288 288 288 288 288 288 288 288 288 288 288 288 288
76 76 76 76 76 76 76
122 122 122 122 122 122 122 122
76 76 76 76 76 76 76
201 201 201 201 201 201 201 201 201 201 201
185 185 76 76 10 76 10 185 152 76 10 142 10 76
76 76 76 76 76 76 76
76 76 76 76 76 76 76
252 252 252 34 252 34 252 252
174 174 174 174 174 174 174 174 174 174
76 76 76 76 76 76 76
10 10 122 10 122 10 122 122 122 10 162 122 122
188 194 194 188 191 194 194 188 268 268 194 194 188 188 188 194 194 188 194 268 188 194 268 188 194 268 194 188 268 194 194 194 188 194 191 194 188 203 268 188 194 268 188 194 268 268 188 188 194 188 191
10 10 10 10 10 10 10 10 119 10 10
43 43 43 43 43 43 43 43 43 43 43 43 43 43 43 43 43 43
252 185 185 299 185 252 252 252
122 122 122 122 122 122 122 122
76 76 76 76 76 76 76
149 149 252 252 122 122 122 122 122 252 122
174 174 174 174 174 174 174 174 174 174
76 76 76 76 76 76 76
122 122 122 122 122 122 122 122
10 10 10 146 252 252 10 252 10 10 252 10 10 10 10
10 10 76 10 76 76 76 142 10 76 142
87 10 10 252 10 10 252 252 252 10
76 76 76 76 76 76 76
76 76 76 76 76 76 76
122 122 122 122 193 122 122 122 122 122 122 122 122 122 122
252 252 10 10 252 87 10 10 252 10
252 252 252 34 185 185 185 185 252 185 185
76 76 76 76 76 122 252 252 76 252 252
122 122 122 122 122 122 122 122
76 76 76 76 76 76 76
122 252 76 76 76 252 76 76 252 252 76
122 122 122 122 122 122 122 122
252 252 34 252 252 252 252 252 252
10 252 252 10 87 252 10 252 10 10
76 76 76 76 76 76 76
76 76 76 76 76 76 76
174 174 174 174 174 174 174 174 174 174
288 288 288 288 288 288 288 288 288 288 288 288 288 288 288
174 174 174 174 174 174 174 174 174 174
76 76 76 76 76 76 76
10 10 122 252 10 127 10 122 10 10 10 10 252 122 122 127 10 252 10 267 10 122 10 10 231 122
76 76 76 76 76 76 76
43 43 43 43 43 43 43 43 43 43 43 43 43 43 43 43 43 43
252 252 252 299 252 185 185 252 252 252 185 185 104 185
10 185 10 10 76 76 10 185 76 10 185 206 10 252 10 10 185 76 185 76 252 10 252 76 10 185 252
252 10 10 252 252 252 10 252 252 127 252 10 252 10
122 122 122 122 122 122 122 122
122 122 122 122 122 122 122 122
48 10 10 10 185 185 185 10 10
122 122 122 122 122 122 122 122
152 152 152 152 152 152 152 152 152
76 76 76 76 76 76 76
10 10 185 185 185 10 48 10 10
76 76 76 76 76 76 76
122 122 122 122 122 122 122 122
122 122 122 122 122 122 122 122
43 194 43 194 227 194 194 43 194 194 198 71 196 194 51 43 43 194 43 51 194 194 43 51 194 194 194 194 227 196 194 43 194 194 194 196 43 196 194 43 194 194 196 51 43 194 194
76 76 76 76 76 76 76
152 152 152 152 152 152 152 152 152
76 76 76 76 76 76 76
76 76 76 76 76 76 76
10 10 10 10 20 114 114 10
43 43 43 43 43 43 43 43 43 43 43 43 43 43 43 43 43 43
76 76 76 76 76 76 76
43 43 43 43 43 43 43 43 43 43 43 43 43 43 43 43 43 43
10 10 10 252 252 87 10 87 252
224 224 224 224 224 224 224 224 224 224 224 224
76 76 76 76 76 76 76 76 76 161 76 76 76
10 252 10 180 34 10 252 10 34 252 252 252 10 10 252 252 10 10 10 10 34
174 188 194 174 194 188 191 194 194 188 268 268 194 194 188 188 188 194 194 174 188 174 194 268 188 174 174 194 268 188 194 174 274 194 188 274 194 194 194 188 194 191 194 188 203 268 188 194 268 188 194 268 268 188 188 194 188 191 174
122 122 122 122 122 122 122 122
288 288 288 288 288 288 288 288 288 288 288 288 288 288 288
10 252 10 10 87 10 10 252 252 252
76 76 76 76 76 76 76
76 76 76 76 76 76 76
34 252 10 252 10 10 204 190 10 10 34 252 10 10 10 10 113 10 87 10
174 204 10 10 174 10 10 174 174 174 174 174 174 10 174
152 152 152 152 152 152 152 152 152
119 10 10 10 10 10 10 10 10 10 10
76 76 76 76 76 76 76
224 224 224 224 224 224 224 224 224 224 224 224
288 288 288 288 288 288 288 288 288 288 288 288 288 288 288
188 188 188 188 188 188 188 188 188 188 188 188 188 188 188 188 188 188 188 188 188 188 188 188 188 188 188 188 188 188
174 174 174 174 174 174 174 174 174 174
87 10 10 252 252 10 10 252 252 10
76 185 76 76 104 185 76 76 185 76
10 76 10 10 10 172 10 76 10 76 10 10 76 10 76 10 76
288 188 288 188 288 210 188 288 188 188 188 188 288 188 188 288 188 288 188 288 188 288 188 188 288 188 288 288 188 188 188 188 188 188 188 210 188 188 188 188 288 188 188
252 185 299 252 185 185 252 252
76 76 76 76 76 76 76
122 122 122 149 252 252 252 252 122 122 122 122
185 299 185 185 185 185 185 185 185 185
76 76 76 76 76 76 76
76 76 76 76 76 76 76
10 10 10 252 10 252 252 10 87 252
122 122 122 122 122 122 122 122
76 76 76 76 76 76 76
10 119 10 10 10 10 10 10 10 10 10
252 76 10 10 252 76 76 252 10 252 252 76 10 252 10 10 252 10 10 10 252 252 10 10 10 10 252 76 252 76 252 10 10 238
10 185 10 185 48 10 10 10 185
87 252 10 10 10 10 10 252 252 252
122 122 122 122 122 122 122 122
188 194 194 188 191 194 194 188 268 268 194 194 188 188 188 194 194 188 194 268 188 194 268 188 194 268 194 188 268 194 194 194 188 194 191 194 188 203 268 188 194 268 188 194 268 268 188 188 194 188 191
252 76 252 122 76 252 76 252 76 76 76
76 76 76 76 76 76 76
252 252 252 252 252 252 252 252 34
202 202 202 202 202 202 202 202 202 202 202 202 202 202 202 202 202 202 202 202 202 202 202 202 202 202 202 202 202 202 202 202
10 10 10 142 10 76 76 76 76 10 76 76
10 113 10 10 10 10 113 113 10
76 76 76 76 76 76 76
152 152 152 152 152 152 152 152 152
76 76 76 76 76 76 76
10 10 34 10 252 94 94 252 284
76 76 76 76 76 76 76
252 10 252 157 10 10 10 10 10 10 10 10 10 185 185 185 252 252
76 76 76 76 76 76 76
152 152 152 152 152 152 152 152 152
76 76 76 76 76 76 76
122 122 122 122 122 122 122 122
22 22 22 22 22 22 22 22 22 22 22 22 22 22 22 22 22
252 87 10 10 252 10 10 252 10 252
204 10 152 252 34 34 152 152 152 252 152 299 10 152 252 152 10 152
10 119 10 10 10 119 10 10 10 10
43 22 288 72 22 22 43 36 171 36 22 288 43 288 43 288 43 288 288 43 288 22 43 22 288 43 43 288 72 288 288 288 43 43 22 22 43 22 288 22 36 36 288 36 43 43 43 22
252 252 228 201 204 201 252 201 252 267 201 252 252 252 201 201 201 201 201
43 43 43 43 43 43 43 43 43 43 43 43 43 43 43 43 43 43
152 152 152 152 152 152 152 152 152
10 10 10 10 10 10 10 10 10 10 119
188 194 194 188 191 194 194 188 268 194 194 194 188 188 188 194 194 188 194 268 188 194 268 188 194 268 194 188 268 194 194 268 188 194 191 194 188 203 268 188 194 268 188 194 268 268 188 188 194 188 191
10 10 10 10 10 119 10 10 10 10 10
10 252 10 10 252 10 252 87 252 10
76 76 76 76 76 76 76
10 174 10 204 204 174 10 174 174 174 174 174 174 10
76 76 10 76 10 200 76 76 76 76 76 76 185 185 185 76 20 10 87 10 76
34 252 252 34 252 34 34
10 220 152 76 152 195 76 10 10 10 152 152 76 10 76 152 152 76 152
152 152 10 152 180 10 152 10 152 10 152 152 152 10
76 76 76 76 76 76 76
43 43 43 252 43 252 43 252 43 43 43 43 43 43 43 252 43 43 43 43 53 43
10 142 10 76 76 76 10 76 10 76 10 76
185 10 10 10 252 10 10 20 10 10 267 10 10 252 10 10 185 10 252 190 10 10 185
122 122 122 122 122 122 122 122
20 252 20 252 20 252 252
152 152 252 152 184 152 152 252 252 252 252 166 152 252 166
252 76 122 76 76 122 252 76 252 76
43 43 43 43 43 43 43 43 43 43 43 43 43 43 43 43 43 43
76 76 76 76 76 76 76
76 10 10 142 76 10 76 10 76 10 76 76
10 87 252 10 252 252 252 10 10 10
76 76 76 76 76 76 76
76 76 76 76 76 76 76
76 76 76 76 76 76 76
185 10 10 185 10 185 10 48 10
202 202 202 202 202 202 202 202 202 202 202 202 202 202 202 202 202 202 202 202 202 202 202 202 202 202 202 202 202 202 202 202
152 152 152 152 152 152 152 152 152
76 252 252 76 76 122 252 76 252 76 76
252 252 252 252 185 252 252 252 185 76 185 252
10 10 122 122 10 10 10 122 162 122 122 122 122
10 10 119 10 10 10 10 10 10 10 10
252 10 87 87 10 10 10 252 252
174 174 174 174 174 174 174 174 174 174
76 142 10 10 10 76 76 10 76 10 76 76
122 122 122 122 122 122 122 122
10 104 149 76 76 76 76 34 76 10 10 34
20 224 76 224 256 10 224 224 76 10 113 10 10 10 10 224 76 224 22 10 10 113 224 224 10 20 10 10 10 224 10 10 10 224 10 10 10 76 10 76
76 76 76 76 76 76 76
10 10 252 10 10 252 10 87 252 252
252 76 76 76 252 252 252 76 76 122 76
76 76 76 76 76 76 76
10 10 10 119 10 10 10 10 10 10 10
185 185 252 299 252 185 252 252
76 76 76 76 76 76 76
122 10 10 10 122 10 10 10 10 76 10 10 10 10 104 10 10 122 10 10 10 104 76 149 10 122 104 266 10 10 76 10 122 122
43 43 194 199 76 43 194 194 194 230 76 43 194 194 59 43 43 194 194 43 43 194 76 43 43 194 194 43 59 43 76 194 194 194 199 194 76 43 194 194 194 194 194 76 194 194 194 59 194 194 194 194 59 194
10 113 10 10 10 10 10 113 10 10 10 10 10 157
10 10 10 10 10 10 10 10 10 10 119
202 202 202 202 202 202 202 202 202 202 202 202 202 202 202 202 202 202 202 202 202 202 202 202 202 202 202 202 202 202 202 202
76 76 76 76 76 76 76
252 252 10 10 252 87 10 252 10 10
76 76 76 76 76 76 76
76 76 76 76 76 76 76
122 122 122 122 122 122 122 122
76 122 122 122 76 76 76 122 174 122 76 122 122 76
43 1 43 89 224 147 43 224 147 107 43 249 201 305 147 224 313 224 238 147 60 224 60 201 147 7 224 43 224 67 60 110 57 201
252 152 252 152 34 152 252 252 20 152 252 252 152 152 87 214 152 20 152 252
201 201 201 201 201 201 201 201 201 201 201
264 264 264 264 264 264 264 264 264 264 264 264 264 264
201 201 201 201 201 201 201 201 201 201 201
201 201 185 201 185 201 201 201 201 201 201 201 208 185
224 224 224 224 224 224 224 224 224 224 224 224
174 174 174 174 174 174 174 174 174 174
122 122 122 122 122 122 122 122
63 10 63 63 63 63 10
152 152 152 152 152 152 152 152 152
201 201 201 201 201 201 201 201 201 201 201
22 22 22 22 22 22 22 22 22 22 22 22 22 22 22 22 22
122 122 122 122 122 122 122 122
163 238 238 174 174 174 163 174 152 302 187 238 238 152 152
122 122 122 122 122 122 122 122
90 90 90 90 90 90 90 90 90 90 90 90 90 90 90 90 90 90 90 90
122 122 122 122 122 122 122 122
122 122 122 122 122 122 122 122
201 201 201 201 201 201 201 201 201 201 201
252 10 10 87 252 10 252 252 10 10
90 90 96 264 90 125 280 125 90 90 125 90 90 125 125 90 264 90 125 90 125 125 264 125 264
76 76 76 76 76 76 76
76 76 76 76 76 76 76
152 152 152 152 152 152 152 152 152
34 252 252 252 252 252 252 252 252
152 152 152 152 152 152 152 152 152
122 122 122 122 122 122 122 122
76 76 76 76 76 76 76
76 76 76 76 76 76 76
76 76 76 76 76 76 76
152 172 172 172 152 172 172 172 172 172
174 174 174 174 174 174 174 174 174 174
152 152 152 152 152 152 152 152 152
122 122 122 122 122 122 122 122
201 201 201 201 201 201 201 201 201 201 201
43 144 79 318 22 309 43 43 62 122 22 43 22 62 315 152 315 43 43 43 164 43 22 122 122 122 43 43 56 43 152 122 22 102 22 22 56 308 152 92 308 43 43
90 90 43 113 135 43 264 22 314 90 148 139 22 124 22 148 43 139 5 113 90 90 54 113 90 66 167 311 264 205 22 155 155 170 22 124 90 43 10 22 76 209 22 155 124 76 124 264 82 176 311 124 43 38
252 201 185 228 201 152 252 228 185 201 228 228 252 228 185 252 152 228 246 201
76 76 76 76 76 76 76
152 152 152 152 152 152 152 152 152
257 201 201 201 201 152 152 152 201 152 152 201 257 152 201 257 201
68 68 68 68 68 68 68 68 68 68 68 68 68 68 68 68 68 68 68
224 224 224 224 224 224 224 224 224 224 224 224
76 76 76 76 76 76 76
174 174 252 252 193 174 174 193 174 252 174 174 174
76 76 76 76 76 76 76
90 90 43 117 43 90 61 43 90 61 43 43 90 90 90 61 156 156 156 156 90 90 43 90 156 156 90 90 61 156 43
122 122 122 122 122 122 122 122
76 76 76 76 76 76 76
113 113 76 113 113 10 113 76
252 10 48 48 10 48 48
152 152 152 152 152 152 152 152 152
76 76 76 76 76 76 76
122 122 122 122 122 122 122 122
122 122 122 122 122 193 122 122 122 122 122 122 122 122 122
161 161 122 122 76 161 122 161 161 76
122 122 122 122 122 122 122 122
201 76 76 76 201 201 76 201 201 201 233 76 201 201 201 76 201
152 152 152 152 152 152 152 152 152
201 244 201 201 272 103 181 272 201 263 122 76 237 207 272 201 27 272 201 201 272 201 91 201 201 201 244 76 272 201 272 237 111 201 122
122 252 122 252 122 122 122 252 122 149 252 122
152 152 152 152 152 152 152 152 152
104 185 76 185 76 76 76 76 185 76
122 122 122 122 122 122 122 122
10 152 122 152 152 122 152 152 10 122 122 152 231 122 152 122 10 10 122 152 10
152 152 152 152 152 152 152 152 152
22 22 22 22 22 22 22 22 22 22 22 22 22 22 22 22 22
174 174 252 252 193 174 174 193 174 252 174 174 174
76 76 76 76 76 76 76
224 224 224 224 224 224 224 224 224 224 224 224
76 76 76 76 76 76 76 76 76 76 76 76 161
94 252 10 136 252 94 10 10 94 252 10 252
224 224 14 225 224 224 225 224 224 224 224 224 224 224 224 224 224 224 228 224 224 224 224
10 76 76 142 76 10 76 10 76 10 10 76
122 122 122 122 122 122 122 122
76 76 195 76 152 152 152 152 76 195 152 152 76 152
220 152 152 152 152 152 152 220 220 152 220 152 152 152
122 233 233 190 174 122 174 174 161 122 174 122 174 190 122 190
201 174 174 174 269 204 174 174 174 174 174 174 174 174 174 10 174 10 174 174 201
76 76 76 76 76 76 76
122 122 122 122 122 122 122 122
185 76 214 174 220 185 174 76 76 174 174 174 185 214 76 174 174
122 122 122 122 122 122 122 122
122 122 122 122 122 122 122 122
177 127 127 152 152 76 127 152 76 76 177 152 211 152 152
152 152 152 152 152 152 152 152 152
152 152 152 152 152 152 152 152 152
122 152 195 152 152 122 195 195 195 122 195 152
252 252 185 252 252 299 185 185
152 152 152 152 152 152 152 152 152
76 76 10 10 76 165 10 10 94 76 76 165 94
152 152 152 152 152 152 152 152 152
264 264 264 264 264 264 264 264 264 264 264 264 264 264
122 122 122 122 122 122 122 122
122 122 122 122 122 127 122 122 127 122 122 122 122 122 122 122 122 239 122 122 122 122
10 10 136 48 10 48 10 48 252 10 10 10
122 122 76 76 122 174 174 76 76 122 122 122 76
185 76 76 76 76 185 185 76 104 76
76 76 76 76 76 76 76
152 10 10 10 10 180 152 152 152 152 152 152 152 10
76 76 76 76 161 76 76 76 76 76 76 76 76
122 122 122 122 122 122 122 122
174 174 174 174 174 174 174 174 174 174
201 201 201 201 201 201 201 201 201 201 201
10 252 48 48 48 10 48
76 76 76 76 76 76 76
122 122 122 122 222 166 76 76 122 122 166 122 122 122 122 76 166 122
90 90 90 90 90 90 90 90 90 90 90 90 90 90 90 90 90 90 90 90
152 152 152 152 152 152 152 152 152
22 22 22 22 22 22 22 22 22 22 22 22 22 22 22 22 22
76 76 321 104 76 76 185 76 185 76 185
22 22 22 22 22 22 22 22 22 22 22 22 22 22 22 22 22
152 152 152 152 152 152 152 152 152
152 152 152 152 152 152 152 152 152
76 76 10 10 10 76 10 76 142 76 76 10
76 76 76 76 76 76 76
76 76 76 76 76 76 76
76 76 76 76 76 76 76
152 152 152 152 152 152 152 152 152
264 264 264 264 264 264 264 264 264 264 264 264 264 264
76 76 76 76 76 76 76
68 68 68 68 68 68 68 68 68 68 68 68 68 68 68 68 68 68 68
76 76 76 76 76 76 76
252 20 252 252 252 20 20
152 152 152 152 152 152 152 152 152
76 76 76 76 76 76 76
174 174 174 174 174 174 174 174 174 174
152 122 152 122 10 152 122 10 152 122
152 152 152 152 152 152 152 152 152
90 90 90 90 90 90 90 90 90 90 90 90 90 90 90 90 90 90 90 90
76 76 76 76 76 76 76
224 224 224 224 224 224 224 224 224 224 224 224
122 122 122 122 122 122 122 122
152 152 152 152 152 152 152 152 152
152 152 152 152 152 152 152 152 152
76 122 76 174 122 122 122 122 76 76 174 122 76
252 252 152 152 152 252 185 177 152 152 152 152 152 185 252 185
225 201 10 201 10 201 10 10 48 201 201 201 201 201 206 206
122 122 122 122 122 122 122 122
244 272 244 272 272 272 272 244 244 272 272 272 201 272 201
76 185 104 76 76 185 76 185 76 76
152 152 152 152 152 152 152 152 152
122 122 206 201 248 201 201 122 201 122 138 201 201 122 201 201 122 206
152 233 152 152 172 172 172 152 220 233 172 233 152 172 152
68 68 68 68 68 68 68 68 68 68 68 68 68 68 68 68 68 68 68
76 76 174 122 122 122 122 122 76 76 122 76 76 122
122 76 122 122 256 122 185 76 122 10 122 122 76 122 122 76 122 10 122 122 10 76 122 76 122 10 185 10 185
6 146 76 119 146 201 201 76 76 76 201 201 201 152 76 119 174 240 146 76 6 122 119 201 201 201 76
264 264 264 264 264 264 264 264 264 264 264 264 264 264
122 122 122 122 122 122 122 122
10 185 185 185 48 10 10 10 10
76 76 76 76 76 76 76
122 122 122 122 122 122 122 122
76 76 76 76 76 76 76
201 201 201 201 201 201 201 201 201 201 201
76 76 76 76 76 76 76
122 122 122 122 122 122 122 122
122 122 122 122 122 122 122 122
122 122 122 122 122 122 122 122
90 90 90 90 90 90 90 90 90 90 90 90 90 90 90 90 90 90 90 90
122 122 122 122 122 122 122 122
76 76 76 76 76 76 76
252 76 76 252 76 76 252 122 76 252 76
76 252 76 10 76 252 10 10 252 76 76 76 252 10 10 162
90 90 90 90 90 90 90 90 90 90 90 90 90 90 90 90 90 90 90 90
122 122 122 122 192 122 122 122 192 122 192 122 122
152 152 152 152 152 152 152 152 152
152 152 76 76 152 76 152 152 195 195 152 76 76 152
252 167 152 152 252 152 152 152 152 252 152 252 152
177 149 149 10 76 10 76 10 76 177 76 10 76 76
76 76 76 76 76 76 76
122 122 122 122 122 122 122 122
152 152 152 152 152 152 152 152 152
174 174 174 174 174 174 174 174 174 174
10 119 10 10 10 10 10 10 10 10 10
152 152 152 152 152 152 152 152 152
90 76 90 90 10 90 90 252 90 90 90 90 267 90 90 10 76 101 90 10 90 90 90 90 91 90 90
174 174 174 174 174 174 174 174 174 174
152 152 195 152 10 76 220 10 152 76 152 76 76 10 152 152 10 142
68 68 68 68 68 68 68 68 68 68 68 68 68 68 68 68 68 68 68
185 185 185 185 185 252 185
22 22 10 113 37 122 122 122 22 10 22 10 172 22 122 122 172 113 122 22 122 22 113 122 122 126 10 22 37 122 122 122 22 37 122 10 22 10 122 76 167 22 122 122 76 122 22 122 22 122
76 76 76 76 76 76 76
162 172 10 152 48 142 122 10 142 10 122 172
224 224 224 224 224 224 224 224 224 224 224 224
76 76 76 76 76 76 76
174 174 174 174 174 174 174 174 174 174
122 122 122 122 122 122 122 122
43 43 43 43 43 43 43 43 43 43 43 43 43 43 43 43 43 43
152 152 152 152 152 152 152 152 152
152 152 152 152 152 152 152 152 152
22 22 22 22 22 22 22 22 22 22 22 22 22 22 22 22 22
174 174 174 174 174 174 174 174 174 174
174 174 174 174 174 174 174 174 174 174
76 76 76 76 76 76 76
174 174 174 174 204 204 174 10 174 10 174 10 174 10
122 122 122 122 122 122 122 122
162 122 122 122 122 10 122 10 122 10 122 10 10
76 76 76 76 76 76 76
152 152 152 152 152 152 152 152 152
22 22 22 22 22 22 22 22 22 22 22 22 22 22 22 22 22
252 122 252 122 122 122 149 122 252 252 122 122
76 76 76 76 76 76 76
152 152 152 152 152 152 152 152 152
76 76 122 76 172 172 122 172 122 122 122 76
252 122 122 252 185 161 122 185 252 252 122 122 185 122 122
122 174 174 166 174 251 122 122 76 174 166 174 174 76 76 122 251 174 174
43 151 70 22 43 43 76 44 55 185 22 43 22 44 30 43 43 43 145 43 76 22 24 185 43 43 40 43 22 22 50 127 40 76 22 98 24 43 185 43
252 76 76 252 76 76 76 252 122 76 252
152 152 152 152 152 152 152 152 152
122 122 122 122 122 122 122 122
122 122 122 122 122 122 122 122
152 152 152 152 152 152 152 152 152
76 76 76 76 76 76 76
122 122 122 122 122 122 122 122
174 174 174 174 174 174 174 174 174 174
224 224 224 224 224 224 252 224 252 224 224 224 252 252 224 235
122 10 122 122 122 10 162 10 10 122 122 122 10
76 76 76 76 76 76 76
152 152 152 152 152 152 152 152 152
174 174 174 174 174 174 174 174 174 174
152 152 152 152 152 152 152 152 152
201 160 90 43 132 152 43 264 316 174 243 141 234 68 201 174 201 264 141 43 152 201 74 297 168 68 160 303 174 201 201 90 122 154 88 168 122 68 264 122 68 152 122 90 174 154 213 261 68 217 174 43 314 68 174 90 176 174 201 122 154 168 174 68 124 13 130 128 306 68 105 80 306 201 85 90 68 68
10 76 252 76 200 76 48 48 76 252 10 10 152 10 10 252 252 252 76 10 10
76 76 76 76 76 76 76
152 122 9 76 252 185 252 76 10 185 122 76 252 284 252 122 172 152 76 172 122 185 76 122 76 252 252 20 284 76 252 252 76 122 76 76 122 185 185 252 122 10 122 76 152 252
76 76 76 76 76 76 76
252 252 252 252 252 252 252 252 104 252 252 252 252
201 152 252 152 76 152 252 201 195 152 201 252 293 201 152 76 152 76 201 201 152 252 76 201 201 76 201 201
122 122 122 122 122 122 122 122
193 122 193 10 122 10 10 193 122 10 10 10 122 193
76 76 76 76 76 76 76
201 201 201 201 201 201 201 201 201 201 201
264 264 264 264 264 264 264 264 264 264 264 264 264 264
122 122 122 122 122 122 122 122
224 252 224 224 252 224 224 224 252 224 224 224 235 224 224 252
10 10 122 20 20 10 10 10 10 10 10
122 122 122 122 122 122 122 122
193 174 174 174 174 174 252 174 193 174 252 252 174
152 152 152 252 167 152 152 252 152 152 252 152 252
174 174 174 174 174 174 174 174 174 174
76 76 76 76 76 76 76
122 122 122 122 122 122 122 122
76 252 76 76 252 76 76 122 252 252 76
90 90 90 90 90 90 90 90 90 90 90 90 90 90 90 90 90 90 90 90
76 76 76 76 76 76 76
43 43 43 43 43 43 43 43 43 43 43 43 43 43 43 43 43 43
160 90 90 90 68 160 160 160 90 160 68 68 90 90 160 68 68 68 90 90 90 160 68 90 160 93 68 80 90 68 68
201 201 201 201 201 201 201 201 201 201 201
10 167 76 167 167 122 167 167 76 122 122
152 152 152 152 152 152 152 152 152
122 10 122 10 10 122 10 122 122 122 10 162 122
48 10 185 10 185 10 10 185 10
122 122 122 122 122 122 122 122
76 76 76 76 76 76 76
177 149 149 10 76 10 76 10 76 177 76 10 76 76
160 90 96 264 90 68 68 280 169 160 90 169 68 264 169 90 90 169 68 90 264 68 90 125 90 169 68 125 169 129 68 80 264 68 68 68
76 76 76 76 76 76 76
201 201 201 201 201 201 201 201 201 201 201
76 76 76 76 76 76 76
201 201 201 201 201 201 201 201 201 201 201
76 76 76 76 76 76 76
122 122 122 122 122 122 122 122
76 76 76 76 76 76 76
76 76 76 76 76 76 76
152 152 152 152 152 152 152 152 152
76 76 76 76 76 76 76
43 43 22 131 224 76 175 43 201 224 55 201 22 175 179 201 140 201 272 201 43 22 76 108 127 22 31 304 31 238 173 22 201 43 43 108 255 22 224 43 22 140 43 76 137 201 201 85
122 76 152 165 152 76 123 252 300 76 152 152 122 252 152 76 300 76 252 152 87 10 76 152 123 152 165 152 216 33 76 76 206 152 252 161 127 152 10 10 76 76 152
76 76 76 76 76 76 76
22 22 22 22 22 22 22 22 22 22 22 22 22 22 22 22 22
76 76 76 76 76 76 76
122 122 122 122 122 122 122 122
122 76 122 166 166 76 166 122 76 166 122
43 43 43 43 43 43 43 43 43 43 43 43 43 43 43 43 43 43
122 122 122 122 122 122 122 122
10 10 172 76 10 10 10 76 10 76 10 76 76 76 10 10 10
76 76 76 76 76 76 76
152 152 195 152 76 195 152 152 76 152 76 152 76 76
25 312 22 319 39 31 22 22 39 152 31 72 22 72 22 31 152 22 320 22 31 152 72
152 252 152 252 152 152 252 152 152 152 252 152 167
264 264 152 152 8 152 264 152 152 264 264 264 264 152 152 264 264 264 152 264 264 264
76 76 76 76 76 76 76
152 152 152 152 152 152 152 152 152
10 10 76 10 76 76 10 10 142 76 76 76
152 152 152 152 152 152 152 152 152
76 152 87 152 152 76 76 152 157 152 76 200 76 152 152
152 152 152 152 152 152 152 152 152
222 122 122 174 122 122 174 122 10 122 8 122 10 122 122 122 174 174 10 10 174 122 122 222 174 122 122 8 122 122
152 152 152 152 152 152 152 152 152
201 201 201 201 201 201 201 201 201 201 201
87 10 252 10 10 252 252 10 10 252
22 22 22 22 22 22 22 22 22 22 22 22 22 22 22 22 22
122 122 122 122 122 122 122 122
152 152 152 152 152 152 152 152 152
174 122 174 215 174 174 215 122 215 174 122 215 215
76 76 76 76 76 76 76
48 10 185 10 185 10 185 10 10
76 76 174 122 76 122 122 122 76 76 122 174 122
122 122 122 122 122 122 122 122
174 174 174 174 174 174 174 174 174 174
152 152 152 152 152 152 152 152 152
174 174 174 174 174 174 174 174 174 174
10 185 10 10 185 185 10 48 10
122 122 122 122 122 122 122 122
122 122 122 122 122 122 122 122
76 76 142 76 10 10 76 10 10 76 10 76
193 76 76 122 76 76 122 252 122 76 76 252 252 122 122 252 122 122
76 76 76 76 76 76 76
122 122 122 157 284 252 252 122 122 185 122 284 122
146 10 76 10 10 20 76 87 76 76 10 76
43 90 90 69 22 218 22 90 43 43 37 21 22 47 22 43 21 43 252 43 43 22 90 43 0 224 95 22 43 43 22 183 43 116 224 116 22 236 95 90 22 252 178 90 224 134 90 252 116 95 22 95 3 133 22 118 22 80 43 95 22 224 43
122 122 122 122 122 122 122 122
122 122 122 122 122 122 122 122
76 122 174 76 122 122 122 122 76 122 76 174 76
76 76 76 76 76 76 76
174 174 174 174 174 174 174 174 174 174
43 43 43 43 43 122 43 43 43 43 43 46 43 43 122 43 43 122 122 122 43 127 43 122 75
76 76 76 76 76 76 76
177 152 177 142 275 122 122 122 122 152 10 152 152 119 122 192 142 177 192 138 177 152 193
122 122 122 122 122 122 122 122
174 174 174 174 174 174 174 174 174 174
122 10 10 122 122 162 162 10 122 122 10 122
122 122 122 122 122 122 122 122
152 152 152 152 152 152 152 152 152
174 201 10 10 10 174 174 201 10 174 174 10 10 10 10 174 174 224
76 76 76 76 76 76 76
185 122 122 122 122 122 185 185 138 122 122
122 252 122 252 122 122 252 149 252 122 122 122
152 10 185 10 185 20 152 152 193 157 152 185 152 152 10 152 10
264 264 264 264 264 264 264 264 264 264 264 264 264 264
252 20 252 252 20 20 252
252 146 146 252 146 76 122 165 122 252 252 146 146
76 76 76 76 76 76 76
152 152 152 152 152 152 152 152 152
76 76 76 76 76 76 76
76 76 76 76 76 76 76
76 76 76 76 76 76 76
76 122 225 10 193 122 10 76 193 76 76 10 122 76 10 10 122 193 76 10
76 76 76 76 76 76 76
177 177 152 152 152 177 177 177 152 76 76
122 152 195 152 152 122 122 195 195 195 195 152
122 152 122 152 152 122 122 122 152 152 122 152 211 122 152 152
68 68 68 68 68 68 68 68 68 68 68 68 68 68 68 68 68 68 68
160 90 96 264 90 68 68 280 169 160 90 169 68 264 169 90 90 169 68 90 264 68 90 125 90 169 68 125 169 129 68 80 264 68 68 68
76 76 76 76 76 76 76
185 252 185 185 185 185 185
224 201 152 2 201 228 258 201 228 224 224 224 2 2 224 2 224 201 2
43 43 43 43 43 43 43 43 43 43 43 43 43 43 43 43 43 43
201 201 201 201 201 201 201 201 201 201 201
201 201 201 201 201 201 201 201 201 201 201
76 142 76 10 10 76 10 10 76 10 76 76
122 122 122 122 122 122 122 122
76 76 76 76 76 76 76
152 152 152 152 152 152 152 152 152
122 174 174 76 166 174 251 122 76 174 166 174 174 122 76 122 251 174 174
90 90 90 90 90 90 90 90 90 90 90 90 90 90 90 90 90 90 90 90
113 76 76 113 76 167 76 113 76 10 113 76 76 76
152 122 152 122 10 152 122 10 152 122
146 10 10 252 10 252 10 10 10 10 252 10 10 10 252
252 252 10 10 10 10 252 10 87 252
195 252 252 162 252 10 252 48 122 122 252 122 10 122 252 252 138 252 162
252 185 252 252 252 185 185 299
122 122 122 122 122 122 122 122
252 252 252 10 252 10 10 252 127 252 252 10 10 252
264 264 264 264 264 264 264 264 264 264 264 264 264 264
122 122 122 122 122 122 122 122
201 201 201 201 201 201 201 201 201 201 201
43 43 43 43 43 43 43 43 43 43 43 43 43 43 43 43 43 43
76 76 76 76 76 76 76
160 90 96 264 90 68 169 280 169 160 90 169 68 264 68 90 90 169 68 90 264 68 90 125 90 169 68 125 169 129 68 80 264 68 68 68
76 76 76 76 76 76 76
76 76 76 76 76 76 76
174 122 174 122 122 172 172 152 172 122 122 122 174 174 281 17 122 177 252 122 215 299 252 122 172 174 215 152 172 122 252 215
252 252 252 252 252 34 252 252 252
76 76 76 76 76 76 76
76 76 76 76 76 76 76
201 201 201 201 201 201 201 201 201 201 201
122 122 122 122 122 122 122 122
76 122 122 76 174 122 122 122 122 122 76 76 76 76
152 152 152 152 152 152 152 152 152
90 90 90 90 90 90 90 90 90 90 90 90 90 90 90 90 90 90 90 90
122 122 122 122 122 122 122 122
76 76 76 76 76 76 76
122 122 122 122 122 122 122 122
6 146 76 119 146 201 201 76 76 76 201 201 201 152 76 119 174 240 146 76 6 122 119 201 201 201 76
122 152 122 122 127 122 152 152 122 214 157 152 152 122 152 152
201 10 10 201 201 201 201 224 201 10 10 224 201 201 201
174 174 174 174 174 174 174 174 174 174
152 172 172 172 152 172 172 172 172 172
224 224 224 224 224 224 224 224 224 224 224 224
76 76 76 76 76 76 76
201 201 201 201 201 201 201 201 201 201 201
177 177 152 152 152 177 177 177 152 76 76
10 252 252 10 10 252 252 87 10 10
152 152 152 152 152 152 152 152 152
122 122 122 122 122 122 122 122
76 76 76 76 76 76 76
122 10 201 224 10 201 208 122 10 10 122 201 10 10 201 201 122 10 122 122 201 48 201 201 138 10 283
174 174 174 174 174 174 174 174 174 174
122 122 122 122 122 122 122 122
152 152 152 152 152 152 152 152 152
122 122 122 122 122 122 122 122
76 76 76 76 76 76 76
152 152 152 152 152 152 152 152 152
122 122 122 122 122 122 122 122
76 76 76 76 76 76 76
152 152 152 152 152 152 152 152 152
76 76 76 76 76 161 76 76 76 76 76 76 76
174 174 174 174 174 174 174 174 174 174
174 174 174 174 174 174 174 174 174 174
48 122 76 76 122 48 10 119 208 122 10 76 76 122 122 122 122 149
152 152 152 152 152 152 152 152 152
122 122 122 122 122 122 122 122
76 76 76 76 76 76 76
264 264 264 264 264 264 264 264 264 264 264 264 264 264
264 264 264 264 264 264 264 264 264 264 264 264 264 264
76 76 76 76 76 76 76
90 90 90 90 10 90 90 90 90 90 10 20 90 90 91 90 90 90 10 90 90 97 10 90 90
122 122 122 122 122 122 122 122
252 119 252 252 252 252 252 252 252 185 20 185 63
252 252 252 34 252 34 252 252
152 152 152 152 152 152 152 152 152
152 152 152 152 152 152 152 152 152
10 10 152 10 10 10 185 152 10 122 10 193 152 272 185 10 10 152 122 152 122 10 185 10 152 193 152 122 193 152
122 122 122 122 76 260 87 122 76 122 10 94 104 76 94 122 122 122 76 122 76 122 10 162 10 122 122
10 185 10 185 10 185 48 10 10
122 122 122 122 122 122 122 122
224 224 224 224 252 252 252 224 224 235 224 224 224 224 224 252
76 76 76 76 76 76 76
76 76 76 76 76 76 76
201 201 201 201 201 201 201 201 201 201 201
152 152 152 152 152 152 152 152 152
76 76 76 76 76 76 76
174 174 174 174 174 174 174 174 174 174
76 76 76 76 76 76 76
201 201 201 201 201 201 201 201 201 201 201
201 244 201 201 272 103 159 272 201 250 122 221 207 272 201 27 272 201 201 272 201 91 201 201 201 244 272 201 272 221 103 201 122
152 252 167 252 152 152 152 152 152 152 152 252 252
76 76 76 76 76 76 76
122 122 122 122 122 122 122 122
152 152 152 152 152 152 152 152 152
76 76 76 76 76 76 161 76 76 76 76 76 76
174 222 152 222 222 152 174 174 222 152 222 174 222
201 201 201 201 201 201 201 201 201 201 201
76 76 76 76 76 76 76
48 10 10 10 185 185 10 185 10
76 76 76 76 76 76 76
122 122 122 122 122 122 122 122
76 76 76 76 76 76 76
201 10 216 201 201 10 216 201 201 216 201 201 216
264 264 264 264 264 264 264 264 264 264 264 264 264 264
76 76 76 76 76 76 76
152 152 152 152 152 152 152 152 152
152 201 152 201 201 76 152 201 152 76 201 76 152 76 76 76 201 152 152 152 201 201 281 201 201
122 122 122 122 122 122 122 122
224 224 224 224 224 224 224 224 224 224 224 224
252 185 87 48 185 185 10 10 48 48
174 174 174 174 174 174 174 174 174 174
201 201 201 201 201 201 201 201 201 201 201
122 122 122 122 122 122 122 122
122 122 122 122 122 122 122 122
152 264 264 152 264 152 264 264 152 152 264 152 264 264 152 264 264 264 264 8 264 152
174 122 174 122 122 122 122 174 174 122 174 225 174 174 174 122 174
224 224 224 224 224 224 224 224 224 224 224 224
122 122 122 122 122 122 122 122
76 76 252 122 76 252 252 76 76 252 76
201 201 201 201 201 201 201 201 201 201 201
224 224 224 224 224 224 224 224 224 224 224 224
10 76 10 76 10 76 10 76 142 76 76 10
10 76 122 10 10 76 10 142 193 76 10 172 10 122 10 122 149 10 122 142 76 122 10 162 122 122 122 10 10 122 287 10 10
76 10 252 76 152 76 48 48 252 252 252 76 10 252 167 76
152 152 152 152 152 152 152 152 152
122 122 122 122 122 122 122 122
299 185 252 299 252 185 252
76 76 76 76 76 76 76
174 222 152 174 222 152 222 174 222 152 222 174 222
76 76 76 76 76 76 76
10 252 185 185 10 10 119 185 63 252 185 63
122 122 122 122 122 122 122 122
201 201 201 201 201 201 201 201 201 201 201
201 201 201 201 201 201 201 201 201 201 201
244 272 244 272 272 272 272 244 244 272 272 272 201 272 201
224 224 224 224 224 224 224 224 224 224 224 224
224 224 224 224 224 224 224 224 224 224 224 224
193 174 174 174 174 174 252 174 193 174 252 252 174
264 264 264 264 264 264 264 264 264 264 264 264 264 264
185 201 185 201 201 185 208 201 201 201 201 201 201 201
122 122 122 122 122 122 122 122
122 138 185 122 185 122 185 122 122 122 122
174 76 136 152 252 76 138 76 252 162 152 152 136 258 252 152 252 76 174 119 152 152 152 76
76 76 76 76 76 76 76
201 201 201 201 201 201 201 201 201 201 201
10 10 119 10 10 10 10 10 10 10 10
201 201 201 201 201 201 201 201 201 201 201
161 161 76 122 122 76 225 252 76 252 122 161 252 161 76 193 252 76 76 252 252
122 122 122 122 122 122 122 122
90 90 90 90 90 90 90 90 90 90 90 90 90 90 90 90 90 90 90 90