23 23 23 23 23 23 23
23 23 23 23 23 23 23 23 23 23 23 23 23
23 23 23 23 23 23 23
23 23 23 23 23 23 23
12 23 23 12 23 23 23 12 23 12
12 12 12 23 12 23 23 23
23 23 23 23 23 23 23
12 12 12 23 12 23 23 23
23 23 23 23 23 23 23 23 23 23 23 23 23
23 23 23 23 23 23 23 23 23 23 23 23 23 23 23 23 23 23 23 23 23 23
23 23 23 23 23 23 23 23
23 23 23 23 23 23 23 23 23 23 23 23 23 23 23 23 23
23 23 23 23 23 23 23 23
10 23 23 23 23 23 10 23 23 12 23 23 23 23 12 23 23 23 23 23 4 23
23 23 23 23 23 23 23
23 23 23 23 23 23 4 23 23 23 23 23 4 23 4 23
23 23 23 23 23 23 23 23 23 23 23 23 23 23
23 23 23 23 23 23 23
23 23 23 23 23 23 23 23 23
23 23 23 23 23 23 23 23
23 23 23 23 23 23 23 23 23 23 23 23
23 23 23 23 23 23 23 23 23 23 23 23 23 23 23 23 23 23 23 23 23 23 23 23
23 23 23 23 23 23 23 23 23
23 23 23 23 23 23 23 23 23 23 23 23 23 23
23 23 23 23 23 23 23
23 23 23 23 12 15 23 12 23 23 23 12 23 23 12 12 23 23 12 12 23 16
23 23 23 23 23 23 23 23 23 23 23 23 23 23 23 23 23 23 23 23 23 23 23 23 23 23 23 23 23 23 23 23 23 23 23 23 23 23
23 23 23 23 23 23 23 23 23 23 23 23 23 23 23 23 23 23 23 23 23 23 23 23 23 23 23 23 23 23 23 23 23 23 23 23 23 23
23 23 23 23 23 23 23 23 23 23 23 23 23 23 23
23 23 23 23 23 23 23
23 23 23 23 23 23 23 23 23
23 23 23 23 23 23 23 23 23
12 12 12 15 12 12 12
23 23 23 23 23 23 23 23 23 23 23 23 23
23 23 23 23 23 23 23 23
23 23 23 12 12 23 23 23 23 23 12 23 23 12 23
23 23 23 23 23 23 23 23 12 12 23 12 23 23 23 12 23 23 23 23 23 23
23 23 23 23 23 23 23 23 23 23 23 23 23 23 23 23
23 23 23 23 23 23 23 23 23 23 23 23 23 23 23 23 23 23 23 23 23 23 23 23 23 23 23 23 23 23 23 23
23 23 23 23 23 23 23
12 23 23 23 23 23 23 23 23 12 23 23 12 12 23 23 23
23 23 23 23 23 23 23 23 23 23 23 23
23 23 23 23 23 23 23 23 23 23 23 23
23 23 23 23 23 23 23 23 23 23 23 23 23 23 23 23 23 23 23 23 23 23
23 23 23 23 23 23 23 23 23
23 12 12 23 12 12 12 12 23 12 12 23 12 12 12 23 12 23 19
23 23 23 23 23 23 23 23 23
23 23 23 23 23 23 23
23 23 23 23 23 23 23 23 23 23 23 23 23 23 23 23 23 23 23 23 23 23
23 23 23 23 23 23 23
23 23 23 23 23 23 23
23 23 23 23 23 23 23 23 23 23 23 23 23 23 23 23 23
23 23 23 23 23 23 23 23
23 23 23 23 23 23 23 23 23 23 23 23 23 23 4 4 23 23 23 23 23 23 23 23 23 23 23 23 23 23 23 4 23 23 23 23
23 23 23 23 23 23 23 23 23 23 23 23 23 23 23 23
23 23 23 23 23 23 23 23 23 23 23 23 23 23 23 23 23 23 23 23 23 23 23 23 23 23
23 12 23 23 15 12 23 12 23 15 12
23 12 12 15 23 12 23 12 12 23 12
23 23 23 23 23 23 23
23 23 23 23 23 23 23 23
23 23 23 23 23 23 23 23 23 12 23 12 23 23 23 23 23 23 23 23 12 23 23 23 23 23 23 23 23 23 23 12 23 23 23 23 23 23
23 23 23 23 23 23 23 23 23 23 23 23 23 23 23 23 23
23 12 23 23 23 23 23 12 12 23 23 23 23 12 23
23 23 23 23 23 23 23 23 23 23 23 23
12 12 23 12 23 23 12 23 23 23
23 23 23 23 23 23 23 23 23 23 23 23 23 23 23 23 23 23 4 23 23 23 23 23 4 4 23 23 23
23 23 23 23 23 23 23 23
4 3 23 23 23 12 23 3 23 23 23 12 23 12 12
23 23 23 23 23 23 23 23 23 23 23 23 23 23 23 23 23 23 23 23 23 23 23 23 23 23 23
23 23 23 23 23 23 23 23 23 23 23 4 23 23 23 23 23 23 23 4 23 23 4 23 23 23 23 23
23 23 23 23 23 23 23 23 23 23 23 23
23 23 23 23 23 23 23 23
23 23 23 4 23 23 23 23 23 23 23 4 4 23 23 23 23 23 23 23
23 23 23 23 23 23 23 23 23 23
23 23 23 23 23 23 23 23 23 23 23 23
23 23 23 23 23 23 23 23 23 23 23 23 23 23 23 23 23 23 23 23 23 23 23 23 23 23 23 23 23 23 23 23 23 23 23 23 23 23
23 23 23 23 23 23 23 23 23 23 23 23 23 23 23 23 23 23 23 23 23 23
23 23 23 23 23 23 23 23 23 23
23 12 23 12 12 13 23 23 23 12 23 23 10 23 23 10 23
23 23 23 23 23 23 23 23 23
4 23 23 23 23 2 23 23 12 23 12 12 3 12 12
23 23 23 23 23 23 23 23 23 23 23 23 23 23 23 23 23 23 23
23 23 23 23 23 23 23 23 23 23
23 23 23 23 23 23 23 23 23 23
23 23 23 23 23 23 23 23 23 23 23 23 23 23 23 23 23 23 23 23 23 23 23
23 23 23 23 23 23 23
23 23 23 23 23 23 23 23
23 23 23 23 23 23 23 23 23 23
23 23 23 23 23 23 23
23 23 23 23 23 23 23 23 23 23 23 23 23
23 23 23 23 23 23 23 23 23 23 23 23 23
23 23 23 12 23 12 23 23 23 23 23 23 23 23 23 23 23 23 23 23 23 12 23 23 12
23 23 23 23 23 23 23 23
23 23 23 23 23 23 23
23 23 23 23 23 23 23 23 23 23 23 23 23 23 23 23 23 23 23 23 23 23 23 23 23 23 23 23 23 23 23 23 23 23 23 23 23 23
23 23 23 23 23 23 23
23 23 23 23 23 23 23 23 23 23
23 23 23 23 23 23 23 23 23 23 23 23 23 23 23
23 23 23 23 23 23 23 23 23 23 23 23 23 23 23
23 23 23 23 23 23 23 23 23 23
23 23 23 23 23 23 23 23
23 23 23 23 23 23 23 23 23 23 23 23 23
23 23 23 23 23 23 23 23 23 23 23
23 23 23 23 23 23 23
23 4 23 23 4 4 23
23 23 23 23 23 23 23 23
12 12 23 23 12 23 23 12 23
23 23 23 23 23 23 23 23 23 23 23 23
23 23 23 23 23 23 23 23 23 23 23 23 23
23 23 23 23 23 23 23 23 23 23 23 23 23 23 23 23 23
12 12 12 12 12 12 20 12 15 12 12 12 12 15
23 23 23 23 23 23 23 23 23 23 23 23 23 23 23 4 23 23 23 23 23 23 23 23 23 23 4 4 23
23 23 23 23 23 4 23 23 23 23 23 23 23 23 23 4 23 23 23 23 23 23 23 23 23 4 23 23 23 23 23 23 23 23
23 23 23 23 23 23 23
23 23 23 23 23 23 23 23
23 23 23 23 23 23 23 23 23 23 23 23 23 23 23
23 23 23 23 23 23 23 23
12 23 23 23 12 12 12 15 23 23 23 23 23 23 23 23 23 23 23 23 23 12 12 23 23 23 23 23
23 23 23 23 23 23 23 23
12 23 23 23 23 23 23 23 23 23 23 12 23 12 23 23 23 23 23 23 23 12 23 23 23 23 23
23 23 23 23 23 23 23 23 23 23
12 10 12 12 2 12 13
23 23 23 23 23 23 23 23 23
23 23 23 23 23 23 23 23 23 23
23 23 23 23 23 23 23 23
23 23 23 23 23 23 23 23 23 23 23 23
23 23 23 23 23 23 23 23 23 23
23 23 23 12 12 12 23 12 23 23
23 23 23 23 23 23 23 23 23 23 23 23 23 23 23 23 23 23
23 23 23 12 12 23 23 12 23 12 23
23 23 23 23 23 23 23 23 23
23 23 23 23 23 23 23 23 23 23 23 23 23 23 23 23 23 23
23 23 23 23 23 23 23 23 23
23 23 4 4 4 23 23 23
15 12 12 12 12 12 12
23 23 23 23 23 23 23 23 23 23
23 23 23 23 23 23 23 23 23 23 23 23 23
12 23 12 12 23 23 23 23 23 23 23 23 12 23 23 23 23 23 23 23 23 23 23
23 23 23 23 12 23 23 23 23 12 23 12 23 23 23 23 23 23 23 12 23 23
23 23 23 23 23 23 23 23 23 23 23
23 23 23 23 23 23 23 23 23
23 23 23 23 23 23 23 23 23
23 23 23 23 23 23 23 23
23 23 23 23 23 23 23 23
23 23 23 23 23 23 23 23 23 23 23 23 23 23 23
23 23 23 23 23 12 12 12 12 12 23 12 23 23 23 23 15
23 23 23 23 23 23 23 23
23 23 23 23 23 23 23 23 23
23 23 23 23 23 23 23 23
23 23 23 23 23 23 23 23 23 23 23 23 23 23 23
23 23 23 23 23 23 23 23 23 23 23
23 23 23 23 23 23 23 23
23 23 23 23 23 23 23 23 23 23
23 23 23 23 23 23 23 23 23 23 23 23 23 23 23
23 23 23 23 23 23 23 23 23 23 23
23 23 23 23 23 23 23 23 23 23 23 23
12 12 23 23 12 12 23 23
4 23 23 23 23 4 4 23 23 23 23 23 23 23
23 23 23 23 23 23 4 23 23 23 23 23 23 4 23 23 23 23 23 4 23 23 23 23 23
23 23 23 23 23 23 23 23 23 23 23 23 23 23 23 23 23 23 23 23 23 23 23 23 23 23
23 23 23 23 23 23 23 23
23 23 12 12 23 12 23 12
23 23 23 23 23 23 23 23 23 23 23 23 23 23 23 23 23 23 23 23 23 23 23 23 23 23 23 23 23
23 23 23 23 23 23 23 23 23 23 23 23 23 23 23 23
23 23 23 23 23 23 23 23 23 23 23 23 23 23 23
23 23 23 23 23 23 23 23 23 23 23 23 23 23 23 23 23 23 23
23 23 23 23 23 23 23 23 23 23 23 23
23 23 23 23 23 23 23 23
12 23 23 23 23 23 1 12 23 23 23 23 12 9
23 23 23 23 23 23 23 23 23 23 23 23 23 23 23 23 23 23 23 23 23 23 23 23 23 23 23
23 23 4 4 23 7 23 23 23 23 23 23 23 23 23 23 23 23 23 23 23 23 23 23 23 23 23 23 23 23 23 23 23 23 23 4 23 4 23 23 23 23 23 23 23 4 23 23 4 23
12 12 12 12 12 15 12
23 23 23 23 23 23 23 23 23 23 23 23 23 23 23 23 23
23 23 23 23 23 23 23 23 23 23 23 23 23 23 23 23 23 23 23 23 23 23 23 23 23 23 23 23
23 23 23 23 23 23 23 23
23 23 23 23 23 23 23 23
23 23 23 23 23 23 23
23 23 23 23 23 23 23
23 23 23 12 23 12 23 23 23 23 12 23 12 23 23 23 23
23 23 23 23 23 23 23 23 23 23 23 23 23 23 23 23
23 23 23 23 23 23 23 23
23 23 23 23 23 23 23 23 23 23 23 23 23 23 23 23 23
23 23 23 23 23 23 23 23 23 23
23 23 23 23 23 23 23
23 4 4 4 23 23 23
23 23 23 23 23 23 23 23
23 23 23 23 23 23 23 23 23 23 23 23 23 23 23 23 23 23 23 23 23 23 23
23 23 23 23 23 23 23 23 23 23 23 23 23 23 23
23 23 23 23 23 23 23 23 23
23 23 23 23 23 23 23 23 23 23 23 23 23 23 23 23 23 23 23 23 23 23
12 12 23 23 23 12 23 12 23 23 23
23 23 23 23 12 23 12 23 23 12 12
23 23 23 12 23 23 23 15 23 12 23 23 23 23 23 23 12 23 12 23 23 23 23 12 23 23 12 23 23 23 23 23 23 23 23 23 23
4 23 23 23 23 23 23 23 4 23 23 23 23 23 23 23 23 23 23 23 23 23 23 23 23 23 4 23 23 23 23 23
23 23 23 23 23 23 23 23 23 23 23 23 23 23
23 23 23 23 23 23 23 23 23 23
23 23 23 23 23 23 23 23 23 23 23 23 23 23 23 23 23 23 23 23 23
23 23 23 23 23 23 23 23
4 23 23 23 4 23 23 23 23 23 23 23 23 23 5 5 23 23 23 23
23 23 12 13 23 23 23 23 23 23 23 23 23 23 23 23 23 23 4 23 23 12 23 23 23 23 23 2 23 23 12 23 12 23 23 12 23 23 23 23 23 23 23 23
23 12 12 12 15 23 12 23 23 12 12 23
23 23 23 23 23 23 23 23 23 23
23 23 23 23 23 23 23
23 23 23 23 23 23 23 23 23 23
23 23 23 23 23 23 23 23 23
23 23 23 23 23 23 23
23 4 4 23 23 23 23 23 4
23 23 23 23 23 23 23 23 23 23 23 23 23
23 23 23 23 23 23 23 23 23
23 23 23 23 12 12 12 12
23 23 23 23 23 23 23 23 23 23 23 23 23 23
23 23 23 23 23 23 23 23 23 23
12 23 23 23 12 23 12 23 23 23 12 23 23
23 23 23 23 23 23 23 23 23 23 23 23 23
23 23 23 23 23 23 23 23 23 23 23 23
23 23 23 23 23 23 23
23 23 23 23 23 23 23
23 23 23 23 23 23 23 23 23
23 23 23 23 23 23 23 23 23
23 23 23 23 23 23 23 23
23 23 23 23 23 23 23 23 23 23
23 23 23 23 23 23 23
23 23 23 23 23 23 23 23 23
23 23 23 23 23 23 23 23 23 23 23 23 23
23 23 23 23 23 23 23 23 23
23 23 23 23 23 23 23 23 23 23 23 23 23 23 23 23 23 23
23 23 23 23 23 23 23 23 23 23 23 23 23 23 23 23 23 23 23 23 23 23
23 23 23 23 23 23 23 23 23 23 23 23 23 23 23 23 23
12 12 12 12 12 12 12 15 12 22 12 12 12 12 12 12 12 12
23 23 23 23 23 23 23 23 23 23 23
23 23 23 23 23 23 23 23 23 23 23 23 23 23
23 23 23 23 23 23 23 23 23 23
23 4 23 23 23 23 23 23 4 23 23 23 23 23 23 23 23 4 23 23 23 23 23 23 23 23 23
23 23 23 23 23 23 23
23 23 23 23 23 23 23
23 23 23 23 23 23 23 23 23 23 23 23
23 23 23 23 1 0 23 23 12 23 23 23 23 12 23 23 12 23
23 23 23 23 23 23 23 23
12 23 23 23 12 12 15 15 12 23 23 23
23 23 23 23 23 23 23 23 23 23 4 23 23 23 23 4 23 23 23 23 23 23 23 23 23 23 23 23 23 23 23 2 23 23 23 23 12 23 23 23 23 23 23 23 23 12 23 23 23 23 23 12
23 23 23 23 23 23 23 23 23 23 23 23 23 23 23 23 23 23 23 23
23 23 23 23 23 23 4 23 23 23 23 23 12 23 23 23 23 23 23 23 23 12 12 23 23 10 23 23 23 4 23 23 23 23 23 23 23 23 23 23 23 23 23 23 23 23 23 23
23 23 23 23 23 23 23
23 23 23 23 23 23 23 23 23 23 23 23 23 23 23 23 23 23 23 23 23 23
23 23 23 23 23 23 23 23 23
23 23 23 23 23 23 23
23 23 23 23 23 23 23
23 23 23 23 23 23 23
23 23 23 23 23 23 23 23
23 23 23 23 23 23 23 23 23
23 23 23 23 23 23 23 23 23 23
23 23 23 23 23 23 23 23 23 23
23 23 23 23 23 23 23
23 23 23 23 23 23 23 23
23 23 23 23 23 23 23
23 23 23 23 23 23 23 23
23 23 23 23 23 23 23 23 23 23 23 23 23 23 23 23 23 23 23 23 23 23
23 23 23 23 23 23 23 23 23 23 23 23 23 23 23 23 23 23 23 23
23 4 23 23 23 23 23 23 4 23 23 23 23 23 23 23 23 23 4
23 23 23 23 23 23 23 23 23 23 23
15 17 12 10 12 12 1 12 15 23 4 23 12 12 23 12 23 23
23 23 23 23 23 23 23 23 23 23 23 23
23 23 23 23 23 23 23 23
23 23 23 23 23 23 23 23 23
23 23 23 23 23 23 23 23 23 23 23 23 23 23 23 23 23 23 23 23 23 23 23 23 23 23 23 23 23 23 23 23 23 23 23 23 23 23
23 23 23 23 23 23 23
23 23 23 23 23 23 23 23 23 23 23 23 23 23 23
23 23 23 23 23 23 23 23
23 23 23 23 23 23 23 23 4 23 23 23 23 23 23 23 23 23 23 23 23 23 23 23 23 23 23 23 4 23 23 23 23 23 4 23
12 23 23 23 23 23 23 23 23 23 23 23 23 23 23 23 23 23 23 23 12 23 23 23 12 23 23 12 23
23 23 23 23 23 23 23
23 23 23 23 23 23 23 12 23 23 23 23 23 23 23 12 12 23 23 23 23 23 23 12 23 23 23 23 23 23
23 23 23 23 23 23 4 13 23 23 15 23 23 23 23 23 23 23 12 23 23 15 4 23 23 23 23 23 23 12
23 23 23 23 23 23 23 23 23 23
12 23 23 23 23 4 12 12 12 23 23 23 12 12 23 12 12 18 12 12 23 12 10 23
23 23 23 23 23 23 23 23 23 23
23 23 23 23 23 23 23
23 23 23 23 23 23 23 23 23 23 23 23
23 23 23 23 23 23 23 23 23 23 23 23 23 23 23 23 23 23 23 23 23 23 23 23 23 23 23 23 23 23 23 23 23 23 23 23 23 23 23 23
23 23 23 23 23 23 23 23 23 23 23 23 23 23 23 23 23 23
23 23 23 23 23 23 23
23 23 23 23 23 23 23 23 23 23 23 23 23 23 23 23 23 23 23 23
23 23 23 23 23 23 23 23 23 23 23 23 23 23 23 23 23 23 23 23
23 23 23 23 23 23 23 23 23 23
23 23 23 23 23 23 23 23 23
23 23 23 23 23 23 23
23 23 23 23 23 23 23 23 23 23 23 23 23 23 23 23 23 23
23 23 23 23 23 23 23 23 23 23 23 23 23 23 23
23 23 23 23 23 23 23 23 23
23 23 23 23 23 23 23 23 23 23 23 23
23 23 23 23 23 23 23 23 23 23 23 23 23 23 23 23 23 23 23 23
23 23 23 23 23 23 23 23
23 23 23 23 23 23 23 23 23 23 23 23 23 23 23 23 23 23 23 23 23 23
23 23 23 23 23 23 23 23 23 23 23
12 12 23 23 23 23 23 23 23 23 12 15 23 12 12 12 23 23
23 23 23 12 12 23 12 23 23 12 23 23 23
23 23 23 23 23 23 23
23 23 23 23 23 23 23 23 23
23 23 23 23 23 23 23 23 23 23 23 23 23 23 23 23 23 23 23 23 23 23 23 23 23 23 23 23 23 23 23 23 23
23 23 23 23 23 23 23 23 23 23
23 23 23 23 23 23 23 23
12 23 12 23 23 12 12 23 23
23 23 23 23 23 23 23 23 23 23 23 23 23 23 23 23 23
23 23 23 23 23 23 23
23 23 23 23 23 23 23
23 23 23 23 23 23 23
23 23 23 23 23 23 23
23 23 23 23 23 23 23
23 23 23 23 23 23 23 23
23 23 23 23 23 23 23
23 23 23 23 23 23 23 23 23 23
12 12 16 15 12 12 12 12 12
23 23 23 23 23 23 23 23
23 23 23 23 23 23 23 23 23 23 23
23 23 23 23 23 23 23
23 23 23 23 23 23 23 23 23 23 23 23 23 23 23 23 23 23 23 23
23 23 23 23 23 23 23 23 23 23 23 23 23 23
23 23 23 23 23 23 23 23 23 23 23 23 23 23 23 23 23 23 23 23 23 23 23 23 23 23 23
23 23 23 23 23 23 23 23 23 23
23 12 12 12 23 23 23 12
23 23 23 23 23 23 23 23 23 23
23 23 23 23 23 23 23 23
23 23 23 23 23 23 23 23 23 23 23 23 23 23 23
23 23 23 23 23 23 23 23 23 23
23 23 23 23 23 23 23 23 23 23
12 23 12 12 23 23 23 12
23 23 23 23 23 23 23 23 23
23 23 12 23 23 23 23 12 23 12 23 23 23 12 23
23 23 23 23 2 23 4 12 23 23 12 23 23 23 4 23 12 23 23 23 23 23 23
23 23 23 23 23 23 23 23 23 23
23 23 23 23 23 23 23 23 23 23 23 23 23 23 23 23 23 23 23 23 23 23 23 23 23 23 23 23 23
12 23 12 23 12 23 23 23 23 12 23 23
23 4 12 12 15 4 23 4 12 23 12 12 4 23 12 23 4 12 12 4 23 4 23 23 23 23 12 23 23 4 15 8 4 23 23 4 12 12
23 23 23 23 12 23 23 23 12 23 23 23 23 23 23 23 23 23 23 23 23 12 23 23 12 23 23
23 23 23 23 23 23 23 23 23 23 23 23 23 23
23 23 23 23 23 23 23
23 23 23 23 23 23 23 23 23 23 23 23 23 23 23 23 23 23 23 23 23 23 23 23 23 23 23 23 23
23 12 12 23 23 12 23 23 23 23 12
23 23 23 23 23 23 23
23 23 23 23 23 23 23 23 23 23 23 23 23 23 23 23 23 23
23 23 23 23 23 23 23 23 23 23 23 23 23 23 23 23 23 23 23 23 23 23 23 23 23 23 23 23 23 23 23 23 23 23 23 23 23 23
23 23 23 23 23 23 23 23 23 23 23 23 23 23 23 23 23 23 23 23
23 23 23 23 23 23 23 23 23 23 23 23 23 23 23 23 23 23 23 23
23 23 23 23 23 23 23 23 23 23 23 23
23 23 23 23 23 23 23 23 23 23 23 23 23 23 23 23 23
12 23 23 12 23 23 23 23 23 12 12 23
23 23 23 23 4 4 4 23 23 23 23 23 23 23
23 23 23 23 23 23 23
12 23 23 23 12 12 12 23 23 23 23 23 23 23 23 23
23 23 23 23 23 23 23 23 23 23
23 23 23 23 23 23 23 23
23 23 23 23 23 23 23 23 23 23 23
23 23 23 23 23 23 23 23
23 23 23 23 23 23 23 23
23 23 23 23 23 23 23 23 23
12 23 12 23 12 23 12 23 23 23 23
15 23 23 23 23 21 23 23 23 12 15 23 18 23 12 23 12 23 23 23 23 23 23 4 23 23 23 23 23 23 23 10 16 23 4 23 23 23 12 15 23
23 23 23 23 23 23 23 23 23
23 23 23 23 23 23 23 23 23 23 23 23 23 23 23 23 23 23
23 23 23 23 23 23 23 23 23 23 23
23 23 23 23 23 23 23 23 23
23 23 23 23 23 23 23 23 23 23 23 23 23 23
23 23 23 23 23 23 23 23 23
23 23 23 23 23 23 23 23 23
23 23 23 23 23 23 23 23 23 23 23 23 23 23 23 23 23
23 23 23 23 23 23 23
23 23 23 23 23 23 23
23 12 23 23 23 12 23 23 12 12 12 23 23 12 12 23 12 23 12 23 23 16 23 23
23 23 23 23 23 23 23 23 23 23 23 23 23 23 23 23 23 23 23 23 23 23 23 23
23 23 23 23 23 23 23 23 23 23 23 23
23 23 23 23 23 23 23 23 15 23 23 23 12 12 12 23 12 15
23 4 23 23 23 4 23 23 23 23 23 4 23 23 23 23
23 23 23 23 23 23 23 23 23 23
23 23 23 23 23 23 23
23 23 23 23 23 23 23 23 23 23 23
12 23 13 23 23 12 23 10 12 23 4 12 23 23 23 12 23
23 23 23 23 23 23 23 23 23
23 23 23 23 23 23 23 23 23
23 23 23 12 23 12 23 23 23 23 23 23 23 23 23 23 23 23 23 23 23 23 23 23 23 23 12 23 23 23 23 23 23 23 23 23 23 23 23 23 23 23 12
23 23 23 23 23 23 23 23
23 23 23 23 23 23 23 23
23 23 23 23 23 23 23
23 23 23 23 23 23 23 23 23 23 23 23 23 23 23 23 23
23 23 23 23 23 23 23
23 23 23 23 23 23 23 23 23 23 23 23 23 23
23 23 23 23 23 23 23 23 23 23 23 23 23
23 23 23 23 23 23 23 23 23 23 23 23
23 23 23 23 23 23 23
23 23 23 23 23 23 23
23 23 23 23 23 23 23 23 23
23 23 12 12 23 12 23 23 23 23 23 12 23
23 23 23 23 23 23 23 23 23 23 23 23 23 23 23 23
23 23 23 23 23 23 23
23 23 23 23 23 23 23 23 23 23 23
23 23 23 23 23 23 23 23 23 23 23 23
23 23 23 23 23 23 23
12 12 12 23 23 12 23 23 23
23 23 23 23 23 23 23 23 23 23 23 23 23 23 23 23 23 23 23 23 23 23 23 23 23 23 23 23 23 23 23 23 23 23 23 23 23 23
23 23 4 4 23 23 23 23 4 23 23 23 23 23
23 12 12 15 23 23 23 12 12 12 12
23 23 23 23 23 23 23 23 23 23
23 23 23 23 23 23 23
23 23 23 23 23 23 23 23 23 23 23 23 23 23 23 23 23
23 23 23 23 23 23 23 23
12 12 12 12 15 12 12
23 23 23 23 23 23 23
23 23 12 12 12 23 12 23 23 23
23 23 23 23 23 23 23 23
23 23 23 23 23 23 23 23 23 23 23 23 23 23 23 23 23 23 23 23 23 23 23 23 23 23
23 23 23 23 23 23 23
23 23 23 23 23 23 23 23 23 23 23 23 23
23 23 23 23 23 23 23
23 23 23 23 23 23 23
23 23 23 23 23 23 23 23 23
23 23 23 23 23 23 23 23 23 23 23 23 23 23 23 23 23 23 23 23 23 23
23 12 12 23 23 4 23 4 23 23 12 23 23 23 23 4 23 12 23 23 23 23 12 23 23 4 14 23 23 23 12 23 23 23 23
23 23 23 23 23 23 23 23 23 23 23 23 23 23 23 23 23
23 23 23 23 23 23 23 23 23 23 23 23 23 23
23 23 23 23 23 23 23 23 23 23 23 23
23 23 23 23 23 23 23
23 23 23 4 4 23 4 23 23 23 23 23
23 23 23 23 23 23 23 23
23 12 12 23 12 12 23 23
23 23 23 23 23 23 23 23
23 23 23 23 23 23 23 23 23 23
23 23 23 23 23 23 23 23 23
23 23 23 23 23 23 23 23 23 23 23 23 23 23
23 23 23 23 23 23 23 23
23 23 23 23 23 23 23 23 23 23
23 23 23 23 23 23 23 23 23 23 23 23 23 23 23 23 23 23
23 23 23 23 23 23 23 23 23
23 23 23 23 23 23 23 23 23 23 23 23
23 12 23 23 23 23 23 23 12 23 23 23 23 23 23 23 12 23 12 23 23 23 23 23 23 23
23 23 23 23 23 23 23 23 23 23 23 23 23 23 23 23 23 23 23 23 23 23 23
23 23 23 23 23 23 23 23 23 23 23 23
23 23 23 23 23 23 23
23 23 23 23 12 23 23 23 23 23 2 2 12 23 23 23 23 23 23 4 23 23
23 23 23 23 23 23 23 23 23
23 23 23 23 23 23 23 23 23
23 23 23 23 23 23 23
23 23 23 23 23 23 23 23
23 23 23 23 23 23 23 23 23 23 23 23 23 23 23 23
23 23 23 23 23 23 4 23 23 23 23 23 23 23 23 23 23 23 23 23 4 23 23 23 23 23 23 23 23 23 23 4 23 23 23 23 23 23 23 23 23 23 23
23 23 23 23 23 23 23 23 23 23 23
23 23 12 12 23 12 23 12
23 4 23 4 23 4 23
23 23 12 23 23 12 23 23 12 12
23 23 23 23 23 23 23
23 12 12 23 23 23 12 12
23 23 23 23 23 23 23
23 23 23 23 23 23 23 23
23 23 23 23 23 23 23
23 23 23 23 23 23 23
23 23 23 23 23 23 23 23 23 23 23 23 23 23 23 23 23 23 23 23 23 23
23 4 23 23 23 4 4
23 23 12 23 16 23 23 23 23 12 16 16 23 23 23 23 23 12 23 23
23 23 23 23 23 23 23 23 23 23
23 23 23 23 23 23 23
23 23 23 23 23 23 23 23
23 23 23 23 23 23 23
23 12 23 23 23 23 23 23 23 23 12 23 12 23 12 23 23 23 23 23 23 23 23 23 23 23 23 23
23 23 23 23 23 23 23 23
23 23 23 23 23 23 23
23 23 23 23 23 23 23 23 23
4 23 2 23 12 23 23 23 23 4 4 6 4 23 23 12 23 4 23
23 23 23 23 23 23 23 23 23 23 23 23 23
23 23 23 23 23 23 23 23
4 23 23 23 23 4 23 23 23 23 4
23 23 23 23 23 23 23 23 23 23 23 23 23 23 23 23 23 23 23 23
23 23 23 23 23 23 23 23 23 23 23 23 23 23 23 23 23 23 23 23 23 23 23 23 23 23 23
23 23 23 23 23 23 23 23 23 23 23 23 23 23 23 23 23 23 23 23 23 23 23 23 23 23 23 23 23 23 23 23 23 23 23 23 23 23 23 23 23 23 23 23 23
23 23 23 23 23 23 23
23 23 23 23 23 23 23 23 23 23
23 23 23 23 23 23 23 23 23 23 23
23 23 23 23 23 23 23 23 23 23
23 23 23 23 23 23 23
23 23 23 23 23 23 23
23 23 23 23 23 23 23 23 23 23 23 23 23 23 23 23 23 23
23 23 23 23 23 23 23 23 23 23
23 23 4 4 23 23 4
23 23 23 23 23 23 23 23
23 23 23 23 23 23 23 23 23 23
23 23 23 23 23 23 23 23 23 23 23 23 23 23
23 23 23 23 23 23 23
23 23 23 23 23 23 23 23 23 23 23 23
23 23 23 23 23 23 23 23 23 23 23 23 23 23 23 23 23 23
23 23 23 23 23 23 23 23 23 23 23 23 23 23
23 23 23 23 23 23 23
23 23 23 23 23 23 23 23 23 23 23 23 23
23 23 23 23 23 23 23
23 23 23 23 23 23 23 23 23 23
23 12 23 23 23 12 12 12
23 23 23 23 23 23 23 23 23
23 23 23 5 23 23 23 23 23 23 23 4 23 23 23 23 23 4 4 23 23 4 23 23
12 23 23 12 23 12 23 12
23 12 12 23 23 23 12 12
23 23 23 23 23 23 23 23 23 23 23 23 23 23
23 23 23 23 23 23 23 23 23 23 23 23 23 23 23 23 23 23 23 23 23 23 23
23 23 23 23 23 23 23 23 23 23 23 23
23 23 23 23 23 23 23 23 23
23 12 12 23 12 23 23 12
23 23 23 23 23 23 23 23
23 23 23 23 23 23 23 23 23
23 23 23 23 23 23 23 23 23
23 23 23 23 23 23 23
23 23 23 23 23 23 23 23
23 4 23 23 23 23 4 23 23 23 23 23 23 23 23 23 23 4
23 23 23 23 23 23 23 23
23 23 23 23 23 23 23 23 23 23 23 23 23 23 23 23 23 23 23 23 23 23 23 23 23 23 23 23 23 23 23 23
23 23 23 23 23 23 23 23 23 23 23 23 23 23 23 23 23 23 23 23 23 23 23 23 23 23 23 23 23 23 23 23
23 23 23 23 23 23 23
23 23 23 23 23 23 23 23 23 23
12 12 23 23 12 23 12 23 23
23 23 23 23 23 23 23 23 23
23 23 23 23 23 23 23 23 23 23 23
23 23 23 23 23 23 23 23
23 23 23 23 23 23 23
23 23 23 23 23 23 23 23 23 23 23 23 23 23 23 23 23
23 23 23 23 23 23 23 23 23
23 23 23 23 23 23 23
23 23 23 23 23 23 23
23 23 23 23 23 23 23
23 23 23 23 23 23 23
23 23 23 23 23 23 23 23
23 23 23 12 12 12 23 23 23 23 12
23 23 23 23 23 23 23 23 23 23
23 23 23 23 23 23 23 23 23 23
23 23 23 23 23 23 23 23 23 23 23 23 23 23 23 23 23 23 23 23 23 23 23 23 23 23 23 23 23 23 23 23
23 23 23 23 23 23 23
23 23 23 23 23 23 23 23 23 23 23 23 23 23
23 23 23 23 23 23 23 23 23 23
23 23 23 23 23 23 23 23 23 23 23
23 23 23 23 23 23 23
23 23 23 23 23 23 23 23 23 23
23 23 23 23 23 23 23 23 23 23
23 23 23 23 23 23 23 23 12 12 12 23 23 12 23 12 15 12
23 23 23 23 23 23 23 23
23 23 23 23 23 23 23 23 23 23 23 23 23 23 23 23 23 23 23 23 23 23 23 23 23 23 23 23 23 23 23 23
23 23 23 23 23 23 23
23 23 23 23 23 23 23
23 23 23 23 23 23 23 23
23 23 23 23 23 23 23
12 23 23 23 23 23 12 23 23 12 23 23 12 23
23 23 23 23 23 23 23
23 23 23 23 23 23 23 23 23 23 23 23
23 23 23 23 23 23 23
23 12 23 12 12 12 23 23
23 23 23 23 23 23 23 23 23 23 23 23 23 23
23 23 23 23 23 23 23 23 23 23 23
23 23 23 23 23 23 23 23
23 23 23 23 23 23 23 23 23 23 23 23 23 23 23 23 23 23
23 23 23 23 23 23 23
23 23 23 23 23 23 23
23 23 23 23 23 23 23 23
4 23 23 23 23 23 23 4 23 23 23 23 23 23 4
23 23 23 23 23 23 23 23 23 23 23 23 23
23 23 23 23 23 23 23
23 23 23 23 23 23 23 23 23 23 23
23 23 23 23 23 23 23 23 23 23 23
12 12 12 12 15 12 12
23 23 23 23 23 23 23
23 23 23 23 23 23 23 23 23 23 23 23 23 23 23
23 23 23 23 23 23 23 23 23
23 23 23 23 23 23 23 23 23 23 23 23 23 23 23 23 23 23
23 23 23 23 23 23 23
23 23 23 23 23 23 23 23 23
23 23 23 23 23 23 23 23
23 23 23 23 23 23 23 23 23 23 23
12 23 23 23 12 12 23 23 12 23 23 23 23 23 23 23 23
23 23 23 23 23 23 23
23 23 23 23 23 23 23 23 23 23
23 23 23 23 23 23 23 23 23 23 23 23 23 23 23 23
23 23 23 23 23 23 23 23 23
23 23 23 23 23 23 23
23 12 23 12 23 23 12 23 12 23
23 23 23 23 23 23 23 23
23 23 23 23 23 23 23 23 23 23 23 23 23 23 23 23 23 23 23 23 23 23 23 23 23 23 23 23 23 23
23 23 23 23 23 23 23 23 23 23 23 23 23 23 23 23 23 23 23 23 23 23 23 23 23 23 23 23 23 23 23 23
23 23 23 23 23 23 23 23
23 23 23 23 23 23 23 23 23 23 23 23 23 23 23 23
23 23 23 23 23 23 23 23 23 23 23 23
23 23 23 23 23 23 23
12 23 23 23 12 23 12 12 23 23
23 23 23 23 23 23 23 23 23 23
23 23 23 23 23 23 23
23 23 23 23 23 23 23
23 23 23 23 23 23 23 23
23 12 4 23 23 23 23 12 23 23 10 23 12 23 23 4 23 23
23 23 23 23 23 23 23 23 23 23 23 23 23 23 23 23 23 23
23 12 23 12 23 23 12 23 12 12 12 23 15 23
23 23 23 23 23 23 23 23
12 12 12 12 12 12 15
23 23 23 23 23 23 23 23 23 2 23 4 23 23 23 23 12 12 23 23 23 23 4 23 23 23 23 23 23 23 23 12 23 23 23 23 23 23
23 23 23 23 23 23 23
23 23 23 23 23 23 23 23 23
23 23 23 23 23 23 23
23 23 23 23 23 23 23
23 23 23 23 23 23 23
23 23 23 23 23 23 23
23 12 23 23 23 23 23 12 23 23 23 23 12 23 23 23 23 23 23 23 23 23 23 23 23 12 23 23 23 23 23 23 23
23 23 23 23 23 23 23 23 23
23 23 23 23 23 23 23 23 23 23 23 23
23 23 23 23 23 23 23 23 23 23 23
23 23 23 23 23 23 23 23 23 23 23 23 23 23 23 23 23 23 23 23 23 23 23 23 23 23 23 23 23 23 23
23 23 23 23 23 23 23 23 23 23
23 23 4 23 23 4 23 4
23 23 23 23 23 23 23 23 23
23 23 23 23 23 23 23 23 23 23
23 23 23 23 23 23 23
23 23 23 23 23 23 23 4 23 23 23 23 23 23 4 12 23 23 23 23 12 12 2
23 23 12 23 23 23 23 12 23 23 23 23 12 23 23 23 12 23 23 23
23 23 23 23 23 23 23 23 23 23 23 23 23
23 23 23 23 23 23 23
23 23 23 23 23 23 23 23 23 23 23 23 23 23 23 23 23 23 23 23 23 23 23 23 23 23 23
23 23 23 23 23 23 23 23
23 23 23 23 23 23 23
23 23 12 12 12 23 12 23
23 23 23 23 23 23 23 23 23 23 23 23 23 23 23 23 23 23
23 23 23 23 23 23 23
23 12 4 23 23 12 10 23 10
23 23 23 23 23 23 23 23
23 23 23 23 23 23 23
23 23 23 23 23 23 23 23 23 23
12 12 12 12 23 12 12 23 23 23 15
23 23 23 23 23 23 23 23 23
23 23 23 23 23 23 23
23 23 23 23 23 23 23 4 23 23 23 23 23 23 23 23 4 23 23 4 23 23 23 23
23 23 23 23 23 23 23 23 23 23 23
23 23 23 23 23 23 23
23 23 23 23 23 12 12 12 23 23 23 23 12 23 23 23 23
23 23 23 23 23 12 23 23 23 12 23 23 23 23 12 23 23 12 23 23
23 23 23 23 23 23 23
23 23 23 23 23 23 23
23 23 23 23 23 23 23 23 23 23 23 23 23 23 23 23 23 23 23 23 23 23
23 23 23 23 23 23 23
23 23 23 23 23 23 23 23 23 23 23 23 23 23 23 23 23 23 23 23 23 23 23 23 23 23 23 23 23 23 23 23
23 23 23 23 23 23 23
23 23 23 23 23 23 23
12 12 23 23 23 12 12 23 23
23 23 23 23 23 23 23 23 23 23 23 23 23 23 23 23 23 23 23 23 23 23 23 23
23 23 23 23 23 23 23
23 23 23 23 23 23 23 23
23 23 23 23 23 23 23 23
23 23 23 23 23 23 23 23 23 4 23 23 4 23 23 4
23 23 23 23 23 23 23 23
23 23 23 23 23 23 23 23 23 23 23 23
23 23 23 23 23 23 23
23 23 12 12 23 23 12 23 23 12
23 23 23 23 23 23 23
23 23 23 23 23 23 23
23 23 23 23 23 23 23 23 23 23 23 23 23 23
23 23 23 23 23 23 23 23 23 23 23 23 23 23 23 23 23 23 23
23 23 23 23 23 23 23 23 23 23 23
12 23 23 12 12 12 23 23
23 23 23 23 23 23 23 23 23 23 23 23 23 23 23 23 23 23 23 23 23 23 23 23 23 23 23 23 23 23 23 23 23 23 23 23 23 23 23 23 23 23 23 23 23 23 23 23 23 23 23 23 23 23 23 23 23 23 23 23
23 23 23 23 23 23 23
23 23 23 23 23 23 23 23 23 23 23
23 23 23 23 23 23 23
23 23 23 23 23 23 23
23 23 23 23 23 23 23
23 23 23 23 23 23 23 23 12 23 12 12 23 23 12 23
23 23 23 23 23 23 23 23 23 23 23 23 23 23 23 23 23 23 23 23 23 23
23 23 23 23 23 23 23 23 23 23 23 23 23 23 23
23 23 23 23 23 23 23 23 23 23 23 23
23 23 23 23 23 23 23 23 23 23 23 23 23 23 23 23 23 23 23 23 23 23 23 23 23 23
23 23 23 23 23 23 23
23 23 23 23 23 23 23 23 23 23 23 23 23 23 23 23 23 23 23 23 23 23 23 23 23 23 23 23 23 23 23 23 23 23 23 23 23 23 23 23 23 23 23 23 23 23 23 23 23 23 23 23 23 23 23 23 23 23 23 23 23 23 23 23 23 23 23 23 23 23 23 23 23 23 23 23 23 23 23 23 23 23 23 23 23 23 23 23 23
23 23 23 23 23 23 23
23 23 23 23 23 23 23 23 23 23
23 23 23 23 23 23 23 23 23 23 23
23 23 23 23 23 23 23 23 23
12 23 23 12 12 23 23 23 4 4 12 23 23 23 13 23 23 12 23 23 12
23 23 23 23 23 23 23 23 23 23 23 23 23 23
23 23 23 23 23 23 23 23 23 23 23 23 23 23 23 23 23 23
23 23 23 23 23 23 23
23 23 23 23 23 23 23
23 23 23 23 23 23 23
23 23 23 23 23 23 23 23
23 23 23 23 23 23 23 23 23 23 23 23
23 23 23 23 23 23 23 23 23 23 23 23 23 23 23 23 23 23 23 23 23 23 23 23 23 23 23 23 23 23 23
23 23 23 23 23 23 23 23 23 23 23 23 23 23 23
23 23 23 23 23 23 23 23 23 23 23 23 23 23 23 23 23 23 23 23 23 23 23 23 23 23 23 23 23 23 23 23
12 23 12 12 23 23 12 23 23 23 23 23 23 23 23 23 23 23 23
23 23 23 23 23 23 23 23 23 23 23 23 23 23 23 23
23 23 23 23 23 23 23
23 23 23 23 23 23 23 23 23 23 23 23 23 23 23 23 23 23 23 23 23 23 23 23 23 23 23 23 23 23 23 23 23 23 23 23 23 23 23 23 23 23 23
23 23 23 23 23 23 23 23 23 23 23 23 23 23 23
23 23 23 23 23 23 23
23 23 23 23 23 23 23
23 23 12 23 12 23 12 12 23
23 23 23 23 23 23 23 23 23
23 23 23 23 23 23 23
23 23 23 23 23 23 23 23 23
23 23 23 23 23 23 23 23 23 23 23 23 23 23 23 23 23 23 23 23 23 23 23
23 23 23 23 23 23 23
23 23 23 23 23 23 23
23 23 23 23 23 23 23 23 23
23 23 23 23 23 23 23
23 23 23 23 23 23 23
23 23 23 23 23 23 23 23 23 23 23 23 23 23 23 23 23
23 23 23 23 23 23 23
23 23 23 23 23 23 23 23 23 23
23 23 23 23 23 23 23 23 23 23 23 23
23 23 23 23 23 23 23 23 23 23 23 23 23 23 23 23 23 23
23 23 23 23 23 23 23 23 23 23 23 23 23 23
23 23 23 23 23 23 23 23 23 23 23
23 23 23 23 23 23 23 23 23 23 23
23 23 23 23 23 23 23 23 23 23 23 23 23 23 23 23 23
23 23 23 23 23 23 23 23 23 23 23
23 23 23 23 23 23 23 23 23 23 23 23 23 23 23 23 23 23 23 23 23 23 23 23 23 23 23 23 23 23 23 23
23 23 23 23 23 23 23 23 23 23 23 23 23 23 23 23 23
23 23 23 23 23 23 23 23 23 23
23 23 23 23 23 23 23
23 23 23 23 23 23 23
23 23 23 23 23 23 23
23 23 23 23 23 23 23 23 23 23
23 23 23 23 23 23 23 23 23 23 23 23 23 23 23 23 23 23 23 23 23 23 23 23 23 23 23 23 23 23 23 23 23 23 23 23 23 23 23 23 23 23 23 23 23 23
23 23 23 23 23 23 23 23 23 23 23 23 23 23 23 23 23 23 23 23
23 23 23 23 23 23 23 23 23 23
23 23 23 23 23 23 23
23 23 23 23 23 23 23
23 23 23 23 23 23 23 23 23 23 23 23 23 23 23 23 23
4 23 23 23 23 23 23 23 4 23 4 23 23 23 23 23
12 23 12 12 23 12 23 23 23 23 23 23 23 23 23 23 23 23 23 23 23 23
23 23 23 23 23 23 23 23 23 23 23
23 23 23 23 23 23 23
12 23 23 12 12 23 12 23 23
23 23 23 23 23 23 23 23 23 23 23 23 23
23 4 23 23 4 23 23 23 23 4 23 23 23 23 23 23 23 23 23 23 23 23 23
23 23 23 23 23 23 23 23 23 23 23
23 4 23 23 23 23 23 23 23 23 4 23 23 23 23 23 23 23 4
23 4 23 23 4 4 23 23 23 23 23 23 23 23
23 23 23 23 23 23 23 23 23
23 23 23 23 23 23 23
23 23 23 23 23 23 23
23 23 23 23 23 23 23 23 23 23 23 23 23 23 23 23 23 23 23 23 23 23 23 23 23 23 23 23 23 23 23 23 23 23 23 23 23 23 23 23 23 23 23 23 23 23 23 23 23 23 23
23 23 23 23 23 23 23 23
23 23 23 23 23 23 23
23 4 23 23 23 23 23 23 23 23 23 4 23 4 23 23 23 23
23 23 23 23 23 23 23 23 23 23
23 23 23 23 23 23 23 23
23 12 23 23 12 12 12
23 23 12 23 23 23 23 23 23 23 23 23 12 12 23 23 23 23 23 23 23 23 23 23 23 23 23 12 23 23 23 23 23 23 23 23
23 23 23 23 23 23 23 23 23 23 23 23 23 23 23 23 23 23 23 23 23 23 23 23 23 23 23 23 23 23
23 23 23 23 23 23 23 23 23 23 23 23 23 23 23 23 23 23
23 23 23 23 23 23 23 23 23 23 23 23 23 23 23 23 23
23 23 23 23 23 23 23 23 23 23 23 23 23 23 23 23 23 23
23 23 23 23 23 23 23 23 23 23 23
23 23 23 23 23 23 23 23 23 23 23 23 23 23 23 23 23 23 23 23 23 23 23 23 23 23 23 23 23
23 23 23 23 23 23 23 23 23 23 23 23
23 23 23 23 23 23 23
23 23 23 23 23 23 23
23 23 23 23 23 23 23
23 12 23 23 23 4 23 23 23 23 23 4 23 23 23 23 23 23 10 23 23 12 23 23 12 23 23
23 12 12 12 12 23 23 23 23
23 23 23 23 23 23 23 23 23 23
23 23 23 23 23 23 23
23 23 23 23 23 23 23 23 23 23
5 4 23 23 23 23 4 4 4 23 23
23 23 23 23 23 23 23
23 23 23 23 23 23 23 23 23 23 23
12 23 23 12 23 12 23 12
23 23 23 23 4 4 23 23 23 23 4 23 23 23 23 23 23
23 23 23 23 23 23 23
23 23 23 23 23 23 23 23 23
23 23 23 23 23 23 23
23 23 23 23 23 23 23
23 12 4 5 12 23 23 23 11 23 10
23 23 23 23 23 23 23
23 23 23 23 23 23 23
23 23 23 23 23 23 23 23 23 23 23
23 23 12 23 23 23 12 12 12 23 23
23 23 23 23 23 23 23 23 23
23 23 23 23 23 23 23
23 23 23 23 23 23 23 23 23 23 23 23 23 23 23
23 23 23 23 23 23 23 23 23 23 23 23 23 23 23 23 23 23 23 23 23 23 23 23 23 23 23 23 23 23
23 23 23 23 23 23 23 23
23 23 23 23 23 23 23
23 23 23 23 4 4 23 23 4 23 23 23 23 23
23 23 23 23 23 23 23 23
23 23 23 23 23 23 23
23 23 23 23 23 23 23 23 23 23 23 23
23 23 23 23 23 23 23
23 23 23 23 23 23 23 23 23 23 23 23 23 23
12 15 12 12 12 12 12
23 23 23 12 23 12 23 12 23 23 12 23 23
4 23 23 4 23 23 23 4 23 23 23
23 23 23 23 23 23 23 23
23 23 23 23 23 23 23
23 23 23 23 23 23 23 23 23 23 23 23
23 23 23 23 23 23 23 23 23 23 23
23 23 23 23 23 23 23
23 23 23 23 23 23 23 23
23 23 12 23 23 12 23 23 23 23 23 23 23 23 23 23 12 23 23 23 12
23 23 23 23 23 23 23
23 23 23 23 23 23 23
23 23 23 23 23 23 23
23 23 23 23 23 23 23 23 23 23
23 23 23 23 23 23 23
23 23 23 23 23 23 23 23 23 23 23 23
23 23 12 12 23 23 23 23 12 12 23 23
23 23 12 23 23 12 12 23 12 23 23
23 23 23 23 23 23 23 23 23 23 23 23 23 23
23 23 23 23 23 23 23
23 23 23 23 23 23 23
23 23 23 23 23 23 23 23
23 23 23 23 23 23 23 23 23 23 23 23 23 23 23 23 23 23 23 23 23 23 23 23 23 23 23 23 23 23
23 23 23 23 23 23 23
23 23 23 23 23 23 23 23 23
23 23 23 23 23 23 23
23 23 23 23 23 23 23 23 23 23 23
23 23 23 23 23 23 23 23
23 23 23 23 23 23 23 23 23 23 23 23 23
23 23 23 23 23 23 23
23 23 23 23 23 23 23 23
23 23 23 23 23 23 23 23 23 23 23 23 23 23 23
23 23 23 23 23 23 23
23 23 23 23 23 23 23 23
23 23 23 23 23 23 23
23 23 23 23 23 23 23 23 23 23 23
12 12 23 23 23 23 23 12 12 23 23 23 23 23
23 23 23 23 23 23 23
23 23 23 23 23 23 23
23 23 23 23 23 23 23 23
23 23 23 23 23 23 23 23 23 23
23 23 23 23 23 23 23
23 23 23 23 23 23 23 23 23 23 23 23 23
23 23 23 23 23 23 23 23 23 23 23 23 23 23 23 23 23 23 23 23 23 23 23 23 23 23 23 23 23 23 23 23 23 23 23 23 23 23 23 23 23 23 23 23 23 23 23 23 23 23 23
23 23 23 23 23 23 23 23 23 23 23
23 23 23 23 23 23 23 23 23 23 23 23 23 23 23 23 23 23
23 12 12 12 12 23 23 23
23 23 23 23 23 23 23 23
23 23 23 23 23 23 23
23 23 23 23 23 23 23 23 23 23 23
23 23 23 23 23 23 23 23 23 23
23 23 23 23 23 23 23
23 23 23 23 23 23 23 23
23 23 23 23 23 23 23 23 23 23 23 23 23 23 23
23 23 23 23 23 23 23 23 23 23 23
23 23 23 23 23 23 23 23 23 23
23 23 23 23 23 23 23
23 23 23 23 23 23 23
23 23 23 23 23 23 23 23 23 23 23 23 23 23 23
23 23 23 23 23 23 23 23 23 23
23 23 23 15 12 12 12 12 23 12 12
23 23 23 23 23 23 23 23 23 23 23
23 23 23 23 23 23 23 23
23 23 23 23 23 23 23
23 23 23 23 23 23 23 23 23 23 23
23 23 23 23 23 23 23 23
23 23 23 23 23 23 23 23 23
23 23 23 23 23 23 23 23 23 23
23 23 23 23 23 23 23
23 23 23 23 23 23 23
23 23 23 23 23 23 23 23 23 23
23 23 23 23 23 23 23 23 23 23 23 23 23 23 23
23 23 23 23 23 23 23 23 23 23
23 23 23 23 23 23 23
23 23 23 23 23 4 23 23 23 23 23 23 23 4 23 4 23 23 23 4 23 23 23 23 5 23
23 23 23 23 23 23 23
23 23 23 23 23 23 23 23 23 23 23 23 23 23 23 23 23 23
23 23 23 12 23 12 12 23 23 23 12 12 15 12
23 12 23 23 23 23 23 12 23 23 12 15 23 23 23 23 12 23 12 23 23 23 23 23 23 12 23
23 23 23 23 23 23 23 23 23 23 23 23 23 23
23 23 23 23 23 23 23 23
23 23 23 23 23 23 23 23
12 23 23 23 12 12 12 23 23
23 23 23 23 23 23 23 23
23 23 23 23 23 23 23 23 23
23 23 23 23 23 23 23
23 23 12 12 12 23 12 23 23
23 23 23 23 23 23 23
23 23 23 23 23 23 23 23
23 23 23 23 23 23 23 23
23 23 23 23 23 23 23 23 23 23 23 23 23 23 23 23 23 23 23 23 23 23 23 23 23 23 23 23 23 23 23 23 23 23 23 23 23 23 23 23 23 23 23 23 23 23 23
23 23 23 23 23 23 23
23 23 23 23 23 23 23 23 23
23 23 23 23 23 23 23
23 23 23 23 23 23 23
23 23 23 23 4 4 4 23
23 23 23 23 23 23 23 23 23 23 23 23 23 23 23 23 23 23
23 23 23 23 23 23 23
23 23 23 23 23 23 23 23 23 23 23 23 23 23 23 23 23 23
23 23 23 23 23 23 23 23 23
23 23 23 23 23 23 23 23 23 23 23 23
23 23 23 23 23 23 23 23 23 23 23 23 23
23 23 23 23 23 23 23 23 23 23 23 23 23 23 23 23 23 23 23 23 23
23 23 23 23 23 23 23 23 23 23 23 23 23 23 23 23 23 23 23 23 23 23 23 23 23 23 23 23 23 23 23 23 23 23 23 23 23 23 23 23 23 23 23 23 23 23 23 23 23 23 23 23 23 23 23 23 23 23 23
23 23 23 23 23 23 23 23
23 23 23 23 23 23 23 23 23 23 23 23 23 23 23
23 23 23 23 23 23 23 23 23 23
23 23 23 23 23 23 23
23 23 23 23 23 23 23
12 23 23 23 23 23 12 12 23 23 12 23 23 23 23 23 23 23 23 23
23 23 23 23 23 23 23 23 23 23 23 23 23 23 23
23 23 23 23 23 23 23 23 23
23 23 23 23 23 23 23 23 23 23 23
23 23 23 23 23 23 23
23 23 23 23 23 23 23 23 23 23 23 23
23 23 23 23 23 23 23 23 23 23 23 23 23 23 23
23 23 23 23 23 23 23 23 23 23 23 23 23 23 23 23 23 23 23 23 23 23 23 23 23 23 23 23 23 23
23 23 23 23 23 23 23 23 23 23
23 23 23 23 23 23 23 23 23 23
23 12 23 23 12 12 23 23 12 23
23 23 23 23 23 23 23 23 23 23 23 23 23 23 23 23 23
23 23 23 23 23 23 23 23 23 23 23 23 23 23 23 23 23 23 23 23 23 23 23 23 23 23 23 23 23 23 23 23 23 23 23 23 23 23 23 23 23 23 23
23 12 12 23 12 12 23 23
23 23 23 23 23 23 23
23 23 23 23 23 23 23 23 23 23 23 23
12 16 12 12 12 12 12 12 12 12
23 23 23 23 23 23 23
23 23 23 23 23 23 23
23 23 23 23 23 23 23 23 23 23
23 23 23 23 23 23 23 23
23 23 23 23 23 23 23
23 23 23 23 23 23 23 23 23 23 23
23 23 23 23 23 23 23 23 23 23 23 23 23 23 23 23 23 23 23 23 23 23 23 23 23 23 23 23 23 23 23 23 23 23
23 12 23 12 12 23 23 23 12
23 23 23 23 23 23 23 23 23 23
23 23 23 23 23 23 23 23
23 23 23 23 23 23 23 23 23 23 23 23 23 23 23 23 23 23 23 23 23 23 23 23 23 23 23 23 23 23 23 23 23 23 23 23 23 23 23 23 23 23 23 23 23 23 23 23 23 23 23
23 23 23 23 23 23 23 23 23 23 23
23 23 23 23 23 23 23
23 23 23 23 23 23 23 23 23
23 23 23 23 23 23 23 23 23 23 23 23 23 23 23 23 23 23 23 23 23 23 23 23 23 23 23 23 23 23 23 23
23 23 23 23 23 23 23 23 23 23 23 23
23 23 23 23 23 23 23 23 23
23 23 23 23 23 23 23
23 23 23 23 23 23 23 23 23
23 23 23 23 23 23 23
23 23 12 23 23 12 12 23 12
23 23 23 23 23 23 23
23 23 23 12 23 23 23 23 23 23 23 23 23 12 12 12 23 23
23 23 23 23 23 23 23
23 23 23 23 23 23 23 23 23
23 23 23 23 23 23 23
23 23 23 23 23 23 23 23
23 23 23 23 23 23 23 23 23 23 23 23 23 23 23 23 23
23 23 23 23 23 23 23 23 23 23
12 23 23 23 12 12 23 23 23 23 23 12 23 23 23 23 23 23
23 23 23 23 23 23 23 23 23 23
23 23 23 23 23 23 23 23 23 23 23 23 23 23 23 23 23 23 23 23 23 23 23 23 23 23 23 23 23 23 23 23 23 23 23 23 23 23 23 23 23 23 23 23 23 23 23 23
23 23 4 23 4 23 23 23 23 4 23 23 23 23 23 23 23 23 23
23 23 23 23 23 23 23 23 23 23 23 23 23 23 23 23 23 23
23 23 23 23 23 23 23 23 23
23 23 23 23 23 23 23 23 23 23 23
23 23 23 23 23 23 23 23 23 23 23 23 23 23 23 23 23 23 23 23 23 23 23 23 23 23 23 23 23 23 23 23 23 23 23 23 23 23 23 23 23 23 23 23 23 23 23 23 23 23 23
23 23 23 23 23 23 23 23 23 23 23
23 23 23 23 23 23 23 23 23 23
23 23 23 23 23 23 23
23 23 23 23 23 23 23 23 23 23 23 23 23 23
23 23 23 23 23 10 23 23 23 23 23 23 12 12 12 23 4 23 4 23 23
23 23 23 23 23 23 23
23 23 23 23 23 23 23 23 23 23 23 23 23 23 23 23 23 23 23
23 23 23 23 23 23 23 23 23 23 23 23 23 23
23 23 23 23 23 23 23
23 23 23 23 23 23 23 23 23 23 23 23 23 23 23 23 23 23 23 23 23 23
23 23 23 23 23 23 23 23 23 23 23 23
12 23 23 23 23 23 23 4 23 23 4 23 23 23 23 23 12 23 23 10 23 23 12
23 23 23 23 23 23 23 23
23 23 23 23 23 23 23
23 23 23 23 23 23 23 23 23 23 23 23 23 23 23
23 23 23 23 23 23 23 23 23 23
23 23 23 23 23 23 23 23 23 23 23 23 23 23 23 23 23 23
23 23 23 23 23 23 23
23 23 23 23 23 23 23 23 23 23 23 23
23 23 23 23 23 23 23 23 23 23
23 23 23 23 23 23 23
23 23 23 23 23 23 23
23 23 23 23 23 23 23
12 23 23 12 23 12 23 12 23
23 23 23 23 23 23 23 23 23 23 23 23 23 23 23 23 23 23 23 23 23 23 23 23 23 23 23 23 23 23 23 23
23 23 23 23 23 23 23 23 23
23 23 23 23 23 23 23 23 23 23 23
23 23 23 23 12 23 23 23 12 12 12 23
23 23 23 23 23 23 23 23 23 23 23 23 23
23 23 23 23 23 23 23 23 23 23 23
23 23 23 23 23 23 23 23 23
23 23 23 23 23 23 23 23 23 23
23 23 23 23 23 23 23 23 23 23 23 23
23 23 23 23 23 23 23 23
23 12 12 23 23 23 23 12 23 23 23 12
4 23 23 23 23 23 23 23 23 23 23 23 23 23 23 23 23 23 4 23 23 23 23 23 23 4 23 23 23 23 23 23 23 23 23 23 23 23 23 23
23 23 23 23 23 23 23
23 23 23 23 23 23 23 23 23 23
23 23 23 23 23 23 23 23 23 23 23
23 23 23 23 23 23 23
23 23 23 23 23 23 23 23 23 23 23
12 12 23 12 23 12 23 23
23 23 23 23 23 23 23
23 23 23 23 23 23 23 23 23 23 23 23 23 23 23 23 23 23 23 23 23 23 23 23 23 23 23 23 23 23 23 23 23 23
23 23 23 23 23 23 23 23 23 23 23 23 23 23 23 23 23 23 23 23 23 23 23 23 23 23 23 23 23 23 23 23 23 23 23 23 23 23 23 23 23 23 23 23 23 23 23 23 23 23 23 23 23 23
23 23 23 23 23 23 23 23 23 23 23 23 23 23
23 23 23 23 23 23 23 23 23 23 23
23 23 23 23 23 23 23 23 23 23 23 23 23 23 23 23 23 23 23 23 23 23 23 23 23 23 23 23 23 23 23 23
23 23 23 23 23 23 23
23 23 23 23 23 23 23 23 23 23
23 23 23 23 23 23 23
23 23 23 23 23 23 23
23 23 23 23 23 23 23 23
23 23 23 23 23 23 23 23 23 23 23 23 23 23
23 23 23 23 23 23 23 23 23 23 23 23 23 23 23 23 23 23 23 23 23 23 23 23 23 23 23 23 23 23 23 23 23 23
23 23 23 23 23 23 23 23 23 23 23 23 23 23 23 23 23 23 23 23
23 23 23 23 23 23 23 23 23 23 23
23 23 23 23 23 23 23 23 23 23 23 23 23 23
23 23 23 23 23 23 23 23 23 23 23
23 23 12 23 12 23 23 23 23 23 23 23 12 12
23 23 23 23 23 23 23 23 23 23 23 23
23 23 23 23 23 23 23 23 23 23
23 23 23 23 23 23 23 23
23 23 23 23 23 23 23
23 23 23 23 23 23 23 23 23
23 23 23 23 23 23 23 23 23 23 23
23 23 23 23 23 23 23 23 23 23 23 23 23 23 23 23 23
23 23 23 23 23 23 23 23
23 23 23 23 23 23 23 23 23 23 23 23 23 23 23
23 23 23 23 23 23 23 23
23 23 23 23 23 23 23 23 23 23 23 23 23 23 23 23 23 23 23 23
23 23 23 23 23 23 23 23
23 23 23 23 23 23 23 23
23 23 23 23 23 23 23 23 23 23 23
23 23 23 23 23 23 23 23 23 23
23 23 23 23 23 23 23 23 23 23 23 23 23 23 23 23 23 23 23 23 23 23 23 23 23
23 23 23 23 23 23 23
23 23 23 23 23 23 23
23 23 23 23 23 23 23 23 23
23 23 23 23 23 23 23 23 23
23 23 23 23 23 23 23 23 23
23 23 23 23 23 23 23 23
23 23 23 23 23 23 23
23 23 23 23 23 23 23
23 23 23 23 23 23 23
23 23 23 23 23 23 23 23 23 23
23 23 23 23 23 23 23 23 23 23
23 23 23 23 23 23 23 23 23
23 23 23 23 23 23 23 23
23 23 23 23 23 23 23 23 23 23 23
23 23 23 23 23 23 23 23 23 23 23 23 23 23 23 23 23 23 23 23 23 23 23 23 23 23 23 23 23 23 23 23 23 23 23 23 23 23 23 23 23 23 23
23 23 23 23 23 23 23 23 23 23 23 23 23 23 23 23 23 23 23 23 23 23 23 23 23 23 23 23 23 23 23 23 23 23 23 23 23 23 23 23 23 23 23 23 23 23 23 23 23 23 23 23 23 23
23 23 12 23 23 23 23 23 12 23 23 23 23 23 12 23 23 23 12 23
23 23 23 23 23 23 23
23 23 23 23 23 23 23 23 23
23 23 23 23 23 23 23 23 23 23 23 23 23 23 23 23 23
23 23 23 23 23 23 23 23 23 23 23 23 23 23 23 23 23 23 23
23 23 23 23 23 23 23 23 23 23 23 23
23 23 23 23 23 23 23
23 23 23 23 23 23 23 23 23 23 23 23 23
23 23 23 23 23 23 23
23 23 23 23 23 23 23 23 23 23 23 23 23 23 23 23 23 23 23 23 23 23 23 23 23 23 23 23 23 23 23
23 23 23 23 23 23 23 23
23 23 23 23 23 23 23
23 23 23 23 23 23 23 23
23 23 23 23 23 23 23
23 23 23 23 23 23 23 23 23
23 23 23 23 23 23 23
23 23 23 23 23 23 23 23
23 23 23 23 23 23 23 23 23 23 23 23 23 23 23
23 23 23 23 23 23 23 23 23 23
23 23 23 23 23 23 23 23
23 23 23 23 23 23 23 23 23 23 23 23 23 23 23 23 23
23 23 23 23 23 23 23 23 23
23 23 23 23 23 23 23 23 23 23 23 23 23 23 23 23 23 23 23 23 23 23 23 23 23 23 23 23 23 23 23 23 23 23 23
23 23 23 23 23 23 23 23 23 23 23 23
23 23 23 23 23 23 23 23 23
12 12 23 12 23 23 23 23 12 23
23 23 23 23 23 23 23 23
23 23 23 23 23 23 23 23 23 23 23 23 23 23 23 23 23 23 23 23 23
23 23 23 23 23 23 23 23 23
23 23 23 23 23 23 23 23 23 23 23 23 23 23 23 23 23
23 23 23 23 23 23 23 23 23 23 23 23 23
23 23 23 23 23 23 23
23 23 23 23 23 23 23 23 23 23 23 23
23 23 23 23 23 23 23 23 23 23 23 23 23
23 23 23 23 23 23 23 23 23 23 23 23
23 23 12 12 23 23 12 23 23 23 23 23 23 23 23 23 23 23 12 23 23 23 23
23 23 23 23 23 23 23 23 23 23 23 23
23 23 23 23 23 23 23 23
23 23 23 23 23 23 23 23 23 23 23 23 23 23
23 23 23 23 23 23 23 23 23 23 23 23 23 23
23 23 23 23 23 23 23 23 23 23 23 23 23 23 23 23
23 23 23 23 23 23 23 23 23 23 23 23 23 23 23 23 23 23 23 23 23
23 23 23 23 23 23 23
23 23 23 23 23 23 23 23
12 23 23 23 12 12 23 23 23 23 23 23 12 23 23 23 23
23 23 23 23 23 23 23 23
23 23 23 23 23 23 23 23
23 23 23 23 23 23 23 23 23 23 23 23 23 23 23
23 23 23 23 23 23 23 23 23
23 23 23 23 23 23 23 23 23
23 23 23 23 23 23 23 23 23 23 23 23
23 23 12 23 23 12 12 12
23 23 23 23 23 23 23 23 23
23 23 23 23 23 23 23 23 23 23 23 23 23
23 23 23 23 23 23 23 23 23
23 23 23 23 23 23 23 23 23 23 23 23 23 23
23 23 23 23 23 23 23 23
23 23 23 23 23 4 23 23 4 23 23 23 23 23 23 23 23 4 23 23 23 23
23 23 23 23 23 23 23 23 23 23 23 23
23 23 23 23 23 23 23 23 23 23 23 23 23
12 23 23 23 23 12 12 23 12 23
23 23 23 23 23 23 23
23 23 23 23 23 23 23 23 23 23 23 23 23 23
23 23 23 23 23 23 23 23 23 23 23 23 23
23 23 23 23 23 23 23 23
23 23 23 23 23 23 23 23 23 23
23 23 23 23 23 23 23 23 23 23 23
23 23 23 23 23 23 23
23 23 23 23 23 23 23
23 23 23 23 23 23 23 23 23 23 23 23 23 23 23 23 23 23
23 23 23 23 23 23 23 23 23 23 23 23 23 23 23 23 23 23 23 23
23 23 23 23 23 23 23 23 23
23 23 23 23 23 23 23 23 23 23 23 23 23 23 23 23 23
23 23 1 0 23 23 12 23 12 23 12
23 23 23 23 23 23 23 23 23 23 23 23 23 23 23 23 23
23 23 23 23 23 23 23 23 23
23 23 23 23 23 23 23 23 23
23 23 23 23 23 23 23 23 23 23 23 23
23 23 23 23 23 23 23
23 23 23 23 23 23 23
23 23 23 23 23 23 23
23 23 23 23 23 23 23 23 23
23 23 23 23 23 23 23 23 23 23 23 23 23 23
23 23 23 23 23 23 23
23 23 23 23 23 23 23 23 23 23 23 23 23 23 23 23 23 23 23
23 23 23 23 23 23 23
23 23 23 23 23 23 23
23 23 23 23 23 23 23 23 23
23 23 23 23 23 23 23
23 23 23 23 23 23 23 23 23 23
23 23 23 23 23 23 23 23 23 23
23 23 23 23 23 23 23 23 23
23 23 23 23 23 23 23 23 23 23 23 23 23 23 23 23 23 23 23 23
23 23 23 23 23 23 23
23 23 23 23 23 23 23 23 23 23 23 23
23 23 23 23 23 23 23 23
23 23 23 23 23 23 23 23 23
23 23 23 23 23 23 23 23 23
23 23 23 23 23 23 23 23 23 23 23 23 23
23 23 23 23 23 23 12 12 23 23 23 23 23 12 23 12
12 23 23 23 23 23 23 23 12 23 23 23 23 23 12 12
23 23 23 23 23 23 23 23
23 23 23 23 23 23 23 23 23 23 23 23 23 23 23
23 12 12 23 23 12 23 12 23 23
23 23 23 23 23 23 23 23 23
23 23 12 23 12 23 23 23 23 23 12 23 23 23 23 23 23 12
23 23 23 23 23 23 23 23 23 23 23 23 23 23 23
23 23 23 23 23 23 23 23 23 23 23 23 23 23 23 23 23 23 23
23 23 23 23 23 23 23 23 23 23 23 23 23 23
23 23 23 23 12 23 12 23 23 23 23 23 23 23 23 23 23 23 23 23 23 23 23 23 23 23 12 23 12
12 23 23 23 23 23 23 23 23 23 23 23 23 12 23 23 12 23 23 23 12 23 23 23 23 23 23
23 23 23 23 23 23 23 23 23 23 23 23 23 23
23 23 23 23 23 23 23 23
23 12 12 12 12 23 23 23 23
23 23 23 23 23 23 23
23 23 23 23 23 23 23 23
23 23 23 23 23 23 23
23 23 23 23 23 23 23 23 23 23 23
23 23 23 23 23 23 23
23 23 23 23 23 23 23 23
23 23 23 23 23 23 23 23
23 23 23 23 23 23 23 23
23 23 23 23 23 23 23 23 23 23 23 23 23 23 23 23 23 23 23 23
23 23 23 23 23 23 23 23
23 23 23 23 23 23 23
23 23 23 23 23 23 23 23 23 23 23
23 23 23 23 23 23 23 23 23 23 23 23 23 23 23 23
23 23 23 23 23 23 23 23 23 23 23 23 23 23 23 23 23 23 23 23
23 23 23 23 23 23 23 23 23 23 23 23 23
23 23 23 23 23 23 23 23 23
23 23 23 23 23 23 23 23 23 23 23 23 23 23
23 23 23 23 23 23 23 23 23 23 23 23 23
23 23 23 23 23 23 23 23 23 23 23 23 23 23
23 23 23 23 23 23 23
23 23 23 23 23 23 23 23
23 23 23 23 23 23 23 23 23
23 23 23 23 23 23 23 23 23 23
23 23 23 23 23 23 23 23 23 23 23
23 23 23 23 23 23 23 23 23
23 23 23 23 23 23 23 23 23 23 23 23 4 23 23 23 23 4 23 23 23 23 23 23 4 23 23
23 23 23 23 23 23 23 23 23 23
23 23 23 23 23 23 23 23 23 23 23 23 23 23 23 23 23 23
23 23 23 23 23 23 23 23 23 23 23 23 23 23 23 23 23 23 23
12 12 12 12 12 15 12
23 23 23 23 23 23 23 23 23 23 23 23 23 23 23 23 23 23 23 23 23 23 23 23 23 23 23 23 23 23 23 23 23 23 23 23 23 23 23 23 23 23 23 23 23 23 23 23 23 23
23 23 23 23 23 23 23
23 23 23 23 23 23 23 23 23 23 23 23
23 23 23 23 23 23 23 23 23 23 23 23
23 23 23 23 23 23 23
23 23 23 23 23 23 23 23 23 23
23 23 23 23 23 23 23 23
23 23 23 23 23 23 23 23 23 23 23 23 23 23 23 23 23 23
23 23 23 23 23 23 23 23 23
23 23 23 23 23 23 23 23 23
23 23 23 23 23 23 23 23 23 23 23 23 23 23 23 23 23
23 23 23 23 23 23 23 23 23 23
23 23 23 23 23 23 23 23 23 23
23 23 23 23 23 23 23
23 23 23 23 23 23 23 23 23 23 23 23 23 23
23 23 23 23 23 23 23 23
23 23 23 23 23 23 23 23 23 23 23 23 23
23 23 23 23 23 23 23
23 23 23 23 23 23 23 23 23
23 23 23 23 23 23 23 23 23 23 23 23 23 23 23 23 23
23 23 23 23 23 23 23 23 23 23 23 23
23 23 23 23 23 23 23
23 23 23 23 23 23 23 23 23
23 23 23 23 23 23 23 23 23 23 23 23
23 23 23 23 12 12 23 12 23 23 23 23 12 23 23
23 23 23 23 23 23 23 23 23 23 23 23 23 23 23 23 23 23 23
23 12 23 23 23 23 23 23 23 12 23 23 23 23 23 23 23 23 23 23 23 23 23 12 23 23 23 23 23 23 23 23 23 23 23 23 23 23 12 23
23 23 23 23 23 23 23 23 23 23 23
23 23 23 23 23 23 23 23 23
23 23 23 23 23 23 23 23
23 23 23 23 23 23 23 23
23 23 23 23 23 23 23 23 23
23 23 23 23 23 23 23
23 23 23 23 23 23 23 23
23 23 23 23 23 23 23 23 23 23
23 23 23 23 23 23 23 23 23 23 23 23 23 23 23 23
23 23 23 23 23 23 23 23 23 23 23 23 23
23 23 23 23 23 23 23
23 23 23 23 23 23 23 23 23
23 23 23 23 23 23 23 23 23 23
23 23 23 23 23 23 23 23 23
23 23 23 23 23 23 23 23 23 23 23 23 23 23 23 23 23 23 23 23 23 23 23 23 23 23 23 23 23 23 23 23 23 23 23 23 23 23 23 23 23 23 23 23 23 23 23 23 23 23 23 23 23 23 23 23 23 23 23 23 23 23 23 23 23 23 23 23 23 23 23 23 23 23 23 23 23 23
23 23 23 23 23 23 23 23 23 23 23 23 23 23 23 23 23 23 23 23 23
23 23 23 23 23 23 23
23 23 16 15 23 12 23 23 23 12 23 23 23 12 23 23 23 23 23 23 23 12 23 23 23 23 23 23 12 23 23 23 23 23 23 23 23 12 12 23 23 23 23 23 23 23
23 23 23 23 23 23 23
23 23 23 23 23 23 23 23 23 23 23 23 23
23 23 23 23 23 23 23 23 23 23 23 23 23 23 23 23 23 23 23 23 23 23 23 23 23 23 23 23
23 23 23 23 23 23 23 23
23 23 23 23 23 23 23 23 23 23 23 23 23 23
23 23 23 23 23 23 23
23 23 23 23 23 23 23 23 23 23 23
23 23 23 23 23 23 23 23 23 23 23 23 23 23
23 23 23 23 23 23 23 23
23 23 23 23 23 23 23 23 23 23 23 23 23 23 23 23
23 23 4 4 4 23 23 23 23 23 23
23 23 23 23 23 23 23 23
23 23 23 23 23 23 23 23 23 23 23 23 23
23 23 23 23 23 23 23 23 23 23 23 23 23
23 23 23 23 23 23 23 23 23 23
23 23 23 23 23 23 23
23 23 23 23 23 23 23 23
23 23 23 23 23 23 23 23 23 23 23
23 23 23 23 23 23 23 23 23 23 23 23 23 23 23 23 23 23 23 23
23 23 23 23 23 23 23
23 23 23 23 23 23 23 23 23 23 23 23 23 23 23 23 23 23
23 23 23 23 23 23 23 23 23 23 23 23 23 23 23 23 23 23 23 23 23 23 23 23 23 23 23 23 23 23 23
23 23 23 23 23 23 23 23 23 23 23
23 23 23 23 23 23 23 23 23 23 23
23 23 23 23 23 23 23 23 23
23 23 23 23 23 23 23 23 23 23 23 23 23
12 23 12 23 12 23 23 12 23
23 23 23 23 23 23 23 23
23 23 23 23 23 23 23
23 23 23 23 23 23 23 23 23 23 23 23 23 23
23 23 23 23 23 23 23 23 23 23 23 23 23 23 23 23 23 23 23 23 23 23 23 23 23 23 23 23 23 23 23 23 23 23 23 23
23 23 23 23 23 23 23
23 23 23 23 23 23 23 23 23 23 23
23 23 23 23 23 23 23
23 23 23 23 23 23 23 23 23 23 23
23 23 23 23 23 23 23
23 23 23 23 23 23 23 23
23 23 23 23 23 23 23
23 23 23 23 23 23 23
23 23 23 23 23 23 23 23 23
23 23 23 23 23 23 23
23 23 23 23 23 23 23 23 23 23 23 23 23 23 23 23 23 23 23 23 23 23 23 23 23 23 23 23 23 23 23 23 23 23 23 23 23 23 23 23 23 23 23 23 23 23 23 23
23 23 23 23 23 23 4 23 4 23 23 23 23 23 23 23 4 23 23 23 4 23 23 23 4 23 23 23 23 7 23 23 23 23 23 23 4 23 23 23 23 23 23
23 23 23 23 23 23 23
23 23 23 23 23 23 23 23 23 23 23 23 23 23 23 23 23
23 23 23 23 23 23 23
23 23 23 23 23 23 23 23
23 23 23 23 23 23 23 23 23 23 23
23 23 23 23 23 23 23 23 23 23 23 23 23 23 23 23 23 23
23 23 23 23 23 23 23 23
23 23 23 23 23 23 23 23 23 23 23 23 23 23 23 23 23
23 23 23 23 23 23 23
23 23 23 23 23 23 23 23 23 23 23 23 23 23
23 23 23 23 23 23 23 23 23 23 23 23 23 23 23 23 23 23 23 23 23 23 23
23 23 23 23 23 23 23 23 23 23 23 23 23
23 23 23 23 23 23 23 23 23 23 23 23 23 23 23 23 23 23 23 23 23 23
23 23 23 23 23 23 23
23 23 23 23 23 23 23 23 23
23 23 23 23 23 23 23 23 23 23 23 23
23 23 23 23 23 23 23 23 23
23 23 4 23 23 23 23 23 4 23 23 4 23 23 23
23 23 23 23 23 23 23 23 23
23 23 23 23 23 23 23 23 23 23 23 23 23 23 23 23 23 23 23 23 23 23 23 23 23 23 23 23 23 23
23 23 23 23 23 23 23 23 23
23 23 23 23 23 23 23 23 23 23 23
23 23 23 23 23 23 23 23 23 23
23 23 23 23 23 23 23 23 23 23 23 23 23 23 23 23 23
23 23 23 23 23 23 23 23
23 23 23 23 23 23 23 23 23
23 23 23 23 23 23 23 23 23 23 23 23 23
23 23 23 23 23 23 23
12 23 12 23 12 23 12 23 23
23 23 23 23 23 23 23 23 23 23 23 23 23
23 23 23 23 23 23 23 23
23 23 23 23 23 23 23 23 23 23
23 23 23 23 23 23 23 23 23
23 23 23 23 23 23 23 23 23 23
23 12 23 23 12 12 23 12 23
23 23 23 23 23 23 23 23
23 23 23 23 23 23 23 23
23 23 23 23 23 23 23 23 23 23 23 23
23 23 23 23 23 23 23 23 23 23 23 23 23 23 23 23 23 23
23 23 23 23 23 23 23
23 23 23 12 12 23 23 23 23 12 23 12 23
4 23 23 23 23 4 23 4 23 23 23 23
23 23 23 23 23 23 23 23 23 23 23 23 23 23 23 23 23 23 23 23 23 23 23 23 23 23 23 23 23 23 23 23 23 23 23 23 23 23 23 23 23 23 23 23 23 23 23 23 23 23 23 23 23 23 23 23 23 23 23 23 23 23 23
23 23 23 23 23 23 23 23
23 23 23 23 23 23 23 23
23 23 23 23 23 23 23 23 23 23 23 23 23
23 23 23 23 23 23 23
23 23 23 23 23 23 23 23 23 23
23 23 23 23 23 23 23 23 23 23 23 4 23 23 23 23 23 23 23 23 23 4 23 23 4
23 23 23 23 23 23 23
23 23 23 23 23 23 23 23 23 23 23 23 23 23 23 23 23 23 23 23 23 23 23
23 23 23 23 23 23 23 23
23 23 23 23 23 23 23 23 23 23
23 23 23 23 23 23 23 23 23 23 23 23
23 23 23 23 23 23 23 23
23 23 23 23 23 23 23 23 23
23 23 23 23 23 23 23 23 23 23 23 23 23 23 23 23 23 23
23 23 23 23 23 23 23
12 23 23 23 23 23 12 12 12 23 23
23 23 23 23 23 23 23 23 23 23 23 23
23 23 12 23 12 4 23 23 10 4 23 12 23 23 23 23 23
23 23 23 23 23 23 23 23 23 23 23 23 23 23
23 23 23 23 23 23 23
23 23 23 23 23 23 23 23 23 23 23 23 23
23 23 23 23 23 23 23
23 23 23 23 23 23 23 23 23
23 23 23 23 23 23 23
23 23 23 23 23 23 23
23 23 23 23 23 23 23
23 23 23 23 23 23 23 23 23 23 23 23 23 23 23 23 23 23 23 23
23 23 23 23 23 23 23
23 23 23 23 23 23 23 23 23 23 23
23 23 23 23 23 23 23 23 23 23 23 23
23 23 23 23 23 23 23 23 23 23 23 23 23 23 23 23
23 23 23 23 23 23 23 23 23 23 23 23 23 23 23 23 23 23 23
23 23 23 23 23 23 23 23 23 23 23 23 23 23 23 23 23 23 23 23 23 23 23 23 23 23 23 23 23 23 23 23 23 23 23 23
23 23 23 23 23 23 23
12 15 12 12 12 12 12
23 23 23 23 23 23 23 23 23 23 23 23 23 23 23 23 23 23 23
23 23 23 23 23 23 23 23 23 23 23 23 23 23 23 23 23 23
23 23 23 23 23 23 23 23 23 23 23
23 23 23 23 23 23 23 23 23 23 23
23 23 23 23 23 23 23 23 23 23 23 23
23 23 23 23 23 23 23 23
23 23 23 23 23 23 23
23 23 23 23 23 23 23 23 23
23 23 23 23 23 23 23 23 23 23 23 23 23 23 23 23 23 23 23
23 23 23 23 23 23 23 23 23 23 23 23 23 23 23 23 23 23 23 23
23 23 23 23 23 23 23 23 23 23 23 23 23 23
23 23 23 23 23 23 23 23 23 23
23 23 23 23 23 23 23 23 23 23 23 23 23 23 23
23 23 23 23 23 23 23 23 23 23
23 23 23 23 23 23 23 23 23 23 23 23 23 23 23 23 23 23 23
23 12 23 23 23 12 12 12
23 23 23 23 23 23 23 23
23 23 23 23 23 23 23 23 23 23 23 23 23 23
23 23 23 23 23 23 23 23 23 23 23 23 23 23
23 23 23 23 23 23 23 23
23 23 23 23 23 23 23 23 23 23 23
23 23 23 23 23 23 23 23 23 23 23 23 23 23 23 23 23 23
23 23 23 23 23 23 23
23 23 23 23 23 23 23 23 23 23 23 23 23 23 23 23 23 23 23 23 23 23 23 23 23 23 23 23 23 23 23 23 23 23 23 23
23 23 23 23 23 23 23
23 23 23 23 23 23 23
23 23 23 23 23 23 23 23 23 23 23 23 23 23 12 12 23 12 23 23 23 12 23 23 23 23 23 23 23 23 23 23
23 23 23 23 23 23 23 23 23
23 23 23 23 23 23 23
23 23 23 23 23 23 23
23 23 23 23 23 23 23 23 23 23 23
23 23 23 23 23 23 23 23
23 23 23 23 23 23 23 23 23 23 23 23 23 23
23 23 23 23 23 23 23 23 23
23 23 23 23 23 23 23 23 23 23 23 23 23 23 23 23 23 23 23 23
23 23 23 23 23 23 23 23
23 23 23 23 23 23 23
23 23 23 23 23 23 23 23
12 23 23 23 23 23 23 23 23 23 23 23 23 12 23 23 12 23 23 23 12 23 23 23 23 23 23
23 23 23 23 4 23 23 23 23 4 4 23 23 23 23 23
23 23 23 23 23 23 23 23 23 23 23 23 23 23 23
23 23 23 23 23 23 23 23 23 23
23 23 23 23 23 23 23 23 23 23
23 23 23 23 23 23 23 23 23 23 23 23
23 23 23 23 23 23 23
23 23 23 23 23 23 23 23 23 23 23
23 23 23 23 23 23 23 23 23 23 23
23 23 23 23 23 23 23 23 23 23
23 23 23 23 23 23 23 23 23
23 23 23 23 23 23 23 23
23 23 23 23 23 23 23
23 23 23 23 23 23 12 23 23 23 23 23 23 23 23 23 23 23 23 23 23 12 23 23 12 23 12
23 23 23 23 23 23 23 23 23 23
23 23 23 23 23 23 23 23
23 23 23 23 23 23 23 23 23
23 23 23 23 23 23 23 23
23 23 23 23 23 23 23
23 23 23 23 23 23 23 23 23
23 23 23 23 23 23 23 23
23 23 23 23 23 23 23
23 23 23 23 23 23 23 23 23
23 23 23 23 23 23 23 23 23 23 23 23 23
23 23 23 23 23 23 23 23 23 23
23 23 23 23 23 23 23 23 23 23
23 23 23 23 23 23 23 23 23 23 23 23 23 23 23 23 23 23
23 23 23 23 23 23 23 23 23
23 23 23 23 23 23 23 23
23 23 23 23 23 23 23
23 23 23 23 23 23 23 23 23 23 23 23 23 23
23 23 23 23 23 23 23 23 23 23 23 23 23 23
23 23 23 23 23 23 23
23 23 23 23 23 23 23 23 23 23 23 4 23 23 4 23 23 23 23 23 23 4 23 23 23
23 23 23 23 23 23 23 23
23 12 23 23 23 23 23 23 23 12 23 12 12
23 23 23 23 23 23 23 23
23 23 23 23 23 23 23 23 23
23 23 23 23 23 23 23 23 23
23 23 23 23 23 23 12 23 23 23 23 23 23 12 12 23 23 23 23 23 23 23 12 23 23 23 23 23 23 23
23 23 23 23 23 4 4 23 23 23 23 23 4 23 23 23 23 23 23 23 23 23 23 23 23 23 23
23 12 23 12 23 12 12 23 23
23 23 23 23 23 23 23 23
23 23 23 23 23 23 23 23 23 23 23 23 23 23 23 23
23 23 23 23 23 23 23
23 23 23 23 23 23 23
23 23 23 23 23 23 23 23 23 23 23
23 23 23 23 23 23 23 23 23
23 23 23 23 23 23 23
23 23 23 23 23 23 23 23 23 23
23 23 23 23 23 23 23
23 23 23 23 23 23 23 23 23 23 23
23 23 23 23 23 23 23 23 23 23 23 23 23 23 23 23 23 23 23 23 23 23 23 23 23 23 23 23 23 23 23 23 23
23 23 23 23 23 23 23 23 23 23 23 23 23
23 23 23 23 23 23 23
23 23 23 23 23 23 23 23
23 23 23 23 23 23 23 23 23
23 23 23 23 23 23 23 23 23 23 23 23 23
23 23 23 23 23 23 23 23 23 23 23 23 23
23 23 23 23 23 23 23 23 23 23 23
23 23 23 23 23 23 23
12 23 23 23 12 12 23 12 23
23 23 23 23 23 23 23
23 23 23 23 23 23 23 23
23 23 23 23 23 23 23
23 23 23 23 23 23 23 23 23 23 23 23 23
23 23 23 23 23 23 23 23 23 23 23 23 23 23
23 23 23 23 23 23 23
23 23 23 23 23 23 23 23 23
23 23 23 23 23 23 23 23 23 23 23 23 23 23 23 23 23 23 23 23 23 23 23 23 23
23 23 23 23 23 23 23 23
23 23 23 23 23 23 23 23 23 23 23 23
23 12 12 23 12 12 23 23 23 23
23 23 23 23 23 23 23 23 23 23
23 23 23 23 23 23 23 23 23 23 23
23 23 23 23 23 23 23 23
23 23 23 23 23 23 23 23
23 23 23 23 23 23 23 23 23 23 23 23 23 23 23 23 23 23 23 23 23 23
23 23 23 23 23 23 23 23 23 23 23 23 23 23 23 23 23
23 23 23 23 23 23 23 23 23 23 23 23
23 23 23 23 23 23 23 23
23 23 23 23 23 23 23 23 23 23 23
23 23 23 23 23 23 23 23 23 23 23
23 23 23 23 23 23 23 23 23 23 23 23
23 23 23 23 23 23 23 23 23 23 23 23
23 23 23 23 23 23 23 23 23 23 23 23 23 23 23 23 23 23 23 23 23 23 23 23 23 23 23 23 23 23 23 23 23
23 23 23 23 23 23 23 23 23 23 23 23 23 23 23 23
23 23 23 23 23 23 23 23 23
23 23 23 23 23 23 23 23
12 12 23 12 23 12 23
23 23 23 23 23 23 23
23 23 23 23 23 23 23 23 23 23 23 23 23
23 23 23 23 23 23 23
23 15 12 12 23 23 19 12 15 15 12 15
23 23 23 23 23 23 23 23
23 23 23 23 23 23 23 23 23 23 23
23 23 23 23 23 23 23 23 23 23 23
23 23 23 23 23 23 23 23 23 23 23 23 23 23 23
23 23 23 23 23 23 23 23 23 23 23 23
23 23 23 23 23 23 23 23 23 23 23 23
23 23 23 23 23 23 23 23 23 23 23 23 23
23 23 23 23 23 23 23 23 23 23 23 23 23 23
12 23 12 23 23 12 12 23 23 23 23 23 23 23
23 23 23 23 23 23 23 23
23 12 12 23 12 23 12 23 23 23 23
12 23 23 23 23 23 23 23 23 12 23 23 23 12 23 23 23 23 12 23 23 23 23 23
23 23 23 23 23 23 23
23 23 23 23 23 23 23 23 23 23 23
23 23 23 23 23 23 23 23 23 23 23
23 23 23 23 23 23 23 23 23 23 23
23 23 23 23 23 23 23 23 23 23 23 23 23 23 23 23 23 23 23 23 23
23 23 23 23 23 23 23 23
23 23 23 23 23 23 23 23 23 23 23 23 23 23 23 23 23 23 23 23