0 0 0 0 0 0 0
14 14 14 14 154 14 14 14 14 14 14 14 14
0 0 0 0 0 0 0
0 0 0 0 0 0 0
52 30 30 52 30 30 30 223 30 52
31 31 31 24 92 24 24 24
0 0 0 0 0 0 0
31 31 92 24 31 24 24 24
14 14 14 154 14 14 14 14 14 14 14 14 14
555 555 184 707 184 184 184 555 555 555 707 184 184 707 184 184 184 707 1436 184 184 184
1 1 1 1 1 1 1 1
94 94 94 137 137 185 185 137 920 94 185 94 94 137 137 185 94
1 1 1 1 1 1 1 1
1437 708 236 236 921 236 1438 236 708 1135 236 236 708 236 1135 236 236 708 921 236 1439 921
0 0 0 0 0 0 0
449 449 449 709 449 709 1440 709 922 922 449 709 1441 449 1442 922
57 50 50 57 50 57 50 50 50 50 57 57 556 57
0 0 0 0 0 0 0
186 186 110 110 79 79 110 79 79
1 1 1 1 1 1 1 1
187 80 48 48 48 48 80 48 80 187 80 48
1443 385 557 385 224 557 557 224 385 224 385 385 385 557 557 224 224 224 224 224 224 224 224 385
2 2 2 2 2 2 2 2 2
58 40 58 40 450 58 40 40 40 58 58 40 40 40
0 0 0 0 0 0 0
558 300 300 300 710 1444 558 710 300 300 300 923 300 300 923 923 558 558 710 710 558 1445
12 12 12 12 12 12 12 12 12 12 12 12 12 12 12 12 12 12 12 12 12 12 12 12 12 12 12 12 12 12 12 12 12 12 12 12 12 12
12 12 12 12 12 12 12 12 12 12 12 12 12 12 12 12 12 12 12 12 12 12 12 12 12 12 12 12 12 12 12 12 12 12 12 12 12 12
19 19 19 19 19 19 19 19 19 19 19 19 19 19 19
0 0 0 0 0 0 0
2 2 2 2 2 2 2 2 2
2 2 2 2 2 2 2 2 2
36 36 36 280 36 36 36
81 1136 81 81 81 81 81 81 81 81 81 81 81
1 1 1 1 1 1 1 1
301 155 155 1137 451 155 155 301 155 301 451 301 155 451 155
188 188 188 122 122 188 188 122 452 1138 302 452 302 122 188 452 122 122 122 122 302 302
1446 237 559 559 237 237 237 559 237 237 237 237 237 237 559 559
453 560 386 560 561 1447 453 453 561 453 711 386 711 386 453 561 386 386 561 1139 561 453 1140 711 1140 560 560 386 1139 560 386 711
0 0 0 0 0 0 0
281 82 82 82 82 138 82 82 82 281 138 82 281 924 138 138 138
18 18 21 18 21 18 21 95 18 21 18 21
7 7 7 7 7 7 7 7 7 7 7 7
25 25 25 25 25 25 25 25 25 25 25 25 25 25 25 25 25 25 25 25 25 25
2 2 2 2 2 2 2 2 2
454 189 189 454 189 189 189 189 454 189 189 454 189 189 189 454 189 454 1448
2 2 2 2 2 2 2 2 2
0 0 0 0 0 0 0
562 1141 562 925 238 562 1141 1142 238 925 925 562 238 238 238 1142 238 238 562 238 238 238
0 0 0 0 0 0 0
0 0 0 0 0 0 0
563 455 455 563 1143 563 455 455 926 563 1449 455 926 563 455 1143 926
1 1 1 1 1 1 1 1
239 564 564 1144 239 239 1145 239 927 712 239 712 1146 713 1450 1451 712 1146 239 712 239 713 239 564 1144 564 1145 927 1452 564 713 1453 239 239 927 713
123 156 156 123 156 156 123 123 1147 156 123 123 156 123 123 156
928 929 714 928 714 1148 929 929 1149 1148 930 714 930 928 930 931 1150 1149 1454 1150 1455 1456 714 931 931 1457
565 715 565 565 1151 715 565 715 565 1151 715
124 83 83 716 124 83 124 83 83 124 83
0 0 0 0 0 0 0
1 1 1 1 1 1 1 1
717 240 240 170 170 387 387 717 717 1458 170 932 170 240 387 240 170 240 240 387 932 717 387 170 387 170 170 240 387 170 170 932 170 240 240 240 170 170
111 111 157 111 157 111 111 111 1152 111 111 111 157 157 157 157 157
456 933 456 456 566 566 456 933 933 566 456 566 566 1459 456
7 7 7 7 7 7 7 7 7 7 7 7
52 52 30 52 30 30 223 30 30 30
388 388 1460 388 388 388 567 568 388 567 567 718 719 567 568 388 568 567 1461 718 568 719 568 719 1462 1463 718 718 719
1 1 1 1 1 1 1 1
1464 1465 569 569 569 720 569 1466 934 569 934 720 934 720 720
158 190 190 190 190 158 190 158 158 190 158 158 190 158 158 190 158 158 158 190 1467 158 190 158 158 190 190
721 389 721 935 936 722 722 935 936 389 723 1468 722 722 723 389 721 389 721 1469 389 389 1470 936 389 935 723 723
18 95 21 21 21 18 21 18 18 18 21 18
1 1 1 1 1 1 1 1
303 282 303 1471 282 282 282 303 282 282 303 1472 1473 303 282 303 282 303 303 282
3 3 3 3 3 3 3 3 3 3
7 7 7 7 7 7 7 7 7 7 7 7
171 171 283 724 1153 283 725 724 171 283 283 570 570 171 283 725 570 570 171 283 171 724 283 1474 725 283 171 724 171 570 725 1153 171 283 171 171 171 171
38 54 38 54 38 38 54 54 54 54 38 38 38 38 38 38 38 54 726 54 38 38
3 3 3 3 3 3 3 3 3 3
571 1154 571 1475 1154 1476 1477 1155 571 1478 1155 1156 1479 571 1156 1480 571
2 2 2 2 2 2 2 2 2
1481 727 937 727 937 1482 937 727 938 727 938 1157 1483 1157 938
225 225 390 225 225 225 390 225 390 225 390 390 390 225 390 1484 225 225 225
33 159 33 159 33 33 33 33 33 33
15 15 13 43 15 13 15 13 13 13
112 112 112 160 241 112 728 160 160 112 160 241 160 241 728 112 160 241 112 241 160 112 112
0 0 0 0 0 0 0
1 1 1 1 1 1 1 1
13 13 13 15 15 15 43 15 13 13
0 0 0 0 0 0 0
44 139 139 44 44 44 44 139 242 242 44 44 44
172 172 172 172 172 172 172 172 172 172 172 172 172
226 226 226 939 243 1485 226 243 226 243 243 226 226 243 243 226 243 226 243 243 226 939 226 243 939
457 457 1158 457 1158 457 457 457
0 0 0 0 0 0 0
12 12 12 12 12 12 12 12 12 12 12 12 12 12 12 12 12 12 12 12 12 12 12 12 12 12 12 12 12 12 12 12 12 12 12 12 12 12
0 0 0 0 0 0 0
3 3 3 3 3 3 3 3 3 3
1159 572 573 572 572 1159 573 1486 572 573 572 1160 573 573 1160
19 19 19 19 19 19 19 19 19 19 19 19 19 19 19
3 3 3 3 3 3 3 3 3 3
1 1 1 1 1 1 1 1
14 14 14 154 14 14 14 14 14 14 14 14 14
17 26 17 17 26 17 93 17 17 26 26
0 0 0 0 0 0 0
729 1161 729 729 1161 1487 729
1 1 1 1 1 1 1 1
113 37 23 23 37 23 23 37 23
21 18 95 21 18 18 18 21 18 18 21 21
34 34 34 391 68 68 34 68 34 34 68 34 34
97 191 97 97 97 97 191 97 97 97 191 97 97 191 191 191 1162
304 304 304 940 304 304 1488 940 1163 940 304 304 304 1163
458 458 458 305 392 574 305 305 574 392 574 392 458 458 574 1164 392 392 392 305 305 458 305 392 305 305 1164 1489 574
244 192 192 192 575 1490 575 244 244 244 575 244 192 192 575 1491 730 192 192 192 244 730 192 192 192 1492 730 730 192 244 244 244 575 244
0 0 0 0 0 0 0
1 1 1 1 1 1 1 1
98 39 39 39 39 39 98 39 39 39 39 39 98 98 576
1 1 1 1 1 1 1 1
459 125 577 125 459 459 459 1493 125 125 577 125 577 577 125 125 125 125 125 125 577 459 459 125 125 125 125 125
1 1 1 1 1 1 1 1
1494 107 107 731 107 107 107 107 107 731 107 1165 107 1495 731 107 107 731 107 107 107 1165 107 107 107 107 107
3 3 3 3 3 3 3 3 3 3
732 1166 732 732 1166 732 1496
20 20 20 20 20 20 20 20 161
3 3 3 3 3 3 3 3 3 3
1167 733 245 245 733 245 245 245
7 7 7 7 7 7 7 7 7 7 7 7
193 306 193 306 193 306 193 193 193 306
30 30 30 52 52 223 30 52 30 30
307 307 308 307 308 308 307 308 308 1497 307 307 307 308 1498 307 308 308
28 28 28 59 246 28 28 59 28 59 28
2 2 2 2 2 2 2 2 2
114 114 460 114 114 114 194 194 194 460 460 194 114 194 114 194 114 114
2 2 2 2 2 2 2 2 2
140 140 461 461 941 140 140 140
280 36 36 36 36 36 36
193 306 193 306 193 306 193 193 193 306
60 60 41 41 60 60 41 41 41 41 41 60 462
1499 734 1500 1168 1169 463 734 1170 578 578 734 578 1168 578 463 463 463 1169 578 734 463 463 1170
309 309 309 579 942 735 579 309 579 942 735 942 309 1501 309 309 735 309 579 1502 735 579
580 943 943 1503 1504 580 580 580 580 943 1505
20 20 20 20 20 20 20 20 161
2 2 2 2 2 2 2 2 2
1 1 1 1 1 1 1 1
61 61 247 61 61 61 247 61
126 195 126 126 195 195 126 126 1171 126 195 126 195 126 195
944 1172 1172 944 581 945 1173 1173 1506 945 581 945 581 581 581 944 1507
1 1 1 1 1 1 1 1
2 2 2 2 2 2 2 2 2
61 61 61 61 61 247 61 247
582 946 582 946 582 582 736 736 946 736 736 582 1174 1508 1174
4 4 4 4 4 4 4 4 4 4 4
1 1 1 1 1 1 1 1
3 3 3 3 3 3 3 3 3 3
310 310 583 310 1175 583 310 583 310 583 310 310 310 1175 583
8 8 8 73 8 8 8 8 8 8 8
99 99 99 737 99 99 99 99 99 737 99 99
947 947 1176 1509 1510 947 1511 1176
1177 196 248 196 196 1178 1179 248 248 196 196 196 248 248
464 465 464 465 465 738 1180 464 738 1512 738 584 464 1513 584 465 464 584 584 1180 464 584 738 465 465
127 127 127 311 311 127 162 127 162 127 127 739 162 311 740 740 311 127 741 162 162 739 162 741 162 1181
1 1 1 1 1 1 1 1
24 24 92 31 24 31 24 31
742 948 742 948 1514 742 1515 1516 949 950 742 466 1517 466 466 1182 1182 948 950 466 950 949 466 1183 1518 466 1519 1183 949
585 585 585 586 586 586 1520 1184 586 585 951 951 951 585 586 1184
39 39 39 39 576 39 98 98 39 39 39 39 39 98 98
249 312 249 312 249 1521 249 249 312 249 312 312 312 249 249 249 312 249 312
21 18 21 21 18 18 21 18 21 18 18 95
1 1 1 1 1 1 1 1
952 284 284 284 284 284 1522 952 284 284 284 284 952 1523
197 173 173 173 173 173 197 197 173 197 197 197 173 1185 173 197 197 173 173 197 197 173 197 173 1185 173 197
198 743 1524 1525 467 1526 313 198 198 744 745 743 313 198 198 313 953 467 744 467 744 1186 198 467 745 313 198 745 743 1186 743 745 953 313 198 1527 313 1528 744 313 953 313 467 198 198 1529 467 198 1530 198
36 36 36 36 36 280 36
62 62 62 62 62 62 62 746 62 62 62 62 62 746 62 62 62
108 108 108 108 108 108 108 108 314 314 314 314 314 314 314 108 108 108 108 108 108 108 1531 108 314 108 108 108
1 1 1 1 1 1 1 1
1 1 1 1 1 1 1 1
0 0 0 0 0 0 0
0 0 0 0 0 0 0
82 138 82 281 82 281 138 138 82 82 281 138 924 82 82 82 138
1187 747 1188 1187 954 747 954 587 747 587 954 587 1188 747 587 587
748 749 748 748 749 749 748 749
1532 315 315 1533 315 1534 315 1189 315 955 955 1535 955 315 315 315 1189
15 13 13 15 13 13 15 13 43 15
0 0 0 0 0 0 0
128 750 316 316 128 128 128
1 1 1 1 1 1 1 1
1536 1190 588 1191 1537 588 588 1192 751 1538 1193 751 1190 588 1193 751 1191 1539 1192 588 1540 751 1541
126 195 1171 126 195 126 195 126 195 126 126 195 126 195 126
2 2 2 2 2 2 2 2 2
25 25 25 25 25 25 25 25 25 25 25 25 25 25 25 25 25 25 25 25 25 25
246 59 28 28 28 59 28 59 28 28 28
28 28 28 28 246 28 59 28 28 59 59
317 317 250 468 199 317 317 1542 250 468 317 317 199 199 199 250 468 199 468 317 199 199 250 468 199 317 468 199 199 250 250 250 199 199 250 250 250
1194 174 174 174 589 589 393 174 1194 752 174 174 174 752 174 393 174 174 393 174 589 393 752 393 589 174 1543 174 589 752 393 393
956 753 753 754 1544 753 1195 956 754 754 753 754 1195 956
3 3 3 3 3 3 3 3 3 3
394 200 200 1196 200 394 200 200 394 200 394 200 394 394 394 1196 200 200 200 200 200
1 1 1 1 1 1 1 1
1545 590 395 755 1546 755 590 395 590 755 590 395 755 590 1547 1548 395 395 395 395
756 318 1197 1549 957 958 757 959 318 957 1550 959 318 757 757 318 758 591 1551 758 758 1198 591 958 758 756 757 1552 591 591 1553 318 1197 957 959 1198 591 756 318 1554 318 318 756 958
592 469 469 469 1555 592 469 592 592 469 469 592
15 13 15 13 13 43 15 15 13 13
0 0 0 0 0 0 0
3 3 3 3 3 3 3 3 3 3
2 2 2 2 2 2 2 2 2
0 0 0 0 0 0 0
470 1199 1199 470 470 470 470 470 1556
14 14 14 14 154 14 14 14 14 14 14 14 14
2 2 2 2 2 2 2 2 2
24 24 24 24 31 31 92 31
10 10 10 10 10 10 10 10 10 10 10 10 10 10
3 3 3 3 3 3 3 3 3 3
285 141 141 201 285 141 285 201 201 141 960 141 201
34 34 34 34 34 34 68 68 34 34 68 68 391
7 7 7 7 7 7 7 7 7 7 7 7
0 0 0 0 0 0 0
0 0 0 0 0 0 0
2 2 2 2 2 2 2 2 2
2 2 2 2 2 2 2 2 2
1 1 1 1 1 1 1 1
33 33 159 33 159 33 33 33 33 33
0 0 0 0 0 0 0
20 20 20 20 161 20 20 20 20
1557 1558 1559 759 1200 1200 1201 759 1201 759 1560 759 1561
20 161 20 20 20 20 20 20 20
396 760 760 760 396 396 396 1562 396 1563 1564 961 760 396 396 961 961 1565
25 25 25 25 25 25 25 25 25 25 25 25 25 25 25 25 25 25 25 25 25 25
62 62 62 62 62 62 62 746 62 62 62 62 62 746 62 62 62
202 202 202 761 202 761 202 1566 202 1567 761 202 202 761 202 202 202 202
17 17 17 26 93 26 17 17 26 17 26
10 10 10 10 10 10 10 10 10 10 10 10 10 10
3 3 3 3 3 3 3 3 3 3
1568 1569 1202 962 762 763 762 397 1203 1202 763 962 397 397 397 962 963 1203 762 397 963 763 762 397 763 397 963
0 0 0 0 0 0 0
0 0 0 0 0 0 0
35 35 35 55 319 55 35 35 55 35 55 35
964 965 1204 964 1570 1571 1572 964 966 967 965 965 1573 966 967 1204 966 967
1 1 1 1 1 1 1 1
764 471 471 471 764 764 1574 1575 764 471 471 471
765 100 100 472 100 100 472 472 593 100 1576 100 472 100 227 1577 593 100 100 227 472 227 100 100 227 765 472 227 765 100 227 1578 227 100 227 100 968 100 100 100 100 100 100 593 227 968 765 227 593 593 227 968
398 1205 594 398 1206 398 1205 398 398 398 1206 1579 1207 1207 398 594 594 594 594 1580
766 1581 766 766 595 1582 1583 1208 767 399 1584 1209 1585 596 595 1586 596 399 1587 399 596 1588 1589 767 595 1590 1210 595 1591 1592 1208 1211 399 1593 767 766 1209 1211 399 1212 596 767 596 595 399 1210 1212 399
0 0 0 0 0 0 0
320 1213 597 768 320 1594 597 768 768 320 320 320 1214 768 1214 320 597 597 597 320 320 1213
2 2 2 2 2 2 2 2 2
0 0 0 0 0 0 0
0 0 0 0 0 0 0
0 0 0 0 0 0 0
1 1 1 1 1 1 1 1
20 20 20 20 161 20 20 20 20
3 3 3 3 3 3 3 3 3 3
3 3 3 3 3 3 3 3 3 3
0 0 0 0 0 0 0
1 1 1 1 1 1 1 1
0 0 0 0 0 0 0
1 1 1 1 1 1 1 1
38 726 38 54 38 54 54 38 38 54 54 38 38 54 54 38 54 38 38 38 38 38
5 5 5 5 5 5 5 5 5 5 5 5 5 5 5 5 5 5 5 5
769 1595 473 598 473 598 598 769 1596 769 473 769 598 473 473 598 1597 473 1598
8 73 8 8 8 8 8 8 8 8 8
1215 1599 474 1600 1601 474 1602 474 1215 599 1603 599 474 474 599 474 599 599
35 35 35 55 35 55 35 35 55 319 55 35
1 1 1 1 1 1 1 1
2 2 2 2 2 2 2 2 2
12 12 12 12 12 12 12 12 12 12 12 12 12 12 12 12 12 12 12 12 12 12 12 12 12 12 12 12 12 12 12 12 12 12 12 12 12 12
0 0 0 0 0 0 0
72 72 72 142 142 142 142 72 142 969 72 72 72 72 72
1 1 1 1 1 1 1 1
84 286 84 84 84 286 286 84 1216 84 84 84 84 84 286 84 84 84 84 286 286 286 84 84 84 84 84 84 1604 286 84 286 84 84 1216 84
970 770 143 143 143 143 143 475 143 475 143 143 770 475 770 143 143 143 143 143 970 475 475 143 970 143 770 1605 475
0 0 0 0 0 0 0
971 600 601 972 600 600 600 1217 972 971 1218 1219 972 1220 1606 1607 1217 601 601 1608 1220 601 1609 1610 1218 971 1611 600 1219 601
1221 1222 1223 602 1612 771 1613 1614 771 1221 1615 602 1616 973 1617 1223 602 1222 1618 602 973 1619 1620 771 1621 1622 602 973 771 1623
15 13 13 15 13 13 43 15 15 13
476 603 974 603 974 1624 1625 476 1626 603 603 603 1224 1224 1627 476 476 1628 1629 476 1630 476 1631 974
3 3 3 3 3 3 3 3 3 3
0 0 0 0 0 0 0
477 321 477 321 251 251 251 321 477 251 321 251
322 203 203 322 322 144 144 144 144 203 772 203 322 322 772 203 322 144 144 772 144 203 322 144 203 144 144 144 203 144 203 144 772 322 144 203 203 1632 203 144
114 114 460 114 114 114 194 194 194 460 460 194 114 194 114 194 114 114
0 0 0 0 0 0 0
5 5 5 5 5 5 5 5 5 5 5 5 5 5 5 5 5 5 5 5
5 5 5 5 5 5 5 5 5 5 5 5 5 5 5 5 5 5 5 5
13 43 13 15 15 15 15 13 13 13
2 2 2 2 2 2 2 2 2
0 0 0 0 0 0 0
204 163 204 204 204 163 323 323 163 163 323 163 163 1225 163 323 204 204
42 975 42 42 42 42 42 42 42 42 42 42 42 42 42
20 20 20 20 20 20 20 161 20
18 18 21 21 18 18 95 21 21 18 18 21
145 145 145 145 773 145 773 145 773 145 145 773 145 145 1633 145 145 145 145 145
1 1 1 1 1 1 1 1
25 25 25 25 25 25 25 25 25 25 25 25 25 25 25 25 25 25 25 25 25 25
17 26 17 17 17 17 26 26 17 26 93
478 478 479 479 604 604 479 604 479 604 478 1634 479 478 478 478 604 479
201 141 201 285 285 141 285 141 201 960 141 201 141
0 0 0 0 0 0 0
2 2 2 2 2 2 2 2 2
774 1635 774 1636 976 775 1226 1227 977 775 978 1226 324 977 324 775 1637 774 978 976 324 324 977 324 976 324 1227 978 324 775 774 324 1638
13 13 15 15 15 13 13 13 43 15
1 1 1 1 1 1 1 1
37 23 37 23 23 113 37 23 23
605 400 1639 605 979 605 400 979 400 400 400 400 1640 400 979 605 605
0 0 0 0 0 0 0
0 0 0 0 0 0 0
0 0 0 0 0 0 0
0 0 0 0 0 0 0
0 0 0 0 0 0 0
1 1 1 1 1 1 1 1
0 0 0 0 0 0 0
13 13 15 13 15 15 13 43 13 15
980 776 1641 1642 980 776 776 980 776
1 1 1 1 1 1 1 1
17 26 17 26 26 17 17 93 17 17 26
0 0 0 0 0 0 0
5 5 5 5 5 5 5 5 5 5 5 5 5 5 5 5 5 5 5 5
10 10 10 10 10 10 10 10 10 10 10 10 10 10
606 607 607 1643 1644 606 1228 606 606 981 1645 1646 981 777 607 982 982 777 777 607 606 1228 607 777 982 981 1647
3 3 3 3 3 3 3 3 3 3
24 31 31 92 24 24 24 31
778 983 778 778 983 778 1229 983 1229 1648
1 1 1 1 1 1 1 1
779 779 780 781 1649 779 1230 781 779 781 780 781 1230 780 780
15 13 43 13 13 13 15 13 15 15
13 13 15 15 13 43 13 13 15 15
31 24 31 92 24 24 24 31
2 2 2 2 2 2 2 2 2
480 480 984 480 985 1231 480 984 1231 1650 480 985 480 984 985
481 482 782 482 1651 1652 1232 986 782 481 986 782 481 482 1232 482 986 782 482 481 481 481 482
159 33 33 33 33 33 33 33 33 159
401 1233 483 1233 401 783 401 401 483 783 402 483 401 783 402 402 402 401 1234 783 1234 483 1653 402 401 402 402 483 483
987 1654 1655 988 987 988 784 784 988 987 784 784
785 252 287 287 1235 252 989 252 287 403 287 287 252 989 1656 785 252 1657 287 252 403 252 403 403 785 403 287 403 989 252 1235 1658 252 785 403 252 287 287
205 205 608 205 1659 484 205 484 990 205 484 205 608 484 608 205 205 205 484 608 484 990 205 205 990 608 205
325 1236 115 115 115 325 115 325 325 115 115 115 115 115
0 0 0 0 0 0 0
109 288 109 288 109 288 109 109 109 109 109 109 109 109 288 109 288 288 288 109 109 109 109 109 288 1660 109 109 288
28 59 59 28 28 246 28 28 28 28 59
0 0 0 0 0 0 0
96 63 63 96 63 96 96 63 96 63 96 63 63 63 63 96 63 991
12 12 12 12 12 12 12 12 12 12 12 12 12 12 12 12 12 12 12 12 12 12 12 12 12 12 12 12 12 12 12 12 12 12 12 12 12 12
5 5 5 5 5 5 5 5 5 5 5 5 5 5 5 5 5 5 5 5
5 5 5 5 5 5 5 5 5 5 5 5 5 5 5 5 5 5 5 5
7 7 7 7 7 7 7 7 7 7 7 7
9 9 9 9 9 9 9 9 9 9 9 9 9 9 9 9 9
992 326 326 992 326 326 326 326 326 1661 992 326
485 327 327 327 1237 1238 1239 328 485 327 328 328 328 485
0 0 0 0 0 0 0
993 609 609 404 993 993 1662 609 404 404 609 404 404 404 404 609
3 3 3 3 3 3 3 3 3 3
1 1 1 1 1 1 1 1
8 8 8 8 8 8 8 73 8 8 8
1 1 1 1 1 1 1 1
1 1 1 1 1 1 1 1
2 2 2 2 2 2 2 2 2
59 28 59 28 246 28 59 28 28 28 28
1663 228 228 228 1240 1664 610 228 228 1241 1665 786 1666 786 1241 1242 1667 1242 1243 228 1244 786 1243 1668 228 228 228 610 1244 610 786 1669 1670 228 1671 1240 228 610 1672 1673 610
2 2 2 2 2 2 2 2 2
1245 611 787 1246 787 1247 611 1245 994 994 611 611 1246 787 994 611 1247 787
26 26 26 93 17 17 26 17 17 17 17
2 2 2 2 2 2 2 2 2
10 10 10 10 10 10 10 10 10 10 10 10 10 10
2 2 2 2 2 2 2 2 2
110 186 110 110 79 79 186 79 79
9 9 9 9 9 9 9 9 9 9 9 9 9 9 9 9 9
0 0 0 0 0 0 0
0 0 0 0 0 0 0
329 289 329 486 486 289 486 329 289 289 289 329 486 289 289 329 289 329 289 486 329 1674 486 329
290 290 291 995 290 1675 290 291 290 995 291 291 291 290 995 291 290 291 1248 290 291 290 291 1248
21 18 18 21 18 21 18 18 21 95 21 18
1249 487 487 487 788 788 788 788 1676 487 487 1249 1250 1250 1251 487 1251 1677
253 1252 254 253 253 1253 253 254 253 488 254 1254 488 254 254 488
15 13 43 15 13 15 15 13 13 13
0 0 0 0 0 0 0
17 93 17 17 26 17 26 17 26 26 17
1255 789 1678 789 789 996 789 1679 1255 612 1680 996 612 612 612 996 612
186 110 110 79 79 110 79 186 79
2 2 2 2 2 2 2 2 2
613 614 614 1681 405 1682 405 1256 1257 1258 330 330 997 330 405 1683 405 613 997 613 614 614 998 330 405 330 1259 613 997 405 1256 1258 330 1257 998 613 998 405 614 330 330 1684 1259
1 1 1 1 1 1 1 1
1 1 1 1 1 1 1 1
0 0 0 0 0 0 0
94 94 185 94 137 137 137 137 137 94 94 185 94 185 94 920 185
0 0 0 0 0 0 0
50 57 50 57 57 57 556 57 50 50 50 57 50 50
64 78 64 64 64 78 64 78 78 78 255 255 64
406 1260 406 999 999 406 406 999 406 1260 406 406
0 0 0 0 0 0 0
0 0 0 0 0 0 0
2 2 2 2 2 2 2 2 2
790 615 1261 1262 615 1262 790 615 615 615 790 1261 790
616 616 489 616 489 489 489 1685 616 489 1000 1000 1000 1686 616 489
0 0 0 0 0 0 0
331 490 490 331 331 332 331 332 490 332 332
7 7 7 7 7 7 7 7 7 7 7 7
0 0 0 0 0 0 0
37 37 113 23 23 37 23 23 23
12 12 12 12 12 12 12 12 12 12 12 12 12 12 12 12 12 12 12 12 12 12 12 12 12 12 12 12 12 12 12 12 12 12 12 12 12 12
485 485 1238 1237 485 328 327 327 1239 327 328 328 328 327
124 83 83 716 124 124 124 83 83 83 83
43 13 13 15 13 13 13 15 15 15
0 0 0 0 0 0 0
206 791 791 206 206 206 206 206 791 1687 206 206 206 206 791 206 206
1 1 1 1 1 1 1 1
36 36 36 36 280 36 36
0 0 0 0 0 0 0
30 30 52 52 223 30 52 30 30 30
1 1 1 1 1 1 1 1
127 127 127 311 311 127 162 127 162 127 127 739 162 311 740 740 311 127 741 162 162 739 162 741 162 1181
0 0 0 0 0 0 0
14 14 14 14 14 14 14 14 14 14 14 14 154
0 0 0 0 0 0 0
0 0 0 0 0 0 0
20 20 20 161 20 20 20 20 20
792 792 793 333 1001 1263 1688 793 1263 333 792 333 333 792 793 333 333 793 1001 1001 333 333
334 491 491 617 334 1264 335 1265 1002 617 491 334 334 1002 334 1265 335 491 1002 335 335 335 491 335 617 1264 1689 335 334 334 491 617 617 335 334
185 94 137 94 137 920 94 94 94 185 94 185 137 94 185 137 137
10 10 10 10 10 10 10 10 10 10 10 10 10 10
99 99 99 737 99 99 99 99 99 737 99 99
0 0 0 0 0 0 0
1690 1266 1003 1691 1692 1266 1693 1004 1003 1003 1004 1004
1 1 1 1 1 1 1 1
24 31 31 24 92 31 24 24
1 1 1 1 1 1 1 1
3 3 3 3 3 3 3 3 3 3
2 2 2 2 2 2 2 2 2
129 56 56 56 56 129 56 129 56 336 56 56 129 336
1 1 1 1 1 1 1 1
3 3 3 3 3 3 3 3 3 3
229 1005 1005 229 229 794 794 794 229 1005 229 229 229 794 229 229 229 229
2 2 2 2 2 2 2 2 2
7 7 7 7 7 7 7 7 7 7 7 7
207 1694 207 207 256 207 256 256 1006 256 207 256 207 207 207 256 1006 207 1006 207 207 256 256 207 256 256
112 112 112 160 241 112 728 160 160 112 160 241 160 241 728 112 160 241 112 241 160 112 112
1007 1008 1007 1267 1008 1007 1009 1009 1695 1009 1008 1267
0 0 0 0 0 0 0
492 492 795 795 1268 618 1269 492 492 492 1696 1697 1268 1269 795 618 618 618 618 1698 795 492
2 2 2 2 2 2 2 2 2
2 2 2 2 2 2 2 2 2
0 0 0 0 0 0 0
1 1 1 1 1 1 1 1
146 146 146 146 146 146 146 146 146 146 146 146 1699 146 146 146
49 49 49 49 49 49 1700 49 49 49 49 49 49 49 796 796 49 49 49 49 1701 49 49 49 796 49 49 49 49 49 49 1702 49 49 49 49 49 49 49 49 49 49 796
1010 1703 1270 797 1010 1010 797 797 1704 797 1270
24 24 31 31 24 92 24 31
128 750 128 316 128 316 128
30 30 52 30 30 223 30 30 52 52
0 0 0 0 0 0 0
24 92 31 24 24 24 31 31
0 0 0 0 0 0 0
1 1 1 1 1 1 1 1
0 0 0 0 0 0 0
0 0 0 0 0 0 0
1271 208 208 337 208 1271 208 337 208 208 337 337 208 337 337 208 337 208 208 208 337 208
128 316 128 128 128 750 316
1272 798 1705 619 1706 798 619 798 1272 1707 1708 1709 619 1710 619 1273 1273 1711 619 798
3 3 3 3 3 3 3 3 3 3
0 0 0 0 0 0 0
1 1 1 1 1 1 1 1
0 0 0 0 0 0 0
338 1274 338 620 338 620 338 1011 620 799 1274 338 1712 1011 1713 338 800 799 338 620 799 338 800 800 799 1011 620 800
1 1 1 1 1 1 1 1
0 0 0 0 0 0 0
20 161 20 20 20 20 20 20 20
1275 493 1714 493 1276 801 801 801 493 1715 1275 1716 1277 493 493 1276 801 1277 493
68 34 68 34 391 34 34 34 34 34 68 34 68
1 1 1 1 1 1 1 1
1717 621 621 621 621 1718 621 1012 1012 1012 1719
257 257 339 339 339 1278 339 339 257 257 339 257 257 339 257 1278 257 257 257 339
74 74 74 74 74 74 74 74 74 74 74 74 74 74 74 74 74 74 74 74 74 74 74 74 74 1720 74
47 47 47 47 47 47 47 47 47 47 47 47 47 47 407 47 47 47 47 47 47 407 47 47 407 47 47 407 47 47 47 47 47 47 407 407 47 47 47 47 407 47 47 1721 47
0 0 0 0 0 0 0
3 3 3 3 3 3 3 3 3 3
8 73 8 8 8 8 8 8 8 8 8
494 147 494 292 147 147 292 147 147 292
0 0 0 0 0 0 0
0 0 0 0 0 0 0
340 340 340 622 340 622 340 340 802 622 622 1722 802 340 802 622 802 340
1013 1279 1013 1279 1280 1280 1013 1281 1723 1281
128 128 750 316 128 128 316
247 61 61 61 61 61 61 247
13 15 13 15 13 13 43 15 15 13
69 69 101 69 69 101 101 69 69 341 69 341 101 101
0 0 0 0 0 0 0
35 35 55 35 35 319 55 55 35 35 55 35
85 85 85 258 258 85 85 85 85 85 258 85 85 1282 258 85 85 258
148 86 148 148 148 148 86 86 86 86 86 86 86 1014
0 0 0 0 0 0 0
154 14 14 14 14 14 14 14 14 14 14 14 14
0 0 0 0 0 0 0
3 3 3 3 3 3 3 3 3 3
24 31 24 24 24 31 31 92
2 2 2 2 2 2 2 2 2
803 623 495 1724 804 495 623 495 495 804 803 805 804 495 495 803 623 805 805 804 803 805 623 623
31 24 24 92 24 31 24 31
24 31 31 24 24 24 31 92
10 10 10 10 10 10 10 10 10 10 10 10 10 10
175 175 806 806 1725 175 806 624 806 624 175 175 175 624 175 175 624 175 175 624 175 175 175
7 7 7 7 7 7 7 7 7 7 7 7
1015 1283 807 807 807 807 1015 1283 1015
24 31 92 24 31 24 24 31
1 1 1 1 1 1 1 1
2 2 2 2 2 2 2 2 2
2 2 2 2 2 2 2 2 2
0 0 0 0 0 0 0
1 1 1 1 1 1 1 1
808 1726 408 408 408 408 1727 1016 1728 808 408 808 408 408 1016 808 1016 1729
1 1 1 1 1 1 1 1
6 6 6 6 6 6 6 6 6 6 6 6 6 6 6 6 6 6 6 6 6 6 6 6 6 6 6 6 6 6 6 6
6 6 6 6 6 6 6 6 6 6 6 6 6 6 6 6 6 6 6 6 6 6 6 6 6 6 6 6 6 6 6 6
0 0 0 0 0 0 0
3 3 3 3 3 3 3 3 3 3
37 37 23 23 113 23 37 23 23
2 2 2 2 2 2 2 2 2
8 8 8 8 73 8 8 8 8 8 8
1 1 1 1 1 1 1 1
0 0 0 0 0 0 0
45 87 87 45 45 87 45 45 45 45 45 87 809 45 87 45 87
2 2 2 2 2 2 2 2 2
0 0 0 0 0 0 0
0 0 0 0 0 0 0
0 0 0 0 0 0 0
0 0 0 0 0 0 0
1 1 1 1 1 1 1 1
28 28 28 59 246 59 28 28 28 28 59
147 292 494 494 292 147 147 147 147 292
33 33 33 33 33 159 33 33 159 33
6 6 6 6 6 6 6 6 6 6 6 6 6 6 6 6 6 6 6 6 6 6 6 6 6 6 6 6 6 6 6 6
0 0 0 0 0 0 0
40 40 40 58 450 58 58 40 40 40 58 58 40 40
33 159 33 33 159 33 33 33 33 33
8 8 73 8 8 8 8 8 8 8 8
0 0 0 0 0 0 0
13 15 15 13 13 13 15 43 15 13
13 15 43 15 13 13 13 15 15 13
810 810 625 625 625 810 1284 810 1017 1285 1730 1284 625 1017 625 1017 1731 1285
1 1 1 1 1 1 1 1
88 75 811 811 75 88 1286 75 88 342 88 75 75 88 75 88 342 75 75 88 342 75 342 88 88 75 88 75 75 75 88 88
0 0 0 0 0 0 0
0 0 0 0 0 0 0
1 1 1 1 1 1 1 1
0 0 0 0 0 0 0
1018 259 259 259 259 259 1732 259 259 1018 259 259 1018 259
0 0 0 0 0 0 0
18 18 18 21 21 21 18 18 21 18 21 95
0 0 0 0 0 0 0
24 31 24 92 31 31 24 24
40 58 58 40 40 450 40 58 40 58 40 40 58 40
17 26 17 93 17 17 26 26 17 26 17
1 1 1 1 1 1 1 1
496 1733 230 230 230 496 230 230 496 230 230 230 230 496 496 230 230 496
0 0 0 0 0 0 0
0 0 0 0 0 0 0
1 1 1 1 1 1 1 1
1287 164 164 164 260 164 260 1288 260 164 164 164 260 260 1289
626 1019 1020 626 1734 626 1019 1019 1020 626 1735 626 1020
0 0 0 0 0 0 0
17 26 17 26 26 17 17 17 26 17 93
4 4 4 4 4 4 4 4 4 4 4
36 36 36 36 280 36 36
0 0 0 0 0 0 0
19 19 19 19 19 19 19 19 19 19 19 19 19 19 19
2 2 2 2 2 2 2 2 2
11 11 11 11 11 11 11 11 11 11 11 11 11 11 11 11 11 11
0 0 0 0 0 0 0
20 20 20 20 161 20 20 20 20
1 1 1 1 1 1 1 1
8 73 8 8 8 8 8 8 8 8 8
1290 497 498 497 1291 1291 497 498 1290 498 497 497 497 1736 498 498 498
0 0 0 0 0 0 0
3 3 3 3 3 3 3 3 3 3
130 130 165 165 130 130 130 165 130 165 130 130 165 165 1292 165
2 2 2 2 2 2 2 2 2
0 0 0 0 0 0 0
30 52 30 52 30 30 52 30 223 30
1 1 1 1 1 1 1 1
16 16 16 16 16 16 16 16 16 16 16 16 16 16 16 16 16 16 16 16 16 16 16 16 16 16 16 16 16 16
6 6 6 6 6 6 6 6 6 6 6 6 6 6 6 6 6 6 6 6 6 6 6 6 6 6 6 6 6 6 6 6
1 1 1 1 1 1 1 1
130 130 165 130 1292 130 165 165 130 165 165 130 130 165 130 165
7 7 7 7 7 7 7 7 7 7 7 7
0 0 0 0 0 0 0
223 30 30 30 52 30 52 52 30 30
43 13 13 13 15 13 15 15 13 15
0 0 0 0 0 0 0
0 0 0 0 0 0 0
1 1 1 1 1 1 1 1
627 1021 1737 1022 812 1022 1022 1021 812 627 1738 627 1021 627 812 1739 812 627
258 85 258 85 258 85 85 85 85 85 85 258 85 85 85 1282 258 85
409 499 409 499 409 409 499 409 499 499 499 409 1740 409
1 1 1 1 1 1 1 1
36 36 36 36 36 36 280
1023 1023 628 1741 813 814 500 814 628 1742 628 1743 500 1024 500 814 1293 1293 813 501 813 1024 1744 501 501 500 500 1023 500 813 628 1745 1024 501 501 814 628 501
0 0 0 0 0 0 0
2 2 2 2 2 2 2 2 2
0 0 0 0 0 0 0
0 0 0 0 0 0 0
131 209 131 131 209 131 209
0 0 0 0 0 0 0
67 1025 67 67 67 67 67 1025 67 67 67 67 1746 67 67 67 67 67 67 67 67 67 67 67 67 1025 67 67 67 67 67 67 67
2 2 2 2 2 2 2 2 2
95 18 18 21 18 21 18 18 21 21 21 18
8 8 8 8 8 8 8 73 8 8 8
32 32 32 32 32 32 32 32 32 32 32 32 32 32 32 32 32 32 32 32 32 32 32 32 32 32 32 32 32 32 32
13 13 15 15 13 15 43 13 13 15
140 140 941 140 140 461 140 461
186 110 79 79 186 110 110 79 79
43 13 13 15 13 13 13 15 15 15
0 0 0 0 0 0 0
1026 1294 210 1026 210 210 210 1747 210 210 210 210 210 210 1748 1295 210 1026 1294 210 1295 1749 1750
343 1027 1751 343 629 629 343 1296 629 343 629 343 1296 343 629 1027 1752 1027 343 343
14 14 14 14 154 14 14 14 14 14 14 14 14
0 0 0 0 0 0 0
502 211 344 344 211 211 211 502 344 211 502 502 211 344 211 344 211 211 502 1753 211 502 211 344 344 211 344
1 1 1 1 1 1 1 1
0 0 0 0 0 0 0
24 24 92 31 31 24 31 24
410 261 1754 261 261 410 261 410 261 410 410 261 261 410 261 261 410 261
0 0 0 0 0 0 0
815 1297 1755 815 815 1297 1756 815 1757
1 1 1 1 1 1 1 1
0 0 0 0 0 0 0
15 13 13 15 13 15 43 13 13 15
83 83 83 83 124 83 83 124 124 124 716
2 2 2 2 2 2 2 2 2
0 0 0 0 0 0 0
816 411 503 503 816 817 411 1758 503 411 816 411 816 817 411 503 1759 503 503 1760 817 411 817 411
8 8 8 8 8 8 73 8 8 8 8
0 0 0 0 0 0 0
82 82 138 82 82 281 281 281 138 82 82 138 924 82 82 138 138
412 630 412 818 412 1028 412 412 630 1028 818 630 630 818 1028 412 630 1761 818 412
0 0 0 0 0 0 0
0 0 0 0 0 0 0
51 51 345 51 51 51 51 51 51 51 345 51 345 51 51 51 51 1298 345 51 51 51
0 0 0 0 0 0 0
6 6 6 6 6 6 6 6 6 6 6 6 6 6 6 6 6 6 6 6 6 6 6 6 6 6 6 6 6 6 6 6
0 0 0 0 0 0 0
0 0 0 0 0 0 0
37 37 23 23 23 113 37 23 23
819 631 820 346 819 820 346 631 346 820 1762 819 346 631 346 820 346 631 1763 1764 346 819 631 346
0 0 0 0 0 0 0
1 1 1 1 1 1 1 1
1 1 1 1 1 1 1 1
488 254 253 254 254 254 254 253 488 1252 488 253 1254 253 253 1253
1 1 1 1 1 1 1 1
18 21 18 21 95 18 21 21 18 18 21 18
0 0 0 0 0 0 0
504 504 1299 1299 504 504 1300 504 504 1300
0 0 0 0 0 0 0
0 0 0 0 0 0 0
821 1029 1765 821 821 1029 632 632 632 1766 821 632 632 1029
413 505 505 413 822 822 822 1767 413 413 505 413 505 413 1768 822 413 505 505
8 8 73 8 8 8 8 8 8 8 8
92 24 24 31 31 31 24 24
76 347 76 102 76 102 76 1030 102 76 102 76 102 102 102 76 76 76 76 76 102 102 76 76 102 76 347 1030 76 76 102 347 76 1031 102 76 347 102 347 102 76 76 76 76 1030 76 102 1031 347 76 102 102 347 102 347 1031 102 76 76 102
0 0 0 0 0 0 0
8 8 8 8 73 8 8 8 8 8 8
0 0 0 0 0 0 0
0 0 0 0 0 0 0
0 0 0 0 0 0 0
823 1769 1032 823 823 824 824 824 1770 1032 1033 1033 824 823 1033 1032
825 506 633 825 506 633 633 633 634 825 634 634 506 633 1771 825 506 634 634 506 506 1772
72 72 969 72 142 72 72 142 142 72 142 72 72 72 142
55 35 319 55 55 35 35 35 55 35 35 35
293 414 414 414 414 293 635 414 293 1773 826 635 635 293 293 293 826 293 293 826 826 635 293 635 414 414
0 0 0 0 0 0 0
120 149 149 77 77 77 149 149 77 120 149 77 231 120 1301 1034 231 149 149 120 77 120 1034 120 1774 120 77 77 77 77 1301 77 77 120 149 77 415 120 149 231 120 149 77 120 1035 231 77 120 120 231 120 77 415 1035 77 77 77 231 231 77 231 1775 231 77 77 415 77 1776 120 1777 415 149 415 149 231 1035 77 149 120 1778 120 1034 77 415 149 415 149 77 231
0 0 0 0 0 0 0
13 13 43 15 13 15 13 15 15 13
4 4 4 4 4 4 4 4 4 4 4
2 2 2 2 2 2 2 2 2
507 827 827 507 507 636 1036 636 1779 1780 507 827 636 827 1781 1036 636 507 636 1036 507
129 336 129 336 56 56 129 56 56 56 56 56 56 129
63 63 96 63 96 96 991 63 96 63 63 63 96 63 63 63 96 96
0 0 0 0 0 0 0
0 0 0 0 0 0 0
0 0 0 0 0 0 0
1 1 1 1 1 1 1 1
80 48 187 48 187 80 48 48 48 80 80 48
32 32 32 32 32 32 32 32 32 32 32 32 32 32 32 32 32 32 32 32 32 32 32 32 32 32 32 32 32 32 32
19 19 19 19 19 19 19 19 19 19 19 19 19 19 19
88 75 811 811 75 88 1286 75 88 342 88 75 75 88 75 88 342 75 75 88 342 75 342 88 88 75 88 75 75 75 88 88
1037 150 1037 1037 150 150 1782 150 150 150 150 150 150 150 150 150 150 150 150
212 212 212 348 348 262 212 212 348 262 348 212 262 1302 262 262
0 0 0 0 0 0 0
232 89 1303 232 89 89 89 89 89 89 1783 637 89 232 89 89 232 89 232 232 89 89 232 89 89 89 89 1303 637 232 89 89 89 232 232 637 637 89 89 89 637 89 232
1784 638 828 638 829 828 828 638 829 638 828 1785 829 638 829
0 0 0 0 0 0 0
0 0 0 0 0 0 0
23 23 113 23 37 23 37 37 23
2 2 2 2 2 2 2 2 2
0 0 0 0 0 0 0
20 20 20 20 20 20 161 20 20
176 176 176 639 640 176 640 176 176 640 176 639 640 640 176 176 176 639 176 639 639 176 176
0 0 0 0 0 0 0
0 0 0 0 0 0 0
2 2 2 2 2 2 2 2 2
0 0 0 0 0 0 0
0 0 0 0 0 0 0
9 9 9 9 9 9 9 9 9 9 9 9 9 9 9 9 9
0 0 0 0 0 0 0
13 13 43 15 13 15 13 15 15 13
48 48 80 80 187 48 48 48 187 80 80 48
830 508 830 1786 508 1304 1038 830 1038 508 1038 1787 508 1788 508 1304 830 508
325 115 325 115 115 115 325 115 115 115 325 1236 115 115
8 8 8 8 8 8 8 8 8 73 8
8 8 8 8 8 8 8 8 73 8 8
9 9 9 9 9 9 9 9 9 9 9 9 9 9 9 9 9
93 17 26 17 26 17 17 17 17 26 26
6 6 6 6 6 6 6 6 6 6 6 6 6 6 6 6 6 6 6 6 6 6 6 6 6 6 6 6 6 6 6 6
9 9 9 9 9 9 9 9 9 9 9 9 9 9 9 9 9
13 13 13 15 15 13 15 43 15 13
0 0 0 0 0 0 0
0 0 0 0 0 0 0
0 0 0 0 0 0 0
13 13 13 13 15 15 43 13 15 15
151 151 65 65 65 65 65 65 65 65 151 65 65 151 151 151 65 65 65 151 65 65 151 65 151 65 65 65 1789 65 65 151 65 65 65 151 65 65 65 65 151 65 151 151 151 65
294 294 294 263 263 263 294 294 263 294 263 263 294 1790 263 294 263 294 263 263
159 33 33 33 33 159 33 33 33 33
0 0 0 0 0 0 0
0 0 0 0 0 0 0
45 87 45 87 45 87 87 45 45 45 809 45 45 87 87 45 45
1305 349 349 349 349 349 641 641 1305 349 1791 641 641 641 349 349
452 122 1138 452 302 452 122 188 188 302 122 122 188 122 188 122 188 302 122 302 188 122
8 73 8 8 8 8 8 8 8 8 8
0 0 0 0 0 0 0
37 23 23 113 37 23 37 23 23
14 14 14 14 14 14 14 154 14 14 14 14 14
642 1792 831 831 1793 1039 831 1040 1040 1794 642 832 832 1039 832 1795 642 642 832 642 831 1039 1040
17 26 17 26 26 17 93 17 17 17 26
833 1796 643 416 643 833 643 833 833 416 1797 643 416 416 416 643 416 416 1798
196 1177 248 248 1179 1178 248 196 196 248 196 196 248 196
2 2 2 2 2 2 2 2 2
0 0 0 0 0 0 0
0 0 0 0 0 0 0
29 27 27 29 213 27 27 29 46 46 27 27 29 29 29 27 27 29 27 46 29 27 46 29 27 46 27 29 46 27 27 27 29 27 213 27 29 834 46 29 27 46 29 27 46 46 29 29 27 29 213
1 1 1 1 1 1 1 1
0 0 0 0 0 0 0
644 1799 644 509 644 835 509 644 644 509 835 1800 835 1801 509 509 835 509
15 13 13 15 13 15 13 15 43 13
1 1 1 1 1 1 1 1
510 836 510 510 837 836 837
350 350 1802 103 350 103 838 350 350 103 103 103 1803 1306 838 350 103 103 103 103 838 103 103 103 103 103 350 1306 103 103 350 103 103 838 103 103
16 16 16 16 16 16 16 16 16 16 16 16 16 16 16 16 16 16 16 16 16 16 16 16 16 16 16 16 16 16
11 11 11 11 11 11 11 11 11 11 11 11 11 11 11 11 11 11
9 9 9 9 9 9 9 9 9 9 9 9 9 9 9 9 9
63 96 96 96 991 63 96 63 63 96 63 63 63 96 63 63 96 63
93 26 17 17 17 26 17 26 26 17 17
351 166 511 166 351 166 166 166 511 166 166 351 166 511 166 1804 166 351 166 511 166 351 351 166 511 351 511 166 351
21 18 18 18 21 95 18 18 18 21 21 21
0 0 0 0 0 0 0
0 0 0 0 0 0 0
0 0 0 0 0 0 0
352 1041 645 353 353 1307 353 353 352 645 353 1307 352 352 352 353 353 352 1805 645 645 1041 352 645 1041 353 352
23 113 37 37 37 23 23 23 23
3 3 3 3 3 3 3 3 3 3
0 0 0 0 0 0 0
3 3 3 3 3 3 3 3 3 3
1806 839 512 512 512 512 839 839 839 512 512
0 0 0 0 0 0 0
93 26 17 17 26 17 26 17 26 17 17
31 24 24 92 24 31 24 31
646 647 646 646 1807 1808 647 646 646 840 1809 840 840 647 647 647 840
0 0 0 0 0 0 0
2 2 2 2 2 2 2 2 2
0 0 0 0 0 0 0
0 0 0 0 0 0 0
648 1308 1810 1811 1308 648 648 648 1812 648 1813
0 0 0 0 0 0 0
0 0 0 0 0 0 0
93 17 17 26 26 17 17 26 17 17 26
28 28 59 28 28 28 59 246 59 28 28
2 2 2 2 2 2 2 2 2
0 0 0 0 0 0 0
576 39 39 98 98 39 39 39 39 98 39 39 39 39 98
16 16 16 16 16 16 16 16 16 16 16 16 16 16 16 16 16 16 16 16 16 16 16 16 16 16 16 16 16 16
1 1 1 1 1 1 1 1
0 0 0 0 0 0 0
841 417 417 417 1814 1815 841 417 1816 417 841 841 417 417
1 1 1 1 1 1 1 1
0 0 0 0 0 0 0
48 80 80 48 48 187 48 48 80 48 80 187
0 0 0 0 0 0 0
450 58 40 58 58 40 40 40 58 40 40 40 58 40
36 280 36 36 36 36 36
201 141 141 285 141 285 141 285 201 201 960 141 201
842 132 132 842 132 132 132 1309 132 132 132
1 1 1 1 1 1 1 1
0 0 0 0 0 0 0
48 80 80 48 48 187 48 48 80 48 80 187
8 8 8 8 8 8 8 8 73 8 8
0 0 0 0 0 0 0
1 1 1 1 1 1 1 1
214 214 1042 649 214 1817 214 214 214 649 214 214 649 214 214 649 1042 649 214 214 1042
0 0 0 0 0 0 0
0 0 0 0 0 0 0
0 0 0 0 0 0 0
15 13 15 13 13 43 15 15 13 13
0 0 0 0 0 0 0
21 18 18 18 18 21 21 95 21 18 21 18
650 650 1310 1818 1043 650 650 1043 1819 1310 1043 650
28 28 59 28 28 246 59 28 59 28 28
1044 1820 1044 1044 1311 843 843 843 1045 1821 1045 1045 843 1311
0 0 0 0 0 0 0
0 0 0 0 0 0 0
1 1 1 1 1 1 1 1
16 16 16 16 16 16 16 16 16 16 16 16 16 16 16 16 16 16 16 16 16 16 16 16 16 16 16 16 16 16
0 0 0 0 0 0 0
2 2 2 2 2 2 2 2 2
0 0 0 0 0 0 0
8 8 8 8 8 8 8 73 8 8 8
1 1 1 1 1 1 1 1
14 14 154 14 14 14 14 14 14 14 14 14 14
0 0 0 0 0 0 0
1 1 1 1 1 1 1 1
19 19 19 19 19 19 19 19 19 19 19 19 19 19 19
0 0 0 0 0 0 0
1 1 1 1 1 1 1 1
0 0 0 0 0 0 0
4 4 4 4 4 4 4 4 4 4 4
1046 1046 651 651 844 651 844 1046 1822 651 844 1823 844 651
0 0 0 0 0 0 0
0 0 0 0 0 0 0
61 61 61 247 61 247 61 61
3 3 3 3 3 3 3 3 3 3
0 0 0 0 0 0 0
60 60 41 60 41 60 41 41 41 60 462 41 41
29 27 27 29 213 27 27 29 46 46 27 27 29 29 29 27 27 29 27 46 29 27 46 29 27 46 27 29 46 27 27 27 29 27 213 27 29 834 46 29 27 46 29 27 46 46 29 29 27 29 213
8 8 8 8 8 8 8 8 73 8 8
11 11 11 11 11 11 11 11 11 11 11 11 11 11 11 11 11 11
24 31 31 92 31 24 24 24
1 1 1 1 1 1 1 1
0 0 0 0 0 0 0
1312 1312 1047 1047 513 513 513 513 513 1047 513
3 3 3 3 3 3 3 3 3 3
0 0 0 0 0 0 0
1 1 1 1 1 1 1 1
39 39 39 576 98 98 39 98 39 39 98 39 39 39 39
845 845 652 845 652 652 652 1313 845 652 1313
43 13 13 15 13 13 15 15 15 13
0 0 0 0 0 0 0
0 0 0 0 0 0 0
42 42 42 42 975 42 42 42 42 42 42 42 42 42 42
15 15 13 13 15 43 13 13 15 13
124 124 124 716 83 83 83 83 124 83 83
17 17 17 17 17 93 26 26 17 26 26
1 1 1 1 1 1 1 1
0 0 0 0 0 0 0
93 26 17 17 17 26 17 17 26 26 17
1 1 1 1 1 1 1 1
20 20 161 20 20 20 20 20 20
13 15 15 13 43 15 13 15 13 13
0 0 0 0 0 0 0
0 0 0 0 0 0 0
3 3 3 3 3 3 3 3 3 3
19 19 19 19 19 19 19 19 19 19 19 19 19 19 19
3 3 3 3 3 3 3 3 3 3
0 0 0 0 0 0 0
354 653 654 1048 354 1824 653 654 354 354 354 653 1048 1825 654 1826 354 1048 354 1827 354 654 653 653 1828 654
0 0 0 0 0 0 0
11 11 11 11 11 11 11 11 11 11 11 11 11 11 11 11 11 11
1049 846 846 1829 1049 1050 1314 846 846 1049 1050 1050 1830 1314
264 514 264 264 515 515 264 514 515 264 514 1831 264 847 264 264 514 515 514 515 847 264 847 515 264 514 847
40 58 58 40 40 40 58 40 40 450 40 58 40 58
1 1 1 1 1 1 1 1
1 1 1 1 1 1 1 1
113 23 23 23 37 37 37 23 23
1 1 1 1 1 1 1 1
2 2 2 2 2 2 2 2 2
0 0 0 0 0 0 0
23 23 37 37 37 23 113 23 23
0 0 0 0 0 0 0
1 1 1 1 1 1 1 1
1 1 1 1 1 1 1 1
233 91 233 91 1315 91 91 233 91 91 1832 1833 655 91 848 233 233 91 233 848 91 91 233 848 91 91 91 91 1315 655 91 233 91 91 91 655 233 655 91 233 91 91 655 848 233 91 91
0 0 0 0 0 0 0
2 2 2 2 2 2 2 2 2
0 0 0 0 0 0 0
0 0 0 0 0 0 0
140 140 140 140 941 461 461 140
11 11 11 11 11 11 11 11 11 11 11 11 11 11 11 11 11 11
0 0 0 0 0 0 0
11 11 11 11 11 11 11 11 11 11 11 11 11 11 11 11 11 11
79 79 79 110 110 186 79 186 110
7 7 7 7 7 7 7 7 7 7 7 7
14 14 14 14 14 14 14 14 14 154 14 14 14
265 849 265 1834 1051 265 1052 265 1051 849 1052 849 265 265 1052 849 265 265 265 265 1051
355 121 104 355 104 121 1053 104 104 121 356 356 104 104 121 121 121 104 104 355 121 355 104 356 121 355 355 104 356 121 104 355 1316 104 121 1316 104 104 104 121 104 1053 104 121 1835 356 121 104 356 121 104 356 356 121 121 104 121 1053 355
1 1 1 1 1 1 1 1
19 19 19 19 19 19 19 19 19 19 19 19 19 19 19
13 15 13 13 43 13 13 15 15 15
0 0 0 0 0 0 0
0 0 0 0 0 0 0
1317 1054 516 1054 1318 516 1836 1837 516 1055 1317 1054 1055 516 516 516 1838 1055 1839 1318
72 969 142 142 72 142 142 72 72 72 72 72 72 142 72
2 2 2 2 2 2 2 2 2
73 8 8 8 8 8 8 8 8 8 8
0 0 0 0 0 0 0
7 7 7 7 7 7 7 7 7 7 7 7
19 19 19 19 19 19 19 19 19 19 19 19 19 19 19
16 16 16 16 16 16 16 16 16 16 16 16 16 16 16 16 16 16 16 16 16 16 16 16 16 16 16 16 16 16
3 3 3 3 3 3 3 3 3 3
43 13 13 15 15 13 13 15 15 13
30 52 30 30 223 52 30 30 52 30
45 87 45 45 45 809 45 87 45 87 45 45 87 45 87 45 87
177 70 177 70 177 1319 70 177 70 70 70 70 177 70 70 177 70 177 70 177 70 177 70 70 177 70 177 177 70 70 70 70 70 70 70 1319 70 70 70 70 177 70 70
24 31 92 24 31 31 24 24
0 0 0 0 0 0 0
35 35 35 319 55 55 55 55 35 35 35 35
295 1840 295 295 295 295 295 295 295 295
0 0 0 0 0 0 0
0 0 0 0 0 0 0
13 13 13 15 13 15 15 13 43 15
1 1 1 1 1 1 1 1
0 0 0 0 0 0 0
8 73 8 8 8 8 8 8 8 8 8
215 517 152 152 215 517 517 215 152 215 215 517 152 215 152 152 215 152 152 152 215 215 152 152 152 152 215 517 215 517 215 152 152 1841
23 37 23 37 113 23 23 23 37
43 15 13 13 13 13 13 15 15 15
1 1 1 1 1 1 1 1
29 27 27 29 213 27 27 29 46 46 27 27 29 29 29 27 27 29 27 46 29 27 46 29 27 46 27 29 46 27 27 27 29 27 213 27 29 834 46 29 27 46 29 27 46 46 29 29 27 29 213
26 17 26 93 17 26 17 26 17 17 17
0 0 0 0 0 0 0
20 20 20 20 20 20 20 20 161
6 6 6 6 6 6 6 6 6 6 6 6 6 6 6 6 6 6 6 6 6 6 6 6 6 6 6 6 6 6 6 6
21 21 21 95 21 18 18 18 18 21 18 18
518 1056 518 518 518 518 1056 1056 518
0 0 0 0 0 0 0
2 2 2 2 2 2 2 2 2
0 0 0 0 0 0 0
1057 1057 1842 1057 1320 1321 1321 1320 1843
0 0 0 0 0 0 0
850 266 850 1844 266 266 266 266 266 266 266 266 266 1058 1058 1058 850 850
0 0 0 0 0 0 0
2 2 2 2 2 2 2 2 2
0 0 0 0 0 0 0
1 1 1 1 1 1 1 1
9 9 9 9 9 9 9 9 9 9 9 9 9 9 9 9 9
15 43 13 13 15 13 13 15 13 15
1845 1059 357 1060 1322 1322 357 357 357 1060 357 1846 1059 357 1060 357 1059 357
33 159 33 33 33 159 33 33 33 33
153 234 167 1323 234 234 153 656 1847 656 234 167 153 167 153 167 153 167 167 153 167 234 153 234 167 153 153 167 1323 167 167 167 153 153 234 234 153 234 167 234 656 656 167 656 153 153 153 234
1061 1061 1848 296 1849 296 851 296 1061 1850 296 851 851 851 296 296 296 296 296
11 11 11 11 11 11 11 11 11 11 11 11 11 11 11 11 11 11
2 2 2 2 2 2 2 2 2
8 8 8 8 8 8 8 8 8 8 73
29 27 27 29 213 27 27 29 46 27 27 27 29 29 29 27 27 29 27 46 29 27 46 29 27 46 27 29 46 27 27 46 29 27 213 27 29 834 46 29 27 46 29 27 46 46 29 29 27 29 213
8 8 8 8 8 73 8 8 8 8 8
13 15 13 13 15 13 15 43 15 13
0 0 0 0 0 0 0
129 56 129 336 336 56 129 56 56 56 56 56 56 129
519 519 852 519 852 1851 657 657 519 519 657 519 1062 1062 1062 657 1852 852 1853 852 657
853 1063 1063 853 1063 853 853
658 1854 418 659 418 1855 659 658 658 658 418 418 659 658 659 418 418 659 418
86 86 148 86 1014 148 86 148 86 148 86 86 86 148
0 0 0 0 0 0 0
51 51 51 345 51 345 51 345 51 51 51 51 51 51 51 345 51 51 51 51 1298 51
21 95 21 18 18 18 21 18 21 18 21 18
1064 854 267 267 1065 267 854 1856 267 267 1857 267 854 1065 267 267 1064 267 1065 1858 267 854 1064
1 1 1 1 1 1 1 1
209 131 209 131 209 131 131
520 520 855 520 1859 520 520 855 1324 1324 855 1325 520 855 1325
292 147 494 147 147 494 292 147 292 147
11 11 11 11 11 11 11 11 11 11 11 11 11 11 11 11 11 11
0 0 0 0 0 0 0
18 21 21 95 18 21 18 21 18 21 18 18
13 43 15 13 15 15 15 13 13 13
0 0 0 0 0 0 0
0 0 0 0 0 0 0
0 0 0 0 0 0 0
37 23 23 37 23 37 23 113 23
6 6 6 6 6 6 6 6 6 6 6 6 6 6 6 6 6 6 6 6 6 6 6 6 6 6 6 6 6 6 6 6
2 2 2 2 2 2 2 2 2
17 26 26 17 17 93 26 17 26 17 17
358 358 358 358 1066 358 358 358 1066 1860 1066 358
60 60 41 41 60 60 60 41 462 41 41 41 41
8 8 73 8 8 8 8 8 8 8 8
110 79 186 186 79 79 79 110 110
3 3 3 3 3 3 3 3 3 3
18 95 21 21 21 18 18 21 18 21 18 18
1 1 1 1 1 1 1 1
1067 1861 1862 660 660 660 660 1326 660 1067 1067 1326
1327 268 661 268 1863 359 268 268 661 359 1328 521 662 359 662 268 661 268 1864 521 662 1328 268 268 662 1327 359 521 521 268 521 359 359 268 662 359 521 661 359 661
0 0 0 0 0 0 0
13 13 15 13 13 15 13 43 15 15
26 17 17 17 26 26 26 17 17 93 17
0 0 0 0 0 0 0
8 8 8 73 8 8 8 8 8 8 8
31 31 24 92 24 31 24 24
0 0 0 0 0 0 0
522 105 105 105 522 105 105 105 105 1068 105 105 105 105 1069 105 105 522 105 105 105 1069 1068 1865 105 522 1069 1866 105 105 1068 105 522 522
178 178 71 1329 523 178 71 71 71 1867 523 178 71 71 856 178 178 71 71 178 178 71 523 178 178 71 71 178 856 178 523 71 71 71 1329 71 523 178 71 71 71 71 71 523 71 71 71 856 71 71 71 71 856 71
524 1330 663 524 524 524 524 1330 663 663 663 524 663 1868
8 8 8 8 8 8 8 8 8 8 73
6 6 6 6 6 6 6 6 6 6 6 6 6 6 6 6 6 6 6 6 6 6 6 6 6 6 6 6 6 6 6 6
0 0 0 0 0 0 0
15 15 13 13 15 43 13 15 13 13
0 0 0 0 0 0 0
0 0 0 0 0 0 0
1 1 1 1 1 1 1 1
57 50 50 50 57 57 57 50 556 50 57 50 50 57
664 1869 664 1870 1070 665 664 1070 665 1871 664 1872 1071 1873 665 857 1874 857 1875 665 1072 857 1072 1071 665 1876 1070 664 857 1877 1072 1878 1879 1071
1073 360 1073 360 1880 360 1331 1073 1881 360 1882 1331 360 360 1883 1884 360 1885 360 1886
4 4 4 4 4 4 4 4 4 4 4
10 10 10 10 10 10 10 10 10 10 10 10 10 10
4 4 4 4 4 4 4 4 4 4 4
106 106 525 106 525 106 106 106 106 106 106 106 1332 525
7 7 7 7 7 7 7 7 7 7 7 7
3 3 3 3 3 3 3 3 3 3
1 1 1 1 1 1 1 1
666 1333 666 666 666 666 1333
2 2 2 2 2 2 2 2 2
4 4 4 4 4 4 4 4 4 4 4
9 9 9 9 9 9 9 9 9 9 9 9 9 9 9 9 9
1 1 1 1 1 1 1 1
1334 858 858 859 859 859 1334 859 1074 1335 1335 858 858 1074 1074
1 1 1 1 1 1 1 1
5 5 5 5 5 5 5 5 5 5 5 5 5 5 5 5 5 5 5 5
1 1 1 1 1 1 1 1
1 1 1 1 1 1 1 1
4 4 4 4 4 4 4 4 4 4 4
15 13 13 43 15 13 15 15 13 13
269 269 1887 860 269 297 1888 297 269 269 297 269 269 297 297 269 860 269 297 269 297 297 860 297 860
0 0 0 0 0 0 0
0 0 0 0 0 0 0
2 2 2 2 2 2 2 2 2
161 20 20 20 20 20 20 20 20
2 2 2 2 2 2 2 2 2
1 1 1 1 1 1 1 1
0 0 0 0 0 0 0
0 0 0 0 0 0 0
0 0 0 0 0 0 0
861 133 133 133 861 133 133 133 133 133
3 3 3 3 3 3 3 3 3 3
2 2 2 2 2 2 2 2 2
1 1 1 1 1 1 1 1
4 4 4 4 4 4 4 4 4 4 4
179 1889 1890 1891 419 1892 179 179 1336 667 419 179 419 1336 1337 1075 1337 179 179 179 1893 179 419 667 667 667 179 179 1338 179 1075 667 419 1894 419 419 1338 1339 1075 1895 1339 179 179
420 420 668 1076 1896 668 1077 421 1897 420 1340 1341 421 669 421 1340 668 1341 1898 1076 420 420 1899 1076 420 1900 1901 1342 1077 1902 421 1078 1078 1903 421 669 420 668 1904 421 1343 1905 421 1078 669 1343 669 1077 1906 1907 1342 669 668 1908
862 863 1079 526 863 1344 862 526 1079 863 526 526 862 526 1079 862 1344 526 1909 863
0 0 0 0 0 0 0
2 2 2 2 2 2 2 2 2
1080 361 361 361 361 527 527 527 361 527 527 361 1080 527 361 1080 361
22 22 22 22 22 22 22 22 22 22 22 22 22 22 22 22 22 22 22
7 7 7 7 7 7 7 7 7 7 7 7
0 0 0 0 0 0 0
44 44 139 139 242 44 44 242 44 139 44 44 44
0 0 0 0 0 0 0
216 216 422 1910 422 216 864 422 216 864 422 422 216 216 216 864 423 423 423 423 216 216 422 216 423 423 216 216 864 423 422
1 1 1 1 1 1 1 1
0 0 0 0 0 0 0
245 245 733 245 245 1167 245 733
1345 865 362 362 865 362 362
2 2 2 2 2 2 2 2 2
0 0 0 0 0 0 0
1 1 1 1 1 1 1 1
42 42 42 42 42 975 42 42 42 42 42 42 42 42 42
670 670 1081 1081 1346 670 1081 670 670 1346
1 1 1 1 1 1 1 1
97 191 191 191 97 97 191 97 97 97 1162 191 97 97 97 191 97
2 2 2 2 2 2 2 2 2
671 1347 528 528 424 1911 1912 424 528 1913 1348 1349 1350 1914 424 671 1915 424 528 528 424 671 1916 671 1351 671 1347 1349 424 1351 424 1350 1917 528 1348
35 55 35 55 35 35 35 55 35 319 55 35
2 2 2 2 2 2 2 2 2
223 52 30 52 30 30 30 30 52 30
1 1 1 1 1 1 1 1
672 363 425 363 363 425 363 363 672 425 425 363 1918 425 363 425 672 672 425 363 672
2 2 2 2 2 2 2 2 2
9 9 9 9 9 9 9 9 9 9 9 9 9 9 9 9 9
44 44 139 139 242 44 44 242 44 139 44 44 44
0 0 0 0 0 0 0
7 7 7 7 7 7 7 7 7 7 7 7
14 14 14 14 14 14 14 14 14 14 14 14 154
1082 866 867 1919 866 1082 867 867 1082 866 867 866
270 270 1920 1352 298 298 1352 270 270 298 270 298 298 298 270 298 298 270 1921 298 270 270 270
21 18 18 95 18 21 18 21 18 21 21 18
1 1 1 1 1 1 1 1
101 101 341 101 69 69 69 69 101 341 69 69 101 69
868 271 271 271 271 271 271 868 868 271 868 271 271 271
673 1353 1353 1083 674 673 674 674 1922 673 674 673 674 1083 673 1083
1354 364 364 364 1923 1924 364 426 426 364 364 426 426 426 364 1355 364 1355 426 426 1354
0 0 0 0 0 0 0
1 1 1 1 1 1 1 1
1084 869 1356 427 1925 1084 427 869 869 427 427 427 1084 1356 869 427 427
1 1 1 1 1 1 1 1
1 1 1 1 1 1 1 1
1357 1085 1085 529 529 1086 1085 529 1086 1086 1357 529 1926 529 529
2 2 2 2 2 2 2 2 2
2 2 2 2 2 2 2 2 2
530 365 272 365 365 530 272 272 272 530 272 365
24 24 31 24 24 92 31 31
2 2 2 2 2 2 2 2 2
675 675 870 870 675 1358 870 870 1359 675 675 1358 1359
2 2 2 2 2 2 2 2 2
10 10 10 10 10 10 10 10 10 10 10 10 10 10
1 1 1 1 1 1 1 1
428 217 217 428 428 1360 217 428 1360 217 217 217 428 217 217 217 217 1927 428 217 428 217
676 676 1928 1087 676 1087 1361 1087 1929 676 1361 676
64 64 78 78 64 255 255 78 78 64 64 64 78
52 30 30 30 30 52 52 30 223 30
0 0 0 0 0 0 0
86 148 148 148 148 1014 86 86 86 86 86 86 86 148
14 14 14 14 154 14 14 14 14 14 14 14 14
1 1 1 1 1 1 1 1
3 3 3 3 3 3 3 3 3 3
4 4 4 4 4 4 4 4 4 4 4
865 1345 362 362 362 865 362
0 0 0 0 0 0 0
871 429 871 429 1930 1088 1089 1089 429 429 1088 429 429 429 871 1089 1088 871
5 5 5 5 5 5 5 5 5 5 5 5 5 5 5 5 5 5 5 5
2 2 2 2 2 2 2 2 2
9 9 9 9 9 9 9 9 9 9 9 9 9 9 9 9 9
531 531 1931 1932 531 531 1090 531 1090 531 1090
9 9 9 9 9 9 9 9 9 9 9 9 9 9 9 9 9
2 2 2 2 2 2 2 2 2
2 2 2 2 2 2 2 2 2
18 18 21 21 21 18 21 18 95 18 18 21
0 0 0 0 0 0 0
0 0 0 0 0 0 0
0 0 0 0 0 0 0
2 2 2 2 2 2 2 2 2
10 10 10 10 10 10 10 10 10 10 10 10 10 10
0 0 0 0 0 0 0
22 22 22 22 22 22 22 22 22 22 22 22 22 22 22 22 22 22 22
0 0 0 0 0 0 0
131 209 131 131 131 209 209
2 2 2 2 2 2 2 2 2
0 0 0 0 0 0 0
3 3 3 3 3 3 3 3 3 3
366 367 366 367 872 366 367 872 366 367
2 2 2 2 2 2 2 2 2
5 5 5 5 5 5 5 5 5 5 5 5 5 5 5 5 5 5 5 5
0 0 0 0 0 0 0
7 7 7 7 7 7 7 7 7 7 7 7
1 1 1 1 1 1 1 1
2 2 2 2 2 2 2 2 2
2 2 2 2 2 2 2 2 2
78 64 78 255 64 64 64 64 78 78 255 64 78
873 873 368 368 368 873 1091 1933 368 368 368 368 368 1091 873 1091
1934 369 874 369 874 369 874 874 1935 369 369 369 369 369 1362 1362
1 1 1 1 1 1 1 1
370 116 370 116 116 116 116 370 370 116 116 116 875 116 875
30 52 223 30 30 52 30 52 30 30
2 2 2 2 2 2 2 2 2
532 532 1363 371 1936 371 371 532 371 532 1937 371 371 532 371 371 532 1363
1938 1092 677 677 678 678 678 677 1939 1092 678 1092 677 678 677
22 22 22 22 22 22 22 22 22 22 22 22 22 22 22 22 22 22 22
57 57 556 50 50 50 50 50 57 57 50 57 57 50
168 533 168 168 1940 168 1093 533 168 679 168 168 533 168 168 533 168 679 168 168 679 533 168 533 168 679 1093 679 1093
876 534 1364 535 534 134 134 372 877 372 134 134 134 1365 372 535 1366 1367 534 877 876 1368 535 134 134 134 372
10 10 10 10 10 10 10 10 10 10 10 10 10 10
1 1 1 1 1 1 1 1
23 37 37 37 113 23 23 23 23
0 0 0 0 0 0 0
1 1 1 1 1 1 1 1
0 0 0 0 0 0 0
4 4 4 4 4 4 4 4 4 4 4
0 0 0 0 0 0 0
1 1 1 1 1 1 1 1
1 1 1 1 1 1 1 1
1 1 1 1 1 1 1 1
5 5 5 5 5 5 5 5 5 5 5 5 5 5 5 5 5 5 5 5
1 1 1 1 1 1 1 1
0 0 0 0 0 0 0
26 17 17 26 17 17 26 93 17 26 17
212 348 212 262 212 348 262 262 348 212 212 212 348 262 262 1302
5 5 5 5 5 5 5 5 5 5 5 5 5 5 5 5 5 5 5 5
273 273 273 273 1094 273 273 273 1094 273 1094 273 273
2 2 2 2 2 2 2 2 2
69 69 101 101 69 101 69 69 341 341 69 101 101 69
68 391 34 34 68 34 34 34 34 68 34 68 34
878 879 879 373 218 373 218 373 218 878 218 373 218 218
0 0 0 0 0 0 0
1 1 1 1 1 1 1 1
2 2 2 2 2 2 2 2 2
3 3 3 3 3 3 3 3 3 3
8 73 8 8 8 8 8 8 8 8 8
2 2 2 2 2 2 2 2 2
117 1369 117 117 1095 117 117 1941 117 117 117 117 1942 117 117 1095 1369 1943 117 1095 117 117 117 117 1944 117 117
3 3 3 3 3 3 3 3 3 3
430 430 1945 430 880 881 1946 880 430 881 430 881 881 880 430 430 880 1947
22 22 22 22 22 22 22 22 22 22 22 22 22 22 22 22 22 22 22
36 36 36 36 36 280 36
180 180 680 1096 1097 169 169 169 180 680 180 680 1370 180 681 169 1370 1096 681 180 169 180 1096 681 169 1948 680 180 1097 681 169 681 180 1097 169 680 180 1949 169 1371 1950 180 169 169 1371 169 180 169 180 169
0 0 0 0 0 0 0
1951 1372 1373 1952 1953 1374 1375 1954 1374 1373 1375 1372
7 7 7 7 7 7 7 7 7 7 7 7
0 0 0 0 0 0 0
3 3 3 3 3 3 3 3 3 3
1 1 1 1 1 1 1 1
11 11 11 11 11 11 11 11 11 11 11 11 11 11 11 11 11 11
2 2 2 2 2 2 2 2 2
2 2 2 2 2 2 2 2 2
9 9 9 9 9 9 9 9 9 9 9 9 9 9 9 9 9
3 3 3 3 3 3 3 3 3 3
3 3 3 3 3 3 3 3 3 3
0 0 0 0 0 0 0
56 56 56 56 336 336 56 129 56 129 56 129 56 129
1 1 1 1 1 1 1 1
462 41 41 41 41 60 41 60 41 60 41 60 60
0 0 0 0 0 0 0
2 2 2 2 2 2 2 2 2
9 9 9 9 9 9 9 9 9 9 9 9 9 9 9 9 9
55 35 55 35 35 35 319 35 55 55 35 35
0 0 0 0 0 0 0
2 2 2 2 2 2 2 2 2
321 321 251 321 477 477 251 477 251 251 251 321
301 155 155 301 451 1137 155 451 301 301 155 155 451 155 155
374 135 135 882 135 883 374 374 536 135 882 135 135 536 536 374 883 135 135
181 1955 1956 431 181 181 1098 1376 1957 1099 431 181 431 1376 1958 181 181 181 1959 181 1098 431 1377 1099 181 181 1378 181 431 431 1960 1961 1378 1098 431 1962 1377 181 1099 181
26 17 17 26 17 17 17 26 93 17 26
2 2 2 2 2 2 2 2 2
1 1 1 1 1 1 1 1
1 1 1 1 1 1 1 1
2 2 2 2 2 2 2 2 2
0 0 0 0 0 0 0
1 1 1 1 1 1 1 1
3 3 3 3 3 3 3 3 3 3
53 53 53 53 53 53 219 53 219 53 53 53 219 219 53 1100
41 60 41 41 41 60 462 60 60 41 41 41 60
0 0 0 0 0 0 0
2 2 2 2 2 2 2 2 2
3 3 3 3 3 3 3 3 3 3
2 2 2 2 2 2 2 2 2
682 1379 683 884 1963 1101 884 1102 1964 375 1965 1380 1966 274 682 375 682 1102 1380 884 1101 1103 1967 1968 1104 274 1379 1969 375 1103 682 683 684 1105 1970 1104 684 274 1102 684 274 1101 684 683 375 1105 1971 1972 274 1973 375 884 1974 274 375 683 1975 375 1103 684 1105 1104 375 274 1976 1977 1978 1979 1381 274 1980 1981 1381 682 1982 683 274 274
1382 685 1983 685 1984 685 1383 1383 685 885 686 686 1985 1382 686 885 885 885 685 686 686
0 0 0 0 0 0 0
1106 432 1986 1987 376 1107 376 537 1384 1107 1385 886 376 1386 376 432 1387 1106 537 1387 1385 1388 886 432 886 1389 376 1988 1386 886 1389 376 537 432 537 537 432 1388 1107 376 432 1384 432 537 1106 376
0 0 0 0 0 0 0
81 81 81 81 81 81 81 81 1136 81 81 81 81
275 433 887 433 687 433 887 275 1989 433 275 887 1990 275 433 687 433 687 275 275 433 887 687 275 275 687 275 275
1 1 1 1 1 1 1 1
888 889 888 538 889 538 538 888 889 538 538 538 889 888
0 0 0 0 0 0 0
4 4 4 4 4 4 4 4 4 4 4
10 10 10 10 10 10 10 10 10 10 10 10 10 10
1 1 1 1 1 1 1 1
53 219 53 53 219 53 53 53 219 53 53 53 1100 53 53 219
132 132 1309 842 842 132 132 132 132 132 132
1 1 1 1 1 1 1 1
242 44 44 44 44 44 139 44 242 44 139 139 44
34 34 34 68 391 34 34 68 34 34 68 34 68
3 3 3 3 3 3 3 3 3 3
0 0 0 0 0 0 0
1 1 1 1 1 1 1 1
17 26 17 17 26 17 17 93 26 26 17
5 5 5 5 5 5 5 5 5 5 5 5 5 5 5 5 5 5 5 5
0 0 0 0 0 0 0
11 11 11 11 11 11 11 11 11 11 11 11 11 11 11 11 11 11
377 235 235 235 276 377 377 377 235 377 276 276 235 235 377 276 276 276 235 235 235 377 276 235 377 1991 276 1992 235 276 276
4 4 4 4 4 4 4 4 4 4 4
1993 688 1390 688 688 1108 688 688 1390 1108 1108
2 2 2 2 2 2 2 2 2
41 60 41 60 60 41 60 41 41 41 60 462 41
113 23 37 23 37 23 23 37 23
1 1 1 1 1 1 1 1
0 0 0 0 0 0 0
878 879 879 373 218 373 218 373 218 878 218 373 218 218
539 90 1109 220 90 66 66 1110 118 539 90 118 66 220 118 90 90 118 66 90 220 66 90 540 90 118 66 540 118 1111 66 1112 220 66 66 66
0 0 0 0 0 0 0
4 4 4 4 4 4 4 4 4 4 4
0 0 0 0 0 0 0
4 4 4 4 4 4 4 4 4 4 4
0 0 0 0 0 0 0
1 1 1 1 1 1 1 1
0 0 0 0 0 0 0
0 0 0 0 0 0 0
2 2 2 2 2 2 2 2 2
0 0 0 0 0 0 0
434 434 435 1994 1113 1114 1391 434 689 1113 1995 689 435 1391 1996 1115 1392 689 1997 1115 1998 435 1114 1393 1999 435 1394 2000 1394 2001 2002 435 1115 434 434 1393 2003 435 1113 434 435 1392 434 1114 2004 689 689 2005
1395 690 890 1396 378 691 1397 891 1398 691 378 378 1395 891 378 691 1398 690 891 378 2006 1116 691 890 1397 890 1396 890 2007 2008 690 690 2009 378 891 2010 2011 378 1116 1116 691 690 378
0 0 0 0 0 0 0
9 9 9 9 9 9 9 9 9 9 9 9 9 9 9 9 9
0 0 0 0 0 0 0
1 1 1 1 1 1 1 1
332 490 332 331 331 490 331 332 490 331 332
11 11 11 11 11 11 11 11 11 11 11 11 11 11 11 11 11 11
1 1 1 1 1 1 1 1
45 45 809 87 45 45 45 87 45 87 45 87 87 87 45 45 45
0 0 0 0 0 0 0
69 69 341 69 101 341 69 69 101 69 101 69 101 101
2012 2013 436 2014 1399 892 436 436 1399 1117 892 1118 436 1118 436 892 1117 436 2015 436 892 1117 1118
34 68 34 68 34 34 68 34 34 34 68 34 391
38 38 54 54 726 54 38 54 54 38 38 38 38 54 54 38 38 38 54 38 38 38
0 0 0 0 0 0 0
2 2 2 2 2 2 2 2 2
21 21 18 21 18 18 21 21 95 18 18 18
2 2 2 2 2 2 2 2 2
260 164 1287 164 164 260 260 164 1288 164 260 1289 260 164 164
2 2 2 2 2 2 2 2 2
1400 221 893 541 221 221 541 221 894 893 1401 221 894 221 893 221 541 541 894 894 541 221 221 1400 541 221 221 1401 893 221
2 2 2 2 2 2 2 2 2
4 4 4 4 4 4 4 4 4 4 4
43 13 15 13 13 15 15 13 13 15
9 9 9 9 9 9 9 9 9 9 9 9 9 9 9 9 9
1 1 1 1 1 1 1 1
2 2 2 2 2 2 2 2 2
692 1119 692 693 692 692 693 1119 693 692 1119 693 693
0 0 0 0 0 0 0
113 23 37 23 37 23 37 23 23
78 78 255 64 78 64 64 64 78 78 64 255 64
1 1 1 1 1 1 1 1
3 3 3 3 3 3 3 3 3 3
2 2 2 2 2 2 2 2 2
3 3 3 3 3 3 3 3 3 3
23 37 23 23 37 37 23 113 23
1 1 1 1 1 1 1 1
1 1 1 1 1 1 1 1
18 18 95 18 21 21 18 21 21 18 21 18
1225 204 204 163 204 204 163 323 163 204 204 323 323 163 163 323 163 163
0 0 0 0 0 0 0
437 437 437 2016 1402 1403 1403 437 437 2017 437 1402 437
2018 895 694 895 895 2019 694 2020 694 694 895 694
182 438 438 2021 183 2022 183 438 182 182 2023 1404 183 2024 183 182 1404 182 1120 182 182 183 438 182 2025 896 695 183 182 182 183 2026 182 1121 896 1121 183 2027 695 438 183 1120 2028 438 896 2029 438 1120 1121 695 183 695 2030 2031 183 2032 183 2033 182 695 183 896 182
1 1 1 1 1 1 1 1
1 1 1 1 1 1 1 1
78 64 255 78 64 64 64 64 78 64 78 255 78
0 0 0 0 0 0 0
3 3 3 3 3 3 3 3 3 3
136 136 136 136 136 542 136 136 136 136 136 2034 136 136 542 136 136 542 542 542 136 2035 136 542 2036
0 0 0 0 0 0 0
897 898 897 1405 2037 696 696 696 696 2038 2039 898 898 2040 696 1406 1405 897 1406 2041 897 898 2042
1 1 1 1 1 1 1 1
3 3 3 3 3 3 3 3 3 3
48 80 80 48 48 187 187 80 48 48 80 48
1 1 1 1 1 1 1 1
2 2 2 2 2 2 2 2 2
439 1407 697 697 1122 439 439 1407 697 439 439 697 1122 697 1122 439 439 2043
0 0 0 0 0 0 0
59 28 28 28 28 28 59 59 246 28 28
35 55 35 55 35 35 55 319 55 35 35 35
440 899 1123 899 1123 2044 440 440 2045 2046 440 1123 440 440 899 440 899
10 10 10 10 10 10 10 10 10 10 10 10 10 10
131 209 131 131 209 209 131
900 698 698 900 698 2047 1408 2048 1408 900 900 698 698
0 0 0 0 0 0 0
2 2 2 2 2 2 2 2 2
0 0 0 0 0 0 0
0 0 0 0 0 0 0
0 0 0 0 0 0 0
543 901 2049 544 1124 901 544 543 1124 543 543 544 901 543 544 544 901 1124 543 544
0 0 0 0 0 0 0
277 277 379 379 379 277 277 277 379 902 902
530 365 272 365 365 530 530 272 272 272 272 365
156 123 156 123 123 156 156 156 123 123 156 123 1147 156 123 123
22 22 22 22 22 22 22 22 22 22 22 22 22 22 22 22 22 22 22
539 90 1109 220 90 66 66 1110 118 539 90 118 66 220 118 90 90 118 66 90 220 66 90 540 90 118 66 540 118 1111 66 1112 220 66 66 66
0 0 0 0 0 0 0
36 280 36 36 36 36 36
545 903 2050 699 903 1409 2051 903 1409 545 545 545 699 699 545 699 545 903 699
11 11 11 11 11 11 11 11 11 11 11 11 11 11 11 11 11 11
4 4 4 4 4 4 4 4 4 4 4
4 4 4 4 4 4 4 4 4 4 4
18 95 18 21 21 18 21 21 18 21 18 18
1 1 1 1 1 1 1 1
0 0 0 0 0 0 0
2 2 2 2 2 2 2 2 2
374 135 135 536 882 135 883 374 536 135 882 135 135 374 536 374 883 135 135
5 5 5 5 5 5 5 5 5 5 5 5 5 5 5 5 5 5 5 5
904 546 546 904 1410 2052 546 904 546 2053 904 546 546 1410
366 367 366 367 872 366 367 872 366 367
576 39 39 98 39 98 39 39 39 39 98 39 39 39 98
15 15 13 13 13 13 15 13 43 15
2054 380 380 1411 380 1412 380 2055 905 905 380 905 1412 905 380 380 2056 380 1411
24 31 24 24 24 31 31 92
1 1 1 1 1 1 1 1
40 40 40 58 40 58 58 40 450 40 40 58 58 40
10 10 10 10 10 10 10 10 10 10 10 10 10 10
1 1 1 1 1 1 1 1
4 4 4 4 4 4 4 4 4 4 4
11 11 11 11 11 11 11 11 11 11 11 11 11 11 11 11 11 11
0 0 0 0 0 0 0
539 90 1109 220 90 66 118 1110 118 539 90 118 66 220 66 90 90 118 66 90 220 66 90 540 90 118 66 540 118 1111 66 1112 220 66 66 66
0 0 0 0 0 0 0
0 0 0 0 0 0 0
700 441 700 441 441 701 701 1413 701 441 1125 441 700 700 2057 2058 441 2059 1126 441 1127 2060 1126 1125 701 700 1127 1413 701 1125 1126 1127
20 20 20 20 20 161 20 20 20
0 0 0 0 0 0 0
0 0 0 0 0 0 0
4 4 4 4 4 4 4 4 4 4 4
1 1 1 1 1 1 1 1
57 50 50 57 556 50 50 50 50 50 57 57 57 57
2 2 2 2 2 2 2 2 2
5 5 5 5 5 5 5 5 5 5 5 5 5 5 5 5 5 5 5 5
1 1 1 1 1 1 1 1
0 0 0 0 0 0 0
1 1 1 1 1 1 1 1
876 534 1364 535 534 134 134 372 877 372 134 134 134 1365 372 535 1366 1367 534 877 876 1368 535 134 134 134 372
547 442 547 547 2061 547 442 442 547 2062 2063 442 442 547 442 442
299 906 906 299 299 299 299 1414 299 906 906 1414 299 299 299
3 3 3 3 3 3 3 3 3 3
861 133 133 133 861 133 133 133 133 133
7 7 7 7 7 7 7 7 7 7 7 7
0 0 0 0 0 0 0
4 4 4 4 4 4 4 4 4 4 4
277 277 379 379 379 277 277 277 379 902 902
13 15 15 13 13 15 15 43 13 13
2 2 2 2 2 2 2 2 2
1 1 1 1 1 1 1 1
0 0 0 0 0 0 0
548 907 381 2064 908 381 2065 548 907 907 548 381 908 908 381 381 548 908 548 548 381 2066 381 381 2067 907 2068
3 3 3 3 3 3 3 3 3 3
1 1 1 1 1 1 1 1
2 2 2 2 2 2 2 2 2
1 1 1 1 1 1 1 1
0 0 0 0 0 0 0
2 2 2 2 2 2 2 2 2
1 1 1 1 1 1 1 1
0 0 0 0 0 0 0
2 2 2 2 2 2 2 2 2
14 14 14 14 14 154 14 14 14 14 14 14 14
3 3 3 3 3 3 3 3 3 3
3 3 3 3 3 3 3 3 3 3
1415 443 909 909 443 1415 1416 2069 2070 443 1416 909 909 443 443 443 443 2071
2 2 2 2 2 2 2 2 2
1 1 1 1 1 1 1 1
0 0 0 0 0 0 0
10 10 10 10 10 10 10 10 10 10 10 10 10 10
10 10 10 10 10 10 10 10 10 10 10 10 10 10
0 0 0 0 0 0 0
119 119 119 119 910 119 119 119 119 119 910 2072 119 119 2073 119 119 119 910 119 119 2074 910 119 119
1 1 1 1 1 1 1 1
911 2075 912 911 911 911 912 912 912 1417 2076 1417 2077
61 61 61 247 61 247 61 61
2 2 2 2 2 2 2 2 2
2 2 2 2 2 2 2 2 2
702 702 382 549 549 549 1128 382 702 913 702 1129 382 2078 1128 549 549 382 913 382 913 549 1128 702 382 1129 382 913 1129 382
550 444 444 550 703 2079 2080 444 703 444 1418 1419 2081 703 1419 550 444 444 703 550 703 550 1418 2082 2083 444 550
23 37 23 37 23 37 113 23 23
1 1 1 1 1 1 1 1
53 53 53 53 219 219 219 53 53 1100 53 53 53 53 53 219
0 0 0 0 0 0 0
0 0 0 0 0 0 0
4 4 4 4 4 4 4 4 4 4 4
2 2 2 2 2 2 2 2 2
0 0 0 0 0 0 0
3 3 3 3 3 3 3 3 3 3
0 0 0 0 0 0 0
4 4 4 4 4 4 4 4 4 4 4
704 1420 551 551 445 1421 2084 445 551 2085 1422 1423 2086 445 704 2087 445 551 551 445 704 2088 704 1424 704 1420 445 1424 445 1423 1421 551 1422
34 68 391 68 34 34 34 34 34 34 34 68 68
0 0 0 0 0 0 0
1 1 1 1 1 1 1 1
2 2 2 2 2 2 2 2 2
14 14 14 14 14 14 154 14 14 14 14 14 14
383 222 552 222 222 552 383 383 222 552 222 383 222
4 4 4 4 4 4 4 4 4 4 4
0 0 0 0 0 0 0
113 23 23 23 37 37 23 37 23
0 0 0 0 0 0 0
1 1 1 1 1 1 1 1
0 0 0 0 0 0 0
446 1425 914 446 446 1425 914 446 446 914 446 446 914
10 10 10 10 10 10 10 10 10 10 10 10 10 10
0 0 0 0 0 0 0
2 2 2 2 2 2 2 2 2
384 278 384 278 278 553 384 278 384 553 278 553 384 553 553 553 278 384 384 384 278 278 2089 278 278
1 1 1 1 1 1 1 1
7 7 7 7 7 7 7 7 7 7 7 7
2090 1130 2091 1131 1130 1130 1426 1426 1131 1131
3 3 3 3 3 3 3 3 3 3
4 4 4 4 4 4 4 4 4 4 4
1 1 1 1 1 1 1 1
1 1 1 1 1 1 1 1
54 38 38 54 38 54 38 38 54 54 38 54 38 38 54 38 38 38 38 726 38 54
111 157 111 157 157 157 157 111 111 157 111 1152 111 111 111 157 111
7 7 7 7 7 7 7 7 7 7 7 7
1 1 1 1 1 1 1 1
17 17 26 93 17 26 26 17 17 26 17
4 4 4 4 4 4 4 4 4 4 4
7 7 7 7 7 7 7 7 7 7 7 7
21 18 21 18 21 18 21 18 95 18 18 21
279 915 447 279 279 915 279 1427 2092 915 279 2093 1428 447 2094 447 2095 279 1429 1427 915 1429 279 2096 447 447 447 1428 279 447 2097 279 279
705 1430 2098 705 2099 705 1431 1431 916 916 916 705 1430 916 2100 705
2 2 2 2 2 2 2 2 2
1 1 1 1 1 1 1 1
836 837 510 836 510 837 510
0 0 0 0 0 0 0
383 222 552 383 222 552 222 383 222 552 222 383 222
0 0 0 0 0 0 0
1132 1432 917 917 1132 1132 2101 917 1433 1432 917 1433
1 1 1 1 1 1 1 1
4 4 4 4 4 4 4 4 4 4 4
4 4 4 4 4 4 4 4 4 4 4
370 116 370 116 116 116 116 370 370 116 116 116 875 116 875
7 7 7 7 7 7 7 7 7 7 7 7
7 7 7 7 7 7 7 7 7 7 7 7
242 44 44 44 44 44 139 44 242 44 139 139 44
10 10 10 10 10 10 10 10 10 10 10 10 10 10
525 106 525 106 106 525 1332 106 106 106 106 106 106 106
1 1 1 1 1 1 1 1
28 246 59 28 59 28 59 28 28 28 28
1434 918 1435 448 2102 918 2103 918 1133 2104 448 448 1435 2105 1133 448 1133 2106 1434 2107 448 448 448 918
0 0 0 0 0 0 0
4 4 4 4 4 4 4 4 4 4 4
8 8 73 8 8 8 8 8 8 8 8
4 4 4 4 4 4 4 4 4 4 4
919 919 706 1134 1134 2108 2109 554 706 554 1134 919 554 919 706 2110 554 706 706 554 554
1 1 1 1 1 1 1 1
5 5 5 5 5 5 5 5 5 5 5 5 5 5 5 5 5 5 5 5