0 5 14 1 0 0 4 8 5 0 0 1 4 8 5 3 1 5 5 13
3 3 3 11 11 11 3 3 3 3 0 1 1 16 27 0 1 0 0 0 11 11 0 27 1 1 11 3 11 11 3 0
6 1 19 6 1 6 6 6 1 1 1 6 6 0 0 0 0 0 1 6 6
2 0 11 1 1 0 1 0 13 0 0 1 1 1 1 0 2 7 0 1 0 6 0 13 1 31 0 0 0 0 1 0 0 1 0
16 1 5 1 1 5 5 1 5 5 1 16 5 5
0 0 2 0 2 1 0 0 1 2 2 0 2 2 0 3 0 1 1 0 3 1 1 2 0 1 0 0 2 0 0 1 6 3 1 0 0 0 11 0 59 1 1 0 1 1 0 2 1 2 2 0 0 0 1 1 2 0 1 0 2 0 1
4 4 4 4 4 4 4 4 4 4 4 4
5 12 2 2 5 12 5 5 5 5 2 2 2 2 5
10 10 10 10 10 10 10 10 10 10 10 10 10 10 10 10 10 10
4 4 4 4 4 4 4 4 4 4 4 4
2 3 2 2 2 2 2 3 4 3 2 3
14 14 14 14 14 14 14 14 14 14 14 14 14 14 14 14 14 14 14 14
6 6 3 0 13 6 6 13 6 3 6 11 6
4 4 4 11 14 11 11 14 4 11 4 16 4 11 14 4 11 4 4 4
0 1 2 0 5 0 2 0 0 2 1 5 2 4 1 2 5 2 0 2 0 2 0 1 2 1 2 5 2 2 1 1 5 0 0 1 5 3 0 47 5 1 0 2 0 5 0 2 3 5 5 2 3 2 2 0 0 1 2 3 0 2 2 2 0 1 0 2 0 1 2 0
14 14 14 14 14 14 14 14 14 14 14 14 14 14 14 14 14 14 14 14
10 13 10 10 4 13 13 13 10 10 10 10 4 13 13 4 4 4
4 2 0 2 0 0 2 0 4 2 2 2
0 0 0 0 0 0 0 0 0 5 17 0 0 0 0 0 0 0 5
42 1 6 5 2 5 6 11 1 11 6 1 1 1 1 4 11 4 13 5 6 5 1 1 1 4 18 11 13 6 6 2 5 1 42 5 5 2 5 5 11 4 4 5 1 6
1 3 0 3 0 1 7 1 1 1 5 2 1 2 2 2 3 2 5 0 2 5 0 11 0 1 2 3 1 2
1 2 11 11 1 2 5 11 11 11 1 2 2 1 2 11 11 23 2 2 11 11 11 1
0 0 0 3 0 0 3 3 3 3 3 3 0 3 3 3 5 0 3 20 0 0
0 2 2 0 2 2 2 2 12 3 3 2 2 0 2
10 10 10 10 10 10 10 10 10 10 10 10 10 10 10 10 10 10
13 13 1 0 13 0 0 0 0 1 0 0 0
12 5 5 12 12 5 12 12 5 25 5 12 5 5 12 12 12 12 5 12 12 12 12
3 3 3 11 11 11 3 3 3 3 0 1 1 16 27 0 1 0 0 0 3 11 0 27 1 1 11 3 11 11 11 0
5 12 2 2 5 12 5 5 5 5 2 2 2 2 5
4 4 4 4 4 4 4 4 4 4 4 4
2 2 1 2 0 1 1 1 3 2 1 1 5 3 0 1 1 18 3 0 2 2 2 28 1 1
10 38 14 15 10 10 1 14 20 8 15 10 15 14 10 10 10 10 32 10 1 10 10 8 10 10 14 10 15 15 23 5 17 1 15 26 10 10 8 10
13 5 0 0 5 5 5 0 0 5 5 5 13
5 1 2 5 5 2 2 5 18 5 5 1 2 5 2 5
2 2 2 16 2 2 2 2 2 2 2 2 16 2
8 0 2 2 0 2 2 0 0 2 2 18 8 2 8 0
0 0 5 8 0 20 0 5 0 8 5 0 0 5 8 5 0 5 5 5 0 0
0 1 4 0 1 0 1 0 1 1 0 1
2 5 2 21 1 2 2 2 2 1 2 5 2 1 2 2 2 2 2 21 2 1 1 2 2 2 2 2 2 2 2
0 0 1 1 0 3 0 0 1 0 3 0 1 3 1 3 0 0 0 1 19
0 0 0 0 0 12 0 0 0 0 0 0 0 6 0
5 15 0 5 5 5 5 5 6 15 5 6 5 5 5 5 6
13 6 6 13 13 5 13 13 6 5 13 5 6
1 0 8 17 3 1 0 1 3 0 1 8 3 0 0 1 3 8 1
2 2 2 1 2 1 1 1 2 2 1 2 1 16
4 8 0 4 3 4 4 0 8 4 0 1 4 4 8 4 8 25 0 4 4 8 4
6 1 6 6 1 1 1 6 6 6 6 6 18 1 6 1
5 3 5 5 3 3 5 3 5 5 13 5 5
10 10 10 10 10 10 10 10 10 10 10 10 10 10 10 10 10 10
20 10 5 16 10 10 16 19 4 5 14 10 10 20 10 5 10 10 17 19 5 28 10 10 10 13
1 3 0 3 0 25 3 0 8 3 3 1 0 0 1 8 1 3 8 1 3 3 1
15 15 15 15 15 15 15 15 15 15 15 15 15 15 15 15 15
0 0 0 3 3 0 12 0 0 3 3 0 0 0 0
1 1 1 11 2 2 1 2 2 2 2 17 2 11 2 5 2 1 2 26 11 26 1 2 12 2 2 2
4 4 4 4 4 4 4 4 4 4 4 4
4 4 4 4 4 4 4 4 4 4 4 4
1 2 2 1 2 2 16 2 2 1 1 1 1 2
14 14 14 14 14 14 14 14 14 14 14 14 14 14 14 14 14 14 14 14
0 1 0 1 0 1 1 1 1 0 0 4
15 15 15 15 15 15 15 15 15 15 15 15 15 15 15 15 15
1 5 5 1 5 5 1 5 1 5 12 1 5 1 5
5 17 1 5 5 3 5 5 1 3 5 1 1 3 5 1 5 3 1
16 2 0 2 3 6 2 6 3 6 2 0 3 3
2 0 0 1 1 4 2 0 1 2 1 0
14 14 14 14 14 14 14 14 14 14 14 14 14 14 14 14 14 14 14 14
2 0 1 0 12 0 1 0 1 3 1 6 0 0 3
1 3 1 1 3 1 0 1 1 0 19 0 3 0 0 3 0 0 0 0 0
0 2 0 2 0 2 1 0 2 5 0 0 0 2 0 10 0 2
0 0 0 3 0 3 0 0 0 3 0 3 0 12 0
0 11 5 13 11 6 0 11 13 8 11 13 16 13 8 3 2 0 19 0 16
2 2 2 2 3 2 3 3 4 2 2 3
8 1 0 3 2 39 1 2 0 2 3 1 1 4 2 1 0 1 1 1 5 0 0 2 0 1 2 1 0 1 1 1 1 3 5 0 0 15 1 3 3 2 1 8
13 13 13 13 1 1 17 1 1 13 13 13 13 13 1 13 1 13 13
1 1 0 0 1 0 12 0 1 8 1 8 0 1 8
0 1 2 1 0 2 2 2 1 1 0 1 0 17 1 0 2 2 2
6 5 0 2 6 2 16 0 1 16 0 2 0 0
4 4 4 4 4 4 4 4 4 4 4 4
2 2 2 0 0 2 0 2 2 0 13 2 0
4 4 4 2 4 2 2 10 2 4 2 4 4 4 10 2 4 4
10 10 10 10 10 10 10 10 10 10 10 10 10 10 10 10 10 10
8 8 5 5 2 8 2 5 2 5 2 0 2 2 2 2 2 28 2 2 2 2 2 2 6 2
2 4 4 0 13 3 0 58 3 5 0 8 13 2 0 4 1 4 0 3 0 1 5 2 0 3 5 3 0 1 3 5 5 0 1 3 5 1 0 1 3 4 1 5 2 5 3 2 2 17 0 4 5 4 1 3 1 1 13 8 1
6 5 0 2 6 2 16 0 1 16 0 2 0 0
14 14 14 14 14 14 14 14 14 14 14 14 14 14 14 14 14 14 14 14
14 14 14 14 14 14 14 14 14 14 14 14 14 14 14 14 14 14 14 14
6 6 13 13 5 13 13 6 5 13 13 5 6
2 5 2 0 0 2 1 0 2 4 2 4
8 6 5 6 1 17 6 1 6 6 8 6 8 1 6 1 1 11 11
13 12 13 12 12 12 12 13 11 12 12 13 12 11 12
1 4 0 0 1 0 1 1 0 1 0 1
6 6 13 13 5 13 13 6 5 13 13 5 6
0 1 1 0 0 0 1 0 1 4 1 1
2 4 1 5 5 2 5 1 4 4 4 1
3 0 4 6 0 6 6 4 6 18 6 3 3 6 3 4
3 5 6 3 3 6 5 6 6 16 6 6 6 3
1 1 1 0 4 1 1 0 1 0 0 0
4 4 4 4 4 4 4 4 4 4 4 4
3 0 8 3 0 1 8 3 0 3 3 1 0 0 3 0 3 3 1 0 8 3 8 1 1 3 1 3 1 33 0 8 0 0
1 2 2 2 1 2 2 2 13 5 2 2 14 1 0 5 2 2 2 2
14 14 10 19 10 14 10 10 14 10 10 17 14 14 14 10 21 21 21 21 14 14 10 14 21 21 20 14 14 21 10
14 14 14 14 0 14 14 3 14 2 14 14 3 14 14 0 2 9 14 0 14 14 14 14 14 14 14
0 3 13 16 3 13 13 11 3 1 6 3 0 0 5 7 3 0 3 16 13 5 1 11 5 4 5 1 5 0
12 17 11 5 5 11 12 29 6 12 11 18 2 13 4 12 11 23 12 11 11 12 11 21 12 11 11 13 12 11 12 15 29 11 2 5
0 1 0 1 1 1 0 6 0 0 1 0 0 1 0 18
5 0 5 1 0 0 0 10 1 5 5 5 10 5 1 1 1 5
10 10 25 5 9 20 9 10 11 17 10 5 11 17 25 11 10 5 10 17 10 17 5 10 13 20 9
0 0 0 0 1 13 13 1 5 0 1 5 0
5 5 2 2 16 5 2 5 2 20 2 5 5 2 2 2 2 5 5 2 2 2
1 13 3 2 3 2 0 5 4 2 0 2 0 5 2 2 3 29 2 2 2 11 2 1 2 0 1 3 11 11 0 0 11 0 2 2
5 5 5 1 1 5 1 5 5 1 1 12 5 5 1
15 15 15 15 15 15 15 15 15 15 15 15 15 15 15 15 15
0 1 1 0 0 1 0 1 0 15 0 0 1 0 1 0 0
2 2 2 2 3 3 2 2 2 2 2 2 2 3 17 3 2 2 2
13 3 5 5 5 5 5 3 5 5 5 3 3
11 16 11 16 16 11 11 16 16 11 11 16 16 16
3 3 12 3 1 3 3 3 3 8 8 3 3 3 3
14 14 14 14 14 14 14 14 14 14 14 14 14 14 14 14 14 14 14 14
1 1 1 6 1 6 6 6 6 6 6 1 6 18 1 6
3 17 11 1 3 1 3 3 2 1 3 3 3 3 3 3 3 3 2
6 6 13 13 5 13 13 6 5 13 13 5 6
2 6 6 2 2 6 2 3 2 6 18 2 6 6 2 2 2 5 6 9 5 2 11 3 3 2 0
10 10 10 10 10 10 10 10 10 10 10 10 10 10 10 10 10 10
15 14 14 10 15 10 16 15 15 15 12 27 11 4 15 2 27 9 10 19 16 22 11 14 10 29 14 26 16 22 15 15 16 14 13 45 21 14 21 15 13 4 15 14 15 10 12 45 14 37 13 21 21 15 22 2 13 22 15 26 39 16 17 15 11
0 3 3 16 0 3 3 0 3 3 0 0 3 3
0 2 2 2 0 2 0 2 0 2 0 13 2
2 3 2 3 2 3 2 3 2 4 2 2
1 2 2 1 2 2 19 2 1 2 2 2 2 2 1 2 2 2 2 1 1
4 5 4 27 13 5 5 4 12 4 4 2 5 5 4 4 4 11 1 4 5 5 2 4 4 5 4 5 5 1 27 5
6 0 3 0 0 1 0 0 0 0 0 33 1 0 1 0 0 1 4 0 0 0 2 0 3 1 3 1 0 0 1 0 0 0
4 4 4 4 4 4 4 4 4 4 4 4
2 0 3 8 1 2 2 2 2 2 0 2 18 0 0 8
3 0 10 1 0 0 0 0 3 3 3 5 3 0 0 3 0 0
2 5 2 1 2 19 1 1 2 2 2 2 2 2 2 1 2 2 1 2 2
1 4 2 1 2 1 1 1 1 1 1 4
1 5 1 13 8 2 14 2 8 2 1 1 2 0 11 5 0 15 8 5
2 2 2 2 2 2 12 2 2 2 2 2 2 2 2
1 1 1 11 2 2 1 2 2 2 2 17 2 11 2 5 2 1 2 26 11 26 1 2 12 2 2 2
12 12 12 12 12 12 12 12 12 12 12 12 12 12 12
11 2 6 11 2 2 6 10 2 11 11 2 2 6 2 2 11 11
5 5 5 1 11 5 5 2 2 1 1 5 15 3 3 15 3
25 0 8 8 0 0 0 0 0 3 0 3 0 3 0 0 0 3 8 0 0 0 0
2 4 3 2 2 3 2 3 2 2 3 2
5 2 4 5 4 4 11 5 5 5 4 4
1 5 6 5 8 8 5 6 5 4 5 6
4 4 4 4 4 4 4 4 4 4 4 4
4 6 6 6 4 4 4 4 6 1 1 6
1 2 31 0 2 1 0 5 1 1 2 0 2 8 1 1 4 1 11 11 3 3 1 2 1 2 2 2 8 1 2 0 1 8 0
3 11 11 11 3 16 11 11 3 11 11 11 11 16
6 6 6 2 31 2 2 4 4 2 2 6 6 4 4 4 2 2 4 4 6 4 2 4 5 6 4 2 2 2 2 11 4 6 2
0 2 13 0 0 0 0 3 3 0 0 0 2
2 2 8 8 11 2 2 16 3 2 2 8 3 3
2 1 2 2 2 2 1 1 5 0 1 2 2 17 0 1 2 0 0
1 0 6 6 16 6 30 6 0 2 2 0 0 2 1 6 6 2 0 0 2 6 2 5 5 2 2 6 0
5 1 0 0 5 0 3 1 1 1 1 0 3 5 1 0 0 3 3 1 5 3 1 0 0 0 3 0 3 0 0 5 5 3 5 36 5 0
12 12 12 12 12 12 12 12 12 12 12 12 12 12 12
3 0 1 1 3 1 1 3 1 1 18 0 0 0 3 0
4 4 4 4 4 4 4 4 4 4 4 4
8 0 12 1 5 5 25 0 6 4 3 0 1 4 4 3 11 5 5 0 1 12 2
4 0 1 0 0 1 1 1 0 1 0 1
12 12 12 12 12 12 12 12 12 12 12 12 12 12 12
1 3 2 3 1 2 0 0 1 0 5 3 0 5 2 3 2 0 2 1 1 3 1 0 0 2 0 1 3 62 1 2 0 2 1 0 5 0 0 2 2 1 1 2 1 2 5 2 1 3 5 0 0 1 5 1 2 0 5 0 0 2 5 3 1 2 1 1 0
1 1 1 1 1 1 1 13 1 1 1 1 1
1 2 3 2 1 1 3 18 2 0 2 0 2 0 1 1 3 0 1 1 1 21 3 0 1 0 4 0 1 0 0
3 6 16 6 6 6 3 6 3 3 6 6 6 6
10 3 10 30 3 10 5 12 33 10 10 19 1 27 32 4 4 26 10 27 10 1 11 19 10 3 10 22 5 10 4 11 22 10 1 23 4 13 10 4 10 13 34 10 1 11 14 14 26 5 4 22 10 4 4 25 14 19 1 1 60 10 20 10
0 0 1 1 4 0 1 0 0 1 1 1
10 10 10 10 10 10 10 10 10 10 10 10 10 10 10 10 10 10
14 14 10 19 10 14 10 10 14 10 10 17 14 14 14 10 21 21 21 21 14 14 10 14 21 21 20 14 14 21 10
4 4 15 0 4 4 4 0 4 0 4 4 0 0 4 4 4
11 0 1 6 12 0 0 0 6 6 6 6 6 6 6
12 17 11 5 5 11 12 29 4 12 11 10 2 1 12 13 12 11 22 12 11 11 12 11 27 12 11 11 13 6 12 11 12 17 36 11 2 5
2 6 0 5 2 2 2 0 2 2 0 2 2 2 5 2 6 2 6 0 5 0 5 5 2 2 5 26
3 3 3 3 3 3 3 3 3 3 3 3 3 3 3 3 15
2 2 2 3 3 2 3 4 2 2 2 3
3 3 3 2 15 0 0 3 0 3 3 0 3 3 3 3 0
15 16 13 15 11 12 13 15 4 4 4 13 15 15 11 11 15
1 1 1 2 2 1 2 2 2 16 2 1 2 1
1 2 5 1 4 4 2 4 2 2 2 1
6 0 0 11 6 16 0 6 2 6 6 11 16 6
2 0 2 0 2 13 0 0 2 2 2 2 0
12 12 12 12 12 12 12 12 12 12 12 12 12 12 12
10 10 10 10 10 1 10 10 10 10 10 10 1 1 10 10 1 10 10 23 1 10 10 1
4 4 4 3 12 4 4 3 12 4 4 4 3 4 4
13 11 11 5 11 5 13 13 5 12 11 13 0 5 11 2 13 5 11 11 5 13 13 11 13 13 5 29 5 13 11 13 0 13 0 0
1 5 5 1 3 1 5 1 5 5 5 1 5 3 1 3 3 5 17
13 12 13 12 12 12 12 13 11 12 12 13 12 11 12
15 15 15 15 15 15 15 15 15 15 15 15 15 15 15 15 15
14 14 14 14 14 14 14 14 14 14 14 14 14 14 14 14 14 14 14 14
5 8 8 5 8 5 5 5 5 5 5 4
11 5 11 5 5 11 11 11 5 11 11 17 5 11 5 5 11 5 11
4 4 4 4 4 4 4 4 4 4 4 4
0 2 2 17 2 2 2 2 0 2 2 2 4 2 0 2 2 2 0
4 4 4 4 4 4 4 4 4 4 4 4
10 10 15 26 10 19 17 15 10 2 15 19 27 14 31 20 14 10 10 31 10 16 15 12 10 15 15 10 14 27 14 10 2 10 17
1 3 11 2 2 13 3 13 2 1 2 1 13
1 17 2 2 1 1 1 0 2 2 2 2 0 2 1 0 0 1 2
0 3 3 3 0 0 3 0 0 0 0 17 0 3 3 0 0 3 3
8 1 1 1 1 0 0 0 8 12 8 1 0 1 0
4 4 4 4 4 4 4 4 4 4 4 4
0 0 2 1 1 1 3 0 1 0 0 10 0 1 4 1 0 3
4 2 2 2 2 4 2 2 2 2 4 4
1 0 0 1 1 0 1 4 0 2 1 1
0 0 2 0 2 0 0 0 0 6 5 32 2 0 0 0 2 0 3 0 0 0 0 0 2 0 0 2 0 1 15 0 2
5 1 1 5 5 2 2 5 1 1 2 3 3 17 0 1 1 3 5
2 2 18 23 5 5 5 11 6 5 5 5 6 6 5 2 5 6 6 2 6 6 2 5
4 2 0 2 0 0 2 0 4 2 2 2
11 18 2 11 0 0 0 2 11 1 0 1 2 0 2 1
1 6 1 0 1 2 2 1 0 1 5 2 1 1 1 2 33 1 3 2 2 2 6 1 3 1 2 2 3 0 1 1 1 2
1 25 3 0 1 3 0 5 3 5 3 3 5 5 1 1 1 3 5 1 5 5 5
1 2 2 1 0 1 0 10 2 0 1 2 1 0 2 11 2 2
1 0 1 0 1 1 1 1 4 0 0 0
6 0 13 1 1 0 0 0 0 1 0 0 13 0 0 0 1 1 1 0 2 1 0 7 2 56 4 0 2 6 2 0 2 0 0 0 0 0 3 0 13 0 1 0 8 0 6 0 6 2 0 1 0 8 0 1 2 0
12 12 12 12 12 12 12 12 12 12 12 12 12 12 12
0 1 0 1 0 0 0 0 1 0 0 1 1 1 20 0 0 0 0 0 0 0
15 15 15 15 15 15 6 15 6 6 6 15 15 6 15 6 15 15 15 15 6 28 6 15 15 6
4 4 4 4 4 4 4 4 4 4 4 4
0 2 2 0 8 0 2 0 8 2 2 2 8 2 2 0 2 0 0 0 2 2 2 26 2 0 0 2
4 4 4 4 4 4 4 4 4 4 4 4
2 0 0 2 2 4 4 0 2 2 0 2
0 5 2 4 5 11 2 11 5 12 5 2 11 5 11 11 11 2 2 5 5 2 2 2 4 5 2 2 5 1 12 4 4 2 12 0 11 5 2 39 11 2 6 0
2 2 2 2 13 2 2 2 13 2 13 2 2
2 8 2 3 2 2 2 2 3 8 19 0 2 2 2 2 3 2 5 2 6
0 1 2 0 1 2 0 1 2 2 2 1 2 17 5 2 5 2 0
0 3 0 3 0 0 3 12 0 8 8 0 3 0 8
11 2 6 2 2 6 6 0 11 0 6 1 5 2 2 1 2 6 1 6 20 41 2 16 5 3 2 12 1 3 2 0 6 6 1 12 1 0 0 6 2 3 13
0 1 3 1 1 0 1 0 3 11 2 1 0 0 0 2 1 0 3 3 1 1 2 28 1 0
6 2 0 0 2 0 3 3 1 3 3 3 2 0 2 2 2 3 0 0 3 0 3 7 0 1 0 0 2 0
6 13 17 13 13 13 13 13 17 5 5 6 5 13 18 13 17 6 13
0 0 6 6 9 3 6 3 6 3 0 6 3 1 1 1 16 3 6 1 3 6 0 1 2 3 6
6 0 3 3 6 6 6 0 3 6 3 3 3 20 3 3 6 6 3 6 6 3
8 1 3 3 3 1 1 8 16 1 8 1 1 3
10 10 10 10 10 10 10 10 10 10 10 10 10 10 10 10 10 10
0 5 0 0 0 5 0 0 17 0 0 5 0 5 5 5 0 5 5
27 1 1 2 6 0 2 2 1 1 6 2 1 2 2 1 0 1 1 1 1 0 0 1 2 2 1 2 2 2 2 2
13 5 13 0 5 5 5 0 0 5 5 5 0
0 2 3 0 2 2 0 3 0 8 0 8 0 2 2 0 0 3 3 0 8 3 30 2 2 3 3 3 0
1 3 1 0 16 1 0 1 1 3 3 0 0 16
10 10 10 2 2 10 10 10 10 10 23 10 10 2 10 10 10 10 10 2 10 23 2 2
5 3 5 5 3 5 3 5 13 5 3 5 5
15 15 15 15 15 15 15 15 15 15 15 15 15 15 15 15 15
10 10 10 10 10 10 10 10 10 10 10 10 10 10 10 10 10 10
1 1 0 1 1 1 0 0 1 4 0 0
1 2 2 19 1 2 2 5 2 1 2 1 2 5 2 2 1 5 2 2 2
4 4 4 4 4 4 4 4 4 4 4 4
5 1 5 5 1 12 1 5 5 5 1 5 1 5 1
6 6 2 1 6 0 2 0 6 2 6 0 2 2 6 6 6 6 6 21 6 5 6 6 2 6 6 6 0 6 6
1 2 8 0 0 1 2 12 1 0 2 0 8 0 1
4 4 4 4 4 4 4 4 4 4 4 4
4 1 1 4 1 4 1 4 15 4 4 4 4 1 4 15 4
4 4 4 4 4 4 4 4 4 4 4 4
0 3 5 0 6 0 6 6 3 0 3 6 6 6 17 1 6 5 0
1 0 0 1 1 1 1 0 0 2 0 0 0 8 14 0 8 0 3 0
2 5 2 8 2 2 8 17 2 5 2 8 2 2 2 2 6 3 1
1 1 1 1 0 3 0 0 3 3 1 1 0 0 3 18
2 2 2 5 5 12 2 5 5 5 2 12 5 5 2
30 4 4 4 4 4 4 4 4 4 4 13 4 1 4 1 1 4 1 4 13 4 4 4 4 1 16 4 1
10 10 10 2 2 10 10 10 10 10 23 10 10 2 10 10 10 10 10 2 10 23 2 2
2 18 18 6 6 2 6 6 2 2 6 2 6 6 2 6
15 15 15 15 15 15 15 15 15 15 15 15 15 15 15 15 15
16 5 0 5 5 5 5 0 0 5 0 5 5 0
2 16 1 1 0 2 0 1 0 1 1 0 2 1
2 2 0 0 2 2 2 2 4 0 0 4
4 0 2 1 1 1 0 2 0 0 1 2
1 1 1 1 1 1 1 1 4 1 4 1
1 0 1 1 0 0 1 1 1 0 0 4
1 1 1 1 1 1 2 1 21 2 1 1 0 0 1 1 1 1 2 1 1 1 0 1 0 2 1 2 2 5 1
4 4 4 4 4 4 4 4 4 4 4 4
4 4 4 2 4 2 4 2 2 4 2 4 10 10 2 4 4 4
5 6 2 2 6 23 6 2 16 6 2 2 2 5 6 6 2 6 2 6 5 2 2 5
4 6 4 6 4 4 4 6 1 1 6 6
2 13 0 2 0 2 2 0 2 0 2 0 2
14 14 14 14 14 14 14 14 14 14 14 14 14 14 14 14 14 14 14 14
12 5 15 5 5 5 6 11 5 1 12 4 17 12 12 11 5 11 17
10 10 10 1 2 10 10 1 10 1 10 1 10 10 10 17 10 10 2 10 10 2 1 2 2 10 5 10 1 2 21
0 2 2 2 0 3 3 3 0 2 2 3 15 2 2 0 0
10 5 5 13 23 4 5 10 10 23 11 13 13 23 13 13 13 4 13 10 5 4 5 13
0 0 5 3 3 6 6 0 6 6 3 6 11 0 3 3 6 6 20 3 6 0
1 11 12 1 12 11 1 12 11 11 11 11 11 11 1
11 16 11 16 16 11 11 16 16 11 11 16 16 16
0 0 3 3 0 0 0 3 0 12 1 3 0 1 0
2 2 2 16 2 2 2 2 2 2 2 2 16 2
0 2 5 1 16 0 0 5 6 2 16 5 17 5 5 2 0 2 2
5 0 5 1 0 0 0 10 1 5 5 5 10 5 1 1 1 5
0 0 1 1 15 1 0 0 0 0 0 1 1 0 1 0 0
11 6 6 0 2 2 2 5 5 2 5 5 2 0 2 5 5 6 6 5 2 5 6 6 2 2 33 33 2 6 6 2 5 0
3 3 3 3 0 8 3 3 8 8 3 3 18 3 0 3
3 12 3 1 1 5 1 1 0 1 3 0 1 2 8
3 3 4 3 4 1 4 4 4 4 3 28 4 3 1 1 3 4 13 0 1 3 4 1 4 1
0 2 2 0 0 2 2 13 2 2 0 2 0
2 11 15 17 19 17 15 10 2 15 19 5 17 25 20 28 15 20 5 13 15 15 15 17 5 25
2 2 0 13 2 0 0 0 2 2 2 2 0
14 14 14 16 14 11 11 22 11 16 11 22 14 14 11 11 11 22 14 14 22 31 14 16 11 14 22 14 22 22 11 16 22 16 11
10 10 10 10 10 10 10 10 10 10 10 10 10 10 10 10 10 10
0 6 9 2 3 3 3 0 11 3 3 3 3 11 3 11 3 3 6 3 11 3 11 11 3 3 6
0 3 5 3 8 0 0 0 8 0 5 0 0 0 7 0 1 5 0 0 5 0 5 3 5 0 5 5 0 0
0 3 0 0 0 0 3 3 0 0 17 0 0 3 3 0 3 3 3
2 2 5 5 0 5 2 5 5 5 5 3 22 0 1 3 2 0 5 5 0 3 2 0 5
4 4 4 4 4 4 4 4 4 4 4 4
13 6 6 5 13 13 6 13 6 13 5 5 13
11 6 20 11 11 1 6 8 1 6 8 11 1 1 6 1 11 0 6 6 16 6 11 38 6 16 6 1 0 1 6 6 6 6 11 11 11 6 6 0
1 1 1 2 3 1 15 1 3 0 1 1 2 1 1 1 2
2 2 2 2 2 4 3 3 2 3 3 2
1 1 13 1 1 1 1 1 1 1 1 1 1
2 1 1 1 1 5 2 1 12 5 0 5 1 2 5
2 5 5 0 0 11 5 5 3 3 0 3 3 10 5 5 11 2
2 2 2 2 2 2 2 2 2 2 2 2 2 12 2
5 5 2 5 5 2 12 5 2 5 2 12 2 2 5
0 5 5 0 0 5 5 5 5 0 5 0 5 16
0 8 0 1 0 1 3 3 1 1 1 0 1 8 1 0 1 1 1 0 0 1 1 1 33 1 8 0 3 0 18 3 1 1
10 2 10 1 2 1 1 1 2 1 2 1 2 1 2 1 1 1
3 3 1 1 1 3 1 0 0 1 0 1 18 3 0 0
5 5 2 2 12 5 5 2 2 5 5 2 12 2 5
4 4 4 4 4 4 4 4 4 4 4 4
2 0 0 2 2 4 4 0 2 2 0 2
2 2 0 2 2 0 1 0 2 0 2 1 0 1 0 3 6 1 0 55 3 0 0 1 2 0 2 1 2 0 0 0 3 1 0 0 0 0 0 5 0 6 2 0 3 2 0 3 0 0 1 2 0 4 3 1
10 11 15 18 14 2 10 15 2 15 14 2 5 10 25 2 17 25 2 15 2 17 5 2 15 16 15 10 5 7
20 13 11 11 1 5 13 4 5 8 5 5 5 8 5 1 5 5 5 5 5 1
15 15 15 15 15 15 15 15 15 15 15 15 15 15 15 15 15
10 10 10 10 10 10 10 10 10 10 10 10 10 10 10 10 10 10
0 3 0 3 3 0 3 3 0 3 3 16 0 3
2 2 2 5 5 12 2 5 5 5 2 12 5 5 2
2 5 2 21 1 2 2 2 2 2 2 5 2 1 2 2 2 2 2 21 2 1 1 2 2 2 2 2 2 2 1
4 4 4 1 4 1 4 4 1 4 4 4 10 1 1 4 1 4
1 1 1 1 1 3 3 1 1 1 3 1 0 15 2 1 1
1 1 1 5 3 0 3 2 4 13 3 20 2 3 3 3 3 5 0 3 3 12
4 4 4 4 4 4 4 4 4 4 4 4
0 1 15 1 1 0 11 0 1 1 1 1 1 2 1 1 1
11 3 11 3 3 12 11 3 11 11 11 11 11 11 11
0 0 0 2 0 2 2 2 0 2 13 2 2
2 12 12 2 5 2 2 5 5 5 2 2 5 5 5
6 1 0 1 6 17 0 8 6 8 6 1 6 6 8 1 6 6 6
12 12 12 12 12 12 12 12 12 12 12 12 12 12 12
5 5 16 5 1 16 5 5 1 5 1 5 1 1
15 1 11 11 1 1 1 1 11 11 11 11 11 1 11 11 11
4 4 4 4 4 4 4 4 4 4 4 4
4 4 4 4 4 4 4 4 4 4 4 4
11 13 5 5 5 11 16 1 12 4 12 11 11 11 12
2 2 3 3 2 2 2 4 2 3 2 3
0 3 0 0 1 18 1 3 1 1 1 1 3 0 3 0
2 1 2 1 2 1 2 1 16 1 2 2 2 1
1 1 0 1 0 4 1 0 0 1 1 0
20 6 2 16 6 6 20 6 6 2 6 6 6 6 6 6 2 6 6 6 16 2
1 1 0 2 0 23 5 2 1 0 1 0 0 2 2 2 2 0 1 2 1 0 1 0
2 5 5 5 3 3 2 2 5 5 2 3 5 2 2 14 5 2 5 3
15 15 15 15 15 15 15 15 15 15 15 15 15 15 15 15 15
6 42 1 1 2 3 1 2 11 12 2 2 1 2 3 1 0 2 2 0 2 3 2 1 3 3 2 0 3 1 2 1 0 2 2 1 2 0 2 0 0 3 5 1 3 1
1 0 0 0 1 0 0 0 1 1 0 0 1 0 0 1 15
6 2 6 3 3 0 6 3 2 0 16 2 2 3
13 12 13 12 12 12 12 13 11 12 12 13 12 11 12
1 3 1 22 1 3 0 0 1 1 1 0 3 3 3 3 0 1 1 3 3 0 3 8 3
5 6 0 12 5 1 1 6 6 5 5 1 1 12 1
6 6 13 13 5 13 13 6 5 13 13 5 6
12 10 16 2 10 20 6 11 12 12 5 27 10 10 17 2 12 23 2 17 12 5 10 10 10 31 11 11 10 12 2 2 12 11 11 10 10 22 10 5 2 11 13 11 4 44 11 11 15 18 5 22 5 16 10 11 16 16 5 10
13 6 6 1 13 13 2 13 13 11 6 1 11
2 0 2 2 5 2 15 15 1 1 1 2 1 2 4 2 0
2 2 2 2 2 17 2 2 3 2 2 3 2 2 2 3 3 2 2
3 2 2 2 2 3 2 2 2 3 3 4
3 2 2 2 0 2 0 0 3 21 2 1 3 2 4 2 3 0 8 0 8 16 4 8 2 8 5 3 2 2 5
13 13 13 5 13 5 5 13 5 13 14 13 13 5 13 13 14 13 5 5
2 1 11 1 0 0 11 18 2 0 2 1 11 0 0 2
5 1 1 1 5 1 5 1 1 12 5 5 5 5 5
2 2 2 3 5 6 3 5 3 5 2 5 2 2 5 14 3 5 5 5
13 6 6 1 13 13 2 13 13 11 6 1 11
2 2 2 2 2 2 2 2 2 2 2 2 2 12 2
2 0 2 2 1 0 0 2 1 0 17 1 1 2 0 2 1 1 2
1 5 5 2 12 1 2 5 1 1 1 1 5 1 5
2 12 12 2 5 2 2 5 5 5 2 2 5 5 5
11 11 11 11 11 11 11 11 11 11 4 11 11 11 11 11 11 11 4 19 11
0 11 12 5 0 15 11 1 15 11 11 11 11 11 1 11 5
16 16 16 16 16 16 16 16 16 16 16 16 16 16
3 1 1 12 1 3 3 3 5 1 1 1 1 8 8
4 4 4 4 4 4 4 4 4 4 4 4
10 3 5 2 12 6 8 5 5 2 5 2 5 8 5 2 2 2
3 3 18 3 3 2 2 3 2 2 2 3 3 2 2 3
4 4 3 4 3 4 4 4 4 3 4 4 18 4 4 3
13 12 13 12 12 12 12 13 11 12 12 13 12 11 12
2 0 2 13 2 0 0 2 2 2 0 0 2
4 4 4 4 4 4 4 4 4 4 4 4
1 1 0 0 0 1 1 0 1 4 1 0
3 5 0 4 5 4 5 11 3 12 4 4 3 17 13 0 0 5 13 4 14 0 1 6 14 1 3 17 1 11 34 0 2 11 16 13 16 4 4 13 3
14 14 10 19 10 14 10 10 14 10 10 17 14 14 14 10 21 21 21 21 14 14 10 14 21 21 20 14 14 21 10
12 1 15 16 1 16 16 16 4 12 2 1 16 12 12 16 14 2 16 16
4 4 4 4 4 4 4 4 4 4 4 4
0 1 1 0 0 1 0 5 1 5 1 1 1 2 1 10 1 1
4 2 3 2 3 2 2 3 2 2 2 3
4 0 0 0 0 0 0 0 4 2 0 2
4 2 2 2 2 4 2 2 2 2 4 4
3 2 3 18 3 3 3 2 2 2 2 3 3 2 2 3
5 5 5 3 3 5 5 5 13 5 3 3 5
1 1 4 1 1 1 1 1 1 4 1 1
14 6 11 11 2 11 2 11 2 11 11 6 6 2 11 6 6 11 11 11
10 10 10 10 10 10 10 10 10 10 10 10 10 10 10 10 10 10
1 0 2 13 2 1 2 0 30 0 2 1 0 1 1 1 1 1 0 0 2 0 1 2 1 1 0 0 0
6 0 6 20 2 20 6 0 0 2 6 6 6 6 2 6 6 6 6 0 6 2
1 1 13 1 1 1 1 1 1 1 1 1 1
4 4 4 4 4 4 4 4 4 4 4 4
0 4 4 0 0 2 2 2 2 2 0 2
4 6 6 6 4 4 4 4 6 1 1 6
1 1 0 3 1 0 0 2 0 0 9 3 0 1 1 3 0 0 1 0 1 1 1 0 1 1 0
5 5 0 6 5 5 5 5 5 0 16 0 0 1
3 2 2 0 3 3 2 11 0 2 3 2 2 3 2 2 3 2 2 0 28 2 2 5 3 11
16 11 25 17 5 11 28 15 4 4 4 28 18 11 4 11 11 35 5 18 4 11 5 15 5 4 23 29 11 11 11 5 11 10 11 6 15 6 6 4 13 5 11 16 5 6 22 1 12 10 6 10 11 11 2
4 4 4 4 4 4 4 4 4 4 4 4
1 1 1 1 2 0 0 3 5 39 5 1 1 0 1 1 2 2 2 10 0 2 2 2 1 1 2 0 0 1 0 1 3 0 2 0 1 2 11 1 3 1 1 2
4 4 4 3 12 4 4 3 12 4 4 4 3 4 4
4 4 4 4 4 4 4 4 4 4 4 4
4 4 4 4 4 4 4 4 4 4 4 4
0 0 0 4 1 1 1 1 0 1 0 1
4 4 1 4 1 10 4 1 4 4 4 1 4 4 1 1 4 4
11 0 11 11 3 8 2 2 2 3 2 0 2 0 2 0 6 32 8 0 11 0 11 2 0 2 0 6 6 8 2 11 2
1 1 1 1 3 2 3 2 2 1 2 3 10 3 2 2 2 1
2 11 11 11 10 11 11 2 11 2 5 11 11 2 11 2 2 4
6 0 6 20 2 20 6 0 0 2 6 6 6 6 2 6 6 6 6 0 6 2
5 16 5 5 5 5 5 0 5 0 0 0 0 5
5 5 5 5 3 3 5 5 5 5 3 3 13
11 5 11 5 25 2 2 2 2 6 0 5 5 5 2 13 5 11 13 5 11 5 16
5 1 5 5 1 16 5 5 16 5 1 1 5 1
2 1 1 2 1 2 1 1 2 16 2 1 2 2
0 1 2 0 0 1 1 5 16 8 3 1 0 4 0 2 0 2 0 11 3 5 2 6 1 2 2 11 0 2 2 5 0 0 2 36 0 0
17 5 8 3 1 5 8 1 3 1 4 3 8 3 4 5 5 5 4
2 2 1 16 1 2 1 2 1 2 2 1 2 1
4 4 4 4 4 4 4 4 4 4 4 4
12 0 0 1 0 11 6 6 0 6 6 6 6 6 6
4 4 4 4 4 4 4 4 4 4 4 4
14 14 14 14 14 14 14 14 14 14 14 14 14 14 14 14 14 14 14 14
12 12 12 3 17 3 12 3 12 12 12 12 12 3 12 12 12 12 12
10 10 10 10 10 10 10 10 10 10 10 10 10 10 10 10 10 10
5 2 5 1 2 5 3 5 5 3 1 5 0 3 1 3 5 5 3 3 1 2 25
1 1 3 3 3 3 1 1 1 3 3 3 3 0 17 3 2 3 3
6 0 0 11 6 16 0 6 2 6 6 11 16 6
4 1 1 0 1 0 1 0 0 1 1 0
1 1 2 1 2 1 2 1 2 16 2 2 2 1
16 1 4 4 4 1 1 5 4 4 1 6 4 5 1 4 1 4 5 5 5 4 6 4 5 28
2 10 10 16 15 12 2 40 15 12 5 48 5 11 11 2 4 14 11 15 48 10 11 7 11 11 2 28 5 5 11 30 15 50 26 4 19 11 15 11 11 11 13 43 15 5 11 10 2 5 10 27 10 15 4 17 10 2 11 11 5 21 2 5 19 10 16 5 11 2 11 5 15 27 2 17 14 11 9 11 11 11 11 11
5 1 1 5 1 5 5 5 1 5 5 5 1 12 1
2 0 2 2 0 8 2 8 0 6 0 10 6 0 8 0 0 6
3 0 5 5 2 8 2 8 1 2 29 1 0 0 8 1 2 0 12 1 8 5 6 3 2 0 1 1 5 5 6 5 2 1 3 1
18 5 5 2 5 5 2 5 5 2 2 5 2 2 5 2
11 11 16 8 11 8 11 11 11 11 11 11 11 8
0 6 0 1 18 6 1 0 6 11 5 6 12 1 17 6 2 6 0
10 10 10 10 10 10 10 10 10 10 10 10 10 10 10 10 10 10
10 10 10 10 10 10 10 10 10 10 10 10 10 10 10 10 10 10
3 11 0 11 0 14 11 3 0 11 11 11 11 3 11 0 11 0 3 11
0 0 0 32 0 8 5 0 0 0 1 0 0 0 3 1 49 1 0 8 8 0 0 3 0 0 0 3 3 1 1 1 5
8 0 1 0 1 1 0 0 1 1 0 8 1 19 1 1 1 1 8 1 1
2 12 6 0 1 2 16 0 1 0 3 0 47 1 0 0 0 0 1 2 0 8 0 8 0 0 0 2 0 8 2 13 0 1 1 0 1 8 0 1 0 8 0 1 3 8 3 1 18 0 0 0 0 0 3 1 0 4 0 1 0 11 0 0 13 0 8 8 0 2 1 3
3 4 5 5 5 1 5 3 1 11 1 5 1 5 5 5 30 3 6 1 5 2 1 4 2 5 1 5 2
5 4 5 4 4 17 4 4 4 4 17 5 5 5 4 5 4 4 5
2 3 3 2 3 4 2 2 3 2 2 2
1 1 3 1 0 16 1 0 1 0 0 3 0 3 0 0 0 0 17
0 2 2 0 2 0 13 0 2 0 2 2 2
0 1 1 0 2 1 0 0 3 1 18 1 2 1 0 3
15 14 14 14 36 15 4 10 15 11 16 22 14 11 25 31 10 10 13 11 15 45 10 6 15 14 44 10 15 16 6 11 16 1 0 2 10 15 20 0 43 10 11 4 11 11 29 6 11 11 20 15 11 0 16 10 21 15 22 15 6 6 10 6 0 22 39 16 10 6 14 15 15 15 15 15 10 19 0 4 4 2 40 11 11 26 15 4 11 5 21 4 4 10 0 16 35 15 18 17 25 15 14 6 16 12 1 63 6 15 22 15 43 11 6 4 14 30 14 10 64 6 1 22 6 10 15 21 20 10 1 34 11 6 11 16
4 4 4 4 4 4 4 4 4 4 4 4
20 16 12 17 17 16 11 11 11 11 11 12 11 12 16 11 11 11 11 11 16 16
4 4 4 4 4 4 4 4 4 4 4 4
13 4 4 1 5 4 11 6 5 6 4 6 4 6 1 29 5 1 0 11 0 6 5 5 0 1 29 1 4 4 4 0 6 11 4 6
4 15 15 15 15 4 15 15 15 4 15 15 15 4 4 15 15 15 4 26 15 4 4 4 15 4 4 15
1 4 1 6 11 5 6 12 6 12 2 1 6 6 6
13 2 2 0 1 13 2 2 3 1 4 1 1 1 1 1 1 1 6 3 2 1 3 2 5 3 1 26
0 8 0 2 0 0 8 0 0 0 0 13 0
6 2 6 2 2 2 2 6 2 2 6 6 6 2 2 6 23 2 2 6 2 2 2 6
14 14 17 2 23 10 16 10 15 12 14 10 21 44 10 15 10 10 15 21 30 40 16 22 14 10 10 19 2 14 10 27 22 10 17 10 10 15 21 13 21 1 15 22 14 10 10 15 0 14 19 61 17 21 38 10 1 22 10 16 37 25 54 16 2 17
4 4 4 4 4 4 4 4 4 4 4 4
14 14 20 16 10 11 17 12 14 10 13 4 4 4 10 25 16 22 14 16 4 11 11 14 14 22 17 4 10 35 10 20 20 21 22 14 10 11 10 17 38 20 35 10 22 10 14 16 10 19 35 16 18 11 11
4 4 4 4 4 4 4 4 4 4 4 4
13 12 13 12 12 12 12 13 11 12 12 13 12 11 12
2 2 2 2 3 4 2 3 3 3 2 2
5 5 5 1 11 5 5 2 2 1 1 5 15 3 3 15 3
2 2 4 2 0 0 2 0 0 4 2 2
0 11 0 16 11 11 11 16 11 16 11 11 11 0
10 10 10 10 10 10 10 10 10 10 10 10 10 10 10 10 10 10
0 1 8 0 8 1 1 1 0 1 1 0 1 1 2 2 0 19 8 1 1
14 14 14 14 14 14 14 14 14 14 14 14 14 14 14 14 14 14 14 14
1 2 1 0 0 3 4 12 13 5 3 0 2 1 0 5 0 1 17
1 13 0 2 0 2 0 2 5 2 2 2 0
0 0 6 6 2 11 6 6 11 0 0 6 6 12 6
1 1 1 1 1 1 0 10 0 1 1 0 0 0 1 1 1 1
16 5 5 5 5 15 5 11 11 11 5 5 16 5 11 5 11
0 1 3 2 4 19 0 5 11 0 3 5 4 2 0 0 3 1 1 0 3
23 10 2 14 10 17 4 14 2 2 23 10 10 10 2 11 10 10 17 17 10 10 10 10
5 16 16 5 16 5 16 16 5 5 16 5 16 16 5 16 16 16 16 20 16 5
3 2 6 3 2 2 3 23 3 1 6 3 3 6 0 1 1 3 0 1 3 2 1 1
1 1 18 1 1 0 1 3 1 1 5 4 1 0 3 1
13 6 6 5 13 13 6 13 6 13 5 5 13
0 18 11 11 11 11 0 11 11 0 11 0 11 11 0 11
1 5 0 2 1 1 4 0 2 0 0 0 2 0 1 1 0 4 0 0 20 2
4 5 1 4 5 1 4 4 1 5 5 5
0 4 5 4 27 0 1 5 5 4 12 4 1 4 2 5 0 5 4 4 4 11 13 4 5 5 5 4 4 5 4 0 5 5 1 46 5
4 4 4 4 4 4 4 4 4 4 4 4
1 2 5 1 4 4 2 4 2 2 2 1
4 4 11 11 11 11 4 20 4 11 11 4 4 11 4 4 11 11 4 11 4 4
2 0 0 2 0 10 0 0 2 0 0 2 2 0 2 0 0 2
3 0 3 3 3 3 0 16 3 0 3 0 0 3
1 2 0 1 1 4 0 1 0 1 0 1
4 4 4 4 4 4 4 4 4 4 4 4
4 4 4 13 25 1 4 0 0 4 0 1 1 0 4 4 4 4 1 0 2 4 1
20 15 15 15 15 15 0 15 15 15 15 15 15 15 0 15 15 0 0 0 15 15
2 2 2 14 2 0 0 1 2 2 2 0 0 2 2 2 2 2 2 5
14 14 14 14 14 14 14 14 14 14 14 14 14 14 14 14 14 14 14 14
4 4 4 4 4 4 4 4 4 4 4 4
0 0 0 0 0 16 0 0 8 0 0 8 8 0
3 8 3 0 8 0 3 13 0 0 3 0 8
1 0 8 1 1 8 1 8 0 0 1 12 1 0 0
5 1 5 1 5 5 13 1 1 13 5 13 5
1 3 0 8 0 0 3 0 20 8 3 0 3 3 8 0 0 0 0 0 3 3
0 3 3 3 13 8 0 8 0 8 0 0 3
1 0 3 1 1 0 0 1 1 0 1 9 1 1 1 0 1 0 1 3 1 3 0 1 1 1 0
1 3 3 3 1 1 1 1 3 3 3 12 3 1 3
1 4 0 1 0 1 1 0 0 1 1 0
0 0 16 0 0 8 8 0 0 0 0 8 0 0
3 3 0 8 3 0 8 8 8 0 8 0 0 8 3 18
9 9 9 9 9 9 9 9 9 9 9 9 9 9 9 9 9 9 9 9 9 9 9 9 9 9 9
3 0 8 5 0 3 3 3 36 1 3 1 1 3 1 8 0 3 1 1 1 0 2 3 3 0 1 1 3 1 0 1 0 3 0 3 1 1
1 8 1 8 1 8 8 8 8 17 1 8 8 8 8 1 8 8 1
9 0 1 9 9 0 9 0 9 3 9 0 1 9 9 9 9 9 9 52 0 9 0 9 9 1 1 0 9 9 9 9 9 3 1 9 0 8 1 3 0 9 9 8 9 26 8 9 0 0
4 4 4 4 4 4 4 4 4 4 4 4
12 12 12 12 12 12 12 12 12 12 12 12 12 12 12
3 3 3 0 3 8 3 3 3 3 0 3 0 19 8 0 8 3 3 0 3
2 1 5 1 1 1 5 5 8 1 0 2 1 1 3 1 2 1 1 1 0 1 0 0 0 0 2 0 1 1 0 5 1 1 37 0 1 0 8
3 0 8 13 0 8 0 0 3 8 3 0 3
3 3 3 3 8 3 8 3 3 3 8 4
0 0 1 0 0 0 0 0 0 0 20 0 1 0 0 0 0 2 1 1 1 1
1 8 8 1 1 8 0 1 1 3 0 1 8 0 3 0 1 1 1 1 8 0 3 8 1 3 1 26
2 2 5 2 3 5 2 3 2 2 17 2 2 2 3 2 3 2 2
7 7 7 7 7 7 7 7 7 7 7 7 7 7 7 7 7 7 7 7 7 7 7 7 7 7 7 7 7 7
12 12 12 12 12 12 12 12 12 12 12 12 12 12 12
0 1 0 3 1 1 3 1 5 0 1 12 0 3 1
0 0 1 1 5 0 12 1 0 1 3 1 3 1 3
2 1 1 2 0 13 0 1 2 1 2 1 1 23 0 1 1 1 0 2 1 1 2 2
2 4 2 2 3 2 2 3 3 2 2 3
8 3 3 18 0 8 8 8 8 3 8 0 0 0 1 0
1 0 1 0 4 1 1 0 1 0 0 1
2 0 0 2 2 4 2 2 0 2 0 4
0 0 1 0 1 0 0 1 4 1 1 1
6 6 6 16 6 1 1 6 1 16 6 6 1 16
13 13 13 13 13 13 13 13 13 13 13 13 13
2 2 8 2 2 16 8 8 2 2 2 8 8 8
6 2 2 2 6 18 2 6 6 6 2 18 6 6 6 2
3 0 3 3 0 3 13 3 5 3 0 3 0
1 6 6 6 3 3 1 1 1 3 1 16 1 3
7 7 7 7 7 7 7 7 7 7 7 7 7 7 7 7 7 7 7 7 7 7 7 7 7 7 7 7 7 7
0 0 0 0 24 0 0 0 0 0 13 0 24
0 0 3 0 8 8 3 0 0 0 8 0 21 0 0 0 0 0 0 0 8 0 0 3 8 0 0 3 0 8 0
5 1 5 1 5 5 13 1 1 13 5 13 5
6 6 6 6 6 3 6 3 6 6 16 6 3 3
1 2 1 2 1 2 2 16 2 1 2 1 2 1
8 0 0 8 3 3 3 18 0 0 8 0 3 8 8 8
6 6 3 6 6 3 3 3 6 6 6 6 6 16
0 1 1 0 1 0 0 1 1 4 0 1
0 0 8 8 4 0 8 0 8 8 0 8
3 8 3 3 0 0 0 0 0 8 0 0 8 0 0 10 3 0
9 9 9 9 9 9 9 9 9 9 9 9 9 9 9 9 9 9 9 9 9 9 9 9 9 9 9
0 0 2 0 2 0 0 2 2 2 2 13 2
0 0 15 0 11 0 2 2 2 5 0 0 0 0 2 2 2
1 0 0 8 0 8 1 1 1 0 1 0 8 1 19 1 1 1 1 1 1
2 2 2 3 3 2 11 3 2 25 2 2 2 2 2 0 2 0 0 2 2 0 0
8 0 0 8 0 0 0 0 0 0 8 16 0 0
1 1 3 1 8 8 19 1 8 0 5 0 0 1 3 8 1 3 1 8 3
7 7 7 7 7 7 7 7 7 7 7 7 7 7 7 7 7 7 7 7 7 7 7 7 7 7 7 7 7 7
6 5 3 0 3 8 8 10 8 8 2 3 2 0 8 0 0 0
1 3 1 1 1 1 1 0 3 1 1 3 0 0 0 1 3 1 0 1 3 1 3 3 3 28
0 9 9 0 9 9 9 9 9 9 27 9 9 9 9 9 9 9 9 0 9 9 9 9 9 9 9 0 9 9 9 0
12 12 12 12 12 12 12 12 12 12 12 12 12 12 12
0 5 5 0 1 5 5 5 0 3 5 3 3 1 5 0 1 0 1 5 23 3 1 1
12 12 12 12 6 6 6 12 6 6 12 23 12 12 12 6 6 6 12 12 12 12 6 12
1 1 1 1 1 1 1 1 1 1 1 13 1
8 3 3 3 3 8 3 3 3 4 3 8
5 5 5 3 5 5 13 5 5 5 3 3 3
8 8 8 8 8 8 10 0 8 8 8 8 8 8 8 8 8 8
0 0 2 6 0 2 6 6 6 2 0 6 6 6 0 2 0 0 2 6 0 2 0 0 0 0 6 0 0 46 0 2 0 0 0 0 0
3 5 5 5 5 13 5 5 3 5 5 3 3
3 0 0 3 3 3 16 3 3 3 3 0 0 0
3 2 3 2 3 2 2 3 3 14 2 3 3 2 3 3 3 3 3 2
0 3 0 12 0 0 3 0 0 3 3 0 0 0 0
0 15 2 3 0 3 2 0 0 2 2 3 3 2 2 2 0
3 3 3 3 3 3 3 3 3 3 3 3 3 3 3 15 3
1 0 1 0 1 0 15 0 0 0 1 0 1 0 0 1 0
2 8 3 2 3 8 2 21 2 3 0 3 3 3 2 3 0 3 3 8 2 8 3 8 0 8 3 3 0 0 2
0 0 0 0 1 0 1 0 1 15 1 0 0 1 1 0 0
1 3 18 0 3 0 1 3 1 1 0 3 1 0 1 0
13 2 0 0 2 2 0 2 2 0 0 2 2
1 1 6 12 1 1 11 1 1 2 6 19 6 1 1 1 1 6 6 6 6
7 7 29 7 7 7 7 7 7 7 7 7 7 7 7 2 7 7 2 7 2 7 7 7 7 29 2 7 7 7 2 7 2 7 7 7
1 2 15 1 1 1 0 2 1 2 2 2 0 15 2 2 0
7 7 7 7 7 7 7 7 7 7 7 7 7 7 7 7 7 7 7 7 7 7 7 7 7 7 7 7 7 7
11 11 3 11 11 3 12 11 3 11 11 3 11 11 11
3 8 0 3 14 8 3 0 3 3 0 8 3 8 8 0 8 0 3 3
4 4 4 4 4 4 4 4 4 4 4 4
0 8 8 0 8 3 0 3 3 13 0 0 3
0 0 31 1 0 5 0 8 0 0 1 3 0 8 8 1 0 1 0 1 0 0 24 0 3 1 8 1 0 0 0 1 0 8 0
11 6 6 6 6 11 6 1 8 8 24 11 24 6 12
1 0 8 0 1 8 1 0 0 0 1 1 8 1 12
1 1 1 1 1 1 1 15 1 1 3 1 3 3 1 3 1
9 3 9 5 9 9 9 9 9 9 4 9 9 9 9 26 9 5 5 5 9 9 9 9 9 9 9 8 5 3 9 8 9 9 9 38 5 9 2 5
18 0 2 2 2 8 0 2 8 2 0 2 0 8 2 0
4 4 4 4 4 4 4 4 4 4 4 4
3 3 6 2 10 16 3 2 16 6 11 16 11 3 2 6 2 16
1 1 0 0 1 1 0 0 4 1 1 0
3 3 3 2 0 5 2 3 2 3 18 2 3 3 2 2
0 0 3 3 3 0 0 3 17 0 0 0 3 0 3 0 3 0 3
1 1 1 1 1 1 1 1 1 1 1 1 13
9 9 9 9 9 3 9 9 9 9 9 9 9 9 9 9 3 3 9 21 9 9 9 9 9 9 9 9 9 9 3
13 3 3 0 8 0 3 3 0 0 8 8 0
2 2 0 2 13 0 2 2 2 0 0 0 2
14 4 5 4 4 4 5 5 5 4 4 5 5 4 4 5 4 4 5 4
0 1 4 1 1 1 1 0 1 0 0 0
3 3 3 3 3 3 3 13 3 3 3 3 3
3 3 3 3 3 13 3 3 3 3 3 3 3
4 1 1 1 1 1 0 0 0 1 0 0
3 1 2 2 3 2 2 2 1 1 1 3 3 2 1 1 2 10
1 1 3 8 3 8 16 8 3 1 1 1 1 3
3 1 3 3 8 0 8 8 8 0 8 1 8 1 0 22 1 8 0 8 0 1 3 1 8
1 0 1 4 1 1 8 8 8 1 8 1
23 3 3 8 0 3 8 8 0 8 8 3 8 3 0 3 3 0 3 3 0 3 3 3
0 2 18 1 2 11 6 2 6 0 2 19 2 2 6 0 6 6 0 6 6
6 6 6 6 18 6 1 1 6 1 6 1 6 1 6 1
7 7 7 7 7 7 7 7 7 7 7 7 7 7 7 7 7 7 7 7 7 7 7 7 7 7 7 7 7 7
0 3 0 0 0 3 0 0 0 0 8 3 0 10 8 0 3 8
11 0 1 3 1 0 3 1 3 1 3 12 0 1 0
8 8 8 1 1 8 1 13 1 8 1 1 8
9 9 9 9 9 9 9 9 9 9 9 9 9 9 9 9 9 9 9 9 9 9 9 9 9 9 9
3 1 1 3 3 3 1 1 23 3 3 1 1 13 3 3 1 0 1 3 3 1 3 1
3 3 3 3 3 3 4 8 8 3 8 3
24 3 0 3 3 0 3 3 24 3 0 4
11 2 6 11 8 6 2 6 4 6 6 3 16 6 16 11 2 26 8 8 6 8 11 18 16 11 6 6
8 8 3 3 3 4 3 3 3 3 3 8
1 0 1 1 1 0 0 4 1 0 0 1
1 1 1 1 2 2 2 4 2 2 4 4
0 0 0 13 0 3 3 13 3 0 0 0 0
7 7 7 7 7 7 7 7 7 7 7 7 7 7 7 7 7 7 7 7 7 7 7 7 7 7 7 7 7 7
0 0 0 0 1 8 1 0 8 1 0 0 1 8 0 1 1 0 0 14
3 3 3 3 3 3 3 13 3 3 3 3 3
4 0 1 1 0 2 0 0 1 1 1 1
3 2 3 3 4 2 2 2 3 2 2 2
13 13 13 13 13 13 13 13 13 13 13 13 13
0 0 0 8 3 1 5 8 8 2 8 5 8 0 0 3 0 2 3 5 0 2 8 5 5 3 0 5 1 0 2 2 5 42 2 2 5 1 0 2 3 0 0 1 3 6
1 3 3 3 1 15 1 1 1 1 1 1 1 1 3 1 1
9 9 9 9 9 9 9 9 9 9 9 9 9 9 9 9 9 9 9 9 9 9 9 9 9 9 9
24 0 3 3 24 0 4 3 0 3 0 0
2 15 3 3 1 3 1 1 2 1 1 1 3 1 1 1 1
3 3 2 2 3 19 3 2 1 2 1 0 2 0 0 3 3 2 3 1 2
7 7 7 4 7 0 2 2 7 7 7 7 7 7 7 7 2 2 2 7 7 7 34 7 7 7 7 7 0 0 7 7 7 5 7 7 1 7 7 7 7
10 0 3 0 0 3 3 3 3 0 3 3 3 3 3 3 0 3
0 2 2 0 2 3 3 3 0 3 3 0 0 3 0 2 0 0 2 3 0 3 3 3 3 7 2 3 0 2
1 0 1 0 0 1 4 0 0 1 1 1
0 8 11 3 2 2 5 2 0 3 0 2 6 37 1 8 8 18 11 0 8 2 0 3 6 0 2 0 0 0 6 8 6 0 8 6 5 6 6
2 2 3 3 0 0 22 1 3 11 2 0 1 5 0 3 2 0 3 1 1 1 5 3 4
1 3 3 0 3 16 3 0 3 0 0 3 0 3
2 2 2 2 17 1 2 2 17 1 2 1 2 1 1 2 2 2 2
9 7 7 7 35 7 7 9 7 7 9 7 7 7 9 9 7 9 9 7 9 9 9 9 9 7 35 9 9 7 7 7 9 7 9 7 9 7 9 9 7 7 7 9 9 7 9 7 9 7 9 7 7 9 7
0 3 1 0 0 3 0 3 16 3 0 3 3 3
9 9 9 9 9 9 9 9 9 9 9 9 9 9 9 9 9 9 9 9 9 9 9 9 9 9 9
1 1 3 3 3 16 1 3 3 2 3 1 1 1
17 0 0 3 3 3 3 0 0 0 0 3 0 0 0 3 0 3 3
5 5 5 5 15 0 8 5 0 5 5 0 5 3 1 8 0
0 3 0 0 3 8 0 8 3 13 0 3 8
16 3 3 0 3 3 0 3 0 0 3 0 3 3
1 1 5 12 5 5 5 5 1 5 1 1 5 5 1
1 1 6 6 1 1 1 3 1 3 1 1 12 1 1
1 1 1 1 1 4 1 1 4 1 1 1
13 5 3 5 5 5 3 3 3 5 5 5 5
0 2 2 3 0 1 0 2 3 15 3 2 0 2 2 0 2
9 9 9 9 9 9 9 9 9 9 9 9 9 9 9 9 9 9 9 9 9 9 9 9 9 9 9
3 0 0 0 2 6 0 0 0 3 0 0 0 6 6 0 5 3 2 6 0 3 1 2 0 32 0 0 0 3 3 2 0
10 5 3 5 1 5 5 1 3 5 3 1 5 1 5 1 6 5
0 5 5 5 16 6 0 5 1 5 0 0 5 5
0 0 0 0 1 11 1 0 0 0 6 1 0 0 32 0 0 1 0 0 0 0 0 6 0 16 1 1 0 1 0 0 0
1 1 5 0 1 1 5 1 0 12 1 0 0 0 0
2 0 0 1 1 1 1 0 0 1 0 0 1 1 1 1 0 1 1 0 1 41 0 0 1 1 0 1 1 1 1 0 0 11 0 1 1 1 0 11 0 0 1
3 3 2 2 2 2 3 3 2 2 2 4
8 8 8 8 3 3 8 8 8 3 3 8 8 8 8 3 3 8 8 8 3 3 24 8 8 8 8 24 33 8 8 8 8 8
3 1 3 5 8 0 3 2 2 3 1 1 0 3 2 1 2 2 5 0 8 3 3 3 3 3 33 0 1 1 3 8 0 1
9 9 9 9 9 9 9 9 9 9 9 9 9 9 9 9 9 9 9 9 9 9 9 9 9 9 9
1 8 0 0 8 1 0 0 8 1 0 12 1 1 1
1 0 2 1 8 0 2 1 8 2 29 6 0 1 2 0 2 2 4 0 1 1 1 0 8 1 0 2 5 8 3 2 0 0 8 2
0 19 1 3 1 2 1 1 2 3 5 4 3 0 2 1 0 2 1 2 2
1 1 4 1 1 2 2 4 2 2 4 2
1 2 1 2 2 6 6 6 2 1 25 6 6 6 6 2 1 2 1 1 6 2 6
0 1 1 8 1 3 3 17 0 3 0 8 1 3 0 0 1 0 1
13 13 13 13 13 13 13 13 13 13 13 13 13
8 18 6 6 6 6 8 6 6 8 8 6 6 8 6 8
6 6 8 2 1 6 2 8 6 1 6 1 8 2 8 1 1 1 1 1 1 2 1 8 6 6 8 6 1 2 6 1 2 2 31
16 0 0 5 5 0 5 0 0 5 5 5 5 5
0 0 0 0 0 0 0 0 0 0 18 0 0 0 0 0
17 3 3 3 1 3 3 3 3 1 1 3 3 3 3 1 3 1 1
1 1 1 1 1 1 1 1 13 1 1 1 1
2 1 1 2 1 1 16 1 2 2 2 2 1 2
8 4 3 3 8 3 3 8 3 3 3 3
1 1 1 8 1 1 8 1 20 1 1 1 1 8 1 1 1 1 1 1 1 1
0 4 3 8 8 2 8 2 0 17 0 3 2 0 2 3 3 2 2
0 0 1 1 1 3 1 12 1 1 5 0 3 0 3
0 14 0 8 0 1 1 0 0 1 0 1 1 0 0 1 8 0 0 8
1 6 6 1 6 1 6 18 6 6 6 1 6 1 6 1
2 0 1 2 0 0 2 4 4 2 2 5
1 3 1 3 1 1 3 12 3 3 3 3 1 1 3
5 28 3 5 3 5 0 0 0 5 5 5 5 5 5 3 5 5 5 5 0 5 0 3 5 5
4 0 1 1 0 1 0 1 1 1 2 0
2 8 8 1 1 1 1 3 13 8 8 8 1
16 13 0 0 3 13 3 0 0 3 0 0 0 0 13 0 0 0 0 13 3 8 3 3 41 8 13 8 13 1 0 3 13 3 0 13 16 0 0 3 3 13 16
16 0 0 0 8 0 0 0 8 8 0 0 0 0
8 8 0 0 3 3 0 8 3 18 0 8 8 3 8 0
1 0 30 0 2 1 3 2 0 3 1 2 2 1 0 0 0 2 2 0 2 0 2 3 1 3 1 8 2
6 8 18 16 3 18 2 16 6 11 2 11 2 6 16 5
7 7 7 7 7 7 7 7 7 7 7 7 7 7 7 7 7 7 7 7 7 7 7 7 7 7 7 7 7 7
13 13 13 13 13 13 13 13 13 13 13 13 13
0 1 10 3 0 8 0 0 3 3 0 8 1 0 8 3 0 0
0 0 0 0 12 0 0 3 3 0 3 0 0 3 0
7 7 7 7 0 7 7 7 7 7 7 7 8 7 7 7 7 7 0 7 8 7 7 7 7 7 36 7 7 7 8 7 7 7 0 0 0 7
12 12 12 12 12 12 12 12 12 12 12 12 12 12 12
2 2 2 3 2 2 2 3 3 4 2 3
8 0 0 0 3 3 13 0 3 0 8 8 3
3 0 0 0 0 8 0 8 0 3 0 8 0 0 0 8 3 0 0 0 0 8 8 28 0 3
0 3 0 8 3 3 8 8 0 3 18 0 8 8 0 8
7 7 1 7 7 7 7 7 7 7 7 1 7 7 7 7 29 7 7 7 7 7 1 7 7 7 7 7 7 1 1 7 1 7 7 7
2 2 16 2 2 2 2 16 2 2 2 2 2 2
0 2 3 3 0 2 0 2 3 0 0 3 3 3 0 2 2 3 0 3 0 2 0 0 28 2
6 6 6 0 0 6 6 0 6 0 6 6 12 6 0
8 8 3 25 8 1 8 1 8 1 3 1 1 3 3 1 8 1 1 1 1 1 1
0 8 0 8 0 0 13 24 24 8 24 24 0
0 17 2 5 0 1 2 1 1 2 1 1 2 2 2 2 2 1 1
3 3 4 3 3 2 2 2 2 2 2 2
11 1 1 1 0 1 0 1 1 12 1 1 12 0 0
2 4 2 3 3 3 2 2 2 2 2 3
0 2 3 1 1 8 0 28 2 0 1 3 3 1 0 3 0 3 1 8 8 3 8 8 8 3
3 8 2 8 2 2 8 3 10 5 2 8 8 3 2 3 3 2
2 1 2 15 1 1 1 2 1 2 2 15 0 0 2 2 0
0 0 2 0 2 0 2 2 2 0 13 2 2
9 9 9 9 9 9 9 9 9 9 9 9 9 9 9 9 9 9 9 9 9 8 8 9 8 9 7 9 9 9
24 0 2 0 24 0 2 2 2 12 0 0 2 2 2
3 3 0 0 0 0 12 0 0 3 0 0 0 0 3
2 2 2 2 2 2 2 2 12 2 2 2 2 2 2
1 0 3 0 1 3 22 0 3 3 1 3 3 1 1 3 0 0 0 0 0 0 1 0 3
0 0 3 8 3 3 13 8 8 0 0 3 0
2 1 1 2 2 2 1 1 1 1 3 2 1 1 23 1 3 2 3 1 1 1 2 3
2 2 2 0 6 0 2 6 2 23 6 6 2 23 11 0 2 1 0 6 1 16 2 11
0 0 0 0 8 2 3 3 0 2 0 2 3 8 3 2 2 0 0 0 8 0 22 2 2
1 1 3 2 1 3 1 3 3 1 1 3 3 16
8 14 8 8 5 1 1 2 1 3 2 8 1 2 2 2 2 1 8 5
2 2 2 2 2 2 2 2 2 2 1 1 2 1 2 1 19 1 2 2 1
15 8 0 8 8 8 0 0 0 0 0 8 0 8 0 0 0
16 0 3 3 3 3 0 0 3 0 3 3 3 0
13 13 13 13 13 13 13 13 13 13 13 13 13
6 6 6 6 0 0 0 0 6 6 12 6 0 6 6
20 1 0 0 1 0 0 0 1 1 0 0 1 0 0 1 1 0 0 0 0 1
7 7 7 7 7 7 7 7 7 2 7 7 40 7 0 7 7 7 7 7 0 2 7 2 7 7 7 2 7 0 2 2 7 7 7 2 0 7 7 7 7 0
3 0 0 0 3 0 0 0 0 0 0 12 3 0 3
7 7 7 7 7 7 7 7 7 7 7 7 7 7 7 7 7 7 7 7 7 7 7 7 7 7 7 7 7 7
1 1 1 1 3 12 1 1 11 2 1 3 3 11 0
7 7 7 7 7 7 0 7 7 7 7 7 1 0 0 7 7 7 7 7 1 0 0 0 1 0 53 7 7 7 1 1 7 7 0 7 0 1 7 7 0 0 0 0 0 7 7 7 7 7 0
0 16 3 0 3 3 0 0 3 3 3 3 3 0
3 3 2 3 2 2 2 2 4 2 3 2
2 0 2 0 5 2 2 2 0 0 0 0 1 0 2 0 10 2
6 6 2 1 1 3 5 6 5 1 5 6 0 3 3 6 1 5 0 3 3 1 1 1 1 5 3 0 5 1 1 3 6 1 1 3 1 3 2 57 1 6 1 1 6 1 3 1 3 6 5 1 2 5 3 1 2 1 1
3 0 3 0 3 3 18 24 0 0 3 0 3 3 3 24
0 0 8 8 0 8 8 0 8 8 0 4
2 0 0 2 2 4 2 2 0 2 0 4
8 0 16 0 8 8 3 3 8 5 0 0 3 0
8 8 0 3 0 0 0 0 0 0 0 0 1 0 3 3 10 8
2 4 2 2 2 2 3 2 2 3 3 3
8 3 3 3 3 3 8 8 18 3 3 3 3 3 3 3
3 6 6 3 6 6 8 3 3 3 3 6 26 6 6 6 3 8 8 6 3 3 3 3 3 3 8 3
1 1 1 3 3 1 3 3 3 3 3 3 1 1 12
3 3 0 1 3 0 3 3 3 16 0 0 0 3
3 3 3 3 5 3 23 3 8 3 3 0 3 8 8 3 0 0 0 3 3 3 3 3
1 1 24 8 1 8 1 0 8 0 15 0 0 24 1 0 1
0 1 1 0 0 0 3 0 3 0 3 1 3 1 0 0 1 0 0 19 1
6 6 16 6 1 1 6 6 1 16 6 6 1 16
11 11 11 11 5 11 11 5 5 5 11 11 10 5 5 5 10 11
1 12 8 8 1 0 0 0 0 1 1 8 1 0 1
2 17 1 13 13 13 1 13 13 13 16 1 13 13 1 13 13 1 13
8 0 8 8 0 13 0 3 3 0 3 3 0
3 8 3 3 3 8 8 3 3 8 12 8 8 3 3
11 11 0 0 11 11 11 11 0 0 18 11 11 0 11 11
16 3 2 2 3 2 2 24 2 2 2 24 3 3
2 2 6 2 2 2 2 16 16 2 19 6 11 2 2 16 11 2 6 2 16
1 3 3 0 1 3 0 1 0 1 0 0 18 3 1 1
7 7 7 7 7 7 7 7 7 7 7 7 0 7 0 0 7 7 7 1 7 7 34 7 34 7 7 0 7 7 0 0 1 7 0 0 7 7 5 7 7
5 0 0 0 2 0 0 2 10 0 0 2 2 2 1 0 0 2
9 2 3 9 9 9 9 9 9 9 3 9 9 9 9 9 9 2 9 9 3 9 9 9 2 9 9 9 2 2 9 3 9 2 9 9 36 2
7 7 7 7 7 7 7 7 7 7 7 7 7 7 7 7 7 7 7 7 7 7 7 7 7 7 7 7 7 7
12 12 12 12 5 5 12 5 12 19 12 12 12 12 12 5 5 19 19 5 12
6 6 6 6 6 6 6 6 6 6 6 17 6 6 6 6 6 6 6
1 2 3 22 2 5 2 1 1 2 5 6 2 2 2 1 3 1 2 2 3 1 3 2 2
3 0 3 3 0 0 0 0 3 0 3 0 16 3
0 24 0 3 0 24 0 3 3 4 0 3
0 2 13 0 2 2 0 0 2 2 0 2 2
1 1 1 1 8 0 0 1 1 8 1 1 0 6 1 1 1 8 0 1 0 1 28 0 1 0
0 8 0 0 0 0 8 16 0 0 0 0 0 8
1 1 5 5 17 1 1 3 5 1 5 5 5 5 1 5 3 3 3
1 2 8 2 2 0 0 3 0 0 2 2 0 0 0 3 2 22 8 3 0 0 2 3 3
1 1 1 1 0 3 0 1 1 1 3 1 1 1 1 1 3 1 26 0 1 0 1 1 1 0 3 1
0 5 0 0 0 0 0 5 0 0 0 0 0 16
12 1 1 1 0 1 0 1 1 12 1 1 11 0 0
6 6 18 6 1 1 1 6 6 1 1 6 6 1 6 6
0 8 1 1 1 0 0 1 1 0 12 8 1 8 0
6 2 2 2 6 2 2 6 6 18 2 18 6 6 6 6
9 9 9 9 9 9 9 9 9 9 9 9 9 9 9 9 9 9 9 9 9 9 9 9 9 9 9
1 1 4 1 0 1 1 1 0 0 0 0
8 0 0 8 8 0 8 0 8 8 0 4
1 1 0 0 0 1 1 1 0 1 1 1 1 1 0 1 10 1
11 11 11 11 11 11 5 5 5 5 11 11 5 10 5 5 10 11
0 2 4 2 4 2 2 2 0 0 0 2
9 9 9 9 9 9 9 9 9 9 9 9 9 9 9 9 9 9 9 9 9 9 9 9 9 9 9
14 0 1 0 8 8 1 0 1 3 5 0 0 0 0 1 1 1 0 0
2 4 2 2 2 3 3 3 2 3 2 2
5 5 5 3 5 5 5 5 13 3 5 3 3
12 12 12 12 12 12 12 12 12 12 12 12 12 12 12
3 3 3 3 3 8 8 18 3 3 3 3 3 8 3 3
2 6 6 2 6 1 1 2 1 19 6 6 19 6 6 2 2 6 2 1 1
9 9 9 9 9 9 9 9 9 9 9 9 9 9 9 9 9 9 9 9 9 9 9 9 9 9 9
5 1 5 5 6 0 14 5 1 0 1 1 5 1 0 1 5 5 1 0
2 1 1 2 1 1 0 0 1 1 1 1 2 1 29 0 1 1 1 1 0 0 2 1 1 2 6 1 2 2 1 2 0 2 0 1
0 2 4 2 4 2 2 2 0 0 0 2
12 12 12 12 12 12 12 12 12 12 12 12 12 12 12
6 6 6 1 1 1 18 1 6 6 6 6 6 6 1 1
3 3 10 3 3 3 3 3 3 0 3 3 0 0 0 3 0 3
1 2 3 1 3 1 3 1 19 3 1 3 1 1 1 1 2 1 3 3 1
4 3 8 3 3 8 3 3 3 3 3 8
3 3 3 3 8 3 3 3 4 8 8 3
2 1 4 1 2 2 3 1 3 5 3 1 2 3 6 2 1 1 3 2 5 3 3 1 9 1 1
2 2 3 2 5 4 2 3 3 2 0 2
0 1 1 1 1 0 0 0 1 4 0 1
9 1 9 9 9 9 1 9 9 9 9 9 9 9 9 9 9 1 9 9 9 9 9 9 1 9 9 1 9 1 32 9 9
7 7 7 7 7 7 7 7 7 7 7 7 7 7 7 7 7 7 7 7 7 7 7 7 7 7 7 7 7 7
0 0 10 0 2 0 2 0 0 0 2 2 0 2 2 0 0 2
2 2 2 3 4 2 3 3 2 3 2 2
0 0 0 0 3 0 3 3 3 0 3 3 17 0 3 0 0 3 0
1 0 0 0 1 3 1 0 1 3 0 3 3 3 0 0 3 3 0 1 0 22 0 3 1
0 0 0 0 0 0 0 0 0 0 0 0 18 0 0 0
6 6 6 3 6 6 3 6 3 3 3 6 19 8 8 6 6 3 3 8 3
0 8 0 3 0 1 8 1 0 3 8 1 0 0 8 0 37 0 3 3 0 0 8 1 8 1 8 0 3 0 8 3 0 0 1 0 8 3 3
1 3 1 8 3 3 3 3 8 3 1 3 19 8 8 1 3 3 1 3 1
2 2 2 17 1 2 1 5 1 17 2 2 5 2 1 1 2 2 2
3 3 3 3 8 3 3 18 3 8 3 3 3 3 3 8
7 7 7 7 7 7 7 7 7 7 7 7 7 7 7 7 7 7 7 7 7 7 7 7 7 7 7 7 7 7
7 7 7 7 7 7 7 7 7 7 7 7 7 7 7 7 7 7 7 7 7 7 7 7 7 7 7 7 7 7
8 0 8 8 0 0 8 4 0 8 0 8
6 6 17 6 0 6 6 0 3 0 0 6 6 0 3 3 6 6 3
1 0 0 4 0 2 1 1 1 0 1 1
2 2 2 2 2 12 2 2 2 2 2 2 2 2 2
12 12 12 12 12 12 12 12 12 12 12 12 12 12 12
2 3 0 8 0 3 2 2 3 3 2 8 2 0 2 23 3 0 3 2 3 0 8 3
1 2 3 2 3 3 1 1 0 2 1 1 1 3 1 1 2 1 1 1 3 0 2 1 2 1 3 32 0 1 2 1 3
2 2 16 2 2 2 2 16 2 2 2 2 2 2
0 1 4 1 1 0 1 1 0 0 0 1
13 13 13 13 13 13 13 13 13 13 13 13 13
0 0 0 0 0 0 5 0 5 0 0 0 5 5 5 5 5 5 23 0 0 0 0 0
2 1 28 0 1 6 6 0 2 2 0 2 1 0 1 1 0 6 0 2 1 6 0 1 1 0
0 6 0 0 16 1 1 1 1 11 1 1 1 16
0 0 3 3 0 3 8 13 0 0 3 8 8
2 0 2 0 0 1 19 0 8 2 2 0 0 8 0 5 2 2 8 0 0
9 9 9 9 9 9 9 9 9 9 9 9 9 9 9 9 9 9 9 9 9 9 9 9 9 9 9
7 7 7 7 7 7 7 7 7 7 7 7 7 7 7 7 7 7 7 7 7 7 7 7 7 7 7 7 7 7
1 1 0 1 0 1 2 1 1 3 0 0 3 1 0 22 3 0 3 1 3 0 3 3 3
0 16 3 3 0 3 0 3 0 3 3 0 3 3
0 16 0 0 0 0 0 5 0 0 0 0 0 5
0 0 3 2 2 0 0 3 0 9 3 0 0 0 2 0 2 0 3 0 0 2 2 0 0 2 0
1 0 0 0 1 1 4 1 1 0 0 1
0 3 0 1 1 3 1 18 1 1 0 3 3 0 0 1
0 1 3 1 0 1 3 18 1 0 1 0 0 1 3 3
0 1 2 2 5 2 2 0 10 2 2 2 2 2 2 2 10 0
0 0 0 0 0 8 0 6 0 0 0 0 8 25 0 0 0 8 0 0 0 0 0
8 2 1 2 0 2 0 2 20 8 2 0 1 1 0 1 1 2 2 1 0 8
1 1 1 1 4 1 0 0 0 0 0 1
2 3 2 5 6 1 8 2 3 6 8 3 8 10 6 1 8 6
3 1 8 3 1 1 1 8 3 3 16 1 1 8
6 26 1 1 6 1 6 2 1 1 26 11 1 6 1 0 6 6 1 1 6 1 1 1 2 6 1 0
12 12 12 12 12 12 12 12 12 12 12 12 12 12 12
1 0 0 0 1 2 1 0 8 0 8 0 0 0 0 14 1 8 1 1
3 9 3 9 3 9 9 9 3 9 3 9 9 3 9 9 9 31 9 9 9 9 3 9 9 9 9 9 9 3 9 9 9 9 9
0 0 0 3 2 3 3 3 2 0 2 3 3 14 2 2 3 2 2 5
23 0 0 0 0 0 3 0 0 3 3 0 0 0 3 0 0 3 3 0 0 0 3 3
1 0 0 1 0 1 0 1 0 0 0 0 0 9 0 0 0 0 0 0 1 1 0 0 0 0 0
0 3 0 0 0 0 0 12 0 3 3 0 3 0 0
4 0 0 0 0 8 8 0 8 8 8 8
2 0 1 2 0 0 2 4 4 2 2 5
0 0 24 8 13 0 8 3 8 0 8 0 8
6 26 1 1 6 1 6 2 1 1 26 11 1 6 1 0 6 6 1 1 6 1 1 1 2 6 1 0
1 0 2 3 2 3 2 15 0 2 0 3 3 5 2 2 0
8 8 2 8 2 2 8 2 2 2 16 2 8 8
0 3 3 16 3 0 0 3 3 0 3 0 3 3
1 1 4 1 1 0 1 0 0 0 1 0
0 3 0 3 3 24 0 4 0 0 3 24
3 6 0 3 0 0 5 0 3 0 6 51 0 6 6 3 5 5 5 0 0 0 3 0 3 6 1 0 6 0 6 0 5 0 6 0 0 0 0 3 4 0 0 5 3 0 5 0 6
8 1 3 3 3 6 0 1 3 3 3 41 0 1 11 12 1 1 0 8 8 3 1 1 1 0 1 6 8 8 6 0 1 6 1 0 1 6 3 8 6 6 6
19 12 12 12 5 5 12 5 12 12 12 12 12 12 12 5 5 19 19 5 12
3 10 0 0 0 8 3 3 0 0 0 0 3 0 8 8 0 0
6 16 16 16 2 16 6 11 2 11 2 6 16 2
0 3 0 3 0 16 0 3 3 0 3 3 3 3
0 3 1 18 1 1 0 3 1 0 3 3 1 0 1 0
1 8 0 1 3 0 8 8 21 0 3 1 0 8 0 8 0 3 0 1 0 1 3 0 3 3 3 0 3 8 1
2 2 1 30 2 0 1 0 2 5 0 2 2 1 0 1 0 1 0 2 0 2 0 0 0 0 0 0 2
2 3 2 1 2 2 2 3 1 2 2 3 1 3 8 8 19 8 1 1 1
1 1 1 1 1 13 1 1 1 1 1 1 1
1 0 0 0 1 1 2 0 0 2 3 2 0 1 3 18
7 7 7 7 7 7 7 7 7 7 7 7 7 7 7 7 7 7 7 7 7 7 7 7 7 7 7 7 7 7
3 3 3 8 3 3 8 3 3 3 3 3 8 3 3 8 20 8 8 8 3 3
7 7 7 7 7 7 7 7 7 7 33 7 3 7 7 7 7 7 7 7 7 7 7 7 7 7 7 7 3 7 3 3 7 7
9 9 9 9 9 9 9 9 9 9 9 9 9 9 9 9 9 9 9 9 9 9 9 9 9 9 9
1 6 1 1 1 6 20 6 6 6 6 1 1 1 6 1 2 2 1 6 1 6
2 3 3 2 2 3 2 2 2 3 2 4
15 1 1 3 2 1 2 3 1 3 1 3 1 1 1 1 1
7 7 7 7 7 7 7 7 7 7 7 7 7 7 7 7 7 7 7 7 7 7 7 7 7 7 7 7 7 7
0 1 0 3 1 3 0 0 17 3 8 1 1 1 1 0 8 8 3
1 2 6 6 6 11 1 16 6 2 16 16 6 11
8 8 0 8 8 4 0 0 0 0 8 8
4 0 1 0 0 1 1 0 1 1 1 0
1 3 1 8 8 1 1 3 3 3 1 16 8 1
20 0 2 0 2 0 2 0 2 3 0 3 0 3 2 2 0 0 2 0 0 3
2 3 8 23 2 8 8 2 8 8 8 2 3 8 8 8 2 8 3 2 8 3 8 2
3 1 3 9 3 3 3 3 1 3 3 8 3 3 3 1 3 8 3 6 8 1 1 1 3 3 1
3 1 1 1 3 3 1 8 3 8 1 3 8 1 3 3 10 3
0 2 2 2 2 2 2 0 0 0 13 2 0
2 3 3 3 3 2 2 2 2 2 4 2
13 13 13 13 13 13 13 13 13 13 13 13 13
4 4 4 4 4 4 4 4 4 4 4 4
3 0 3 0 3 3 3 8 3 3 0 11 0 12 8
1 0 1 0 0 1 0 1 0 2 0 1 1 0 11 0 0 1 0 0 1 0 1 21 6 0 0 1 0 0 1
1 1 13 1 1 1 2 1 1 1 1 1 2
3 5 0 5 3 5 0 3 5 0 5 3 0 5 3 3 3 0 5 5 20 3
2 2 2 17 1 2 1 5 1 17 2 2 5 2 1 1 2 2 2
0 1 1 0 1 0 1 8 0 0 8 1 12 1 8
3 0 3 3 3 8 8 3 8 0 15 3 0 3 3 0 0
1 2 16 2 2 1 2 2 2 1 1 1 2 1
3 3 3 3 3 16 0 3 0 0 0 3 0 3
0 0 3 3 14 3 3 3 3 3 3 3 11 0 3 0 3 0 3 3
1 1 1 1 1 4 1 1 4 1 1 1
5 1 5 1 5 5 13 1 1 13 5 13 5
3 3 0 0 11 0 3 3 3 18 3 3 0 0 3 3
0 1 2 2 5 2 2 0 10 2 2 2 2 2 2 2 10 0
12 2 8 3 2 2 2 2 3 2 2 3 8 8 3
8 3 2 8 8 2 8 2 10 8 3 3 2 2 2 2 8 3
3 8 0 3 2 0 0 1 2 3 0 3 2 0 3 0 2 3 3 3 3 8 2 0 8 2 2 3 3 1 0 8 3 2 29 0
6 6 6 6 6 6 3 3 3 6 16 6 6 3
2 2 1 1 2 1 2 2 16 2 1 1 1 2
4 4 4 4 4 4 4 4 4 4 4 4
13 13 13 13 13 13 13 13 13 13 13 13 13
2 8 2 2 8 0 8 8 2 2 13 2 2
3 1 1 1 3 8 3 8 8 0 1 1 0 0 1 3 0 17 0
4 4 4 4 4 4 4 4 4 4 4 4
4 4 4 4 4 4 4 4 4 4 4 4
8 0 3 13 3 8 8 3 3 0 0 0 0
3 0 3 3 0 3 3 0 3 0 0 3 3 0 1 3 3 0 3 1 0 3 0 22 0
0 8 3 2 1 0 0 0 2 0 2 3 0 0 2 0 2 0 2 2 0 0 0 0 0 3 8 0 7 8
4 1 4 1 4 4 4 1 1 4 4 4 4 1 1 10 4 4
0 27 3 3 2 2 0 0 3 2 2 11 0 0 2 2 0 2 0 3 2 2 0 3 3 2 2 0 2 0 2 3
12 12 12 12 12 12 12 12 12 12 12 12 12 12 12
2 0 0 13 0 0 2 5 2 1 2 2 2
1 1 1 1 3 1 3 25 1 1 1 1 1 1 1 1 3 0 1 1 1 1 2
0 3 0 16 3 3 3 0 3 0 3 0 3 3
1 1 0 0 4 0 1 1 1 1 0 0
7 7 1 7 3 7 7 7 34 7 7 7 3 7 7 0 8 7 7 7 0 3 7 7 0 7 7 8 7 7 7 7 7 7 7 7 0 0 7 7 7
6 6 3 6 6 16 3 3 6 6 6 3 6 6
5 5 0 0 0 0 5 17 0 5 0 5 0 5 5 0 0 5 0
0 1 3 0 0 0 1 19 3 0 1 0 0 3 1 0 0 3 1 1 0
9 9 9 9 9 9 9 9 9 9 9 9 9 9 9 9 9 9 9 9 9 9 9 9 9 9 9
2 2 2 2 17 1 2 2 17 1 2 1 2 1 1 2 2 2 2
7 7 7 7 7 7 7 7 7 7 7 7 0 7 0 0 7 7 7 1 7 7 34 7 34 7 7 0 7 7 0 0 1 7 0 0 7 7 5 7 7
1 0 0 1 3 1 1 1 3 0 1 1 0 3 3 1 0 1 20 1 1 1
10 0 0 0 0 2 5 0 0 0 2 2 2 2 1 0 2 0
13 13 13 13 13 13 13 13 13 13 13 13 13
2 6 6 2 6 1 1 2 1 19 6 6 19 6 6 2 2 6 2 1 1
8 3 8 0 0 0 3 0 3 13 3 0 8
3 0 0 0 3 0 0 0 0 0 3 3 12 0 0
0 2 0 2 0 10 2 0 2 0 0 0 0 2 2 0 0 2
3 0 0 17 0 0 0 0 3 3 3 0 0 0 3 0 3 3 3
1 0 0 1 18 3 3 1 0 3 0 0 1 1 0 2
2 2 2 2 2 12 2 2 2 2 2 2 2 2 2
5 2 6 1 2 6 3 13 6 6 1 8 8
3 3 0 3 8 0 8 3 3 0 0 0 8 3 3 3 3 0 8 3 3 3 8 2 0 9 0
1 2 2 1 16 1 2 1 2 2 1 2 2 1
1 3 3 3 3 0 0 3 1 3 1 14 0 0 1 0 1 3 1 3
3 0 3 0 3 3 3 16 0 0 3 3 3 0
12 12 12 12 12 12 12 12 12 12 12 12 12 12 12
3 5 3 5 5 5 5 5 3 13 5 5 3
9 1 9 9 9 8 1 36 9 9 9 9 9 9 9 1 9 9 9 9 8 9 9 9 1 9 9 9 9 9 24 9 8 9 1 9 24 1
3 3 1 1 1 12 1 1 1 3 3 3 3 3 3
8 1 1 8 8 8 1 1 8 8 1 8 8 1 18 8
9 9 9 9 8 9 8 9 9 9 9 9 9 9 9 8 9 9 8 9 9 32 9 9 9 8 9 9 9 8 9 9 9
2 2 3 3 2 2 4 3 2 2 3 2
16 3 0 0 3 3 0 0 3 3 3 3 3 0
2 13 0 2 2 2 0 1 2 0 6 2 1
1 0 0 1 8 1 8 0 1 0 1 1 7 0 0 1 3 0 1 1 1 3 0 3 0 3 8 0 1 1
3 4 3 3 3 3 3 3 3 2 3 3
3 3 4 8 3 3 8 3 3 3 3 8
0 2 1 8 1 1 0 0 0 3 8 1 8 3 0 3 3 23 1 0 0 1 0 0
3 0 19 8 3 3 0 8 0 3 3 3 3 0 0 0 3 8 3 0 3
2 2 2 0 6 0 2 6 2 23 6 6 2 23 11 0 2 1 0 6 1 16 2 11
19 12 12 12 5 5 12 5 12 12 12 12 12 12 12 5 5 19 19 5 12
6 6 6 0 6 0 6 0 6 0 6 12 6 0 6
9 7 7 7 35 7 7 9 7 7 9 7 7 7 9 9 7 9 9 7 9 9 9 9 9 7 35 9 9 7 7 7 9 7 9 7 9 7 9 9 7 7 7 9 9 7 9 7 9 7 9 7 7 9 7
4 4 4 4 4 4 4 4 4 4 4 4
0 0 0 0 8 16 0 0 0 0 0 8 8 0
0 8 8 3 3 0 8 0 0 0 3 3 13
1 1 4 1 2 2 2 4 1 2 2 4
12 12 12 12 12 12 12 12 12 12 12 12 12 12 12
7 7 7 7 7 7 7 7 7 7 7 7 7 7 7 7 7 7 7 7 7 7 7 7 7 7 7 7 7 7
0 0 8 8 0 0 8 3 3 0 1 8 0 3 1 0 8 0 1 8 0 0 1 0 0 0 3 1 0 0 27 1
0 1 0 3 0 1 0 3 8 3 6 3 28 1 3 1 3 3 3 8 3 0 1 8 3 3