43 499 499 499 43 43 499 499 499 43 43 499 499 499 499 499 499 499 499 499
183 183 183 203 203 203 183 183 183 183 389 314 314 499 499 499 314 389 389 499 203 203 389 499 314 314 203 183 203 203 183 499
184 29 499 184 29 184 184 184 29 29 29 184 184 33 33 33 33 33 29 184 184
499 499 499 499 499 499 499 499 499 499 499 499 499 499 499 499 499 499 499 499 499 499 499 499 499 499 499 499 499 499 499 499 499 499 499
499 161 151 161 161 151 151 161 151 151 161 499 151 151
499 390 499 390 474 499 499 390 499 499 474 499 499 474 499 499 499 499 499 499 499 499 499 474 499 499 390 390 499 499 390 499 499 499 499 499 499 499 499 390 499 499 499 499 499 499 499 474 499 474 474 499 499 499 499 499 499 390 499 499 499 499 499
0 0 0 0 0 0 0 0 0 0 0 0
51 204 63 63 51 204 51 51 51 51 63 63 63 63 51
3 3 3 3 3 3 3 3 3 3 3 3 3 3 3 3 3 3
0 0 0 0 0 0 0 0 0 0 0 0
12 8 12 12 12 12 12 8 137 8 12 8
5 5 5 5 5 5 5 5 5 5 5 5 5 5 5 5 5 5 5 5
475 475 499 499 499 475 475 499 475 499 475 499 475
391 391 499 499 499 499 499 499 391 499 391 499 391 499 499 499 499 391 391 391
499 499 499 499 392 393 499 393 162 476 499 499 476 499 499 476 392 499 162 499 499 499 393 499 499 499 499 392 499 499 499 499 392 499 162 499 392 499 393 499 392 499 499 499 393 392 162 499 499 392 499 476 499 499 499 162 393 499 499 499 393 476 499 476 499 499 393 476 499 499 499 499
5 5 5 5 5 5 5 5 5 5 5 5 5 5 5 5 5 5 5 5
477 499 477 477 499 499 499 499 477 477 477 477 499 499 499 499 499 499
150 41 64 41 64 64 41 64 150 41 41 41
499 18 18 18 499 18 18 18 499 499 499 499 499 499 18 18 18 18 499
499 499 499 499 499 499 499 499 499 499 499 499 499 499 499 499 499 499 499 499 499 499 499 499 499 499 499 499 499 499 499 499 499 499 499 499 499 499 499 499 499 499 499 499 499 499
499 113 499 113 499 499 499 499 499 499 499 499 499 93 93 93 113 93 499 499 93 499 499 499 499 499 93 113 499 93
315 185 316 316 315 185 499 316 316 316 315 185 185 315 185 316 316 499 185 499 316 316 316 315
394 394 32 499 32 394 65 65 65 499 65 65 32 499 65 65 499 32 65 499 32 394
499 25 499 499 25 25 25 25 499 499 499 25 25 499 499
3 3 3 3 3 3 3 3 3 3 3 3 3 3 3 3 3 3
499 499 499 499 499 499 499 499 499 499 499 499 499
240 138 138 240 240 138 240 240 138 499 138 240 138 138 240 240 240 240 138 240 240 240 240
183 183 183 203 203 203 183 183 183 183 389 314 314 499 499 499 314 389 389 499 183 203 389 499 314 314 203 183 203 203 203 499
51 204 63 63 51 204 51 51 51 51 63 63 63 63 51
0 0 0 0 0 0 0 0 0 0 0 0
114 114 317 114 499 317 317 317 499 114 317 317 499 499 499 317 317 499 499 499 114 114 114 499 317 317
257 499 499 499 257 257 499 499 499 499 499 257 499 499 499 257 257 257 499 257 499 499 499 499 257 257 499 257 499 499 499 499 499 499 499 499 499 257 499 257
499 241 163 163 241 241 241 163 163 241 241 241 499
205 499 499 205 205 499 499 205 499 205 205 499 499 205 499 205
66 66 66 395 66 66 66 66 66 66 66 66 395 66
46 15 79 79 15 79 79 15 15 79 79 499 46 79 46 15
32 32 97 222 32 499 32 97 32 222 97 32 32 97 222 97 32 97 97 97 32 32
6 7 100 6 7 6 7 6 7 7 6 7
139 499 164 499 318 164 164 139 139 318 139 499 164 318 164 164 139 164 139 499 139 318 318 139 164 139 139 139 139 164 164
33 33 29 29 33 45 33 33 29 33 45 33 29 45 29 45 33 33 33 29 499
13 396 396 396 13 499 13 396 396 13 396 396 396 499 13
499 499 499 478 478 478 499 478 499 499 478 499 478 499 499 478 499
80 115 115 80 80 152 80 80 115 152 80 152 115
36 18 85 499 19 36 18 36 19 18 36 85 19 18 18 36 19 85 36
26 26 26 22 26 22 22 22 26 26 22 26 22 264
301 186 397 301 499 301 301 397 186 301 397 499 301 301 499 301 186 499 397 301 301 499 301
47 28 47 47 28 28 28 47 47 47 47 47 499 28 47 28
34 17 34 34 17 17 34 17 34 34 319 34 34
3 3 3 3 3 3 3 3 3 3 3 3 3 3 3 3 3 3
499 302 499 499 302 302 499 499 499 499 499 302 302 499 302 499 302 302 499 499 499 499 302 302 302 499
81 206 83 206 83 499 206 83 186 206 206 81 83 83 81 186 81 206 186 81 206 206 81
16 16 16 16 16 16 16 16 16 16 16 16 16 16 16 16 16
13 13 13 27 27 13 398 13 13 27 27 13 13 13 13
499 499 499 499 399 399 499 499 499 400 400 499 399 499 499 499 400 499 399 499 499 499 499 400 499 499 499 499
0 0 0 0 0 0 0 0 0 0 0 0
0 0 0 0 0 0 0 0 0 0 0 0
22 26 26 22 26 26 264 26 26 22 22 22 22 26
5 5 5 5 5 5 5 5 5 5 5 5 5 5 5 5 5 5 5 5
6 7 6 7 6 7 7 7 7 6 6 100
16 16 16 16 16 16 16 16 16 16 16 16 16 16 16 16 16
14 67 67 14 67 67 14 67 14 67 499 14 67 14 67
68 499 36 68 68 19 68 68 36 19 68 36 36 19 68 36 68 19 36
499 401 499 401 9 499 401 499 9 499 401 499 9 9
499 402 402 403 403 499 499 402 403 499 403 402
5 5 5 5 5 5 5 5 5 5 5 5 5 5 5 5 5 5 5 5
499 499 499 13 499 13 499 13 499 499 499 499 13 13 499
29 45 29 29 45 29 33 29 29 33 499 33 45 33 33 45 33 33 33 33 33
116 86 24 86 24 86 499 116 86 499 116 116 24 86 24 499 24 86
13 13 13 27 13 27 13 13 13 27 13 27 13 398 13
499 499 499 499 499 499 499 499 499 404 499 499 499 499 404 499 499 499 499 499 499
12 12 12 12 8 12 8 8 137 12 12 8
499 320 499 499 499 499 499 499 321 499 499 320 499 499 499 499 499 499 499 499 499 499 321 499 499 499 499 320 321 499 499 320 499 499 499 321 321 499 499 499 499 499 320 499
265 265 265 265 36 36 499 36 36 265 265 265 265 265 36 265 36 265 265
14 14 13 13 14 13 405 13 14 94 14 94 13 14 94
18 36 48 36 18 48 48 48 36 36 18 36 18 499 36 18 48 48 48
499 499 499 499 499 499 499 499 499 499 499 499 499 499
0 0 0 0 0 0 0 0 0 0 0 0
23 23 23 10 10 23 10 23 23 10 223 23 10
165 165 165 101 165 101 101 499 101 165 101 165 165 165 499 101 165 165
3 3 3 3 3 3 3 3 3 3 3 3 3 3 3 3 3 3
153 153 499 499 114 153 114 499 499 499 499 499 499 114 499 499 499 499 499 114 499 114 114 499 499 114
499 479 479 499 499 499 499 499 499 480 499 499 499 499 499 479 499 479 499 499 499 499 480 499 499 499 480 499 499 499 499 480 499 499 499 499 480 499 499 499 499 479 499 480 499 499 499 499 499 499 499 479 480 479 499 499 499 499 499 499 499
499 499 499 499 499 499 499 499 499 499 499 499 499 499
5 5 5 5 5 5 5 5 5 5 5 5 5 5 5 5 5 5 5 5
5 5 5 5 5 5 5 5 5 5 5 5 5 5 5 5 5 5 5 5
115 115 80 80 152 80 80 115 152 80 80 152 115
224 499 224 361 361 224 499 361 224 499 224 499
85 481 499 481 499 499 481 499 481 481 85 481 85 499 481 499 499 499 499
166 73 166 73 73 73 73 166 322 73 73 166 73 322 73
7 100 6 6 7 6 7 7 6 7 6 7
115 115 80 80 152 80 80 115 152 80 80 152 115
6 7 7 6 6 6 7 6 7 100 7 7
499 499 499 499 499 499 499 499 499 499 499 499
20 499 499 499 499 499 499 499 499 499 499 20 20 499 20 499
9 499 482 9 9 482 499 482 482 499 482 482 482 9
7 7 7 6 100 7 7 6 7 6 6 6
0 0 0 0 0 0 0 0 0 0 0 0
117 130 499 117 130 187 140 117 130 483 483 187 130 130 117 130 117 483 187 130 140 117 140 187 187 117 187 117 499 499 130 499 130 130
499 323 323 499 499 499 323 499 499 499 323 323 499 499 499 499 499 499 499 499
95 95 122 499 122 95 122 122 95 122 122 499 95 95 95 122 154 154 154 154 95 95 122 95 154 154 499 95 499 154 122
182 182 182 182 499 182 182 499 182 499 182 182 499 182 182 499 499 499 182 499 182 182 182 182 182 182 182
499 499 499 499 499 499 499 499 499 499 499 499 499 499 499 499 499 499 499 499 499 499 499 499 499 499 499 499 499 499
499 499 499 499 499 499 484 499 499 484 499 499 499 499 499 484 499 499 484 499 499 484 499 499 499 499 499 499 484 499 484 499 499 499 499 499
406 28 406 28 28 28 406 499 406 406 28 406 406 28 406 499
118 407 118 167 407 407 407 499 167 118 118 118 499 118 167 167 167 118
485 485 499 499 499 499 499 485 499 499 499 499 499 499 499 499 485 499 485 499 485 499 499 485 499 499 499
163 163 499 499 499 499 499 499 499 163 499 499 163
97 97 266 266 499 97 266 97 266 499 266 97 97 266 266 266 266 97 97 266 266 266
499 499 408 499 408 499 324 499 499 499 499 499 324 499 499 499 408 499 499 499 499 499 499 499 499 324 499 408 499 499 499 324 499 324 499 499
67 67 67 14 14 67 14 67 67 14 14 499 67 67 14
16 16 16 16 16 16 16 16 16 16 16 16 16 16 16 16 16
30 35 35 30 30 35 30 35 30 499 30 30 35 30 35 30 30
48 48 48 48 19 19 48 48 48 48 48 48 48 19 499 19 48 48 48
319 17 34 34 34 34 34 17 34 34 34 17 17
267 207 267 207 207 267 267 207 207 267 267 207 207 207
499 27 499 27 499 27 27 27 27 499 499 27 27 499 499
5 5 5 5 5 5 5 5 5 5 5 5 5 5 5 5 5 5 5 5
28 28 28 47 28 47 47 47 47 47 47 28 47 499 28 47
19 499 499 499 499 499 19 499 499 499 19 19 19 499 19 19 499 19 499
115 115 80 80 152 80 80 115 152 80 80 152 115
499 486 486 499 499 486 499 155 499 486 499 499 486 486 499 499 499 499 486 499 499 499 499 155 155 499 499
3 3 3 3 3 3 3 3 3 3 3 3 3 3 3 3 3 3
258 487 487 499 258 499 499 258 258 258 499 499 499 499 258 499 499 499 499 499 499 499 499 487 499 499 487 499 499 499 258 499 499 487 499 499 499 499 499 258 499 499 258 487 258 499 499 499 487 499 499 499 499 258 499 499 499 499 258 499 499 499 499 258 499
11 9 9 242 11 9 9 11 9 9 11 11 9 9
10 23 23 23 10 23 10 23 10 23 10 223 23
12 8 12 8 12 8 12 8 12 137 12 12
29 40 40 29 40 40 499 40 29 40 40 40 40 40 29 40 40 40 40 29 29
362 488 362 499 499 499 499 362 499 362 362 499 499 488 499 499 499 499 499 362 499 488 499 362 362 488 362 488 488 499 499 488
499 130 499 130 499 499 499 499 499 499 499 499 499 499 499 499 499 499 499 499 130 499 499 499 499 499 499 499 499 130 499 130 499 499
0 0 0 0 0 0 0 0 0 0 0 0
79 409 499 499 499 79 79 79 79 79 409 79 499 409 409 499
499 24 499 499 499 24 24 499 499 499 499 499 499 24 499 499 24 499
268 499 268 168 40 499 168 168 268 268 40 40 268 268 40 168 499 40 168 40 40
410 499 499 410 499 410 410 410 410 410 410 499
499 499 499 499 156 499 499 499 156 499 499 499 499 499 499 499 499 499 156 499
25 25 25 25 25 25 499 25 25 25 25 25 25 25 25
499 499 499 499 399 399 499 499 499 400 400 499 399 499 499 499 400 499 399 499 499 499 499 400 499 499 499 499
4 4 4 4 4 4 4 4 4 4 4 4 4 4 4
499 52 499 499 52 499 499 499 52 499 499 52 52 499 52 52 499 499
269 269 269 363 499 269 269 499 499 363 363 269 499 499 499 499 499
499 83 186 186 83 83 83 83 83 206 83 206 83 206 83 83 83 206 186 83 83 83 83
12 137 8 12 12 8 12 8 12 12 8 12
499 499 499 499 499 499 499 499 499 499 499 499
499 499 499 499 499 499 499 499 499 499 499 499
0 0 0 0 0 0 0 0 0 0 0 0
225 226 226 226 225 225 225 225 226 499 499 226
499 157 499 499 157 499 499 499 499 499 157 499 499 499 499 499 499 499 499 499 483 499 499 157 499 499 157 157 499 499 157 499 499 499 499
499 364 364 364 499 499 364 364 499 364 364 364 364 499
411 411 411 499 499 499 157 303 303 499 499 411 411 303 303 303 157 157 303 303 411 303 157 303 499 411 303 499 157 157 157 499 303 411 499
499 499 499 10 499 10 10 499 499 10 10 499 499
499 499 69 69 499 499 499 499 499 499 499 69 499 499
141 131 141 141 499 141 131 131 499 412 131 141 141 499 412 131 499 412 412
499 499 413 413 499 413 499 413 208 158 158 208 499 158 499 413 413 499 208 208 158 413 158 499 499 158 158 413 499
414 142 270 270 414 325 169 142 142 499 499 325 169 414 142 325 270 169 169 142 414 169 142 270 270 270 169 325 169 270 325 414 414 169 414 499 414 270
4 4 4 4 4 4 4 4 4 4 4 4 4 4 4
20 15 28 28 20 28 28 20 28 28 365 15 15 15 20 15
0 0 0 0 0 0 0 0 0 0 0 0
499 397 499 499 499 499 499 397 499 499 499 397 499 499 499 499 499 499 499 397 499 499 499
100 6 7 6 6 7 7 7 6 7 6 7
4 4 4 4 4 4 4 4 4 4 4 4 4 4 4
499 415 243 415 499 243 227 227 326 227 416 415 227 416 243 415 243 227 243 499 326 415 499 227 227 243 227 499 415 499 499 243 499 243 499 227 416 227 499 243 499 326 499 243 326 243 416 499 326 415 416 227 227 326 416 326 243 227 416 227 227 243 416 415 326 243 326 326 499
31 31 31 31 31 31 31 489 31 31 31 31 31
87 499 88 499 87 499 88 499 499 499 499 74 499 74 499 87 88 74 87 499 499 499 88 499 87 499 499 499 87 74 74
9 75 499 75 75 75 9 75 9 9 75 75 75 75
259 499 499 499 499 499 499 499 499 259 259 499 499 499 499 499 499 499 259 499 499 499 499 499 259 499 259 499 499 259 499 499 499 259 499 499 499 499 259 499 259 499 499 259 499 499 499 499 499 499 499 499 499 499 499 499 499 499 499 499 499 259 499 259
6 6 7 7 100 6 7 6 6 7 7 7
3 3 3 3 3 3 3 3 3 3 3 3 3 3 3 3 3 3
95 95 122 499 122 95 122 122 95 122 122 499 95 95 95 122 154 154 154 154 95 95 122 95 154 154 499 95 499 154 122
304 304 499 30 304 304 304 30 304 30 304 304 30 30 304 304 304
499 209 499 210 499 209 209 209 210 210 210 210 210 210 210
499 499 499 499 499 499 490 499 499 490 499 499 499 499 499 499 490 499 499 490 499 499 490 499 499 499 499 499 499 499 490 499 490 499 499 499 499 499
499 499 132 499 159 159 159 132 499 499 132 159 159 499 499 159 499 499 499 132 499 132 499 499 159 499 499 499
37 37 37 37 37 37 37 37 37 37 37 37 37 37 37 37 499
12 12 12 8 8 12 8 137 12 12 12 8
37 37 499 499 499 30 30 499 30 499 37 30 499 37 499 499 30
499 499 499 499 499 499 499 499 499 499 499 499 499 499 499 499 499
22 22 22 26 26 22 26 26 26 264 26 22 26 22
499 499 499 499 499 499 417 499 417 417 417 499
271 499 499 499 271 499 499 271 499 271 271 499 499 271
23 10 23 10 23 223 10 10 23 23 23 23 10
4 4 4 4 4 4 4 4 4 4 4 4 4 4 4
202 202 202 202 202 89 202 202 202 202 202 202 89 89 202 202 89 202 202 499 89 202 202 89
170 170 170 499 499 170 170 499 499 170 170 170 499 170 170
305 366 366 418 366 418 305 305 418 499 366 305 272 418 366 499 305 418 366 366 418 305 305 366 305 305 418 499 418 499 366 305 272 305 272 272
36 68 68 36 19 36 68 36 68 68 68 36 68 19 36 19 19 68 499
166 73 166 73 73 73 73 166 322 73 73 166 73 322 73
16 16 16 16 16 16 16 16 16 16 16 16 16 16 16 16 16
5 5 5 5 5 5 5 5 5 5 5 5 5 5 5 5 5 5 5 5
419 49 49 419 49 419 419 419 419 419 419 499
327 68 327 68 68 327 327 327 68 327 327 499 68 327 68 68 327 68 327
0 0 0 0 0 0 0 0 0 0 0 0
420 273 273 499 48 273 273 48 420 48 273 273 499 48 420 48 48 48 420
0 0 0 0 0 0 0 0 0 0 0 0
328 499 499 499 328 499 499 499 328 499 499 499 499 499 499 499 499 328 328 499 328 499 499 499 328 499 499 328 499 499 499 328 499 328 499
499 499 499 499 499 499 499 499 499 499 499 499 499
131 499 48 48 131 499 131 211 48 48 48 499 211 48 131 211 211 131 48
18 19 19 19 18 18 19 18 18 18 18 499 18 19 19 18 18 19 19
94 14 14 14 14 13 13 13 94 405 94 14 13 14 13
0 0 0 0 0 0 0 0 0 0 0 0
499 499 499 42 42 42 499 499 42 499 499 499 499 42 499 42 499 499
421 212 212 212 212 421 212 212 212 212 421 421
133 171 171 133 133 171 133 499 171 499 499 133
499 499 499 499 499 499 76 422 76 499 499 499 499 499 76 76 499 499 499 499 499 499 499 422 499 422 499 499 76 499 499 422 499
499 131 131 499 499 499 499 499 499 131 499 274 274 499 499 131 131 274 499
499 499 499 499 143 143 499 499 491 143 143 143 491 491 143 499 143 491 491 499 491 491 499 143
150 41 64 41 64 64 41 64 150 41 41 41
499 499 423 499 15 15 15 423 499 499 15 499 423 15 423 499
499 499 499 499 499 492 492 499 499 499 499 492 499 499 499 499 499 499 499 499 492 492 499 499 499 499 499 492 499 499 499 499 499 492
81 499 275 499 81 275 499 138 275 138 275 275 138 138 81 81 81 275 138 81 138 138 138
499 52 52 499 499 499 499 499 52 499 499 52 499 499 52 499 52 52
7 6 7 6 7 7 7 7 100 6 6 6
499 499 499 499 499 499 499 499 499 499 499 499 499 499 499 499 499 499 499 499 493 499 499 499 493 499 499 499 493 499 493 499 493 499 499 499 499 499 499 499 499 499 499 499 499 499 499 499 499 493 499 499 499 499 499 499 493 499
4 4 4 4 4 4 4 4 4 4 4 4 4 4 4
32 70 32 70 32 32 32 32 70 32 32 70 70 70 499 32 32 32 32 32 32 32
213 213 213 213 213 213 367 213 367 367 367 213 213 367 213 367 213 213 213 213 367 499 367 213 213 367
0 0 0 0 0 0 0 0 0 0 0 0
132 159 159 132 276 132 159 132 276 159 159 159 276 159 159 132 159 132 132 132 159 159 159 499 159 132 132 159
0 0 0 0 0 0 0 0 0 0 0 0
41 64 64 41 41 150 150 64 41 41 64 41
499 424 499 499 424 494 499 494 499 499 424 499 494 424 494 494 499 499 499 499 424 499 499 499 499 424 499 499 424 499 499 499 499 499 499 499 494 424 499 499 494 499 499 499
329 329 329 329 499 329 329 329 499 329 499 329 329
40 499 499 368 40 40 40 499 368 499 499 499 40 40 499 40 368 499 499 499 499
412 499 499 412 499 499 412 499 499 499 499 499 499 499 499 499 499 499 412
499 499 13 499 13 13 499 499 13 499 499 13 499 499 499
499 495 499 495 495 499 499 172 499 172 499 499 499 495 499 499 495 499 499 499 499 499 495 499 499 499 495 499 499 499 499 172 499 499 499 499 499 172 172 499 499 499 499
499 330 71 499 330 499 499 60 71 499 499 330 60 60 60 499 330 60 71 71 330 499 499 499 499 499
499 93 425 499 93 499 113 113 499 113 113 113 93 499 93 93 93 113 499 499 113 425 113 499 425 499 499 425 93 499
499 369 499 369 369 369 369 369 499 499 499 499 499 369 499 369 499 499 369
499 499 426 426 499 499 426 155 426 499 499 426 155 228 228 228 499 499 426 228 499 426 499 228 499 155 426
188 499 65 229 188 188 188 499 65 188 229 229 229 499 65 229 188 188 65 188 188 229
69 22 9 9 9 22 22 69 499 22 69 22 22 9
3 3 3 3 3 3 3 3 3 3 3 3 3 3 3 3 3 3
18 68 18 18 18 68 18 18 499 18 18 68 18 68 68 68 18 68 68
499 189 189 277 499 499 277 277 189 189 499 277 189 277 277 189 499 189 189 189 189 499 499 189 277 277 189 277 277 277 499 277
499 241 499 163 241 241 241 163 163 241 241 241 163
230 158 278 230 158 158 230 278 230 499 230 499 230 158 158 230 230 278 278 230 499 278 499 158 158 278 278 278 230
161 499 161 499 499 161 499 161 161 499 499 499 499 499
98 98 98 144 144 98 98 98 98 98 499 98 98 144 98 98 98 98 98 144 98 499 144 144
34 17 34 34 17 34 17 34 319 34 17 34 34
16 16 16 16 16 16 16 16 16 16 16 16 16 16 16 16 16
3 3 3 3 3 3 3 3 3 3 3 3 3 3 3 3 3 3
7 7 6 7 7 7 6 6 7 100 6 6
499 499 40 499 499 40 499 499 40 499 499 499 499 499 40 40 499 499 499 40 40
0 0 0 0 0 0 0 0 0 0 0 0
67 14 67 67 14 499 14 67 67 67 14 67 14 67 14
190 190 191 499 190 427 191 427 190 191 190 427 191 191 190 190 190 190 190 499 190 499 190 190 191 190 190 190 427 190 190
499 499 499 13 13 499 499 499 499 13 499 13 499 13 499
0 0 0 0 0 0 0 0 0 0 0 0
331 499 499 331 499 331 499 331 499 331 331 331 331 499 331 499 331
0 0 0 0 0 0 0 0 0 0 0 0
211 274 499 499 496 211 496 496 274 211 274 496 496 496 499 499 496 499 211
231 43 43 231 231 231 231 43 43 499 43 43 43 499 499 43 499 43 499 43
499 499 499 85 499 141 85 499 499 499 141 85 141 141 141 141 499 499 499
28 28 28 28 15 20 15 15 20 20 28 28 15 15 20 365
63 63 63 51 51 204 63 51 51 51 63 204 51 51 63
499 370 332 370 332 370 332 370 332 370 332 499 332 192 332 192 192 332 192 332 499 332 370 370 370 192 499 370 192
98 98 98 144 144 98 98 98 98 98 499 98 98 144 98 98 98 98 98 144 98 499 144 144
193 499 499 145 145 193 145 145 193 193 145 193 145 145 193 145
16 16 16 16 16 16 16 16 16 16 16 16 16 16 16 16 16
499 99 11 99 99 99 99 11 11 99 11 99 99 11
499 499 22 22 499 499 499 22 499 22 22 499 499 22
41 41 64 64 41 41 41 41 150 64 64 150
499 402 499 403 403 403 402 499 402 402 403 499
84 84 84 84 84 84 84 84 428 84 428 84
7 6 7 7 6 6 7 7 7 6 6 100
87 87 87 87 87 87 191 87 499 191 87 87 427 427 87 87 87 87 191 87 87 87 427 87 427 191 87 191 191 499 499
0 0 0 0 0 0 0 0 0 0 0 0
165 165 165 101 165 101 165 101 101 165 101 165 499 499 101 165 165 165
499 429 185 499 429 499 429 185 499 429 185 499 499 499 429 429 185 429 499 429 499 185 185 499
225 226 225 226 225 225 225 226 499 499 226 226
23 223 10 23 10 23 23 10 23 10 23 10 23
5 5 5 5 5 5 5 5 5 5 5 5 5 5 5 5 5 5 5 5
499 499 499 499 499 499 499 499 499 499 499 499 499 499 499 499 499 499 499
214 214 214 87 191 214 214 87 214 87 214 87 214 214 214 499 214 214 191 214 214 191 87 191 191 214 499 214 87 191 499
30 160 160 160 30 37 37 37 30 160 160 37 499 160 160 30 30
499 499 499 499 499 499 499 499 499 499 499 499 499 499 499 499 499 499 499 499 499 499 499 499
394 394 499 499 229 430 430 394 430 430 499 430 499 394 229 229 430 430 499 499 430 499
499 431 499 499 499 431 499 499 431 431 431 431 431 431 499
267 207 267 207 207 267 267 207 207 267 267 207 207 207
209 209 27 27 209 209 209 27 209 499 499 27 209 499 209
66 66 66 395 66 66 66 66 66 66 66 66 395 66
211 499 499 499 499 211 211 499 499 499 499 499 499 499 499 499 211 499 499
118 407 118 167 407 407 407 499 167 118 118 118 499 118 167 167 167 118
30 30 35 35 499 35 30 30 30 30 30 35 35 30 35 30 30
499 432 432 499 499 499 499 499 497 499 499 497 499 499 499 497 497 432 432 497 499 497 432 432 499 499 499 499 499 432 432 499 497 499
232 232 232 232 499 46 20 232 46 46 232 20 499 20 499 20
499 499 499 499 499 499 499 499 499 499 499 499 499 499 499
71 71 333 499 333 102 333 333 333 333 71 499 333 499 102 102 71 333 499 499 102 499 333 102 333 102
10 23 23 10 10 23 23 223 23 23 10 23 10
499 499 499 499 499 499 499 499 499 499 499 499 499 499 499 499 499 499 499 499 499 499 499 499 499 499
23 23 10 223 23 10 10 10 23 23 23 23 10
306 306 306 499 306 334 334 433 334 499 334 433 306 306 334 334 334 433 306 306 433 499 306 499 334 306 433 306 433 433 334 499 433 499 334
3 3 3 3 3 3 3 3 3 3 3 3 3 3 3 3 3 3
499 499 499 499 119 119 119 499 499 155 119 119 155 499 155 499 119 155 499 155 499 119 499 499 119 155 499
77 499 434 499 499 77 77 77 499 77 434 77 77 77 499 77 499 434 77 77 434 77 434 499 434 77 434 434 77 77
18 19 18 18 18 18 19 19 18 18 499 18 18 19 19 18 19 19 19
335 335 499 435 44 435 335 435 435 499 435 371 499 44 499 371 335 44 435 435 44 371 335 44 435
0 0 0 0 0 0 0 0 0 0 0 0
80 115 115 152 80 80 115 80 115 80 152 152 80
498 499 499 498 499 499 436 499 499 436 499 498 499 499 436 499 498 499 499 436 499 499 498 499 499 499 436 499 499 499 436 499 436 499 499 498 498 499 436 499
499 103 103 499 499 499 499 103 499 499 103 499 499 499 499 103 499
12 12 12 12 12 137 8 8 12 8 8 12
31 31 489 31 31 31 31 31 31 31 31 31 31
499 14 14 14 14 499 499 14 499 499 499 499 14 499 499
499 499 499 499 499 499 499 499 38 38 499 38 38 499 499 499 499 499
25 25 25 25 25 25 25 25 25 25 25 25 25 499 25
51 51 63 51 51 63 204 51 63 51 63 204 63 63 51
11 99 99 11 11 99 99 99 99 11 99 11 99 499
130 140 499 336 499 336 117 117 187 336 336 130 336 140 336 130 187 336 336 499 130 187 187 336 499 187 140 499 117 130 499 117 187 336
499 101 499 167 101 167 167 167 101 167 101 167 101 167 101 167 167 167
20 20 28 28 28 20 28 15 15 28 15 28 365 20 15 15
51 51 63 63 204 51 51 63 63 51 51 63 204 63 51
0 0 0 0 0 0 0 0 0 0 0 0
41 64 64 41 41 150 150 64 41 41 64 41
499 499 437 499 499 499 499 499 499 499 499 499 499 499 499 499 499 499 499 499 499 499 437 499 499 499 499 499 499 437 499 499 499 499 437 499 437 437 499 499 499 499 499 437 499 499 499 499 499 437 499 499 499 499 499 499
499 499 499 499 499 93 499 499 93 499 499 93 499 499 499 93 499 499 93 499 93 499 499 93 499 499 499 499 499 499
499 499 499 499 499 499 499 499 499 499 499 499 499 499 499 499 499 499 499 499 499 499
16 16 16 16 16 16 16 16 16 16 16 16 16 16 16 16 16
3 3 3 3 3 3 3 3 3 3 3 3 3 3 3 3 3 3
11 9 11 9 9 11 9 9 11 9 9 242 11 9
63 63 63 51 51 204 63 51 51 51 63 204 51 51 63
139 499 164 499 318 164 164 139 139 164 139 499 164 318 164 164 139 164 139 499 139 318 318 139 164 139 139 139 139 164 318
96 96 96 42 96 42 96 96 42 96 96 96 499 42 42 96 42 96
35 103 35 103 35 499 499 35 103 35 499 103 499 499 499 35 103
499 499 499 499 65 499 65 499 499 499 499 499 499 229 229 65 499 499 499 65 229 499
0 0 0 0 0 0 0 0 0 0 0 0
499 35 499 499 499 499 499 499 35 499 499 499 35 499 35 35 35
173 27 173 27 27 499 173 27 173 173 173 173 173 173 173
10 10 10 23 10 23 23 23 10 23 223 23 23
63 204 204 63 51 63 63 51 51 51 63 63 51 51 51
90 499 499 499 90 499 499 85 90 85 90 499 90 90 85 499 90 90 90
4 4 4 4 4 4 4 4 4 4 4 4 4 4 4
151 151 499 151 161 499 151 151 161 151 161 151 161 161
499 35 337 337 35 35 35 35 337 337 337 337 337 35 337 337 337
0 0 0 0 0 0 0 0 0 0 0 0
0 0 0 0 0 0 0 0 0 0 0 0
499 499 499 499 499 499 499 499 499 499 499 499 499 499 499
12 12 8 8 12 12 12 137 12 8 12 8
15 20 15 15 28 365 28 20 28 28 28 28 20 15 20 15
26 22 26 22 26 22 26 22 264 22 26 26 26 22
7 7 6 7 6 100 7 6 6 7 7 6
499 146 499 499 146 499 499 499 146 499 146 499 146 499 499 146 499 499 146 146 499 499
89 499 499 185 279 499 499 185 89 499 89 279 279 185 185 499 185 279 89 185 89 499 89 499
120 215 215 215 72 72 120 120 215 215 120 72 215 120 120 499 215 120 215 72
16 16 16 16 16 16 16 16 16 16 16 16 16 16 16 16 16
499 499 499 499 499 438 499 499 499 499 499 499 499 499 499 499 499 499 499 499 499 438 499 499 499 438 499 499 499 499 499 499 499 499 499 499 499 499 499 499 499 438 499 499 499 499
35 30 30 30 35 30 30 30 35 35 30 30 35 30 30 35 499
499 401 499 9 9 499 499 9 401 499 499 401 401 9
166 73 166 73 73 73 73 166 322 73 73 166 73 322 73
91 371 91 499 91 371 44 44 499 91 499 44 371 371 371 371 44 91 91 57 57 44 57 499 57
499 499 499 499 499 499 499 499 499 499 499 499 499 499 499
115 115 80 80 152 80 80 115 152 80 80 152 115
499 260 499 499 260 499 499 499 499 499 499 499 260 260 499 499 499 499 499 499 499 499 260 260 260 499 499 499 260 499 499 499 499 499 499 260 260 499 260 499 499 499 499 499 499 499 499 499 499 499 499 499 499 499 260 499 499 499 499 260
338 499 499 499 338 338 499 338 338 499 499 499 499
499 499 499 499 499 499 499 499 363 363 499 499 363 499 499 499 499
48 48 48 48 48 499 48 48 19 48 48 19 48 48 48 19 19 48 48
8 12 12 12 12 8 12 12 12 8 8 137
499 439 499 439 499 439 499 499 88 499 439 499 88 499 499 439 88 499 499 499 499 499 499 499 439 499 499 88 439 439 499
307 307 307 499 307 499 499 307 499 307 499 307 307 499 307 307 499 307 499 499
423 499 499 499 15 15 499 499 423 15 423 499 499 15 15 423
67 14 14 14 67 14 67 14 14 499 67 67 67 67 67
280 280 280 72 499 499 72 244 72 244 280 244 280 280 244 499 72 244 244 244
338 499 499 499 338 338 499 338 338 499 499 499 499
25 25 25 25 25 25 25 25 25 25 25 25 25 499 25
48 18 48 48 36 18 18 48 36 18 499 36 36 48 18 48 36 36 48
14 499 499 499 499 499 499 499 14 14 14 14 499 14 499
63 204 204 63 51 63 63 51 51 51 63 63 51 51 51
194 194 194 194 194 194 194 194 194 194 499 194 194 194 194 194 194 194 499 499 194
499 440 499 499 499 499 440 499 499 440 440 440 440 440 499 440 499
245 245 245 245 245 245 245 245 245 245 245 245 245 245
499 14 14 499 14 499 499 499 499 14 14 14 499 499 499
0 0 0 0 0 0 0 0 0 0 0 0
499 499 499 499 499 499 499 499 499 499 499 499 499 499 499 499 499 499
20 20 499 20 20 79 79 20 79 79 79 20 20 79 79 20
308 308 20 308 20 308 308 308 308 20 308 308 499 308 308 20
166 73 166 73 73 73 73 166 322 73 73 166 73 322 73
23 10 23 223 23 10 10 23 23 23 10 10 23
0 0 0 0 0 0 0 0 0 0 0 0
7 7 6 6 6 7 7 6 7 100 7 6
499 499 499 499 499 499 499 499 499 499 499 499 499 499 499 499 499 499 499 499 499 499 499 499 499 499 499 499 499 499 499 499 499 499 499 499 499 499 499 499 499
95 95 122 499 122 95 122 122 95 122 122 499 95 95 95 122 154 154 154 154 95 95 122 95 154 154 499 95 499 154 122
499 499 499 441 499 441 441 441 499 499 499 499 441 499 499 441 499 499 441 441
0 0 0 0 0 0 0 0 0 0 0 0
442 339 339 442 442 339 442 499 339 499 339 339 339 499 339 499 339 339
137 12 8 12 8 12 12 8 12 12 12 8
499 64 499 64 499 499 499 64 499 499 64 499
421 212 212 212 212 421 212 212 212 212 421 421
20 79 20 499 20 20 20 79 79 79 79 20 20 79 79 20
34 34 34 17 17 34 34 34 319 34 17 17 34
84 84 428 84 84 84 84 84 84 428 84 84
499 499 174 174 499 174 499 174 499 174 174 499 499 499 174 499 499 174 174 174
3 3 3 3 3 3 3 3 3 3 3 3 3 3 3 3 3 3
192 208 499 499 499 499 499 208 499 208 499 192 208 192 192 499 499 192 208 208 499 208 499 499 499 192 499 499 208
443 444 443 499 445 499 443 444 444 445 146 146 443 146 445 146 146 146 146 444 146 445
31 31 489 31 31 31 31 31 31 31 31 31 31
0 0 0 0 0 0 0 0 0 0 0 0
64 150 150 64 64 41 41 41 41 41 64 41
225 226 226 226 225 225 225 225 226 499 499 226
104 228 499 155 104 55 55 499 55 55 499 155 55 228 104 155 55 55 104 55 228 228 104 55 228 104 55
246 246 175 499 246 246 246 246 246 175 499 175 175 499
71 114 499 499 71 71 114 499 499 114 71 114 499 499 499 499 499 499 114 499 499 114 114 499 499 499
499 499 499 499 499 499 499 499 499 499 499 499 499 499 499 499 499 499 499 499 499 499 499 499 499 499 499 499 499 499 499 499 499 499 499 499 499 499 499 499 499 499 499 499 499 499 499 499 499 499 499 499 499 499 499
0 0 0 0 0 0 0 0 0 0 0 0
320 340 340 499 499 321 321 499 499 499 499 320 340 499 340 340 499 499 499 499 499 499 499 499 340 320 499 499 321 320 321 340 499 321 499 499 340 499 499 340 499 340 320 499
170 170 170 499 499 170 170 499 499 170 170 170 499 170 170
0 0 0 0 0 0 0 0 0 0 0 0
0 0 0 0 0 0 0 0 0 0 0 0
6 6 6 100 7 7 7 7 6 7 6 7
96 96 42 96 42 499 96 42 96 96 96 42 96 96 42 42 96 96
499 499 499 499 499 281 499 247 247 499 247 76 247 76 247 499 499 499 281 499 499 76 499 247 76 247 76 499 499 281 499 499 499
42 42 42 42 38 52 38 52 52 42 52 38 499 38 52 52 52 42
86 372 372 372 499 372 372 86 372 86 499 372 372 86 372 86 86 499
443 444 443 499 445 499 443 444 444 445 146 146 443 146 445 146 146 146 146 444 146 445
99 499 99 99 99 99 99 11 99 11 11 11 11 99
34 34 34 34 17 17 34 34 34 34 17 17 319
499 499 499 499 499 499 499 499 499 499 499 499 499 499 499 499 499 499 499 499 499 499 499
151 161 151 151 161 499 151 151 499 151 161 161 151 161
26 22 22 26 22 26 22 22 26 264 26 22 26 26
270 499 248 446 446 499 499 499 499 499 499 499 270 499 499 248 499 248 499 499 499 499 499 499 499 499 248 499 499 248 248 499 270 270 248 499 446 446
499 499 85 19 499 499 85 499 19 499 499 19 85 19 499 499 499 499 499
26 26 22 264 22 26 22 26 22 26 26 22 26 22
0 0 0 0 0 0 0 0 0 0 0 0
499 209 209 499 209 499 210 210 209 210 210 210 210 210 210
0 0 0 0 0 0 0 0 0 0 0 0
5 5 5 5 5 5 5 5 5 5 5 5 5 5 5 5 5 5 5 5
249 249 249 19 499 19 249 19 249 249 249 249 249 19 249 249 249 249 249
3 3 3 3 3 3 3 3 3 3 3 3 3 3 3 3 3 3
138 499 138 499 499 138 275 138 138 499 499 138 499 275 499 499 138 138 275 499 499 499 499
131 131 19 274 19 19 131 131 131 19 274 19 19 499 499 19 499 19 274
271 499 499 499 271 499 499 271 499 271 271 499 499 271
100 7 7 6 7 6 7 6 6 7 7 6
22 22 26 22 26 22 26 22 26 264 26 26 26 22
499 102 341 341 341 102 102 499 341 341 102 499 341 499 102 341 102 341 499 499 499 341 499 341 499 499
499 499 499 499 499 499 499 499 499 499 499 499 499 499 499 499 499 499 499 499 499 499 499 499 499 499 499 499 499 499 499 499 499 499 499 499 499 499 499 499 499 499 499 499 499 499 499 499 499 499 499 499 499 499 499 499 499 499 499 499 499 499 499 499 499 499 499 499 499 499 499 499 499 499 499 499 499 499 499 499 499 499 499 499
67 14 14 67 14 67 67 67 14 67 67 67 14 499 14
499 24 499 499 24 78 499 78 499 499 24 499 499 24 78 499 24 499
499 499 499 499 499 499 499 499 499 499 499 499 499 499 499 499 499 499 499 499 499 499 499 499 499 499 499 499 499 499 499 499 499 499 499 499
499 205 205 79 205 205 79 205 205 79 79 205 79 79 205 79
342 342 499 69 342 69 342 342 342 342 342 342 342 69
499 499 499 499 499 499 499 499 499 499 499 499 499 499 499 499 499 499 499
3 3 3 3 3 3 3 3 3 3 3 3 3 3 3 3 3 3
3 3 3 3 3 3 3 3 3 3 3 3 3 3 3 3 3 3
72 174 43 174 43 499 174 72 43 174 174 174 174 72 174 43 174 43 72 174
499 76 76 499 76 281 499 76 76 76 147 499 499 76 447 147 499 147 499 281 281 499 76 447 76 76 499 447 447 147 147 147 499
123 33 29 33 29 29 33 33 29 29 33 123 29 499 29 29 29 29 123 29 29
499 499 499 162 499 499 499 499 499 499 499 162 499 499 162 162 162 499 499 499 162 499 499 499 162 499 162 499 162 499 499 499 499 499 499 162 499 499 499 499 162 499 162 499 499 499 499 499 499 162 162 499 499 499 499 499 499 499 499 499 499 499 499 499 499 499 499 499 162 499 499 499
499 499 499 499 448 499 448 499 499 499 499 448 499 448 499 448 499 499 499 499 448 499 499 499 499 448 499 448 499
499 343 499 343 343 499 343 343 343 343 499 499 499 499 343 499 343 343 499
12 8 8 12 8 137 12 12 8 12 12 12
499 499 499 499 499 499 499 499 499 18 18 499 18 499 499 18 18 499 499
10 23 23 10 23 10 223 10 23 10 23 23 23
499 344 344 499 499 344 499 499 499 344 499 344 499 499 499 499
261 499 499 499 499 261 499 499 499 499 499 499 499 499 499 499 345 345 499 499 261 499 499 499 499 499 499 345 261 499 499 499 499 499 499 499 499 499 499 499 499 499 499 499 499 499 499 449 499 499 499 499 499 499 499 345 499 499 499 261 499 449 345 449 499 499 499 499 345 499 499 261 261 499 261 261 345 499 499 499 499 499 499 499 499 499 261 499 499 499 499 499 499 499 499 499 499 261 499 499 499 261 499 449 499 499 499 499 449 499 499 499 499 499 449 499 499 499 499 345 499 449 499 499 449 345 261 499 499 345 499 499 499 499 499 499
0 0 0 0 0 0 0 0 0 0 0 0
499 499 499 499 499 499 499 499 499 499 499 499 499 499 499 499 499 499 499 499 499 499
0 0 0 0 0 0 0 0 0 0 0 0
499 373 373 499 499 373 499 499 499 499 373 499 373 499 499 499 499 499 499 499 499 499 499 499 499 499 499 499 373 373 373 499 499 499 373 499
309 216 216 216 216 309 216 216 216 309 216 216 216 309 309 216 216 216 309 499 216 309 309 309 216 309 309 216
499 499 499 499 499 499 499 499 499 499 499 499 499 499 499
499 499 499 499 499 499 499 499 148 499 499 499 499 499 499 499 499 499 499 148 499 499 148 499 499 148 499 499
10 499 10 499 499 10 499 10 499 499 10 499 499
195 82 195 82 82 82 82 195 82 82 195 195 195 82 82 195 499 82 82 195 82 82 82 195
499 499 499 499 499 499 499 346 499 499 499 346 499 499 499 499 499 346 499 499 499 499 499 499 499 346 346 499 499 499 499 499 499 499 499 346 346 499 499 499 499 499 499 499 499 499 346 499 499 499 499 499 499 499 499 346 499 499 346 499 499 499 499 499 499 499
0 0 0 0 0 0 0 0 0 0 0 0
499 499 499 499 347 499 499 499 499 347 499 499 499 499 347 499 499 499 499 499 499 499 499 499 499 499 499 499 347 499 347 499 499 499 499 499 347 499 347 499 499 499 499 347 499 347 499 499 347 499 499 499 499 499 499
0 0 0 0 0 0 0 0 0 0 0 0
166 73 166 73 73 73 73 166 322 73 73 166 73 322 73
12 12 12 12 8 137 12 8 8 8 12 12
269 269 269 363 499 269 269 499 499 363 363 269 499 499 499 499 499
41 41 150 41 64 64 41 64 64 150 41 41
499 450 499 499 450 450 450 499 450 499 450 450 450 499
3 3 3 3 3 3 3 3 3 3 3 3 3 3 3 3 3 3
33 168 123 33 123 168 168 168 33 168 168 33 168 168 499 499 33 499 123 168 168
5 5 5 5 5 5 5 5 5 5 5 5 5 5 5 5 5 5 5 5
499 499 499 211 211 499 499 499 499 499 499 211 499 499 499 499 211 499 499
499 499 451 282 451 282 451 282 499 282 282 282 451
499 499 499 499 499 499 499 499 499 499 499 499 499 499 499
42 42 42 42 42 42 24 499 24 42 42 24 24 24 42 42 42 42
499 499 499 499 499 499 499 499 499 499 499 499 499 499 499 499 499
33 499 45 499 499 499 33 499 499 33 45 499 499 499 499 33 45 499 499 33 45
499 310 499 499 310 499 499 499 499 499 499 310 310 310 499 499 310 310 499 499 310 310 310 310
97 262 262 97 262 97 262 262 97 97 262 97 262 262 97 262 262 262 262 499 262 97
39 499 499 39 499 499 39 499 39 89 499 39 39 499 499 89 89 39 499 89 39 499 89 89
499 499 499 499 499 499 499 499 499 499 499 499 499 499 499 499
80 115 115 152 80 80 115 80 115 80 152 152 80
15 499 176 176 176 176 15 176 176 15 176 15 176 176 15 176
499 499 177 499 499 499 499 32 499 32 32 32 499 177 499 499 177 499 32 177 499 499
499 499 499 499 499 499 499 499 499 499 499 499
499 374 499 374 499 499 499 499 499 374 499 374 499 374 499 499 499 499 499 499 499 499 499 374 499 499 499 374 374 499 374 499 499 499 499 499 499
0 0 0 0 0 0 0 0 0 0 0 0
499 499 499 499 499 499 417 499 417 417 417 499
311 311 348 348 348 348 311 499 311 348 348 311 311 348 311 311 348 348 311 348 311 311
52 24 24 52 24 499 24 24 52 24 24 52 52 24 52 24 24 52
9 11 9 9 9 9 11 242 9 11 9 11 11 9
133 499 171 133 499 499 171 133 171 133 171 133
0 0 0 0 0 0 0 0 0 0 0 0
349 349 349 499 499 350 349 83 83 349 83 350 350 83 349 349 349 349 350 83 499 349 350
499 217 217 217 217 217 32 217 217 217 217 217 217 217 32 217 217 32 32 32 217 217
280 120 280 499 120 283 283 499 280 120 280 283 283 280 120 280 120 120 120 499
5 5 5 5 5 5 5 5 5 5 5 5 5 5 5 5 5 5 5 5
0 0 0 0 0 0 0 0 0 0 0 0
11 11 11 11 11 499 11 11 69 11 11 69 69 11
17 56 17 10 56 10 17 263 10 10 17 10 56
14 13 94 14 14 94 14 94 13 13 14 405 14 13 13
196 284 196 284 196 196 375 284 284 375 196 375 196
499 65 32 222 177 32 65 32 499 222 65 32 229 229 222 177 177 177 499 32 229 65
10 17 17 17 263 56 10 56 10 56 10 10 17
104 55 499 104 104 499 55 104 104 499 104 499 104 104 499 55 104 499 499 499 104 499 55 104 104 499 55
14 27 27 27 14 14 14 14 27 27 27 499 27 14 27
7 100 6 7 6 7 7 6 6 7 7 6
11 11 499 11 11 69 69 11 11 11 11 69 11 11
20 20 15 46 20 15 46 46 46 15 46 15 15 46 20 499
2 2 2 2 2 2 2 2 2 2 2 2 2 2 2 2 2 2 2 2 2 2 2 2 2 2 2
169 446 499 499 499 499 169 169 499 142 499 142 142 499 142 499 499 169 142 142 499 446 499 169 169 499 142 142 499 142 499 142 446 169 446 169 142 142
36 85 36 85 36 85 85 85 85 499 36 85 85 85 85 36 85 85 36
134 351 499 134 134 351 134 351 134 499 134 351 499 134 134 134 134 134 134 499 351 134 351 134 134 499 499 351 134 134 134 134 134 499 499 134 499 499 499 499 351 134 134 499 134 499 499 134 351 351
0 0 0 0 0 0 0 0 0 0 0 0
4 4 4 4 4 4 4 4 4 4 4 4 4 4 4
45 45 45 33 45 123 45 45 45 45 33 45 33 499 123 33 123 45 45 33 45
499 197 499 197 197 499 499 499 499 197 135 499 197 197 499 197 499 197 499 499 135 499 135 135 135 135 499 135 197 499 135 499 197 197 499 135 197 135 499
17 10 56 263 10 56 10 10 17 56 17 10 17
8 8 8 8 49 8 49 8 8 8 49 452
32 32 233 32 32 177 32 32 177 32 499 32 233 177 32 32 177 499 233 233 499 233
105 276 276 105 105 276 132 105 105 148 132 105 276 132 148 132 105 105 105 105 276 132 148 276 105 148 105 499
141 141 499 141 19 499 141 19 141 141 499 141 141 141 19 141 19 141 141
1 1 1 1 1 1 1 1 1 1 1 1 1 1 1 1 1 1 1 1 1 1 1 1 1 1 1 1 1 1
4 4 4 4 4 4 4 4 4 4 4 4 4 4 4
285 14 285 376 14 14 376 14 499 285 14 499 285 376 14
285 285 14 14 499 285 499 14 285 14 376 14 376 14 376
82 178 178 82 279 499 279 178 82 178 82 178 178 499 279 178 499 178 279 82 178 178 82 82
12 137 12 12 8 12 12 8 8 12 12 8
46 232 232 499 409 46 46 46 46 232 46 409 409 499 499 409
7 6 7 6 100 7 7 6 7 6 6 7
41 64 64 41 41 150 41 41 64 41 64 150
6 6 7 6 7 6 6 7 100 7 7 7
250 250 250 499 250 453 453 250 453 499 250 250 453 499
21 21 21 21 21 21 21 21 21 21 21 21 21
26 26 69 26 26 499 69 69 26 26 26 69 69 69
145 193 193 193 145 499 193 145 145 145 193 499 145 145 145 193
499 499 499 17 499 499 499 17 499 17 499 17 499
499 499 499 499 9 9 499 499 499 9 499 499 499 9
1 1 1 1 1 1 1 1 1 1 1 1 1 1 1 1 1 1 1 1 1 1 1 1 1 1 1 1 1 1
10 10 10 10 499 10 10 10 10 10 499 10 499
74 74 88 74 198 198 88 74 74 74 198 74 499 74 74 74 74 74 74 74 198 74 74 88 198 74 74 88 74 198 74
196 284 196 284 196 196 375 284 284 375 196 375 196
75 75 75 75 75 9 75 9 75 75 499 75 9 9
22 26 22 26 22 26 26 264 26 22 26 22 26 22
46 15 15 46 20 20 20 499 15 15 46 15 20 46 46 46
75 75 9 75 75 9 9 9 75 75 75 75 75 499
6 7 7 6 7 6 6 7 7 100 6 7
6 6 49 49 499 6 49 6 49 49 6 49
38 78 38 38 24 24 24 24 24 78 24 24 78 24 24 499 38 24
2 2 2 2 2 2 2 2 2 2 2 2 2 2 2 2 2 2 2 2 2 2 2 2 2 2 2
10 10 23 10 23 10 10 23 23 23 23 223 23
454 454 499 454 499 454 286 286 286 499 454 454 454 454 286 286 286
29 33 33 123 33 123 29 29 29 33 29 33 123 29 499 29 29 29 29 29 29
499 251 499 499 499 251 499 499 251 499 499 251 251 499 251 83 499 83 83 251 499 83 83
69 11 11 69 11 11 11 11 11 11 69 499 11 11
499 29 499 29 404 123 499 29 123 499 499 499 499 29 499 404 29 499 29 123 499
1 1 1 1 1 1 1 1 1 1 1 1 1 1 1 1 1 1 1 1 1 1 1 1 1 1 1 1 1 1
499 499 499 499 499 499 499 499 78 78 499 499 499 499 78 499 499 499
102 71 102 102 102 102 102 60 71 102 102 71 60 60 60 102 71 102 60 102 71 102 71 71 71 499
106 126 126 106 126 126 126 126 126 126 499 126 126 126 126 126 126 126 126 106 126 126 126 126 126 126 126 106 126 126 126 106
4 4 4 4 4 4 4 4 4 4 4 4 4 4 4
61 143 143 61 89 143 143 143 61 39 143 39 39 89 143 61 89 61 89 143 499 39 89 89
252 252 252 252 195 195 195 252 195 195 252 499 252 252 252 195 195 195 252 252 252 252 195 252
31 31 31 31 31 31 31 31 31 31 31 489 31
49 8 8 8 8 49 8 8 8 452 8 49
34 34 34 17 34 34 319 34 34 34 17 17 17
78 78 78 499 78 78 499 499 78 78 78 78 499 499 78 499 78 78
179 179 499 377 179 499 377 377 377 499 179 377 377 377 179 499 179 179 499 377 179 499 179 179 179 179 377 179 179 499 179 499 179 179 179 179 179
17 34 34 34 34 319 34 34 17 34 34 17 17
9 11 11 9 9 9 242 9 9 9 9 11 11 11
72 120 72 120 72 120 120 72 72 499 120 72 72 120 72 72 72 72 72 120
13 27 13 398 13 13 27 13 13 27 27 13 13 13 13
30 499 160 37 30 37 160 30 30 160 160 37 37 160 160 160 30
37 37 37 37 37 37 37 37 37 37 37 37 37 37 37 499 37
35 30 35 30 35 30 499 30 30 30 35 30 35 30 30 35 30
499 198 88 499 88 198 499 499 499 88 74 88 88 88 499 88 74 88 88 198 499 198 88 198 74 198 88 88 74 74 499
30 30 30 30 35 30 35 30 35 499 35 30 30 35 35 30 30
28 20 365 15 20 15 28 20 28 28 15 20 28 15 28 15
223 23 10 10 23 23 10 23 23 10 10 23 23
168 168 499 499 499 168 499 499 499 499 499 499 499 499 499 168 168 499 499 499 499
121 121 499 121 121 121 121 121 121 121 121 121 121 121 121 499 121 121 499 121 499 121 121 121 121 499 499 121 121 121 499 121 499 121 121 121
455 287 499 455 499 455 499 287 455 287 287 287 499 499 499 287 499
1 1 1 1 1 1 1 1 1 1 1 1 1 1 1 1 1 1 1 1 1 1 1 1 1 1 1 1 1 1
173 173 27 173 173 27 499 173 27 173 173 27 173 173 173
72 156 43 72 499 156 72 43 72 72 43 156 72 156 156 43 156 43 72 72
0 0 0 0 0 0 0 0 0 0 0 0
10 56 56 10 56 17 10 17 17 263 10 10 17
499 352 499 199 352 499 352 499 352 352 199 499 352 499 499 499 499 199 499 499 499 352 499 352 499 199 499 199 499 352 499 199 352 499 499
499 499 499 499 499 499 499 499 499 499 499 499 499 499 499
14 13 94 13 14 94 14 13 13 13 14 14 94 14 405
35 35 35 35 35 35 35 499 35 35 37 35 37 37 35 37 35
136 499 136 499 136 136 136 136 136 136 499 136 136 136 136 499 136 499 499 499 136 136 136 136 136 136 136 499 499 499 136 499 136 136 136 499 499 136 499 499
499 15 79 79 79 46 15 79 46 79 15 79 15 46 79 15
0 0 0 0 0 0 0 0 0 0 0 0
38 38 499 499 499 499 38 499 499 499 499 499 499 38 499 499 499 499
7 7 6 6 7 7 6 6 100 7 7 6
232 232 20 499 499 499 499 20 499 20 499 499 232 20 499 499
18 18 19 19 19 18 18 19 499 18 18 18 19 18 19 18 19 18 19
31 31 31 31 31 31 31 31 31 31 31 31 489
127 127 127 127 127 88 127 127 127 127 127 127 127 127 127 127 88 88 127 499 127 127 127 127 127 127 127 127 127 127 88
263 17 17 10 56 10 17 17 10 10 56 56 10
23 23 10 23 223 10 23 23 23 10 10 10 23
499 312 215 312 312 312 215 215 215 312 312 215 215 312 312 215 312 312 215 312
6 7 100 7 7 7 7 6 7 6 6 6
17 17 17 17 17 17 17 499 17 17 17 17 17
17 17 17 17 17 499 17 17 17 17 17 17 17
100 7 7 7 7 7 6 6 6 7 6 6
38 42 52 52 38 52 52 52 42 42 42 38 38 52 42 42 52 499
22 22 9 69 9 69 499 69 9 22 22 22 22 9
57 91 57 57 288 44 288 288 288 44 288 91 288 91 44 499 91 288 44 288 44 91 57 91 288
7 499 7 499 7 7 499 499 499 7 499 7
499 39 39 124 61 39 124 124 61 124 124 39 124 39 61 39 39 61 39 39 61 39 39 39
456 499 499 499 499 499 499 499 499 456 499 499 499 499 499 456 499 499 456 499 499
47 47 47 47 499 47 28 28 47 28 47 28 47 28 47 28
1 1 1 1 1 1 1 1 1 1 1 1 1 1 1 1 1 1 1 1 1 1 1 1 1 1 1 1 1 1
24 38 24 24 24 38 24 24 24 24 78 38 24 499 78 24 38 78
499 457 499 27 499 457 27 499 27 499 27 499 457 499 457
56 56 56 31 31 56 31 499 31 56 31 31 56
2 2 2 2 2 2 2 2 2 2 2 2 2 2 2 2 2 2 2 2 2 2 2 2 2 2 2
499 178 178 39 499 39 178 178 499 39 39 178 178 499 39 39 178 499 178 39 499 178 39 178
8 8 8 8 8 8 452 49 49 8 49 8
458 499 499 8 8 499 8 499 458 8 499 499
499 499 499 499 276 499 499 499 499 499 499 499 499 499 499 499 499 499 499 276 499 276 499 499 499 499 499 499
49 49 8 8 8 452 8 8 8 8 8 49
7 6 7 7 7 6 6 100 7 6 6 7
289 289 289 289 234 234 234 378 234 234 378 378
163 163 163 499 163 499 499 499 499 163 163 163 163
1 1 1 1 1 1 1 1 1 1 1 1 1 1 1 1 1 1 1 1 1 1 1 1 1 1 1 1 1 1
43 43 43 43 107 156 107 43 156 107 43 43 107 156 43 107 107 43 43 499
17 17 17 17 17 17 17 499 17 17 17 17 17
499 171 499 133 171 499 171 171 133 133 133 133
8 12 8 8 137 12 12 12 8 12 12 12
21 21 21 21 21 21 21 21 21 21 21 21 21
353 353 353 499 438 499 459 499 499 499 499 459 499 353 353 438 353 499 499 459 353 499 499 459 459 438 353 459 499 353 499 499 459 499 499 499 459 499 499 499 438 499 353 499 499 499
35 37 37 37 35 499 35 35 35 35 35 35 35 35 37 35 35
2 2 2 2 2 2 2 2 2 2 2 2 2 2 2 2 2 2 2 2 2 2 2 2 2 2 2
458 6 8 8 458 6 499 8 6 8 6 6
499 499 37 37 103 37 103 103 499 103 103 103 37 103 103 103 103
499 45 40 40 499 499 45 40 499 40 499 499 40 499 499 499 45 40 45 499 40
50 50 50 499 50 499 499 499 50 50 50 50 50 50 50 50 499 499 499 50 50 50 499 50 50 50 50 50 499 499 50 50 50 499 50 50 499 50 50 50 50
499 24 38 24 24 38 38 38 38 24 38 38 38 38 38 38 24 38
77 93 93 77 93 113 113 113 77 113 113 77 77 113 77 93 77 77 93 113 77 113 113 113 113 499 93 113 77 93
7 6 7 6 6 7 100 6 6 7 7 7
499 235 499 499 499 499 499 499 499 499 499 499 499 499 499 235 235 499 499 499 235 499 499 499 499 499 499 499 499 499 499 235 499 499 235 499 499 499 499
499 499 499 499 44 44 499 499 499 499 499 44 499 499 44 499 499 44 499 499 499 499 499 499 499
499 9 9 175 9 499 236 499 236 175 175 236 175 9
149 149 149 149 499 180 149 149 499 180 149 180 149 180 180 149 149 149 149
62 53 53 53 499 53 53 62 53 53 62 53 53 53 62 62 53 62 62 53 62 62 62 62 62 53 499 62 62 53 53 53 62 53 62 53 62 53 62 62 53 53 53 62 62 53 62 53 62 53 62 53 53 62 53
175 236 499 175 499 9 175 9 499 9 175 9 236 236
2 2 2 2 2 2 2 2 2 2 2 2 2 2 2 2 2 2 2 2 2 2 2 2 2 2 2
22 22 290 290 290 499 22 290 290 499 290 22 22 22
499 18 18 19 19 19 19 18 18 18 18 19 18 18 18 19 18 19 19
460 460 460 460 499 291 499 460 291 460 460 291 460 499 499 499 291
10 17 10 10 17 56 10 56 17 263 10 17 56
242 9 9 11 9 9 11 9 11 11 9 11 9 9
14 14 67 499 67 67 67 67 14 67 14 14 67 67 14
354 354 499 499 354 354 354 499 354 499 354 354 499 354 354
84 84 84 84 84 428 84 84 428 84 84 84
319 34 17 34 34 34 17 17 17 34 34 34 34
499 160 160 499 291 499 291 160 499 499 499 160 291 160 160 291 160
2 2 2 2 2 2 2 2 2 2 2 2 2 2 2 2 2 2 2 2 2 2 2 2 2 2 2
499 76 76 76 499 499 76 422 422 499 499 76 76 499 499 422 499 499 499 499 499 499 499 499 76 499 76 76 422 499 499 499 76
499 461 499 461 499 461 461 499 499 461 499 499 461 499 461 499 499 461
175 246 246 246 499 499 175 246 499 246 175 175 246 246
76 76 499 76 499 499 499 76 76 76 499 499 76 499 499 76 499 499 76 499 76 76 499 499 76 499 499 499 76 499 499 76 76
14 14 499 499 14 14 499 14 499 499 14 499 499 499 499
499 172 462 499 499 499 292 462 172 292 462 462 499 499 292 499 172 292 292 172 292 499 462 293 499 292 293 292 292 292 292 462 462 499 293 499 292 499 172 499 293 462 499
8 8 12 12 12 12 8 8 12 12 12 137
140 253 253 253 499 499 140 140 140 117 117 140 140 140 253 499 117 140 253 253 499 117 499 253 140 253 140 499 499 140 140 140 140 140
483 499 117 499 140 130 483 499 499 483 187 187 130 117 499 187 499 499 499 130 140 117 117 117 117 117 499 130 187 187 117 140 130 187
2 2 2 2 2 2 2 2 2 2 2 2 2 2 2 2 2 2 2 2 2 2 2 2 2 2 2
14 94 13 13 94 14 13 13 94 14 13 405 14 14 14
355 324 499 499 499 272 499 499 499 499 499 499 272 355 499 272 499 499 499 324 355 355 355 272 499 499 324 499 499 499 499 499 324 324 499 499
499 499 29 499 29 499 29 29 499 499 499 499 499 499 499 29 499 499 29 499 499
289 289 378 289 289 234 234 378 234 234 378 234
81 251 81 251 251 379 379 379 251 81 499 379 379 379 379 251 81 251 81 81 379 251 379
18 36 36 499 36 274 274 499 18 499 499 499 36 274 18 18 36 18 36
21 21 21 21 21 21 21 21 21 21 21 21 21
46 499 47 47 47 47 46 47 47 46 46 47 47 46 47 46
380 380 253 157 199 380 157 253 380 199 380 199 253 157 253 199 199 199 199 199 199 157 199 253 380 380 253 380 199 157 380 199 157 157 499
499 11 11 99 99 11 99 11 11 99 99 99 99 99
15 15 15 15 15 15 15 15 15 15 499 15 15 15 15 15
499 19 19 19 36 19 19 19 19 36 36 19 19 19 19 36 19 36 36
31 31 31 31 31 31 31 31 489 31 31 31 31
26 22 22 26 22 22 264 22 26 26 26 26 22 26
49 452 8 8 49 8 8 49 8 8 8 8
70 70 70 222 70 70 222 70 499 70 70 70 70 222 70 70 70 70 70 70 70 70
420 499 19 85 85 273 85 273 420 499 420 19 273 420 273 19 19 273 273
285 285 14 14 14 376 14 499 14 14 499 285 376 285 376
43 499 43 156 43 107 107 43 43 107 43 107 107 43 43 107 156 43 43 156
28 47 47 28 47 28 47 499 47 47 47 28 47 28 47 28
224 361 499 224 361 361 224 499 499 224 224 499
14 27 14 27 14 14 27 499 27 27 27 27 14 14 27
218 499 71 218 71 218 60 60 60 218 218 218 218 218 218 71 218 218 218 218 60 218 60 71 218 218
499 171 133 499 171 133 171 133 133 133 499 171
499 499 56 237 237 237 237 499 499 499 56 56 237
499 381 293 172 499 381 499 172 172 499 172 172 293 172 381 172 293 499 172 381 499 499 499 499 499 499 381 499 381 499 172 499 381 499 172 381 499 293 499 499 499 381 499
499 11 11 11 69 11 11 11 69 69 11 11 11 11
46 46 15 15 20 20 15 46 20 499 15 46 46 20 46 15
192 294 499 294 499 192 278 158 294 278 192 158 158 192 294 294 294 158 499 294 158 294 158 278 192 278 192 499 158
499 499 499 499 499 499 499 499 499 499 499 499 499 499 499 499
1 1 1 1 1 1 1 1 1 1 1 1 1 1 1 1 1 1 1 1 1 1 1 1 1 1 1 1 1 1
21 21 21 21 21 21 21 21 21 21 21 21 21
116 499 499 38 116 78 116 116 38 38 116 78 499 116 78 38 116 116
13 13 13 13 398 13 13 27 27 13 27 13 13 27 13
108 108 108 108 325 108 108 108 108 108 108 108 499 108 108 108 108 108 325 108 499 108 108 108 108 108 499 108 108 108 499 108 108 108 325 325 325 108
4 4 4 4 4 4 4 4 4 4 4 4 4 4 4
12 12 12 8 12 12 12 8 8 137 12 8
56 10 10 10 17 17 263 10 17 10 56 56 17
71 60 60 60 60 153 60 153 60 71 60 153 60 60 60 153 71 60 60 60 60 153 153 499 60 71
15 20 15 46 20 20 46 46 15 20 499 15 46 46 15 46
109 109 295 109 109 109 109 109 109 109 109 295 109 109 109 109 499 109 109 109 109 109 295 109 109 109 109 109 109 295 295 109 295 109 109 109
66 66 395 66 66 66 66 395 66 66 66 66 66 66
60 114 71 71 60 114 60 114 71 60 60 71 71 71 60 114 114 71 60 71 60 114 60 60 499 114
125 125 125 13 13 125 125 13 125 13 125 125 499 125 13
186 186 206 499 186 81 186 81 186 81 206 81 81 206 206 81 186 81 81 81 81 81 81
10 56 10 56 10 10 499 499 499 56 499 499 10
499 499 48 499 499 499 48 499 499 48 499 499 48 499 48 48 48 499 499
8 8 137 8 8 12 12 12 12 12 12 12
499 219 219 219 463 219 463 219 219 499 219 219 499 463 463
12 137 12 8 8 8 12 12 12 12 12 8
60 499 71 499 499 153 60 499 499 60 499 71 499 499 60 499 60 71 499 153 153 71 153 153 153 499
38 78 86 499 86 86 78 38 499 499 86 499 78 38 86 499 38 86
287 455 287 499 455 499 455 287 455 287 287 499 499 499 499 287 499
10 10 23 10 23 10 23 23 23 10 223 23 23
128 128 128 128 128 128 128 128 128 128 128 128 128 128 128 128 128 128 128 128 128 382 382 128 382 128 499 128 128 128
499 13 25 13 499 13 25 25 25 499 13 13 25 25 25
27 27 13 13 13 13 398 13 13 27 13 13 13 13 27
25 25 25 25 25 25 25 25 499 25 25 25 25 25 25
91 44 57 44 91 57 499 44 57 57 91 57 57 91 91 57 44 44 44 44 44 44 91 44 57
10 10 17 56 17 17 263 56 56 10 10 17 10
82 89 89 82 82 82 89 89 89 89 39 82 89 89 499 89 39 82 39 89 89 89 82 39
144 499 144 464 356 464 499 356 144 499 356 356 144 499 499 464 144 499 464 356 499 499 144 499
44 44 44 44 288 254 57 57 44 254 44 254 57 288 57 254 254 44 44 44 288 44 499 254 254
22 22 290 499 22 290 22 290 290 22 22 290 290 499
499 499 499 156 499 231 231 323 231 499 499 156 231 323 323 323 323 231 156 499
40 40 40 40 40 40 40 40 40 40 29 29 40 29 40 29 499 29 40 40 29
499 296 30 296 296 296 30 30 30 30 30 296 30 296 30 30 30
242 11 9 9 9 9 11 11 9 11 9 9 9 11
21 21 21 21 21 21 21 21 21 21 21 21 21
125 125 125 125 13 13 13 13 125 125 499 125 13 125 125
499 70 32 32 70 177 32 177 70 70 177 177 70 177 177 70 499 32 32 177 177 499
110 110 110 110 110 110 110 110 110 499 110 110 499 110 499 110 110 110 110 110 499 499 110 499 110 110 110 499 110 499 499 499 110 110 110 499 499 110 110 110 110 499
27 13 13 13 27 13 13 13 13 13 13 398 27 13 27
1 1 1 1 1 1 1 1 1 1 1 1 1 1 1 1 1 1 1 1 1 1 1 1 1 1 1 1 1 1
499 499 499 499 499 499 499 499 499 499 499 499 499 499 499
111 111 111 111 111 111 238 111 111 111 111 111 499 238 238 111 111 111 111 111 499 238 238 238 499 238 499 111 111 111 499 499 111 111 238 111 238 499 111 111 238 238 238 238 238 111 111 111 111 111 238
11 242 9 11 9 9 11 11 9 9 9 9 9 11
8 8 12 8 12 12 12 12 137 12 8 12
86 116 86 116 499 86 86 86 442 442 116 442 499 442 86 116 499 499
383 383 499 357 499 297 465 383 465 499 465 383 499 297 297 383 357 465 499 297 297 499 357 499 357 465 297 499 465 499 499 297 383 499 499 297 499 297 499 499 499 383 357 499 383 357 297 357 297 383 465 499 499 465 297 357 499 357 357
20 15 20 15 20 20 499 499 15 15 20 15 20 20 20 499
6 6 49 49 6 49 49 6 49 49 6 499
41 64 64 41 41 150 41 41 64 41 64 150
499 11 499 11 499 499 499 499 499 499 11 11 499 11
78 78 116 499 499 24 24 116 24 24 24 116 499 116 499 499 499 78
12 137 12 12 12 12 8 12 12 8 8 8
46 20 20 20 20 20 46 46 499 20 20 20 20 20 20 20
148 384 384 499 384 384 499 148 148 148 148 384 499 384 384 384 148 499 499 384 148 148 148 499 148 148 499 148
14 14 14 27 27 14 27 27 27 27 27 27 14 14 499
236 236 175 499 236 175 9 9 9 499 499 175 175 9
39 39 39 39 499 499 499 39 124 39 39 499 39 124 124 39 499 499 499 39 39 39 499 499
35 35 499 296 35 296 35 30 296 30 499 30 30 499 35 30 35
33 29 29 33 33 33 45 33 45 33 45 29 45 29 33 33 29 33 33 499 29
250 250 499 250 453 453 250 250 453 499 250 250 453 499
200 200 200 200 118 200 200 118 118 118 200 200 499 118 118 118 499 200
14 405 94 94 14 13 13 13 13 14 14 94 14 13 14
499 499 131 313 313 313 131 313 313 313 499 131 313 313 131 313 313 131 313
56 10 56 56 10 263 10 17 17 10 17 17 10
27 94 27 27 27 94 94 27 27 94 499 94 94 27 27
176 176 15 15 176 176 176 176 15 15 499 176 176 15 176 176
499 9 26 26 9 26 26 499 26 26 26 499 9 9
40 40 499 40 499 40 40 499 499 499 499 499 499 40 40 499 499 499 499 499 499
28 20 20 15 28 20 15 28 15 28 15 15 365 20 28 28
54 54 54 54 54 54 54 54 54 54 54 54 499 54 499 499 54 54 54 499 54 54 499 54 499 54 54 499 54 54 499 499 499 54 499 499 54 54 499 54 54
499 116 24 24 86 116 24 86 499 24 24 86 86 86 499 116 116 86
58 248 169 58 58 58 58 58 58 58 169 58 58 58 58 58 58 248 58 58 169 58 58 58 248 58 58 58 248 248 58 169 58 248 58 58 499 248
1 1 1 1 1 1 1 1 1 1 1 1 1 1 1 1 1 1 1 1 1 1 1 1 1 1 1 1 1 1
92 92 92 92 201 201 92 201 92 385 92 92 92 92 92 201 201 385 385 201 92
90 90 90 90 90 90 90 90 90 90 90 499 90 90 90 90 90 90 90
91 335 57 499 499 499 499 91 91 499 499 499 335 499 499 91 57 91 335 335 57 91 57 499 335
236 11 236 236 11 11 11 499 236 11 236 499 499 236
6 458 6 8 6 458 6 8 8 499 6 8
10 23 223 10 23 23 10 10 23 23 10 23 23
102 102 102 499 153 499 499 358 358 153 358 358 466 499 102 499 499 153 466 358 466 102 499 499 102 466
11 69 11 11 11 11 69 499 11 11 11 11 11 69
36 36 68 68 499 36 36 19 68 36 68 68 68 68 36 68 19 19 19
499 254 499 254 254 44 499 57 44 499 254 254 44 44 499 57 254 499 499 57 499 44 254 499 57
105 105 105 105 132 148 132 105 105 105 148 105 105 105 105 105 148 105 499 132 105 132 105 105 105 132 148 105
298 499 11 298 298 298 298 499 11 11 11 298 11 499
499 219 219 219 463 219 463 219 219 499 219 219 499 463 463
47 47 499 47 28 28 28 47 47 28 28 47 47 28 47 47
13 94 14 14 14 13 13 14 14 13 405 94 14 94 13
145 193 193 193 145 193 193 145 145 499 193 499 145 145 145 145
2 2 2 2 2 2 2 2 2 2 2 2 2 2 2 2 2 2 2 2 2 2 2 2 2 2 2
7 7 100 7 6 7 7 7 6 6 6 6
49 6 6 49 49 6 49 6 49 49 6 499
42 42 24 24 24 42 42 42 24 42 42 42 42 42 24 42 499 42
200 200 200 200 200 200 118 118 118 118 200 200 118 499 118 118 499 200
64 41 150 41 150 41 41 41 64 64 64 41
2 2 2 2 2 2 2 2 2 2 2 2 2 2 2 2 2 2 2 2 2 2 2 2 2 2 2
499 467 107 467 499 499 107 43 107 499 499 43 43 467 43 107 107 107 43 467
12 137 12 12 12 8 8 8 12 8 12 12
34 34 34 17 34 34 34 34 319 17 34 17 17
4 4 4 4 4 4 4 4 4 4 4 4 4 4 4
20 20 20 20 20 46 46 499 20 20 20 20 20 46 20 20
299 220 220 299 220 359 359 299 359 499 220 220 499 220 220 299 299 220 299 359 359
2 2 2 2 2 2 2 2 2 2 2 2 2 2 2 2 2 2 2 2 2 2 2 2 2 2 2
244 107 244 244 499 283 499 244 107 283 107 499 244 107 283 107 244 244 107 283
255 295 499 499 295 295 272 499 355 355 295 499 255 355 499 272 499 499 355 295 272 499 255 355 499 499 499 499 255 255 499 255 499 255 272 295
64 41 150 41 150 41 41 41 64 64 64 41
4 4 4 4 4 4 4 4 4 4 4 4 4 4 4
47 47 47 28 28 28 499 28 47 47 47 47 47 47 28 28
38 38 499 38 38 38 38 38 38 24 38 38 24 24 24 38 24 38
29 499 45 499 45 499 499 29 499 45 29 499 29 499 29 499 499 499 45 499 29
452 8 49 8 8 49 8 8 8 8 8 49
8 8 8 8 49 8 8 8 452 49 49 8
499 228 499 499 499 499 119 499 119 499 499 228 499 499 499 499 499 499 119 499 499 499 119 228 499 228 228
499 499 499 499 499 499 499 499 499 499 499 499
6 7 7 7 7 6 6 6 7 100 6 7
59 147 59 59 59 59 147 59 59 59 59 59 59 59 59 59 59 147 59 59 59 59 59 59 147 59 59 147 59 147 499 59 59
1 1 1 1 1 1 1 1 1 1 1 1 1 1 1 1 1 1 1 1 1 1 1 1 1 1 1 1 1 1
24 24 499 24 52 24 52 24 24 24 52 52 24 52 52 24 24 52
12 12 12 8 137 12 8 8 12 8 12 12
18 18 18 18 19 18 19 19 19 18 19 19 499 18 19 18 18 19 18
91 44 44 44 91 57 91 44 91 57 44 57 57 57 44 44 57 57 44 91 44 499 44 57 91
15 15 15 15 15 15 15 15 15 15 15 15 499 15 15 15
184 184 184 45 184 184 45 184 45 45 45 184 499 123 123 184 184 45 45 123 45
135 235 135 468 135 197 235 197 135 468 235 197 135 135 235 135 499 135 468 468 135 135 235 197 235 197 235 135 468 135 235 468 135 135 197 135 235 468 468
29 499 29 404 45 45 45 45 404 45 29 45 499 404 404 29 499 45 29 45 29
181 181 181 499 180 181 180 499 180 499 181 181 499 181 180 180 181 181 181
20 20 20 20 46 20 20 499 20 46 20 20 20 20 20 46
1 1 1 1 1 1 1 1 1 1 1 1 1 1 1 1 1 1 1 1 1 1 1 1 1 1 1 1 1 1
1 1 1 1 1 1 1 1 1 1 1 1 1 1 1 1 1 1 1 1 1 1 1 1 1 1 1 1 1 1
49 6 49 49 6 6 49 499 6 49 6 49
90 90 499 90 18 90 90 18 19 18 18 90 90 18 19 19 90 90 19
499 171 171 499 171 499 133 133 133 171 133 133
25 25 25 25 25 499 25 25 25 25 25 25 25 25 25
4 4 4 4 4 4 4 4 4 4 4 4 4 4 4
82 39 61 124 61 39 82 82 39 39 82 124 82 61 82 499 39 61 39 82 39 61 124 39
499 247 447 247 447 447 147 499 499 247 499 147 147 499 147 147 247 147 147 147 499 499 247 147 247 147 447 499 499 147 247 147 499
66 66 395 66 66 66 66 395 66 66 66 66 66 66
6 7 100 7 7 6 7 7 6 6 6 7
21 21 21 21 21 21 21 21 21 21 21 21 21
61 61 61 61 61 61 143 61 143 61 61 61 143 143 143 143 143 143 499 61 61 61 61 61
499 330 499 499 330 499 499 466 499 499 499 499 499 499 330 330 466 499 466 499 499 499 499 330 499 466
499 499 499 499 499 499 499 499 499 499 499 499 499 499
10 10 17 17 10 17 56 263 10 10 17 56 56
268 456 268 33 456 499 499 33 123 268 268 33 456 123 33 499 268 268 123 33 456
2 2 2 2 2 2 2 2 2 2 2 2 2 2 2 2 2 2 2 2 2 2 2 2 2 2 2
1 1 1 1 1 1 1 1 1 1 1 1 1 1 1 1 1 1 1 1 1 1 1 1 1 1 1 1 1 1
91 499 499 91 499 91 499 91 91 57 499 499 57 499 499 499 57 499 57 91 57 499 57 57 57
11 242 9 9 11 9 11 9 11 9 9 11 9 9
298 499 11 298 298 298 298 499 11 11 11 298 11 499
55 55 119 499 499 55 55 119 55 499 119 55 55 55 499 55 499 55 119 55 55 499 499 55 55 499 55
7 6 6 6 7 7 100 7 7 6 6 7
15 20 15 28 28 20 28 365 28 28 15 20 20 15 15 28
15 28 20 28 15 28 20 365 28 15 28 15 15 28 20 20
499 499 101 360 499 360 360 499 499 101 101 360 101 101 101 360 499 499
83 83 469 83 469 186 469 499 469 83 83 83 186 499 469 469 83 186 83 469 83 83 469
222 256 70 256 32 256 32 256 499 222 256 32 70 70 32 70 70 256 256 70 32 222
7 7 7 7 100 7 6 6 6 6 6 7
499 499 499 499 499 499 499 499 499 499 499 499 499 499 499 499 499 499
9 22 69 9 22 22 22 69 9 9 499 22 22 69
221 499 470 499 221 470 221 499 499 471 499 499 470 221 499 499 221 221 471 471 221 499 471 470 499 221 499 499
4 4 4 4 4 4 4 4 4 4 4 4 4 4 4
231 43 43 283 231 499 231 283 156 283 156 43 43 283 43 499 231 156 499 231
472 129 472 129 472 129 129 129 472 129 472 129 129 472 129 129 129 499 129 129 129 129 472 129 129 129 129 129 129 472 129 129 129 129 129
467 467 467 499 120 499 72 72 120 467 120 72 72 499 120 120 499 120 120 499
499 61 61 61 61 61 39 61 61 39 39 61 61 61 39 61 61 39 39 61 61 61 39 39
104 55 55 104 55 104 55 104 55 55 55 55 55 499 55 55 55 55 55 55 104 104 55 55 55 55 55
13 27 13 13 13 13 13 398 13 27 27 13 27 13 13
499 6 6 6 6 49 49 6 49 49 49 49
224 361 499 224 361 361 224 499 499 224 224 499
10 10 499 56 499 10 499 499 56 10 499 10 56
221 499 470 499 221 470 221 499 499 471 499 499 470 221 499 499 221 221 471 471 221 499 471 470 499 221 499 499
499 291 286 37 286 37 286 499 291 286 291 37 37 499 286 286 291
69 69 26 69 26 26 69 26 26 26 499 26 69 69
11 9 9 242 9 11 11 9 9 11 9 11 9 9
7 7 100 7 7 6 7 6 6 6 7 6
6 8 6 8 8 458 6 499 6 6 8 458
499 386 239 499 499 239 499 239 499 239 386 499 499 386 386 499 499 499 499 499 239 499 499 239 499 386 499 239 386 239 386 239 499 499 386 499 239 499 239 499 499 239 239 499 499 239 499 239 386
499 499 499 499 499 499 293 499 499 499 499 499 499 499 499 499 499 499 293 499 499 499 499 499 499 499 499 499 499 499 499 293 499 499 499 293 499 499 499 499 499 499 499
385 92 92 92 201 201 92 201 92 92 92 92 92 92 92 201 201 385 385 201 92
38 499 24 24 24 78 38 38 24 24 24 24 38 24 78 78 24 24
499 499 499 499 499 499 499 499 499 499 499 499 499 499
11 9 11 9 11 242 11 9 9 11 9 9 9 9
15 20 28 365 28 28 15 20 28 15 20 20 28 15 28 15
87 198 74 87 88 74 198 198 499 74 88 87 74 198 74 198 74 88 74 87 74 87 88 74 88 88 88 74 88 198 87
499 499 499 499 499 294 499 230 499 499 230 499 499 499 294 499 208 499 208 499 294 499 294 230 208 230 230 208 499
40 45 40 29 40 40 40 45 29 40 40 45 29 45 123 123 499 123 29 29 29
31 31 31 31 31 489 31 31 31 31 31 31 31
499 15 15 15 499 499 499 15 15 499 499 499 499 499 499 499
1 1 1 1 1 1 1 1 1 1 1 1 1 1 1 1 1 1 1 1 1 1 1 1 1 1 1 1 1 1
65 65 65 222 65 65 222 65 65 65 65 499 499 65 65 499 499 499 222 499 65 499
112 112 112 112 112 112 112 112 112 112 499 112 117 112 112 112 112 112 112 112 112 112 112 112 112 112 112 112 117 112 117 117 112 112
2 2 2 2 2 2 2 2 2 2 2 2 2 2 2 2 2 2 2 2 2 2 2 2 2 2 2
233 188 233 233 233 188 499 188 188 188 188 233 233 233 188 233 499 499 233 188 233 188
12 8 8 12 12 8 12 12 12 8 12 137
499 103 103 37 499 103 499 37 103 37 103 37 103 103 103 103 103
1 1 1 1 1 1 1 1 1 1 1 1 1 1 1 1 1 1 1 1 1 1 1 1 1 1 1 1 1 1
18 36 18 19 36 19 18 18 499 19 85 36 36 36 36 18 85 85 19
499 499 499 499 499 499 499 499 499 499 499 499 499 499
49 49 6 49 49 499 6 6 6 6 49 49
100 6 7 6 6 7 7 6 7 7 7 6
22 9 22 69 69 22 22 9 9 9 22 499 69 22
499 32 256 32 256 32 256 32 256 65 32 65 32 65 256 256 32 32 256 32 32 65
82 39 124 499 82 124 124 82 124 124 124 82 39 124 124 124 82 124 39 82 124 39 124 82
119 104 119 499 119 499 499 499 104 119 119 499 119 499 499 104 119 499 499 499 499 104 104 104 119 499 499
38 42 42 42 38 38 42 78 38 78 42 38 78 42 38 38 499 38
10 23 23 23 23 23 23 10 10 10 223 23 10
12 8 8 8 8 12 12 12 12 12 137 12
21 21 21 21 21 21 21 21 21 21 21 21 21
0 0 0 0 0 0 0 0 0 0 0 0
499 457 27 457 27 499 27 499 27 499 457 499 457 499 499
499 499 499 74 499 499 74 499 499 499 499 499 499 499 499 74 499 499 499 499 499 499 499 499 499 74 499 499 74 499 499
237 237 499 237 237 237 499 237 237 237 237 237 499
65 97 32 97 65 97 32 65 97 32 97 65 32 97 65 65 65 32 97 97 499 65
181 181 181 499 180 181 180 499 180 499 181 181 499 181 180 180 181 181 181
13 14 14 13 14 13 14 94 13 13 94 14 405 14 94
37 30 37 37 37 296 296 37 296 30 499 37 30 37 37 30 30
22 26 264 26 26 22 26 26 26 22 22 22 26 22
9 9 9 9 9 242 11 9 11 11 11 9 11 9
43 43 387 72 499 387 387 72 387 72 387 72 499 43 387 43 387 43 387 387
84 84 84 84 84 428 84 84 428 84 84 84
196 284 196 284 196 196 375 284 284 375 196 375 196
388 388 15 15 499 15 388 388 388 499 388 388 15 15 388 388
499 499 101 360 499 360 360 499 499 101 101 360 101 101 101 360 499 499
499 25 94 27 25 25 25 25 27 25 25 27 94 94 27
78 38 52 78 78 52 78 52 499 78 38 38 52 52 52 52 78 38
408 499 499 408 255 499 499 499 255 499 499 408 255 499 499 499 255 499 499 499 499 499 255 499 499 499 255 408 499 499 499 499 499 255 499 499
75 75 75 75 75 75 9 9 9 75 499 75 75 9
26 26 22 22 26 22 26 26 264 26 22 22 22 26
0 0 0 0 0 0 0 0 0 0 0 0
21 21 21 21 21 21 21 21 21 21 21 21 21
23 499 23 23 499 499 499 499 23 23 499 23 23
19 36 36 36 19 85 19 85 85 18 36 36 18 18 36 19 18 499 18
0 0 0 0 0 0 0 0 0 0 0 0
0 0 0 0 0 0 0 0 0 0 0 0
56 10 17 263 17 56 56 17 17 10 10 10 10
499 44 57 57 44 57 57 44 499 44 44 57 499 44 499 57 499 44 57 499 44 57 44 499 44
77 382 499 93 499 77 425 77 93 77 93 499 425 77 93 77 93 425 93 93 77 425 77 499 77 499 382 77 499 382
96 42 96 42 96 96 96 42 42 96 96 96 96 42 42 499 96 96
106 499 499 499 499 499 106 106 473 499 499 499 106 106 499 499 106 499 106 473 499 499 106 499 473 499 499 106 499 106 499 473
4 4 4 4 4 4 4 4 4 4 4 4 4 4 4
282 451 451 499 451 451 282 499 282 499 282 282 282
350 81 350 81 275 81 275 499 350 350 81 81 81 81 81 81 275 499 81 350 81 81 499
11 9 11 242 9 9 9 11 9 11 9 11 9 9
7 7 6 6 100 6 7 7 7 7 6 6
50 50 499 50 499 50 50 50 499 50 50 50 499 50 50 499 499 50 50 50 499 499 50 50 499 50 50 499 50 50 50 50 50 50 50 50 499 499 50 50 50
75 75 9 75 75 499 9 9 75 75 75 9 75 75
68 68 18 18 18 18 68 499 18 68 18 68 18 68 68 18 18 68 18
33 29 45 33 33 33 29 499 45 33 29 33 33 45 29 33 33 45 29 29 33
2 2 2 2 2 2 2 2 2 2 2 2 2 2 2 2 2 2 2 2 2 2 2 2 2 2 2
149 149 149 149 499 180 149 149 499 180 149 180 149 180 180 149 149 149 149
54 54 54 54 54 54 54 54 54 54 54 54 499 54 499 499 54 54 54 499 54 54 499 54 499 54 54 499 54 54 499 499 499 54 499 499 54 54 499 54 54
70 32 32 70 65 70 70 70 65 32 70 70 32 65 65 70 32 70 499 70 70 70
499 24 24 116 116 86 499 116 24 24 86 86 86 86 499 116 86 24
21 21 21 21 21 21 21 21 21 21 21 21 21
299 220 220 299 220 359 359 299 359 499 220 220 499 220 220 299 299 220 299 359 359
56 17 56 10 10 10 17 10 17 263 17 10 56
27 13 13 13 27 13 13 13 13 13 27 27 398 13 13
24 52 24 52 24 499 52 24 52 24 24 24 24 52 52 24 24 52
19 18 18 499 18 18 18 18 19 19 19 18 18 18 19 18 19 19 19
344 15 15 344 499 232 232 344 499 232 15 15 344 344 15 499
25 25 25 25 25 499 25 25 25 25 25 25 25 25 25
499 499 499 499 499 499 499 499 499 499 499 499 499
155 499 55 155 499 55 499 119 119 55 55 499 499 155 155 119 155 499 499 155 499 119 499 499 55 499 499
22 26 26 22 264 22 26 22 26 26 22 26 26 22
107 72 72 72 72 43 43 72 107 72 107 499 43 43 107 43 107 72 107 72
9 11 9 11 9 9 9 242 11 11 9 9 9 11
4 4 4 4 4 4 4 4 4 4 4 4 4 4 4
17 34 17 34 34 34 34 34 17 319 34 34 17
58 142 58 58 58 499 142 499 58 58 58 58 58 58 58 142 58 58 58 58 499 58 58 58 142 58 58 58 58 58 499 58 499 58 142 58 499 142
27 27 14 14 14 499 14 14 14 27 27 27 27 27 27
46 28 28 46 46 46 28 28 46 46 28 46 46 28 499 46
59 59 59 59 281 59 281 59 59 59 59 59 59 59 59 281 59 59 281 59 59 499 59 59 59 281 59 59 59 281 59 59 59
12 12 8 8 12 12 137 8 12 12 8 12
242 9 11 11 9 9 11 11 9 9 9 9 9 11
499 499 499 499 499 499 499 499 499 499 499 499 499
300 77 77 300 382 300 382 77 300 77 300 300 499 77 77 300 113 77 300 300 300 113 77 113 77 113 382 77 300 300
499 499 8 499 499 499 8 499 8 499 499 8
8 8 452 49 8 8 49 8 8 8 8 49
279 499 499 124 315 315 279 279 61 39 124 315 124 39 279 39 39 499 315 61 61 315 61 61
45 499 499 123 368 368 33 123 33 368 368 45 368 499 33 33 368 123 45 33 45
144 499 144 464 356 464 499 356 144 499 356 356 144 499 499 464 144 499 464 356 499 499 144 499
385 92 92 92 201 201 92 201 92 92 92 92 92 92 92 201 201 385 385 201 92
125 125 125 13 125 13 125 13 125 13 125 499 125 13 125
62 53 53 53 499 53 53 62 53 53 62 53 53 53 62 62 53 62 62 53 62 62 62 62 62 53 499 62 62 53 53 53 62 53 62 53 62 53 62 62 53 53 53 62 62 53 62 53 62 53 62 53 53 62 53
0 0 0 0 0 0 0 0 0 0 0 0
11 11 11 11 69 499 11 11 11 11 11 69 69 11
10 56 56 17 17 10 56 10 10 10 17 17 263
289 289 378 289 234 234 234 378 289 234 234 378
4 4 4 4 4 4 4 4 4 4 4 4 4 4 4
1 1 1 1 1 1 1 1 1 1 1 1 1 1 1 1 1 1 1 1 1 1 1 1 1 1 1 1 1 1
106 106 499 499 106 106 499 473 473 106 189 499 106 473 189 106 499 106 189 499 106 106 189 106 106 106 473 189 106 106 499 189
60 358 60 71 60 358 60 499 153 71 499 71 499 358 71 358 499 71 499 153 71 60 358 153 71 71