99 99 99 99 99 99 99 99 99 99 99 99 99 99 99 99 99 99 99 99
99 99 99 99 99 99 99 99 99 99 99 99 99 99 99 99 99 99 99 99 99 99 99 99 99 99 99 99 99 99 99 99
99 99 99 99 99 99 99 99 99 99 99 99 99 99 99 99 99 99 99 99 99
99 99 99 99 99 99 99 99 99 99 99 99 99 99 99 99 99 99 99 99 99 99 99 99 99 99 99 99 99 99 99 99 99 99 99
99 99 99 99 99 99 99 99 99 99 99 99 99 99
99 99 99 99 99 99 99 99 99 99 99 99 99 99 99 99 99 99 99 99 99 99 99 99 99 99 99 99 99 99 99 99 99 99 99 99 99 99 99 99 99 99 99 99 99 99 99 99 99 99 99 99 99 99 99 99 99 99 99 99 99 99 99
0 0 0 0 0 0 0 0 0 0 0 0
27 99 35 35 27 99 27 27 27 27 35 35 35 35 27
3 3 3 3 3 3 3 3 3 3 3 3 3 3 3 3 3 3
0 0 0 0 0 0 0 0 0 0 0 0
7 13 7 7 7 7 7 13 94 13 7 13
5 5 5 5 5 5 5 5 5 5 5 5 5 5 5 5 5 5 5 5
99 99 99 99 99 99 99 99 99 99 99 99 99
99 99 99 99 99 99 99 99 99 99 99 99 99 99 99 99 99 99 99 99
99 99 99 99 99 99 99 99 99 99 99 99 99 99 99 99 99 99 99 99 99 99 99 99 99 99 99 99 99 99 99 99 99 99 99 99 99 99 99 99 99 99 99 99 99 99 99 99 99 99 99 99 99 99 99 99 99 99 99 99 99 99 99 99 99 99 99 99 99 99 99 99
5 5 5 5 5 5 5 5 5 5 5 5 5 5 5 5 5 5 5 5
99 99 99 99 99 99 99 99 99 99 99 99 99 99 99 99 99 99
99 22 43 22 43 43 22 43 99 22 22 22
99 99 99 99 99 99 99 99 99 99 99 99 99 99 99 99 99 99 99
99 99 99 99 99 99 99 99 99 99 99 99 99 99 99 99 99 99 99 99 99 99 99 99 99 99 99 99 99 99 99 99 99 99 99 99 99 99 99 99 99 99 99 99 99 99
99 99 99 99 99 99 99 99 99 99 99 99 99 99 99 99 99 99 99 99 99 99 99 99 99 99 99 99 99 99
99 99 99 99 99 99 99 99 99 99 99 99 99 99 99 99 99 99 99 99 99 99 99 99
99 99 99 99 99 99 99 99 99 99 99 99 99 99 99 99 99 99 99 99 99 99
99 99 99 99 99 99 99 99 99 99 99 99 99 99 99
3 3 3 3 3 3 3 3 3 3 3 3 3 3 3 3 3 3
99 99 99 99 99 99 99 99 99 99 99 99 99
99 99 99 99 99 99 99 99 99 99 99 99 99 99 99 99 99 99 99 99 99 99 99
99 99 99 99 99 99 99 99 99 99 99 99 99 99 99 99 99 99 99 99 99 99 99 99 99 99 99 99 99 99 99 99
27 99 35 35 27 99 27 27 27 27 35 35 35 35 27
0 0 0 0 0 0 0 0 0 0 0 0
99 99 99 99 99 99 99 99 99 99 99 99 99 99 99 99 99 99 99 99 99 99 99 99 99 99
99 99 99 99 99 99 99 99 99 99 99 99 99 99 99 99 99 99 99 99 99 99 99 99 99 99 99 99 99 99 99 99 99 99 99 99 99 99 99 99
99 99 99 99 99 99 99 99 99 99 99 99 99
99 99 99 99 99 99 99 99 99 99 99 99 99 99 99 99
36 36 36 99 36 36 36 36 36 36 36 36 99 36
99 99 99 99 99 99 99 99 99 99 99 99 99 99 99 99
99 99 99 99 99 99 99 99 99 99 99 99 99 99 99 99 99 99 99 99 99 99
8 6 64 8 6 8 6 8 6 6 8 6
95 99 99 99 99 99 99 95 95 99 95 99 99 99 99 99 95 99 95 99 95 99 99 95 99 95 95 95 95 99 99
45 45 96 96 45 99 45 45 96 45 99 45 96 99 96 99 45 45 45 96 99
99 99 99 99 99 99 99 99 99 99 99 99 99 99 99
99 99 99 99 99 99 99 99 99 99 99 99 99 99 99 99 99
44 77 77 44 44 99 44 44 77 99 44 99 77
99 99 99 99 99 99 99 99 99 99 99 99 99 99 99 99 99 99 99
14 14 14 20 14 20 20 20 14 14 20 14 20 99
99 99 99 99 99 99 99 99 99 99 99 99 99 99 99 99 99 99 99 99 99 99 99
30 50 30 30 50 50 50 30 30 30 30 30 99 50 30 50
17 46 17 17 46 46 17 46 17 17 99 17 17
3 3 3 3 3 3 3 3 3 3 3 3 3 3 3 3 3 3
99 99 99 99 99 99 99 99 99 99 99 99 99 99 99 99 99 99 99 99 99 99 99 99 99 99
99 99 99 99 99 99 99 99 99 99 99 99 99 99 99 99 99 99 99 99 99 99 99
9 9 9 9 9 9 9 9 9 9 9 9 9 9 9 9 9
18 18 18 59 59 18 99 18 18 59 59 18 18 18 18
99 99 99 99 99 99 99 99 99 99 99 99 99 99 99 99 99 99 99 99 99 99 99 99 99 99 99 99
0 0 0 0 0 0 0 0 0 0 0 0
0 0 0 0 0 0 0 0 0 0 0 0
20 14 14 20 14 14 99 14 14 20 20 20 20 14
5 5 5 5 5 5 5 5 5 5 5 5 5 5 5 5 5 5 5 5
8 6 8 6 8 6 6 6 6 8 8 64
9 9 9 9 9 9 9 9 9 9 9 9 9 9 9 9 9
51 37 37 51 37 37 51 37 51 37 99 51 37 51 37
97 99 99 97 97 99 97 97 99 99 97 99 99 99 97 99 97 99 99
99 99 99 99 99 99 99 99 99 99 99 99 99 99
99 99 99 99 99 99 99 99 99 99 99 99
5 5 5 5 5 5 5 5 5 5 5 5 5 5 5 5 5 5 5 5
99 99 99 99 99 99 99 99 99 99 99 99 99 99 99
96 99 96 96 99 96 45 96 96 45 99 45 99 45 45 99 45 45 45 45 45
99 99 99 99 99 99 99 99 99 99 99 99 99 99 99 99 99 99
18 18 18 59 18 59 18 18 18 59 18 59 18 99 18
99 99 99 99 99 99 99 99 99 99 99 99 99 99 99 99 99 99 99 99 99
7 7 7 7 13 7 13 13 94 7 7 13
99 99 99 99 99 99 99 99 99 99 99 99 99 99 99 99 99 99 99 99 99 99 99 99 99 99 99 99 99 99 99 99 99 99 99 99 99 99 99 99 99 99 99 99
99 99 99 99 99 99 99 99 99 99 99 99 99 99 99 99 99 99 99
38 38 47 47 38 47 99 47 38 98 38 98 47 38 98
99 99 99 99 99 99 99 99 99 99 99 99 99 99 99 99 99 99 99
99 99 99 99 99 99 99 99 99 99 99 99 99 99
0 0 0 0 0 0 0 0 0 0 0 0
12 12 12 19 19 12 19 12 12 19 99 12 19
99 99 99 99 99 99 99 99 99 99 99 99 99 99 99 99 99 99
3 3 3 3 3 3 3 3 3 3 3 3 3 3 3 3 3 3
99 99 99 99 99 99 99 99 99 99 99 99 99 99 99 99 99 99 99 99 99 99 99 99 99 99
99 99 99 99 99 99 99 99 99 99 99 99 99 99 99 99 99 99 99 99 99 99 99 99 99 99 99 99 99 99 99 99 99 99 99 99 99 99 99 99 99 99 99 99 99 99 99 99 99 99 99 99 99 99 99 99 99 99 99 99 99
99 99 99 99 99 99 99 99 99 99 99 99 99 99
5 5 5 5 5 5 5 5 5 5 5 5 5 5 5 5 5 5 5 5
5 5 5 5 5 5 5 5 5 5 5 5 5 5 5 5 5 5 5 5
77 77 44 44 99 44 44 77 99 44 44 99 77
99 99 99 99 99 99 99 99 99 99 99 99
99 99 99 99 99 99 99 99 99 99 99 99 99 99 99 99 99 99 99
99 40 99 40 40 40 40 99 99 40 40 99 40 99 40
6 64 8 8 6 8 6 6 8 6 8 6
77 77 44 44 99 44 44 77 99 44 44 99 77
8 6 6 8 8 8 6 8 6 64 6 6
99 99 99 99 99 99 99 99 99 99 99 99
99 99 99 99 99 99 99 99 99 99 99 99 99 99 99 99
99 99 99 99 99 99 99 99 99 99 99 99 99 99
6 6 6 8 64 6 6 8 6 8 8 8
0 0 0 0 0 0 0 0 0 0 0 0
99 99 99 99 99 99 99 99 99 99 99 99 99 99 99 99 99 99 99 99 99 99 99 99 99 99 99 99 99 99 99 99 99 99
99 99 99 99 99 99 99 99 99 99 99 99 99 99 99 99 99 99 99 99
57 57 81 99 81 57 81 81 57 81 81 99 57 57 57 81 99 99 99 99 57 57 81 57 99 99 99 57 99 99 81
99 99 99 99 99 99 99 99 99 99 99 99 99 99 99 99 99 99 99 99 99 99 99 99 99 99 99
99 99 99 99 99 99 99 99 99 99 99 99 99 99 99 99 99 99 99 99 99 99 99 99 99 99 99 99 99 99
99 99 99 99 99 99 99 99 99 99 99 99 99 99 99 99 99 99 99 99 99 99 99 99 99 99 99 99 99 99 99 99 99 99 99 99
99 99 99 99 99 99 99 99 99 99 99 99 99 99 99 99
99 99 99 99 99 99 99 99 99 99 99 99 99 99 99 99 99 99
99 99 99 99 99 99 99 99 99 99 99 99 99 99 99 99 99 99 99 99 99 99 99 99 99 99 99
99 99 99 99 99 99 99 99 99 99 99 99 99
99 99 99 99 99 99 99 99 99 99 99 99 99 99 99 99 99 99 99 99 99 99
99 99 99 99 99 99 99 99 99 99 99 99 99 99 99 99 99 99 99 99 99 99 99 99 99 99 99 99 99 99 99 99 99 99 99 99
37 37 37 51 51 37 51 37 37 51 51 99 37 37 51
9 9 9 9 9 9 9 9 9 9 9 9 9 9 9 9 9
33 65 65 33 33 65 33 65 33 99 33 33 65 33 65 33 33
78 78 78 78 99 99 78 78 78 78 78 78 78 99 99 99 78 78 78
99 46 17 17 17 17 17 46 17 17 17 46 46
99 99 99 99 99 99 99 99 99 99 99 99 99 99
99 99 99 99 99 99 99 99 99 99 99 99 99 99 99
5 5 5 5 5 5 5 5 5 5 5 5 5 5 5 5 5 5 5 5
50 50 50 30 50 30 30 30 30 30 30 50 30 99 50 30
99 99 99 99 99 99 99 99 99 99 99 99 99 99 99 99 99 99 99
77 77 44 44 99 44 44 77 99 44 44 99 77
99 99 99 99 99 99 99 99 99 99 99 99 99 99 99 99 99 99 99 99 99 99 99 99 99 99 99
3 3 3 3 3 3 3 3 3 3 3 3 3 3 3 3 3 3
99 99 99 99 99 99 99 99 99 99 99 99 99 99 99 99 99 99 99 99 99 99 99 99 99 99 99 99 99 99 99 99 99 99 99 99 99 99 99 99 99 99 99 99 99 99 99 99 99 99 99 99 99 99 99 99 99 99 99 99 99 99 99 99 99
21 11 11 99 21 11 11 21 11 11 21 21 11 11
19 12 12 12 19 12 19 12 19 12 19 99 12
7 13 7 13 7 13 7 13 7 94 7 7
99 79 79 99 79 79 99 79 99 79 79 79 79 79 99 79 79 79 79 99 99
99 99 99 99 99 99 99 99 99 99 99 99 99 99 99 99 99 99 99 99 99 99 99 99 99 99 99 99 99 99 99 99
99 99 99 99 99 99 99 99 99 99 99 99 99 99 99 99 99 99 99 99 99 99 99 99 99 99 99 99 99 99 99 99 99 99
0 0 0 0 0 0 0 0 0 0 0 0
99 99 99 99 99 99 99 99 99 99 99 99 99 99 99 99
99 99 99 99 99 99 99 99 99 99 99 99 99 99 99 99 99 99
99 99 99 99 99 99 99 99 99 99 99 99 99 99 99 99 99 99 99 99 99
99 99 99 99 99 99 99 99 99 99 99 99
99 99 99 99 99 99 99 99 99 99 99 99 99 99 99 99 99 99 99 99
15 15 15 15 15 15 99 15 15 15 15 15 15 15 15
99 99 99 99 99 99 99 99 99 99 99 99 99 99 99 99 99 99 99 99 99 99 99 99 99 99 99 99
4 4 4 4 4 4 4 4 4 4 4 4 4 4 4
99 99 99 99 99 99 99 99 99 99 99 99 99 99 99 99 99 99
99 99 99 99 99 99 99 99 99 99 99 99 99 99 99 99 99
99 99 99 99 99 99 99 99 99 99 99 99 99 99 99 99 99 99 99 99 99 99 99
7 94 13 7 7 13 7 13 7 7 13 7
99 99 99 99 99 99 99 99 99 99 99 99
99 99 99 99 99 99 99 99 99 99 99 99
0 0 0 0 0 0 0 0 0 0 0 0
99 99 99 99 99 99 99 99 99 99 99 99
99 99 99 99 99 99 99 99 99 99 99 99 99 99 99 99 99 99 99 99 99 99 99 99 99 99 99 99 99 99 99 99 99 99 99
99 99 99 99 99 99 99 99 99 99 99 99 99 99
99 99 99 99 99 99 99 99 99 99 99 99 99 99 99 99 99 99 99 99 99 99 99 99 99 99 99 99 99 99 99 99 99 99 99
99 99 99 99 99 99 99 99 99 99 99 99 99
99 99 99 99 99 99 99 99 99 99 99 99 99 99
99 99 99 99 99 99 99 99 99 99 99 99 99 99 99 99 99 99 99
99 99 99 99 99 99 99 99 99 99 99 99 99 99 99 99 99 99 99 99 99 99 99 99 99 99 99 99 99
99 99 99 99 99 99 99 99 99 99 99 99 99 99 99 99 99 99 99 99 99 99 99 99 99 99 99 99 99 99 99 99 99 99 99 99 99 99
4 4 4 4 4 4 4 4 4 4 4 4 4 4 4
52 41 31 31 52 31 31 52 31 31 99 41 41 41 52 41
0 0 0 0 0 0 0 0 0 0 0 0
99 99 99 99 99 99 99 99 99 99 99 99 99 99 99 99 99 99 99 99 99 99 99
64 8 6 8 8 6 6 6 8 6 8 6
4 4 4 4 4 4 4 4 4 4 4 4 4 4 4
99 99 99 99 99 99 99 99 99 99 99 99 99 99 99 99 99 99 99 99 99 99 99 99 99 99 99 99 99 99 99 99 99 99 99 99 99 99 99 99 99 99 99 99 99 99 99 99 99 99 99 99 99 99 99 99 99 99 99 99 99 99 99 99 99 99 99 99 99
16 16 16 16 16 16 16 99 16 16 16 16 16
99 99 99 99 99 99 99 99 99 99 99 99 99 99 99 99 99 99 99 99 99 99 99 99 99 99 99 99 99 99 99
99 42 99 42 42 42 99 42 99 99 42 42 42 42
99 99 99 99 99 99 99 99 99 99 99 99 99 99 99 99 99 99 99 99 99 99 99 99 99 99 99 99 99 99 99 99 99 99 99 99 99 99 99 99 99 99 99 99 99 99 99 99 99 99 99 99 99 99 99 99 99 99 99 99 99 99 99 99
8 8 6 6 64 8 6 8 8 6 6 6
3 3 3 3 3 3 3 3 3 3 3 3 3 3 3 3 3 3
57 57 81 99 81 57 81 81 57 81 81 99 57 57 57 81 99 99 99 99 57 57 81 57 99 99 99 57 99 99 81
99 99 99 99 99 99 99 99 99 99 99 99 99 99 99 99 99
99 99 99 99 99 99 99 99 99 99 99 99 99 99 99
99 99 99 99 99 99 99 99 99 99 99 99 99 99 99 99 99 99 99 99 99 99 99 99 99 99 99 99 99 99 99 99 99 99 99 99 99 99
99 99 99 99 99 99 99 99 99 99 99 99 99 99 99 99 99 99 99 99 99 99 99 99 99 99 99 99
60 60 60 60 60 60 60 60 60 60 60 60 60 60 60 60 99
7 7 7 13 13 7 13 94 7 7 7 13
99 99 99 99 99 99 99 99 99 99 99 99 99 99 99 99 99
99 99 99 99 99 99 99 99 99 99 99 99 99 99 99 99 99
20 20 20 14 14 20 14 14 14 99 14 20 14 20
99 99 99 99 99 99 99 99 99 99 99 99
99 99 99 99 99 99 99 99 99 99 99 99 99 99
12 19 12 19 12 99 19 19 12 12 12 12 19
4 4 4 4 4 4 4 4 4 4 4 4 4 4 4
99 99 99 99 99 99 99 99 99 99 99 99 99 99 99 99 99 99 99 99 99 99 99 99
99 99 99 99 99 99 99 99 99 99 99 99 99 99 99
99 99 99 99 99 99 99 99 99 99 99 99 99 99 99 99 99 99 99 99 99 99 99 99 99 99 99 99 99 99 99 99 99 99 99 99
99 97 97 99 99 99 97 99 97 97 97 99 97 99 99 99 99 97 99
99 40 99 40 40 40 40 99 99 40 40 99 40 99 40
9 9 9 9 9 9 9 9 9 9 9 9 9 9 9 9 9
5 5 5 5 5 5 5 5 5 5 5 5 5 5 5 5 5 5 5 5
99 99 99 99 99 99 99 99 99 99 99 99
99 99 99 99 99 99 99 99 99 99 99 99 99 99 99 99 99 99 99
0 0 0 0 0 0 0 0 0 0 0 0
99 99 99 99 99 99 99 99 99 99 99 99 99 99 99 99 99 99 99
0 0 0 0 0 0 0 0 0 0 0 0
99 99 99 99 99 99 99 99 99 99 99 99 99 99 99 99 99 99 99 99 99 99 99 99 99 99 99 99 99 99 99 99 99 99 99
99 99 99 99 99 99 99 99 99 99 99 99 99
99 99 99 99 99 99 99 99 99 99 99 99 99 99 99 99 99 99 99
25 39 39 39 25 25 39 25 25 25 25 99 25 39 39 25 25 39 39
98 38 38 38 38 47 47 47 98 99 98 38 47 38 47
0 0 0 0 0 0 0 0 0 0 0 0
99 99 99 99 99 99 99 99 99 99 99 99 99 99 99 99 99 99
99 99 99 99 99 99 99 99 99 99 99 99
91 99 99 91 91 99 91 99 99 99 99 91
99 99 99 99 99 99 99 99 99 99 99 99 99 99 99 99 99 99 99 99 99 99 99 99 99 99 99 99 99 99 99 99 99
99 99 99 99 99 99 99 99 99 99 99 99 99 99 99 99 99 99 99
99 99 99 99 99 99 99 99 99 99 99 99 99 99 99 99 99 99 99 99 99 99 99 99
99 22 43 22 43 43 22 43 99 22 22 22
99 99 99 99 99 99 99 99 99 99 99 99 99 99 99 99
99 99 99 99 99 99 99 99 99 99 99 99 99 99 99 99 99 99 99 99 99 99 99 99 99 99 99 99 99 99 99 99 99 99
99 99 99 99 99 99 99 99 99 99 99 99 99 99 99 99 99 99 99 99 99 99 99
99 99 99 99 99 99 99 99 99 99 99 99 99 99 99 99 99 99
6 8 6 8 6 6 6 6 64 8 8 8
99 99 99 99 99 99 99 99 99 99 99 99 99 99 99 99 99 99 99 99 99 99 99 99 99 99 99 99 99 99 99 99 99 99 99 99 99 99 99 99 99 99 99 99 99 99 99 99 99 99 99 99 99 99 99 99 99 99
4 4 4 4 4 4 4 4 4 4 4 4 4 4 4
99 99 99 99 99 99 99 99 99 99 99 99 99 99 99 99 99 99 99 99 99 99
99 99 99 99 99 99 99 99 99 99 99 99 99 99 99 99 99 99 99 99 99 99 99 99 99 99
0 0 0 0 0 0 0 0 0 0 0 0
99 99 99 99 99 99 99 99 99 99 99 99 99 99 99 99 99 99 99 99 99 99 99 99 99 99 99 99
0 0 0 0 0 0 0 0 0 0 0 0
22 43 43 22 22 99 99 43 22 22 43 22
99 99 99 99 99 99 99 99 99 99 99 99 99 99 99 99 99 99 99 99 99 99 99 99 99 99 99 99 99 99 99 99 99 99 99 99 99 99 99 99 99 99 99 99
99 99 99 99 99 99 99 99 99 99 99 99 99
99 99 99 99 99 99 99 99 99 99 99 99 99 99 99 99 99 99 99 99 99
99 99 99 99 99 99 99 99 99 99 99 99 99 99 99 99 99 99 99
99 99 99 99 99 99 99 99 99 99 99 99 99 99 99
99 99 99 99 99 99 99 99 99 99 99 99 99 99 99 99 99 99 99 99 99 99 99 99 99 99 99 99 99 99 99 99 99 99 99 99 99 99 99 99 99 99 99
99 99 99 99 99 99 99 99 99 99 99 99 99 99 99 99 99 99 99 99 99 99 99 99 99 99
99 99 99 99 99 99 99 99 99 99 99 99 99 99 99 99 99 99 99 99 99 99 99 99 99 99 99 99 99 99
99 99 99 99 99 99 99 99 99 99 99 99 99 99 99 99 99 99 99
99 99 99 99 99 99 99 99 99 99 99 99 99 99 99 99 99 99 99 99 99 99 99 99 99 99 99
99 99 99 99 99 99 99 99 99 99 99 99 99 99 99 99 99 99 99 99 99 99
99 99 99 99 99 99 99 99 99 99 99 99 99 99
3 3 3 3 3 3 3 3 3 3 3 3 3 3 3 3 3 3
99 99 99 99 99 99 99 99 99 99 99 99 99 99 99 99 99 99 99
99 99 99 99 99 99 99 99 99 99 99 99 99 99 99 99 99 99 99 99 99 99 99 99 99 99 99 99 99 99 99 99
99 99 99 99 99 99 99 99 99 99 99 99 99
99 99 99 99 99 99 99 99 99 99 99 99 99 99 99 99 99 99 99 99 99 99 99 99 99 99 99 99 99
99 99 99 99 99 99 99 99 99 99 99 99 99 99
61 61 61 99 99 61 61 61 61 61 99 61 61 99 61 61 61 61 61 99 61 99 99 99
17 46 17 17 46 17 46 17 99 17 46 17 17
9 9 9 9 9 9 9 9 9 9 9 9 9 9 9 9 9
3 3 3 3 3 3 3 3 3 3 3 3 3 3 3 3 3 3
6 6 8 6 6 6 8 8 6 64 8 8
99 99 99 99 99 99 99 99 99 99 99 99 99 99 99 99 99 99 99 99 99
0 0 0 0 0 0 0 0 0 0 0 0
37 51 37 37 51 99 51 37 37 37 51 37 51 37 51
99 99 99 99 99 99 99 99 99 99 99 99 99 99 99 99 99 99 99 99 99 99 99 99 99 99 99 99 99 99 99
99 99 99 99 99 99 99 99 99 99 99 99 99 99 99
0 0 0 0 0 0 0 0 0 0 0 0
99 99 99 99 99 99 99 99 99 99 99 99 99 99 99 99 99
0 0 0 0 0 0 0 0 0 0 0 0
99 99 99 99 99 99 99 99 99 99 99 99 99 99 99 99 99 99 99
99 99 99 99 99 99 99 99 99 99 99 99 99 99 99 99 99 99 99 99
99 99 99 99 99 99 99 99 99 99 99 99 99 99 99 99 99 99 99
31 31 31 31 41 52 41 41 52 52 31 31 41 41 52 99
35 35 35 27 27 99 35 27 27 27 35 99 27 27 35
99 99 99 99 99 99 99 99 99 99 99 99 99 99 99 99 99 99 99 99 99 99 99 99 99 99 99 99 99
61 61 61 99 99 61 61 61 61 61 99 61 61 99 61 61 61 61 61 99 61 99 99 99
99 99 99 99 99 99 99 99 99 99 99 99 99 99 99 99
9 9 9 9 9 9 9 9 9 9 9 9 9 9 9 9 9
99 62 99 62 62 62 62 99 99 62 99 62 62 99
99 99 99 99 99 99 99 99 99 99 99 99 99 99
22 22 43 43 22 22 22 22 99 43 43 99
99 99 99 99 99 99 99 99 99 99 99 99
48 48 48 48 48 48 48 48 99 48 99 48
6 8 6 6 8 8 6 6 6 8 8 64
99 99 99 99 99 99 99 99 99 99 99 99 99 99 99 99 99 99 99 99 99 99 99 99 99 99 99 99 99 99 99
0 0 0 0 0 0 0 0 0 0 0 0
99 99 99 99 99 99 99 99 99 99 99 99 99 99 99 99 99 99
99 99 99 99 99 99 99 99 99 99 99 99 99 99 99 99 99 99 99 99 99 99 99 99
99 99 99 99 99 99 99 99 99 99 99 99
12 99 19 12 19 12 12 19 12 19 12 19 12
5 5 5 5 5 5 5 5 5 5 5 5 5 5 5 5 5 5 5 5
99 99 99 99 99 99 99 99 99 99 99 99 99 99 99 99 99 99 99
99 99 99 99 99 99 99 99 99 99 99 99 99 99 99 99 99 99 99 99 99 99 99 99 99 99 99 99 99 99 99
99 99 99 99 99 99 99 99 99 99 99 99 99 99 99 99 99
99 99 99 99 99 99 99 99 99 99 99 99 99 99 99 99 99 99 99 99 99 99 99 99
99 99 99 99 99 99 99 99 99 99 99 99 99 99 99 99 99 99 99 99 99 99
99 99 99 99 99 99 99 99 99 99 99 99 99 99 99
99 99 99 99 99 99 99 99 99 99 99 99 99 99
99 99 99 99 99 99 99 99 99 99 99 99 99 99 99
36 36 36 99 36 36 36 36 36 36 36 36 99 36
99 99 99 99 99 99 99 99 99 99 99 99 99 99 99 99 99 99 99
99 99 99 99 99 99 99 99 99 99 99 99 99 99 99 99 99 99
33 33 65 65 99 65 33 33 33 33 33 65 65 33 65 33 33
99 99 99 99 99 99 99 99 99 99 99 99 99 99 99 99 99 99 99 99 99 99 99 99 99 99 99 99 99 99 99 99 99 99
99 99 99 99 99 99 99 99 99 99 99 99 99 99 99 99
99 99 99 99 99 99 99 99 99 99 99 99 99 99 99
99 99 99 99 99 99 99 99 99 99 99 99 99 99 99 99 99 99 99 99 99 99 99 99 99 99
19 12 12 19 19 12 12 99 12 12 19 12 19
99 99 99 99 99 99 99 99 99 99 99 99 99 99 99 99 99 99 99 99 99 99 99 99 99 99
12 12 19 99 12 19 19 19 12 12 12 12 19
99 99 99 99 99 99 99 99 99 99 99 99 99 99 99 99 99 99 99 99 99 99 99 99 99 99 99 99 99 99 99 99 99 99 99
3 3 3 3 3 3 3 3 3 3 3 3 3 3 3 3 3 3
99 99 99 99 99 99 99 99 99 99 99 99 99 99 99 99 99 99 99 99 99 99 99 99 99 99 99
99 99 99 99 99 99 99 99 99 99 99 99 99 99 99 99 99 99 99 99 99 99 99 99 99 99 99 99 99 99
25 39 25 25 25 25 39 39 25 25 99 25 25 39 39 25 39 39 39
99 99 99 99 99 99 99 99 99 99 99 99 99 99 99 99 99 99 99 99 99 99 99 99 99
0 0 0 0 0 0 0 0 0 0 0 0
44 77 77 99 44 44 77 44 77 44 99 99 44
99 99 99 99 99 99 99 99 99 99 99 99 99 99 99 99 99 99 99 99 99 99 99 99 99 99 99 99 99 99 99 99 99 99 99 99 99 99 99 99
99 99 99 99 99 99 99 99 99 99 99 99 99 99 99 99 99
7 7 7 7 7 94 13 13 7 13 13 7
16 16 99 16 16 16 16 16 16 16 16 16 16
99 99 99 99 99 99 99 99 99 99 99 99 99 99 99
99 99 99 99 99 99 99 99 99 99 99 99 99 99 99 99 99 99
15 15 15 15 15 15 15 15 15 15 15 15 15 99 15
27 27 35 27 27 35 99 27 35 27 35 99 35 35 27
99 62 62 99 99 62 62 62 62 99 62 99 62 99
99 99 99 99 99 99 99 99 99 99 99 99 99 99 99 99 99 99 99 99 99 99 99 99 99 99 99 99 99 99 99 99 99 99
99 99 99 99 99 99 99 99 99 99 99 99 99 99 99 99 99 99
52 52 31 31 31 52 31 41 41 31 41 31 99 52 41 41
27 27 35 35 99 27 27 35 35 27 27 35 99 35 27
0 0 0 0 0 0 0 0 0 0 0 0
22 43 43 22 22 99 99 43 22 22 43 22
99 99 99 99 99 99 99 99 99 99 99 99 99 99 99 99 99 99 99 99 99 99 99 99 99 99 99 99 99 99 99 99 99 99 99 99 99 99 99 99 99 99 99 99 99 99 99 99 99 99 99 99 99 99 99 99
99 99 99 99 99 99 99 99 99 99 99 99 99 99 99 99 99 99 99 99 99 99 99 99 99 99 99 99 99 99
99 99 99 99 99 99 99 99 99 99 99 99 99 99 99 99 99 99 99 99 99 99
9 9 9 9 9 9 9 9 9 9 9 9 9 9 9 9 9
3 3 3 3 3 3 3 3 3 3 3 3 3 3 3 3 3 3
21 11 21 11 11 21 11 11 21 11 11 99 21 11
35 35 35 27 27 99 35 27 27 27 35 99 27 27 35
95 99 99 99 99 99 99 95 95 99 95 99 99 99 99 99 95 99 95 99 95 99 99 95 99 95 95 95 95 99 99
58 58 58 99 58 99 58 58 99 58 58 58 99 99 99 58 99 58
99 99 99 99 99 99 99 99 99 99 99 99 99 99 99 99 99
99 99 99 99 99 99 99 99 99 99 99 99 99 99 99 99 99 99 99 99 99 99
0 0 0 0 0 0 0 0 0 0 0 0
99 99 99 99 99 99 99 99 99 99 99 99 99 99 99 99 99
99 99 99 99 99 99 99 99 99 99 99 99 99 99 99
19 19 19 12 19 12 12 12 19 12 99 12 12
35 99 99 35 27 35 35 27 27 27 35 35 27 27 27
99 99 99 99 99 99 99 99 99 99 99 99 99 99 99 99 99 99 99
4 4 4 4 4 4 4 4 4 4 4 4 4 4 4
99 99 99 99 99 99 99 99 99 99 99 99 99 99
99 99 99 99 99 99 99 99 99 99 99 99 99 99 99 99 99
0 0 0 0 0 0 0 0 0 0 0 0
0 0 0 0 0 0 0 0 0 0 0 0
99 99 99 99 99 99 99 99 99 99 99 99 99 99 99
7 7 13 13 7 7 7 94 7 13 7 13
41 52 41 41 31 99 31 52 31 31 31 31 52 41 52 41
14 20 14 20 14 20 14 20 99 20 14 14 14 20
6 6 8 6 8 64 6 8 8 6 6 8
99 99 99 99 99 99 99 99 99 99 99 99 99 99 99 99 99 99 99 99 99 99
99 99 99 99 99 99 99 99 99 99 99 99 99 99 99 99 99 99 99 99 99 99 99 99
99 99 99 99 99 99 99 99 99 99 99 99 99 99 99 99 99 99 99 99
9 9 9 9 9 9 9 9 9 9 9 9 9 9 9 9 9
99 99 99 99 99 99 99 99 99 99 99 99 99 99 99 99 99 99 99 99 99 99 99 99 99 99 99 99 99 99 99 99 99 99 99 99 99 99 99 99 99 99 99 99 99 99
65 33 33 33 65 33 33 33 65 65 33 33 65 33 33 65 99
99 99 99 99 99 99 99 99 99 99 99 99 99 99
99 40 99 40 40 40 40 99 99 40 40 99 40 99 40
99 99 99 99 99 99 99 99 99 99 99 99 99 99 99 99 99 99 99 99 99 99 99 99 99
99 99 99 99 99 99 99 99 99 99 99 99 99 99 99
77 77 44 44 99 44 44 77 99 44 44 99 77
99 99 99 99 99 99 99 99 99 99 99 99 99 99 99 99 99 99 99 99 99 99 99 99 99 99 99 99 99 99 99 99 99 99 99 99 99 99 99 99 99 99 99 99 99 99 99 99 99 99 99 99 99 99 99 99 99 99 99 99
99 99 99 99 99 99 99 99 99 99 99 99 99
99 99 99 99 99 99 99 99 99 99 99 99 99 99 99 99 99
78 78 78 78 78 99 78 78 99 78 78 99 78 78 78 99 99 78 78
13 7 7 7 7 13 7 7 7 13 13 94
99 99 99 99 99 99 99 99 99 99 99 99 99 99 99 99 99 99 99 99 99 99 99 99 99 99 99 99 99 99 99
99 99 99 99 99 99 99 99 99 99 99 99 99 99 99 99 99 99 99 99
99 99 99 99 99 99 99 99 99 99 99 99 99 99 99 99
37 51 51 51 37 51 37 51 51 99 37 37 37 37 37
99 99 99 99 99 99 99 99 99 99 99 99 99 99 99 99 99 99 99 99
99 99 99 99 99 99 99 99 99 99 99 99 99
15 15 15 15 15 15 15 15 15 15 15 15 15 99 15
99 99 99 99 99 99 99 99 99 99 99 99 99 99 99 99 99 99 99
99 99 99 99 99 99 99 99 99 99 99 99 99 99 99
35 99 99 35 27 35 35 27 27 27 35 35 27 27 27
99 99 99 99 99 99 99 99 99 99 99 99 99 99 99 99 99 99 99 99 99
99 99 99 99 99 99 99 99 99 99 99 99 99 99 99 99 99
99 99 99 99 99 99 99 99 99 99 99 99 99 99
99 99 99 99 99 99 99 99 99 99 99 99 99 99 99
0 0 0 0 0 0 0 0 0 0 0 0
99 99 99 99 99 99 99 99 99 99 99 99 99 99 99 99 99 99
99 99 99 99 99 99 99 99 99 99 99 99 99 99 99 99
99 99 99 99 99 99 99 99 99 99 99 99 99 99 99 99
99 40 99 40 40 40 40 99 99 40 40 99 40 99 40
12 19 12 99 12 19 19 12 12 12 19 19 12
0 0 0 0 0 0 0 0 0 0 0 0
6 6 8 8 8 6 6 8 6 64 6 8
99 99 99 99 99 99 99 99 99 99 99 99 99 99 99 99 99 99 99 99 99 99 99 99 99 99 99 99 99 99 99 99 99 99 99 99 99 99 99 99 99
57 57 81 99 81 57 81 81 57 81 81 99 57 57 57 81 99 99 99 99 57 57 81 57 99 99 99 57 99 99 81
99 99 99 99 99 99 99 99 99 99 99 99 99 99 99 99 99 99 99 99
0 0 0 0 0 0 0 0 0 0 0 0
99 99 99 99 99 99 99 99 99 99 99 99 99 99 99 99 99 99
94 7 13 7 13 7 7 13 7 7 7 13
99 99 99 99 99 99 99 99 99 99 99 99
99 99 99 99 99 99 99 99 99 99 99 99
99 99 99 99 99 99 99 99 99 99 99 99 99 99 99 99
17 17 17 46 46 17 17 17 99 17 46 46 17
48 48 99 48 48 48 48 48 48 99 48 48
99 99 99 99 99 99 99 99 99 99 99 99 99 99 99 99 99 99 99 99
3 3 3 3 3 3 3 3 3 3 3 3 3 3 3 3 3 3
99 99 99 99 99 99 99 99 99 99 99 99 99 99 99 99 99 99 99 99 99 99 99 99 99 99 99 99 99
99 99 99 99 99 99 99 99 99 99 99 99 99 99 99 99 99 99 99 99 99 99
16 16 99 16 16 16 16 16 16 16 16 16 16
0 0 0 0 0 0 0 0 0 0 0 0
43 99 99 43 43 22 22 22 22 22 43 22
99 99 99 99 99 99 99 99 99 99 99 99
99 99 99 99 99 99 99 99 99 99 99 99 99 99 99 99 99 99 99 99 99 99 99 99 99 99 99
99 99 99 99 99 99 99 99 99 99 99 99 99 99
99 99 99 99 99 99 99 99 99 99 99 99 99 99 99 99 99 99 99 99 99 99 99 99 99 99
99 99 99 99 99 99 99 99 99 99 99 99 99 99 99 99 99 99 99 99 99 99 99 99 99 99 99 99 99 99 99 99 99 99 99 99 99 99 99 99 99 99 99 99 99 99 99 99 99 99 99 99 99 99 99
0 0 0 0 0 0 0 0 0 0 0 0
99 99 99 99 99 99 99 99 99 99 99 99 99 99 99 99 99 99 99 99 99 99 99 99 99 99 99 99 99 99 99 99 99 99 99 99 99 99 99 99 99 99 99 99
99 99 99 99 99 99 99 99 99 99 99 99 99 99 99
0 0 0 0 0 0 0 0 0 0 0 0
0 0 0 0 0 0 0 0 0 0 0 0
8 8 8 64 6 6 6 6 8 6 8 6
58 58 99 58 99 99 58 99 58 58 58 99 58 58 99 99 58 58
99 99 99 99 99 99 99 99 99 99 99 99 99 99 99 99 99 99 99 99 99 99 99 99 99 99 99 99 99 99 99 99 99
99 99 99 99 99 99 99 99 99 99 99 99 99 99 99 99 99 99
99 99 99 99 99 99 99 99 99 99 99 99 99 99 99 99 99 99
99 99 99 99 99 99 99 99 99 99 99 99 99 99 99 99 99 99 99 99 99 99
62 99 62 62 62 62 62 99 62 99 99 99 99 62
17 17 17 17 46 46 17 17 17 17 46 46 99
99 99 99 99 99 99 99 99 99 99 99 99 99 99 99 99 99 99 99 99 99 99 99
99 99 99 99 99 99 99 99 99 99 99 99 99 99
14 20 20 14 20 14 20 20 14 99 14 20 14 14
99 99 99 99 99 99 99 99 99 99 99 99 99 99 99 99 99 99 99 99 99 99 99 99 99 99 99 99 99 99 99 99 99 99 99 99 99 99
99 99 99 99 99 99 99 99 99 99 99 99 99 99 99 99 99 99 99
14 14 20 99 20 14 20 14 20 14 14 20 14 20
0 0 0 0 0 0 0 0 0 0 0 0
99 99 99 99 99 99 99 99 99 99 99 99 99 99 99
0 0 0 0 0 0 0 0 0 0 0 0
5 5 5 5 5 5 5 5 5 5 5 5 5 5 5 5 5 5 5 5
99 99 99 99 99 99 99 99 99 99 99 99 99 99 99 99 99 99 99
3 3 3 3 3 3 3 3 3 3 3 3 3 3 3 3 3 3
99 99 99 99 99 99 99 99 99 99 99 99 99 99 99 99 99 99 99 99 99 99 99
99 99 99 99 99 99 99 99 99 99 99 99 99 99 99 99 99 99 99
99 99 99 99 99 99 99 99 99 99 99 99 99 99
64 6 6 8 6 8 6 8 8 6 6 8
20 20 14 20 14 20 14 20 14 99 14 14 14 20
99 99 99 99 99 99 99 99 99 99 99 99 99 99 99 99 99 99 99 99 99 99 99 99 99 99
99 99 99 99 99 99 99 99 99 99 99 99 99 99 99 99 99 99 99 99 99 99 99 99 99 99 99 99 99 99 99 99 99 99 99 99 99 99 99 99 99 99 99 99 99 99 99 99 99 99 99 99 99 99 99 99 99 99 99 99 99 99 99 99 99 99 99 99 99 99 99 99 99 99 99 99 99 99 99 99 99 99 99 99
37 51 51 37 51 37 37 37 51 37 37 37 51 99 51
99 99 99 99 99 99 99 99 99 99 99 99 99 99 99 99 99 99
99 99 99 99 99 99 99 99 99 99 99 99 99 99 99 99 99 99 99 99 99 99 99 99 99 99 99 99 99 99 99 99 99 99 99 99
99 99 99 99 99 99 99 99 99 99 99 99 99 99 99 99
99 99 99 99 99 99 99 99 99 99 99 99 99 99
99 99 99 99 99 99 99 99 99 99 99 99 99 99 99 99 99 99 99
3 3 3 3 3 3 3 3 3 3 3 3 3 3 3 3 3 3
3 3 3 3 3 3 3 3 3 3 3 3 3 3 3 3 3 3
99 99 99 99 99 99 99 99 99 99 99 99 99 99 99 99 99 99 99 99
99 99 99 99 99 99 99 99 99 99 99 99 99 99 99 99 99 99 99 99 99 99 99 99 99 99 99 99 99 99 99 99 99
99 99 99 99 99 99 99 99 99 99 99 99 99 99 99 99 99 99 99 99 99
99 99 99 99 99 99 99 99 99 99 99 99 99 99 99 99 99 99 99 99 99 99 99 99 99 99 99 99 99 99 99 99 99 99 99 99 99 99 99 99 99 99 99 99 99 99 99 99 99 99 99 99 99 99 99 99 99 99 99 99 99 99 99 99 99 99 99 99 99 99 99 99
99 99 99 99 99 99 99 99 99 99 99 99 99 99 99 99 99 99 99 99 99 99 99 99 99 99 99 99 99
99 99 99 99 99 99 99 99 99 99 99 99 99 99 99 99 99 99 99
7 13 13 7 13 94 7 7 13 7 7 7
99 99 99 99 99 99 99 99 99 99 99 99 99 99 99 99 99 99 99
19 12 12 19 12 19 99 19 12 19 12 12 12
99 99 99 99 99 99 99 99 99 99 99 99 99 99 99 99
99 99 99 99 99 99 99 99 99 99 99 99 99 99 99 99 99 99 99 99 99 99 99 99 99 99 99 99 99 99 99 99 99 99 99 99 99 99 99 99 99 99 99 99 99 99 99 99 99 99 99 99 99 99 99 99 99 99 99 99 99 99 99 99 99 99 99 99 99 99 99 99 99 99 99 99 99 99 99 99 99 99 99 99 99 99 99 99 99 99 99 99 99 99 99 99 99 99 99 99 99 99 99 99 99 99 99 99 99 99 99 99 99 99 99 99 99 99 99 99 99 99 99 99 99 99 99 99 99 99 99 99 99 99 99 99
0 0 0 0 0 0 0 0 0 0 0 0
99 99 99 99 99 99 99 99 99 99 99 99 99 99 99 99 99 99 99 99 99 99
0 0 0 0 0 0 0 0 0 0 0 0
99 99 99 99 99 99 99 99 99 99 99 99 99 99 99 99 99 99 99 99 99 99 99 99 99 99 99 99 99 99 99 99 99 99 99 99
99 99 99 99 99 99 99 99 99 99 99 99 99 99 99 99 99 99 99 99 99 99 99 99 99 99 99 99
99 99 99 99 99 99 99 99 99 99 99 99 99 99 99
99 99 99 99 99 99 99 99 99 99 99 99 99 99 99 99 99 99 99 99 99 99 99 99 99 99 99 99
99 99 99 99 99 99 99 99 99 99 99 99 99
99 99 99 99 99 99 99 99 99 99 99 99 99 99 99 99 99 99 99 99 99 99 99 99
99 99 99 99 99 99 99 99 99 99 99 99 99 99 99 99 99 99 99 99 99 99 99 99 99 99 99 99 99 99 99 99 99 99 99 99 99 99 99 99 99 99 99 99 99 99 99 99 99 99 99 99 99 99 99 99 99 99 99 99 99 99 99 99 99 99
0 0 0 0 0 0 0 0 0 0 0 0
99 99 99 99 99 99 99 99 99 99 99 99 99 99 99 99 99 99 99 99 99 99 99 99 99 99 99 99 99 99 99 99 99 99 99 99 99 99 99 99 99 99 99 99 99 99 99 99 99 99 99 99 99 99 99
0 0 0 0 0 0 0 0 0 0 0 0
99 40 99 40 40 40 40 99 99 40 40 99 40 99 40
7 7 7 7 13 94 7 13 13 13 7 7
99 99 99 99 99 99 99 99 99 99 99 99 99 99 99 99 99
22 22 99 22 43 43 22 43 43 99 22 22
99 99 99 99 99 99 99 99 99 99 99 99 99 99
3 3 3 3 3 3 3 3 3 3 3 3 3 3 3 3 3 3
99 99 99 99 99 99 99 99 99 99 99 99 99 99 99 99 99 99 99 99 99
5 5 5 5 5 5 5 5 5 5 5 5 5 5 5 5 5 5 5 5
99 99 99 99 99 99 99 99 99 99 99 99 99 99 99 99 99 99 99
99 99 99 99 99 99 99 99 99 99 99 99 99
99 99 99 99 99 99 99 99 99 99 99 99 99 99 99
99 99 99 99 99 99 99 99 99 99 99 99 99 99 99 99 99 99
99 99 99 99 99 99 99 99 99 99 99 99 99 99 99 99 99
99 99 99 99 99 99 99 99 99 99 99 99 99 99 99 99 99 99 99 99 99
99 99 99 99 99 99 99 99 99 99 99 99 99 99 99 99 99 99 99 99 99 99 99 99
99 99 99 99 99 99 99 99 99 99 99 99 99 99 99 99 99 99 99 99 99 99
99 99 99 99 99 99 99 99 99 99 99 99 99 99 99 99 99 99 99 99 99 99 99 99
99 99 99 99 99 99 99 99 99 99 99 99 99 99 99 99
44 77 77 99 44 44 77 44 77 44 99 99 44
99 99 99 99 99 99 99 99 99 99 99 99 99 99 99 99
99 99 99 99 99 99 99 99 99 99 99 99 99 99 99 99 99 99 99 99 99 99
99 99 99 99 99 99 99 99 99 99 99 99
99 99 99 99 99 99 99 99 99 99 99 99 99 99 99 99 99 99 99 99 99 99 99 99 99 99 99 99 99 99 99 99 99 99 99 99 99
0 0 0 0 0 0 0 0 0 0 0 0
99 99 99 99 99 99 99 99 99 99 99 99
99 99 99 99 99 99 99 99 99 99 99 99 99 99 99 99 99 99 99 99 99 99
99 66 66 99 66 99 66 66 99 66 66 99 99 66 99 66 66 99
11 21 11 11 11 11 21 99 11 21 11 21 21 11
91 99 99 91 99 99 99 91 99 91 99 91
0 0 0 0 0 0 0 0 0 0 0 0
99 99 99 99 99 99 99 99 99 99 99 99 99 99 99 99 99 99 99 99 99 99 99
99 99 99 99 99 99 99 99 99 99 99 99 99 99 99 99 99 99 99 99 99 99
99 99 99 99 99 99 99 99 99 99 99 99 99 99 99 99 99 99 99 99
5 5 5 5 5 5 5 5 5 5 5 5 5 5 5 5 5 5 5 5
0 0 0 0 0 0 0 0 0 0 0 0
26 26 26 26 26 99 26 26 99 26 26 99 99 26
32 49 32 23 49 23 32 99 23 23 32 23 49
38 47 98 38 38 98 38 98 47 47 38 99 38 47 47
99 99 99 99 99 99 99 99 99 99 99 99 99
99 99 99 99 99 99 99 99 99 99 99 99 99 99 99 99 99 99 99 99 99 99
23 32 32 32 99 49 23 49 23 49 23 23 32
99 99 99 99 99 99 99 99 99 99 99 99 99 99 99 99 99 99 99 99 99 99 99 99 99 99 99
99 63 63 63 99 99 99 99 63 63 63 99 63 99 63
6 64 8 6 8 6 6 8 8 6 6 8
26 26 99 26 26 99 99 26 26 26 26 99 26 26
99 99 99 99 99 99 99 99 99 99 99 99 99 99 99 99
2 2 2 2 2 2 2 2 2 2 2 2 2 2 2 2 2 2 2 2 2 2 2 2 2 2 2
99 99 99 99 99 99 99 99 99 99 99 99 99 99 99 99 99 99 99 99 99 99 99 99 99 99 99 99 99 99 99 99 99 99 99 99 99 99
99 99 99 99 99 99 99 99 99 99 99 99 99 99 99 99 99 99 99
92 99 99 92 92 99 92 99 92 99 92 99 99 92 92 92 92 92 92 99 99 92 99 92 92 99 99 99 92 92 92 92 92 99 99 92 99 99 99 99 99 92 92 99 92 99 99 92 99 99
0 0 0 0 0 0 0 0 0 0 0 0
4 4 4 4 4 4 4 4 4 4 4 4 4 4 4
99 99 99 99 99 99 99 99 99 99 99 99 99 99 99 99 99 99 99 99 99
99 99 99 99 99 99 99 99 99 99 99 99 99 99 99 99 99 99 99 99 99 99 99 99 99 99 99 99 99 99 99 99 99 99 99 99 99 99 99
32 23 49 99 23 49 23 23 32 49 32 23 32
24 24 24 24 99 24 99 24 24 24 99 99
99 99 99 99 99 99 99 99 99 99 99 99 99 99 99 99 99 99 99 99 99 99
99 99 99 99 99 99 99 99 99 99 99 99 99 99 99 99 99 99 99 99 99 99 99 99 99 99 99 99
99 99 99 99 99 99 99 99 99 99 99 99 99 99 99 99 99 99 99
1 1 1 1 1 1 1 1 1 1 1 1 1 1 1 1 1 1 1 1 1 1 1 1 1 1 1 1 1 1
4 4 4 4 4 4 4 4 4 4 4 4 4 4 4
99 99 99 99 99 99 99 99 99 99 99 99 99 99 99
99 99 99 99 99 99 99 99 99 99 99 99 99 99 99
99 99 99 99 99 99 99 99 99 99 99 99 99 99 99 99 99 99 99 99 99 99 99 99
7 94 7 7 13 7 7 13 13 7 7 13
99 99 99 99 99 99 99 99 99 99 99 99 99 99 99 99
6 8 6 8 64 6 6 8 6 8 8 6
22 43 43 22 22 99 22 22 43 22 43 99
8 8 6 8 6 8 8 6 64 6 6 6
99 99 99 99 99 99 99 99 99 99 99 99 99 99
10 10 10 10 10 10 10 10 10 10 10 10 10
99 99 99 99 99 99 99 99 99 99 99 99 99 99
99 99 99 99 99 99 99 99 99 99 99 99 99 99 99 99
99 99 99 99 99 99 99 99 99 99 99 99 99
99 99 99 99 99 99 99 99 99 99 99 99 99 99
1 1 1 1 1 1 1 1 1 1 1 1 1 1 1 1 1 1 1 1 1 1 1 1 1 1 1 1 1 1
99 99 99 99 99 99 99 99 99 99 99 99 99
99 99 99 99 99 99 99 99 99 99 99 99 99 99 99 99 99 99 99 99 99 99 99 99 99 99 99 99 99 99 99
99 99 99 99 99 99 99 99 99 99 99 99 99
42 42 42 42 42 99 42 99 42 42 99 42 99 99
20 14 20 14 20 14 14 99 14 20 14 20 14 20
99 99 99 99 99 99 99 99 99 99 99 99 99 99 99 99
42 42 99 42 42 99 99 99 42 42 42 42 42 99
8 6 6 8 6 8 8 6 6 64 8 6
67 67 53 53 99 67 53 67 53 53 67 53
99 99 99 99 68 68 68 68 68 99 68 68 99 68 68 99 99 68
2 2 2 2 2 2 2 2 2 2 2 2 2 2 2 2 2 2 2 2 2 2 2 2 2 2 2
19 19 12 19 12 19 19 12 12 12 12 99 12
99 99 99 99 99 99 99 99 99 99 99 99 99 99 99 99 99
99 99 99 99 99 99 99 99 99 99 99 99 99 99 99 99 99 99 99 99 99
99 99 99 99 99 99 99 99 99 99 99 99 99 99 99 99 99 99 99 99 99 99 99
99 26 26 99 26 26 26 26 26 26 99 99 26 26
99 99 99 99 99 99 99 99 99 99 99 99 99 99 99 99 99 99 99 99 99
1 1 1 1 1 1 1 1 1 1 1 1 1 1 1 1 1 1 1 1 1 1 1 1 1 1 1 1 1 1
99 99 99 99 99 99 99 99 99 99 99 99 99 99 99 99 99 99
99 99 99 99 99 99 99 99 99 99 99 99 99 99 99 99 99 99 99 99 99 99 99 99 99 99
99 83 83 99 83 83 83 83 83 83 99 83 83 83 83 83 83 83 83 99 83 83 83 83 83 83 83 99 83 83 83 99
4 4 4 4 4 4 4 4 4 4 4 4 4 4 4
99 99 99 99 99 99 99 99 99 99 99 99 99 99 99 99 99 99 99 99 99 99 99 99
99 99 99 99 99 99 99 99 99 99 99 99 99 99 99 99 99 99 99 99 99 99 99 99
16 16 16 16 16 16 16 16 16 16 16 99 16
99 24 24 24 24 99 24 24 24 99 24 99
17 17 17 46 17 17 99 17 17 17 46 46 46
99 99 99 99 99 99 99 99 99 99 99 99 99 99 99 99 99 99
99 99 99 99 99 99 99 99 99 99 99 99 99 99 99 99 99 99 99 99 99 99 99 99 99 99 99 99 99 99 99 99 99 99 99 99 99
46 17 17 17 17 99 17 17 46 17 17 46 46
11 21 21 11 11 11 99 11 11 11 11 21 21 21
99 99 99 99 99 99 99 99 99 99 99 99 99 99 99 99 99 99 99 99
18 59 18 99 18 18 59 18 18 59 59 18 18 18 18
99 99 99 99 99 99 99 99 99 99 99 99 99 99 99 99 99
60 60 60 60 60 60 60 60 60 60 60 60 60 60 60 99 60
65 33 65 33 65 33 99 33 33 33 65 33 65 33 33 65 33
99 99 99 99 99 99 99 99 99 99 99 99 99 99 99 99 99 99 99 99 99 99 99 99 99 99 99 99 99 99 99
33 33 33 33 65 33 65 33 65 99 65 33 33 65 65 33 33
31 52 99 41 52 41 31 52 31 31 41 52 31 41 31 41
99 12 19 19 12 12 19 12 12 19 19 12 12
99 99 99 99 99 99 99 99 99 99 99 99 99 99 99 99 99 99 99 99 99
80 80 99 80 80 80 80 80 80 80 80 80 80 80 80 99 80 80 99 80 99 80 80 80 80 99 99 80 80 80 99 80 99 80 80 80
99 99 99 99 99 99 99 99 99 99 99 99 99 99 99 99 99
1 1 1 1 1 1 1 1 1 1 1 1 1 1 1 1 1 1 1 1 1 1 1 1 1 1 1 1 1 1
99 99 99 99 99 99 99 99 99 99 99 99 99 99 99
99 99 99 99 99 99 99 99 99 99 99 99 99 99 99 99 99 99 99 99
0 0 0 0 0 0 0 0 0 0 0 0
23 49 49 23 49 32 23 32 32 99 23 23 32
99 99 99 99 99 99 99 99 99 99 99 99 99 99 99 99 99 99 99 99 99 99 99 99 99 99 99 99 99 99 99 99 99 99 99
99 99 99 99 99 99 99 99 99 99 99 99 99 99 99
38 47 98 47 38 98 38 47 47 47 38 38 98 38 99
99 99 99 99 99 99 99 99 99 99 99 99 99 99 99 99 99
93 99 93 99 93 93 93 93 93 93 99 93 93 93 93 99 93 99 99 99 93 93 93 93 93 93 93 99 99 99 93 99 93 93 93 99 99 93 99 99
99 99 99 99 99 99 99 99 99 99 99 99 99 99 99 99
0 0 0 0 0 0 0 0 0 0 0 0
99 99 99 99 99 99 99 99 99 99 99 99 99 99 99 99 99 99
6 6 8 8 6 6 8 8 64 6 6 8
99 99 99 99 99 99 99 99 99 99 99 99 99 99 99 99
25 25 39 39 39 25 25 39 99 25 25 25 39 25 39 25 39 25 39
16 16 16 16 16 16 16 16 16 16 16 16 99
84 84 84 84 84 99 84 84 84 84 84 84 84 84 84 84 99 99 84 99 84 84 84 84 84 84 84 84 84 84 99
99 32 32 23 49 23 32 32 23 23 49 49 23
12 12 19 12 99 19 12 12 12 19 19 19 12
99 99 99 99 99 99 99 99 99 99 99 99 99 99 99 99 99 99 99 99
8 6 64 6 6 6 6 8 6 8 8 8
54 54 54 54 54 54 54 99 54 54 54 54 54
54 54 54 54 54 99 54 54 54 54 54 54 54
64 6 6 6 6 6 8 8 8 6 8 8
99 99 99 99 99 99 99 99 99 99 99 99 99 99 99 99 99 99
99 99 99 99 99 99 99 99 99 99 99 99 99 99
99 99 99 99 99 99 99 99 99 99 99 99 99 99 99 99 99 99 99 99 99 99 99 99 99
99 99 99 99 99 99 99 99 99 99 99 99
99 99 99 99 99 99 99 99 99 99 99 99 99 99 99 99 99 99 99 99 99 99 99 99
99 99 99 99 99 99 99 99 99 99 99 99 99 99 99 99 99 99 99 99 99
30 30 30 30 99 30 50 50 30 50 30 50 30 50 30 50
1 1 1 1 1 1 1 1 1 1 1 1 1 1 1 1 1 1 1 1 1 1 1 1 1 1 1 1 1 1
68 99 68 68 68 99 68 68 68 68 99 99 68 99 99 68 99 99
99 99 99 99 99 99 99 99 99 99 99 99 99 99 99
99 99 99 99 99 99 99 99 99 99 99 99 99
2 2 2 2 2 2 2 2 2 2 2 2 2 2 2 2 2 2 2 2 2 2 2 2 2 2 2
99 99 99 99 99 99 99 99 99 99 99 99 99 99 99 99 99 99 99 99 99 99 99 99
24 24 24 24 24 24 99 99 99 24 99 24
99 99 99 99 99 99 99 99 99 99 99 99
99 99 99 99 99 99 99 99 99 99 99 99 99 99 99 99 99 99 99 99 99 99 99 99 99 99 99 99
99 99 24 24 24 99 24 24 24 24 24 99
6 8 6 6 6 8 8 64 6 8 8 6
99 99 99 99 99 99 99 99 99 99 99 99
99 99 99 99 99 99 99 99 99 99 99 99 99
1 1 1 1 1 1 1 1 1 1 1 1 1 1 1 1 1 1 1 1 1 1 1 1 1 1 1 1 1 1
99 99 99 99 99 99 99 99 99 99 99 99 99 99 99 99 99 99 99 99
54 54 54 54 54 54 54 99 54 54 54 54 54
99 99 99 91 99 99 99 99 91 91 91 91
13 7 13 13 94 7 7 7 13 7 7 7
10 10 10 10 10 10 10 10 10 10 10 10 10
99 99 99 99 99 99 99 99 99 99 99 99 99 99 99 99 99 99 99 99 99 99 99 99 99 99 99 99 99 99 99 99 99 99 99 99 99 99 99 99 99 99 99 99 99 99
99 99 99 99 99 99 99 99 99 99 99 99 99 99 99 99 99
2 2 2 2 2 2 2 2 2 2 2 2 2 2 2 2 2 2 2 2 2 2 2 2 2 2 2
99 99 99 99 99 99 99 99 99 99 99 99
99 99 99 99 99 99 99 99 99 99 99 99 99 99 99 99 99
99 99 99 99 99 99 99 99 99 99 99 99 99 99 99 99 99 99 99 99 99
70 70 70 99 70 99 99 99 70 70 70 70 70 70 70 70 99 99 99 70 70 70 99 70 70 70 70 70 99 99 70 70 70 99 70 70 99 70 70 70 70
99 99 99 99 99 99 99 99 99 99 99 99 99 99 99 99 99 99
99 99 99 99 99 99 99 99 99 99 99 99 99 99 99 99 99 99 99 99 99 99 99 99 99 99 99 99 99 99
6 8 6 8 8 6 64 8 8 6 6 6
99 99 99 99 99 99 99 99 99 99 99 99 99 99 99 99 99 99 99 99 99 99 99 99 99 99 99 99 99 99 99 99 99 99 99 99 99 99 99
99 99 99 99 99 99 99 99 99 99 99 99 99 99 99 99 99 99 99 99 99 99 99 99 99
99 99 99 99 99 99 99 99 99 99 99 99 99 99
99 99 99 99 99 99 99 99 99 99 99 99 99 99 99 99 99 99 99
34 28 28 28 99 28 28 34 28 28 34 28 28 28 34 34 28 34 34 28 34 34 34 34 34 28 99 34 34 28 28 28 34 28 34 28 34 28 34 34 28 28 28 34 34 28 34 28 34 28 34 28 28 34 28
99 99 99 99 99 99 99 99 99 99 99 99 99 99
2 2 2 2 2 2 2 2 2 2 2 2 2 2 2 2 2 2 2 2 2 2 2 2 2 2 2
99 99 99 99 99 99 99 99 99 99 99 99 99 99
99 25 25 39 39 39 39 25 25 25 25 39 25 25 25 39 25 39 39
99 99 99 99 99 99 99 99 99 99 99 99 99 99 99 99 99
23 32 23 23 32 49 23 49 32 99 23 32 49
99 11 11 21 11 11 21 11 21 21 11 21 11 11
51 51 37 99 37 37 37 37 51 37 51 51 37 37 51
99 99 99 99 99 99 99 99 99 99 99 99 99 99 99
48 48 48 48 48 99 48 48 99 48 48 48
99 17 46 17 17 17 46 46 46 17 17 17 17
99 99 99 99 99 99 99 99 99 99 99 99 99 99 99 99 99
2 2 2 2 2 2 2 2 2 2 2 2 2 2 2 2 2 2 2 2 2 2 2 2 2 2 2
99 99 99 99 99 99 99 99 99 99 99 99 99 99 99 99 99 99 99 99 99 99 99 99 99 99 99 99 99 99 99 99 99
99 99 99 99 99 99 99 99 99 99 99 99 99 99 99 99 99 99
99 99 99 99 99 99 99 99 99 99 99 99 99 99
99 99 99 99 99 99 99 99 99 99 99 99 99 99 99 99 99 99 99 99 99 99 99 99 99 99 99 99 99 99 99 99 99
99 99 99 99 99 99 99 99 99 99 99 99 99 99 99
99 99 99 99 99 99 99 99 99 99 99 99 99 99 99 99 99 99 99 99 99 99 99 99 99 99 99 99 99 99 99 99 99 99 99 99 99 99 99 99 99 99 99
13 13 7 7 7 7 13 13 7 7 7 94
99 99 99 99 99 99 99 99 99 99 99 99 99 99 99 99 99 99 99 99 99 99 99 99 99 99 99 99 99 99 99 99 99 99
99 99 99 99 99 99 99 99 99 99 99 99 99 99 99 99 99 99 99 99 99 99 99 99 99 99 99 99 99 99 99 99 99 99
2 2 2 2 2 2 2 2 2 2 2 2 2 2 2 2 2 2 2 2 2 2 2 2 2 2 2
38 98 47 47 98 38 47 47 98 38 47 99 38 38 38
99 99 99 99 99 99 99 99 99 99 99 99 99 99 99 99 99 99 99 99 99 99 99 99 99 99 99 99 99 99 99 99 99 99 99 99
99 99 99 99 99 99 99 99 99 99 99 99 99 99 99 99 99 99 99 99 99
99 99 99 99 99 99 99 99 99 99 99 99
99 99 99 99 99 99 99 99 99 99 99 99 99 99 99 99 99 99 99 99 99 99 99
99 99 99 99 99 99 99 99 99 99 99 99 99 99 99 99 99 99 99
10 10 10 10 10 10 10 10 10 10 10 10 10
99 99 99 99 99 99 99 99 99 99 99 99 99 99 99 99
99 99 99 99 99 99 99 99 99 99 99 99 99 99 99 99 99 99 99 99 99 99 99 99 99 99 99 99 99 99 99 99 99 99 99
99 99 99 62 62 99 62 99 99 62 62 62 62 62
69 69 69 69 69 69 69 69 69 69 99 69 69 69 69 69
99 99 99 99 99 99 99 99 99 99 99 99 99 99 99 99 99 99 99
16 16 16 16 16 16 16 16 99 16 16 16 16
14 20 20 14 20 20 99 20 14 14 14 14 20 14
99 99 24 24 99 24 24 99 24 24 24 24
99 99 99 99 99 99 99 99 99 99 99 99 99 99 99 99 99 99 99 99 99 99
99 99 99 99 99 99 99 99 99 99 99 99 99 99 99 99 99 99 99
99 99 99 99 99 99 99 99 99 99 99 99 99 99 99
99 99 99 99 99 99 99 99 99 99 99 99 99 99 99 99 99 99 99 99
50 30 30 50 30 50 30 99 30 30 30 50 30 50 30 50
99 99 99 99 99 99 99 99 99 99 99 99
99 63 99 63 99 99 63 99 63 63 63 63 99 99 63
99 99 99 99 99 99 99 99 99 99 99 99 99 99 99 99 99 99 99 99 99 99 99 99 99 99
99 99 91 99 99 91 99 91 91 91 99 99
99 99 99 99 99 99 99 99 99 99 99 99 99
99 99 99 99 99 99 99 99 99 99 99 99 99 99 99 99 99 99 99 99 99 99 99 99 99 99 99 99 99 99 99 99 99 99 99 99 99 99 99 99 99 99 99
99 26 26 26 99 26 26 26 99 99 26 26 26 26
99 99 99 99 99 99 99 99 99 99 99 99 99 99 99 99
99 99 99 99 99 99 99 99 99 99 99 99 99 99 99 99 99 99 99 99 99 99 99 99 99 99 99 99 99
99 99 99 99 99 99 99 99 99 99 99 99 99 99 99 99
1 1 1 1 1 1 1 1 1 1 1 1 1 1 1 1 1 1 1 1 1 1 1 1 1 1 1 1 1 1
10 10 10 10 10 10 10 10 10 10 10 10 10
99 99 99 99 99 99 99 99 99 99 99 99 99 99 99 99 99 99
18 18 18 18 99 18 18 59 59 18 59 18 18 59 18
71 71 71 71 99 71 71 71 71 71 71 71 99 71 71 71 71 71 99 71 99 71 71 71 71 71 99 71 71 71 99 71 71 71 99 99 99 71
4 4 4 4 4 4 4 4 4 4 4 4 4 4 4
7 7 7 13 7 7 7 13 13 94 7 13
49 23 23 23 32 32 99 23 32 23 49 49 32
99 99 99 99 99 99 99 99 99 99 99 99 99 99 99 99 99 99 99 99 99 99 99 99 99 99
99 99 99 99 99 99 99 99 99 99 99 99 99 99 99 99
72 72 99 72 72 72 72 72 72 72 72 99 72 72 72 72 99 72 72 72 72 72 99 72 72 72 72 72 72 99 99 72 99 72 72 72
36 36 99 36 36 36 36 99 36 36 36 36 36 36
99 99 99 99 99 99 99 99 99 99 99 99 99 99 99 99 99 99 99 99 99 99 99 99 99 99
82 82 82 99 99 82 82 99 82 99 82 82 99 82 99
99 99 99 99 99 99 99 99 99 99 99 99 99 99 99 99 99 99 99 99 99 99 99
99 99 99 99 99 99 99 99 99 99 99 99 99
99 99 99 99 99 99 99 99 99 99 99 99 99 99 99 99 99 99 99
13 13 94 13 13 7 7 7 7 7 7 7
99 99 99 99 99 99 99 99 99 99 99 99 99 99 99
7 94 7 13 13 13 7 7 7 7 7 13
99 99 99 99 99 99 99 99 99 99 99 99 99 99 99 99 99 99 99 99 99 99 99 99 99 99
99 99 99 99 99 99 99 99 99 99 99 99 99 99 99 99 99 99
99 99 99 99 99 99 99 99 99 99 99 99 99 99 99 99 99
19 19 12 19 12 19 12 12 12 19 99 12 12
85 85 85 85 85 85 85 85 85 85 85 85 85 85 85 85 85 85 85 85 85 99 99 85 99 85 99 85 85 85
99 99 99 99 99 99 99 99 99 99 99 99 99 99 99
59 59 18 18 18 18 99 18 18 59 18 18 18 18 59
15 15 15 15 15 15 15 15 99 15 15 15 15 15 15
99 99 99 99 99 99 99 99 99 99 99 99 99 99 99 99 99 99 99 99 99 99 99 99 99
23 23 32 49 32 32 99 49 49 23 23 32 23
99 99 99 99 99 99 99 99 99 99 99 99 99 99 99 99 99 99 99 99 99 99 99 99
99 99 99 99 99 99 99 99 99 99 99 99 99 99 99 99 99 99 99 99 99 99 99 99
99 99 99 99 99 99 99 99 99 99 99 99 99 99 99 99 99 99 99 99 99 99 99 99 99
99 99 99 99 99 99 99 99 99 99 99 99 99 99
99 99 99 99 99 99 99 99 99 99 99 99 99 99 99 99 99 99 99 99
79 79 79 79 79 79 79 79 79 79 99 99 79 99 79 99 99 99 79 79 99
99 99 99 99 99 99 99 99 99 99 99 99 99 99 99 99 99
99 21 11 11 11 11 21 21 11 21 11 11 11 21
10 10 10 10 10 10 10 10 10 10 10 10 10
82 82 82 82 99 99 99 99 82 82 99 82 99 82 82
99 99 99 99 99 99 99 99 99 99 99 99 99 99 99 99 99 99 99 99 99 99
73 73 73 73 73 73 73 73 73 99 73 73 99 73 99 73 73 73 73 73 99 99 73 99 73 73 73 99 73 99 99 99 73 73 73 99 99 73 73 73 73 99
59 18 18 18 59 18 18 18 18 18 18 99 59 18 59
1 1 1 1 1 1 1 1 1 1 1 1 1 1 1 1 1 1 1 1 1 1 1 1 1 1 1 1 1 1
99 99 99 99 99 99 99 99 99 99 99 99 99 99 99
74 74 74 74 74 74 99 74 74 74 74 74 99 99 99 74 74 74 74 74 99 99 99 99 99 99 99 74 74 74 99 99 74 74 99 74 99 99 74 74 99 99 99 99 99 74 74 74 74 74 99
21 99 11 21 11 11 21 21 11 11 11 11 11 21
13 13 7 13 7 7 7 7 94 7 13 7
99 99 99 99 99 99 99 99 99 99 99 99 99 99 99 99 99 99
99 99 99 99 99 99 99 99 99 99 99 99 99 99 99 99 99 99 99 99 99 99 99 99 99 99 99 99 99 99 99 99 99 99 99 99 99 99 99 99 99 99 99 99 99 99 99 99 99 99 99 99 99 99 99 99 99 99 99
99 99 99 99 99 99 99 99 99 99 99 99 99 99 99 99
67 67 53 53 67 53 53 67 53 53 67 99
22 43 43 22 22 99 22 22 43 22 43 99
99 99 99 99 99 99 99 99 99 99 99 99 99 99
99 99 99 99 99 99 99 99 99 99 99 99 99 99 99 99 99 99
7 94 7 7 7 7 13 7 7 13 13 13
99 55 55 55 55 55 99 99 99 55 55 55 55 55 55 55
99 99 99 99 99 99 99 99 99 99 99 99 99 99 99 99 99 99 99 99 99 99 99 99 99 99 99 99
99 99 99 63 63 99 63 63 63 63 63 63 99 99 99
99 99 99 99 99 99 99 99 99 99 99 99 99 99
99 99 99 99 99 99 99 99 99 99 99 99 99 99 99 99 99 99 99 99 99 99 99 99
99 99 99 99 99 99 99 99 99 99 99 99 99 99 99 99 99
45 96 96 45 45 45 99 45 99 45 99 96 99 96 45 45 96 45 45 99 96
99 99 99 99 99 99 99 99 99 99 99 99 99 99
99 99 99 99 99 99 99 99 99 99 99 99 99 99 99 99 99 99
38 99 98 98 38 47 47 47 47 38 38 98 38 47 38
99 99 99 99 99 99 99 99 99 99 99 99 99 99 99 99 99 99 99
49 23 49 49 23 99 23 32 32 23 32 32 23
99 99 99 99 99 99 99 99 99 99 99 99 99 99 99
99 99 99 99 99 99 99 99 99 99 99 99 99 99 99 99
99 99 99 99 99 99 99 99 99 99 99 99 99 99
99 99 99 99 99 99 99 99 99 99 99 99 99 99 99 99 99 99 99 99 99
31 52 52 41 31 52 41 31 41 31 41 41 99 52 31 31
29 29 29 29 29 29 29 29 29 29 29 29 99 29 99 99 29 29 29 99 29 29 99 29 99 29 29 99 29 29 99 99 99 29 99 99 29 29 99 29 29
99 99 99 99 99 99 99 99 99 99 99 99 99 99 99 99 99 99
86 99 99 86 86 86 86 86 86 86 99 86 86 86 86 86 86 99 86 86 99 86 86 86 99 86 86 86 99 99 86 99 86 99 86 86 99 99
1 1 1 1 1 1 1 1 1 1 1 1 1 1 1 1 1 1 1 1 1 1 1 1 1 1 1 1 1 1
56 56 56 56 99 99 56 99 56 99 56 56 56 56 56 99 99 99 99 99 56
99 99 99 99 99 99 99 99 99 99 99 99 99 99 99 99 99 99 99
99 99 99 99 99 99 99 99 99 99 99 99 99 99 99 99 99 99 99 99 99 99 99 99 99
99 99 99 99 99 99 99 99 99 99 99 99 99 99
99 99 99 99 99 99 99 99 99 99 99 99
19 12 99 19 12 12 19 19 12 12 19 12 12
99 99 99 99 99 99 99 99 99 99 99 99 99 99 99 99 99 99 99 99 99 99 99 99 99 99
26 99 26 26 26 26 99 99 26 26 26 26 26 99
99 99 97 97 99 99 99 99 97 99 97 97 97 97 99 97 99 99 99
99 99 99 99 99 99 99 99 99 99 99 99 99 99 99 99 99 99 99 99 99 99 99 99 99
99 99 99 99 99 99 99 99 99 99 99 99 99 99 99 99 99 99 99 99 99 99 99 99 99 99 99 99
99 99 99 99 99 99 99 99 99 99 99 99 99 99
99 99 99 99 99 99 99 99 99 99 99 99 99 99 99
30 30 99 30 50 50 50 30 30 50 50 30 30 50 30 30
47 98 38 38 38 47 47 38 38 47 99 98 38 98 47
99 99 99 99 99 99 99 99 99 99 99 99 99 99 99 99
2 2 2 2 2 2 2 2 2 2 2 2 2 2 2 2 2 2 2 2 2 2 2 2 2 2 2
6 6 64 6 8 6 6 6 8 8 8 8
53 67 67 53 53 67 53 67 53 53 67 99
99 99 99 99 99 99 99 99 99 99 99 99 99 99 99 99 99 99
99 99 99 99 99 99 99 99 99 99 99 99 99 99 99 99 99 99
43 22 99 22 99 22 22 22 43 43 43 22
2 2 2 2 2 2 2 2 2 2 2 2 2 2 2 2 2 2 2 2 2 2 2 2 2 2 2
99 99 99 99 99 99 99 99 99 99 99 99 99 99 99 99 99 99 99 99
7 94 7 7 7 13 13 13 7 13 7 7
17 17 17 46 17 17 17 17 99 46 17 46 46
4 4 4 4 4 4 4 4 4 4 4 4 4 4 4
55 55 55 55 55 99 99 99 55 55 55 55 55 99 55 55
99 99 99 99 99 99 99 99 99 99 99 99 99 99 99 99 99 99 99 99 99
2 2 2 2 2 2 2 2 2 2 2 2 2 2 2 2 2 2 2 2 2 2 2 2 2 2 2
99 99 99 99 99 99 99 99 99 99 99 99 99 99 99 99 99 99 99 99
99 99 99 99 99 99 99 99 99 99 99 99 99 99 99 99 99 99 99 99 99 99 99 99 99 99 99 99 99 99 99 99 99 99 99 99
43 22 99 22 99 22 22 22 43 43 43 22
4 4 4 4 4 4 4 4 4 4 4 4 4 4 4
30 30 30 50 50 50 99 50 30 30 30 30 30 30 50 50
99 99 99 99 99 99 99 99 99 99 99 99 99 99 99 99 99 99
99 99 99 99 99 99 99 99 99 99 99 99 99 99 99 99 99 99 99 99 99
99 24 99 24 24 99 24 24 24 24 24 99
24 24 24 24 99 24 24 24 99 99 99 24
99 99 99 99 99 99 99 99 99 99 99 99 99 99 99 99 99 99 99 99 99 99 99 99 99 99 99
99 99 99 99 99 99 99 99 99 99 99 99
8 6 6 6 6 8 8 8 6 64 8 6
87 99 87 87 87 87 99 87 87 87 87 87 87 87 87 87 87 99 87 87 87 87 87 87 99 87 87 99 87 99 99 87 87
1 1 1 1 1 1 1 1 1 1 1 1 1 1 1 1 1 1 1 1 1 1 1 1 1 1 1 1 1 1
66 66 99 66 99 66 99 66 66 66 99 99 66 99 99 66 66 99
7 7 7 13 94 7 13 13 7 13 7 7
25 25 25 25 39 25 39 39 39 25 39 39 99 25 39 25 25 39 25
99 99 99 99 99 99 99 99 99 99 99 99 99 99 99 99 99 99 99 99 99 99 99 99 99
69 69 69 69 69 69 69 69 69 69 69 69 99 69 69 69
99 99 99 99 99 99 99 99 99 99 99 99 99 99 99 99 99 99 99 99 99
99 99 99 99 99 99 99 99 99 99 99 99 99 99 99 99 99 99 99 99 99 99 99 99 99 99 99 99 99 99 99 99 99 99 99 99 99 99 99
99 99 99 99 99 99 99 99 99 99 99 99 99 99 99 99 99 99 99 99 99
99 99 99 99 99 99 99 99 99 99 99 99 99 99 99 99 99 99 99
55 55 55 55 99 55 55 99 55 99 55 55 55 55 55 99
1 1 1 1 1 1 1 1 1 1 1 1 1 1 1 1 1 1 1 1 1 1 1 1 1 1 1 1 1 1
1 1 1 1 1 1 1 1 1 1 1 1 1 1 1 1 1 1 1 1 1 1 1 1 1 1 1 1 1 1
53 67 53 53 67 67 53 99 67 53 67 53
99 99 99 99 99 99 99 99 99 99 99 99 99 99 99 99 99 99 99
99 99 99 99 99 99 91 91 91 99 91 91
15 15 15 15 15 99 15 15 15 15 15 15 15 15 15
4 4 4 4 4 4 4 4 4 4 4 4 4 4 4
99 99 99 99 99 99 99 99 99 99 99 99 99 99 99 99 99 99 99 99 99 99 99 99
99 99 99 99 99 99 99 99 99 99 99 99 99 99 99 99 99 99 99 99 99 99 99 99 99 99 99 99 99 99 99 99 99
36 36 99 36 36 36 36 99 36 36 36 36 36 36
8 6 64 6 6 8 6 6 8 8 8 6
10 10 10 10 10 10 10 10 10 10 10 10 10
99 99 99 99 99 99 99 99 99 99 99 99 99 99 99 99 99 99 99 99 99 99 99 99
99 99 99 99 99 99 99 99 99 99 99 99 99 99 99 99 99 99 99 99 99 99 99 99 99 99
99 99 99 99 99 99 99 99 99 99 99 99 99 99
23 23 32 32 23 32 49 99 23 23 32 49 49
99 99 99 99 99 99 99 99 99 99 99 99 99 99 99 99 99 99 99 99 99
2 2 2 2 2 2 2 2 2 2 2 2 2 2 2 2 2 2 2 2 2 2 2 2 2 2 2
1 1 1 1 1 1 1 1 1 1 1 1 1 1 1 1 1 1 1 1 1 1 1 1 1 1 1 1 1 1
99 99 99 99 99 99 99 99 99 99 99 99 99 99 99 99 99 99 99 99 99 99 99 99 99
21 99 11 11 21 11 21 11 21 11 11 21 11 11
99 99 99 99 99 99 99 99 99 99 99 99 99 99
99 99 99 99 99 99 99 99 99 99 99 99 99 99 99 99 99 99 99 99 99 99 99 99 99 99 99
6 8 8 8 6 6 64 6 6 8 8 6
41 52 41 31 31 52 31 99 31 31 41 52 52 41 41 31
41 31 52 31 41 31 52 99 31 41 31 41 41 31 52 52
99 99 99 99 99 99 99 99 99 99 99 99 99 99 99 99 99 99
99 99 99 99 99 99 99 99 99 99 99 99 99 99 99 99 99 99 99 99 99 99 99
99 99 99 99 99 99 99 99 99 99 99 99 99 99 99 99 99 99 99 99 99 99
6 6 6 6 64 6 8 8 8 8 8 6
99 99 99 99 99 99 99 99 99 99 99 99 99 99 99 99 99 99
99 99 99 99 99 99 99 99 99 99 99 99 99 99
99 99 99 99 99 99 99 99 99 99 99 99 99 99 99 99 99 99 99 99 99 99 99 99 99 99 99 99
4 4 4 4 4 4 4 4 4 4 4 4 4 4 4
99 99 99 99 99 99 99 99 99 99 99 99 99 99 99 99 99 99 99 99
99 88 99 88 99 88 88 88 99 88 99 88 88 99 88 88 88 99 88 88 88 88 99 88 88 88 88 88 88 99 88 88 88 88 88
99 99 99 99 99 99 99 99 99 99 99 99 99 99 99 99 99 99 99 99
99 99 99 99 99 99 99 99 99 99 99 99 99 99 99 99 99 99 99 99 99 99 99 99
99 99 99 99 99 99 99 99 99 99 99 99 99 99 99 99 99 99 99 99 99 99 99 99 99 99 99
18 59 18 18 18 18 18 99 18 59 59 18 59 18 18
99 67 67 67 67 53 53 67 53 53 53 53
99 99 99 99 99 99 99 99 99 99 99 99
99 99 99 99 99 99 99 99 99 99 99 99 99
99 99 99 99 99 99 99 99 99 99 99 99 99 99 99 99 99 99 99 99 99 99 99 99 99 99 99 99
99 99 99 99 99 99 99 99 99 99 99 99 99 99 99 99 99
99 99 99 99 99 99 99 99 99 99 99 99 99 99
21 11 11 99 11 21 21 11 11 21 11 21 11 11
6 6 64 6 6 8 6 8 8 8 6 8
99 99 99 99 99 99 99 99 99 99 99 99
99 99 99 99 99 99 99 99 99 99 99 99 99 99 99 99 99 99 99 99 99 99 99 99 99 99 99 99 99 99 99 99 99 99 99 99 99 99 99 99 99 99 99 99 99 99 99 99 99
99 99 99 99 99 99 99 99 99 99 99 99 99 99 99 99 99 99 99 99 99 99 99 99 99 99 99 99 99 99 99 99 99 99 99 99 99 99 99 99 99 99 99
99 56 56 56 99 99 56 99 56 56 56 56 56 56 56 99 99 99 99 99 56
99 99 68 68 68 99 99 99 68 68 68 68 99 68 99 99 68 68
99 99 99 99 99 99 99 99 99 99 99 99 99 99
21 11 21 11 21 99 21 11 11 21 11 11 11 11
41 52 31 99 31 31 41 52 31 41 52 52 31 41 31 41
99 99 99 99 99 99 99 99 99 99 99 99 99 99 99 99 99 99 99 99 99 99 99 99 99 99 99 99 99 99 99
99 99 99 99 99 99 99 99 99 99 99 99 99 99 99 99 99 99 99 99 99 99 99 99 99 99 99 99 99
99 99 99 99 99 99 99 99 99 99 99 99 99 99 99 99 99 99 99 99 99
16 16 16 16 16 99 16 16 16 16 16 16 16
99 99 99 99 99 99 99 99 99 99 99 99 99 99 99 99
1 1 1 1 1 1 1 1 1 1 1 1 1 1 1 1 1 1 1 1 1 1 1 1 1 1 1 1 1 1
99 99 99 99 99 99 99 99 99 99 99 99 99 99 99 99 99 99 99 99 99 99
75 75 75 75 75 75 75 75 75 75 99 75 99 75 75 75 75 75 75 75 75 75 75 75 75 75 75 75 99 75 99 99 75 75
2 2 2 2 2 2 2 2 2 2 2 2 2 2 2 2 2 2 2 2 2 2 2 2 2 2 2
99 99 99 99 99 99 99 99 99 99 99 99 99 99 99 99 99 99 99 99 99 99
7 13 13 7 7 13 7 7 7 13 7 94
99 99 99 99 99 99 99 99 99 99 99 99 99 99 99 99 99
1 1 1 1 1 1 1 1 1 1 1 1 1 1 1 1 1 1 1 1 1 1 1 1 1 1 1 1 1 1
99 99 99 99 99 99 99 99 99 99 99 99 99 99 99 99 99 99 99
99 99 99 99 99 99 99 99 99 99 99 99 99 99
53 53 67 53 53 99 67 67 67 67 53 53
64 8 6 8 8 6 6 8 6 6 6 8
99 99 99 99 99 99 99 99 99 99 99 99 99 99
99 99 99 99 99 99 99 99 99 99 99 99 99 99 99 99 99 99 99 99 99 99
99 99 99 99 99 99 99 99 99 99 99 99 99 99 99 99 99 99 99 99 99 99 99 99
99 99 99 99 99 99 99 99 99 99 99 99 99 99 99 99 99 99 99 99 99 99 99 99 99 99 99
99 99 99 99 99 99 99 99 99 99 99 99 99 99 99 99 99 99
19 12 12 12 12 12 12 19 19 19 99 12 19
7 13 13 13 13 7 7 7 7 7 94 7
10 10 10 10 10 10 10 10 10 10 10 10 10
0 0 0 0 0 0 0 0 0 0 0 0
99 99 99 99 99 99 99 99 99 99 99 99 99 99 99
99 99 99 99 99 99 99 99 99 99 99 99 99 99 99 99 99 99 99 99 99 99 99 99 99 99 99 99 99 99 99
99 99 99 99 99 99 99 99 99 99 99 99 99
99 99 99 99 99 99 99 99 99 99 99 99 99 99 99 99 99 99 99 99 99 99
99 99 99 99 99 99 99 99 99 99 99 99 99 99 99 99 99 99 99
47 38 38 47 38 47 38 98 47 47 98 38 99 38 98
99 99 99 99 99 99 99 99 99 99 99 99 99 99 99 99 99
20 14 99 14 14 20 14 14 14 20 20 20 14 20
11 11 11 11 11 99 21 11 21 21 21 11 21 11
99 99 99 99 99 99 99 99 99 99 99 99 99 99 99 99 99 99 99 99
48 48 48 48 48 99 48 48 99 48 48 48
99 99 99 99 99 99 99 99 99 99 99 99 99
99 99 99 99 99 99 99 99 99 99 99 99 99 99 99 99
99 99 99 99 99 99 99 99 99 99 99 99 99 99 99 99 99 99
99 99 99 99 99 99 99 99 99 99 99 99 99 99 99
99 99 99 99 99 99 99 99 99 99 99 99 99 99 99 99 99 99
99 99 99 99 99 99 99 99 99 99 99 99 99 99 99 99 99 99 99 99 99 99 99 99 99 99 99 99 99 99 99 99 99 99 99 99
42 42 42 42 42 42 99 99 99 42 99 42 42 99
14 14 20 20 14 20 14 14 99 14 20 20 20 14
0 0 0 0 0 0 0 0 0 0 0 0
10 10 10 10 10 10 10 10 10 10 10 10 10
99 99 99 99 99 99 99 99 99 99 99 99 99
99 99 99 99 99 99 99 99 99 99 99 99 99 99 99 99 99 99 99
0 0 0 0 0 0 0 0 0 0 0 0
0 0 0 0 0 0 0 0 0 0 0 0
49 23 32 99 32 49 49 32 32 23 23 23 23
99 99 99 99 99 99 99 99 99 99 99 99 99 99 99 99 99 99 99 99 99 99 99 99 99
99 99 99 99 99 99 99 99 99 99 99 99 99 99 99 99 99 99 99 99 99 99 99 99 99 99 99 99 99 99
58 99 58 99 58 58 58 99 99 58 58 58 58 99 99 99 58 58
99 99 99 99 99 99 99 99 99 99 99 99 99 99 99 99 99 99 99 99 99 99 99 99 99 99 99 99 99 99 99 99
4 4 4 4 4 4 4 4 4 4 4 4 4 4 4
99 99 99 99 99 99 99 99 99 99 99 99 99
99 99 99 99 99 99 99 99 99 99 99 99 99 99 99 99 99 99 99 99 99 99 99
21 11 21 99 11 11 11 21 11 21 11 21 11 11
6 6 8 8 64 8 6 6 6 6 8 8
76 76 99 76 99 76 76 76 99 76 76 76 99 76 76 99 99 76 76 76 99 99 76 76 99 76 76 99 76 76 76 76 76 76 76 76 99 99 76 76 76
42 42 99 42 42 99 99 99 42 42 42 99 42 42
99 99 99 99 99 99 99 99 99 99 99 99 99 99 99 99 99 99 99
45 96 99 45 45 45 96 99 99 45 96 45 45 99 96 45 45 99 96 96 45
2 2 2 2 2 2 2 2 2 2 2 2 2 2 2 2 2 2 2 2 2 2 2 2 2 2 2
99 99 99 99 99 99 99 99 99 99 99 99 99 99 99 99 99 99 99
29 29 29 29 29 29 29 29 29 29 29 29 99 29 99 99 29 29 29 99 29 29 99 29 99 29 29 99 29 29 99 99 99 29 99 99 29 29 99 29 29
99 99 99 99 99 99 99 99 99 99 99 99 99 99 99 99 99 99 99 99 99 99
99 99 99 99 99 99 99 99 99 99 99 99 99 99 99 99 99 99
10 10 10 10 10 10 10 10 10 10 10 10 10
99 99 99 99 99 99 99 99 99 99 99 99 99 99 99 99 99 99 99 99 99
49 32 49 23 23 23 32 23 32 99 32 23 49
59 18 18 18 59 18 18 18 18 18 59 59 99 18 18
66 99 66 99 66 99 99 66 99 66 66 66 66 99 99 66 66 99
39 25 25 99 25 25 25 25 39 39 39 25 25 25 39 25 39 39 39
99 99 99 99 99 99 99 99 99 99 99 99 99 99 99 99
15 15 15 15 15 99 15 15 15 15 15 15 15 15 15
99 99 99 99 99 99 99 99 99 99 99 99 99
99 99 99 99 99 99 99 99 99 99 99 99 99 99 99 99 99 99 99 99 99 99 99 99 99 99 99
20 14 14 20 99 20 14 20 14 14 20 14 14 20
99 99 99 99 99 99 99 99 99 99 99 99 99 99 99 99 99 99 99 99
11 21 11 21 11 11 11 99 21 21 11 11 11 21
4 4 4 4 4 4 4 4 4 4 4 4 4 4 4
46 17 46 17 17 17 17 17 46 99 17 17 46
89 99 89 89 89 99 99 99 89 89 89 89 89 89 89 99 89 89 89 89 99 89 89 89 99 89 89 89 89 89 99 89 99 89 99 89 99 99
63 63 99 99 99 99 99 99 99 63 63 63 63 63 63
99 99 99 99 99 99 99 99 99 99 99 99 99 99 99 99
90 90 90 90 99 90 99 90 90 90 90 90 90 90 90 99 90 90 99 90 90 99 90 90 90 99 90 90 90 99 90 90 90
7 7 13 13 7 7 94 13 7 7 13 7
99 11 21 21 11 11 21 21 11 11 11 11 11 21
99 99 99 99 99 99 99 99 99 99 99 99 99
99 99 99 99 99 99 99 99 99 99 99 99 99 99 99 99 99 99 99 99 99 99 99 99 99 99 99 99 99 99
99 99 99 99 99 99 99 99 99 99 99 99
24 24 99 99 24 24 99 24 24 24 24 99
99 99 99 99 99 99 99 99 99 99 99 99 99 99 99 99 99 99 99 99 99 99 99 99
99 99 99 99 99 99 99 99 99 99 99 99 99 99 99 99 99 99 99 99 99
99 99 99 99 99 99 99 99 99 99 99 99 99 99 99 99 99 99 99 99 99 99 99 99
99 56 56 56 99 99 56 99 56 56 56 56 56 56 56 99 99 99 99 99 56
82 82 82 99 82 99 82 99 82 99 82 99 82 99 82
34 28 28 28 99 28 28 34 28 28 34 28 28 28 34 34 28 34 34 28 34 34 34 34 34 28 99 34 34 28 28 28 34 28 34 28 34 28 34 34 28 28 28 34 34 28 34 28 34 28 34 28 28 34 28
0 0 0 0 0 0 0 0 0 0 0 0
26 26 26 26 99 99 26 26 26 26 26 99 99 26
23 49 49 32 32 23 49 23 23 23 32 32 99
99 99 99 99 99 99 99 99 99 99 99 99
4 4 4 4 4 4 4 4 4 4 4 4 4 4 4
1 1 1 1 1 1 1 1 1 1 1 1 1 1 1 1 1 1 1 1 1 1 1 1 1 1 1 1 1 1
99 99 99 99 99 99 99 99 99 99 99 99 99 99 99 99 99 99 99 99 99 99 99 99 99 99 99 99 99 99 99 99
99 99 99 99 99 99 99 99 99 99 99 99 99 99 99 99 99 99 99 99 99 99 99 99 99 99