12 200 313 95 12 12 267 259 200 12 12 95 267 259 200 302 95 200 200 272
356 356 356 286 286 286 356 356 356 356 12 95 95 313 413 12 95 12 12 12 286 286 12 413 95 95 286 356 286 286 356 12
244 95 336 244 95 244 244 244 95 95 95 244 244 12 12 12 12 12 95 244 244
95 12 195 95 95 12 95 12 230 12 12 95 95 95 24 12 129 393 12 24 12 417 12 419 80 415 12 12 12 12 95 12 12 95 12
281 95 200 95 95 200 200 95 200 200 95 281 200 200
12 12 39 12 161 95 12 12 95 111 161 12 57 161 12 356 12 39 95 12 356 95 95 161 12 95 12 12 111 12 12 24 161 356 95 12 12 12 188 12 79 95 95 12 95 95 12 161 24 161 161 12 12 12 95 95 57 12 24 12 39 12 95
315 315 315 315 315 315 315 315 315 315 315 315
200 301 161 161 200 301 200 200 200 200 161 161 161 161 200
48 48 48 48 48 48 48 48 48 48 48 48 48 48 48 48 48 48
315 315 315 315 315 315 315 315 315 315 315 315
161 356 161 161 161 161 161 356 198 356 161 356
117 117 117 117 117 117 117 117 117 117 117 117 117 117 117 117 117 117 117 117
244 244 356 394 281 244 244 281 244 356 244 254 244
315 315 301 286 1 286 286 1 315 286 315 338 315 286 1 301 286 315 315 315
12 95 161 12 200 12 57 12 12 161 80 175 161 218 24 161 200 161 12 129 12 161 12 80 161 95 161 200 111 161 95 24 200 12 12 80 200 356 12 141 200 80 12 161 12 200 12 161 356 200 175 161 356 129 129 12 12 24 161 356 12 161 161 161 12 95 12 161 12 95 161 12
117 117 117 117 117 117 117 117 117 117 117 117 117 117 117 117 117 117 117 117
9 348 9 9 315 348 348 348 9 9 9 9 315 348 348 315 315 315
218 161 12 161 12 12 161 12 218 161 161 161
12 12 12 12 12 12 12 12 12 149 258 12 12 12 12 12 12 12 149
141 95 244 200 152 194 244 286 95 286 244 95 95 95 95 300 286 300 267 194 244 200 95 95 95 234 342 253 283 244 244 152 194 95 141 200 174 152 200 200 286 294 300 200 95 212
39 356 12 356 12 95 370 95 95 95 170 129 95 161 161 161 356 161 170 12 161 170 12 194 12 95 161 356 95 161
95 161 286 286 95 161 170 286 286 286 95 161 161 95 161 286 286 383 161 111 286 286 286 95
12 12 12 356 12 12 356 356 356 356 356 356 12 356 356 356 111 12 356 254 12 12
12 161 95 12 161 161 161 161 244 356 356 161 161 12 95
48 48 48 48 48 48 48 48 48 48 48 48 48 48 48 48 48 48
225 225 80 12 225 12 12 12 12 80 12 12 12
398 200 200 398 398 200 398 398 200 23 200 398 200 200 398 398 398 398 200 398 398 398 398
356 356 356 286 286 286 356 356 356 356 12 95 95 313 413 12 95 12 12 12 356 286 12 413 95 95 286 356 286 286 286 12
200 301 161 161 200 301 200 200 200 200 161 161 161 161 200
315 315 315 315 315 315 315 315 315 315 315 315
161 161 95 161 12 95 95 95 356 161 95 95 111 356 12 95 95 267 356 12 161 161 161 349 95 95
48 199 70 30 48 48 95 53 66 259 30 48 30 53 34 48 48 48 196 48 95 35 35 259 48 48 60 48 30 30 106 170 43 95 30 137 35 48 259 48
254 200 12 12 200 200 200 12 12 200 200 200 254
200 95 152 200 200 152 152 200 298 200 200 95 152 200 152 200
161 161 161 276 161 161 161 161 161 161 161 161 276 161
259 12 161 161 12 161 161 12 12 161 161 234 259 161 259 12
12 12 200 259 12 306 12 200 12 259 200 12 12 200 259 200 12 200 200 200 12 12
12 95 188 12 95 12 95 12 95 95 12 95
161 175 161 0 95 161 161 161 161 95 161 175 161 95 161 161 161 161 161 0 161 95 95 161 161 161 161 161 161 161 161
12 12 95 95 12 356 12 12 95 12 356 12 95 356 95 356 12 12 12 95 272
12 12 12 12 12 212 12 12 12 12 12 12 12 152 12
200 334 12 200 200 200 200 200 225 334 200 225 200 200 200 200 225
313 244 244 313 313 200 313 313 244 200 313 200 244
95 12 259 234 356 95 12 95 356 12 95 259 356 12 12 95 356 259 95
161 161 161 95 161 95 95 95 161 161 95 161 95 244
315 259 12 315 302 315 315 12 259 315 12 24 315 315 259 315 259 363 12 315 315 259 315
244 95 244 244 95 95 95 244 244 244 244 244 306 95 244 95
200 356 200 200 356 356 200 356 200 200 234 200 200
48 48 48 48 48 48 48 48 48 48 48 48 48 48 48 48 48 48
94 48 200 311 48 48 311 87 264 200 75 48 48 94 48 200 48 48 55 87 200 133 48 48 48 295
95 356 12 356 12 267 356 12 259 356 356 95 12 12 95 259 95 356 259 95 356 356 95
30 30 30 30 30 30 30 30 30 30 30 30 30 30 30 30 30
12 12 12 356 356 12 194 12 12 356 356 12 12 12 12
95 95 95 229 161 161 95 161 161 161 161 355 161 244 161 184 161 95 161 2 229 2 95 161 313 161 143 161
315 315 315 315 315 315 315 315 315 315 315 315
315 315 315 315 315 315 315 315 315 315 315 315
95 161 161 95 161 161 244 161 161 95 95 95 95 161
117 117 117 117 117 117 117 117 117 117 117 117 117 117 117 117 117 117 117 117
12 95 12 95 12 95 95 95 95 12 12 188
30 30 30 30 30 30 30 30 30 30 30 30 30 30 30 30 30
95 200 200 95 200 200 95 200 95 200 281 95 200 95 200
200 301 95 200 200 356 200 200 95 356 200 95 95 356 200 95 200 356 95
234 161 12 161 356 200 161 200 356 200 161 12 356 356
129 12 12 95 95 198 129 12 95 57 95 12
117 117 117 117 117 117 117 117 117 117 117 117 117 117 117 117 117 117 117 117
129 394 95 12 225 12 95 12 95 356 95 170 12 12 356
95 356 95 95 356 95 12 95 95 12 272 12 356 12 12 356 12 12 12 12 12
12 161 12 161 12 161 24 12 161 170 12 12 12 161 12 276 12 161
12 12 12 356 12 356 12 12 12 356 12 356 12 194 12
12 286 200 322 286 212 12 286 322 259 286 322 334 322 259 302 57 12 368 12 327
161 161 161 161 356 161 356 356 198 161 161 356
259 95 380 356 161 10 95 111 12 143 356 95 95 234 161 95 380 95 95 80 170 12 12 161 12 95 161 95 12 416 95 95 95 356 149 12 12 306 95 356 356 143 95 259
348 348 348 348 95 95 382 95 95 348 348 348 348 348 95 348 95 348 348
95 95 12 12 95 12 200 12 95 259 95 259 12 95 259
12 95 161 95 12 161 161 161 95 95 12 95 12 289 95 12 161 161 161
200 175 12 161 200 161 258 12 39 258 12 161 12 12
315 315 315 315 315 315 315 315 315 315 315 315
161 161 161 12 12 161 12 161 161 12 218 161 12
315 315 315 161 315 161 161 374 161 315 161 315 315 315 374 161 315 315
48 48 48 48 48 48 48 48 48 48 48 48 48 48 48 48 48 48
259 259 188 188 161 259 161 170 161 188 161 12 161 161 161 161 161 362 161 161 161 161 161 161 194 161
161 315 315 380 319 356 12 126 356 200 12 259 317 161 12 315 24 315 12 356 12 95 200 161 12 356 200 356 12 95 356 200 170 12 95 302 200 24 12 24 356 315 95 200 161 111 356 161 161 385 12 315 200 315 95 356 24 95 319 259 416
200 175 12 161 200 161 258 12 39 258 12 161 12 12
117 117 117 117 117 117 117 117 117 117 117 117 117 117 117 117 117 117 117 117
117 117 117 117 117 117 117 117 117 117 117 117 117 117 117 117 117 117 117 117
244 244 313 313 200 313 313 244 200 313 313 200 244
161 175 161 12 12 161 39 12 161 225 161 225
259 244 143 244 95 317 244 95 244 244 259 244 259 95 244 95 95 254 254
348 385 348 385 385 385 385 348 286 385 385 348 385 286 385
95 188 12 12 95 12 95 95 12 95 12 95
244 244 313 313 200 313 313 244 200 313 313 200 244
12 95 95 12 12 12 95 12 95 188 95 95
161 258 95 198 198 161 198 95 258 258 258 95
356 12 281 244 12 244 244 281 244 301 244 356 356 244 356 281
356 200 237 356 356 237 200 237 237 272 237 237 237 356
95 95 95 12 188 95 95 12 95 12 12 12
315 315 315 315 315 315 315 315 315 315 315 315
356 12 259 356 12 95 259 356 12 356 356 95 12 12 356 12 356 356 95 12 259 356 259 95 95 356 95 356 416 327 12 259 12 12
80 161 161 161 80 161 161 161 237 175 161 161 322 80 12 175 161 57 161 161
117 117 48 128 48 117 48 48 117 48 48 71 117 117 117 48 208 208 208 208 117 117 48 117 208 208 141 117 86 208 48
117 117 117 117 12 117 117 356 117 95 117 117 356 117 117 12 95 138 117 12 117 117 117 117 117 117 117
380 356 313 277 356 313 313 252 356 95 244 356 12 12 200 412 356 12 356 314 313 200 95 252 452 445 114 95 200 12
350 410 286 200 200 286 385 156 472 385 286 473 161 481 459 385 286 482 385 286 286 385 286 125 350 286 286 348 385 286 385 377 156 286 161 200
12 95 12 95 95 95 12 152 12 12 95 12 12 95 12 237
200 12 200 95 12 12 12 309 95 200 200 200 309 200 95 95 95 200
48 48 125 200 147 108 147 48 286 63 389 200 286 69 125 286 48 200 48 69 48 63 200 48 296 108 147
12 12 12 12 95 225 225 95 170 12 95 170 12
200 200 161 161 276 200 161 200 161 361 161 200 200 161 161 161 161 200 200 161 161 161
95 244 356 161 356 161 12 175 218 161 12 161 12 175 161 161 356 2 161 161 161 229 161 95 161 12 95 356 212 229 12 12 212 12 161 161
200 200 200 95 95 200 95 200 200 95 95 281 200 200 95
30 30 30 30 30 30 30 30 30 30 30 30 30 30 30 30 30
12 95 95 12 12 95 12 95 12 237 12 12 95 12 95 12 12
161 161 161 161 356 356 161 161 161 161 161 161 161 356 298 356 161 161 161
234 356 200 200 200 200 200 356 200 200 200 356 356
286 355 286 355 355 286 286 355 355 286 286 355 355 355
356 356 161 356 416 356 356 356 356 259 259 356 356 356 356
117 117 117 117 117 117 117 117 117 117 117 117 117 117 117 117 117 117 117 117
95 95 95 244 95 244 244 244 244 244 244 95 244 306 95 244
356 244 184 95 356 95 356 356 143 95 356 356 356 356 356 356 356 356 143
244 244 313 313 200 313 313 244 200 313 313 200 244
161 244 244 161 161 244 161 356 161 244 319 161 244 244 161 161 161 170 244 388 170 161 251 356 356 161 380
48 48 48 48 48 48 48 48 48 48 48 48 48 48 48 48 48 48
30 117 117 48 30 48 379 30 30 30 375 183 286 315 30 161 183 157 48 99 379 166 286 117 414 211 117 163 438 166 30 405 379 117 341 326 206 41 206 30 433 315 30 117 30 48 384 326 117 240 464 206 187 30 166 161 449 166 30 160 266 379 70 30 286
12 356 356 170 12 356 356 12 356 356 12 12 356 356
12 161 161 161 12 161 12 161 12 161 12 218 161
161 356 161 356 161 356 161 356 161 198 161 161
95 161 161 95 161 161 319 161 95 161 161 161 161 161 95 161 161 161 161 95 95
315 200 315 62 319 200 198 315 319 315 315 129 200 200 258 286 286 258 95 315 200 200 161 315 315 200 315 200 200 95 62 200
152 12 356 12 380 24 12 12 12 12 12 368 95 12 95 12 12 24 194 12 12 12 39 12 356 95 356 95 12 12 95 12 12 12
315 315 315 315 315 315 315 315 315 315 315 315
161 12 302 259 24 161 161 161 161 161 12 161 237 12 12 259
356 12 229 24 12 12 12 12 356 356 356 111 356 12 380 356 12 12
161 170 161 95 161 322 95 95 161 161 161 161 161 161 161 95 111 161 95 161 161
95 218 129 95 129 95 95 95 95 95 95 218
95 184 95 244 259 161 319 161 259 161 95 95 161 12 218 184 12 313 259 184
161 161 161 161 161 161 276 161 161 161 161 161 161 161 161
95 95 95 229 161 161 95 161 161 161 161 355 161 244 161 184 161 95 161 2 229 2 95 161 313 161 143 161
398 398 398 398 398 398 398 398 398 398 398 398 398 398 398
276 161 244 276 161 161 244 340 161 276 276 161 161 244 161 161 276 276
200 200 200 95 229 200 200 143 143 95 95 200 306 356 356 306 356
258 12 259 259 12 12 12 12 12 356 12 356 12 356 12 12 12 356 259 12 12 12 12
161 198 356 161 161 356 161 356 161 161 356 161
200 161 286 200 286 286 258 198 200 198 286 286
416 200 218 200 259 259 200 218 200 234 200 218
315 315 315 315 315 315 315 315 315 315 315 315
286 244 244 244 286 286 286 286 244 95 95 244
95 161 393 12 161 95 12 184 95 329 161 12 29 259 95 95 221 95 218 218 262 262 16 161 95 111 161 161 259 95 161 12 95 259 12
356 286 286 286 356 306 286 286 356 286 286 286 286 306
244 244 244 161 46 161 161 315 315 161 161 244 244 315 315 315 161 161 315 315 244 315 161 315 170 244 315 161 161 161 161 251 315 244 161
12 95 188 12 12 12 12 356 356 12 12 12 95
161 161 259 259 198 161 161 212 356 161 161 259 356 356
161 95 161 161 111 161 95 95 170 12 95 161 161 298 12 95 39 12 12
57 12 244 244 281 244 393 244 12 161 161 12 12 161 24 244 244 129 12 12 161 244 161 152 152 161 161 244 12
200 95 12 12 200 12 356 95 95 24 24 12 356 200 95 12 12 356 356 95 200 356 95 12 12 12 356 12 356 12 12 200 200 356 200 388 200 12
398 398 398 398 398 398 398 398 398 398 398 398 398 398 398
356 12 95 95 356 95 95 356 95 95 218 12 12 12 356 12
315 315 315 315 315 315 315 315 315 315 315 315
259 12 318 95 200 198 366 12 202 257 261 12 24 284 284 261 256 200 170 12 95 318 98
188 12 95 12 12 95 95 95 12 95 12 95
398 398 398 398 398 398 398 398 398 398 398 398 398 398 398
95 356 161 356 24 161 12 12 95 12 200 356 12 200 161 356 161 12 161 95 95 356 95 12 12 161 12 95 356 110 95 161 12 161 95 12 200 12 12 161 111 95 24 161 95 161 200 111 95 356 200 12 12 95 200 95 161 12 200 12 12 161 200 356 95 161 95 95 12
95 95 95 95 95 95 95 212 95 95 95 95 95
95 161 356 161 95 95 356 286 161 12 161 12 161 12 95 95 356 12 95 95 95 374 356 12 95 12 237 12 95 12 12
356 244 276 244 244 244 356 244 356 356 244 244 244 244
48 356 48 139 356 48 170 495 191 48 48 462 95 181 179 315 315 135 48 181 48 95 286 93 48 356 48 477 448 48 315 286 127 48 95 142 315 341 48 315 48 341 216 48 95 286 84 84 159 448 315 120 48 458 315 122 84 11 95 95 293 48 109 48
12 12 95 95 188 12 95 12 12 95 95 95
48 48 48 48 48 48 48 48 48 48 48 48 48 48 48 48 48 48
117 117 48 128 48 117 48 48 117 48 48 71 117 117 117 48 208 208 208 208 117 117 48 117 208 208 141 117 86 208 48
315 315 343 12 315 315 315 12 315 12 315 315 12 12 315 315 315
251 12 24 244 294 12 12 12 244 244 244 244 244 244 244
351 411 286 200 200 286 385 155 474 385 286 475 161 95 487 460 385 286 488 385 286 286 385 286 134 351 286 286 348 476 385 286 385 392 168 286 161 200
161 212 12 200 161 161 161 12 161 161 12 161 161 161 200 161 184 161 212 12 200 12 200 200 161 161 200 383
356 356 356 356 356 356 356 356 356 356 356 356 356 356 356 356 184
161 161 161 356 356 161 356 198 161 161 161 356
356 356 356 39 200 12 12 356 12 356 356 12 356 356 356 356 12
408 362 341 408 286 374 341 408 307 315 315 341 408 408 286 286 408
95 95 95 161 161 95 161 161 161 244 161 95 161 95
95 143 184 95 244 244 161 244 161 161 161 95
244 12 12 258 244 298 12 244 95 244 244 258 298 244
161 12 161 12 161 218 12 12 161 161 161 161 12
398 398 398 398 398 398 398 398 398 398 398 398 398 398 398
48 48 48 48 48 95 48 48 48 48 48 48 95 95 48 48 95 48 48 82 95 48 48 95
315 315 315 356 336 315 315 356 336 315 315 315 356 315 315
348 286 286 200 286 200 348 348 200 355 286 348 12 200 286 57 348 200 286 286 200 348 348 286 348 348 200 86 200 298 286 348 12 348 12 12
95 200 200 95 356 95 200 95 200 200 200 95 200 356 95 356 356 200 301
348 385 348 385 385 385 385 348 286 385 385 348 385 286 385
30 30 30 30 30 30 30 30 30 30 30 30 30 30 30 30 30
117 117 117 117 117 117 117 117 117 117 117 117 117 117 117 117 117 117 117 117
200 259 259 200 259 200 200 200 200 200 200 218
286 200 286 200 200 286 286 286 200 286 286 366 200 286 200 200 286 200 286
315 315 315 315 315 315 315 315 315 315 315 315
12 161 161 307 161 161 161 161 12 161 161 161 218 161 12 161 161 161 12
315 315 315 315 315 315 315 315 315 315 315 315
48 33 30 151 48 85 49 30 48 161 30 85 197 67 204 91 72 48 48 204 48 425 30 335 48 30 30 48 76 197 72 48 161 48 51
95 356 229 161 161 254 356 254 161 95 161 95 254
95 294 161 161 95 24 95 12 161 161 161 111 12 161 95 12 12 95 161
12 356 356 356 12 12 356 12 12 12 12 225 12 356 356 12 12 356 356
259 95 95 95 95 12 12 12 259 200 259 95 12 95 12
315 315 315 315 315 315 315 315 315 315 315 315
12 12 95 95 95 95 356 12 95 12 12 267 12 95 188 95 12 356
258 161 161 161 161 258 161 161 161 161 258 258
95 12 12 95 95 12 95 194 12 111 24 95
12 12 161 358 161 394 12 12 12 184 149 381 161 12 12 12 161 12 356 12 12 12 12 12 25 12 12 161 12 13 245 12 161
194 95 95 194 194 111 161 194 95 95 161 356 356 298 380 95 95 356 194
161 161 322 388 200 200 175 254 244 200 200 200 244 244 200 161 200 244 244 161 244 244 161 200
218 161 12 161 12 12 161 12 218 161 161 161
229 281 161 229 12 12 12 161 229 95 12 95 161 12 161 95
95 161 95 12 95 161 161 15 12 95 143 161 95 95 95 40 391 95 356 97 161 161 144 95 356 95 97 161 356 12 95 95 95 161
95 317 356 380 95 356 380 200 356 200 356 356 200 200 95 95 95 356 200 95 200 200 200
95 161 161 95 12 95 12 289 161 12 95 161 95 12 161 188 161 161
95 12 95 12 95 95 95 95 188 12 12 12
152 12 219 95 95 12 12 12 12 95 12 12 230 12 12 12 95 95 416 12 161 95 12 393 161 92 198 12 161 152 161 12 161 12 12 12 12 12 356 12 419 12 80 12 259 12 152 12 417 161 12 95 12 259 12 95 161 12
398 398 398 398 398 398 398 398 398 398 398 398 398 398 398
12 95 12 95 12 12 12 12 95 12 12 95 95 95 286 12 12 12 12 12 12 12
30 30 30 30 30 30 244 30 244 244 244 30 30 244 30 244 30 30 30 30 244 90 244 30 30 244
315 315 315 315 315 315 315 315 315 315 315 315
12 161 161 12 259 12 161 12 259 161 161 161 259 161 161 12 161 12 12 12 161 161 161 343 161 12 12 161
315 315 315 315 315 315 315 315 315 315 315 315
161 12 12 161 161 218 218 12 161 161 12 161
12 200 161 290 200 286 161 286 170 312 200 161 286 200 286 286 238 161 161 492 200 161 161 161 287 200 161 161 200 24 312 290 218 161 312 12 286 200 161 102 286 161 178 12
161 161 161 161 272 161 161 161 272 161 272 161 161
161 259 161 356 161 161 161 161 356 259 307 380 161 161 161 161 356 161 170 161 184
12 95 28 12 95 161 12 95 97 161 161 95 161 301 461 97 461 161 12
356 356 12 356 12 12 356 175 12 259 259 12 302 380 259
247 161 244 161 161 237 237 12 237 12 237 95 200 161 161 95 161 244 95 244 399 73 161 446 444 356 161 320 416 356 161 12 237 244 95 320 95 12 12 237 161 356 306
12 95 356 95 95 12 95 12 356 194 111 95 12 12 12 57 95 12 356 356 95 95 129 322 95 12
152 161 12 12 161 12 356 356 24 356 356 356 161 12 161 161 161 356 12 12 356 12 356 341 12 24 12 12 161 12
229 348 412 348 348 348 348 348 412 200 200 229 200 348 379 348 412 229 348
380 380 244 244 363 356 244 356 244 356 380 244 356 95 95 95 281 356 244 95 356 244 380 95 111 356 244
244 380 356 356 244 244 244 380 356 244 356 356 356 315 356 356 244 244 356 244 244 356
259 95 356 356 356 95 95 259 184 95 259 95 95 356
48 48 48 48 48 48 48 48 48 48 48 48 48 48 48 48 48 48
12 200 12 12 12 200 12 12 298 12 12 200 12 200 200 200 12 200 200
387 95 95 161 184 12 161 161 95 95 184 161 95 161 161 95 12 95 95 95 95 12 12 95 161 161 95 161 161 161 57 161
254 200 254 12 200 200 200 12 12 200 200 200 12
12 161 356 12 161 161 12 356 12 259 12 259 12 161 161 12 12 356 356 12 259 356 317 161 161 356 356 356 12
95 356 95 12 218 95 12 95 95 356 356 12 12 218
48 48 48 161 161 48 48 48 48 48 92 48 48 161 48 48 48 48 48 161 48 92 161 161
200 356 200 200 356 200 356 200 234 200 356 200 200
30 30 30 30 30 30 30 30 30 30 30 30 30 30 30 30 30
48 48 48 48 48 48 48 48 48 48 48 48 48 48 48 48 48 48
95 95 12 95 95 95 12 12 95 188 12 12
95 161 161 327 95 161 161 143 161 95 161 95 161 175 161 161 95 175 161 161 161
315 315 315 315 315 315 315 315 315 315 315 315
200 95 200 200 95 281 95 200 200 200 95 200 95 200 95
244 244 161 24 244 12 161 12 244 161 244 12 161 161 244 244 244 244 244 5 244 170 244 244 161 244 244 244 12 244 244
416 143 259 12 12 95 143 218 95 12 143 12 259 12 95
315 315 315 315 315 315 315 315 315 315 315 315
315 95 95 315 95 315 95 315 361 315 315 315 315 95 315 361 315
315 315 315 315 315 315 315 315 315 315 315 315
12 356 200 380 237 12 237 237 356 12 356 237 237 237 307 24 237 200 12
95 12 12 95 95 95 95 12 12 111 12 12 12 259 258 12 259 12 302 12
143 175 152 259 152 161 259 298 152 170 161 259 161 161 161 161 184 356 95
95 95 95 95 12 356 12 12 356 356 95 95 12 12 356 218
161 161 161 200 200 301 161 200 200 200 161 301 200 200 161
37 315 315 315 315 315 315 315 315 315 315 319 315 95 315 95 95 315 95 315 319 315 315 315 315 95 322 315 95
48 48 48 161 161 48 48 48 48 48 92 48 48 161 48 48 48 48 48 161 48 92 161 161
161 319 319 244 244 161 244 244 161 161 244 161 244 244 161 244
30 30 30 30 30 30 30 30 30 30 30 30 30 30 30 30 30
254 200 12 200 200 200 200 12 12 200 12 200 200 12
129 225 95 95 12 129 12 95 12 95 95 12 129 95
161 161 12 12 161 161 161 161 218 12 12 218
198 12 129 95 95 95 12 129 12 12 95 57
95 95 95 95 95 95 95 95 212 95 212 95
95 12 95 95 12 12 95 95 95 12 12 188
95 95 95 95 95 95 161 95 378 161 95 95 12 12 95 95 95 95 161 95 95 95 12 95 12 161 95 161 161 170 24
315 315 315 315 315 315 315 315 315 315 315 315
315 315 315 161 315 161 315 161 161 315 161 315 374 374 161 315 315 315
184 244 161 161 244 383 244 161 281 244 161 161 161 170 244 244 161 244 161 244 184 161 161 184
286 244 286 244 286 286 286 244 95 95 244 244
161 218 12 161 12 161 161 12 161 12 161 12 161
117 117 117 117 117 117 117 117 117 117 117 117 117 117 117 117 117 117 117 117
352 200 376 432 185 185 229 286 200 95 352 299 393 343 343 286 200 286 393
48 48 48 95 161 48 48 95 48 95 48 95 48 48 48 52 48 48 161 48 48 161 95 161 161 48 170 48 95 161 124
12 161 161 161 12 356 356 356 12 161 161 356 251 161 161 12 12
9 200 200 348 47 315 200 9 9 47 237 348 348 47 348 348 327 315 348 9 200 315 200 327
12 12 111 356 356 244 244 12 244 244 356 244 251 12 356 356 244 244 327 356 244 380
95 286 327 95 327 286 95 327 286 286 286 286 286 286 95
286 355 286 355 355 286 286 355 355 286 286 355 355 355
12 12 356 356 12 12 12 356 12 198 24 356 12 24 12
161 161 161 276 161 161 161 161 161 161 161 161 276 161
12 161 200 24 298 12 12 200 209 161 298 200 327 200 200 161 12 161 161
200 12 200 95 12 12 12 309 95 200 200 200 309 200 95 95 95 200
12 12 95 95 237 95 12 12 12 12 12 95 95 12 95 12 12
218 244 244 12 161 161 161 184 200 161 152 200 161 12 161 200 200 244 244 200 129 200 244 244 161 161 31 31 161 244 244 161 200 12
356 356 356 356 380 259 356 356 259 259 356 356 170 356 380 356
302 218 356 95 95 95 95 24 394 95 356 394 95 111 259
356 356 315 356 315 95 315 315 315 315 356 385 315 356 95 95 356 315 317 380 95 356 315 95 315 95
12 161 161 12 12 161 161 218 161 161 12 161 12
161 258 30 409 86 50 30 36 161 30 86 200 50 100 92 133 30 92 200 308 30 371 30 50 200 100
161 161 12 218 161 12 12 12 161 161 161 161 12
117 117 117 379 117 286 286 167 286 379 286 167 117 117 286 286 286 167 117 117 167 193 117 379 286 117 167 117 167 167 286 379 167 379 286
48 48 48 48 48 48 48 48 48 48 48 48 48 48 48 48 48 48
380 244 349 161 356 356 356 380 276 356 356 356 356 276 356 276 356 356 244 356 276 356 276 276 356 356 244
12 356 200 356 259 12 12 12 259 12 200 12 12 12 349 12 416 200 12 12 200 12 200 356 200 12 200 200 12 12
12 356 12 12 12 12 356 356 12 12 225 12 12 356 356 12 356 356 356
161 161 175 200 12 200 161 200 200 175 200 356 349 12 416 356 161 12 200 200 12 356 161 12 200
315 315 315 315 315 315 315 315 315 315 315 315
313 244 244 200 313 313 244 313 244 313 200 200 313
286 244 400 286 251 95 244 259 80 244 259 286 95 95 244 95 286 12 244 244 317 244 286 78 244 317 244 95 12 95 244 244 244 244 251 286 286 244 244 328
416 95 95 111 356 95 258 95 356 380 95 95 129 95 95 95 129
161 161 161 161 161 198 356 356 161 356 356 161
95 95 212 95 95 95 95 95 95 95 95 95 95
161 95 95 95 95 188 161 95 267 188 12 188 95 161 188
95 200 200 12 12 229 200 200 356 356 12 356 356 298 200 200 229 95
161 161 161 161 161 161 161 161 161 161 161 161 161 276 161
200 200 161 200 200 161 301 200 161 200 161 301 161 161 200
12 200 200 12 12 200 200 200 200 12 200 12 200 254
12 259 12 95 12 95 356 356 95 95 95 12 95 259 95 12 95 95 95 12 12 95 95 95 368 95 259 12 356 12 267 356 95 95
306 161 306 95 161 95 95 95 161 95 161 95 161 95 161 95 95 95
356 356 95 95 95 356 95 12 12 95 12 95 218 356 12 12
200 200 161 161 301 200 200 161 161 200 200 161 301 161 200
315 315 315 315 315 315 315 315 315 315 315 315
161 12 12 161 161 218 218 12 161 161 12 161
161 161 12 161 161 12 39 12 161 12 161 95 12 95 12 356 152 95 12 44 356 12 12 95 161 12 161 95 161 12 12 12 356 39 12 12 12 12 12 111 12 184 161 12 356 161 12 356 380 12 95 161 12 218 356 24
34 258 30 447 68 161 38 30 161 30 68 161 200 38 101 161 52 101 161 30 161 52 200 161 30 323 30 38 200 134
366 276 251 251 416 200 276 234 200 259 200 200 200 259 200 95 200 200 200 200 200 95
30 30 30 30 30 30 30 30 30 30 30 30 30 30 30 30 30
48 48 48 48 48 48 48 48 48 48 48 48 48 48 48 48 48 48
12 356 12 356 356 12 356 356 12 356 356 170 12 356
161 161 161 200 200 301 161 200 200 200 161 301 200 200 161
161 175 161 0 95 161 161 161 161 161 161 175 161 95 161 161 161 161 161 0 161 95 95 161 161 161 161 161 161 161 95
315 315 315 95 315 95 315 315 95 315 315 315 361 95 95 315 95 315
95 95 95 95 95 356 356 95 95 95 356 95 380 251 111 95 95
95 95 95 188 356 380 356 161 251 254 356 315 161 356 356 356 356 188 12 356 356 281
315 315 315 315 315 315 315 315 315 315 315 315
12 95 272 95 95 12 194 12 95 95 39 95 95 129 95 95 95
286 356 286 356 356 306 286 356 286 286 286 286 286 286 286
12 12 12 161 12 161 161 161 12 161 218 161 161
161 301 301 161 200 161 161 200 200 200 161 161 200 200 200
244 80 12 80 244 309 12 259 244 259 244 80 244 244 259 80 244 244 244
398 398 398 398 398 398 398 398 398 398 398 398 398 398 398
200 200 281 200 95 281 200 200 95 200 95 200 95 95
334 95 286 286 95 95 95 95 286 286 286 286 286 95 286 286 286
315 315 315 315 315 315 315 315 315 315 315 315
315 315 315 315 315 315 315 315 315 315 315 315
286 310 432 185 185 286 334 95 343 299 343 286 286 286 343
161 161 356 356 161 161 161 198 161 356 161 356
12 356 12 12 95 218 95 356 95 95 95 95 356 12 356 12
161 95 161 95 161 95 161 95 244 95 161 161 161 95
95 95 12 95 12 188 95 12 12 95 95 12
397 244 161 313 244 244 397 244 244 161 244 244 244 244 244 244 161 244 244 244 313 161
95 24 12 161 12 322 170 161 95 12 95 12 12 161 161 39 161 12 95 161 95 12 95 12
161 200 200 200 356 356 161 161 200 200 161 356 200 161 161 315 200 161 200 356
30 30 30 30 30 30 30 30 30 30 30 30 30 30 30 30 30
152 21 24 95 161 356 95 161 175 251 161 161 95 161 356 95 12 95 161 12 161 356 161 95 356 356 161 12 356 95 129 24 394 161 161 95 161 12 111 12 12 356 170 95 356 95
95 12 12 12 95 12 12 12 95 95 12 12 95 12 12 95 237
200 161 200 356 356 12 200 356 161 12 234 161 161 356
348 385 348 385 385 385 385 348 286 385 385 348 385 286 385
95 356 95 289 95 356 12 12 416 95 416 12 356 356 356 356 12 95 95 356 356 12 356 259 356
200 225 12 294 200 95 95 225 225 200 200 95 95 294 95
244 244 313 313 200 313 313 244 200 313 313 200 244
352 48 354 161 48 88 229 258 367 369 200 119 48 48 406 161 352 107 161 406 352 200 48 48 48 169 286 286 48 441 161 161 352 286 465 48 48 56 48 200 161 286 437 286 304 250 286 286 372 347 200 118 200 433 48 286 354 354 200 48
306 244 244 95 306 306 161 306 306 276 244 95 276
161 12 161 161 149 161 306 306 95 95 80 143 95 143 234 161 12
161 161 161 161 161 298 161 161 356 161 161 356 161 161 161 356 356 161 161
356 161 161 161 161 356 161 161 161 356 356 198
356 161 27 161 12 161 12 359 356 378 161 416 356 26 258 161 356 356 259 357 259 268 258 259 161 259 112 356 161 161 112
348 348 348 200 348 200 200 348 200 348 404 348 348 200 348 348 404 348 200 200
161 95 229 95 12 12 229 281 161 12 161 95 229 12 12 161
200 95 95 95 200 95 200 95 95 281 200 200 200 200 200
161 161 161 356 170 209 356 200 356 200 161 200 161 161 200 317 356 200 200 200
306 244 244 95 306 306 161 306 306 276 244 95 276
161 161 161 161 161 161 161 161 161 161 161 161 161 276 161
161 12 161 161 95 12 12 161 95 12 289 95 95 161 12 161 95 95 161
95 194 194 161 272 95 161 194 95 95 95 95 194 95 194
161 301 301 161 200 161 161 200 200 200 161 161 200 200 200
286 286 286 286 286 286 286 286 286 286 289 286 286 286 286 286 286 286 289 398 286
12 286 327 170 12 348 286 95 348 286 286 286 286 286 95 286 170
379 379 379 379 379 379 379 379 379 379 379 379 379 379
356 95 95 209 95 356 356 356 80 95 95 95 24 259 259
315 315 315 315 315 315 315 315 315 315 315 315
309 302 200 161 301 209 259 200 200 161 200 161 200 259 200 161 161 161
356 356 229 356 356 161 161 356 161 161 161 356 356 161 161 356
315 315 356 315 356 315 315 315 315 356 315 315 336 315 315 356
348 385 348 385 385 385 385 348 286 385 385 348 385 286 385
161 12 161 218 161 12 12 161 161 161 12 12 161
315 315 315 315 315 315 315 315 315 315 315 315
95 95 12 12 12 95 95 12 95 188 95 12
356 200 12 315 200 315 200 286 356 364 315 315 356 3 254 12 12 200 316 267 7 12 396 203 7 95 356 3 95 286 116 507 484 286 306 322 324 267 315 269 356
117 117 48 128 48 117 48 48 117 48 48 71 117 117 117 48 208 208 208 208 117 117 48 117 208 208 141 117 86 208 48
385 95 393 379 95 379 379 379 225 385 143 95 379 385 385 379 0 143 379 379
315 315 315 315 315 315 315 315 315 315 315 315
12 95 95 12 12 95 12 143 95 143 95 95 95 57 95 281 95 95
198 161 356 161 356 161 161 356 161 161 161 356
198 12 12 12 12 12 12 12 198 129 12 129
258 161 161 161 161 258 161 161 161 161 258 258
356 161 356 229 356 356 356 161 161 161 161 356 356 161 161 356
200 200 200 356 356 200 200 200 234 200 356 356 200
95 95 212 95 95 95 95 95 95 212 95 95
378 225 286 286 161 286 161 286 161 286 286 225 225 161 286 225 225 286 286 286
48 48 48 48 48 48 48 48 48 48 48 48 48 48 48 48 48 48
95 12 161 237 161 80 161 12 362 12 161 95 12 95 95 80 80 95 12 12 161 12 24 161 24 95 12 12 12
225 12 225 379 161 379 225 12 12 161 244 244 225 244 161 244 244 244 244 12 244 161
95 95 212 95 95 95 95 95 95 95 95 95 95
315 315 315 315 315 315 315 315 315 315 315 315
12 218 218 12 12 161 161 161 161 161 12 161
286 244 244 244 286 286 286 286 244 95 95 244
95 95 380 356 95 12 12 111 12 12 319 356 12 95 95 356 12 12 95 12 95 95 95 12 95 95 12
200 200 12 209 200 200 200 200 200 12 258 12 12 24
356 161 161 12 356 356 161 218 12 161 356 161 161 356 80 161 356 161 161 380 343 161 161 184 356 218
344 286 45 6 200 286 81 401 315 315 315 81 353 286 272 286 286 216 200 321 315 286 185 401 185 315 17 158 286 286 286 200 255 455 255 244 370 244 244 421 433 200 286 339 432 244 64 95 434 381 244 390 286 286 161
315 315 315 315 315 315 315 315 315 315 315 315
95 95 95 24 161 12 12 356 170 19 170 95 95 12 95 95 161 161 161 306 12 161 111 161 95 95 161 12 12 95 12 95 356 12 161 12 95 161 198 95 356 95 95 161
315 315 315 356 336 315 315 356 336 315 315 315 356 315 315
315 315 315 315 315 315 315 315 315 315 315 315
315 315 315 315 315 315 315 315 315 315 315 315
12 12 12 188 95 95 95 95 12 95 12 95
315 315 95 315 95 361 315 95 315 315 315 95 315 315 95 95 315 315
276 12 276 276 356 259 95 161 161 356 161 12 161 12 161 12 244 398 259 12 276 12 276 161 12 161 12 244 244 259 161 276 95
95 95 95 95 356 161 356 161 161 95 161 356 276 356 161 161 161 95
161 286 286 286 349 286 286 161 286 161 170 286 286 161 286 161 161 289
225 12 225 379 161 379 225 12 12 161 244 244 225 244 161 244 244 244 244 12 244 161
200 254 200 200 200 200 200 12 200 12 12 12 12 200
200 200 200 200 356 356 200 200 200 200 356 356 234
251 200 251 188 386 161 161 161 161 200 12 200 200 152 161 272 188 251 272 184 251 200 276
200 95 200 200 95 281 200 200 281 200 95 95 200 95
161 95 95 161 95 161 95 95 161 244 161 95 161 161
12 95 161 12 12 95 24 188 276 259 263 95 12 235 12 161 12 161 303 198 356 111 161 189 95 161 161 213 507 161 161 506 12 12 161 2 12 12
301 200 259 356 95 200 259 95 356 95 267 356 259 356 267 200 200 200 267
161 161 95 244 95 161 95 161 95 161 161 95 161 95
315 315 315 315 315 315 315 315 315 315 315 315
294 12 12 24 12 251 244 244 12 244 244 244 244 244 244
315 315 315 315 315 315 315 315 315 315 315 315
117 117 117 117 117 117 117 117 117 117 117 117 117 117 117 117 117 117 117 117
398 398 398 356 413 356 398 356 398 398 398 398 398 356 398 398 398 398 398
48 48 48 48 48 48 48 48 48 48 48 48 48 48 48 48 48 48
200 129 200 416 111 200 356 200 200 356 95 200 380 356 95 356 200 200 356 356 95 129 322
95 95 356 356 356 356 95 95 95 356 356 356 356 380 234 356 111 356 356
244 12 12 258 244 298 12 244 95 244 244 258 298 244
188 95 95 12 95 12 95 12 12 95 95 12
95 95 161 95 161 95 161 95 161 244 161 161 161 95
322 95 315 315 315 95 95 200 315 315 95 212 315 200 95 315 95 315 200 200 200 315 212 315 200 0
161 48 48 297 30 516 161 217 30 494 200 333 200 286 286 161 315 468 286 30 333 48 286 190 286 286 161 429 200 200 286 148 30 249 164 478 467 286 496 286 286 286 341 288 30 418 286 48 161 200 48 182 453 30 315 407 48 161 286 286 200 192 161 200 83 48 508 490 286 161 491 200 442 180 161 505 65 286 146 286 286 286 286 286
200 95 95 200 95 200 200 200 95 200 200 200 95 281 95
161 12 161 161 12 259 161 259 12 200 12 272 200 12 259 12 12 200
356 12 200 200 161 259 161 259 15 161 400 95 12 360 259 95 161 360 301 95 259 115 201 356 161 12 15 95 200 200 201 200 161 471 260 95
301 200 200 161 200 200 161 200 200 161 161 200 161 161 200 161
286 286 298 259 286 259 286 286 286 286 286 286 286 259
12 244 12 95 307 244 95 12 244 258 161 244 313 95 341 244 143 244 12
48 48 48 48 48 48 48 48 48 48 48 48 48 48 48 48 48 48
48 48 48 48 48 48 48 48 48 48 48 48 48 48 48 48 48 48
356 286 12 286 12 336 286 356 12 286 286 286 286 356 286 12 286 12 356 286
12 12 12 340 12 259 149 12 12 12 95 12 12 12 356 95 517 95 12 259 259 12 12 356 12 12 12 356 356 95 95 95 149
259 12 95 12 95 95 12 12 95 95 12 259 95 281 95 95 95 95 259 95 95
161 251 188 12 95 143 244 416 95 12 356 12 121 24 12 12 12 12 95 161 12 259 12 259 12 12 12 143 12 259 143 234 12 95 95 12 95 259 12 95 12 259 12 24 356 259 356 95 286 12 12 12 12 12 356 95 12 237 12 95 12 212 12 12 234 12 259 259 12 57 416 356
356 231 132 175 200 95 200 356 95 177 95 200 95 200 175 200 393 356 153 95 200 469 95 231 152 200 95 200 469
200 315 200 315 315 385 315 315 315 315 385 200 200 200 315 200 315 315 200
161 356 356 161 356 198 161 161 356 161 161 161
95 95 356 95 12 218 95 12 95 12 12 356 12 356 12 12 12 12 272
12 161 161 12 161 12 218 12 161 12 161 161 161
12 95 95 12 111 95 12 394 356 95 234 95 57 24 394 356
30 117 117 59 214 30 315 48 30 286 379 165 117 286 104 454 48 48 244 286 30 325 403 244 439 117 331 48 30 379 244 286 493 95 12 161 48 30 479 12 422 48 286 315 286 286 483 244 470 286 426 405 286 12 346 48 207 30 165 30 244 244 48 244 12 165 451 379 48 244 117 30 30 30 30 30 48 480 12 315 315 161 456 286 286 512 30 315 218 184 207 514 315 48 12 493 291 30 515 424 513 30 117 244 379 466 95 373 244 30 165 30 422 286 244 315 117 103 440 48 18 244 95 54 244 48 30 207 509 48 95 215 286 244 286 493
315 315 315 315 315 315 315 315 315 315 315 315
20 355 368 400 400 319 286 286 286 286 286 368 286 368 355 286 286 286 286 286 355 355
315 315 315 315 315 315 315 315 315 315 315 315
319 315 315 95 200 315 258 244 200 244 315 244 315 244 95 77 200 95 12 258 12 244 200 200 12 95 77 95 315 315 315 12 244 229 315 212
315 30 30 30 30 315 30 30 30 315 30 30 30 315 315 30 30 30 315 125 30 315 315 315 30 315 315 30
95 276 95 244 258 161 244 313 244 313 143 95 244 244 244
267 161 111 12 95 267 161 161 356 95 212 95 95 95 95 95 95 95 200 356 161 95 356 111 170 356 95 378
12 259 12 57 12 12 259 12 12 12 12 175 12
244 161 244 161 161 161 161 244 161 161 244 244 244 161 161 244 379 161 161 244 161 161 161 244
117 117 450 149 145 48 379 48 30 430 117 48 443 332 48 30 48 48 30 443 428 423 379 166 117 48 48 74 149 117 48 511 166 431 510 48 48 30 205 427 205 95 30 166 117 48 48 30 12 117 463 337 457 205 242 48 95 166 48 379 241 123 305 379 149 504
315 315 315 315 315 315 315 315 315 315 315 315
117 117 136 379 48 286 503 430 117 48 330 315 315 315 48 486 379 166 117 502 315 286 286 117 485 166 489 315 48 292 48 140 140 186 166 117 48 286 48 499 243 140 292 48 166 48 117 379 48 436 292 379 345 286 286
315 315 315 315 315 315 315 315 315 315 315 315
348 385 348 385 385 385 385 348 286 385 385 348 385 286 385
161 161 161 161 356 198 161 356 356 356 161 161
200 200 200 95 229 200 200 143 143 95 95 200 306 356 356 306 356
161 161 218 161 12 12 161 12 12 218 161 161
12 286 12 313 286 286 286 313 286 313 286 286 286 12
48 48 48 48 48 48 48 48 48 48 48 48 48 48 48 48 48 48
12 95 259 12 259 95 95 95 12 95 95 12 95 95 111 111 12 282 259 95 95
117 117 117 117 117 117 117 117 117 117 117 117 117 117 117 117 117 117 117 117
95 161 24 12 12 356 251 281 254 188 356 12 161 95 12 188 12 95 309
24 225 12 161 12 161 12 161 170 161 161 161 12
12 12 244 244 57 254 244 244 254 12 12 244 244 298 244
95 95 95 95 95 95 12 267 12 95 95 12 12 12 95 95 95 95
298 200 200 200 200 348 200 258 258 258 200 200 298 200 258 200 258
12 95 356 161 251 309 12 188 229 12 356 188 251 161 12 12 356 95 95 12 356
105 48 161 73 48 61 246 73 161 161 105 48 48 48 161 220 48 48 58 61 48 48 48 48
200 379 379 200 379 200 379 379 200 200 379 200 379 379 200 379 379 379 379 9 379 200
356 161 200 356 161 161 356 315 356 95 200 356 356 200 12 95 95 356 12 95 356 161 95 95
95 95 254 95 95 394 95 356 95 95 143 212 95 394 356 95
313 244 244 200 313 313 244 313 244 313 200 200 313
12 315 286 286 286 286 12 286 286 12 286 12 286 286 12 286
95 170 12 161 95 24 237 12 161 12 12 12 161 12 95 95 12 237 12 12 317 161
267 200 95 267 200 95 267 267 95 200 200 200
12 315 200 315 62 12 95 200 198 315 319 315 24 315 129 200 12 200 258 286 286 258 319 315 200 200 170 315 315 200 315 12 200 200 95 86 200
315 315 315 315 315 315 315 315 315 315 315 315
95 143 184 95 244 244 161 244 161 161 161 95
315 315 286 286 286 286 315 0 315 286 286 315 315 286 315 315 286 286 315 286 315 315
161 12 12 161 12 272 12 12 161 12 12 161 161 12 161 12 12 161
356 12 356 356 356 356 12 170 356 12 356 12 12 356
95 111 12 95 24 194 12 95 12 95 12 95
315 315 315 315 315 315 315 315 315 315 315 315
315 315 315 317 382 95 315 12 12 315 12 95 95 12 315 315 315 315 95 12 111 315 95
42 30 30 30 30 30 12 30 30 30 30 30 30 30 12 30 30 12 12 12 30 30
161 161 161 309 161 12 12 24 161 161 161 12 12 161 161 161 161 161 161 170
117 117 117 117 117 117 117 117 117 117 117 117 117 117 117 117 117 117 117 117
315 315 315 315 315 315 315 315 315 315 315 315
12 12 12 12 12 175 12 12 259 12 12 259 259 12
356 259 356 12 259 12 356 149 12 12 356 12 259
95 12 259 95 95 259 95 259 12 12 95 200 95 12 12
200 95 200 95 200 200 276 95 95 276 200 276 200
24 356 12 259 12 12 356 12 244 259 356 12 356 356 259 12 12 12 380 12 356 356
12 356 356 356 149 259 12 259 12 259 12 12 356
95 12 356 95 95 12 12 95 95 12 95 322 95 95 39 12 95 12 416 356 95 356 12 95 95 39 12
95 356 356 356 95 95 95 95 356 356 356 198 356 95 356
95 188 12 95 12 95 95 12 12 95 95 12
12 12 175 12 12 259 259 12 12 12 12 259 12 12
356 356 12 259 356 12 259 259 259 12 259 12 12 259 356 170
222 222 222 222 222 222 222 222 222 222 222 222 222 222 222 222 222 222 222 222 222 222 222 222 222 222 222
356 12 259 80 12 356 356 356 370 95 356 95 95 356 95 259 12 356 95 95 416 12 57 356 356 12 95 95 302 95 12 95 12 356 12 356 95 95
95 259 95 259 95 259 259 259 259 198 95 259 259 259 259 95 259 259 95
222 12 95 222 222 12 222 12 222 356 222 12 95 222 222 222 222 222 222 248 12 222 12 222 222 95 95 12 222 222 222 222 222 356 95 222 380 259 95 356 12 222 222 259 222 223 259 222 12 12
315 315 315 315 315 315 315 315 315 315 315 315
398 398 398 398 398 398 398 398 398 398 398 398 398 398 398
356 356 356 12 356 259 356 356 356 356 12 356 12 218 259 12 259 356 356 12 356
161 95 143 95 95 95 175 175 259 95 12 161 95 95 302 95 161 95 95 95 12 95 12 12 12 12 161 12 95 95 12 170 95 95 400 12 95 12 259
356 12 259 149 12 259 12 12 356 259 356 12 356
356 356 356 356 259 356 259 356 356 356 259 95
12 12 95 12 12 12 12 12 12 12 289 12 95 12 12 12 12 111 95 95 24 95
95 259 259 95 95 259 12 95 95 356 12 95 259 12 356 12 95 95 95 95 259 12 356 259 95 356 95 307
161 161 170 161 356 170 161 356 161 161 301 161 161 161 356 161 356 161 161
265 265 265 265 265 265 265 265 265 265 265 265 265 265 265 265 265 265 265 265 265 265 265 265 265 265 265 265 265 265
398 398 398 398 398 398 398 398 398 398 398 398 398 398 398
12 95 12 356 95 95 356 95 111 12 95 218 12 356 95
12 12 95 95 111 12 218 95 12 95 356 95 356 95 356
161 95 95 161 12 218 12 95 161 95 161 95 95 338 12 95 24 95 12 161 95 95 161 161
161 198 161 161 356 161 161 356 356 161 161 356
259 356 356 175 12 259 259 259 259 356 259 12 12 380 24 12
95 12 95 12 188 95 95 12 95 12 12 95
161 12 12 161 161 218 161 161 12 161 12 218
12 12 95 12 95 12 12 95 188 95 95 95
244 244 244 304 244 95 95 244 95 304 244 244 95 304
348 348 348 348 348 348 348 348 348 348 348 348 348
161 161 259 161 161 198 259 259 161 161 161 259 259 259
244 161 161 161 244 319 161 244 244 244 161 319 244 244 244 161
356 12 356 356 12 356 170 356 111 356 12 356 12
95 198 198 198 356 356 95 95 95 356 95 229 95 356
265 265 265 265 265 265 265 265 265 265 265 265 265 265 265 265 265 265 265 265 265 265 265 265 265 265 265 265 265 265
12 12 12 12 150 12 12 12 12 12 161 12 150
12 12 356 12 259 259 356 12 12 12 259 12 307 12 12 12 12 12 12 12 259 12 12 356 259 12 12 356 12 259 12
200 95 200 95 200 200 276 95 95 276 200 276 200
244 244 244 244 244 356 244 356 244 244 276 244 356 356
95 161 95 161 95 161 161 244 161 95 161 95 161 95
259 12 12 259 356 356 356 170 12 12 259 12 356 259 259 259
244 244 356 244 244 356 356 356 244 244 244 244 244 276
12 95 95 12 95 12 12 95 95 188 12 95
12 12 259 259 111 12 259 12 259 259 12 259
356 259 356 356 12 12 12 12 12 259 12 12 259 12 12 209 356 12
222 222 222 222 222 222 222 222 222 222 222 222 222 222 222 222 222 222 222 222 222 222 222 222 222 222 222
12 12 161 12 161 12 12 161 161 161 161 218 161
12 12 276 12 161 12 161 161 161 170 12 12 12 12 161 161 161
95 12 12 259 12 259 95 95 95 12 95 12 259 95 281 95 95 95 95 95 95
161 161 161 356 356 161 198 356 161 322 161 161 161 161 161 12 161 12 12 161 161 12 12
259 12 12 259 12 12 12 12 12 12 259 175 12 12
24 95 356 95 259 259 254 95 259 12 111 12 12 95 302 259 95 356 95 259 356
265 265 265 265 265 265 265 265 265 265 265 265 265 265 265 265 265 265 265 265 265 265 265 265 265 265 265 265 265 265
152 95 328 12 356 259 259 229 259 259 95 356 95 12 259 12 12 12
95 356 95 95 95 95 95 12 356 95 95 356 12 12 12 95 356 95 12 95 356 95 356 356 356 307
12 222 222 12 222 222 222 222 222 222 227 222 222 222 222 222 222 222 222 12 222 222 222 222 222 222 222 12 222 222 222 12
398 398 398 398 398 398 398 398 398 398 398 398 398 398 398
12 200 200 12 95 200 200 200 12 356 200 356 356 95 200 12 95 12 95 200 327 356 95 95
398 398 398 398 244 244 244 398 244 244 398 37 398 398 398 244 244 244 398 398 398 398 244 398
95 95 95 95 95 95 95 95 95 95 95 212 95
259 356 356 356 356 259 356 356 356 95 356 259
200 200 200 356 200 200 234 200 200 200 356 356 356
259 259 259 259 259 259 143 356 259 259 259 259 259 259 259 259 259 259
12 12 161 244 12 161 244 244 244 161 12 244 244 244 12 161 12 12 161 244 12 161 12 12 12 12 244 12 12 413 12 161 12 12 12 12 12
356 200 200 200 200 234 200 200 356 200 200 356 356
356 12 12 356 356 356 170 356 356 356 356 12 12 12
356 161 356 161 356 161 161 356 356 258 161 356 356 161 356 356 356 356 356 161
12 356 12 194 12 12 356 12 12 356 356 12 12 12 12
12 251 161 356 12 356 161 12 12 161 161 356 356 161 161 161 12
356 356 356 356 356 356 356 356 356 356 356 356 356 356 356 184 356
95 12 95 12 95 12 237 12 12 12 95 12 95 12 12 95 12
161 259 356 161 356 259 161 315 161 356 12 356 356 356 161 356 12 356 356 259 161 259 356 259 12 259 356 356 12 12 161
12 12 12 12 95 12 95 12 95 237 95 12 12 95 95 12 12
95 356 218 12 356 12 95 356 95 95 12 356 95 12 95 12
218 161 12 12 161 161 12 161 161 12 12 161 161
95 95 244 306 95 95 251 95 95 111 244 349 244 95 95 95 95 244 244 244 244
265 265 275 265 265 265 265 265 265 265 265 265 265 265 265 161 265 265 161 265 161 265 265 265 265 275 161 265 265 265 161 265 161 265 265 265
95 161 294 95 39 95 12 161 95 161 161 161 12 294 129 161 12
265 265 265 265 265 265 265 265 265 265 265 265 265 265 265 265 265 265 265 265 265 265 265 265 265 265 265 265 265 265
286 286 356 286 286 356 306 286 356 286 286 356 286 286 286
356 259 12 356 200 259 356 12 356 356 12 259 356 259 259 12 259 12 356 356
315 315 315 315 315 315 315 315 315 315 315 315
12 259 259 12 259 356 12 356 356 149 12 12 356
12 12 348 95 12 80 12 259 12 12 95 302 12 259 259 39 12 95 12 39 12 12 150 12 302 95 210 95 12 12 12 95 12 259 12
258 244 244 244 244 258 244 416 259 259 150 258 150 244 281
95 12 259 12 95 259 95 12 12 12 95 95 259 95 200
95 95 95 95 95 95 95 244 95 95 356 95 356 356 95 356 95
222 356 222 200 222 222 222 222 222 222 234 222 222 222 222 223 222 200 200 200 222 222 222 222 222 222 222 259 200 356 222 259 222 222 222 239 200 222 12 200
234 12 161 161 161 259 12 161 259 161 12 161 12 259 161 12
315 315 315 315 315 315 315 315 315 315 315 315
356 356 244 161 340 319 356 161 319 244 276 319 276 356 161 244 161 319
95 95 12 12 95 95 12 12 188 95 95 12
356 356 356 161 380 170 161 356 161 356 234 161 356 356 161 161
12 12 356 356 356 12 12 356 225 12 12 12 356 12 356 12 356 12 356
95 95 95 95 95 95 95 95 95 95 95 95 212
222 222 222 222 222 356 222 222 222 222 222 222 222 222 222 222 356 356 222 226 222 222 222 222 222 222 222 222 222 222 356
149 356 356 12 259 12 356 356 12 12 259 259 12
161 161 12 161 218 12 161 161 161 12 12 12 161
385 315 200 315 315 315 200 200 200 315 315 200 200 315 315 200 315 315 200 315
12 95 188 95 95 95 95 12 95 12 12 12
356 356 356 356 356 356 356 143 356 356 356 356 356
356 356 356 356 356 143 356 356 356 356 356 356 356
188 95 95 95 95 95 12 12 12 95 12 12
356 95 161 161 356 161 161 161 95 95 95 356 356 161 95 95 161 276
95 95 356 259 356 259 184 259 356 95 95 95 95 356
356 95 356 356 259 12 259 259 259 12 259 95 259 95 12 267 95 259 12 259 12 95 356 95 259
95 356 95 161 95 95 259 259 259 95 259 95
234 356 356 259 12 356 259 259 12 259 259 356 259 356 12 356 356 12 356 356 12 356 356 356
12 161 319 24 161 251 244 161 244 12 161 352 161 161 244 12 244 244 12 244 244
244 244 244 244 306 244 95 95 244 95 244 95 244 95 244 95
265 265 265 265 265 265 265 265 265 265 265 265 265 265 265 265 265 265 265 265 265 265 265 265 265 265 265 265 265 265
12 356 12 12 12 356 12 12 12 12 259 356 12 209 259 12 356 259
188 12 95 356 95 12 356 95 356 95 356 218 12 95 12
259 259 259 95 95 259 95 161 95 259 95 95 259
222 222 222 222 222 222 222 222 222 222 222 222 222 222 222 222 222 222 222 222 222 222 222 222 222 222 222
356 95 95 356 356 356 95 95 301 356 356 95 95 218 356 356 95 380 95 356 356 95 356 95
356 356 356 356 356 356 95 259 259 356 259 356
150 356 416 356 356 416 356 356 150 356 416 111
258 161 244 276 259 244 161 244 209 244 244 328 319 244 319 258 161 4 259 259 244 259 276 336 319 258 244 244
259 259 356 356 356 95 356 356 356 356 356 259
95 12 95 95 95 12 12 188 95 12 12 95
95 95 95 95 161 161 161 237 161 161 237 237
12 12 12 194 12 356 356 194 356 12 12 12 12
265 265 265 265 265 265 265 265 265 265 265 265 265 265 265 265 265 265 265 265 265 265 265 265 265 265 265 265 265 265
12 12 12 12 95 259 95 12 259 95 12 12 95 259 12 95 95 12 12 254
356 356 356 356 356 356 356 143 356 356 356 356 356
194 12 24 95 12 111 12 12 95 95 95 95
356 161 356 356 198 161 161 161 356 161 161 161
348 348 348 348 348 348 348 348 348 348 348 348 348
12 12 12 259 356 95 200 259 259 161 259 200 259 12 12 356 12 161 356 200 12 97 259 200 200 356 12 200 95 12 161 161 200 8 161 97 200 95 360 161 356 360 12 95 356 173
95 356 356 356 95 244 95 95 95 95 95 95 95 95 356 95 95
222 222 222 222 222 222 222 222 222 222 222 222 222 222 222 222 222 222 222 222 222 222 222 222 222 222 222
150 12 356 356 150 12 129 356 12 356 12 12
111 251 356 356 95 356 95 95 111 95 95 95 356 95 95 95 95
356 356 161 161 356 286 356 161 39 161 416 12 161 12 12 356 356 161 356 39 161
265 265 265 225 265 12 161 161 265 265 265 265 265 265 265 265 161 161 161 265 265 265 280 265 265 265 265 265 12 12 265 265 265 175 265 265 39 265 265 265 265
200 12 356 12 12 356 356 356 356 12 356 356 356 356 356 356 12 356
12 161 161 12 161 356 356 356 12 356 356 12 12 356 12 161 12 12 161 356 12 356 356 356 356 327 161 356 12 161
95 12 95 12 12 95 188 12 12 95 95 95
12 259 154 356 161 498 162 161 12 356 12 161 244 2 497 259 259 501 500 12 259 161 12 356 244 12 161 12 12 12 244 259 244 12 259 244 111 244 244
161 161 356 356 12 12 334 95 356 198 161 12 95 175 12 356 161 12 356 95 95 95 175 356 184
24 356 356 12 356 175 356 380 356 12 12 356 12 356
161 161 161 161 319 95 161 161 319 95 161 95 161 95 95 161 161 161 161
222 265 265 265 365 265 265 222 265 265 222 265 265 265 222 222 265 222 222 265 222 222 222 222 222 265 365 222 222 265 265 265 222 265 222 265 222 265 222 222 265 265 265 222 222 265 222 265 222 265 222 265 265 222 265
12 356 24 12 380 356 12 356 175 356 12 356 356 356
222 222 222 222 222 222 222 222 222 222 222 222 222 222 222 222 222 222 222 222 222 222 222 222 222 222 222
95 95 356 356 356 198 95 356 356 39 356 95 95 95
225 12 12 356 356 356 356 12 12 12 12 356 12 12 12 356 12 356 356
200 200 200 200 276 12 259 200 12 200 200 12 200 302 24 259 12
12 356 12 12 356 259 12 259 356 149 12 356 259
170 356 356 12 356 356 12 356 12 12 356 12 356 356
95 95 200 281 200 200 200 200 95 200 95 95 200 200 95
95 95 161 161 95 95 95 356 95 356 95 95 244 95 95
95 95 95 95 95 212 95 95 212 95 95 95
234 200 356 200 200 200 356 356 356 200 200 200 200
380 161 161 356 12 24 12 161 356 254 356 161 12 161 161 12 161
222 222 222 222 222 222 222 222 222 222 222 222 222 222 222 222 222 222 222 222 222 222 222 222 222 222 222
356 12 12 12 161 212 12 12 12 356 380 12 12 212 212 12 170 356 111 212 380 356 95 161 12 370 12 12 12 356 356 39 12
301 200 356 200 95 200 200 95 356 200 356 95 200 95 200 95 161 200
12 200 200 200 258 209 12 200 24 200 12 12 200 200
12 12 12 12 95 209 95 12 12 12 152 95 12 12 379 12 12 95 12 12 12 12 12 184 12 254 95 95 12 95 12 12 12
95 95 149 12 95 95 149 95 12 234 95 12 12 12 12
111 12 12 95 24 95 95 12 12 95 12 12 95 95 95 95 12 95 95 12 95 1 12 12 95 95 12 95 95 95 95 12 12 188 12 95 95 95 12 188 12 12 95
356 356 161 161 161 161 356 356 161 161 161 198
259 259 259 259 302 302 259 259 259 356 356 259 259 259 259 302 356 259 259 259 302 356 150 259 259 259 259 150 244 259 259 259 259 259
356 416 356 175 259 12 356 161 161 356 95 95 12 356 161 95 161 161 175 12 259 356 356 356 356 356 355 12 95 95 356 259 12 95
222 222 222 222 222 222 222 222 222 222 222 222 222 222 222 222 222 222 222 222 222 222 222 222 222 222 222
95 259 12 12 259 95 12 12 259 95 12 200 95 95 95
95 12 143 95 259 12 161 95 259 161 386 149 12 95 161 12 161 143 209 12 95 95 95 12 259 95 12 39 175 259 302 161 12 12 259 143
12 307 95 356 95 161 95 95 161 356 111 218 356 12 161 95 12 161 95 161 161
95 95 237 95 95 161 161 237 161 161 237 161
95 161 95 161 161 244 244 244 161 95 363 244 244 244 244 161 95 161 95 95 244 161 244
12 95 95 259 95 356 356 237 12 302 380 259 95 356 12 12 95 12 95
348 348 348 348 348 348 348 348 348 348 348 348 348
259 276 244 244 244 244 259 244 244 259 259 244 244 259 244 259
244 244 259 161 95 244 161 259 244 95 244 95 259 161 259 95 95 95 95 95 95 161 95 259 244 244 259 244 95 161 244 95 161 161 402
254 12 12 200 200 12 200 12 12 200 200 200 200 200
12 12 12 12 12 12 12 12 12 12 212 12 12 12 12 12
229 356 356 356 95 356 356 356 356 95 95 356 356 356 356 95 356 95 95
95 95 95 95 95 95 95 95 212 95 95 95 95
161 95 95 161 95 95 244 95 161 161 161 161 95 161
259 95 356 356 259 356 356 259 356 356 356 356
95 95 95 259 95 95 259 95 298 95 95 95 95 259 95 95 95 95 95 95 95 95
12 218 356 259 259 161 259 161 12 267 12 356 161 12 161 356 356 161 161
12 12 95 95 95 356 95 218 95 95 111 12 356 12 356
12 254 12 259 12 95 95 12 12 95 12 95 95 12 12 95 259 12 12 259
95 244 244 95 244 95 244 306 244 244 244 95 244 95 244 95
161 12 39 161 12 12 161 225 225 161 161 175
95 356 95 356 95 95 356 198 356 356 356 356 95 95 356
200 363 356 200 356 200 12 12 12 200 200 200 200 200 200 356 200 200 200 200 12 200 12 356 200 200
194 12 95 24 12 95 12 95 95 95 111 12
111 259 259 95 95 95 95 302 170 259 259 259 95
349 348 12 12 356 348 356 12 12 356 12 12 12 12 348 12 12 380 12 348 356 259 356 356 30 259 348 259 348 24 12 356 348 356 12 348 349 12 380 356 356 348 349
175 12 12 12 259 12 12 12 259 259 12 12 12 12
259 259 12 12 356 356 12 259 356 170 12 259 259 356 259 12
95 12 343 12 57 95 356 161 12 356 95 161 161 95 12 12 12 161 57 12 161 12 161 356 95 356 95 259 161
244 259 336 319 328 336 161 319 244 276 161 276 161 244 319 175
265 265 265 265 265 265 265 265 265 265 265 265 265 265 265 265 265 265 265 265 265 265 265 265 265 265 265 265 265 265
348 348 348 348 348 348 348 348 348 348 348 348 348
12 24 212 356 12 259 12 12 356 356 12 259 24 12 259 356 12 12
12 12 12 12 194 12 12 356 356 12 356 12 12 356 12
265 265 265 265 12 265 265 265 265 265 265 265 259 265 265 265 265 265 12 265 259 265 265 265 265 265 271 265 265 265 259 265 265 265 12 12 12 265
398 398 398 398 398 398 398 398 398 398 398 398 398 398 398
161 161 161 356 161 161 161 356 356 198 161 356
259 12 12 12 356 356 149 12 356 12 259 259 356
356 12 12 12 12 259 12 259 12 356 12 259 12 12 12 259 356 12 12 12 12 259 259 276 12 356
12 356 12 259 356 356 259 259 12 356 170 12 259 259 12 259
265 265 95 265 265 265 265 265 265 265 265 95 265 265 265 265 273 265 265 265 265 265 95 265 265 265 265 265 265 95 95 265 95 265 265 265
161 161 276 161 161 161 161 276 161 161 161 161 161 161
12 161 356 356 12 161 12 161 356 12 12 356 356 356 12 161 161 356 12 356 12 161 12 12 309 161
244 244 244 12 12 244 244 12 244 12 244 244 289 244 12
259 259 356 276 259 95 259 95 259 95 356 95 95 356 356 95 259 95 95 95 95 95 95
12 259 12 259 12 12 95 150 150 259 150 150 12
12 301 161 131 12 95 161 25 25 161 95 95 161 96 161 161 161 95 14
356 356 198 356 356 161 161 161 161 161 161 161
209 95 95 95 12 95 12 95 95 258 95 95 258 12 12
161 198 161 356 356 356 161 161 161 161 161 356
12 129 356 95 416 259 12 286 129 12 95 356 356 95 12 356 12 356 95 259 259 356 259 259 259 356
356 259 161 259 161 161 259 356 234 170 161 259 259 356 161 302 356 161
161 95 161 294 95 39 95 161 95 161 161 294 12 12 129 161 12
12 12 161 12 161 12 161 161 161 12 218 161 161
222 222 222 222 222 222 222 222 222 222 222 222 222 222 222 222 222 222 222 222 222 259 259 222 259 222 224 222 222 222
150 12 161 12 150 12 161 161 161 225 12 12 161 161 161
356 356 12 12 12 12 194 12 12 356 12 12 12 12 356
161 161 161 161 161 161 161 161 276 161 161 161 161 161 161
95 12 356 12 95 356 294 12 356 356 95 356 356 95 95 356 12 12 12 12 12 12 95 12 356
12 12 356 259 356 356 149 259 259 12 12 356 12
161 95 95 161 161 161 95 95 95 95 356 161 95 95 319 95 356 161 356 95 95 95 161 356
161 130 161 12 244 12 130 244 161 385 244 244 161 385 420 12 161 95 12 244 95 307 161 420
12 12 12 12 259 161 356 356 12 161 12 161 356 259 356 161 161 12 12 12 259 12 304 161 161
95 95 356 39 95 356 95 356 356 95 95 356 356 198
259 282 259 259 170 95 95 161 95 302 111 259 95 161 161 161 161 95 259 170
161 161 161 161 161 161 161 161 161 161 95 95 161 95 161 95 319 95 161 161 95
194 259 12 259 259 259 12 12 12 12 12 259 12 259 12 12 12
170 12 356 356 356 356 12 12 356 12 356 356 356 12
348 348 348 348 348 348 348 348 348 348 348 348 348
244 244 244 244 12 12 12 12 244 244 289 244 12 244 244
289 95 12 12 95 12 12 12 95 95 12 12 95 12 12 95 24 12 12 12 12 24
265 265 265 265 265 265 265 265 265 161 265 265 279 265 12 265 265 265 265 265 12 161 265 161 265 265 265 161 265 12 161 161 265 265 265 161 12 265 265 265 265 12
356 12 12 12 356 12 12 12 12 12 12 194 356 12 356
265 265 265 265 265 265 265 265 265 265 265 265 265 265 265 265 265 265 265 265 265 265 265 265 265 265 265 265 265 265
95 95 95 95 356 244 95 95 209 111 95 356 356 209 380
265 265 265 265 265 265 12 265 265 265 265 265 95 12 12 265 265 265 265 265 95 12 12 12 95 12 285 265 265 265 95 95 265 265 12 265 12 95 265 265 12 12 12 12 12 265 265 265 265 265 12
12 170 356 12 356 356 12 12 356 356 356 356 356 12
356 356 161 356 161 161 161 161 198 161 356 161
161 12 161 12 170 161 161 161 12 12 12 12 24 12 161 12 281 39
244 244 111 95 95 356 200 244 200 95 200 244 12 356 356 244 95 200 12 356 356 95 95 95 95 200 356 12 200 24 95 356 244 95 95 356 95 356 111 89 95 244 95 95 244 95 356 95 356 244 200 24 111 200 356 95 111 95 95
356 12 356 12 356 356 175 150 12 12 356 12 356 356 356 150
12 12 259 259 12 259 259 12 259 259 12 111
161 12 12 161 161 218 161 161 12 161 12 218
259 12 170 12 259 259 356 356 259 39 12 12 356 12
259 259 12 356 380 12 12 12 12 12 12 12 24 12 356 356 212 259
161 198 161 161 161 161 356 161 161 356 356 356
259 356 356 356 356 356 259 259 161 356 356 356 356 356 356 356
356 244 244 302 244 244 259 356 356 356 356 244 336 244 244 244 356 259 259 244 356 356 356 302 356 356 259 356
95 95 95 356 356 95 356 356 356 356 356 356 95 95 198
356 356 12 24 356 12 356 356 356 175 380 12 12 356
356 356 356 356 111 356 251 356 259 356 356 12 356 259 259 356 12 12 12 356 356 356 356 356
95 95 150 259 95 259 95 12 259 12 209 12 12 150 95 12 95
12 95 95 12 12 12 356 12 356 12 356 95 356 95 12 12 95 12 12 272 95
244 244 304 244 95 95 244 244 95 304 244 244 95 304
286 286 286 286 200 286 286 200 200 200 286 286 366 200 200 200 366 286
95 200 259 259 95 12 12 12 12 95 95 259 95 12 95
111 383 95 348 348 348 95 348 348 348 349 95 348 348 95 348 348 95 348
259 12 259 259 12 149 12 356 356 12 356 356 12
356 259 356 356 356 259 259 356 356 259 143 259 259 356 356
286 286 12 12 286 286 286 286 12 12 315 286 286 12 286 286
200 356 161 161 356 161 161 150 161 161 161 150 356 356
161 161 244 161 161 161 161 319 319 161 379 244 276 161 161 319 276 161 244 161 319
95 356 356 12 95 356 12 95 12 95 12 12 218 356 95 95
265 265 265 265 265 265 265 265 265 265 265 265 12 265 12 12 265 265 265 39 265 265 278 265 278 265 265 12 265 265 12 12 39 265 12 12 265 265 149 265 265
170 12 12 12 161 12 12 161 276 12 12 161 161 161 24 12 12 161
222 161 356 222 222 222 222 222 222 222 356 222 222 222 222 222 222 161 222 222 356 222 222 222 161 222 222 222 161 161 222 356 222 161 222 222 236 161
265 265 265 265 265 265 265 265 265 265 265 265 265 265 265 265 265 265 265 265 265 265 265 265 265 265 265 265 265 265
398 398 398 398 200 200 398 200 398 22 398 398 398 398 398 200 200 22 22 200 398
244 244 244 244 244 244 244 244 244 244 244 363 244 244 244 244 244 244 244
95 161 356 343 161 175 161 95 95 161 175 184 161 161 161 95 356 95 161 161 356 95 356 161 161
356 12 356 356 12 12 12 380 356 12 356 380 175 356
12 150 12 356 12 150 12 356 356 129 12 356
12 161 218 12 161 161 12 12 161 161 12 161 161
95 95 95 24 259 12 12 95 95 259 95 95 12 149 95 39 39 259 12 95 12 95 317 12 95 12
12 259 12 12 12 12 259 175 12 12 12 12 12 259
95 95 200 200 301 95 95 356 200 95 200 200 200 200 95 200 356 356 356
24 161 259 161 161 12 12 356 12 12 161 161 12 12 12 356 161 306 259 356 12 12 161 302 356
95 95 95 95 12 356 12 95 95 95 356 95 95 95 95 95 356 95 336 12 95 12 95 95 95 12 356 95
12 149 12 12 12 12 12 149 12 12 12 12 12 209
258 95 95 95 12 95 12 95 95 258 95 95 209 12 12
244 244 306 244 95 95 95 244 244 95 95 244 244 95 244 244
12 259 95 95 95 12 12 95 95 12 200 259 95 259 12
244 161 161 161 244 161 161 244 244 319 161 319 244 244 244 244
222 222 222 222 222 222 222 222 222 222 222 222 222 222 222 222 222 222 222 222 222 222 222 222 222 222 222
95 95 188 95 12 95 95 95 12 12 12 12
259 12 12 259 259 12 259 12 259 259 12 111
95 95 12 12 12 95 95 95 12 95 95 95 95 95 12 95 267 95
286 286 286 286 286 286 200 200 200 200 286 286 200 366 200 200 366 286
12 161 218 161 218 161 161 161 12 12 12 161
222 222 222 222 222 222 222 222 222 222 222 222 222 222 222 222 222 222 222 222 222 222 222 222 222 222 222
267 12 95 12 259 259 95 12 95 328 95 12 12 12 12 95 95 95 12 12
161 198 161 161 161 356 356 356 161 356 161 161
200 200 200 356 200 200 200 200 234 356 200 356 356
398 398 398 398 398 398 398 398 398 398 398 398 398 398 398
356 356 356 356 356 259 259 161 356 356 356 356 356 259 356 356
161 244 244 161 244 95 95 161 95 363 244 244 363 244 244 161 161 244 161 95 95
222 222 222 222 222 222 222 222 222 222 222 222 222 222 222 222 222 222 222 222 222 222 222 222 222 222 222
200 95 200 200 209 12 313 200 95 12 95 24 200 95 12 95 200 200 95 12
161 95 95 39 95 95 12 12 95 95 95 95 161 95 397 12 39 39 95 95 12 12 161 95 95 111 149 95 161 161 95 161 12 161 12 95
12 161 218 161 218 161 161 161 12 12 12 161
398 398 398 398 398 398 398 398 398 398 398 398 398 398 398
244 244 244 95 95 95 306 95 244 244 244 244 244 244 95 95
356 356 200 356 356 356 356 356 356 12 356 356 12 12 12 356 12 356
95 129 356 416 356 95 356 95 282 356 95 356 95 95 95 95 129 95 356 356 95
95 356 259 356 356 259 356 356 356 356 356 259
356 356 356 356 259 356 356 356 95 259 259 356
161 95 176 95 161 161 356 95 356 171 356 95 161 356 172 111 95 95 356 96 171 356 356 95 349 95 95
161 161 356 161 170 200 161 356 356 161 380 161
12 95 95 95 95 12 12 12 95 188 12 95
222 95 222 222 222 222 95 222 222 222 222 222 222 222 222 222 222 95 222 222 222 222 222 222 95 222 222 95 222 95 232 222 222
265 265 265 265 265 265 265 265 265 265 265 265 265 265 265 265 265 265 265 265 265 265 265 265 265 265 265 265 265 265
12 12 272 12 161 12 161 12 12 12 161 161 12 161 161 12 12 161
161 161 161 356 198 161 356 356 161 356 161 161
12 12 12 12 356 12 356 356 356 12 356 356 225 12 356 12 12 356 12
95 12 12 12 95 356 95 12 95 356 12 356 356 356 12 12 356 356 12 95 12 294 12 356 95
12 12 12 12 12 12 12 12 12 12 12 12 212 12 12 12
244 244 244 356 244 244 356 244 356 356 356 244 306 259 259 244 244 356 356 259 356
12 259 12 356 12 95 259 95 12 356 259 95 12 12 259 12 348 12 356 356 12 12 259 95 259 95 259 12 356 12 259 356 12 12 95 12 259 356 356
95 302 95 259 356 356 356 356 259 356 95 356 234 259 259 95 302 356 95 356 95
161 161 161 322 95 161 95 175 95 322 161 161 175 161 95 95 161 161 161
356 356 356 356 259 356 356 161 356 259 356 356 356 356 356 259
265 265 265 265 265 265 265 265 265 265 265 265 265 265 265 265 265 265 265 265 265 265 265 265 265 265 265 265 265 265
265 265 265 265 265 265 265 265 265 265 265 265 265 265 265 265 265 265 265 265 265 265 265 265 265 265 265 265 265 265
259 12 259 259 12 12 259 111 12 259 12 259
244 244 307 244 12 244 244 12 356 12 12 244 244 12 356 356 244 244 356
24 12 12 194 12 111 95 95 95 12 95 95
161 161 161 161 161 276 161 161 161 161 161 161 161 161 161
398 398 398 398 398 398 398 398 398 398 398 398 398 398 398
161 356 12 259 12 356 161 161 356 356 161 259 161 12 161 289 356 12 356 161 356 12 259 356
39 161 356 161 356 356 95 416 12 161 39 95 95 356 95 95 161 95 95 95 356 12 161 95 161 95 356 370 12 95 161 95 356
161 161 276 161 161 161 161 276 161 161 161 161 161 161
12 95 188 95 95 12 95 95 12 12 12 95
348 348 348 348 348 348 348 348 348 348 348 348 348
12 12 12 12 12 12 200 12 200 12 12 12 200 200 200 200 200 200 322 12 12 12 12 12
161 95 349 12 95 212 212 12 39 161 12 161 95 12 95 95 12 212 12 111 24 212 12 95 95 12
12 184 12 12 254 95 95 95 95 209 95 95 95 254
12 12 356 356 12 356 259 149 12 12 356 259 259
161 12 161 12 12 24 286 12 259 161 161 12 12 259 12 170 161 161 259 12 12
222 222 222 222 222 222 222 222 222 222 222 222 222 222 222 222 222 222 222 222 222 222 222 222 222 222 222
265 265 265 265 265 265 265 265 265 265 265 265 265 265 265 265 265 265 265 265 265 265 265 265 265 265 265 265 265 265
95 39 12 95 12 95 57 95 95 356 12 12 356 39 12 301 356 12 356 95 356 12 356 356 356
12 170 356 356 12 356 12 356 12 356 356 12 356 356
12 209 12 12 12 12 12 149 12 12 12 12 12 149
12 12 356 161 161 12 12 356 12 319 356 12 12 12 161 12 161 12 356 12 12 161 161 12 12 161 12
95 12 12 12 95 95 188 95 95 12 12 95
12 356 12 95 95 356 95 218 95 95 12 356 356 12 12 95
12 95 356 95 12 95 356 218 95 12 95 12 12 95 356 356
12 39 161 161 175 161 161 12 309 161 161 161 161 161 161 161 309 12
12 12 12 12 12 259 12 152 12 12 12 12 259 281 12 12 12 259 12 12 12 12 12
259 161 95 161 12 161 12 161 301 259 161 12 95 95 12 95 95 161 161 95 12 259
95 95 95 95 188 95 12 12 12 12 12 95
161 356 161 39 212 95 259 161 356 212 259 356 259 276 212 95 259 212
356 95 259 356 95 95 95 259 356 356 184 95 95 259
244 400 95 95 244 95 244 129 39 95 400 209 95 244 95 12 244 244 95 95 244 95 95 95 129 244 39 12
398 398 398 398 398 398 398 398 398 398 398 398 398 398 398
95 12 12 12 95 111 95 12 259 12 259 12 12 12 12 258 95 259 24 95
356 222 356 222 356 222 222 222 356 222 356 222 222 356 222 222 222 228 222 222 222 222 356 222 222 222 222 222 222 356 222 222 222 222 222
12 12 12 356 161 356 356 356 161 12 161 356 356 281 161 161 356 161 161 111
276 12 12 12 12 12 356 12 12 356 356 12 12 12 356 12 12 356 356 12 12 12 356 356
95 12 12 95 12 95 12 95 12 12 12 12 12 315 12 12 12 12 12 12 95 95 12 12 12 12 12
12 356 12 12 12 12 12 194 12 356 356 12 356 12 12
111 12 12 12 12 259 259 12 259 259 259 259
161 12 39 161 12 12 161 225 225 161 161 175
12 12 150 259 129 12 259 302 259 12 259 12 259
244 400 95 95 244 95 244 129 39 95 400 209 95 244 95 12 244 244 95 95 244 95 95 95 129 244 39 12
24 12 161 356 161 356 161 254 12 161 12 356 356 170 161 161 12
259 259 161 259 161 161 259 161 161 161 198 161 259 259
12 356 356 170 356 12 12 356 356 12 356 12 356 356
95 95 188 95 95 12 95 12 12 12 95 12
12 356 12 356 356 150 12 129 12 12 356 150
356 244 12 356 12 12 200 12 356 12 244 32 380 244 244 356 200 200 200 12 12 12 356 12 356 244 24 12 244 12 244 12 200 380 244 380 12 12 12 356 234 12 12 200 356 12 200 12 244
259 95 356 302 356 244 12 416 356 328 356 4 394 95 251 306 95 95 12 259 259 328 95 95 95 394 95 244 259 259 244 12 24 149 95 12 95 244 356 259 244 244 244
22 398 398 398 200 200 398 200 398 398 398 398 398 398 398 200 200 22 22 200 398
356 209 12 12 12 259 356 356 12 12 12 12 356 12 259 259 12 12
244 319 319 319 161 319 244 276 161 276 161 244 319 161
12 356 12 356 12 170 12 356 356 12 356 356 356 356
12 356 95 218 95 95 12 356 95 12 356 356 95 12 95 12
95 259 12 95 356 12 259 259 309 12 356 95 12 259 12 259 12 356 12 95 12 95 356 12 356 356 356 12 356 259 95
111 161 95 355 161 12 95 12 39 170 12 161 111 95 12 24 12 95 12 161 12 161 12 12 12 12 12 12 161
161 356 161 95 161 161 161 356 95 161 161 356 95 356 259 259 286 259 95 95 95
95 95 95 95 95 212 95 95 95 95 95 95 95
95 12 12 12 95 395 96 12 12 113 356 113 435 95 356 234
265 265 265 265 265 265 265 265 265 265 265 265 265 265 265 265 265 265 265 265 265 265 265 265 265 265 265 265 265 265
356 356 356 259 356 356 259 356 356 356 356 302 259 356 356 259 200 259 259 259 356 302
265 265 265 265 265 265 265 265 265 265 270 265 356 265 265 265 265 265 265 265 265 265 265 265 265 265 265 265 356 265 356 356 265 265
222 222 222 222 222 222 222 222 222 222 222 222 222 222 222 222 222 222 222 222 222 222 222 222 222 222 222
95 244 95 95 95 244 349 244 244 244 244 95 95 95 244 95 111 111 95 244 95 244
161 356 356 161 161 356 161 161 161 356 161 198
251 95 95 356 111 95 111 356 95 356 95 356 95 95 95 95 95
265 265 265 265 265 265 265 265 265 265 265 265 265 265 265 265 265 265 265 265 265 265 265 265 265 265 265 265 265 265
12 95 12 356 95 356 12 12 234 356 259 95 95 95 95 12 259 259 356
95 130 244 244 244 255 95 307 244 130 307 307 244 420
259 259 12 259 259 111 12 12 12 12 259 259
188 12 95 12 12 95 95 12 95 95 95 12
95 356 95 259 259 95 95 356 356 356 95 184 259 95
294 12 161 12 161 12 161 12 161 356 12 356 12 356 161 161 12 12 161 12 12 356
161 356 259 258 161 259 259 161 259 259 259 161 356 259 259 259 161 259 356 161 259 356 259 161
356 95 356 294 356 356 356 356 95 356 356 259 356 356 356 95 356 259 356 129 259 95 95 95 356 356 24
356 95 95 95 356 356 95 259 356 259 95 356 259 95 356 356 212 356
12 161 161 161 161 161 161 12 12 12 218 161 12
161 356 356 356 356 161 161 161 161 161 198 161
348 348 348 348 348 348 348 348 348 348 348 348 348
315 315 315 315 315 315 315 315 315 315 315 315
356 12 356 12 356 356 356 259 356 356 12 149 12 188 259
95 12 95 12 12 95 12 95 12 111 12 95 24 12 188 12 12 95 12 12 95 12 95 362 152 12 12 95 12 12 95
95 95 218 95 95 95 111 95 95 95 95 95 111
356 200 12 200 356 200 12 356 200 12 200 356 12 200 356 356 356 12 200 200 304 356
161 161 161 322 95 161 95 175 95 322 161 161 175 161 95 95 161 161 161
12 95 95 12 95 12 95 259 12 12 259 95 200 95 259
356 12 356 356 356 259 259 356 259 12 188 356 12 356 356 12 12
95 161 244 161 161 95 161 161 161 95 95 95 161 95
356 356 356 356 356 170 12 356 12 12 12 356 12 356
12 12 356 356 234 356 356 356 356 356 356 356 143 12 356 12 356 12 356 356
95 95 95 95 95 212 95 95 212 95 95 95
200 95 200 95 200 200 276 95 95 276 200 276 200
356 356 12 12 143 12 356 356 356 200 356 356 12 12 356 356
12 39 161 161 175 161 161 12 309 161 161 161 161 161 161 161 309 12
212 161 259 356 161 161 161 161 356 161 161 356 259 259 356
259 356 161 259 259 161 259 161 229 259 356 356 161 161 161 161 259 356
356 259 12 356 161 12 12 24 161 356 380 356 161 12 356 380 161 356 356 302 356 259 161 12 259 39 161 356 302 24 12 259 356 161 355 12
244 244 244 244 244 244 356 356 356 244 276 244 244 356
161 161 95 95 161 95 161 161 244 161 95 95 95 161
315 315 315 315 315 315 315 315 315 315 315 315
348 348 348 348 348 348 348 348 348 348 348 348 348
161 259 161 161 259 356 259 259 161 161 198 161 161
356 95 95 95 356 259 356 259 259 12 95 95 12 12 95 356 12 234 12
315 315 315 315 315 315 315 315 315 315 315 315
315 315 315 315 315 315 315 315 315 315 315 315
259 12 356 149 356 259 259 356 356 12 12 12 12
356 12 356 356 12 356 356 12 356 12 12 356 356 12 24 356 356 12 356 24 12 356 12 281 12
12 259 356 161 24 12 12 12 161 12 161 356 12 12 161 12 161 12 161 161 12 12 12 380 12 356 259 12 336 259
315 95 315 95 315 315 315 95 95 315 315 315 315 95 95 361 315 315
12 368 356 356 161 161 12 12 356 161 161 198 12 12 161 161 12 161 12 356 161 161 12 356 356 161 161 12 161 12 161 356
398 398 398 398 398 398 398 398 398 398 398 398 398 398 398
161 12 12 225 12 12 161 170 161 24 161 161 161
95 95 95 95 356 95 356 307 95 95 95 95 95 95 95 95 356 380 95 95 95 95 111
12 356 12 170 356 356 356 12 356 12 356 12 356 356
95 95 12 12 188 12 95 95 95 95 12 12
265 265 416 265 356 265 265 265 274 265 265 265 356 265 265 12 259 265 265 265 12 356 265 265 12 265 265 259 265 265 265 265 265 265 265 265 12 12 265 265 265
244 244 356 244 244 276 356 356 244 244 244 356 244 244
200 200 12 12 12 12 200 298 12 200 12 200 12 200 200 12 12 200 12
12 95 356 12 12 12 95 272 356 12 95 12 12 356 95 12 12 356 95 95 12
222 222 222 222 222 222 222 222 222 222 222 222 222 222 222 222 222 222 222 222 222 222 222 222 222 222 222
161 161 161 161 319 95 161 161 319 95 161 95 161 95 95 161 161 161 161
265 265 265 265 265 265 265 265 265 265 265 265 12 265 12 12 265 265 265 39 265 265 278 265 278 265 265 12 265 265 12 12 39 265 12 12 265 265 149 265 265
95 12 12 95 356 95 95 95 356 12 95 95 12 356 356 95 12 95 289 95 95 95
276 12 12 12 12 161 170 12 12 12 161 161 161 161 24 12 161 12
348 348 348 348 348 348 348 348 348 348 348 348 348
161 244 244 161 244 95 95 161 95 363 244 244 363 244 244 161 161 244 161 95 95
259 356 259 12 12 12 356 12 356 149 356 12 259
356 12 12 12 356 12 12 12 12 12 356 356 194 12 12
12 161 12 161 12 272 161 12 161 12 12 12 12 161 161 12 12 161
356 12 12 225 12 12 12 12 356 356 356 12 12 12 356 12 356 356 356
95 12 12 95 225 356 356 95 380 356 12 12 95 95 12 111
161 161 161 161 161 276 161 161 161 161 161 161 161 161 161
170 161 212 95 161 212 302 234 212 212 95 259 259
356 356 12 356 259 12 259 356 356 12 12 380 259 356 356 356 356 380 259 356 356 356 259 12 12 276 380
95 161 161 95 244 95 161 95 161 161 95 161 161 95
95 356 356 356 356 12 12 356 95 356 95 251 12 12 95 12 95 356 95 356
356 12 356 12 356 356 356 170 12 12 356 356 356 12
398 398 398 398 398 398 398 398 398 398 398 398 398 398 398
356 200 356 200 200 200 200 200 356 234 200 200 356
222 95 222 222 222 259 95 233 222 222 222 222 222 222 222 95 222 222 222 222 259 222 222 222 95 222 222 222 222 222 150 222 259 222 95 222 150 95
356 356 95 95 95 198 95 95 95 356 356 356 356 356 356
259 95 95 259 259 259 95 95 259 259 95 259 259 95 184 259
222 222 222 222 259 222 259 222 222 222 222 222 222 222 222 259 222 222 259 222 222 226 222 222 222 259 222 222 222 259 222 222 222
161 161 356 356 161 161 198 356 161 161 356 161
170 356 12 12 356 356 12 12 356 356 356 356 356 12
161 229 12 161 161 161 12 39 161 12 184 161 39
95 12 12 95 259 95 259 12 95 12 95 95 327 12 12 95 356 12 95 95 95 356 12 356 12 356 259 12 95 95
356 143 356 356 356 356 356 356 356 39 356 356
356 356 95 259 356 356 259 356 356 356 356 259
12 111 24 259 95 95 12 12 12 356 259 95 259 356 12 356 356 286 95 12 12 95 12 12
356 380 225 259 356 356 12 259 12 356 356 356 356 380 12 12 356 259 356 12 356
161 130 161 12 244 12 130 244 161 385 244 244 161 385 420 12 161 95 12 244 95 307 161 420
22 398 398 398 200 200 398 200 398 398 398 398 398 398 398 200 200 22 22 200 398
244 244 244 12 244 12 244 12 244 12 244 289 244 12 244
222 265 265 265 365 265 265 222 265 265 222 265 265 265 222 222 265 222 222 265 222 222 222 222 222 265 365 222 222 265 265 265 222 265 222 265 222 265 222 222 265 265 265 222 222 265 222 265 222 265 222 265 265 222 265
315 315 315 315 315 315 315 315 315 315 315 315
12 12 12 12 259 175 12 12 12 12 12 259 259 12
12 259 259 356 356 12 259 12 12 12 356 356 149
95 95 237 95 161 161 161 237 95 161 161 237
398 398 398 398 398 398 398 398 398 398 398 398 398 398 398
265 265 265 265 265 265 265 265 265 265 265 265 265 265 265 265 265 265 265 265 265 265 265 265 265 265 265 265 265 265
12 12 259 259 12 12 259 356 356 12 95 259 12 356 95 12 259 12 95 259 12 12 95 12 12 12 356 95 12 12 319 95
12 95 12 356 12 95 12 356 259 356 161 356 289 95 356 95 356 356 356 259 356 12 95 259 356 356