209 209 209 209 209 209 209
209 209 209 209 56 209 209 209 209 209 209 209 209
209 209 209 209 209 209 209
209 209 209 209 209 209 209
55 209 209 55 209 209 209 9 209 55
55 55 55 115 155 115 115 115
209 209 209 209 209 209 209
55 55 155 115 55 115 115 115
209 209 209 56 209 209 209 209 209 209 209 209 209
168 168 209 115 209 209 209 168 168 168 115 209 209 115 209 209 209 115 90 209 209 209
29 29 29 29 29 29 29 29
29 29 29 168 168 115 115 168 69 29 115 29 29 168 168 115 29
29 29 29 29 29 29 29 29
67 115 168 168 115 168 77 168 115 55 168 168 115 168 55 168 168 115 115 168 132 115
209 209 209 209 209 209 209
209 209 209 168 209 168 132 168 115 115 209 168 174 209 59 115
209 29 29 209 29 209 29 29 29 29 209 209 67 209
209 209 209 209 209 209 209
216 216 115 115 168 168 115 168 168
29 29 29 29 29 29 29 29
58 168 29 29 29 29 168 29 168 58 168 29
150 29 168 29 108 168 168 108 29 108 29 29 29 168 168 108 108 108 108 108 108 108 108 29
51 51 51 51 51 51 51 51 51
168 115 168 115 32 168 115 115 115 168 168 115 115 115
209 209 209 209 209 209 209
168 115 115 115 55 115 168 55 115 115 115 55 115 115 55 55 168 168 55 55 168 58
124 124 124 124 124 124 124 124 124 124 124 124 124 124 124 124 124 124 124 124 124 124 124 124 124 124 124 124 124 124 124 124 124 124 124 124 124 124
124 124 124 124 124 124 124 124 124 124 124 124 124 124 124 124 124 124 124 124 124 124 124 124 124 124 124 124 124 124 124 124 124 124 124 124 124 124
157 157 157 157 157 157 157 157 157 157 157 157 157 157 157
209 209 209 209 209 209 209
51 51 51 51 51 51 51 51 51
51 51 51 51 51 51 51 51 51
55 55 55 115 55 55 55
115 9 115 115 115 115 115 115 115 115 115 115 115
29 29 29 29 29 29 29 29
115 29 29 56 55 29 29 115 29 115 55 115 29 55 29
209 209 209 51 51 209 209 51 55 103 115 55 115 51 209 55 51 51 51 51 115 115
108 89 168 168 89 89 89 168 89 89 89 89 89 89 168 168
209 29 29 29 168 140 209 209 168 209 115 29 115 29 209 168 29 29 168 115 168 209 45 115 45 29 29 29 115 29 29 115
209 209 209 209 209 209 209
55 115 115 115 115 168 115 115 115 55 168 115 55 42 168 168 168
209 209 168 209 168 209 168 42 209 168 209 168
108 108 108 108 108 108 108 108 108 108 108 108
30 30 30 30 30 30 30 30 30 30 30 30 30 30 30 30 30 30 30 30 30 30
51 51 51 51 51 51 51 51 51
209 55 55 209 55 55 55 55 209 55 55 209 55 55 55 209 55 209 48
51 51 51 51 51 51 51 51 51
209 209 209 209 209 209 209
96 51 96 67 108 96 51 170 108 67 67 96 108 108 108 170 108 108 96 108 108 108
209 209 209 209 209 209 209
209 209 209 209 209 209 209
67 51 51 67 127 67 51 51 78 67 69 51 78 67 51 127 78
29 29 29 29 29 29 29 29
140 209 209 168 140 140 32 140 149 168 140 168 115 168 216 174 168 115 140 168 140 168 140 209 168 209 32 149 3 209 168 195 140 140 149 168
51 29 29 51 29 29 51 51 96 29 51 51 29 51 51 29
40 29 168 40 168 18 29 29 168 18 168 168 168 40 168 115 115 168 182 115 45 122 168 115 115 48
209 55 209 209 29 55 209 55 209 29 55
115 55 55 182 115 55 115 55 55 115 55
209 209 209 209 209 209 209
29 29 29 29 29 29 29 29
115 168 168 140 140 29 29 115 115 190 140 55 140 168 29 168 140 168 168 29 55 115 29 140 29 140 140 168 29 140 140 55 140 168 168 168 140 140
67 67 29 67 29 67 67 67 110 67 67 67 29 29 29 29 29
209 55 209 209 168 168 209 55 55 168 209 168 168 51 209
108 108 108 108 108 108 108 108 108 108 108 108
55 55 209 55 209 209 9 209 209 209
51 51 42 51 51 51 168 209 51 168 168 168 168 168 209 51 209 168 136 168 209 168 209 168 53 174 168 168 168
29 29 29 29 29 29 29 29
132 35 168 168 168 55 168 132 115 168 115 55 115 55 55
157 123 123 123 123 157 123 157 157 123 157 157 123 157 157 123 157 157 157 123 214 157 123 157 157 123 123
115 29 115 3 115 168 168 3 115 29 168 132 168 168 168 29 115 29 115 174 29 29 117 115 29 3 168 168
209 42 168 168 168 209 168 209 209 209 168 209
29 29 29 29 29 29 29 29
67 89 67 145 89 89 89 67 89 89 67 69 90 67 89 67 89 67 67 89
67 67 67 67 67 67 67 67 67 67
108 108 108 108 108 108 108 108 108 108 108 108
140 140 67 115 29 67 67 115 140 67 67 93 93 140 67 67 93 93 140 67 140 115 67 0 67 67 140 115 140 93 67 29 140 67 140 140 140 140
140 51 140 51 140 140 51 51 51 51 140 140 140 140 140 140 140 51 172 51 140 140
67 67 67 67 67 67 67 67 67 67
168 55 168 155 55 59 115 168 168 55 168 209 77 168 209 201 168
51 51 51 51 51 51 51 51 51
132 115 115 115 115 77 115 115 55 115 55 55 18 55 55
108 108 29 108 108 108 29 108 29 108 29 29 29 108 29 138 108 108 108
168 26 168 26 168 168 168 168 168 168
115 115 168 216 115 168 115 168 168 168
89 89 89 51 209 89 153 51 51 89 51 209 51 209 153 89 51 209 89 209 51 89 89
209 209 209 209 209 209 209
29 29 29 29 29 29 29 29
168 168 168 115 115 115 216 115 168 168
209 209 209 209 209 209 209
67 115 115 67 67 67 67 115 83 83 67 67 67
123 123 123 123 123 123 123 123 123 123 123 123 123
108 108 108 55 168 140 108 168 108 168 168 108 108 168 168 108 168 108 168 168 108 55 108 168 55
26 26 209 26 209 26 26 26
209 209 209 209 209 209 209
124 124 124 124 124 124 124 124 124 124 124 124 124 124 124 124 124 124 124 124 124 124 124 124 124 124 124 124 124 124 124 124 124 124 124 124 124 124
209 209 209 209 209 209 209
67 67 67 67 67 67 67 67 67 67
45 29 168 29 29 45 168 67 29 168 29 115 168 168 115
157 157 157 157 157 157 157 157 157 157 157 157 157 157 157
67 67 67 67 67 67 67 67 67 67
29 29 29 29 29 29 29 29
209 209 209 56 209 209 209 209 209 209 209 209 209
209 115 209 209 115 209 29 209 209 115 115
209 209 209 209 209 209 209
168 174 168 168 174 167 168
29 29 29 29 29 29 29 29
192 55 168 168 55 168 168 55 168
168 209 42 168 209 209 209 168 209 209 168 168
51 51 51 62 115 115 51 115 51 51 115 51 51
89 209 89 89 89 89 209 89 89 89 209 89 89 209 209 209 116
55 55 55 55 55 55 209 55 115 55 55 55 55 115
115 115 115 51 29 168 51 51 168 29 168 29 115 115 168 132 29 29 29 51 51 115 51 29 51 51 132 134 168
168 115 115 115 209 121 209 168 168 168 209 168 115 115 209 174 168 115 115 115 168 168 115 115 115 216 168 168 115 168 168 168 209 168
209 209 209 209 209 209 209
29 29 29 29 29 29 29 29
115 168 168 168 168 168 115 168 168 168 168 168 115 115 45
29 29 29 29 29 29 29 29
55 115 168 115 55 55 55 78 115 115 168 115 168 168 115 115 115 115 115 115 168 55 55 115 115 115 115 115
29 29 29 29 29 29 29 29
13 5 5 168 5 5 5 5 5 168 5 55 5 192 168 5 5 168 5 5 5 55 5 5 5 5 5
67 67 67 67 67 67 67 67 67 67
55 77 55 55 77 55 132
115 115 115 115 115 115 115 115 182
67 67 67 67 67 67 67 67 67 67
168 209 18 18 209 18 18 18
108 108 108 108 108 108 108 108 108 108 108 108
209 48 209 48 209 48 209 209 209 48
209 209 209 55 55 9 209 55 209 209
115 115 168 115 168 168 115 168 168 26 115 115 115 168 59 115 168 168
29 29 29 55 40 29 29 55 29 55 29
51 51 51 51 51 51 51 51 51
108 108 145 108 108 108 51 51 51 145 145 51 108 51 108 51 108 108
51 51 51 51 51 51 51 51 51
168 168 167 167 174 168 168 168
115 55 55 55 55 55 55
209 48 209 48 209 48 209 209 209 48
168 168 29 29 168 168 29 29 29 29 29 168 58
127 209 72 55 40 209 209 63 51 51 209 51 55 51 209 209 209 40 51 209 209 209 63
168 168 168 168 55 115 168 168 168 55 115 55 168 26 168 168 115 168 168 75 115 168
72 51 51 209 61 72 72 72 72 51 26
115 115 115 115 115 115 115 115 182
51 51 51 51 51 51 51 51 51
29 29 29 29 29 29 29 29
115 115 182 115 115 115 182 115
51 209 51 51 209 209 51 51 84 51 209 51 209 51 209
192 168 168 192 168 55 55 55 155 55 168 55 168 168 168 192 53
29 29 29 29 29 29 29 29
51 51 51 51 51 51 51 51 51
115 115 115 115 115 182 115 182
209 168 209 168 209 209 209 209 168 209 209 209 75 40 75
89 89 89 89 89 89 89 89 89 89 89
29 29 29 29 29 29 29 29
67 67 67 67 67 67 67 67 67 67
67 67 209 67 102 209 67 209 67 209 67 67 67 102 209
168 168 168 26 168 168 168 168 168 168 168
209 209 209 56 209 209 209 209 209 56 209 209
209 209 168 115 55 209 192 168
32 29 209 29 29 69 216 209 209 29 29 29 209 209
115 209 115 209 209 168 132 115 168 42 168 209 115 104 209 209 115 209 209 132 115 209 168 209 209
89 89 89 172 172 89 140 89 140 89 89 67 140 172 84 84 172 89 210 140 140 67 140 210 140 196
29 29 29 29 29 29 29 29
115 115 155 55 115 55 115 55
168 51 168 51 86 168 59 168 115 209 168 29 93 29 29 154 154 51 209 29 209 115 29 115 58 29 174 115 115
209 209 209 83 83 83 29 110 83 209 67 67 67 209 83 110
168 168 168 168 45 168 115 115 168 168 168 168 168 115 115
168 51 168 51 168 95 168 168 51 168 51 51 51 168 168 168 51 168 51
168 209 168 168 209 209 168 209 168 209 209 42
29 29 29 29 29 29 29 29
55 67 67 67 67 67 220 55 67 67 67 67 55 75
140 157 157 157 157 157 140 140 157 140 140 140 157 2 157 140 140 157 157 140 140 157 140 157 2 157 140
115 168 32 132 209 175 51 115 115 168 209 168 51 115 115 51 115 209 168 209 168 115 115 209 209 51 115 209 168 115 168 209 115 51 115 216 51 132 168 51 115 51 209 115 115 174 209 115 174 115
55 55 55 55 55 115 55
209 209 209 209 209 209 209 89 209 209 209 209 209 89 209 209 209
5 5 5 5 5 5 5 5 51 51 51 51 51 51 51 5 5 5 5 5 5 5 24 5 51 5 5 5
29 29 29 29 29 29 29 29
29 29 29 29 29 29 29 29
209 209 209 209 209 209 209
209 209 209 209 209 209 209
115 168 115 55 115 55 168 168 115 115 55 168 42 115 115 115 168
113 168 51 113 67 168 67 96 168 96 67 96 51 168 96 96
3 168 3 3 168 168 3 168
9 51 51 90 51 115 51 155 51 168 168 209 168 51 51 51 155
115 168 168 115 168 168 115 168 216 115
209 209 209 209 209 209 209
115 132 167 167 115 115 115
29 29 29 29 29 29 29 29
192 164 67 93 103 67 67 78 84 51 168 84 164 67 168 84 93 78 78 67 67 84 26
51 209 84 51 209 51 209 51 209 51 51 209 51 209 51
51 51 51 51 51 51 51 51 51
30 30 30 30 30 30 30 30 30 30 30 30 30 30 30 30 30 30 30 30 30 30
40 55 29 29 29 55 29 55 29 29 29
29 29 29 29 40 29 55 29 29 55 55
115 115 168 55 209 115 115 129 168 55 115 115 209 209 209 168 55 209 55 115 209 209 168 55 209 115 55 209 209 168 168 168 209 209 168 168 168
167 140 140 140 168 168 29 140 167 115 140 140 140 115 140 29 140 140 29 140 168 29 115 29 168 140 180 140 168 115 29 29
115 209 209 115 42 209 58 115 115 115 209 115 58 115
67 67 67 67 67 67 67 67 67 67
51 29 29 133 29 51 29 29 51 29 51 29 51 51 51 133 29 29 29 29 29
29 29 29 29 29 29 29 29
53 209 51 168 216 168 209 51 209 168 209 51 168 209 108 182 51 51 51 51
209 115 182 157 32 115 168 209 115 32 58 209 115 168 168 115 115 168 174 115 115 55 168 115 115 209 168 77 168 168 55 115 182 32 209 55 168 209 115 42 115 115 209 115
168 55 55 55 216 168 55 168 168 55 55 168
115 168 115 168 168 216 115 115 168 168
209 209 209 209 209 209 209
67 67 67 67 67 67 67 67 67 67
51 51 51 51 51 51 51 51 51
209 209 209 209 209 209 209
115 132 132 115 115 115 115 115 192
209 209 209 209 56 209 209 209 209 209 209 209 209
51 51 51 51 51 51 51 51 51
115 115 115 115 55 55 155 55
140 140 140 140 140 140 140 140 140 140 140 140 140 140
67 67 67 67 67 67 67 67 67 67
55 168 168 115 55 168 55 115 115 168 18 168 115
51 51 51 51 51 51 115 115 51 51 115 115 62
108 108 108 108 108 108 108 108 108 108 108 108
209 209 209 209 209 209 209
209 209 209 209 209 209 209
51 51 51 51 51 51 51 51 51
51 51 51 51 51 51 51 51 51
29 29 29 29 29 29 29 29
168 168 26 168 26 168 168 168 168 168
209 209 209 209 209 209 209
115 115 115 115 182 115 115 115 115
58 26 3 29 72 72 168 29 168 29 40 29 168
115 182 115 115 115 115 115 115 115
29 72 72 72 29 29 29 209 29 61 113 51 72 29 29 51 51 26
30 30 30 30 30 30 30 30 30 30 30 30 30 30 30 30 30 30 30 30 30 30
209 209 209 209 209 209 209 89 209 209 209 209 209 89 209 209 209
55 55 55 55 55 55 55 115 55 9 55 55 55 55 55 55 55 55
209 209 209 115 29 115 209 209 115 209 115
140 140 140 140 140 140 140 140 140 140 140 140 140 140
67 67 67 67 67 67 67 67 67 67
169 193 186 67 115 176 115 157 167 186 176 67 157 157 157 67 209 167 115 157 209 176 115 157 176 157 209
209 209 209 209 209 209 209
209 209 209 209 209 209 209
29 29 29 115 48 115 29 29 115 29 115 29
29 168 29 29 220 95 89 29 55 67 168 168 56 55 67 29 55 67
29 29 29 29 29 29 29 29
55 209 209 209 55 55 115 29 55 209 209 209
168 115 115 209 115 115 209 209 168 115 127 115 209 115 123 174 168 115 115 123 209 123 115 115 123 168 209 123 168 115 123 196 123 115 123 115 55 115 115 115 115 115 115 168 123 55 168 123 168 168 123 55
140 168 172 140 67 140 168 140 140 140 67 177 100 100 140 172 172 172 172 166
89 111 89 89 140 147 141 75 209 123 146 158 218 168 140 139 168 123 14 123 168 129 113 209 140 46 67 140 206 216 75 156 123 168 209 89 158 156 123 154 168 209 168 140 123 67 154 123
209 209 209 209 209 209 209
51 115 168 209 51 111 168 209 209 51 51 51 26 209 26 51 168 168 168 51 51 115
51 51 51 51 51 51 51 51 51
209 209 209 209 209 209 209
209 209 209 209 209 209 209
209 209 209 209 209 209 209
29 29 29 29 29 29 29 29
115 115 115 115 182 115 115 115 115
67 67 67 67 67 67 67 67 67 67
67 67 67 67 67 67 67 67 67 67
209 209 209 209 209 209 209
29 29 29 29 29 29 29 29
209 209 209 209 209 209 209
29 29 29 29 29 29 29 29
140 172 140 51 140 51 51 140 140 51 51 140 140 51 51 140 51 140 140 140 140 140
5 5 5 5 5 5 5 5 5 5 5 5 5 5 5 5 5 5 5 5
209 216 29 209 29 209 209 209 216 209 29 209 209 29 29 209 67 29 103
168 26 168 168 168 168 168 168 168 168 168
99 32 55 77 55 55 220 55 99 168 167 168 55 55 168 55 168 168
29 29 29 115 29 115 29 29 115 48 115 29
29 29 29 29 29 29 29 29
51 51 51 51 51 51 51 51 51
124 124 124 124 124 124 124 124 124 124 124 124 124 124 124 124 124 124 124 124 124 124 124 124 124 124 124 124 124 124 124 124 124 124 124 124 124 124
209 209 209 209 209 209 209
67 67 67 168 168 168 168 67 168 90 67 67 67 67 67
29 29 29 29 29 29 29 29
140 67 140 140 140 67 67 140 141 140 140 140 140 140 67 140 140 140 140 67 67 67 140 140 140 140 140 140 19 67 140 67 140 140 141 140
55 115 168 168 168 168 168 209 168 209 168 168 115 209 115 168 168 168 168 168 55 209 209 168 55 168 115 107 209
209 209 209 209 209 209 209
115 89 168 209 89 89 89 142 209 115 115 133 209 111 32 155 142 168 168 100 111 168 209 162 115 115 168 89 133 168
40 115 115 29 192 29 51 161 29 40 150 29 168 29 40 115 29 115 35 29 29 26 132 29 216 174 29 29 29 35
115 168 168 115 168 168 216 115 115 168
55 209 168 209 168 168 174 55 9 209 209 209 55 55 209 55 55 89 26 55 115 55 77 168
67 67 67 67 67 67 67 67 67 67
209 209 209 209 209 209 209
63 209 63 209 29 29 29 209 63 29 209 29
51 209 209 51 51 168 168 168 168 209 115 209 51 51 115 209 51 168 168 115 168 209 51 168 209 168 168 168 209 168 209 168 115 51 168 209 209 162 209 168
108 108 145 108 108 108 51 51 51 145 145 51 108 51 108 51 108 108
209 209 209 209 209 209 209
5 5 5 5 5 5 5 5 5 5 5 5 5 5 5 5 5 5 5 5
5 5 5 5 5 5 5 5 5 5 5 5 5 5 5 5 5 5 5 5
168 216 168 115 115 115 115 168 168 168
51 51 51 51 51 51 51 51 51
209 209 209 209 209 209 209
209 29 209 209 209 29 115 115 29 29 115 29 29 83 29 115 209 209
29 83 29 29 29 29 29 29 29 29 29 29 29 29 29
115 115 115 115 115 115 115 182 115
209 209 168 168 209 209 42 168 168 209 209 168
168 168 168 168 115 168 115 168 115 168 168 115 168 168 67 168 168 168 168 168
29 29 29 29 29 29 29 29
30 30 30 30 30 30 30 30 30 30 30 30 30 30 30 30 30 30 30 30 30 30
209 115 209 209 209 209 115 115 209 115 29
55 55 209 209 168 168 209 168 209 168 55 58 209 55 55 55 168 209
115 168 115 55 55 168 55 168 115 18 168 115 168
209 209 209 209 209 209 209
51 51 51 51 51 51 51 51 51
21 176 21 40 67 209 165 31 108 209 123 165 157 108 157 209 161 21 123 67 157 157 108 157 67 157 31 123 157 209 21 157 133
168 168 115 115 115 168 168 168 216 115
29 29 29 29 29 29 29 29
55 168 55 168 168 192 55 168 168
61 51 117 61 51 61 51 51 51 51 51 51 84 51 51 61 61
209 209 209 209 209 209 209
209 209 209 209 209 209 209
209 209 209 209 209 209 209
209 209 209 209 209 209 209
209 209 209 209 209 209 209
29 29 29 29 29 29 29 29
209 209 209 209 209 209 209
168 168 115 168 115 115 168 216 168 115
55 55 155 115 55 55 55 55 55
29 29 29 29 29 29 29 29
209 115 209 115 115 209 209 29 209 209 115
209 209 209 209 209 209 209
5 5 5 5 5 5 5 5 5 5 5 5 5 5 5 5 5 5 5 5
140 140 140 140 140 140 140 140 140 140 140 140 140 140
209 161 161 63 184 209 165 209 209 108 198 84 108 51 161 123 123 51 51 161 209 165 161 51 123 108 163
67 67 67 67 67 67 67 67 67 67
115 55 55 155 115 115 115 55
115 115 115 115 115 115 3 115 3 174
29 29 29 29 29 29 29 29
115 115 209 115 58 115 42 115 115 115 209 115 42 209 209
115 168 216 168 168 168 115 168 115 115
168 168 115 115 168 216 168 168 115 115
55 115 55 155 115 115 115 55
51 51 51 51 51 51 51 51 51
209 209 55 209 155 115 209 55 115 48 209 155 209 55 155
209 115 115 115 69 182 167 55 115 209 55 115 209 115 167 115 55 115 115 209 209 209 115
26 168 168 168 168 168 168 168 168 26
51 176 67 176 51 168 51 51 67 168 67 67 51 168 67 67 67 51 75 168 75 67 81 67 51 67 67 67 67
55 216 18 115 55 115 168 168 115 55 168 168
115 167 55 55 99 167 115 167 55 29 55 55 167 115 55 115 167 155 55 167 29 167 29 29 115 29 55 29 115 167 99 103 167 115 29 167 55 55
115 115 168 115 90 209 115 209 55 115 209 115 168 209 168 115 115 115 209 168 209 55 115 115 55 168 115
115 83 67 67 67 115 67 115 115 67 67 67 67 67
209 209 209 209 209 209 209
5 67 5 67 5 67 5 5 5 5 5 5 5 5 67 5 67 67 67 5 5 5 5 5 67 28 5 5 67
29 55 55 29 29 40 29 29 29 29 55
209 209 209 209 209 209 209
29 168 168 29 168 29 29 168 29 168 29 168 168 168 168 29 168 81
124 124 124 124 124 124 124 124 124 124 124 124 124 124 124 124 124 124 124 124 124 124 124 124 124 124 124 124 124 124 124 124 124 124 124 124 124 124
5 5 5 5 5 5 5 5 5 5 5 5 5 5 5 5 5 5 5 5
5 5 5 5 5 5 5 5 5 5 5 5 5 5 5 5 5 5 5 5
108 108 108 108 108 108 108 108 108 108 108 108
183 183 183 183 183 183 183 183 183 183 183 183 183 183 183 183 183
55 51 51 55 51 51 51 51 51 58 55 51
115 115 115 115 174 35 132 168 115 115 168 168 168 115
209 209 209 209 209 209 209
55 168 168 29 55 55 62 168 29 29 168 29 29 29 29 168
67 67 67 67 67 67 67 67 67 67
29 29 29 29 29 29 29 29
168 168 168 168 168 168 168 26 168 168 168
29 29 29 29 29 29 29 29
29 29 29 29 29 29 29 29
51 51 51 51 51 51 51 51 51
55 29 55 29 40 29 55 29 29 29 29
174 108 108 108 168 195 51 108 108 56 201 168 18 168 56 115 182 115 115 108 115 168 115 174 108 108 108 51 115 51 168 59 182 108 132 168 108 51 142 216 51
51 51 51 51 51 51 51 51 51
32 209 168 93 168 168 209 32 209 209 209 209 93 168 209 209 168 168
115 115 115 29 209 209 115 209 209 209 209
51 51 51 51 51 51 51 51 51
140 140 140 140 140 140 140 140 140 140 140 140 140 140
51 51 51 51 51 51 51 51 51
115 216 115 115 168 168 216 168 168
183 183 183 183 183 183 183 183 183 183 183 183 183 183 183 183 183
209 209 209 209 209 209 209
209 209 209 209 209 209 209
115 55 115 209 209 55 209 115 55 55 55 115 209 55 55 115 55 115 55 209 115 67 209 115
140 140 123 206 140 135 140 123 140 206 123 123 123 140 206 123 140 123 145 140 123 140 123 145
168 209 209 168 209 168 209 209 168 42 168 209
115 209 209 209 115 115 115 115 115 209 209 115 142 142 55 209 55 59
209 59 168 209 209 216 209 168 209 115 168 132 115 168 168 115
115 168 216 115 168 115 115 168 168 168
209 209 209 209 209 209 209
209 29 209 209 115 209 115 209 115 115 209
55 168 48 168 168 55 168 77 55 168 174 55 168 168 168 55 168
216 115 115 168 168 115 168 216 168
51 51 51 51 51 51 51 51 51
51 161 161 72 29 12 29 115 165 155 51 51 108 51 29 184 29 51 108 51 161 161 123 51 29 51 55 51 108 29 115 155 51 165 123 51 123 29 161 51 51 170 55
29 29 29 29 29 29 29 29
29 29 29 29 29 29 29 29
209 209 209 209 209 209 209
29 29 115 29 168 168 168 168 168 29 29 115 29 115 29 69 115
209 209 209 209 209 209 209
29 209 29 209 209 209 67 209 29 29 29 209 29 29
29 209 29 29 29 209 29 209 209 209 67 67 29
96 51 96 67 67 96 96 67 96 51 96 96
209 209 209 209 209 209 209
209 209 209 209 209 209 209
51 51 51 51 51 51 51 51 51
168 209 55 51 209 51 168 209 209 209 168 55 168
168 168 83 168 83 83 83 29 168 83 67 67 67 103 168 83
209 209 209 209 209 209 209
61 209 209 61 61 29 61 29 209 29 29
108 108 108 108 108 108 108 108 108 108 108 108
209 209 209 209 209 209 209
55 55 192 168 168 55 168 168 168
124 124 124 124 124 124 124 124 124 124 124 124 124 124 124 124 124 124 124 124 124 124 124 124 124 124 124 124 124 124 124 124 124 124 124 124 124 124
115 115 35 174 115 168 115 115 132 115 168 168 168 115
115 55 55 182 115 115 115 55 55 55 55
216 168 168 115 168 168 168 115 115 115
209 209 209 209 209 209 209
209 115 115 209 209 209 209 209 115 67 209 209 209 209 115 209 209
29 29 29 29 29 29 29 29
55 55 55 55 115 55 55
209 209 209 209 209 209 209
209 209 55 55 9 209 55 209 209 209
29 29 29 29 29 29 29 29
89 89 89 172 172 89 140 89 140 89 89 67 140 172 84 84 172 89 210 140 140 67 140 210 140 196
209 209 209 209 209 209 209
209 209 209 209 209 209 209 209 209 209 209 209 56
209 209 209 209 209 209 209
209 209 209 209 209 209 209
115 115 115 182 115 115 115 115 115
115 115 209 51 168 40 111 209 40 51 115 51 51 115 209 51 51 209 168 168 51 51
115 55 55 168 115 174 168 174 168 168 55 115 115 168 115 174 168 55 168 168 168 168 55 168 168 174 116 168 115 115 55 168 168 168 115
115 29 168 29 168 69 29 29 29 115 29 115 168 29 115 168 168
140 140 140 140 140 140 140 140 140 140 140 140 140 140
209 209 209 56 209 209 209 209 209 56 209 209
209 209 209 209 209 209 209
168 209 115 45 26 209 132 18 115 115 18 18
29 29 29 29 29 29 29 29
115 55 55 115 155 55 115 115
29 29 29 29 29 29 29 29
67 67 67 67 67 67 67 67 67 67
51 51 51 51 51 51 51 51 51
168 67 67 67 67 168 67 168 67 90 67 67 168 90
29 29 29 29 29 29 29 29
67 67 67 67 67 67 67 67 67 67
157 209 209 157 157 169 169 169 157 209 157 157 157 169 157 157 157 157
51 51 51 51 51 51 51 51 51
108 108 108 108 108 108 108 108 108 108 108 108
115 81 115 115 168 115 168 168 55 168 115 168 115 115 115 168 55 115 55 115 115 168 168 115 168 168
89 89 89 51 209 89 153 51 51 89 51 209 51 209 153 89 51 209 89 209 51 89 89
58 168 58 168 168 58 209 209 32 209 168 168
209 209 209 209 209 209 209
29 29 115 115 142 209 115 29 29 29 42 102 142 115 115 209 209 209 209 216 115 29
51 51 51 51 51 51 51 51 51
51 51 51 51 51 51 51 51 51
209 209 209 209 209 209 209
29 29 29 29 29 29 29 29
168 168 168 168 168 168 168 168 168 168 168 168 56 168 168 168
124 124 124 124 124 124 128 124 124 124 124 124 124 124 168 168 124 124 124 124 174 124 124 124 168 124 124 124 124 124 124 125 124 124 124 124 124 124 124 124 124 124 168
58 192 168 29 58 58 29 29 40 29 168
115 115 55 55 115 155 115 55
115 132 115 167 115 167 115
209 209 55 209 209 9 209 209 55 55
209 209 209 209 209 209 209
115 155 55 115 115 115 55 55
209 209 209 209 209 209 209
29 29 29 29 29 29 29 29
209 209 209 209 209 209 209
209 209 209 209 209 209 209
178 140 140 67 140 178 140 67 140 140 67 67 140 67 67 140 67 140 140 140 67 140
115 167 115 115 115 132 167
115 168 142 209 90 168 209 168 115 182 182 216 209 26 209 168 168 9 209 168
67 67 67 67 67 67 67 67 67 67
209 209 209 209 209 209 209
29 29 29 29 29 29 29 29
209 209 209 209 209 209 209
161 35 161 29 161 29 161 108 29 168 35 161 192 108 187 161 123 168 161 29 168 161 123 123 168 108 29 123
29 29 29 29 29 29 29 29
209 209 209 209 209 209 209
115 182 115 115 115 115 115 115 115
53 51 77 51 55 209 209 209 51 167 53 96 216 51 51 55 209 216 51
115 51 115 51 62 51 51 51 51 51 115 51 115
29 29 29 29 29 29 29 29
216 209 209 209 209 32 209 115 115 115 132
108 108 67 67 67 157 67 67 108 108 67 108 108 67 108 157 108 108 108 67
140 140 140 140 140 140 140 140 140 140 140 140 140 140 140 140 140 140 140 140 140 140 140 140 140 213 140
124 124 124 124 124 124 124 124 124 124 124 124 124 124 29 124 124 124 124 124 124 29 124 124 29 124 124 29 124 124 124 124 124 124 29 29 124 124 124 124 29 124 124 130 124
209 209 209 209 209 209 209
67 67 67 67 67 67 67 67 67 67
168 26 168 168 168 168 168 168 168 168 168
29 209 29 115 209 209 115 209 209 115
209 209 209 209 209 209 209
209 209 209 209 209 209 209
51 51 51 168 51 168 51 51 115 168 168 86 115 51 115 168 115 51
168 115 168 115 209 209 168 174 26 174
115 115 132 167 115 115 167
182 115 115 115 115 115 115 182
168 115 168 115 168 168 216 115 115 168
51 51 209 51 51 209 209 51 51 84 51 84 209 209
209 209 209 209 209 209 209
29 29 115 29 29 48 115 115 29 29 115 29
115 115 115 168 168 115 115 115 115 115 168 115 115 51 168 115 115 168
168 51 168 168 168 168 51 51 51 51 51 51 51 72
209 209 209 209 209 209 209
56 209 209 209 209 209 209 209 209 209 209 209 209
209 209 209 209 209 209 209
67 67 67 67 67 67 67 67 67 67
115 55 115 115 115 55 55 155
51 51 51 51 51 51 51 51 51
115 168 209 89 115 209 168 209 209 115 115 132 115 209 209 115 168 132 132 115 115 132 168 168
55 115 115 155 115 55 115 55
115 55 55 115 115 115 55 155
140 140 140 140 140 140 140 140 140 140 140 140 140 140
140 140 115 115 162 140 115 168 115 168 140 140 140 168 140 140 168 140 140 168 140 140 140
108 108 108 108 108 108 108 108 108 108 108 108
26 115 209 209 209 209 26 115 26
115 55 155 115 55 115 115 55
29 29 29 29 29 29 29 29
51 51 51 51 51 51 51 51 51
51 51 51 51 51 51 51 51 51
209 209 209 209 209 209 209
29 29 29 29 29 29 29 29
168 96 51 51 51 51 174 168 26 168 51 168 51 51 168 168 168 53
29 29 29 29 29 29 29 29
91 91 91 91 91 91 91 91 91 91 91 91 91 91 91 91 91 91 91 91 91 91 91 91 91 91 91 91 91 91 91 91
91 91 91 91 91 91 91 91 91 91 91 91 91 91 91 91 91 91 91 91 91 91 91 91 91 91 91 91 91 91 91 91
209 209 209 209 209 209 209
67 67 67 67 67 67 67 67 67 67
55 55 168 168 192 168 55 168 168
51 51 51 51 51 51 51 51 51
168 168 168 168 26 168 168 168 168 168 168
29 29 29 29 29 29 29 29
209 209 209 209 209 209 209
168 209 209 168 168 209 168 168 168 168 168 209 63 168 209 168 209
51 51 51 51 51 51 51 51 51
209 209 209 209 209 209 209
209 209 209 209 209 209 209
209 209 209 209 209 209 209
209 209 209 209 209 209 209
29 29 29 29 29 29 29 29
29 29 29 55 40 55 29 29 29 29 55
209 115 29 29 115 209 209 209 209 115
168 168 168 168 168 26 168 168 26 168
91 91 91 91 91 91 91 91 91 91 91 91 91 91 91 91 91 91 91 91 91 91 91 91 91 91 91 91 91 91 91 91
209 209 209 209 209 209 209
115 115 115 168 32 168 168 115 115 115 168 168 115 115
168 26 168 168 26 168 168 168 168 168
168 168 26 168 168 168 168 168 168 168 168
209 209 209 209 209 209 209
168 115 115 168 168 168 115 216 115 168
168 115 216 115 168 168 168 115 115 168
168 168 168 168 168 168 115 168 55 142 192 115 168 55 168 55 58 142
29 29 29 29 29 29 29 29
197 197 202 202 197 197 206 197 197 49 197 197 197 197 197 197 49 197 197 197 49 197 49 197 197 197 197 197 197 197 197 197
209 209 209 209 209 209 209
209 209 209 209 209 209 209
29 29 29 29 29 29 29 29
209 209 209 209 209 209 209
55 168 168 168 168 168 35 168 168 55 168 168 55 168
209 209 209 209 209 209 209
209 209 209 168 168 168 209 209 168 209 168 42
209 209 209 209 209 209 209
115 55 115 155 55 55 115 115
115 168 168 115 115 32 115 168 115 168 115 115 168 115
209 115 209 29 209 209 115 115 209 115 209
29 29 29 29 29 29 29 29
209 133 108 108 108 209 108 108 209 108 108 108 108 209 209 108 108 209
209 209 209 209 209 209 209
209 209 209 209 209 209 209
29 29 29 29 29 29 29 29
216 51 51 51 209 51 209 53 209 51 51 51 209 209 86
209 209 9 209 61 209 209 209 9 209 29 209 9
209 209 209 209 209 209 209
209 115 209 115 115 209 209 209 115 209 29
89 89 89 89 89 89 89 89 89 89 89
55 55 55 55 115 55 55
209 209 209 209 209 209 209
157 157 157 157 157 157 157 157 157 157 157 157 157 157 157
51 51 51 51 51 51 51 51 51
197 197 197 197 197 197 197 197 197 197 197 197 197 197 197 197 197 197
209 209 209 209 209 209 209
115 115 115 115 182 115 115 115 115
29 29 29 29 29 29 29 29
168 26 168 168 168 168 168 168 168 168 168
182 168 168 168 78 78 168 168 182 168 168 168 168 18 168 168 168
209 209 209 209 209 209 209
67 67 67 67 67 67 67 67 67 67
115 115 29 29 115 115 115 29 115 29 115 115 29 29 61 29
51 51 51 51 51 51 51 51 51
209 209 209 209 209 209 209
209 55 209 55 209 209 55 209 9 209
29 29 29 29 29 29 29 29
79 79 79 79 79 79 79 79 79 79 79 79 79 79 79 79 79 79 79 79 79 79 79 79 79 79 79 79 79 79
91 91 91 91 91 91 91 91 91 91 91 91 91 91 91 91 91 91 91 91 91 91 91 91 91 91 91 91 91 91 91 91
29 29 29 29 29 29 29 29
115 115 29 115 61 115 29 29 115 29 29 115 115 29 115 29
108 108 108 108 108 108 108 108 108 108 108 108
209 209 209 209 209 209 209
9 209 209 209 55 209 55 55 209 209
216 168 168 168 115 168 115 115 168 115
209 209 209 209 209 209 209
209 209 209 209 209 209 209
29 29 29 29 29 29 29 29
209 55 132 115 115 115 115 55 115 209 58 209 55 209 115 216 115 209
168 115 168 115 168 115 115 115 115 115 115 168 115 115 115 51 168 115
29 55 29 55 29 29 55 29 55 55 55 29 48 29
29 29 29 29 29 29 29 29
55 55 55 55 55 55 115
168 168 168 182 115 168 209 168 168 138 168 174 209 168 209 168 182 182 115 115 115 168 174 115 115 209 209 168 209 115 168 192 168 115 115 168 168 115
209 209 209 209 209 209 209
51 51 51 51 51 51 51 51 51
209 209 209 209 209 209 209
209 209 209 209 209 209 209
115 174 115 115 174 115 174
209 209 209 209 209 209 209
79 55 79 79 79 79 79 55 79 79 79 79 80 79 79 79 79 79 79 79 79 79 79 79 79 55 79 79 79 79 79 79 79
51 51 51 51 51 51 51 51 51
42 209 209 168 209 168 209 209 168 168 168 209
168 168 168 168 168 168 168 26 168 168 168
85 85 85 85 85 85 85 85 85 85 85 85 85 85 85 85 85 85 85 85 85 85 85 85 85 85 85 85 85 85 85
168 168 115 115 168 115 216 168 168 115
168 168 174 168 168 167 168 167
216 115 168 168 216 115 115 168 168
216 168 168 115 168 168 168 115 115 115
209 209 209 209 209 209 209
115 115 115 115 115 115 115 132 115 115 115 115 115 115 132 55 115 115 115 115 55 155 62
115 168 75 115 209 209 115 182 209 115 209 115 182 115 209 168 9 168 115 115
209 209 209 209 56 209 209 209 209 209 209 209 209
209 209 209 209 209 209 209
209 115 51 51 115 115 115 209 51 115 209 209 115 51 115 51 115 115 209 117 115 209 115 51 51 115 51
29 29 29 29 29 29 29 29
209 209 209 209 209 209 209
115 115 155 55 55 115 55 115
29 89 123 89 89 29 89 29 89 29 29 89 89 29 89 89 29 89
209 209 209 209 209 209 209
115 55 167 115 115 55 77 115 168
29 29 29 29 29 29 29 29
209 209 209 209 209 209 209
115 168 168 115 168 115 216 168 168 115
55 55 55 55 115 55 55 115 115 115 182
51 51 51 51 51 51 51 51 51
209 209 209 209 209 209 209
115 51 209 209 115 168 51 53 209 51 115 51 115 168 51 209 174 209 209 116 168 51 168 51
168 168 168 168 168 168 26 168 168 168 168
209 209 209 209 209 209 209
115 115 168 115 115 55 55 55 168 115 115 168 42 115 115 168 168
29 168 29 115 29 55 29 29 168 55 115 168 168 115 55 29 168 78 115 29
209 209 209 209 209 209 209
209 209 209 209 209 209 209
197 197 115 197 197 197 197 197 197 197 115 197 115 197 197 197 197 203 115 197 197 197
209 209 209 209 209 209 209
91 91 91 91 91 91 91 91 91 91 91 91 91 91 91 91 91 91 91 91 91 91 91 91 91 91 91 91 91 91 91 91
209 209 209 209 209 209 209
209 209 209 209 209 209 209
55 55 168 168 168 192 55 168 168
115 209 168 168 115 168 168 209 168 168 42 115 168 209 168 168 168 209 102 26 168 115 209 168
209 209 209 209 209 209 209
29 29 29 29 29 29 29 29
29 29 29 29 29 29 29 29
115 168 209 168 168 168 168 209 115 59 115 209 132 209 209 216
29 29 29 29 29 29 29 29
209 168 209 168 42 209 168 168 209 209 168 209
209 209 209 209 209 209 209
168 168 182 182 168 168 29 168 168 29
209 209 209 209 209 209 209
209 209 209 209 209 209 209
168 115 45 168 168 115 168 168 168 216 168 168 168 115
29 29 29 29 168 168 168 58 29 29 29 29 29 29 103 168 29 29 29
168 168 26 168 168 168 168 168 168 168 168
155 115 115 55 55 55 115 115
91 92 91 85 91 85 91 106 85 91 85 91 85 85 85 91 91 91 91 91 85 85 91 91 85 91 92 106 91 91 85 92 91 159 85 91 92 85 92 85 91 91 91 91 106 91 85 159 92 91 85 85 92 85 92 159 85 91 91 85
209 209 209 209 209 209 209
168 168 168 168 26 168 168 168 168 168 168
209 209 209 209 209 209 209
209 209 209 209 209 209 209
209 209 209 209 209 209 209
115 216 115 115 115 168 168 168 42 115 55 55 168 115 55 115
168 209 209 168 209 209 209 209 168 168 168 168 209 209 100 168 209 168 168 209 209 42
67 67 90 67 168 67 67 168 168 67 168 67 67 67 168
115 29 48 115 115 29 29 29 115 29 29 29
67 29 29 29 29 67 168 29 67 135 115 168 168 67 67 67 115 67 67 115 115 168 67 168 29 29
209 209 209 209 209 209 209
79 85 85 91 91 91 85 85 91 79 85 91 183 79 87 109 183 85 85 79 91 79 109 79 199 79 91 91 91 91 87 91 91 79 85 91 143 79 85 183 79 85 91 79 152 183 91 79 79 183 79 91 143 152 91 91 91 183 183 91 183 188 183 91 91 143 91 159 79 160 143 85 143 85 183 152 91 85 79 193 79 109 91 143 85 143 85 91 183
209 209 209 209 209 209 209
168 168 216 115 168 115 168 115 115 168
89 89 89 89 89 89 89 89 89 89 89
51 51 51 51 51 51 51 51 51
55 115 115 55 55 209 115 209 132 216 55 115 209 115 62 115 209 55 209 115 55
168 90 168 90 67 67 168 67 67 67 67 67 67 168
168 168 29 168 29 29 81 168 29 168 168 168 29 168 168 168 29 29
209 209 209 209 209 209 209
209 209 209 209 209 209 209
209 209 209 209 209 209 209
29 29 29 29 29 29 29 29
168 29 58 29 58 168 29 29 29 168 168 29
85 85 85 85 85 85 85 85 85 85 85 85 85 85 85 85 85 85 85 85 85 85 85 85 85 85 85 85 85 85 85
157 157 157 157 157 157 157 157 157 157 157 157 157 157 157
197 197 202 202 197 197 206 197 197 49 197 197 197 197 197 197 49 197 197 197 49 197 49 197 197 197 197 197 197 197 197 197
55 168 55 55 168 168 61 168 168 168 168 168 168 168 168 168 168 168 168
209 209 209 115 115 168 209 209 115 168 115 209 168 58 168 168
209 209 209 209 209 209 209
183 85 87 183 85 85 85 85 85 85 193 109 85 183 85 85 183 85 183 183 85 85 183 85 85 85 85 87 109 183 85 85 85 183 183 109 109 85 85 85 109 85 183
42 209 115 209 168 115 115 209 168 209 115 58 168 209 168
209 209 209 209 209 209 209
209 209 209 209 209 209 209
168 168 192 168 55 168 55 55 168
51 51 51 51 51 51 51 51 51
209 209 209 209 209 209 209
115 115 115 115 115 115 182 115 115
197 197 197 67 219 197 219 197 197 219 197 67 219 219 197 197 197 67 197 67 67 197 197
209 209 209 209 209 209 209
209 209 209 209 209 209 209
51 51 51 51 51 51 51 51 51
209 209 209 209 209 209 209
209 209 209 209 209 209 209
183 183 183 183 183 183 183 183 183 183 183 183 183 183 183 183 183
209 209 209 209 209 209 209
168 168 216 115 168 115 168 115 115 168
29 29 168 168 58 29 29 29 58 168 168 29
168 209 168 42 209 115 168 168 168 209 168 209 209 78 209 115 168 209
115 67 115 67 67 67 115 67 67 67 115 83 67 67
168 168 168 168 168 168 168 168 168 26 168
168 168 168 168 168 168 168 168 26 168 168
183 183 183 183 183 183 183 183 183 183 183 183 183 183 183 183 183
29 209 115 209 115 209 209 209 209 115 115
91 91 91 91 91 91 91 91 91 91 91 91 91 91 91 91 91 91 91 91 91 91 91 91 91 91 91 91 91 91 91 91
183 183 183 183 183 183 183 183 183 183 183 183 183 183 183 183 183
168 168 168 115 115 168 115 216 115 168
209 209 209 209 209 209 209
209 209 209 209 209 209 209
209 209 209 209 209 209 209
168 168 168 168 115 115 216 168 115 115
168 168 85 85 85 85 85 85 85 85 168 85 85 168 168 168 85 85 85 168 85 85 168 85 168 85 85 85 91 85 85 168 85 85 85 168 85 85 85 85 168 85 168 168 168 85
67 67 67 89 89 89 67 67 89 67 89 89 67 144 89 67 89 67 89 89
26 168 168 168 168 26 168 168 168 168
209 209 209 209 209 209 209
209 209 209 209 209 209 209
168 209 168 209 168 209 209 168 168 168 63 168 168 209 209 168 168
174 168 168 168 168 168 168 168 174 168 58 168 168 168 168 168
55 51 103 55 115 55 51 209 209 115 51 51 209 51 209 51 209 115 51 115 209 51
168 26 168 168 168 168 168 168 168 168 168
209 209 209 209 209 209 209
55 168 168 192 55 168 55 168 168
209 209 209 209 209 209 209 56 209 209 209 209 209
168 132 115 115 216 115 115 115 115 86 168 209 209 115 209 29 168 168 209 168 115 115 115
209 115 209 115 115 209 29 209 209 209 115
168 216 209 29 209 168 209 168 168 29 174 209 29 29 29 209 29 29 93
29 32 209 209 216 69 209 29 29 209 29 29 209 29
51 51 51 51 51 51 51 51 51
209 209 209 209 209 209 209
209 209 209 209 209 209 209
79 85 85 79 82 85 85 79 143 143 85 85 79 79 79 85 85 79 85 143 79 85 143 79 85 143 85 79 143 85 85 85 79 85 82 85 79 92 143 79 85 143 79 85 143 143 79 79 85 79 82
29 29 29 29 29 29 29 29
209 209 209 209 209 209 209
168 83 168 29 168 168 29 168 168 29 168 174 168 32 29 29 168 29
115 168 168 115 168 115 168 115 216 168
29 29 29 29 29 29 29 29
115 155 115 115 55 155 55
115 115 192 168 115 168 168 115 115 168 168 168 122 55 168 115 168 168 168 168 168 168 168 168 168 168 115 55 168 168 115 168 168 168 168 168
79 79 79 79 79 79 79 79 79 79 79 79 79 79 79 79 79 79 79 79 79 79 79 79 79 79 79 79 79 79
197 197 197 197 197 197 197 197 197 197 197 197 197 197 197 197 197 197
183 183 183 183 183 183 183 183 183 183 183 183 183 183 183 183 183
168 29 29 29 81 168 29 168 168 29 168 168 168 29 168 168 29 168
29 115 209 209 209 115 209 115 115 209 209
115 157 209 157 115 157 157 157 209 157 157 115 157 209 157 181 157 115 157 209 157 115 115 157 209 115 209 157 115
168 209 209 209 168 42 209 209 209 168 168 168
209 209 209 209 209 209 209
209 209 209 209 209 209 209
209 209 209 209 209 209 209
168 55 168 115 115 174 115 115 168 168 115 174 168 168 168 115 115 168 90 168 168 55 168 168 55 115 168
168 192 55 55 55 168 168 168 168
67 67 67 67 67 67 67 67 67 67
209 209 209 209 209 209 209
67 67 67 67 67 67 67 67 67 67
32 174 168 168 168 168 174 174 174 168 168
209 209 209 209 209 209 209
29 115 209 209 115 209 115 209 115 209 209
55 115 115 155 115 55 115 55
209 168 209 209 67 174 168 209 209 168 216 168 168 168 168 168 168
209 209 209 209 209 209 209
51 51 51 51 51 51 51 51 51
209 209 209 209 209 209 209
209 209 209 209 209 209 209
168 55 167 25 55 168 168 168 209 168 77
209 209 209 209 209 209 209
209 209 209 209 209 209 209
29 209 209 115 115 209 209 115 209 209 115
29 29 55 29 29 29 55 40 55 29 29
51 51 51 51 51 51 51 51 51
209 209 209 209 209 209 209
45 168 168 115 115 168 168 168 168 115 168 168 168 168 115
79 79 79 79 79 79 79 79 79 79 79 79 79 79 79 79 79 79 79 79 79 79 79 79 79 79 79 79 79 79
29 29 29 29 29 29 29 29
209 209 209 209 209 209 209
168 51 51 51 75 53 168 51 174 51 168 168 51 51
29 29 29 29 29 29 29 29
209 209 209 209 209 209 209
29 168 168 29 29 58 29 29 168 29 168 58
209 209 209 209 209 209 209
32 168 115 168 168 115 115 115 168 115 115 115 168 115
55 115 55 55 55 55 55
115 168 168 55 168 55 168 55 115 115 18 168 115
174 168 168 174 168 168 168 29 168 168 168
29 29 29 29 29 29 29 29
209 209 209 209 209 209 209
29 168 168 29 29 58 29 29 168 29 168 58
168 168 168 168 168 168 168 168 26 168 168
209 209 209 209 209 209 209
29 29 29 29 29 29 29 29
115 115 55 168 115 58 115 115 115 168 115 115 168 115 115 168 55 168 115 115 55
209 209 209 209 209 209 209
209 209 209 209 209 209 209
209 209 209 209 209 209 209
115 168 115 168 168 216 115 115 168 168
209 209 209 209 209 209 209
168 209 209 209 209 168 168 42 168 209 168 209
168 168 55 155 115 168 168 115 18 55 115 168
29 29 55 29 29 40 55 29 55 29 29
168 40 168 168 72 209 209 209 209 53 209 209 209 72
209 209 209 209 209 209 209
209 209 209 209 209 209 209
29 29 29 29 29 29 29 29
79 79 79 79 79 79 79 79 79 79 79 79 79 79 79 79 79 79 79 79 79 79 79 79 79 79 79 79 79 79
209 209 209 209 209 209 209
51 51 51 51 51 51 51 51 51
209 209 209 209 209 209 209
168 168 168 168 168 168 168 26 168 168 168
29 29 29 29 29 29 29 29
209 209 56 209 209 209 209 209 209 209 209 209 209
209 209 209 209 209 209 209
29 29 29 29 29 29 29 29
157 157 157 157 157 157 157 157 157 157 157 157 157 157 157
209 209 209 209 209 209 209
29 29 29 29 29 29 29 29
209 209 209 209 209 209 209
89 89 89 89 89 89 89 89 89 89 89
55 55 209 209 168 209 168 55 51 209 168 42 168 209
209 209 209 209 209 209 209
209 209 209 209 209 209 209
115 115 115 182 115 182 115 115
67 67 67 67 67 67 67 67 67 67
209 209 209 209 209 209 209
168 168 29 168 29 168 29 29 29 168 58 29 29
79 85 85 79 82 85 85 79 143 143 85 85 79 79 79 85 85 79 85 143 79 85 143 79 85 143 85 79 143 85 85 85 79 85 82 85 79 92 143 79 85 143 79 85 143 143 79 79 85 79 82
168 168 168 168 168 168 168 168 26 168 168
197 197 197 197 197 197 197 197 197 197 197 197 197 197 197 197 197 197
115 55 55 155 55 115 115 115
29 29 29 29 29 29 29 29
209 209 209 209 209 209 209
48 48 115 115 29 29 29 29 29 115 29
67 67 67 67 67 67 67 67 67 67
209 209 209 209 209 209 209
29 29 29 29 29 29 29 29
168 168 168 45 115 115 168 115 168 168 115 168 168 168 168
168 168 209 168 209 209 209 42 168 209 42
216 168 168 115 168 168 115 115 115 168
209 209 209 209 209 209 209
209 209 209 209 209 209 209
29 29 29 29 83 29 29 29 29 29 29 29 29 29 29
115 115 168 168 115 216 168 168 115 168
115 115 115 182 55 55 55 55 115 55 55
209 209 209 209 209 29 115 115 209 115 115
29 29 29 29 29 29 29 29
209 209 209 209 209 209 209
29 115 209 209 209 115 209 209 115 115 209
29 29 29 29 29 29 29 29
115 115 182 115 115 115 115 115 115
168 115 115 168 216 115 168 115 168 168
209 209 209 209 209 209 209
209 209 209 209 209 209 209
67 67 67 67 67 67 67 67 67 67
157 157 157 157 157 157 157 157 157 157 157 157 157 157 157
67 67 67 67 67 67 67 67 67 67
209 209 209 209 209 209 209
168 168 29 115 168 32 168 29 168 168 168 168 115 29 29 32 168 115 168 132 168 29 168 168 113 29
209 209 209 209 209 209 209
197 197 197 197 197 197 197 197 197 197 197 197 197 197 197 197 197 197
115 115 115 155 115 55 55 115 115 115 55 55 9 55
168 55 168 168 209 209 168 55 209 168 55 93 168 115 168 168 55 209 55 209 115 168 115 209 168 55 115
115 168 168 115 115 115 168 115 115 32 115 168 115 168
29 29 29 29 29 29 29 29
29 29 29 29 29 29 29 29
192 168 168 168 55 55 55 168 168
29 29 29 29 29 29 29 29
51 51 51 51 51 51 51 51 51
209 209 209 209 209 209 209
168 168 55 55 55 168 192 168 168
209 209 209 209 209 209 209
29 29 29 29 29 29 29 29
29 29 29 29 29 29 29 29
197 85 197 85 112 85 85 197 85 85 88 213 87 85 202 197 197 85 197 202 85 85 197 202 85 85 85 85 112 87 85 197 85 85 85 87 197 87 85 197 85 85 87 202 197 85 85
209 209 209 209 209 209 209
51 51 51 51 51 51 51 51 51
209 209 209 209 209 209 209
209 209 209 209 209 209 209
168 168 168 168 174 167 167 168
197 197 197 197 197 197 197 197 197 197 197 197 197 197 197 197 197 197
209 209 209 209 209 209 209
197 197 197 197 197 197 197 197 197 197 197 197 197 197 197 197 197 197
168 168 168 115 115 216 168 216 115
108 108 108 108 108 108 108 108 108 108 108 108
209 209 209 209 209 209 209 209 209 56 209 209 209
168 115 168 72 182 168 115 168 182 115 115 115 168 168 115 115 168 168 168 168 182
67 79 85 67 85 79 82 85 85 79 143 143 85 85 79 79 79 85 85 67 79 67 85 143 79 67 67 85 143 79 85 67 148 85 79 148 85 85 85 79 85 82 85 79 92 143 79 85 143 79 85 143 143 79 79 85 79 82 67
29 29 29 29 29 29 29 29
157 157 157 157 157 157 157 157 157 157 157 157 157 157 157
168 115 168 168 216 168 168 115 115 115
209 209 209 209 209 209 209
209 209 209 209 209 209 209
182 115 168 115 168 168 90 78 168 168 182 115 168 168 168 168 18 168 216 168
67 90 168 168 67 168 168 67 67 67 67 67 67 168 67
51 51 51 51 51 51 51 51 51
26 168 168 168 168 168 168 168 168 168 168
209 209 209 209 209 209 209
108 108 108 108 108 108 108 108 108 108 108 108
157 157 157 157 157 157 157 157 157 157 157 157 157 157 157
79 79 79 79 79 79 79 79 79 79 79 79 79 79 79 79 79 79 79 79 79 79 79 79 79 79 79 79 79 79
67 67 67 67 67 67 67 67 67 67
216 168 168 115 115 168 168 115 115 168
209 55 209 209 9 55 209 209 55 209
168 209 168 168 168 63 168 209 168 209 168 168 209 168 209 168 209
157 79 157 79 157 98 79 157 79 79 79 79 157 79 79 157 79 157 79 157 79 157 79 79 157 79 157 157 79 79 79 79 79 79 79 98 79 79 79 79 157 79 79
115 55 155 115 55 55 115 115
209 209 209 209 209 209 209
29 29 29 48 115 115 115 115 29 29 29 29
55 155 55 55 55 55 55 55 55 55
209 209 209 209 209 209 209
209 209 209 209 209 209 209
168 168 168 115 168 115 115 168 216 115
29 29 29 29 29 29 29 29
209 209 209 209 209 209 209
168 26 168 168 168 168 168 168 168 168 168
115 209 168 168 115 209 209 115 168 115 115 209 168 115 168 168 115 168 168 168 115 115 168 168 168 168 115 209 115 209 115 168 168 120
168 55 168 55 192 168 168 168 55
216 115 168 168 168 168 168 115 115 115
29 29 29 29 29 29 29 29
79 85 85 79 82 85 85 79 143 143 85 85 79 79 79 85 85 79 85 143 79 85 143 79 85 143 85 79 143 85 85 85 79 85 82 85 79 92 143 79 85 143 79 85 143 143 79 79 85 79 82
115 209 115 29 209 115 209 115 209 209 209
209 209 209 209 209 209 209
115 115 115 115 115 115 115 115 182
91 91 91 91 91 91 91 91 91 91 91 91 91 91 91 91 91 91 91 91 91 91 91 91 91 91 91 91 91 91 91 91
168 168 168 42 168 209 209 209 209 168 209 209
168 18 168 168 168 168 18 18 168
209 209 209 209 209 209 209
51 51 51 51 51 51 51 51 51
209 209 209 209 209 209 209
168 168 182 168 115 3 3 115 142
209 209 209 209 209 209 209
115 168 115 53 168 168 168 168 168 168 168 168 168 55 55 55 115 115
209 209 209 209 209 209 209
51 51 51 51 51 51 51 51 51
209 209 209 209 209 209 209
29 29 29 29 29 29 29 29
183 183 183 183 183 183 183 183 183 183 183 183 183 183 183 183 183
115 216 168 168 115 168 168 115 168 115
90 168 51 115 182 182 51 51 51 115 51 155 168 51 115 51 168 51
168 26 168 168 168 26 168 168 168 168
197 183 157 213 183 183 197 193 66 193 183 157 197 157 197 157 197 157 157 197 157 183 197 183 157 197 197 157 213 157 157 157 197 197 183 183 197 183 157 183 193 193 157 193 197 197 197 183
115 115 111 89 90 89 115 89 115 132 89 115 115 115 89 89 89 89 89
197 197 197 197 197 197 197 197 197 197 197 197 197 197 197 197 197 197
51 51 51 51 51 51 51 51 51
168 168 168 168 168 168 168 168 168 168 26
79 85 85 79 82 85 85 79 143 85 85 85 79 79 79 85 85 79 85 143 79 85 143 79 85 143 85 79 143 85 85 143 79 85 82 85 79 92 143 79 85 143 79 85 143 143 79 79 85 79 82
168 168 168 168 168 26 168 168 168 168 168
168 115 168 168 115 168 115 216 115 168
209 209 209 209 209 209 209
168 67 168 90 90 67 168 67 67 67 67 67 67 168
209 209 168 209 168 86 209 209 209 209 209 209 55 55 55 209 174 168 216 168 209
182 115 115 182 115 182 182
168 104 51 209 51 84 209 168 168 168 51 51 209 168 209 51 51 209 51
51 51 168 51 72 168 51 168 51 168 51 51 51 168
209 209 209 209 209 209 209
197 197 197 115 197 115 197 115 197 197 197 197 197 197 197 115 197 197 197 197 203 197
168 42 168 209 209 209 168 209 168 209 168 209
55 168 168 168 115 168 168 174 168 168 132 168 168 115 168 168 55 168 115 78 168 168 55
29 29 29 29 29 29 29 29
174 115 174 115 174 115 115
51 51 115 51 75 51 51 115 115 115 115 61 51 115 61
115 209 29 209 209 29 115 209 115 209
197 197 197 197 197 197 197 197 197 197 197 197 197 197 197 197 197 197
209 209 209 209 209 209 209
209 168 168 42 209 168 209 168 209 168 209 209
168 216 115 168 115 115 115 168 168 168
209 209 209 209 209 209 209
209 209 209 209 209 209 209
209 209 209 209 209 209 209
55 168 168 55 168 55 168 192 168
91 91 91 91 91 91 91 91 91 91 91 91 91 91 91 91 91 91 91 91 91 91 91 91 91 91 91 91 91 91 91 91
51 51 51 51 51 51 51 51 51
209 115 115 209 209 29 115 209 115 209 209
115 115 115 115 55 115 115 115 55 209 55 115
168 168 29 29 168 168 168 29 58 29 29 29 29
168 168 26 168 168 168 168 168 168 168 168
115 168 216 216 168 168 168 115 115
67 67 67 67 67 67 67 67 67 67
209 42 168 168 168 209 209 168 209 168 209 209
29 29 29 29 29 29 29 29
168 9 48 209 209 209 209 182 209 168 168 182
174 108 209 108 133 168 108 108 209 168 18 168 168 168 168 108 209 108 183 168 168 18 108 108 168 174 168 168 168 108 168 168 168 108 168 168 168 209 168 209
209 209 209 209 209 209 209
168 168 115 168 168 115 168 216 115 115
115 209 209 209 115 115 115 209 209 29 209
209 209 209 209 209 209 209
168 168 168 26 168 168 168 168 168 168 168
55 55 115 155 115 55 115 115
209 209 209 209 209 209 209
29 168 168 168 29 168 168 168 168 209 168 168 168 168 9 168 168 29 168 168 168 9 209 48 168 29 9 141 168 168 209 168 29 29
197 197 85 88 209 197 85 85 85 114 209 197 85 85 206 197 197 85 85 197 197 85 209 197 197 85 85 197 206 197 209 85 85 85 88 85 209 197 85 85 85 85 85 209 85 85 85 206 85 85 85 85 206 85
168 18 168 168 168 168 168 18 168 168 168 168 168 53
168 168 168 168 168 168 168 168 168 168 26
91 91 91 91 91 91 91 91 91 91 91 91 91 91 91 91 91 91 91 91 91 91 91 91 91 91 91 91 91 91 91 91
209 209 209 209 209 209 209
115 115 168 168 115 216 168 115 168 168
209 209 209 209 209 209 209
209 209 209 209 209 209 209
29 29 29 29 29 29 29 29
209 29 29 29 209 209 209 29 67 29 209 29 29 209
197 169 197 4 108 49 197 108 49 20 197 131 89 146 49 108 162 108 120 49 207 108 207 89 49 172 108 197 108 211 207 22 205 89
115 51 115 51 182 51 115 115 174 51 115 115 51 51 216 100 51 174 51 115
89 89 89 89 89 89 89 89 89 89 89
140 140 140 140 140 140 140 140 140 140 140 140 140 140
89 89 89 89 89 89 89 89 89 89 89
89 89 55 89 55 89 89 89 89 89 89 89 95 55
108 108 108 108 108 108 108 108 108 108 108 108
67 67 67 67 67 67 67 67 67 67
29 29 29 29 29 29 29 29
201 168 201 201 201 201 168
51 51 51 51 51 51 51 51 51
89 89 89 89 89 89 89 89 89 89 89
183 183 183 183 183 183 183 183 183 183 183 183 183 183 183 183 183
29 29 29 29 29 29 29 29
59 120 120 67 67 67 59 67 51 78 78 120 120 51 51
29 29 29 29 29 29 29 29
5 5 5 5 5 5 5 5 5 5 5 5 5 5 5 5 5 5 5 5
29 29 29 29 29 29 29 29
29 29 29 29 29 29 29 29
89 89 89 89 89 89 89 89 89 89 89
115 168 168 216 115 168 115 115 168 168
5 5 10 140 5 33 151 33 5 5 33 5 5 33 33 5 140 5 33 5 33 33 140 33 140
209 209 209 209 209 209 209
209 209 209 209 209 209 209
51 51 51 51 51 51 51 51 51
182 115 115 115 115 115 115 115 115
51 51 51 51 51 51 51 51 51
29 29 29 29 29 29 29 29
209 209 209 209 209 209 209
209 209 209 209 209 209 209
209 209 209 209 209 209 209
51 63 63 63 51 63 63 63 63 63
67 67 67 67 67 67 67 67 67 67
51 51 51 51 51 51 51 51 51
29 29 29 29 29 29 29 29
89 89 89 89 89 89 89 89 89 89 89
197 47 217 69 183 166 197 197 208 29 183 197 183 208 197 51 197 197 197 197 60 197 183 29 29 29 197 197 204 197 51 29 183 16 183 183 204 213 51 7 213 197 197
5 5 197 18 39 197 140 183 145 5 50 43 183 33 183 50 197 43 171 18 5 5 204 18 5 211 62 190 140 94 183 54 54 65 183 33 5 197 168 183 209 97 183 54 33 209 33 140 219 71 190 33 197 195
115 89 55 111 89 51 115 111 55 89 111 111 115 111 55 115 51 111 127 89
209 209 209 209 209 209 209
51 51 51 51 51 51 51 51 51
134 89 89 89 89 51 51 51 89 51 51 89 134 51 89 134 89
211 211 211 211 211 211 211 211 211 211 211 211 211 211 211 211 211 211 211
108 108 108 108 108 108 108 108 108 108 108 108
209 209 209 209 209 209 209
67 67 115 115 83 67 67 83 67 115 67 67 67
209 209 209 209 209 209 209
5 5 197 27 197 5 207 197 5 207 197 197 5 5 5 207 54 54 54 54 5 5 197 5 54 54 5 5 207 54 197
29 29 29 29 29 29 29 29
209 209 209 209 209 209 209
18 18 209 18 18 168 18 209
115 168 192 192 168 192 192
51 51 51 51 51 51 51 51 51
209 209 209 209 209 209 209
29 29 29 29 29 29 29 29
29 29 29 29 29 83 29 29 29 29 29 29 29 29 29
56 56 29 29 209 56 29 56 56 209
29 29 29 29 29 29 29 29
89 209 209 209 89 89 209 89 89 89 116 209 89 89 89 209 89
51 51 51 51 51 51 51 51 51
89 123 89 89 146 17 75 146 89 140 29 209 120 95 146 89 187 146 89 89 146 89 6 89 89 89 123 209 146 89 146 120 23 89 29
29 115 29 115 29 29 29 115 29 48 115 29
51 51 51 51 51 51 51 51 51
9 55 209 55 209 209 209 209 55 209
29 29 29 29 29 29 29 29
168 51 29 51 51 29 51 51 168 29 29 51 113 29 51 29 168 168 29 51 168
51 51 51 51 51 51 51 51 51
183 183 183 183 183 183 183 183 183 183 183 183 183 183 183 183 183
67 67 115 115 83 67 67 83 67 115 67 67 67
209 209 209 209 209 209 209
108 108 108 108 108 108 108 108 108 108 108 108
209 209 209 209 209 209 209 209 209 209 209 209 56
3 115 168 35 115 3 168 168 3 115 168 115
108 108 176 110 108 108 110 108 108 108 108 108 108 108 108 108 108 108 111 108 108 108 108
168 209 209 42 209 168 209 168 209 168 168 209
29 29 29 29 29 29 29 29
209 209 84 209 51 51 51 51 209 84 51 51 209 51
104 51 51 51 51 51 51 104 104 51 104 51 51 51
29 116 116 78 67 29 67 67 56 29 67 29 67 78 29 78
89 67 67 67 144 90 67 67 67 67 67 67 67 67 67 168 67 168 67 67 89
209 209 209 209 209 209 209
29 29 29 29 29 29 29 29
55 209 100 67 104 55 67 209 209 67 67 67 55 100 209 67 67
29 29 29 29 29 29 29 29
29 29 29 29 29 29 29 29
69 32 32 51 51 209 32 51 209 209 69 51 96 51 51
51 51 51 51 51 51 51 51 51
51 51 51 51 51 51 51 51 51
29 51 84 51 51 29 84 84 84 29 84 51
115 115 55 115 115 155 55 55
51 51 51 51 51 51 51 51 51
209 209 168 168 209 59 168 168 3 209 209 59 3
51 51 51 51 51 51 51 51 51
140 140 140 140 140 140 140 140 140 140 140 140 140 140
29 29 29 29 29 29 29 29
29 29 29 29 29 32 29 29 32 29 29 29 29 29 29 29 29 121 29 29 29 29
168 168 35 192 168 192 168 192 115 168 168 168
29 29 209 209 29 67 67 209 209 29 29 29 209
55 209 209 209 209 55 55 209 9 209
209 209 209 209 209 209 209
51 168 168 168 168 72 51 51 51 51 51 51 51 168
209 209 209 209 56 209 209 209 209 209 209 209 209
29 29 29 29 29 29 29 29
67 67 67 67 67 67 67 67 67 67
89 89 89 89 89 89 89 89 89 89 89
168 115 192 192 192 168 192
209 209 209 209 209 209 209
29 29 29 29 107 61 209 209 29 29 61 29 29 29 29 209 61 29
5 5 5 5 5 5 5 5 5 5 5 5 5 5 5 5 5 5 5 5
51 51 51 51 51 51 51 51 51
183 183 183 183 183 183 183 183 183 183 183 183 183 183 183 183 183
209 209 220 9 209 209 55 209 55 209 55
183 183 183 183 183 183 183 183 183 183 183 183 183 183 183 183 183
51 51 51 51 51 51 51 51 51
51 51 51 51 51 51 51 51 51
209 209 168 168 168 209 168 209 42 209 209 168
209 209 209 209 209 209 209
209 209 209 209 209 209 209
209 209 209 209 209 209 209
51 51 51 51 51 51 51 51 51
140 140 140 140 140 140 140 140 140 140 140 140 140 140
209 209 209 209 209 209 209
211 211 211 211 211 211 211 211 211 211 211 211 211 211 211 211 211 211 211
209 209 209 209 209 209 209
115 174 115 115 115 174 174
51 51 51 51 51 51 51 51 51
209 209 209 209 209 209 209
67 67 67 67 67 67 67 67 67 67
51 29 51 29 168 51 29 168 51 29
51 51 51 51 51 51 51 51 51
5 5 5 5 5 5 5 5 5 5 5 5 5 5 5 5 5 5 5 5
209 209 209 209 209 209 209
108 108 108 108 108 108 108 108 108 108 108 108
29 29 29 29 29 29 29 29
51 51 51 51 51 51 51 51 51
51 51 51 51 51 51 51 51 51
209 29 209 67 29 29 29 29 209 209 67 29 209
115 115 51 51 51 115 55 69 51 51 51 51 51 55 115 55
110 89 168 89 168 89 168 168 192 89 89 89 89 89 93 93
29 29 29 29 29 29 29 29
123 146 123 146 146 146 146 123 123 146 146 146 89 146 89
209 55 9 209 209 55 209 55 209 209
51 51 51 51 51 51 51 51 51
29 29 93 89 129 89 89 29 89 29 40 89 89 29 89 89 29 93
51 116 51 51 63 63 63 51 104 116 63 116 51 63 51
211 211 211 211 211 211 211 211 211 211 211 211 211 211 211 211 211 211 211
209 209 67 29 29 29 29 29 209 209 29 209 209 29
29 209 29 29 133 29 55 209 29 168 29 29 209 29 29 209 29 168 29 29 168 209 29 209 29 168 55 168 55
171 45 209 26 45 89 89 209 209 209 89 89 89 51 209 26 67 122 45 209 171 29 26 89 89 89 209
140 140 140 140 140 140 140 140 140 140 140 140 140 140
29 29 29 29 29 29 29 29
168 55 55 55 192 168 168 168 168
209 209 209 209 209 209 209
29 29 29 29 29 29 29 29
209 209 209 209 209 209 209
89 89 89 89 89 89 89 89 89 89 89
209 209 209 209 209 209 209
29 29 29 29 29 29 29 29
29 29 29 29 29 29 29 29
29 29 29 29 29 29 29 29
5 5 5 5 5 5 5 5 5 5 5 5 5 5 5 5 5 5 5 5
29 29 29 29 29 29 29 29
209 209 209 209 209 209 209
115 209 209 115 209 209 115 29 209 115 209
209 115 209 168 209 115 168 168 115 209 209 209 115 168 168 58
5 5 5 5 5 5 5 5 5 5 5 5 5 5 5 5 5 5 5 5
29 29 29 29 81 29 29 29 81 29 81 29 29
51 51 51 51 51 51 51 51 51
51 51 209 209 51 209 51 51 84 84 51 209 209 51
115 62 51 51 115 51 51 51 51 115 51 115 51
69 48 48 168 209 168 209 168 209 69 209 168 209 209
209 209 209 209 209 209 209
29 29 29 29 29 29 29 29
51 51 51 51 51 51 51 51 51
67 67 67 67 67 67 67 67 67 67
168 26 168 168 168 168 168 168 168 168 168
51 51 51 51 51 51 51 51 51
5 209 5 5 168 5 5 115 5 5 5 5 132 5 5 168 209 15 5 168 5 5 5 5 6 5 5
67 67 67 67 67 67 67 67 67 67
51 51 84 51 168 209 104 168 51 209 51 209 209 168 51 51 168 42
211 211 211 211 211 211 211 211 211 211 211 211 211 211 211 211 211 211 211
55 55 55 55 55 115 55
183 183 168 18 194 29 29 29 183 168 183 168 63 183 29 29 63 18 29 183 29 183 18 29 29 34 168 183 194 29 29 29 183 194 29 168 183 168 29 209 62 183 29 29 209 29 183 29 183 29
209 209 209 209 209 209 209
58 63 168 51 192 42 29 168 42 168 29 63
108 108 108 108 108 108 108 108 108 108 108 108
209 209 209 209 209 209 209
67 67 67 67 67 67 67 67 67 67
29 29 29 29 29 29 29 29
197 197 197 197 197 197 197 197 197 197 197 197 197 197 197 197 197 197
51 51 51 51 51 51 51 51 51
51 51 51 51 51 51 51 51 51
183 183 183 183 183 183 183 183 183 183 183 183 183 183 183 183 183
67 67 67 67 67 67 67 67 67 67
67 67 67 67 67 67 67 67 67 67
209 209 209 209 209 209 209
67 67 67 67 90 90 67 168 67 168 67 168 67 168
29 29 29 29 29 29 29 29
58 29 29 29 29 168 29 168 29 168 29 168 168
209 209 209 209 209 209 209
51 51 51 51 51 51 51 51 51
183 183 183 183 183 183 183 183 183 183 183 183 183 183 183 183 183
115 29 115 29 29 29 48 29 115 115 29 29
209 209 209 209 209 209 209
51 51 51 51 51 51 51 51 51
209 209 29 209 63 63 29 63 29 29 29 209
115 29 29 115 55 56 29 55 115 115 29 29 55 29 29
29 67 67 61 67 131 29 29 209 67 61 67 67 209 209 29 131 67 67
197 52 212 183 197 197 209 198 204 55 183 197 183 198 189 197 197 197 47 197 209 183 185 55 197 197 195 197 183 183 202 32 195 209 183 12 185 197 55 197
115 209 209 115 209 209 209 115 29 209 115
51 51 51 51 51 51 51 51 51
29 29 29 29 29 29 29 29
29 29 29 29 29 29 29 29
51 51 51 51 51 51 51 51 51
209 209 209 209 209 209 209
29 29 29 29 29 29 29 29
67 67 67 67 67 67 67 67 67 67
108 108 108 108 108 108 115 108 115 108 108 108 115 115 108 117
29 168 29 29 29 168 58 168 168 29 29 29 168
209 209 209 209 209 209 209
51 51 51 51 51 51 51 51 51
67 67 67 67 67 67 67 67 67 67
51 51 51 51 51 51 51 51 51
89 57 5 197 38 51 197 140 69 67 126 44 118 211 89 67 89 140 44 197 51 89 215 166 64 211 57 127 67 89 89 5 29 54 4 64 29 211 140 29 211 51 29 5 67 54 101 138 211 104 67 197 145 211 67 5 71 67 89 29 54 64 67 211 33 176 37 36 120 211 19 217 120 89 1 5 211 211
168 209 115 209 86 209 192 192 209 115 168 168 51 168 168 115 115 115 209 168 168
209 209 209 209 209 209 209
51 29 173 209 115 55 115 209 168 55 29 209 115 142 115 29 63 51 209 63 29 55 209 29 209 115 115 174 142 209 115 115 209 29 209 209 29 55 55 115 29 168 29 209 51 115
209 209 209 209 209 209 209
115 115 115 115 115 115 115 115 9 115 115 115 115
89 51 115 51 209 51 115 89 84 51 89 115 162 89 51 209 51 209 89 89 51 115 209 89 89 209 89 89
29 29 29 29 29 29 29 29
83 29 83 168 29 168 168 83 29 168 168 168 29 83
209 209 209 209 209 209 209
89 89 89 89 89 89 89 89 89 89 89
140 140 140 140 140 140 140 140 140 140 140 140 140 140
29 29 29 29 29 29 29 29
108 115 108 108 115 108 108 108 115 108 108 108 117 108 108 115
168 168 29 174 174 168 168 168 168 168 168
29 29 29 29 29 29 29 29
83 67 67 67 67 67 115 67 83 67 115 115 67
51 51 51 115 62 51 51 115 51 51 115 51 115
67 67 67 67 67 67 67 67 67 67
209 209 209 209 209 209 209
29 29 29 29 29 29 29 29
209 115 209 209 115 209 209 29 115 115 209
5 5 5 5 5 5 5 5 5 5 5 5 5 5 5 5 5 5 5 5
209 209 209 209 209 209 209
197 197 197 197 197 197 197 197 197 197 197 197 197 197 197 197 197 197
57 5 5 5 211 57 57 57 5 57 211 211 5 5 57 211 211 211 5 5 5 57 211 5 57 8 211 217 5 211 211
89 89 89 89 89 89 89 89 89 89 89
168 62 209 62 62 29 62 62 209 29 29
51 51 51 51 51 51 51 51 51
29 168 29 168 168 29 168 29 29 29 168 58 29
192 168 55 168 55 168 168 55 168
29 29 29 29 29 29 29 29
209 209 209 209 209 209 209
69 48 48 168 209 168 209 168 209 69 209 168 209 209
57 5 10 140 5 211 211 151 64 57 5 64 211 140 64 5 5 64 211 5 140 211 5 33 5 64 211 33 64 36 211 217 140 211 211 211
209 209 209 209 209 209 209
89 89 89 89 89 89 89 89 89 89 89
209 209 209 209 209 209 209
89 89 89 89 89 89 89 89 89 89 89
209 209 209 209 209 209 209
29 29 29 29 29 29 29 29
209 209 209 209 209 209 209
209 209 209 209 209 209 209
51 51 51 51 51 51 51 51 51
209 209 209 209 209 209 209
197 197 183 37 108 209 70 197 89 108 204 89 183 70 74 89 43 89 146 89 197 183 209 20 32 183 190 133 190 120 68 183 89 197 197 20 133 183 108 197 183 43 197 209 41 89 89 1
29 209 51 59 51 209 32 115 174 209 51 51 29 115 51 209 174 209 115 51 216 168 209 51 32 51 59 51 103 191 209 209 93 51 115 56 32 51 168 168 209 209 51
209 209 209 209 209 209 209
183 183 183 183 183 183 183 183 183 183 183 183 183 183 183 183 183
209 209 209 209 209 209 209
29 29 29 29 29 29 29 29
29 209 29 61 61 209 61 29 209 61 29
197 197 197 197 197 197 197 197 197 197 197 197 197 197 197 197 197 197
29 29 29 29 29 29 29 29
168 168 63 209 168 168 168 209 168 209 168 209 209 209 168 168 168
209 209 209 209 209 209 209
51 51 84 51 209 84 51 51 209 51 209 51 209 209
185 69 183 120 195 190 183 183 195 51 190 213 183 213 183 190 51 183 58 183 190 51 213
51 115 51 115 51 51 115 51 51 51 115 51 62
140 140 51 51 172 51 140 51 51 140 140 140 140 51 51 140 140 140 51 140 140 140
209 209 209 209 209 209 209
51 51 51 51 51 51 51 51 51
168 168 209 168 209 209 168 168 42 209 209 209
51 51 51 51 51 51 51 51 51
209 51 216 51 51 209 209 51 53 51 209 86 209 51 51
51 51 51 51 51 51 51 51 51
107 29 29 67 29 29 67 29 168 29 172 29 168 29 29 29 67 67 168 168 67 29 29 107 67 29 29 172 29 29
51 51 51 51 51 51 51 51 51
89 89 89 89 89 89 89 89 89 89 89
216 168 115 168 168 115 115 168 168 115
183 183 183 183 183 183 183 183 183 183 183 183 183 183 183 183 183
29 29 29 29 29 29 29 29
51 51 51 51 51 51 51 51 51
67 29 67 102 67 67 102 29 102 67 29 102 102
209 209 209 209 209 209 209
192 168 55 168 55 168 55 168 168
209 209 67 29 209 29 29 29 209 209 29 67 29
29 29 29 29 29 29 29 29
67 67 67 67 67 67 67 67 67 67
51 51 51 51 51 51 51 51 51
67 67 67 67 67 67 67 67 67 67
168 55 168 168 55 55 168 192 168
29 29 29 29 29 29 29 29
29 29 29 29 29 29 29 29
209 209 42 209 168 168 209 168 168 209 168 209
83 209 209 29 209 209 29 115 29 209 209 115 115 29 29 115 29 29
209 209 209 209 209 209 209
29 29 29 53 142 115 115 29 29 55 29 142 29
45 168 209 168 168 174 209 216 209 209 168 209
197 5 5 212 183 105 183 5 197 197 194 183 183 200 183 197 183 197 115 197 197 183 5 197 169 108 10 183 197 197 183 76 197 27 108 27 183 119 10 5 183 115 73 5 108 39 5 115 27 10 183 10 170 38 183 28 183 217 197 10 183 108 197
29 29 29 29 29 29 29 29
29 29 29 29 29 29 29 29
209 29 67 209 29 29 29 29 209 29 209 67 209
209 209 209 209 209 209 209
67 67 67 67 67 67 67 67 67 67
197 197 197 197 197 29 197 197 197 197 197 198 197 197 29 197 197 29 29 29 197 32 197 29 215
209 209 209 209 209 209 209
69 51 69 42 147 29 29 29 29 51 168 51 51 26 29 81 42 69 81 40 69 51 83
29 29 29 29 29 29 29 29
67 67 67 67 67 67 67 67 67 67
29 168 168 29 29 58 58 168 29 29 168 29
29 29 29 29 29 29 29 29
51 51 51 51 51 51 51 51 51
67 89 168 168 168 67 67 89 168 67 67 168 168 168 168 67 67 108
209 209 209 209 209 209 209
55 29 29 29 29 29 55 55 40 29 29
29 115 29 115 29 29 115 48 115 29 29 29
51 168 55 168 55 174 51 51 83 53 51 55 51 51 168 51 168
140 140 140 140 140 140 140 140 140 140 140 140 140 140
115 174 115 115 174 174 115
115 45 45 115 45 209 29 59 29 115 115 45 45
209 209 209 209 209 209 209
51 51 51 51 51 51 51 51 51
209 209 209 209 209 209 209
209 209 209 209 209 209 209
209 209 209 209 209 209 209
209 29 110 168 83 29 168 209 83 209 209 168 29 209 168 168 29 83 209 168
209 209 209 209 209 209 209
69 69 51 51 51 69 69 69 51 209 209
29 51 84 51 51 29 29 84 84 84 84 51
29 51 29 51 51 29 29 29 51 51 29 51 96 29 51 51
211 211 211 211 211 211 211 211 211 211 211 211 211 211 211 211 211 211 211
57 5 10 140 5 211 211 151 64 57 5 64 211 140 64 5 5 64 211 5 140 211 5 33 5 64 211 33 64 36 211 217 140 211 211 211
209 209 209 209 209 209 209
55 115 55 55 55 55 55
108 89 51 169 89 111 135 89 111 108 108 108 169 169 108 169 108 89 169
197 197 197 197 197 197 197 197 197 197 197 197 197 197 197 197 197 197
89 89 89 89 89 89 89 89 89 89 89
89 89 89 89 89 89 89 89 89 89 89
209 42 209 168 168 209 168 168 209 168 209 209
29 29 29 29 29 29 29 29
209 209 209 209 209 209 209
51 51 51 51 51 51 51 51 51
29 67 67 209 61 67 131 29 209 67 61 67 67 29 209 29 131 67 67
5 5 5 5 5 5 5 5 5 5 5 5 5 5 5 5 5 5 5 5
18 209 209 18 209 62 209 18 209 168 18 209 209 209
51 29 51 29 168 51 29 168 51 29
45 168 168 115 168 115 168 168 168 168 115 168 168 168 115
115 115 168 168 168 168 115 168 216 115
84 115 115 58 115 168 115 192 29 29 115 29 168 29 115 115 40 115 58
115 55 115 115 115 55 55 155
29 29 29 29 29 29 29 29
115 115 115 168 115 168 168 115 32 115 115 168 168 115
140 140 140 140 140 140 140 140 140 140 140 140 140 140
29 29 29 29 29 29 29 29
89 89 89 89 89 89 89 89 89 89 89
197 197 197 197 197 197 197 197 197 197 197 197 197 197 197 197 197 197
209 209 209 209 209 209 209
57 5 10 140 5 211 64 151 64 57 5 64 211 140 211 5 5 64 211 5 140 211 5 33 5 64 211 33 64 36 211 217 140 211 211 211
209 209 209 209 209 209 209
209 209 209 209 209 209 209
67 29 67 29 29 63 63 51 63 29 29 29 67 67 153 179 29 69 115 29 102 155 115 29 63 67 102 51 63 29 115 102
115 115 115 115 115 182 115 115 115
209 209 209 209 209 209 209
209 209 209 209 209 209 209
89 89 89 89 89 89 89 89 89 89 89
29 29 29 29 29 29 29 29
209 29 29 209 67 29 29 29 29 29 209 209 209 209
51 51 51 51 51 51 51 51 51
5 5 5 5 5 5 5 5 5 5 5 5 5 5 5 5 5 5 5 5
29 29 29 29 29 29 29 29
209 209 209 209 209 209 209
29 29 29 29 29 29 29 29
171 45 209 26 45 89 89 209 209 209 89 89 89 51 209 26 67 122 45 209 171 29 26 89 89 89 209
29 51 29 29 32 29 51 51 29 100 53 51 51 29 51 51
89 168 168 89 89 89 89 108 89 168 168 108 89 89 89
67 67 67 67 67 67 67 67 67 67
51 63 63 63 51 63 63 63 63 63
108 108 108 108 108 108 108 108 108 108 108 108
209 209 209 209 209 209 209
89 89 89 89 89 89 89 89 89 89 89
69 69 51 51 51 69 69 69 51 209 209
168 115 115 168 168 115 115 216 168 168
51 51 51 51 51 51 51 51 51
29 29 29 29 29 29 29 29
209 209 209 209 209 209 209
29 168 89 108 168 89 95 29 168 168 29 89 168 168 89 89 29 168 29 29 89 192 89 89 40 168 154
67 67 67 67 67 67 67 67 67 67
29 29 29 29 29 29 29 29
51 51 51 51 51 51 51 51 51
29 29 29 29 29 29 29 29
209 209 209 209 209 209 209
51 51 51 51 51 51 51 51 51
29 29 29 29 29 29 29 29
209 209 209 209 209 209 209
51 51 51 51 51 51 51 51 51
209 209 209 209 209 56 209 209 209 209 209 209 209
67 67 67 67 67 67 67 67 67 67
67 67 67 67 67 67 67 67 67 67
192 29 209 209 29 192 168 26 95 29 168 209 209 29 29 29 29 48
51 51 51 51 51 51 51 51 51
29 29 29 29 29 29 29 29
209 209 209 209 209 209 209
140 140 140 140 140 140 140 140 140 140 140 140 140 140
140 140 140 140 140 140 140 140 140 140 140 140 140 140
209 209 209 209 209 209 209
5 5 5 5 168 5 5 5 5 5 168 174 5 5 6 5 5 5 168 5 5 11 168 5 5
29 29 29 29 29 29 29 29
115 26 115 115 115 115 115 115 115 55 174 55 201
115 115 115 182 115 182 115 115
51 51 51 51 51 51 51 51 51
51 51 51 51 51 51 51 51 51
168 168 51 168 168 168 55 51 168 29 168 83 51 146 55 168 168 51 29 51 29 168 55 168 51 83 51 29 83 51
29 29 29 29 209 137 216 29 209 29 168 3 9 209 3 29 29 29 209 29 209 29 168 58 168 29 29
168 55 168 55 168 55 192 168 168
29 29 29 29 29 29 29 29
108 108 108 108 115 115 115 108 108 117 108 108 108 108 108 115
209 209 209 209 209 209 209
209 209 209 209 209 209 209
89 89 89 89 89 89 89 89 89 89 89
51 51 51 51 51 51 51 51 51
209 209 209 209 209 209 209
67 67 67 67 67 67 67 67 67 67
209 209 209 209 209 209 209
89 89 89 89 89 89 89 89 89 89 89
89 123 89 89 146 17 56 146 89 131 29 107 95 146 89 187 146 89 89 146 89 6 89 89 89 123 146 89 146 107 17 89 29
51 115 62 115 51 51 51 51 51 51 51 115 115
209 209 209 209 209 209 209
29 29 29 29 29 29 29 29
51 51 51 51 51 51 51 51 51
209 209 209 209 209 209 56 209 209 209 209 209 209
67 107 51 107 107 51 67 67 107 51 107 67 107
89 89 89 89 89 89 89 89 89 89 89
209 209 209 209 209 209 209
192 168 168 168 55 55 168 55 168
209 209 209 209 209 209 209
29 29 29 29 29 29 29 29
209 209 209 209 209 209 209
89 168 103 89 89 168 103 89 89 103 89 89 103
140 140 140 140 140 140 140 140 140 140 140 140 140 140
209 209 209 209 209 209 209
51 51 51 51 51 51 51 51 51
51 89 51 89 89 209 51 89 51 209 89 209 51 209 209 209 89 51 51 51 89 89 153 89 89
29 29 29 29 29 29 29 29
108 108 108 108 108 108 108 108 108 108 108 108
115 55 216 192 55 55 168 168 192 192
67 67 67 67 67 67 67 67 67 67
89 89 89 89 89 89 89 89 89 89 89
29 29 29 29 29 29 29 29
29 29 29 29 29 29 29 29
51 140 140 51 140 51 140 140 51 51 140 51 140 140 51 140 140 140 140 172 140 51
67 29 67 29 29 29 29 67 67 29 67 110 67 67 67 29 67
108 108 108 108 108 108 108 108 108 108 108 108
29 29 29 29 29 29 29 29
209 209 115 29 209 115 115 209 209 115 209
89 89 89 89 89 89 89 89 89 89 89
108 108 108 108 108 108 108 108 108 108 108 108
168 209 168 209 168 209 168 209 42 209 209 168
168 209 29 168 168 209 168 42 83 209 168 63 168 29 168 29 48 168 29 42 209 29 168 58 29 29 29 168 168 29 156 168 168
209 168 115 209 51 209 192 192 115 115 115 209 168 115 62 209
51 51 51 51 51 51 51 51 51
29 29 29 29 29 29 29 29
155 55 115 155 115 55 115
209 209 209 209 209 209 209
67 107 51 67 107 51 107 67 107 51 107 67 107
209 209 209 209 209 209 209
168 115 55 55 168 168 26 55 201 115 55 201
29 29 29 29 29 29 29 29
89 89 89 89 89 89 89 89 89 89 89
89 89 89 89 89 89 89 89 89 89 89
123 146 123 146 146 146 146 123 123 146 146 146 89 146 89
108 108 108 108 108 108 108 108 108 108 108 108
108 108 108 108 108 108 108 108 108 108 108 108
83 67 67 67 67 67 115 67 83 67 115 115 67
140 140 140 140 140 140 140 140 140 140 140 140 140 140
55 89 55 89 89 55 95 89 89 89 89 89 89 89
29 29 29 29 29 29 29 29
29 40 55 29 55 29 55 29 29 29 29
67 209 35 51 115 209 40 209 115 58 51 51 35 135 115 51 115 209 67 26 51 51 51 209
209 209 209 209 209 209 209
89 89 89 89 89 89 89 89 89 89 89
168 168 26 168 168 168 168 168 168 168 168
89 89 89 89 89 89 89 89 89 89 89
56 56 209 29 29 209 110 115 209 115 29 56 115 56 209 83 115 209 209 115 115
29 29 29 29 29 29 29 29
5 5 5 5 5 5 5 5 5 5 5 5 5 5 5 5 5 5 5 5