176 52 120 223 176 176 89 62 52 176 176 223 89 62 52 94 223 52 52 92
131 131 131 106 106 106 131 131 131 131 176 223 223 120 171 176 223 176 176 176 106 106 176 171 223 223 106 131 106 106 131 176
77 223 130 77 223 77 77 77 223 223 223 77 77 176 176 176 176 176 223 77 77
223 176 51 223 223 176 223 176 73 176 176 223 223 223 186 176 5 162 176 186 176 36 176 64 213 173 176 176 176 176 223 176 176 223 176
100 223 52 223 223 52 52 223 52 52 223 100 52 52
176 176 194 176 27 223 176 176 223 233 27 176 203 27 176 131 176 194 223 176 131 223 223 27 176 223 176 176 233 176 176 186 27 131 223 176 176 176 41 176 220 223 223 176 223 223 176 27 186 27 27 176 176 176 223 223 203 176 186 176 194 176 223
121 121 121 121 121 121 121 121 121 121 121 121
52 113 27 27 52 113 52 52 52 52 27 27 27 27 52
208 208 208 208 208 208 208 208 208 208 208 208 208 208 208 208 208 208
121 121 121 121 121 121 121 121 121 121 121 121
27 131 27 27 27 27 27 131 51 131 27 131
4 4 4 4 4 4 4 4 4 4 4 4 4 4 4 4 4 4 4 4
77 77 131 155 100 77 77 100 77 131 77 86 77
121 121 113 106 175 106 106 175 121 106 121 133 121 106 175 113 106 121 121 121
176 223 27 176 52 176 203 176 176 27 213 36 27 59 186 27 52 27 176 5 176 27 176 213 27 223 27 52 233 27 223 186 52 176 176 213 52 131 176 17 52 213 176 27 176 52 176 27 131 52 36 27 131 5 5 176 176 186 27 131 176 27 27 27 176 223 176 27 176 223 27 176
4 4 4 4 4 4 4 4 4 4 4 4 4 4 4 4 4 4 4 4
181 137 181 181 121 137 137 137 181 181 181 181 121 137 137 121 121 121
59 27 176 27 176 176 27 176 59 27 27 27
176 176 176 176 176 176 176 176 176 20 87 176 176 176 176 176 176 176 20
17 223 77 52 23 45 77 106 223 106 77 223 223 223 223 113 106 113 89 45 77 52 223 223 223 73 136 86 106 77 77 23 45 223 17 52 36 23 52 52 106 110 113 52 223 57
194 131 176 131 176 223 148 223 223 223 33 5 223 27 27 27 131 27 33 176 27 33 176 45 176 223 27 131 223 27
223 27 106 106 223 27 33 106 106 106 223 27 27 223 27 106 106 156 27 233 106 106 106 223
176 176 176 131 176 176 131 131 131 131 131 131 176 131 131 131 233 176 131 86 176 176
176 27 223 176 27 27 27 27 77 131 131 27 27 176 223
208 208 208 208 208 208 208 208 208 208 208 208 208 208 208 208 208 208
64 64 213 176 64 176 176 176 176 213 176 176 176
164 52 52 164 164 52 164 164 52 192 52 164 52 52 164 164 164 164 52 164 164 164 164
131 131 131 106 106 106 131 131 131 131 176 223 223 120 171 176 223 176 176 176 131 106 176 171 223 223 106 131 106 106 106 176
52 113 27 27 52 113 52 52 52 52 27 27 27 27 52
121 121 121 121 121 121 121 121 121 121 121 121
27 27 223 27 176 223 223 223 131 27 223 223 233 131 176 223 223 89 131 176 27 27 27 138 223 223
208 53 216 193 208 208 223 210 215 62 193 208 193 210 198 208 208 208 49 208 223 198 198 62 208 208 211 208 193 193 0 33 202 223 193 15 198 208 62 208
86 52 176 176 52 52 52 176 176 52 52 52 86
52 223 23 52 52 23 23 52 112 52 52 223 23 52 23 52
27 27 27 97 27 27 27 27 27 27 27 27 97 27
62 176 27 27 176 27 27 176 176 27 27 73 62 27 62 176
176 176 52 62 176 116 176 52 176 62 52 176 176 52 62 52 176 52 52 52 176 176
176 223 41 176 223 176 223 176 223 223 176 223
27 36 27 174 223 27 27 27 27 223 27 36 27 223 27 27 27 27 27 174 27 223 223 27 27 27 27 27 27 27 27
176 176 223 223 176 131 176 176 223 176 131 176 223 131 223 131 176 176 176 223 92
176 176 176 176 176 57 176 176 176 176 176 176 176 23 176
52 127 176 52 52 52 52 52 64 127 52 64 52 52 52 52 64
120 77 77 120 120 52 120 120 77 52 120 52 77
223 176 62 73 131 223 176 223 131 176 223 62 131 176 176 223 131 62 223
27 27 27 223 27 223 223 223 27 27 223 27 223 77
121 62 176 121 94 121 121 176 62 121 176 186 121 121 62 121 62 144 176 121 121 62 121
77 223 77 77 223 223 223 77 77 77 77 77 116 223 77 223
52 131 52 52 131 131 52 131 52 52 73 52 52
208 208 208 208 208 208 208 208 208 208 208 208 208 208 208 208 208 208
230 208 52 120 208 208 120 225 89 52 218 208 208 230 208 52 208 208 210 225 52 12 208 208 208 112
223 131 176 131 176 89 131 176 62 131 131 223 176 176 223 62 223 131 62 223 131 131 223
193 193 193 193 193 193 193 193 193 193 193 193 193 193 193 193 193
176 176 176 131 131 176 45 176 176 131 131 176 176 176 176
223 223 223 69 27 27 223 27 27 27 27 140 27 77 27 37 27 223 27 177 69 177 223 27 120 27 13 27
121 121 121 121 121 121 121 121 121 121 121 121
121 121 121 121 121 121 121 121 121 121 121 121
223 27 27 223 27 27 77 27 27 223 223 223 223 27
4 4 4 4 4 4 4 4 4 4 4 4 4 4 4 4 4 4 4 4
176 223 176 223 176 223 223 223 223 176 176 41
193 193 193 193 193 193 193 193 193 193 193 193 193 193 193 193 193
223 52 52 223 52 52 223 52 223 52 100 223 52 223 52
52 113 223 52 52 131 52 52 223 131 52 223 223 131 52 223 52 131 223
73 27 176 27 131 52 27 52 131 52 27 176 131 131
5 176 176 223 223 51 5 176 223 203 223 176
4 4 4 4 4 4 4 4 4 4 4 4 4 4 4 4 4 4 4 4
5 155 223 176 64 176 223 176 223 131 223 33 176 176 131
223 131 223 223 131 223 176 223 223 176 92 176 131 176 176 131 176 176 176 176 176
176 27 176 27 176 27 186 176 27 33 176 176 176 27 176 97 176 27
176 176 176 131 176 131 176 176 176 131 176 131 176 45 176
176 106 52 124 106 57 176 106 124 62 106 124 127 124 62 94 203 176 147 176 126
27 27 27 27 131 27 131 131 51 27 27 131
62 223 143 131 27 182 223 233 176 13 131 223 223 73 27 223 143 223 223 213 33 176 176 27 176 223 27 223 176 165 223 223 223 131 20 176 176 116 223 131 131 13 223 62
137 137 137 137 223 223 154 223 223 137 137 137 137 137 223 137 223 137 137
223 223 176 176 223 176 52 176 223 62 223 62 176 223 62
176 223 27 223 176 27 27 27 223 223 176 223 176 107 223 176 27 27 27
52 36 176 27 52 27 87 176 194 87 176 27 176 176
121 121 121 121 121 121 121 121 121 121 121 121
27 27 27 176 176 27 176 27 27 176 59 27 176
121 121 121 27 121 27 27 150 27 121 27 121 121 121 150 27 121 121
208 208 208 208 208 208 208 208 208 208 208 208 208 208 208 208 208 208
62 62 41 41 27 62 27 33 27 41 27 176 27 27 27 27 27 142 27 27 27 27 27 27 45 27
27 121 121 143 123 131 176 9 131 52 176 62 122 27 176 121 186 121 176 131 176 223 52 27 176 131 52 131 176 223 131 52 33 176 223 94 52 186 176 186 131 121 223 52 27 233 131 27 27 157 176 121 52 121 223 131 186 223 123 62 165
52 36 176 27 52 27 87 176 194 87 176 27 176 176
4 4 4 4 4 4 4 4 4 4 4 4 4 4 4 4 4 4 4 4
4 4 4 4 4 4 4 4 4 4 4 4 4 4 4 4 4 4 4 4
77 77 120 120 52 120 120 77 52 120 120 52 77
27 36 27 176 176 27 194 176 27 64 27 64
62 77 13 77 223 122 77 223 77 77 62 77 62 223 77 223 223 86 86
137 157 137 157 157 157 157 137 106 157 157 137 157 106 157
223 41 176 176 223 176 223 223 176 223 176 223
77 77 120 120 52 120 120 77 52 120 120 52 77
176 223 223 176 176 176 223 176 223 41 223 223
27 87 223 51 51 27 51 223 87 87 87 223
131 176 100 77 176 77 77 100 77 113 77 131 131 77 131 100
131 52 75 131 131 75 52 75 75 92 75 75 75 131
223 223 223 176 41 223 223 176 223 176 176 176
121 121 121 121 121 121 121 121 121 121 121 121
131 176 62 131 176 223 62 131 176 131 131 223 176 176 131 176 131 131 223 176 62 131 62 223 223 131 223 131 165 126 176 62 176 176
213 27 27 27 213 27 27 27 75 36 27 27 124 213 176 36 27 203 27 27
4 4 208 11 208 4 208 208 4 208 208 216 4 4 4 208 56 56 56 56 4 4 208 4 56 56 17 4 224 56 208
4 4 4 4 176 4 4 131 4 223 4 4 131 4 4 176 223 16 4 176 4 4 4 4 4 4 4
143 131 120 100 131 120 120 86 131 223 77 131 176 176 52 170 131 176 131 121 120 52 223 86 13 45 5 223 52 176
139 170 106 52 52 106 157 25 57 157 106 140 27 120 112 157 106 197 157 106 106 157 106 8 139 106 106 137 157 106 157 151 25 106 27 52
176 223 176 223 223 223 176 23 176 176 223 176 176 223 176 75
52 176 52 223 176 176 176 119 223 52 52 52 119 52 223 223 223 52
208 208 8 52 21 1 21 208 106 214 161 52 106 216 8 106 208 52 208 216 208 214 52 208 112 1 21
176 176 176 176 223 64 64 223 33 176 223 33 176
52 52 27 27 97 52 27 52 27 141 27 52 52 27 27 27 27 52 52 27 27 27
223 77 131 27 131 27 176 36 59 27 176 27 176 36 27 27 131 177 27 27 27 69 27 223 27 176 223 131 57 69 176 176 57 176 27 27
52 52 52 223 223 52 223 52 52 223 223 100 52 52 223
193 193 193 193 193 193 193 193 193 193 193 193 193 193 193 193 193
176 223 223 176 176 223 176 223 176 75 176 176 223 176 223 176 176
27 27 27 27 131 131 27 27 27 27 27 27 27 131 112 131 27 27 27
73 131 52 52 52 52 52 131 52 52 52 131 131
106 140 106 140 140 106 106 140 140 106 106 140 140 140
131 131 27 131 165 131 131 131 131 62 62 131 131 131 131
4 4 4 4 4 4 4 4 4 4 4 4 4 4 4 4 4 4 4 4
223 223 223 77 223 77 77 77 77 77 77 223 77 116 223 77
131 77 37 223 131 223 131 131 13 223 131 131 131 131 131 131 131 131 13
77 77 120 120 52 120 120 77 52 120 120 52 77
27 77 77 27 27 77 27 131 27 77 123 27 77 77 27 27 27 33 77 160 33 27 82 131 131 27 143
208 208 208 208 208 208 208 208 208 208 208 208 208 208 208 208 208 208
193 4 4 208 193 208 152 193 193 193 151 40 106 121 193 27 40 26 208 231 152 32 106 4 172 58 4 31 126 32 193 169 152 4 135 125 56 201 56 193 126 121 193 4 193 208 157 125 4 79 119 56 43 193 32 27 110 32 193 30 91 152 216 193 106
176 131 131 33 176 131 131 176 131 131 176 176 131 131
176 27 27 27 176 27 176 27 176 27 176 59 27
27 131 27 131 27 131 27 131 27 51 27 27
223 27 27 223 27 27 123 27 223 27 27 27 27 27 223 27 27 27 27 223 223
121 52 121 212 123 52 51 121 123 121 121 5 52 52 87 106 106 87 223 121 52 52 27 121 121 52 121 52 52 223 212 52
23 176 131 176 143 186 176 176 176 176 176 147 223 176 223 176 176 186 45 176 176 176 194 176 131 223 131 223 176 176 223 176 176 176
121 121 121 121 121 121 121 121 121 121 121 121
27 176 94 62 186 27 27 27 27 27 176 27 75 176 176 62
131 176 69 186 176 176 176 176 131 131 131 233 131 176 143 131 176 176
27 33 27 223 27 124 223 223 27 27 27 27 27 27 27 223 233 27 223 27 27
223 59 5 223 5 223 223 223 223 223 223 59
223 37 223 77 62 27 123 27 62 27 223 223 27 176 59 37 176 120 62 37
27 27 27 27 27 27 97 27 27 27 27 27 27 27 27
223 223 223 69 27 27 223 27 27 27 27 140 27 77 27 37 27 223 27 177 69 177 223 27 120 27 13 27
164 164 164 164 164 164 164 164 164 164 164 164 164 164 164
97 27 77 97 27 27 77 134 27 97 97 27 27 77 27 27 97 97
52 52 52 223 69 52 52 13 13 223 223 52 116 131 131 116 131
87 176 62 62 176 176 176 176 176 131 176 131 176 131 176 176 176 131 62 176 176 176 176
27 51 131 27 27 131 27 131 27 27 131 27
52 27 106 52 106 106 87 51 52 51 106 106
165 52 59 52 62 62 52 59 52 73 52 59
121 121 121 121 121 121 121 121 121 121 121 121
106 77 77 77 106 106 106 106 77 223 223 77
223 27 162 176 27 223 176 37 223 131 27 176 194 62 223 223 64 223 59 59 94 94 186 27 223 233 27 27 62 223 27 176 223 62 176
131 106 106 106 131 116 106 106 131 106 106 106 106 116
77 77 77 27 206 27 27 121 121 27 27 77 77 121 121 121 27 27 121 121 77 121 27 121 33 77 121 27 27 27 27 82 121 77 27
176 223 41 176 176 176 176 131 131 176 176 176 223
27 27 62 62 51 27 27 57 131 27 27 62 131 131
27 223 27 27 233 27 223 223 33 176 223 27 27 112 176 223 194 176 176
203 176 77 77 100 77 162 77 176 27 27 176 176 27 186 77 77 5 176 176 27 77 27 23 23 27 27 77 176
52 223 176 176 52 176 131 223 223 186 186 176 131 52 223 176 176 131 131 223 52 131 223 176 176 176 131 176 131 176 176 52 52 131 52 160 52 176
164 164 164 164 164 164 164 164 164 164 164 164 164 164 164
131 176 223 223 131 223 223 131 223 223 59 176 176 176 131 176
121 121 121 121 121 121 121 121 121 121 121 121
62 176 123 223 52 51 146 176 54 87 94 176 186 106 106 94 87 52 33 176 223 123 233
41 176 223 176 176 223 223 223 176 223 176 223
164 164 164 164 164 164 164 164 164 164 164 164 164 164 164
223 131 27 131 186 27 176 176 223 176 52 131 176 52 27 131 27 176 27 223 223 131 223 176 176 27 176 223 131 2 223 27 176 27 223 176 52 176 176 27 233 223 186 27 223 27 52 233 223 131 52 176 176 223 52 223 27 176 52 176 176 27 52 131 223 27 223 223 176
223 223 223 223 223 223 223 57 223 223 223 223 223
223 27 131 27 223 223 131 106 27 176 27 176 27 176 223 223 131 176 223 223 223 150 131 176 223 176 75 176 223 176 176
131 77 97 77 77 77 131 77 131 131 77 77 77 77
208 131 208 17 131 208 33 144 46 208 208 196 223 39 38 121 121 15 208 39 208 223 106 229 208 131 208 214 27 208 121 106 10 208 223 18 121 135 208 121 208 135 61 208 223 106 224 224 30 27 121 6 208 64 121 7 224 183 223 223 111 208 1 208
176 176 223 223 41 176 223 176 176 223 223 223
208 208 208 208 208 208 208 208 208 208 208 208 208 208 208 208 208 208
4 4 208 11 208 4 208 208 4 208 208 216 4 4 4 208 56 56 56 56 4 4 208 4 56 56 17 4 224 56 208
121 121 136 176 121 121 121 176 121 176 121 121 176 176 121 121 121
82 176 186 77 110 176 176 176 77 77 77 77 77 77 77
139 170 106 52 52 106 157 25 92 157 106 153 27 223 136 119 157 106 202 157 106 106 157 106 14 139 106 106 137 54 157 106 157 162 34 106 27 52
27 57 176 52 27 27 27 176 27 27 176 27 27 27 52 27 37 27 57 176 52 176 52 52 27 27 52 156
131 131 131 131 131 131 131 131 131 131 131 131 131 131 131 131 37
27 27 27 131 131 27 131 51 27 27 27 131
131 131 131 194 52 176 176 131 176 131 131 176 131 131 131 131 176
169 142 135 169 106 150 135 169 118 121 121 135 169 169 106 106 169
223 223 223 27 27 223 27 27 27 77 27 223 27 223
223 13 37 223 77 77 27 77 27 27 27 223
77 176 176 87 77 112 176 77 223 77 77 87 112 77
27 176 27 176 27 59 176 176 27 27 27 27 176
164 164 164 164 164 164 164 164 164 164 164 164 164 164 164
208 208 208 208 208 223 208 208 208 208 208 208 223 223 208 208 223 208 208 222 223 208 208 223
121 121 121 131 130 121 121 131 130 121 121 121 131 121 121
137 106 106 52 106 52 137 137 52 140 106 137 176 52 106 203 137 52 106 106 52 137 137 106 137 137 52 224 52 112 106 137 176 137 176 176
223 52 52 223 131 223 52 223 52 52 52 223 52 131 223 131 131 52 113
137 157 137 157 157 157 157 137 106 157 157 137 157 106 157
193 193 193 193 193 193 193 193 193 193 193 193 193 193 193 193 193
4 4 4 4 4 4 4 4 4 4 4 4 4 4 4 4 4 4 4 4
52 62 62 52 62 52 52 52 52 52 52 59
106 52 106 52 52 106 106 106 52 106 106 146 52 106 52 52 106 52 106
121 121 121 121 121 121 121 121 121 121 121 121
176 27 27 118 27 27 27 27 176 27 27 27 59 27 176 27 27 27 176
121 121 121 121 121 121 121 121 121 121 121 121
208 198 193 24 208 224 209 193 208 27 193 224 50 215 55 228 217 208 208 55 208 126 193 130 208 193 193 208 218 50 217 208 27 208 209
223 131 69 27 27 86 131 86 27 223 27 223 86
223 110 27 27 223 186 223 176 27 27 27 233 176 27 223 176 176 223 27
176 131 131 131 176 176 131 176 176 176 176 64 176 131 131 176 176 131 131
62 223 223 223 223 176 176 176 62 52 62 223 176 223 176
121 121 121 121 121 121 121 121 121 121 121 121
176 176 223 223 223 223 131 176 223 176 176 89 176 223 41 223 176 131
87 27 27 27 27 87 27 27 27 27 87 87
223 176 176 223 223 176 223 45 176 233 186 223
176 176 27 143 27 155 176 176 176 37 20 153 27 176 176 176 27 176 131 176 176 176 176 176 194 176 176 27 176 186 82 176 27
45 223 223 45 45 233 27 45 223 223 27 131 131 112 143 223 223 131 45
27 27 124 160 52 52 36 86 77 52 52 52 77 77 52 27 52 77 77 27 77 77 27 52
59 27 176 27 176 176 27 176 59 27 27 27
69 100 27 69 176 176 176 27 69 223 176 223 27 176 27 223
223 27 223 176 223 27 27 186 176 223 13 27 223 223 223 203 161 223 131 233 27 27 20 223 131 223 233 27 131 176 223 223 223 27
223 122 131 143 223 131 143 52 131 52 131 131 52 52 223 223 223 131 52 223 52 52 52
223 27 27 223 176 223 176 107 27 176 223 27 223 176 27 41 27 27
223 176 223 176 223 223 223 223 41 176 176 176
23 176 64 223 223 176 176 176 176 223 176 176 73 176 176 176 223 223 165 176 27 223 176 162 27 228 51 176 27 23 27 176 27 176 176 176 176 176 131 176 64 176 213 176 62 176 23 176 36 27 176 223 176 62 176 223 27 176
164 164 164 164 164 164 164 164 164 164 164 164 164 164 164
176 223 176 223 176 176 176 176 223 176 176 223 223 223 106 176 176 176 176 176 176 176
193 193 193 193 193 193 77 193 77 77 77 193 193 77 193 77 193 193 193 193 77 227 77 193 193 77
121 121 121 121 121 121 121 121 121 121 121 121
176 27 27 176 62 176 27 176 62 27 27 27 62 27 27 176 27 176 176 176 27 27 27 136 27 176 176 27
121 121 121 121 121 121 121 121 121 121 121 121
27 176 176 27 27 59 59 176 27 27 176 27
176 52 27 110 52 106 27 106 33 120 52 27 106 52 106 106 77 27 27 33 52 27 27 27 107 52 27 27 52 186 120 110 59 27 120 176 106 52 27 234 106 27 37 176
27 27 27 27 92 27 27 27 92 27 92 27 27
27 62 27 131 27 27 27 27 131 62 118 143 27 27 27 27 131 27 33 27 37
176 223 194 176 223 27 176 223 233 27 27 223 27 113 33 233 33 27 176
131 131 176 131 176 176 131 36 176 62 62 176 94 143 62
82 27 77 27 27 75 75 176 75 176 75 223 52 27 27 223 27 77 223 77 166 217 27 106 5 131 27 124 165 131 27 176 75 77 223 124 223 176 176 75 27 131 116
176 223 131 223 223 176 223 176 131 45 233 223 176 176 176 203 223 176 131 131 223 223 5 124 223 176
23 27 176 176 27 176 131 131 186 131 131 131 27 176 27 27 27 131 176 176 131 176 131 135 176 186 176 176 27 176
69 137 170 137 137 137 137 137 170 52 52 69 52 137 152 137 170 69 137
143 143 77 77 144 131 77 131 77 131 143 77 131 223 223 223 100 131 77 223 131 77 143 223 233 131 77
77 143 131 131 77 77 77 143 131 77 131 131 131 121 131 131 77 77 131 77 77 131
62 223 131 131 131 223 223 62 37 223 62 223 223 131
208 208 208 208 208 208 208 208 208 208 208 208 208 208 208 208 208 208
176 52 176 176 176 52 176 176 112 176 176 52 176 52 52 52 176 52 52
159 223 223 27 37 176 27 27 223 223 37 27 223 27 27 223 176 223 223 223 223 176 176 223 27 27 223 27 27 27 203 27
86 52 86 176 52 52 52 176 176 52 52 52 176
176 27 131 176 27 27 176 131 176 62 176 62 176 27 27 176 176 131 131 176 62 131 122 27 27 131 131 131 176
223 131 223 176 59 223 176 223 223 131 131 176 176 59
208 208 208 27 27 208 208 208 208 208 228 208 208 27 208 208 208 208 208 27 208 228 27 27
52 131 52 52 131 52 131 52 73 52 131 52 52
193 193 193 193 193 193 193 193 193 193 193 193 193 193 193 193 193
208 208 208 208 208 208 208 208 208 208 208 208 208 208 208 208 208 208
223 223 176 223 223 223 176 176 223 41 176 176
223 27 27 126 223 27 27 13 27 223 27 223 27 36 27 27 223 36 27 27 27
121 121 121 121 121 121 121 121 121 121 121 121
52 223 52 52 223 100 223 52 52 52 223 52 223 52 223
77 77 27 186 77 176 27 176 77 27 77 176 27 27 77 77 77 77 77 179 77 33 77 77 27 77 77 77 176 77 77
165 13 62 176 176 223 13 59 223 176 13 176 62 176 223
121 121 121 121 121 121 121 121 121 121 121 121
121 223 223 121 223 121 223 121 141 121 121 121 121 223 121 141 121
121 121 121 121 121 121 121 121 121 121 121 121
176 131 52 143 75 176 75 75 131 176 131 75 75 75 118 186 75 52 176
223 176 176 223 223 223 223 176 176 233 176 176 176 62 87 176 62 176 94 176
13 36 23 62 23 27 62 112 23 33 27 62 27 27 27 27 37 131 223
223 223 223 223 176 131 176 176 131 131 223 223 176 176 131 59
27 27 27 52 52 113 27 52 52 52 27 113 52 52 27
198 121 121 121 121 121 121 121 121 121 121 123 121 223 121 223 223 121 223 121 123 121 121 121 121 223 124 121 223
208 208 208 27 27 208 208 208 208 208 228 208 208 27 208 208 208 208 208 27 208 228 27 27
27 123 123 77 77 27 77 77 27 27 77 27 77 77 27 77
193 193 193 193 193 193 193 193 193 193 193 193 193 193 193 193 193
86 52 176 52 52 52 52 176 176 52 176 52 52 176
5 64 223 223 176 5 176 223 176 223 223 176 5 223
27 27 176 176 27 27 27 27 59 176 176 59
51 176 5 223 223 223 176 5 176 176 223 203
223 223 223 223 223 223 223 223 57 223 57 223
223 176 223 223 176 176 223 223 223 176 176 41
223 223 223 223 223 223 27 223 151 27 223 223 176 176 223 223 223 223 27 223 223 223 176 223 176 27 223 27 27 33 186
121 121 121 121 121 121 121 121 121 121 121 121
121 121 121 27 121 27 121 27 27 121 27 121 150 150 27 121 121 121
37 77 27 27 77 156 77 27 100 77 27 27 27 33 77 77 27 77 27 77 37 27 27 37
106 77 106 77 106 106 106 77 223 223 77 77
27 59 176 27 176 27 27 176 27 176 27 176 27
4 4 4 4 4 4 4 4 4 4 4 4 4 4 4 4 4 4 4 4
139 52 151 37 41 41 69 106 52 223 139 113 162 136 136 106 52 106 162
208 208 208 223 27 208 208 223 208 223 208 223 208 208 208 209 208 208 27 208 208 27 223 27 27 208 33 208 223 27 7
176 27 27 27 176 131 131 131 176 27 27 131 82 27 27 176 176
181 52 52 137 207 121 52 181 181 207 75 137 137 207 137 137 126 121 137 181 52 121 52 126
176 176 233 131 131 77 77 176 77 77 131 77 82 176 131 131 77 77 126 131 77 143
223 106 126 223 126 106 223 126 106 106 106 106 106 106 223
106 140 106 140 140 106 106 140 140 106 106 140 140 140
176 176 131 131 176 176 176 131 176 51 186 131 176 186 176
27 27 27 97 27 27 27 27 27 27 27 27 97 27
176 27 52 186 112 176 176 52 54 27 112 52 126 52 52 27 176 27 27
52 176 52 223 176 176 176 119 223 52 52 52 119 52 223 223 223 52
176 176 223 223 75 223 176 176 176 176 176 223 223 176 223 176 176
59 77 77 176 27 27 27 37 52 27 23 52 27 176 27 52 52 77 77 52 5 52 77 77 27 27 195 195 27 77 77 27 52 176
131 131 131 131 143 62 131 131 62 62 131 131 33 131 143 131
94 59 131 223 223 223 223 186 155 223 131 155 223 233 62
131 131 121 131 121 223 121 121 121 121 131 157 121 131 223 223 131 121 122 143 223 131 121 223 121 223
176 27 27 176 176 27 27 59 27 27 176 27 176
27 87 193 170 224 209 193 198 27 193 224 52 209 232 228 12 193 228 52 119 193 150 193 209 52 232
27 27 176 59 27 176 176 176 27 27 27 27 176
4 4 4 152 4 106 106 32 106 152 106 32 4 4 106 106 106 32 4 4 32 48 4 152 106 4 32 4 32 32 106 152 32 152 106
208 208 208 208 208 208 208 208 208 208 208 208 208 208 208 208 208 208
143 77 138 27 131 131 131 143 97 131 131 131 131 97 131 97 131 131 77 131 97 131 97 97 131 131 77
176 131 52 131 62 176 176 176 62 176 52 176 176 176 138 176 165 52 176 176 52 176 52 131 52 176 52 52 176 176
176 131 176 176 176 176 131 131 176 176 64 176 176 131 131 176 131 131 131
27 27 36 52 176 52 27 52 52 36 52 131 138 176 165 131 27 176 52 52 176 131 27 176 52
121 121 121 121 121 121 121 121 121 121 121 121
120 77 77 52 120 120 77 120 77 120 52 52 120
106 77 166 106 82 223 77 62 213 77 62 106 223 223 77 223 106 176 77 77 122 77 106 219 77 122 77 223 176 223 77 77 77 77 82 106 106 77 77 117
165 223 223 233 131 223 87 223 131 143 223 223 5 223 223 223 5
27 27 27 27 27 51 131 131 27 131 131 27
223 223 57 223 223 223 223 223 223 223 223 223 223
27 223 223 223 223 41 27 223 89 41 176 41 223 27 41
223 52 52 176 176 69 52 52 131 131 176 131 131 112 52 52 69 223
27 27 27 27 27 27 27 27 27 27 27 27 27 97 27
52 52 27 52 52 27 113 52 27 52 27 113 27 27 52
176 52 52 176 176 52 52 52 52 176 52 176 52 86
176 62 176 223 176 223 131 131 223 223 223 176 223 62 223 176 223 223 223 176 176 223 223 223 147 223 62 176 131 176 89 131 223 223
116 27 116 223 27 223 223 223 27 223 27 223 27 223 27 223 223 223
131 131 223 223 223 131 223 176 176 223 176 223 59 131 176 176
52 52 27 27 113 52 52 27 27 52 52 27 113 27 52
121 121 121 121 121 121 121 121 121 121 121 121
27 176 176 27 27 59 59 176 27 27 176 27
27 27 176 27 27 176 194 176 27 176 27 223 176 223 176 131 23 223 176 204 131 176 176 223 27 176 27 223 27 176 176 176 131 194 176 176 176 176 176 233 176 37 27 176 131 27 176 131 143 176 223 27 176 59 131 186
198 87 193 150 215 27 200 193 27 193 215 27 52 200 232 27 209 232 27 193 27 209 52 27 193 126 193 200 52 14
146 97 82 82 165 52 97 73 52 62 52 52 52 62 52 223 52 52 52 52 52 223
193 193 193 193 193 193 193 193 193 193 193 193 193 193 193 193 193
208 208 208 208 208 208 208 208 208 208 208 208 208 208 208 208 208 208
176 131 176 131 131 176 131 131 176 131 131 33 176 131
27 27 27 52 52 113 27 52 52 52 27 113 52 52 27
27 36 27 174 223 27 27 27 27 27 27 36 27 223 27 27 27 27 27 174 27 223 223 27 27 27 27 27 27 27 223
121 121 121 223 121 223 121 121 223 121 121 121 141 223 223 121 223 121
223 223 223 223 223 131 131 223 223 223 131 223 143 82 233 223 223
223 223 223 41 131 143 131 27 82 86 131 121 27 131 131 131 131 41 176 131 131 100
121 121 121 121 121 121 121 121 121 121 121 121
176 223 92 223 223 176 45 176 223 223 194 223 223 5 223 223 223
106 131 106 131 131 116 106 131 106 106 106 106 106 106 106
176 176 176 27 176 27 27 27 176 27 59 27 27
27 113 113 27 52 27 27 52 52 52 27 27 52 52 52
77 213 176 213 77 119 176 62 77 62 77 213 77 77 62 213 77 77 77
164 164 164 164 164 164 164 164 164 164 164 164 164 164 164
52 52 100 52 223 100 52 52 223 52 223 52 223 223
127 223 106 106 223 223 223 223 106 106 106 106 106 223 106 106 106
121 121 121 121 121 121 121 121 121 121 121 121
121 121 121 121 121 121 121 121 121 121 121 121
106 120 37 41 41 106 127 223 136 113 136 106 106 106 136
27 27 131 131 27 27 27 51 27 131 27 131
176 131 176 176 223 59 223 131 223 223 223 223 131 176 131 176
27 223 27 223 27 223 27 223 77 223 27 27 27 223
223 223 176 223 176 41 223 176 176 223 223 176
163 77 27 120 77 77 163 77 77 27 77 77 77 77 77 77 27 77 77 77 120 27
223 186 176 27 176 124 33 27 223 176 223 176 176 27 27 194 27 176 223 27 223 176 223 176
27 52 52 52 131 131 27 27 52 52 27 131 52 27 27 121 52 27 52 131
193 193 193 193 193 193 193 193 193 193 193 193 193 193 193 193 193
23 190 186 223 27 131 223 27 36 82 27 27 223 27 131 223 176 223 27 176 27 131 27 223 131 131 27 176 131 223 5 186 155 27 27 223 27 176 233 176 176 131 33 223 131 223
223 176 176 176 223 176 176 176 223 223 176 176 223 176 176 223 75
52 27 52 131 131 176 52 131 27 176 73 27 27 131
137 157 137 157 157 157 157 137 106 157 157 137 157 106 157
223 131 223 107 223 131 176 176 165 223 165 176 131 131 131 131 176 223 223 131 131 176 131 62 131
52 64 176 110 52 223 223 64 64 52 52 223 223 110 223
77 77 120 120 52 120 120 77 52 120 120 52 77
139 208 140 27 208 225 69 87 147 148 52 6 208 208 169 27 139 0 27 169 139 52 208 208 208 35 106 106 208 130 27 27 139 106 64 208 208 210 208 52 27 106 110 106 114 85 106 106 150 137 52 6 52 126 208 106 140 140 52 208
116 77 77 223 116 116 27 116 116 97 77 223 97
27 176 27 27 20 27 116 116 223 223 213 13 223 13 73 27 176
27 27 27 27 27 112 27 27 131 27 27 131 27 27 27 131 131 27 27
131 27 27 27 27 131 27 27 27 131 131 51
131 27 194 27 176 27 176 143 131 151 27 165 131 194 87 27 131 131 62 143 62 92 87 62 27 62 5 131 27 27 5
137 137 137 52 137 52 52 137 52 137 168 137 137 52 137 137 168 137 52 52
27 223 69 223 176 176 69 100 27 176 27 223 69 176 176 27
52 223 223 223 52 223 52 223 223 100 52 52 52 52 52
27 27 27 131 33 54 131 52 131 52 27 52 27 27 52 122 131 52 52 52
116 77 77 223 116 116 27 116 116 97 77 223 97
27 27 27 27 27 27 27 27 27 27 27 27 27 97 27
27 176 27 27 223 176 176 27 223 176 107 223 223 27 176 27 223 223 27
223 45 45 27 92 223 27 45 223 223 223 223 45 223 45
27 113 113 27 52 27 27 52 52 52 27 27 52 52 52
106 106 106 106 106 106 106 106 106 106 107 106 106 106 106 106 106 106 107 164 106
176 106 126 33 176 137 106 223 137 106 106 106 106 106 223 106 33
152 152 152 152 152 152 152 152 152 152 152 152 152 152
131 223 223 54 223 131 131 131 213 223 223 223 186 62 62
121 121 121 121 121 121 121 121 121 121 121 121
119 94 52 27 113 54 62 52 52 27 52 27 52 62 52 27 27 27
131 131 69 131 131 27 27 131 27 27 27 131 131 27 27 131
121 121 131 121 131 121 121 121 121 131 121 121 130 121 121 131
137 157 137 157 157 157 157 137 106 157 157 137 157 106 157
27 176 27 59 27 176 176 27 27 27 176 176 27
121 121 121 121 121 121 121 121 121 121 121 121
223 223 176 176 176 223 223 176 223 41 223 176
131 52 176 121 52 121 52 106 131 146 121 121 131 178 86 176 176 52 122 89 180 176 165 54 180 223 131 178 223 106 3 143 233 106 116 124 126 89 121 92 131
4 4 208 11 208 4 208 208 4 208 208 216 4 4 4 208 56 56 56 56 4 4 208 4 56 56 17 4 224 56 208
157 223 162 152 223 152 152 152 64 157 13 223 152 157 157 152 174 13 152 152
121 121 121 121 121 121 121 121 121 121 121 121
176 223 223 176 176 223 176 13 223 13 223 223 223 203 223 100 223 223
51 27 131 27 131 27 27 131 27 27 27 131
51 176 176 176 176 176 176 176 51 5 176 5
87 27 27 27 27 87 27 27 27 27 87 87
131 27 131 69 131 131 131 27 27 27 27 131 131 27 27 131
52 52 52 131 131 52 52 52 73 52 131 131 52
223 223 57 223 223 223 223 223 223 57 223 223
151 64 106 106 27 106 27 106 27 106 106 64 64 27 106 64 64 106 106 106
208 208 208 208 208 208 208 208 208 208 208 208 208 208 208 208 208 208
223 176 27 75 27 213 27 176 142 176 27 223 176 223 223 213 213 223 176 176 27 176 186 27 186 223 176 176 176
64 176 64 152 27 152 64 176 176 27 77 77 64 77 27 77 77 77 77 176 77 27
223 223 57 223 223 223 223 223 223 223 223 223 223
121 121 121 121 121 121 121 121 121 121 121 121
176 59 59 176 176 27 27 27 27 27 176 27
106 77 77 77 106 106 106 106 77 223 223 77
223 223 143 131 223 176 176 233 176 176 123 131 176 223 223 131 176 176 223 176 223 223 223 176 223 223 176
52 52 176 54 52 52 52 52 52 176 87 176 176 186
131 27 27 176 131 131 27 59 176 27 131 27 27 131 213 27 131 27 27 143 136 27 27 37 131 59
137 106 205 180 52 106 221 167 121 121 121 221 140 106 92 106 106 61 52 124 121 106 41 167 41 121 184 28 106 106 106 52 87 172 87 77 148 77 77 89 126 52 106 134 37 77 214 223 150 153 77 161 106 106 27
121 121 121 121 121 121 121 121 121 121 121 121
223 223 223 186 27 176 176 131 33 187 33 223 223 176 223 223 27 27 27 116 176 27 233 27 223 223 27 176 176 223 176 223 131 176 27 176 223 27 51 223 131 223 223 27
121 121 121 131 130 121 121 131 130 121 121 121 131 121 121
121 121 121 121 121 121 121 121 121 121 121 121
121 121 121 121 121 121 121 121 121 121 121 121
176 176 176 41 223 223 223 223 176 223 176 223
121 121 223 121 223 141 121 223 121 121 121 223 121 121 223 223 121 121
97 176 97 97 131 62 223 27 27 131 27 176 27 176 27 176 77 164 62 176 97 176 97 27 176 27 176 77 77 62 27 97 223
223 223 223 223 131 27 131 27 27 223 27 131 97 131 27 27 27 223
27 106 106 106 138 106 106 27 106 27 33 106 106 27 106 27 27 107
64 176 64 152 27 152 64 176 176 27 77 77 64 77 27 77 77 77 77 176 77 27
52 86 52 52 52 52 52 176 52 176 176 176 176 52
52 52 52 52 131 131 52 52 52 52 131 131 73
82 52 82 41 158 27 27 27 27 52 176 52 52 23 27 92 41 82 92 37 82 52 97
52 223 52 52 223 100 52 52 100 52 223 223 52 223
27 223 223 27 223 27 223 223 27 77 27 223 27 27
176 223 27 176 176 223 186 41 97 62 94 223 176 75 176 27 176 27 117 51 131 233 27 45 223 27 27 59 143 27 27 233 176 176 27 177 176 176
113 52 62 131 223 52 62 223 131 223 89 131 62 131 89 52 52 52 89
27 27 223 77 223 27 223 27 223 27 27 223 27 223
121 121 121 121 121 121 121 121 121 121 121 121
110 176 176 186 176 82 77 77 176 77 77 77 77 77 77
121 121 121 121 121 121 121 121 121 121 121 121
4 4 4 4 4 4 4 4 4 4 4 4 4 4 4 4 4 4 4 4
164 164 164 131 171 131 164 131 164 164 164 164 164 131 164 164 164 164 164
208 208 208 208 208 208 208 208 208 208 208 208 208 208 208 208 208 208
52 5 52 165 233 52 131 52 52 131 223 52 143 131 223 131 52 52 131 131 223 5 124
223 223 131 131 131 131 223 223 223 131 131 131 131 143 73 131 233 131 131
77 176 176 87 77 112 176 77 223 77 77 87 112 77
41 223 223 176 223 176 223 176 176 223 223 176
223 223 27 223 27 223 27 223 27 77 27 27 27 223
124 223 121 121 121 223 223 52 121 121 223 57 121 52 223 121 223 121 52 52 52 121 57 121 52 174
27 208 208 112 193 134 27 63 193 152 52 129 52 106 106 27 121 210 106 193 129 208 106 44 106 106 27 221 52 52 106 22 193 84 31 82 224 106 169 106 106 106 135 108 193 37 106 208 27 52 208 40 168 193 121 169 208 27 106 106 52 47 27 52 224 208 120 36 106 27 59 52 144 39 27 166 215 106 21 106 106 106 106 106
52 223 223 52 223 52 52 52 223 52 52 52 223 100 223
27 176 27 27 176 62 27 62 176 52 176 92 52 176 62 176 176 52
131 176 52 52 27 62 27 62 186 27 166 223 176 143 62 223 27 143 113 223 62 5 54 131 27 176 186 223 52 52 54 52 27 131 94 223
113 52 52 27 52 52 27 52 52 27 27 52 27 27 52 27
106 106 112 62 106 62 106 106 106 106 106 106 106 62
176 77 176 223 118 77 223 176 77 87 27 77 120 223 135 77 13 77 176
208 208 208 208 208 208 208 208 208 208 208 208 208 208 208 208 208 208
208 208 208 208 208 208 208 208 208 208 208 208 208 208 208 208 208 208
131 106 176 106 176 130 106 131 176 106 106 106 106 131 106 176 106 176 131 106
176 176 176 134 176 62 20 176 176 176 223 176 176 176 131 223 237 223 176 62 62 176 176 131 176 176 176 131 131 223 223 223 20
62 176 223 176 223 223 176 176 223 223 176 62 223 100 223 223 223 223 62 223 223
27 82 41 176 223 13 77 165 223 176 131 176 6 186 176 176 176 176 223 27 176 62 176 62 176 176 176 13 176 62 13 73 176 223 223 176 223 62 176 223 176 62 176 186 131 62 131 223 106 176 176 176 176 176 131 223 176 75 176 223 176 57 176 176 73 176 62 62 176 203 165 131
131 73 13 36 52 223 52 131 223 37 223 52 223 52 36 52 162 131 27 223 52 5 223 73 23 52 223 52 5
52 121 52 121 121 157 121 121 121 121 157 52 52 52 121 52 121 121 52
27 131 131 27 131 51 27 27 131 27 27 27
223 223 131 223 176 59 223 176 223 176 176 131 176 131 176 176 176 176 92
176 27 27 176 27 176 59 176 27 176 27 27 27
176 223 223 176 233 223 176 155 131 223 73 223 203 186 155 131
193 4 4 211 60 193 121 208 193 106 152 32 4 106 235 55 208 208 77 106 193 125 168 77 162 4 128 208 193 152 77 106 140 223 176 27 208 193 199 176 108 208 106 121 106 106 28 77 86 106 228 169 106 176 137 208 56 193 32 193 77 77 208 77 176 32 83 152 208 77 4 193 193 193 193 193 208 196 176 121 121 27 88 106 106 31 193 121 59 37 56 97 121 208 176 140 109 193 118 209 8 193 4 77 152 147 223 149 77 193 32 193 108 106 77 121 4 235 217 208 185 77 223 210 77 208 193 56 230 208 223 61 106 77 106 140
121 121 121 121 121 121 121 121 121 121 121 121
188 140 147 166 166 123 106 106 106 106 106 147 106 147 140 106 106 106 106 106 140 140
121 121 121 121 121 121 121 121 121 121 121 121
123 121 121 223 52 121 87 77 52 77 121 77 121 77 223 218 52 223 176 87 176 77 52 52 176 223 218 223 121 121 121 176 77 69 121 57
121 193 193 193 193 121 193 193 193 121 193 193 193 121 121 193 193 193 121 8 193 121 121 121 193 121 121 193
223 97 223 77 87 27 77 120 77 120 13 223 77 77 77
89 27 233 176 223 89 27 27 131 223 57 223 223 223 223 223 223 223 52 131 27 223 131 233 33 131 223 151
176 62 176 203 176 176 62 176 176 176 176 36 176
77 27 77 27 27 27 27 77 27 27 77 77 77 27 27 77 152 27 27 77 27 27 27 77
4 4 202 20 19 208 152 208 193 157 4 208 47 128 208 193 208 208 193 47 42 88 152 32 4 208 208 218 20 4 208 50 32 200 212 208 208 193 56 64 56 223 193 32 4 208 208 193 176 4 225 132 209 56 80 208 223 32 208 152 79 7 115 152 20 214
121 121 121 121 121 121 121 121 121 121 121 121
4 4 15 152 208 106 172 157 4 208 127 121 121 121 208 0 152 32 4 134 121 106 106 4 217 32 211 121 208 109 208 17 17 43 32 4 208 106 208 210 80 17 109 208 32 208 4 152 208 183 109 152 137 106 106
121 121 121 121 121 121 121 121 121 121 121 121
137 157 137 157 157 157 157 137 106 157 157 137 157 106 157
27 27 27 27 131 51 27 131 131 131 27 27
52 52 52 223 69 52 52 13 13 223 223 52 116 131 131 116 131
27 27 59 27 176 176 27 176 176 59 27 27
176 106 176 120 106 106 106 120 106 120 106 106 106 176
208 208 208 208 208 208 208 208 208 208 208 208 208 208 208 208 208 208
176 223 62 176 62 223 223 223 176 223 223 176 223 223 233 233 176 104 62 223 223
4 4 4 4 4 4 4 4 4 4 4 4 4 4 4 4 4 4 4 4
223 27 186 176 176 131 82 100 86 41 131 176 27 223 176 41 176 223 119
186 64 176 27 176 27 176 27 33 27 27 27 176
176 176 77 77 203 86 77 77 86 176 176 77 77 112 77
223 223 223 223 223 223 176 89 176 223 223 176 176 176 223 223 223 223
112 52 52 52 52 137 52 87 87 87 52 52 112 52 87 52 87
176 223 131 27 82 119 176 41 69 176 131 41 82 27 176 176 131 223 223 176 131
236 208 27 217 208 212 82 217 27 27 236 208 208 208 27 64 208 208 211 212 208 208 208 208
52 152 152 52 152 52 152 152 52 52 152 52 152 152 52 152 152 152 152 181 152 52
131 27 52 131 27 27 131 121 131 223 52 131 131 52 176 223 223 131 176 223 131 27 223 223
223 223 86 223 223 155 223 131 223 223 13 57 223 155 131 223
120 77 77 52 120 120 77 120 77 120 52 52 120
176 121 106 106 106 106 176 106 106 176 106 176 106 106 176 106
223 33 176 27 223 186 75 176 27 176 176 176 27 176 223 223 176 75 176 176 122 27
89 52 223 89 52 223 89 89 223 52 52 52
176 121 52 121 212 176 223 52 51 121 123 121 186 121 5 52 176 52 87 106 106 87 123 121 52 52 33 121 121 52 121 176 52 52 223 224 52
121 121 121 121 121 121 121 121 121 121 121 121
223 13 37 223 77 77 27 77 27 27 27 223
121 121 106 106 106 106 121 174 121 106 106 121 121 106 121 121 106 106 121 106 121 121
27 176 176 27 176 92 176 176 27 176 176 27 27 176 27 176 176 27
131 176 131 131 131 131 176 33 131 176 131 176 176 131
223 233 176 223 186 45 176 223 176 223 176 223
121 121 121 121 121 121 121 121 121 121 121 121
121 121 121 122 154 223 121 176 176 121 176 223 223 176 121 121 121 121 223 176 233 121 223
201 193 193 193 193 193 176 193 193 193 193 193 193 193 176 193 193 176 176 176 193 193
27 27 27 119 27 176 176 186 27 27 27 176 176 27 27 27 27 27 27 33
4 4 4 4 4 4 4 4 4 4 4 4 4 4 4 4 4 4 4 4
121 121 121 121 121 121 121 121 121 121 121 121
176 176 176 176 176 36 176 176 62 176 176 62 62 176
131 62 131 176 62 176 131 20 176 176 131 176 62
223 176 62 223 223 62 223 62 176 176 223 52 223 176 176
52 223 52 223 52 52 97 223 223 97 52 97 52
186 131 176 62 176 176 131 176 77 62 131 176 131 131 62 176 176 176 143 176 131 131
176 131 131 131 20 62 176 62 176 62 176 176 131
223 176 131 223 223 176 176 223 223 176 223 124 223 223 194 176 223 176 165 131 223 131 176 223 223 194 176
223 131 131 131 223 223 223 223 131 131 131 51 131 223 131
223 41 176 223 176 223 223 176 176 223 223 176
176 176 36 176 176 62 62 176 176 176 176 62 176 176
131 131 176 62 131 176 62 62 62 176 62 176 176 62 131 33
65 65 65 65 65 65 65 65 65 65 65 65 65 65 65 65 65 65 65 65 65 65 65 65 65 65 65
131 176 62 213 176 131 131 131 148 223 131 223 223 131 223 62 176 131 223 223 165 176 203 131 131 176 223 223 94 223 176 223 176 131 176 131 223 223
223 62 223 62 223 62 62 62 62 51 223 62 62 62 62 223 62 62 223
65 176 223 65 65 176 65 176 65 131 65 176 223 65 65 65 65 65 65 81 176 65 176 65 65 223 223 176 65 65 65 65 65 131 223 65 143 62 223 131 176 65 65 62 65 66 62 65 176 176
121 121 121 121 121 121 121 121 121 121 121 121
164 164 164 164 164 164 164 164 164 164 164 164 164 164 164
131 131 131 176 131 62 131 131 131 131 176 131 176 59 62 176 62 131 131 176 131
27 223 13 223 223 223 36 36 62 223 176 27 223 223 94 223 27 223 223 223 176 223 176 176 176 176 27 176 223 223 176 33 223 223 166 176 223 176 62
131 176 62 20 176 62 176 176 131 62 131 176 131
131 131 131 131 62 131 62 131 131 131 62 223
176 176 223 176 176 176 176 176 176 176 107 176 223 176 176 176 176 233 223 223 186 223
223 62 62 223 223 62 176 223 223 131 176 223 62 176 131 176 223 223 223 223 62 176 131 62 223 131 223 118
27 27 33 27 131 33 27 131 27 27 113 27 27 27 131 27 131 27 27
90 90 90 90 90 90 90 90 90 90 90 90 90 90 90 90 90 90 90 90 90 90 90 90 90 90 90 90 90 90
164 164 164 164 164 164 164 164 164 164 164 164 164 164 164
176 223 176 131 223 223 131 223 233 176 223 59 176 131 223
176 176 223 223 233 176 59 223 176 223 131 223 131 223 131
27 223 223 27 176 59 176 223 27 223 27 223 223 133 176 223 186 223 176 27 223 223 27 27
27 51 27 27 131 27 27 131 131 27 27 131
62 131 131 36 176 62 62 62 62 131 62 176 176 143 186 176
223 176 223 176 41 223 223 176 223 176 176 223
27 176 176 27 27 59 27 27 176 27 176 59
176 176 223 176 223 176 176 223 41 223 223 223
77 77 77 114 77 223 223 77 223 114 77 77 223 114
137 137 137 137 137 137 137 137 137 137 137 137 137
27 27 62 27 27 51 62 62 27 27 27 62 62 62
77 27 27 27 77 123 27 77 77 77 27 123 77 77 77 27
131 176 131 131 176 131 33 131 233 131 176 131 176
223 51 51 51 131 131 223 223 223 131 223 69 223 131
90 90 90 90 90 90 90 90 90 90 90 90 90 90 90 90 90 90 90 90 90 90 90 90 90 90 90 90 90 90
176 176 176 176 189 176 176 176 176 176 27 176 189
176 176 131 176 62 62 131 176 176 176 62 176 118 176 176 176 176 176 176 176 62 176 176 131 62 176 176 131 176 62 176
52 223 52 223 52 52 97 223 223 97 52 97 52
77 77 77 77 77 131 77 131 77 77 97 77 131 131
223 27 223 27 223 27 27 77 27 223 27 223 27 223
62 176 176 62 131 131 131 33 176 176 62 176 131 62 62 62
77 77 131 77 77 131 131 131 77 77 77 77 77 97
176 223 223 176 223 176 176 223 223 41 176 223
176 176 62 62 233 176 62 176 62 62 176 62
131 62 131 131 176 176 176 176 176 62 176 176 62 176 176 54 131 176
65 65 65 65 65 65 65 65 65 65 65 65 65 65 65 65 65 65 65 65 65 65 65 65 65 65 65
176 176 27 176 27 176 176 27 27 27 27 59 27
176 176 97 176 27 176 27 27 27 33 176 176 176 176 27 27 27
223 176 176 62 176 62 223 223 223 176 223 176 62 223 100 223 223 223 223 223 223
27 27 27 131 131 27 51 131 27 124 27 27 27 27 27 176 27 176 176 27 27 176 176
62 176 176 62 176 176 176 176 176 176 62 36 176 176
186 223 131 223 62 62 86 223 62 176 233 176 176 223 94 62 223 131 223 62 131
90 90 90 90 90 90 90 90 90 90 90 90 90 90 90 90 90 90 90 90 90 90 90 90 90 90 90 90 90 90
23 223 117 176 131 62 62 69 62 62 223 131 223 176 62 176 176 176
223 131 223 223 223 223 223 176 131 223 223 131 176 176 176 223 131 223 176 223 131 223 131 131 131 118
176 65 65 176 65 65 65 65 65 65 70 65 65 65 65 65 65 65 65 176 65 65 65 65 65 65 65 176 65 65 65 176
164 164 164 164 164 164 164 164 164 164 164 164 164 164 164
176 52 52 176 223 52 52 52 176 131 52 131 131 223 52 176 223 176 223 52 126 131 223 223
164 164 164 164 77 77 77 164 77 77 164 198 164 164 164 77 77 77 164 164 164 164 77 164
223 223 223 223 223 223 223 223 223 223 223 57 223
62 131 131 131 131 62 131 131 131 223 131 62
52 52 52 131 52 52 73 52 52 52 131 131 131
62 62 62 62 62 62 13 131 62 62 62 62 62 62 62 62 62 62
176 176 27 77 176 27 77 77 77 27 176 77 77 77 176 27 176 176 27 77 176 27 176 176 176 176 77 176 176 171 176 27 176 176 176 176 176
131 52 52 52 52 73 52 52 131 52 52 131 131
131 176 176 131 131 131 33 131 131 131 131 176 176 176
131 27 131 27 131 27 27 131 131 87 27 131 131 27 131 131 131 131 131 27
176 131 176 45 176 176 131 176 176 131 131 176 176 176 176
176 82 27 131 176 131 27 176 176 27 27 131 131 27 27 27 176
131 131 131 131 131 131 131 131 131 131 131 131 131 131 131 37 131
223 176 223 176 223 176 75 176 176 176 223 176 223 176 176 223 176
27 62 131 27 131 62 27 121 27 131 176 131 131 131 27 131 176 131 131 62 27 62 131 62 176 62 131 131 176 176 27
176 176 176 176 223 176 223 176 223 75 223 176 176 223 223 176 176
223 131 59 176 131 176 223 131 223 223 176 131 223 176 223 176
59 27 176 176 27 27 176 27 27 176 176 27 27
223 223 77 116 223 223 82 223 223 233 77 138 77 223 223 223 223 77 77 77 77
90 90 99 90 90 90 90 90 90 90 90 90 90 90 90 27 90 90 27 90 27 90 90 90 90 99 27 90 90 90 27 90 27 90 90 90
223 27 110 223 194 223 176 27 223 27 27 27 176 110 5 27 176
90 90 90 90 90 90 90 90 90 90 90 90 90 90 90 90 90 90 90 90 90 90 90 90 90 90 90 90 90 90
106 106 131 106 106 131 116 106 131 106 106 131 106 106 106
131 62 176 131 52 62 131 176 131 131 176 62 131 62 62 176 62 176 131 131
121 121 121 121 121 121 121 121 121 121 121 121
176 62 62 176 62 131 176 131 131 20 176 176 131
176 176 137 223 176 213 176 62 176 176 223 94 176 62 62 194 176 223 176 194 176 176 189 176 94 223 29 223 176 176 176 223 176 62 176
87 77 77 77 77 87 77 165 62 62 189 87 189 77 100
223 176 62 176 223 62 223 176 176 176 223 223 62 223 52
223 223 223 223 223 223 223 77 223 223 131 223 131 131 223 131 223
65 131 65 52 65 65 65 65 65 65 73 65 65 65 65 66 65 52 52 52 65 65 65 65 65 65 65 62 52 131 65 62 65 65 65 78 52 65 176 52
73 176 27 27 27 62 176 27 62 27 176 27 176 62 27 176
121 121 121 121 121 121 121 121 121 121 121 121
131 131 77 27 134 123 131 27 123 77 97 123 97 131 27 77 27 123
223 223 176 176 223 223 176 176 41 223 223 176
131 131 131 27 143 33 27 131 27 131 73 27 131 131 27 27
176 176 131 131 131 176 176 131 64 176 176 176 131 176 131 176 131 176 131
223 223 223 223 223 223 223 223 223 223 223 223 57
65 65 65 65 65 131 65 65 65 65 65 65 65 65 65 65 131 131 65 68 65 65 65 65 65 65 65 65 65 65 131
20 131 131 176 62 176 131 131 176 176 62 62 176
27 27 176 27 59 176 27 27 27 176 176 176 27
157 121 52 121 121 121 52 52 52 121 121 52 52 121 121 52 121 121 52 121
176 223 41 223 223 223 223 176 223 176 176 176
131 131 131 131 131 131 131 13 131 131 131 131 131
131 131 131 131 131 13 131 131 131 131 131 131 131
41 223 223 223 223 223 176 176 176 223 176 176
131 223 27 27 131 27 27 27 223 223 223 131 131 27 223 223 27 97
223 223 131 62 131 62 37 62 131 223 223 223 223 131
131 223 131 131 62 176 62 62 62 176 62 223 62 223 176 89 223 62 176 62 176 223 131 223 62
223 131 223 27 223 223 62 62 62 223 62 223
73 131 131 62 176 131 62 62 176 62 62 131 62 131 176 131 131 176 131 131 176 131 131 131
176 27 123 186 27 82 77 27 77 176 27 139 27 27 77 176 77 77 176 77 77
77 77 77 77 116 77 223 223 77 223 77 223 77 223 77 223
90 90 90 90 90 90 90 90 90 90 90 90 90 90 90 90 90 90 90 90 90 90 90 90 90 90 90 90 90 90
176 131 176 176 176 131 176 176 176 176 62 131 176 54 62 176 131 62
41 176 223 131 223 176 131 223 131 223 131 59 176 223 176
62 62 62 223 223 62 223 27 223 62 223 223 62
65 65 65 65 65 65 65 65 65 65 65 65 65 65 65 65 65 65 65 65 65 65 65 65 65 65 65
131 223 223 131 131 131 223 223 113 131 131 223 223 59 131 131 223 143 223 131 131 223 131 223
131 131 131 131 131 131 223 62 62 131 62 131
189 131 165 131 131 165 131 131 189 131 165 233
87 27 77 97 62 77 27 77 54 77 77 117 123 77 123 87 27 178 62 62 77 62 97 130 123 87 77 77
62 62 131 131 131 223 131 131 131 131 131 62
223 176 223 223 223 176 176 41 223 176 176 223
223 223 223 223 27 27 27 75 27 27 75 75
176 176 176 45 176 131 131 45 131 176 176 176 176
90 90 90 90 90 90 90 90 90 90 90 90 90 90 90 90 90 90 90 90 90 90 90 90 90 90 90 90 90 90
176 176 176 176 223 62 223 176 62 223 176 176 223 62 176 223 223 176 176 86
131 131 131 131 131 131 131 13 131 131 131 131 131
45 176 186 223 176 233 176 176 223 223 223 223
131 27 131 131 51 27 27 27 131 27 27 27
137 137 137 137 137 137 137 137 137 137 137 137 137
176 176 176 62 131 223 52 62 62 27 62 52 62 176 176 131 176 27 131 52 176 233 62 52 52 131 176 52 223 176 27 27 52 180 27 233 52 223 143 27 131 143 176 223 131 36
223 131 131 131 223 77 223 223 223 223 223 223 223 223 131 223 223
65 65 65 65 65 65 65 65 65 65 65 65 65 65 65 65 65 65 65 65 65 65 65 65 65 65 65
189 176 131 131 189 176 5 131 176 131 176 176
233 82 131 131 223 131 223 223 233 223 223 223 131 223 223 223 223
131 131 27 27 131 106 131 27 194 27 165 176 27 176 176 131 131 27 131 194 27
90 90 90 64 90 176 27 27 90 90 90 90 90 90 90 90 27 27 27 90 90 90 103 90 90 90 90 90 176 176 90 90 90 36 90 90 194 90 90 90 90
52 176 131 176 176 131 131 131 131 176 131 131 131 131 131 131 176 131
176 27 27 176 27 131 131 131 176 131 131 176 176 131 176 27 176 176 27 131 176 131 131 131 131 126 27 131 176 27
223 176 223 176 176 223 41 176 176 223 223 223
176 62 27 131 27 194 33 27 176 131 176 27 77 177 186 62 62 123 82 176 62 27 176 131 77 176 27 176 176 176 77 62 77 176 62 77 233 77 77
27 27 131 131 176 176 127 223 131 51 27 176 223 36 176 131 27 176 131 223 223 223 36 131 37
186 131 131 176 131 36 131 143 131 176 176 131 176 131
27 27 27 27 123 223 27 27 123 223 27 223 27 223 223 27 27 27 27
65 90 90 90 145 90 90 65 90 90 65 90 90 90 65 65 90 65 65 90 65 65 65 65 65 90 145 65 65 90 90 90 65 90 65 90 65 90 65 65 90 90 90 65 65 90 65 90 65 90 65 90 90 65 90
176 131 186 176 143 131 176 131 36 131 176 131 131 131
65 65 65 65 65 65 65 65 65 65 65 65 65 65 65 65 65 65 65 65 65 65 65 65 65 65 65
223 223 131 131 131 51 223 131 131 194 131 223 223 223
64 176 176 131 131 131 131 176 176 176 176 131 176 176 176 131 176 131 131
52 52 52 52 97 176 62 52 176 52 52 176 52 94 186 62 176
176 131 176 176 131 62 176 62 131 20 176 131 62
33 131 131 176 131 131 176 131 176 176 131 176 131 131
223 223 52 100 52 52 52 52 223 52 223 223 52 52 223
223 223 27 27 223 223 223 131 223 131 223 223 77 223 223
223 223 223 223 223 57 223 223 57 223 223 223
73 52 131 52 52 52 131 131 131 52 52 52 52
143 27 27 131 176 186 176 27 131 86 131 27 176 27 27 176 27
65 65 65 65 65 65 65 65 65 65 65 65 65 65 65 65 65 65 65 65 65 65 65 65 65 65 65
131 176 176 176 27 57 176 176 176 131 143 176 176 57 57 176 33 131 233 57 143 131 223 27 176 148 176 176 176 131 131 194 176
113 52 131 52 223 52 52 223 131 52 131 223 52 223 52 223 27 52
176 52 52 52 87 54 176 52 186 52 176 176 52 52
176 176 176 176 223 54 223 176 176 176 23 223 176 176 152 176 176 223 176 176 176 176 176 37 176 86 223 223 176 223 176 176 176
223 223 20 176 223 223 20 223 176 73 223 176 176 176 176
233 176 176 223 186 223 223 176 176 223 176 176 223 223 223 223 176 223 223 176 223 175 176 176 223 223 176 223 223 223 223 176 176 41 176 223 223 223 176 41 176 176 223
131 131 27 27 27 27 131 131 27 27 27 51
62 62 62 62 94 94 62 62 62 131 131 62 62 62 62 94 131 62 62 62 94 131 189 62 62 62 62 189 77 62 62 62 62 62
131 165 131 36 62 176 131 27 27 131 223 223 176 131 27 223 27 27 36 176 62 131 131 131 131 131 140 176 223 223 131 62 176 223
65 65 65 65 65 65 65 65 65 65 65 65 65 65 65 65 65 65 65 65 65 65 65 65 65 65 65
223 62 176 176 62 223 176 176 62 223 176 52 223 223 223
223 176 13 223 62 176 27 223 62 27 158 20 176 223 27 176 27 13 54 176 223 223 223 176 62 223 176 194 36 62 94 27 176 176 62 13
176 118 223 131 223 27 223 223 27 131 233 59 131 176 27 223 176 27 223 27 27
223 223 75 223 223 27 27 75 27 27 75 27
223 27 223 27 27 77 77 77 27 223 144 77 77 77 77 27 223 27 223 223 77 27 77
176 223 223 62 223 131 131 75 176 94 143 62 223 131 176 176 223 176 223
137 137 137 137 137 137 137 137 137 137 137 137 137
62 97 77 77 77 77 62 77 77 62 62 77 77 62 77 62
77 77 62 27 223 77 27 62 77 223 77 223 62 27 62 223 223 223 223 223 223 27 223 62 77 77 62 77 223 27 77 223 27 27 167
86 176 176 52 52 176 52 176 176 52 52 52 52 52
176 176 176 176 176 176 176 176 176 176 57 176 176 176 176 176
69 131 131 131 223 131 131 131 131 223 223 131 131 131 131 223 131 223 223
223 223 223 223 223 223 223 223 57 223 223 223 223
27 223 223 27 223 223 77 223 27 27 27 27 223 27
62 223 131 131 62 131 131 62 131 131 131 131
223 223 223 62 223 223 62 223 112 223 223 223 223 62 223 223 223 223 223 223 223 223
176 59 131 62 62 27 62 27 176 89 176 131 27 176 27 131 131 27 27
176 176 223 223 223 131 223 59 223 223 233 176 131 176 131
176 86 176 62 176 223 223 176 176 223 176 223 223 176 176 223 62 176 176 62
223 77 77 223 77 223 77 116 77 77 77 223 77 223 77 223
27 176 194 27 176 176 27 64 64 27 27 36
223 131 223 131 223 223 131 51 131 131 131 131 223 223 131
52 144 131 52 131 52 176 176 176 52 52 52 52 52 52 131 52 52 52 52 176 52 176 131 52 52
45 176 223 186 176 223 176 223 223 223 233 176
233 62 62 223 223 223 223 94 33 62 62 62 223
138 137 176 176 131 137 131 176 176 131 176 176 176 176 137 176 176 143 176 137 131 62 131 131 193 62 137 62 137 186 176 131 137 131 176 137 138 176 143 131 131 137 138
36 176 176 176 62 176 176 176 62 62 176 176 176 176
62 62 176 176 131 131 176 62 131 33 176 62 62 131 62 176
223 176 136 176 203 223 131 27 176 131 223 27 27 223 176 176 176 27 203 176 27 176 27 131 223 131 223 62 27
77 62 130 123 117 130 27 123 77 97 27 97 27 77 123 36
90 90 90 90 90 90 90 90 90 90 90 90 90 90 90 90 90 90 90 90 90 90 90 90 90 90 90 90 90 90
137 137 137 137 137 137 137 137 137 137 137 137 137
176 186 57 131 176 62 176 176 131 131 176 62 186 176 62 131 176 176
176 176 176 176 45 176 176 131 131 176 131 176 176 131 176
90 90 90 90 176 90 90 90 90 90 90 90 62 90 90 90 90 90 176 90 62 90 90 90 90 90 95 90 90 90 62 90 90 90 176 176 176 90
164 164 164 164 164 164 164 164 164 164 164 164 164 164 164
27 27 27 131 27 27 27 131 131 51 27 131
62 176 176 176 131 131 20 176 131 176 62 62 131
131 176 176 176 176 62 176 62 176 131 176 62 176 176 176 62 131 176 176 176 176 62 62 97 176 131
176 131 176 62 131 131 62 62 176 131 33 176 62 62 176 62
90 90 223 90 90 90 90 90 90 90 90 223 90 90 90 90 96 90 90 90 90 90 223 90 90 90 90 90 90 223 223 90 223 90 90 90
27 27 97 27 27 27 27 97 27 27 27 27 27 27
176 27 131 131 176 27 176 27 131 176 176 131 131 131 176 27 27 131 176 131 176 27 176 176 119 27
77 77 77 176 176 77 77 176 77 176 77 77 107 77 176
62 62 131 97 62 223 62 223 62 223 131 223 223 131 131 223 62 223 223 223 223 223 223
176 62 176 62 176 176 223 189 189 62 189 189 176
176 113 27 13 176 223 27 194 194 27 223 223 27 233 27 27 27 223 186
131 131 51 131 131 27 27 27 27 27 27 27
54 223 223 223 176 223 176 223 223 87 223 223 87 176 176
27 51 27 131 131 131 27 27 27 27 27 131
176 5 131 223 165 62 176 106 5 176 223 131 131 223 176 131 176 131 223 62 62 131 62 62 62 131
131 62 27 62 27 27 62 131 73 33 27 62 62 131 27 94 131 27
27 223 27 110 223 194 223 27 223 27 27 110 176 176 5 27 176
176 176 27 176 27 176 27 27 27 176 59 27 27
65 65 65 65 65 65 65 65 65 65 65 65 65 65 65 65 65 65 65 65 65 62 62 65 62 65 67 65 65 65
189 176 27 176 189 176 27 27 27 64 176 176 27 27 27
131 131 176 176 176 176 45 176 176 131 176 176 176 176 131
27 27 27 27 27 27 27 27 97 27 27 27 27 27 27
223 176 131 176 223 131 110 176 131 131 223 131 131 223 223 131 176 176 176 176 176 176 223 176 131
176 176 131 62 131 131 20 62 62 176 176 131 176
27 223 223 27 27 27 223 223 223 223 131 27 223 223 123 223 131 27 131 223 223 223 27 131
27 13 27 176 77 176 13 77 27 157 77 77 27 157 87 176 27 223 176 77 223 118 27 87
176 176 176 176 62 27 131 131 176 27 176 27 131 62 131 27 27 176 176 176 62 176 114 27 27
223 223 131 194 223 131 223 131 131 223 223 131 131 51
62 104 62 62 33 223 223 27 223 94 233 62 223 27 27 27 27 223 62 33
27 27 27 27 27 27 27 27 27 27 223 223 27 223 27 223 123 223 27 27 223
45 62 176 62 62 62 176 176 176 176 176 62 176 62 176 176 176
33 176 131 131 131 131 176 176 131 176 131 131 131 176
137 137 137 137 137 137 137 137 137 137 137 137 137
77 77 77 77 176 176 176 176 77 77 107 77 176 77 77
107 223 176 176 223 176 176 176 223 223 176 176 223 176 176 223 186 176 176 176 176 186
90 90 90 90 90 90 90 90 90 27 90 90 102 90 176 90 90 90 90 90 176 27 90 27 90 90 90 27 90 176 27 27 90 90 90 27 176 90 90 90 90 176
131 176 176 176 131 176 176 176 176 176 176 45 131 176 131
90 90 90 90 90 90 90 90 90 90 90 90 90 90 90 90 90 90 90 90 90 90 90 90 90 90 90 90 90 90
223 223 223 223 131 77 223 223 54 233 223 131 131 54 143
90 90 90 90 90 90 176 90 90 90 90 90 223 176 176 90 90 90 90 90 223 176 176 176 223 176 105 90 90 90 223 223 90 90 176 90 176 223 90 90 176 176 176 176 176 90 90 90 90 90 176
176 33 131 176 131 131 176 176 131 131 131 131 131 176
131 131 27 131 27 27 27 27 51 27 131 27
27 176 27 176 33 27 27 27 176 176 176 176 186 176 27 176 100 194
77 77 233 223 223 131 52 77 52 223 52 77 176 131 131 77 223 52 176 131 131 223 223 223 223 52 131 176 52 186 223 131 77 223 223 131 223 131 233 226 223 77 223 223 77 223 131 223 131 77 52 186 233 52 131 223 233 223 223
131 176 131 176 131 131 36 189 176 176 131 176 131 131 131 189
176 176 62 62 176 62 62 176 62 62 176 233
27 176 176 27 27 59 27 27 176 27 176 59
62 176 33 176 62 62 131 131 62 194 176 176 131 176
62 62 176 131 143 176 176 176 176 176 176 176 186 176 131 131 57 62
27 51 27 27 27 27 131 27 27 131 131 131
62 131 131 131 131 131 62 62 27 131 131 131 131 131 131 131
131 77 77 94 77 77 62 131 131 131 131 77 130 77 77 77 131 62 62 77 131 131 131 94 131 131 62 131
223 223 223 131 131 223 131 131 131 131 131 131 223 223 51
131 131 176 186 131 176 131 131 131 36 143 176 176 131
131 131 131 131 233 131 82 131 62 131 131 176 131 62 62 131 176 176 176 131 131 131 131 131
223 223 189 62 223 62 223 176 62 176 54 176 176 189 223 176 223
176 223 223 176 176 176 131 176 131 176 131 223 131 223 176 176 223 176 176 92 223
77 77 114 77 223 223 77 77 223 114 77 77 223 114
106 106 106 106 52 106 106 52 52 52 106 106 146 52 52 52 146 106
223 52 62 62 223 176 176 176 176 223 223 62 223 176 223
233 156 223 137 137 137 223 137 137 137 138 223 137 137 223 137 137 223 137
62 176 62 62 176 20 176 131 131 176 131 131 176
131 62 131 131 131 62 62 131 131 62 13 62 62 131 131
106 106 176 176 106 106 106 106 176 176 121 106 106 176 106 106
52 131 27 27 131 27 27 189 27 27 27 189 131 131
27 27 77 27 27 27 27 123 123 27 152 77 97 27 27 123 97 27 77 27 123
223 131 131 176 223 131 176 223 176 223 176 176 59 131 223 223
90 90 90 90 90 90 90 90 90 90 90 90 176 90 176 176 90 90 90 194 90 90 101 90 101 90 90 176 90 90 176 176 194 90 176 176 90 90 20 90 90
33 176 176 176 27 176 176 27 97 176 176 27 27 27 186 176 176 27
65 27 131 65 65 65 65 65 65 65 131 65 65 65 65 65 65 27 65 65 131 65 65 65 27 65 65 65 27 27 65 131 65 27 65 65 76 27
90 90 90 90 90 90 90 90 90 90 90 90 90 90 90 90 90 90 90 90 90 90 90 90 90 90 90 90 90 90
164 164 164 164 52 52 164 52 164 191 164 164 164 164 164 52 52 191 191 52 164
77 77 77 77 77 77 77 77 77 77 77 144 77 77 77 77 77 77 77
223 27 131 136 27 36 27 223 223 27 36 37 27 27 27 223 131 223 27 27 131 223 131 27 27
131 176 131 131 176 176 176 143 131 176 131 143 36 131
176 189 176 131 176 189 176 131 131 5 176 131
176 27 59 176 27 27 176 176 27 27 176 27 27
223 223 223 186 62 176 176 223 223 62 223 223 176 20 223 194 194 62 176 223 176 223 122 176 223 176
176 62 176 176 176 176 62 36 176 176 176 176 176 62
223 223 52 52 113 223 223 131 52 223 52 52 52 52 223 52 131 131 131
186 27 62 27 27 176 176 131 176 176 27 27 176 176 176 131 27 116 62 131 176 176 27 94 131
223 223 223 223 176 131 176 223 223 223 131 223 223 223 223 223 131 223 130 176 223 176 223 223 223 176 131 223
176 20 176 176 176 176 176 20 176 176 176 176 176 54
87 223 223 223 176 223 176 223 223 87 223 223 54 176 176
77 77 116 77 223 223 223 77 77 223 223 77 77 223 77 77
176 62 223 223 223 176 176 223 223 176 52 62 223 62 176
77 27 27 27 77 27 27 77 77 123 27 123 77 77 77 77
65 65 65 65 65 65 65 65 65 65 65 65 65 65 65 65 65 65 65 65 65 65 65 65 65 65 65
223 223 41 223 176 223 223 223 176 176 176 176
62 176 176 62 62 176 62 176 62 62 176 233
223 223 176 176 176 223 223 223 176 223 223 223 223 223 176 223 89 223
106 106 106 106 106 106 52 52 52 52 106 106 52 146 52 52 146 106
176 27 59 27 59 27 27 27 176 176 176 27
65 65 65 65 65 65 65 65 65 65 65 65 65 65 65 65 65 65 65 65 65 65 65 65 65 65 65
89 176 223 176 62 62 223 176 223 117 223 176 176 176 176 223 223 223 176 176
27 51 27 27 27 131 131 131 27 131 27 27
52 52 52 131 52 52 52 52 73 131 52 131 131
164 164 164 164 164 164 164 164 164 164 164 164 164 164 164
131 131 131 131 131 62 62 27 131 131 131 131 131 62 131 131
27 77 77 27 77 223 223 27 223 144 77 77 144 77 77 27 27 77 27 223 223
65 65 65 65 65 65 65 65 65 65 65 65 65 65 65 65 65 65 65 65 65 65 65 65 65 65 65
52 223 52 52 54 176 120 52 223 176 223 186 52 223 176 223 52 52 223 176
27 223 223 194 223 223 176 176 223 223 223 223 27 223 163 176 194 194 223 223 176 176 27 223 223 233 20 223 27 27 223 27 176 27 176 223
176 27 59 27 59 27 27 27 176 176 176 27
164 164 164 164 164 164 164 164 164 164 164 164 164 164 164
77 77 77 223 223 223 116 223 77 77 77 77 77 77 223 223
131 131 52 131 131 131 131 131 131 176 131 131 176 176 176 131 176 131
223 5 131 165 131 223 131 223 104 131 223 131 223 223 223 223 5 223 131 131 223
223 131 62 131 131 62 131 131 131 131 131 62
131 131 131 131 62 131 131 131 223 62 62 131
27 223 37 223 27 27 131 223 131 36 131 223 27 131 36 233 223 223 131 233 36 131 131 223 138 223 223
27 27 131 27 33 52 27 131 131 27 143 27
176 223 223 223 223 176 176 176 223 41 176 223
65 223 65 65 65 65 223 65 65 65 65 65 65 65 65 65 65 223 65 65 65 65 65 65 223 65 65 223 65 223 72 65 65
90 90 90 90 90 90 90 90 90 90 90 90 90 90 90 90 90 90 90 90 90 90 90 90 90 90 90 90 90 90
176 176 92 176 27 176 27 176 176 176 27 27 176 27 27 176 176 27
27 27 27 131 51 27 131 131 27 131 27 27
176 176 176 176 131 176 131 131 131 176 131 131 64 176 131 176 176 131 176
223 176 176 176 223 131 223 176 223 131 176 131 131 131 176 176 131 131 176 223 176 110 176 131 223
176 176 176 176 176 176 176 176 176 176 176 176 57 176 176 176
77 77 77 131 77 77 131 77 131 131 131 77 116 62 62 77 77 131 131 62 131
176 62 176 131 176 223 62 223 176 131 62 223 176 176 62 176 137 176 131 131 176 176 62 223 62 223 62 176 131 176 62 131 176 176 223 176 62 131 131
223 94 223 62 131 131 131 131 62 131 223 131 73 62 62 223 94 131 223 131 223
27 27 27 124 223 27 223 36 223 124 27 27 36 27 223 223 27 27 27
131 131 131 131 62 131 131 27 131 62 131 131 131 131 131 62
90 90 90 90 90 90 90 90 90 90 90 90 90 90 90 90 90 90 90 90 90 90 90 90 90 90 90 90 90 90
90 90 90 90 90 90 90 90 90 90 90 90 90 90 90 90 90 90 90 90 90 90 90 90 90 90 90 90 90 90
62 176 62 62 176 176 62 233 176 62 176 62
77 77 118 77 176 77 77 176 131 176 176 77 77 176 131 131 77 77 131
186 176 176 45 176 233 223 223 223 176 223 223
27 27 27 27 27 97 27 27 27 27 27 27 27 27 27
164 164 164 164 164 164 164 164 164 164 164 164 164 164 164
27 131 176 62 176 131 27 27 131 131 27 62 27 176 27 107 131 176 131 27 131 176 62 131
194 27 131 27 131 131 223 165 176 27 194 223 223 131 223 223 27 223 223 223 131 176 27 223 27 223 131 148 176 223 27 223 131
27 27 97 27 27 27 27 97 27 27 27 27 27 27
176 223 41 223 223 176 223 223 176 176 176 223
137 137 137 137 137 137 137 137 137 137 137 137 137
176 176 176 176 176 176 52 176 52 176 176 176 52 52 52 52 52 52 124 176 176 176 176 176
27 223 138 176 223 57 57 176 194 27 176 27 223 176 223 223 176 57 176 233 186 57 176 223 223 176
176 37 176 176 86 223 223 223 223 54 223 223 223 86
176 176 131 131 176 131 62 20 176 176 131 62 62
27 176 27 176 176 186 106 176 62 27 27 176 176 62 176 33 27 27 62 176 176
65 65 65 65 65 65 65 65 65 65 65 65 65 65 65 65 65 65 65 65 65 65 65 65 65 65 65
90 90 90 90 90 90 90 90 90 90 90 90 90 90 90 90 90 90 90 90 90 90 90 90 90 90 90 90 90 90
223 194 176 223 176 223 203 223 223 131 176 176 131 194 176 113 131 176 131 223 131 176 131 131 131
176 33 131 131 176 131 176 131 176 131 131 176 131 131
176 54 176 176 176 176 176 20 176 176 176 176 176 20
176 176 131 27 27 176 176 131 176 123 131 176 176 176 27 176 27 176 131 176 176 27 27 176 176 27 176
223 176 176 176 223 223 41 223 223 176 176 223
176 131 176 223 223 131 223 59 223 223 176 131 131 176 176 223
176 223 131 223 176 223 131 59 223 176 223 176 176 223 131 131
176 194 27 27 36 27 27 176 119 27 27 27 27 27 27 27 119 176
176 176 176 176 176 62 176 23 176 176 176 176 62 100 176 176 176 62 176 176 176 176 176
62 27 223 27 176 27 176 27 113 62 27 176 223 223 176 223 223 27 27 223 176 62
223 223 223 223 41 223 176 176 176 176 176 223
27 131 27 194 57 223 62 27 131 57 62 131 62 97 57 223 62 57
131 223 62 131 223 223 223 62 131 131 37 223 223 62
77 166 223 223 77 223 77 5 194 223 166 54 223 77 223 176 77 77 223 223 77 223 223 223 5 77 194 176
164 164 164 164 164 164 164 164 164 164 164 164 164 164 164
223 176 176 176 223 233 223 176 62 176 62 176 176 176 176 87 223 62 186 223
131 65 131 65 131 65 65 65 131 65 131 65 65 131 65 65 65 71 65 65 65 65 131 65 65 65 65 65 65 131 65 65 65 65 65
176 176 176 131 27 131 131 131 27 176 27 131 131 100 27 27 131 27 27 233
97 176 176 176 176 176 131 176 176 131 131 176 176 176 131 176 176 131 131 176 176 176 131 131
223 176 176 223 176 223 176 223 176 176 176 176 176 121 176 176 176 176 176 176 223 223 176 176 176 176 176
176 131 176 176 176 176 176 45 176 131 131 176 131 176 176
233 176 176 176 176 62 62 176 62 62 62 62
27 176 194 27 176 176 27 64 64 27 27 36
176 176 189 62 5 176 62 94 62 176 62 176 62
77 166 223 223 77 223 77 5 194 223 166 54 223 77 223 176 77 77 223 223 77 223 223 223 5 77 194 176
186 176 27 131 27 131 27 86 176 27 176 131 131 33 27 27 176
62 62 27 62 27 27 62 27 27 27 51 27 62 62
176 131 131 33 131 176 176 131 131 176 131 176 131 131
223 223 41 223 223 176 223 176 176 176 223 176
176 131 176 131 131 189 176 5 176 176 131 189
131 77 176 131 176 176 52 176 131 176 77 196 143 77 77 131 52 52 52 176 176 176 131 176 131 77 186 176 77 176 77 176 52 143 77 143 176 176 176 131 73 176 176 52 131 176 52 176 77
62 223 131 94 131 77 176 165 131 117 131 178 155 223 82 116 223 223 176 62 62 117 223 223 223 155 223 77 62 62 77 176 186 20 223 176 223 77 131 62 77 77 77
191 164 164 164 52 52 164 52 164 164 164 164 164 164 164 52 52 191 191 52 164
131 54 176 176 176 62 131 131 176 176 176 176 131 176 62 62 176 176
77 123 123 123 27 123 77 97 27 97 27 77 123 27
176 131 176 131 176 33 176 131 131 176 131 131 131 131
176 131 223 59 223 223 176 131 223 176 131 131 223 176 223 176
223 62 176 223 131 176 62 62 119 176 131 223 176 62 176 62 176 131 176 223 176 223 131 176 131 131 131 176 131 62 223
233 27 223 140 27 176 223 176 194 33 176 27 233 223 176 186 176 223 176 27 176 27 176 176 176 176 176 176 27
27 131 27 223 27 27 27 131 223 27 27 131 223 131 62 62 106 62 223 223 223
223 223 223 223 223 57 223 223 223 223 223 223 223
223 176 176 176 223 165 233 176 176 5 131 5 143 223 131 73
90 90 90 90 90 90 90 90 90 90 90 90 90 90 90 90 90 90 90 90 90 90 90 90 90 90 90 90 90 90
131 131 131 62 131 131 62 131 131 131 131 94 62 131 131 62 52 62 62 62 131 94
90 90 90 90 90 90 90 90 90 90 93 90 131 90 90 90 90 90 90 90 90 90 90 90 90 90 90 90 131 90 131 131 90 90
65 65 65 65 65 65 65 65 65 65 65 65 65 65 65 65 65 65 65 65 65 65 65 65 65 65 65
223 77 223 223 223 77 138 77 77 77 77 223 223 223 77 223 233 233 223 77 223 77
27 131 131 27 27 131 27 27 27 131 27 51
82 223 223 131 233 223 233 131 223 131 223 131 223 223 223 223 223
90 90 90 90 90 90 90 90 90 90 90 90 90 90 90 90 90 90 90 90 90 90 90 90 90 90 90 90 90 90
176 223 176 131 223 131 176 176 73 131 62 223 223 223 223 176 62 62 131
223 13 77 77 77 87 223 118 77 13 118 118 77 87
62 62 176 62 62 233 176 176 176 176 62 62
41 176 223 176 176 223 223 176 223 223 223 176
223 131 223 62 62 223 223 131 131 131 223 37 62 223
110 176 27 176 27 176 27 176 27 131 176 131 176 131 27 27 176 176 27 176 176 131
27 131 62 87 27 62 62 27 62 62 62 27 131 62 62 62 27 62 131 27 62 131 62 27
131 223 131 110 131 131 131 131 223 131 131 62 131 131 131 223 131 62 131 5 62 223 223 223 131 131 186
131 223 223 223 131 131 223 62 131 62 223 131 62 223 131 131 57 131
176 27 27 27 27 27 27 176 176 176 59 27 176
27 131 131 131 131 27 27 27 27 27 51 27
137 137 137 137 137 137 137 137 137 137 137 137 137
121 121 121 121 121 121 121 121 121 121 121 121
131 176 131 176 131 131 131 62 131 131 176 20 176 41 62
223 176 223 176 176 223 176 223 176 233 176 223 186 176 41 176 176 223 176 176 223 176 223 142 23 176 176 223 176 176 223
223 223 59 223 223 223 233 223 223 223 223 223 233
131 52 176 52 131 52 176 131 52 176 52 131 176 52 131 131 131 176 52 52 114 131
27 27 27 124 223 27 223 36 223 124 27 27 36 27 223 223 27 27 27
176 223 223 176 223 176 223 62 176 176 62 223 52 223 62
131 176 131 131 131 62 62 131 62 176 41 131 176 131 131 176 176
223 27 77 27 27 223 27 27 27 223 223 223 27 223
131 131 131 131 131 33 176 131 176 176 176 131 176 131
176 176 131 131 73 131 131 131 131 131 131 131 13 176 131 176 131 176 131 131
223 223 223 223 223 57 223 223 57 223 223 223
52 223 52 223 52 52 97 223 223 97 52 97 52
131 131 176 176 13 176 131 131 131 52 131 131 176 176 131 131
176 194 27 27 36 27 27 176 119 27 27 27 27 27 27 27 119 176
57 27 62 131 27 27 27 27 131 27 27 131 62 62 131
62 131 27 62 62 27 62 27 69 62 131 131 27 27 27 27 62 131
131 62 176 131 27 176 176 186 27 131 143 131 27 176 131 143 27 131 131 94 131 62 27 176 62 194 27 131 94 186 176 62 131 27 140 176
77 77 77 77 77 77 131 131 131 77 97 77 77 131
27 27 223 223 27 223 27 27 77 27 223 223 223 27
121 121 121 121 121 121 121 121 121 121 121 121
137 137 137 137 137 137 137 137 137 137 137 137 137
27 62 27 27 62 131 62 62 27 27 51 27 27
131 223 223 223 131 62 131 62 62 176 223 223 176 176 223 131 176 73 176
121 121 121 121 121 121 121 121 121 121 121 121
121 121 121 121 121 121 121 121 121 121 121 121
62 176 131 20 131 62 62 131 131 176 176 176 176
131 176 131 131 176 131 131 176 131 176 176 131 131 176 186 131 131 176 131 186 176 131 176 100 176
176 62 131 27 186 176 176 176 27 176 27 131 176 176 27 176 27 176 27 27 176 176 176 143 176 131 62 176 130 62
121 223 121 223 121 121 121 223 223 121 121 121 121 223 223 141 121 121
176 147 131 131 27 27 176 176 131 27 27 51 176 176 27 27 176 27 176 131 27 27 176 131 131 27 27 176 27 176 27 131
164 164 164 164 164 164 164 164 164 164 164 164 164 164 164
27 176 176 64 176 176 27 33 27 186 27 27 27
223 223 223 223 131 223 131 118 223 223 223 223 223 223 223 223 131 143 223 223 223 223 233
176 131 176 33 131 131 131 176 131 176 131 176 131 131
223 223 176 176 41 176 223 223 223 223 176 176
90 90 165 90 131 90 90 90 98 90 90 90 131 90 90 176 62 90 90 90 176 131 90 90 176 90 90 62 90 90 90 90 90 90 90 90 176 176 90 90 90
77 77 131 77 77 97 131 131 77 77 77 131 77 77
52 52 176 176 176 176 52 112 176 52 176 52 176 52 52 176 176 52 176
176 223 131 176 176 176 223 92 131 176 223 176 176 131 223 176 176 131 223 223 176
65 65 65 65 65 65 65 65 65 65 65 65 65 65 65 65 65 65 65 65 65 65 65 65 65 65 65
27 27 27 27 123 223 27 27 123 223 27 223 27 223 223 27 27 27 27
90 90 90 90 90 90 90 90 90 90 90 90 176 90 176 176 90 90 90 194 90 90 101 90 101 90 90 176 90 90 176 176 194 90 176 176 90 90 20 90 90
223 176 176 223 131 223 223 223 131 176 223 223 176 131 131 223 176 223 107 223 223 223
97 176 176 176 176 27 33 176 176 176 27 27 27 27 186 176 27 176
137 137 137 137 137 137 137 137 137 137 137 137 137
27 77 77 27 77 223 223 27 223 144 77 77 144 77 77 27 27 77 27 223 223
62 131 62 176 176 176 131 176 131 20 131 176 62
131 176 176 176 131 176 176 176 176 176 131 131 45 176 176
176 27 176 27 176 92 27 176 27 176 176 176 176 27 27 176 176 27
131 176 176 64 176 176 176 176 131 131 131 176 176 176 131 176 131 131 131
223 176 176 223 64 131 131 223 143 131 176 176 223 223 176 233
27 27 27 27 27 97 27 27 27 27 27 27 27 27 27
33 27 57 223 27 57 94 73 57 57 223 62 62
131 131 176 131 62 176 62 131 131 176 176 143 62 131 131 131 131 143 62 131 131 131 62 176 176 97 143
223 27 27 223 77 223 27 223 27 27 223 27 27 223
223 131 131 131 131 176 176 131 223 131 223 82 176 176 223 176 223 131 223 131
131 176 131 176 131 131 131 33 176 176 131 131 131 176
164 164 164 164 164 164 164 164 164 164 164 164 164 164 164
131 52 131 52 52 52 52 52 131 73 52 52 131
65 223 65 65 65 62 223 74 65 65 65 65 65 65 65 223 65 65 65 65 62 65 65 65 223 65 65 65 65 65 189 65 62 65 223 65 189 223
131 131 223 223 223 51 223 223 223 131 131 131 131 131 131
62 223 223 62 62 62 223 223 62 62 223 62 62 223 37 62
65 65 65 65 62 65 62 65 65 65 65 65 65 65 65 62 65 65 62 65 65 68 65 65 65 62 65 65 65 62 65 65 65
27 27 131 131 27 27 51 131 27 27 131 27
33 131 176 176 131 131 176 176 131 131 131 131 131 176
27 69 176 27 27 27 176 194 27 176 37 27 194
223 176 176 223 62 223 62 176 223 176 223 223 126 176 176 223 131 176 223 223 223 131 176 131 176 131 62 176 223 223
131 13 131 131 131 131 131 131 131 194 131 131
131 131 223 62 131 131 62 131 131 131 131 62
176 233 186 62 223 223 176 176 176 131 62 223 62 131 176 131 131 106 223 176 176 223 176 176
131 143 64 62 131 131 176 62 176 131 131 131 131 143 176 176 131 62 131 176 131
27 13 27 176 77 176 13 77 27 157 77 77 27 157 87 176 27 223 176 77 223 118 27 87
191 164 164 164 52 52 164 52 164 164 164 164 164 164 164 52 52 191 191 52 164
77 77 77 176 77 176 77 176 77 176 77 107 77 176 77
65 90 90 90 145 90 90 65 90 90 65 90 90 90 65 65 90 65 65 90 65 65 65 65 65 90 145 65 65 90 90 90 65 90 65 90 65 90 65 65 90 90 90 65 65 90 65 90 65 90 65 90 90 65 90
121 121 121 121 121 121 121 121 121 121 121 121
176 176 176 176 62 36 176 176 176 176 176 62 62 176
176 62 62 131 131 176 62 176 176 176 131 131 20
223 223 75 223 27 27 27 75 223 27 27 75
164 164 164 164 164 164 164 164 164 164 164 164 164 164 164
90 90 90 90 90 90 90 90 90 90 90 90 90 90 90 90 90 90 90 90 90 90 90 90 90 90 90 90 90 90
176 176 62 62 176 176 62 131 131 176 223 62 176 131 223 176 62 176 223 62 176 176 223 176 176 176 131 223 176 176 123 223
176 223 176 131 176 223 176 131 62 131 27 131 107 223 131 223 131 131 131 62 131 176 223 62 131 131