8 8 8 8 8 8 8
8 8 8 8 18 8 8 8 8 8 8 8 8
8 8 8 8 8 8 8
8 8 8 8 8 8 8
43 8 8 43 8 8 8 15 8 43
43 43 43 53 10 53 53 53
8 8 8 8 8 8 8
43 43 10 53 43 53 53 53
8 8 8 18 8 8 8 8 8 8 8 8 8
3 3 8 53 8 8 8 3 3 3 53 8 8 53 8 8 8 53 28 8 8 8
10 10 10 10 10 10 10 10
10 10 10 3 3 53 53 3 23 10 53 10 10 3 3 53 10
10 10 10 10 10 10 10 10
28 53 3 3 53 3 53 3 53 43 3 3 53 3 43 3 3 53 53 3 3 53
8 8 8 8 8 8 8
8 8 8 3 8 3 3 3 53 53 8 3 8 8 22 53
8 10 10 8 10 8 10 10 10 10 8 8 19 8
8 8 8 8 8 8 8
13 13 53 53 3 3 53 3 3
10 10 10 10 10 10 10 10
17 3 10 10 10 10 3 10 3 17 3 10
30 10 3 10 17 3 3 17 10 17 10 10 10 3 3 17 17 17 17 17 17 17 17 10
13 13 13 13 13 13 13 13 13
3 53 3 53 19 3 53 53 53 3 3 53 53 53
8 8 8 8 8 8 8
3 53 53 53 43 3 3 43 53 53 53 43 53 53 43 43 3 3 43 43 3 28
46 46 46 46 46 46 46 46 46 46 46 46 46 46 46 46 46 46 46 46 46 46 46 46 46 46 46 46 46 46 46 46 46 46 46 46 46 46
46 46 46 46 46 46 46 46 46 46 46 46 46 46 46 46 46 46 46 46 46 46 46 46 46 46 46 46 46 46 46 46 46 46 46 46 46 46
20 20 20 20 20 20 20 20 20 20 20 20 20 20 20
8 8 8 8 8 8 8
13 13 13 13 13 13 13 13 13
13 13 13 13 13 13 13 13 13
43 43 43 8 43 43 43
53 18 53 53 53 53 53 53 53 53 53 53 53
10 10 10 10 10 10 10 10
53 10 10 20 43 10 10 53 10 53 43 53 10 43 10
8 8 8 13 13 8 8 13 43 28 53 43 53 13 8 43 13 13 13 13 53 53
22 16 3 3 16 16 16 3 16 16 16 16 16 16 3 3
8 10 10 10 3 39 8 8 3 8 53 10 53 10 8 3 10 10 3 53 3 8 15 53 15 10 10 10 53 10 10 53
8 8 8 8 8 8 8
43 53 53 53 53 3 53 53 53 43 3 53 43 23 3 3 3
8 8 3 8 3 8 3 17 8 3 8 3
17 17 17 17 17 17 17 17 17 17 17 17
28 28 28 28 28 28 28 28 28 28 28 28 28 28 28 28 28 28 28 28 28 28
13 13 13 13 13 13 13 13 13
8 43 43 8 43 43 43 43 8 43 43 8 43 43 43 8 43 8 25
13 13 13 13 13 13 13 13 13
8 8 8 8 8 8 8
17 13 17 15 17 17 13 28 17 15 15 17 17 17 17 28 17 17 17 17 17 17
8 8 8 8 8 8 8
8 8 8 8 8 8 8
15 13 13 15 23 15 13 13 16 15 17 13 16 15 13 23 16
10 10 10 10 10 10 10 10
19 8 8 3 19 19 15 19 22 3 19 3 53 3 10 8 3 53 19 3 19 3 19 8 3 8 15 22 10 8 3 44 19 19 22 3
13 10 10 13 10 10 13 13 22 10 13 13 10 13 13 10
13 10 3 13 3 13 10 10 3 13 3 3 3 13 3 53 53 3 10 53 18 33 3 53 53 16
8 43 8 8 16 43 8 43 8 16 43
53 43 43 16 53 43 53 43 43 53 43
8 8 8 8 8 8 8
10 10 10 10 10 10 10 10
53 3 3 19 19 10 10 53 53 46 19 43 19 3 10 3 19 3 3 10 43 53 10 19 10 19 19 3 10 19 19 43 19 3 3 3 19 19
15 15 10 15 10 15 15 15 23 15 15 15 10 10 10 10 10
8 43 8 8 3 3 8 43 43 3 8 3 3 20 8
17 17 17 17 17 17 17 17 17 17 17 17
43 43 8 43 8 8 15 8 8 8
13 13 16 13 13 13 3 8 13 3 3 3 3 3 8 13 8 3 36 3 8 3 8 3 15 8 3 3 3
10 10 10 10 10 10 10 10
3 20 3 3 3 43 3 8 53 3 53 43 53 43 43
20 18 18 18 18 20 18 20 20 18 20 20 18 20 20 18 20 20 20 18 34 20 18 20 20 18 18
53 10 53 10 53 3 3 10 53 10 3 3 3 3 3 10 53 10 53 8 10 10 35 53 10 10 3 3
8 17 3 3 3 8 3 8 8 8 3 8
10 10 10 10 10 10 10 10
15 16 15 26 16 16 16 15 16 16 15 16 17 15 16 15 16 15 15 16
15 15 15 15 15 15 15 15 15 15
17 17 17 17 17 17 17 17 17 17 17 17
19 19 15 53 10 15 15 53 19 15 15 17 17 19 15 15 17 17 19 15 19 53 15 46 15 15 19 53 19 17 15 10 19 15 19 19 19 19
19 13 19 13 19 19 13 13 13 13 19 19 19 19 19 19 19 13 28 13 19 19
15 15 15 15 15 15 15 15 15 15
3 43 3 8 43 23 53 3 3 43 3 10 53 3 10 13 3
13 13 13 13 13 13 13 13 13
3 53 53 53 53 53 53 53 43 53 43 43 20 43 43
17 17 10 17 17 17 10 17 10 17 10 10 10 17 10 25 17 17 17
3 15 3 15 3 3 3 3 3 3
53 53 3 15 53 3 53 3 3 3
16 16 16 13 8 16 29 13 13 16 13 8 13 8 29 16 13 8 16 8 13 16 16
8 8 8 8 8 8 8
10 10 10 10 10 10 10 10
3 3 3 53 53 53 15 53 3 3
8 8 8 8 8 8 8
15 53 53 15 15 15 15 53 18 18 15 15 15
18 18 18 18 18 18 18 18 18 18 18 18 18
17 17 17 43 3 31 17 3 17 3 3 17 17 3 3 17 3 17 3 3 17 43 17 3 43
10 10 8 10 8 10 10 10
8 8 8 8 8 8 8
46 46 46 46 46 46 46 46 46 46 46 46 46 46 46 46 46 46 46 46 46 46 46 46 46 46 46 46 46 46 46 46 46 46 46 46 46 46
8 8 8 8 8 8 8
15 15 15 15 15 15 15 15 15 15
15 10 3 10 10 15 3 20 10 3 10 53 3 3 53
20 20 20 20 20 20 20 20 20 20 20 20 20 20 20
15 15 15 15 15 15 15 15 15 15
10 10 10 10 10 10 10 10
8 8 8 18 8 8 8 8 8 8 8 8 8
8 53 8 8 53 8 16 8 8 53 53
8 8 8 8 8 8 8
3 8 3 3 8 32 3
10 10 10 10 10 10 10 10
13 43 3 3 43 3 3 43 3
3 8 17 3 8 8 8 3 8 8 3 3
13 13 13 18 53 53 13 53 13 13 53 13 13
16 8 16 16 16 16 8 16 16 16 8 16 16 8 8 8 23
43 43 43 43 43 43 19 43 3 43 43 43 43 3
53 53 53 13 10 3 13 13 3 10 3 10 53 53 3 3 10 10 10 13 13 53 13 10 13 13 3 36 3
3 53 53 53 8 41 8 3 3 3 8 3 53 53 8 8 3 53 53 53 3 3 53 53 53 10 3 3 53 3 3 3 8 3
8 8 8 8 8 8 8
10 10 10 10 10 10 10 10
53 3 3 3 3 3 53 3 3 3 3 3 53 53 20
10 10 10 10 10 10 10 10
43 53 3 53 43 43 43 35 53 53 3 53 3 3 53 53 53 53 53 53 3 43 43 53 53 53 53 53
10 10 10 10 10 10 10 10
34 26 26 3 26 26 26 26 26 3 26 43 26 10 3 26 26 3 26 26 26 43 26 26 26 26 26
15 15 15 15 15 15 15 15 15 15
43 53 43 43 53 43 8
53 53 53 53 53 53 53 53 13
15 15 15 15 15 15 15 15 15 15
3 8 10 10 8 10 10 10
17 17 17 17 17 17 17 17 17 17 17 17
8 15 8 15 8 15 8 8 8 15
8 8 8 43 43 15 8 43 8 8
53 53 3 53 3 3 53 3 3 15 53 53 53 3 24 53 3 3
10 10 10 43 16 10 10 43 10 43 10
13 13 13 13 13 13 13 13 13
17 17 24 17 17 17 13 13 13 24 24 13 17 13 17 13 17 17
13 13 13 13 13 13 13 13 13
3 3 32 32 10 3 3 3
8 43 43 43 43 43 43
8 15 8 15 8 15 8 8 8 15
3 3 10 10 3 3 10 10 10 10 10 3 18
29 8 18 43 15 8 8 16 13 13 8 13 43 13 8 8 8 15 13 8 8 8 16
3 3 3 3 43 53 3 3 3 43 53 43 3 15 3 3 53 3 3 28 53 3
16 13 13 8 15 16 16 16 16 13 10
53 53 53 53 53 53 53 53 13
13 13 13 13 13 13 13 13 13
10 10 10 10 10 10 10 10
53 53 10 53 53 53 10 53
13 8 13 13 8 8 13 13 20 13 8 13 8 13 8
8 3 3 8 3 43 43 43 8 43 3 43 3 3 3 8 23
10 10 10 10 10 10 10 10
13 13 13 13 13 13 13 13 13
53 53 53 53 53 10 53 10
8 3 8 3 8 8 8 8 3 8 8 8 20 15 20
16 16 16 16 16 16 16 16 16 16 16
10 10 10 10 10 10 10 10
15 15 15 15 15 15 15 15 15 15
15 15 8 15 20 8 15 8 15 8 15 15 15 20 8
3 3 3 16 3 3 3 3 3 3 3
8 8 8 17 8 8 8 8 8 17 8 8
10 10 3 53 43 10 8 3
13 10 8 10 10 19 10 8 8 10 10 10 8 8
53 8 53 8 8 3 3 53 3 16 3 8 53 31 8 8 53 8 8 3 53 8 3 8 8
16 16 16 24 24 16 19 16 19 16 16 15 19 24 16 16 24 16 33 19 19 15 19 33 19 30
10 10 10 10 10 10 10 10
53 53 10 43 53 43 53 43
3 13 3 13 18 3 15 3 53 8 3 10 19 10 10 36 36 13 8 10 8 53 10 53 15 10 8 53 53
8 8 8 16 16 16 10 22 16 8 15 15 15 8 16 22
3 3 3 3 20 3 53 53 3 3 3 3 3 53 53
3 13 3 13 3 25 3 3 13 3 13 13 13 3 3 3 13 3 13
3 8 3 3 8 8 3 8 3 8 8 17
10 10 10 10 10 10 10 10
43 15 15 15 15 15 21 43 15 15 15 15 43 19
19 20 20 20 20 20 19 19 20 19 19 19 20 34 20 19 19 20 20 19 19 20 19 20 34 20 19
53 3 16 3 8 58 13 53 53 3 8 3 13 53 53 13 53 8 3 8 3 53 53 8 8 13 53 8 3 53 3 8 53 13 53 10 13 3 3 13 53 13 8 53 53 8 8 53 8 53
43 43 43 43 43 8 43
8 8 8 8 8 8 8 23 8 8 8 8 8 23 8 8 8
26 26 26 26 26 26 26 26 13 13 13 13 13 13 13 26 26 26 26 26 26 26 35 26 13 26 26 26
10 10 10 10 10 10 10 10
10 10 10 10 10 10 10 10
8 8 8 8 8 8 8
8 8 8 8 8 8 8
53 3 53 43 53 43 3 3 53 53 43 3 23 53 53 53 3
22 3 13 22 15 3 15 17 3 17 15 17 13 3 17 17
10 3 10 10 3 3 10 3
13 13 13 23 13 53 13 3 13 3 3 10 3 13 13 13 3
53 3 3 53 3 3 53 3 15 53
8 8 8 8 8 8 8
53 8 32 32 53 53 53
10 10 10 10 10 10 10 10
8 29 15 17 20 15 15 16 16 13 3 16 29 15 3 16 17 16 16 15 15 16 13
13 8 20 13 8 13 8 13 8 13 13 8 13 8 13
13 13 13 13 13 13 13 13 13
28 28 28 28 28 28 28 28 28 28 28 28 28 28 28 28 28 28 28 28 28 28
16 43 10 10 10 43 10 43 10 10 10
10 10 10 10 16 10 43 10 10 43 43
53 53 3 43 8 53 53 45 3 43 53 53 8 8 8 3 43 8 43 53 8 8 3 43 8 53 43 8 8 3 3 3 8 8 3 3 3
32 19 19 19 3 3 10 19 32 53 19 19 19 53 19 10 19 19 10 19 3 10 53 10 3 19 39 19 3 53 10 10
53 8 8 53 16 8 19 53 53 53 8 53 19 53
15 15 15 15 15 15 15 15 15 15
13 10 10 27 10 13 10 10 13 10 13 10 13 13 13 27 10 10 10 10 10
10 10 10 10 10 10 10 10
15 8 13 3 10 3 8 13 8 3 8 13 3 8 26 10 13 13 13 13
8 53 8 51 13 53 3 8 53 13 19 8 53 3 3 53 53 3 8 53 53 43 3 53 53 8 3 53 3 3 43 53 8 13 8 43 3 8 53 16 53 53 8 53
3 43 43 43 17 3 43 3 3 43 43 3
53 3 53 3 3 15 53 53 3 3
8 8 8 8 8 8 8
15 15 15 15 15 15 15 15 15 15
13 13 13 13 13 13 13 13 13
8 8 8 8 8 8 8
53 3 3 53 53 53 53 53 13
8 8 8 8 18 8 8 8 8 8 8 8 8
13 13 13 13 13 13 13 13 13
53 53 53 53 43 43 10 43
19 19 19 19 19 19 19 19 19 19 19 19 19 19
15 15 15 15 15 15 15 15 15 15
43 3 3 53 43 3 43 53 53 3 18 3 53
13 13 13 13 13 13 53 53 13 13 53 53 18
17 17 17 17 17 17 17 17 17 17 17 17
8 8 8 8 8 8 8
8 8 8 8 8 8 8
13 13 13 13 13 13 13 13 13
13 13 13 13 13 13 13 13 13
10 10 10 10 10 10 10 10
3 3 15 3 15 3 3 3 3 3
8 8 8 8 8 8 8
53 53 53 53 13 53 53 53 53
16 13 10 10 18 18 3 10 3 10 13 10 3
53 13 53 53 53 53 53 53 53
10 16 16 16 10 10 10 8 10 15 24 13 16 10 10 13 13 10
28 28 28 28 28 28 28 28 28 28 28 28 28 28 28 28 28 28 28 28 28 28
8 8 8 8 8 8 8 23 8 8 8 8 8 23 8 8 8
43 43 43 43 43 43 43 3 43 24 43 43 43 43 43 43 43 43
8 8 8 53 16 53 8 8 53 8 53
19 19 19 19 19 19 19 19 19 19 19 19 19 19
15 15 15 15 15 15 15 15 15 15
24 34 27 15 53 24 53 20 32 27 24 15 20 20 20 15 8 32 53 20 8 24 53 20 24 20 8
8 8 8 8 8 8 8
8 8 8 8 8 8 8
10 10 10 53 17 53 10 10 53 10 53 10
10 3 10 10 21 24 19 10 43 16 3 3 16 43 16 10 43 16
10 10 10 10 10 10 10 10
43 8 8 8 43 43 3 17 43 8 8 8
3 53 53 8 53 53 8 8 3 53 19 53 8 53 18 8 3 53 53 18 8 18 53 53 18 3 8 18 3 53 18 1 18 53 18 53 43 53 53 53 53 53 53 3 18 43 3 18 3 3 18 43
19 3 24 19 15 19 3 19 19 19 15 26 18 18 19 24 24 24 24 24
16 19 16 16 19 24 20 16 8 18 22 24 37 3 19 22 3 18 38 18 3 19 20 8 19 56 15 19 30 10 16 23 18 3 8 16 24 23 18 25 3 8 3 19 18 15 25 18
8 8 8 8 8 8 8
13 53 3 8 13 28 3 8 8 13 13 13 13 8 13 13 3 3 3 13 13 53
13 13 13 13 13 13 13 13 13
8 8 8 8 8 8 8
8 8 8 8 8 8 8
8 8 8 8 8 8 8
10 10 10 10 10 10 10 10
53 53 53 53 13 53 53 53 53
15 15 15 15 15 15 15 15 15 15
15 15 15 15 15 15 15 15 15 15
8 8 8 8 8 8 8
10 10 10 10 10 10 10 10
8 8 8 8 8 8 8
10 10 10 10 10 10 10 10
19 28 19 13 19 13 13 19 19 13 13 19 19 13 13 19 13 19 19 19 19 19
26 26 26 26 26 26 26 26 26 26 26 26 26 26 26 26 26 26 26 26
8 10 10 8 10 8 8 8 10 8 10 8 8 10 10 8 18 10 25
3 16 3 3 3 3 3 3 3 3 3
53 24 43 53 43 43 21 43 53 3 32 3 43 43 3 43 3 3
10 10 10 53 10 53 10 10 53 17 53 10
10 10 10 10 10 10 10 10
13 13 13 13 13 13 13 13 13
46 46 46 46 46 46 46 46 46 46 46 46 46 46 46 46 46 46 46 46 46 46 46 46 46 46 46 46 46 46 46 46 46 46 46 46 46 46
8 8 8 8 8 8 8
15 15 15 3 3 3 3 15 3 20 15 15 15 15 15
10 10 10 10 10 10 10 10
19 15 19 19 19 15 15 19 20 19 19 19 19 19 15 19 19 19 19 15 15 15 19 19 19 19 19 19 44 15 19 15 19 19 20 19
43 53 3 3 3 3 3 8 3 8 3 3 53 8 53 3 3 3 3 3 43 8 8 3 43 3 53 36 8
8 8 8 8 8 8 8
53 16 3 8 16 16 16 3 8 53 53 23 8 19 13 8 3 3 3 17 19 3 8 37 53 53 3 16 23 3
13 53 53 10 8 10 16 37 10 13 34 10 3 10 13 53 10 53 13 10 10 16 3 10 10 8 10 10 10 13
53 3 3 53 3 3 15 53 53 3
43 8 3 8 3 8 8 43 13 8 8 8 43 43 10 43 43 30 15 43 53 43 53 3
15 15 15 15 15 15 15 15 15 15
8 8 8 8 8 8 8
17 8 17 8 10 10 10 8 17 10 8 10
13 8 8 13 13 3 3 3 3 8 53 8 13 13 53 8 13 3 3 53 3 8 13 3 8 3 3 3 8 3 8 3 53 13 3 8 8 48 8 3
17 17 24 17 17 17 13 13 13 24 24 13 17 13 17 13 17 17
8 8 8 8 8 8 8
26 26 26 26 26 26 26 26 26 26 26 26 26 26 26 26 26 26 26 26
26 26 26 26 26 26 26 26 26 26 26 26 26 26 26 26 26 26 26 26
3 15 3 53 53 53 53 3 3 3
13 13 13 13 13 13 13 13 13
8 8 8 8 8 8 8
8 10 8 8 8 10 53 53 10 10 53 10 10 24 10 53 8 8
10 20 10 10 10 10 10 10 10 10 10 10 10 10 10
53 53 53 53 53 53 53 13 53
8 8 3 3 8 8 17 3 3 8 8 3
3 3 3 3 53 3 53 3 53 3 3 53 3 3 26 3 3 3 3 3
10 10 10 10 10 10 10 10
28 28 28 28 28 28 28 28 28 28 28 28 28 28 28 28 28 28 28 28 28 28
8 53 8 8 8 8 53 53 8 53 16
43 43 8 8 3 3 8 3 8 3 43 24 8 43 43 43 3 8
53 3 53 43 43 3 43 3 53 18 3 53 3
8 8 8 8 8 8 8
13 13 13 13 13 13 13 13 13
35 24 35 15 15 8 23 40 17 8 18 23 20 17 20 8 22 35 18 15 20 20 17 20 15 20 40 18 20 8 35 20 19
3 3 53 53 53 3 3 3 15 53
10 10 10 10 10 10 10 10
43 3 43 3 3 13 43 3 3
15 13 23 15 13 15 13 13 13 13 13 13 19 13 13 15 15
8 8 8 8 8 8 8
8 8 8 8 8 8 8
8 8 8 8 8 8 8
8 8 8 8 8 8 8
8 8 8 8 8 8 8
10 10 10 10 10 10 10 10
8 8 8 8 8 8 8
3 3 53 3 53 53 3 15 3 53
43 43 13 3 43 43 43 43 43
10 10 10 10 10 10 10 10
8 53 8 53 53 8 8 16 8 8 53
8 8 8 8 8 8 8
26 26 26 26 26 26 26 26 26 26 26 26 26 26 26 26 26 26 26 26
19 19 19 19 19 19 19 19 19 19 19 19 19 19
8 22 22 16 28 8 23 8 8 17 34 19 17 13 22 18 18 13 13 22 8 23 22 13 18 17 25
15 15 15 15 15 15 15 15 15 15
53 43 43 10 53 53 53 43
53 53 53 53 53 53 15 53 15 8
10 10 10 10 10 10 10 10
53 53 8 53 20 53 16 53 53 53 8 53 16 8 8
53 3 15 3 3 3 53 3 53 53
3 3 53 53 3 15 3 3 53 53
43 53 43 10 53 53 53 43
13 13 13 13 13 13 13 13 13
8 8 43 8 3 53 8 43 53 20 8 3 8 43 3
8 53 53 53 29 10 32 43 53 8 43 53 8 53 32 53 43 53 53 8 8 8 53
15 3 3 3 3 3 3 3 3 15
13 36 15 36 13 3 13 13 15 3 15 15 13 3 15 15 15 13 16 3 16 15 17 15 13 15 15 15 15
43 13 17 53 43 53 3 3 53 43 3 3
53 32 43 43 53 32 53 32 43 10 43 43 32 53 43 53 32 8 43 32 10 32 10 10 53 10 43 10 53 32 53 46 32 53 10 32 43 43
53 53 3 53 34 8 53 8 43 53 8 53 3 8 3 53 53 53 8 3 8 43 53 53 43 3 53
53 19 15 15 15 53 15 53 53 15 15 15 15 15
8 8 8 8 8 8 8
26 15 26 15 26 15 26 26 26 26 26 26 26 26 15 26 15 15 15 26 26 26 26 26 15 36 26 26 15
10 43 43 10 10 16 10 10 10 10 43
8 8 8 8 8 8 8
10 3 3 10 3 10 10 3 10 3 10 3 3 3 3 10 3 24
46 46 46 46 46 46 46 46 46 46 46 46 46 46 46 46 46 46 46 46 46 46 46 46 46 46 46 46 46 46 46 46 46 46 46 46 46 46
26 26 26 26 26 26 26 26 26 26 26 26 26 26 26 26 26 26 26 26
26 26 26 26 26 26 26 26 26 26 26 26 26 26 26 26 26 26 26 26
17 17 17 17 17 17 17 17 17 17 17 17
23 23 23 23 23 23 23 23 23 23 23 23 23 23 23 23 23
43 13 13 43 13 13 13 13 13 17 43 13
53 53 53 53 8 19 3 3 53 53 3 3 3 53
8 8 8 8 8 8 8
43 3 3 10 43 43 22 3 10 10 3 10 10 10 10 3
15 15 15 15 15 15 15 15 15 15
10 10 10 10 10 10 10 10
3 3 3 3 3 3 3 16 3 3 3
10 10 10 10 10 10 10 10
10 10 10 10 10 10 10 10
13 13 13 13 13 13 13 13 13
43 10 43 10 16 10 43 10 10 10 10
10 17 17 17 3 49 13 17 17 15 10 3 16 3 15 53 8 53 53 17 53 3 53 8 17 17 17 13 53 13 3 17 10 17 3 3 17 13 3 15 13
13 13 13 13 13 13 13 13 13
13 8 3 24 3 3 8 13 8 8 8 8 24 3 8 8 3 3
53 53 53 16 8 8 53 8 8 8 8
13 13 13 13 13 13 13 13 13
19 19 19 19 19 19 19 19 19 19 19 19 19 19
13 13 13 13 13 13 13 13 13
53 13 53 53 3 3 13 3 3
23 23 23 23 23 23 23 23 23 23 23 23 23 23 23 23 23
8 8 8 8 8 8 8
8 8 8 8 8 8 8
53 43 53 8 8 43 8 53 43 43 43 53 8 43 43 53 43 53 43 8 53 30 8 53
19 19 18 30 19 20 19 18 19 30 18 18 18 19 30 18 19 18 20 19 18 19 18 20
3 8 8 3 8 3 8 8 3 17 3 8
53 8 8 8 53 53 53 53 3 8 8 53 3 3 43 8 43 24
8 22 3 8 8 10 8 3 8 53 3 3 53 3 3 53
53 3 15 53 3 53 53 3 3 3
8 8 8 8 8 8 8
8 16 8 8 53 8 53 8 53 53 8
43 3 23 3 3 43 3 53 43 3 8 43 3 3 3 43 3
13 53 53 3 3 53 3 13 3
13 13 13 13 13 13 13 13 13
13 22 22 18 10 50 10 53 23 3 13 13 17 13 10 28 10 13 17 13 22 22 18 13 10 13 43 13 17 10 53 3 13 23 18 13 18 10 22 13 13 29 43
10 10 10 10 10 10 10 10
10 10 10 10 10 10 10 10
8 8 8 8 8 8 8
10 10 53 10 3 3 3 3 3 10 10 53 10 53 10 23 53
8 8 8 8 8 8 8
10 8 10 8 8 8 19 8 10 10 10 8 10 10
10 8 10 10 10 8 10 8 8 8 18 18 10
17 13 17 15 15 17 17 15 17 13 17 17
8 8 8 8 8 8 8
8 8 8 8 8 8 8
13 13 13 13 13 13 13 13 13
3 8 43 18 8 18 3 8 8 8 3 43 3
3 3 16 3 16 16 16 10 3 16 15 15 15 22 3 16
8 8 8 8 8 8 8
16 8 8 16 16 10 16 10 8 10 10
17 17 17 17 17 17 17 17 17 17 17 17
8 8 8 8 8 8 8
43 43 13 3 3 43 3 3 3
46 46 46 46 46 46 46 46 46 46 46 46 46 46 46 46 46 46 46 46 46 46 46 46 46 46 46 46 46 46 46 46 46 46 46 46 46 46
53 53 19 8 53 3 53 53 3 53 3 3 3 53
53 43 43 16 53 53 53 43 43 43 43
15 3 3 53 3 3 3 53 53 53
8 8 8 8 8 8 8
8 53 53 8 8 8 8 8 53 23 8 8 8 8 53 8 8
10 10 10 10 10 10 10 10
43 43 43 43 8 43 43
8 8 8 8 8 8 8
8 8 43 43 15 8 43 8 8 8
10 10 10 10 10 10 10 10
16 16 16 24 24 16 19 16 19 16 16 15 19 24 16 16 24 16 33 19 19 15 19 33 19 30
8 8 8 8 8 8 8
8 8 8 8 8 8 8 8 8 8 8 8 18
8 8 8 8 8 8 8
8 8 8 8 8 8 8
53 53 53 13 53 53 53 53 53
53 53 8 13 3 15 28 8 15 13 53 13 13 53 8 13 13 8 3 3 13 13
53 43 43 3 53 8 3 8 3 3 43 53 53 3 53 8 3 43 3 3 3 3 43 3 3 8 42 3 53 53 43 3 3 3 53
53 10 3 10 3 23 10 10 10 53 10 53 3 10 53 3 3
19 19 19 19 19 19 19 19 19 19 19 19 19 19
8 8 8 17 8 8 8 8 8 17 8 8
8 8 8 8 8 8 8
3 8 53 17 13 8 3 10 53 53 10 10
10 10 10 10 10 10 10 10
53 43 43 53 10 43 53 53
10 10 10 10 10 10 10 10
15 15 15 15 15 15 15 15 15 15
13 13 13 13 13 13 13 13 13
3 15 15 15 15 3 15 3 15 19 15 15 3 19
10 10 10 10 10 10 10 10
15 15 15 15 15 15 15 15 15 15
20 8 8 20 20 24 24 24 20 8 20 20 20 24 20 20 20 20
13 13 13 13 13 13 13 13 13
17 17 17 17 17 17 17 17 17 17 17 17
53 33 53 53 3 53 3 3 43 3 53 3 53 53 53 3 43 53 43 53 53 3 3 53 3 3
16 16 16 13 8 16 29 13 13 16 13 8 13 8 29 16 13 8 16 8 13 16 16
17 3 17 3 3 17 8 8 13 8 3 3
8 8 8 8 8 8 8
10 10 53 53 3 8 53 10 10 10 16 28 3 53 53 8 8 8 8 10 53 10
13 13 13 13 13 13 13 13 13
13 13 13 13 13 13 13 13 13
8 8 8 8 8 8 8
10 10 10 10 10 10 10 10
3 3 3 3 3 3 3 3 3 3 3 3 22 3 3 3
46 46 46 46 46 46 50 46 46 46 46 46 46 46 3 3 46 46 46 46 8 46 46 46 3 46 46 46 46 46 46 47 46 46 46 46 46 46 46 46 46 46 3
16 8 3 10 16 16 10 10 13 10 3
53 53 43 43 53 10 53 43
53 8 53 32 53 32 53
8 8 43 8 8 15 8 8 43 43
8 8 8 8 8 8 8
53 10 43 53 53 53 43 43
8 8 8 8 8 8 8
10 10 10 10 10 10 10 10
8 8 8 8 8 8 8
8 8 8 8 8 8 8
28 19 19 15 19 28 19 15 19 19 15 15 19 15 15 19 15 19 19 19 15 19
53 32 53 53 53 8 32
53 3 3 8 26 3 8 3 53 8 10 13 8 15 8 3 3 13 8 3
15 15 15 15 15 15 15 15 15 15
8 8 8 8 8 8 8
10 10 10 10 10 10 10 10
8 8 8 8 8 8 8
22 13 22 10 22 10 22 17 10 3 13 22 10 17 35 22 18 3 22 10 3 22 18 18 3 17 10 18
10 10 10 10 10 10 10 10
8 8 8 8 8 8 8
53 13 53 53 53 53 53 53 53
15 13 53 13 43 8 8 8 13 32 15 25 10 13 13 43 8 10 13
53 13 53 13 18 13 13 13 13 13 53 13 53
10 10 10 10 10 10 10 10
10 8 8 8 8 16 8 53 53 53 3
17 17 15 15 15 26 15 15 17 17 15 17 17 15 17 26 17 17 17 15
19 19 19 19 19 19 19 19 19 19 19 19 19 19 19 19 19 19 19 19 19 19 19 19 19 34 19
46 46 46 46 46 46 46 46 46 46 46 46 46 46 10 46 46 46 46 46 46 10 46 46 10 46 46 10 46 46 46 46 46 46 10 10 46 46 46 46 10 46 46 52 46
8 8 8 8 8 8 8
15 15 15 15 15 15 15 15 15 15
3 16 3 3 3 3 3 3 3 3 3
15 8 15 53 8 8 53 8 8 53
8 8 8 8 8 8 8
8 8 8 8 8 8 8
13 13 13 3 13 3 13 13 53 3 3 24 53 13 53 3 53 13
3 53 3 53 10 10 3 8 15 8
53 53 8 32 53 53 32
10 53 53 53 53 53 53 10
3 53 3 53 3 3 15 53 53 3
13 13 8 13 13 8 8 13 13 19 13 19 8 8
8 8 8 8 8 8 8
10 10 53 10 10 17 53 53 10 10 53 10
53 53 53 3 3 53 53 53 53 53 3 53 53 24 3 53 53 3
3 13 3 3 3 3 13 13 13 13 13 13 13 19
8 8 8 8 8 8 8
18 8 8 8 8 8 8 8 8 8 8 8 8
8 8 8 8 8 8 8
15 15 15 15 15 15 15 15 15 15
53 43 53 53 53 43 43 10
13 13 13 13 13 13 13 13 13
53 3 8 30 53 8 3 8 8 53 53 3 53 8 8 53 3 3 3 53 53 3 3 3
43 53 53 10 53 43 53 43
53 43 43 53 53 53 43 10
19 19 19 19 19 19 19 19 19 19 19 19 19 19
19 19 53 53 29 19 53 3 53 3 19 19 19 3 19 19 3 19 19 3 19 19 19
17 17 17 17 17 17 17 17 17 17 17 17
13 53 8 8 8 8 13 53 13
53 43 10 53 43 53 53 43
10 10 10 10 10 10 10 10
13 13 13 13 13 13 13 13 13
13 13 13 13 13 13 13 13 13
8 8 8 8 8 8 8
10 10 10 10 10 10 10 10
3 24 13 13 13 13 8 3 15 3 13 3 13 13 3 3 3 15
10 10 10 10 10 10 10 10
39 39 39 39 39 39 39 39 39 39 39 39 39 39 39 39 39 39 39 39 39 39 39 39 39 39 39 39 39 39 39 39
39 39 39 39 39 39 39 39 39 39 39 39 39 39 39 39 39 39 39 39 39 39 39 39 39 39 39 39 39 39 39 39
8 8 8 8 8 8 8
15 15 15 15 15 15 15 15 15 15
43 43 3 3 13 3 43 3 3
13 13 13 13 13 13 13 13 13
3 3 3 3 16 3 3 3 3 3 3
10 10 10 10 10 10 10 10
8 8 8 8 8 8 8
3 8 8 3 3 8 3 3 3 3 3 8 23 3 8 3 8
13 13 13 13 13 13 13 13 13
8 8 8 8 8 8 8
8 8 8 8 8 8 8
8 8 8 8 8 8 8
8 8 8 8 8 8 8
10 10 10 10 10 10 10 10
10 10 10 43 16 43 10 10 10 10 43
8 53 15 15 53 8 8 8 8 53
3 3 3 3 3 15 3 3 15 3
39 39 39 39 39 39 39 39 39 39 39 39 39 39 39 39 39 39 39 39 39 39 39 39 39 39 39 39 39 39 39 39
8 8 8 8 8 8 8
53 53 53 3 19 3 3 53 53 53 3 3 53 53
3 15 3 3 15 3 3 3 3 3
3 3 16 3 3 3 3 3 3 3 3
8 8 8 8 8 8 8
3 53 53 3 3 3 53 15 53 3
3 53 15 53 3 3 3 53 53 3
3 3 3 3 3 3 53 3 43 3 10 53 3 43 3 43 24 3
10 10 10 10 10 10 10 10
24 24 25 25 24 24 26 24 24 39 24 24 24 24 24 24 39 24 24 24 39 24 39 24 24 24 24 24 24 24 24 24
8 8 8 8 8 8 8
8 8 8 8 8 8 8
10 10 10 10 10 10 10 10
8 8 8 8 8 8 8
43 3 3 3 3 3 19 3 3 43 3 3 43 3
8 8 8 8 8 8 8
8 8 8 3 3 3 8 8 3 8 3 17
8 8 8 8 8 8 8
53 43 53 10 43 43 53 53
53 3 3 53 53 19 53 3 53 3 53 53 3 53
8 53 8 16 8 8 53 53 8 53 8
10 10 10 10 10 10 10 10
8 24 17 17 17 8 17 17 8 17 17 17 17 8 8 17 17 8
8 8 8 8 8 8 8
8 8 8 8 8 8 8
10 10 10 10 10 10 10 10
10 13 13 13 8 13 8 15 8 13 13 13 8 8 20
8 8 10 8 18 8 8 8 10 8 15 8 10
8 8 8 8 8 8 8
8 53 8 53 53 8 8 8 53 8 16
16 16 16 16 16 16 16 16 16 16 16
43 43 43 43 8 43 43
8 8 8 8 8 8 8
20 20 20 20 20 20 20 20 20 20 20 20 20 20 20
13 13 13 13 13 13 13 13 13
24 24 24 24 24 24 24 24 24 24 24 24 24 24 24 24 24 24
8 8 8 8 8 8 8
53 53 53 53 13 53 53 53 53
10 10 10 10 10 10 10 10
3 16 3 3 3 3 3 3 3 3 3
8 3 3 3 23 23 3 3 8 3 3 3 3 13 3 3 3
8 8 8 8 8 8 8
15 15 15 15 15 15 15 15 15 15
53 53 10 10 53 53 53 10 53 10 53 53 10 10 22 10
13 13 13 13 13 13 13 13 13
8 8 8 8 8 8 8
8 43 8 43 8 8 43 8 15 8
10 10 10 10 10 10 10 10
37 37 37 37 37 37 37 37 37 37 37 37 37 37 37 37 37 37 37 37 37 37 37 37 37 37 37 37 37 37
39 39 39 39 39 39 39 39 39 39 39 39 39 39 39 39 39 39 39 39 39 39 39 39 39 39 39 39 39 39 39 39
10 10 10 10 10 10 10 10
53 53 10 53 22 53 10 10 53 10 10 53 53 10 53 10
17 17 17 17 17 17 17 17 17 17 17 17
8 8 8 8 8 8 8
15 8 8 8 43 8 43 43 8 8
15 3 3 3 53 3 53 53 3 53
8 8 8 8 8 8 8
8 8 8 8 8 8 8
10 10 10 10 10 10 10 10
8 43 3 53 53 53 53 43 53 8 24 8 43 8 53 10 53 8
3 53 3 53 3 53 53 53 53 53 53 3 53 53 53 24 3 53
10 43 10 43 10 10 43 10 43 43 43 10 19 10
10 10 10 10 10 10 10 10
43 43 43 43 43 43 8
3 3 3 10 53 3 8 3 3 46 3 8 8 3 8 3 8 8 53 53 53 3 8 53 53 8 8 3 8 53 3 10 3 53 53 3 3 53
8 8 8 8 8 8 8
13 13 13 13 13 13 13 13 13
8 8 8 8 8 8 8
8 8 8 8 8 8 8
53 8 53 53 8 53 8
8 8 8 8 8 8 8
37 43 37 37 37 37 37 43 37 37 37 37 40 37 37 37 37 37 37 37 37 37 37 37 37 43 37 37 37 37 37 37 37
13 13 13 13 13 13 13 13 13
17 8 8 3 8 3 8 8 3 3 3 8
3 3 3 3 3 3 3 16 3 3 3
38 38 38 38 38 38 38 38 38 38 38 38 38 38 38 38 38 38 38 38 38 38 38 38 38 38 38 38 38 38 38
3 3 53 53 3 53 15 3 3 53
3 3 10 3 3 32 3 32
13 53 3 3 13 53 53 3 3
15 3 3 53 3 3 3 53 53 53
8 8 8 8 8 8 8
53 53 53 53 53 53 53 3 53 53 53 53 53 53 3 43 53 53 53 53 43 8 29
53 3 26 53 8 8 53 8 8 53 8 53 8 53 8 3 13 3 53 53
8 8 8 8 18 8 8 8 8 8 8 8 8
8 8 8 8 8 8 8
8 53 13 13 53 53 53 8 13 53 8 8 53 13 53 13 53 53 8 34 53 8 53 13 13 53 13
10 10 10 10 10 10 10 10
8 8 8 8 8 8 8
53 53 10 43 43 53 43 53
10 16 24 16 16 10 16 10 16 10 10 16 16 10 16 16 10 16
8 8 8 8 8 8 8
53 43 32 53 53 43 53 53 13
10 10 10 10 10 10 10 10
8 8 8 8 8 8 8
53 3 3 53 3 53 15 3 3 53
43 43 43 43 53 43 43 53 53 53 16
13 13 13 13 13 13 13 13 13
8 8 8 8 8 8 8
53 13 8 8 53 3 13 15 8 13 53 13 53 3 13 8 8 8 8 30 3 13 3 13
3 3 3 3 3 3 16 3 3 3 3
8 8 8 8 8 8 8
53 53 3 53 53 43 43 43 3 53 53 3 23 53 53 3 3
10 3 10 53 10 43 10 10 3 43 53 3 3 53 43 10 3 26 53 10
8 8 8 8 8 8 8
8 8 8 8 8 8 8
24 24 53 24 24 24 24 24 24 24 53 24 53 24 24 24 24 28 53 24 24 24
8 8 8 8 8 8 8
39 39 39 39 39 39 39 39 39 39 39 39 39 39 39 39 39 39 39 39 39 39 39 39 39 39 39 39 39 39 39 39
8 8 8 8 8 8 8
8 8 8 8 8 8 8
43 43 3 3 3 13 43 3 3
53 8 3 3 53 3 3 8 3 3 16 53 3 8 3 3 3 8 30 15 3 53 8 3
8 8 8 8 8 8 8
10 10 10 10 10 10 10 10
10 10 10 10 10 10 10 10
53 3 8 3 3 3 3 8 53 22 53 8 3 8 8 10
10 10 10 10 10 10 10 10
8 3 8 3 17 8 3 3 8 8 3 8
8 8 8 8 8 8 8
3 3 8 8 3 3 15 3 3 15
8 8 8 8 8 8 8
8 8 8 8 8 8 8
3 53 19 3 3 53 3 3 3 13 3 3 3 53
10 10 10 10 3 3 3 17 10 10 10 10 10 10 25 3 10 10 10
3 3 16 3 3 3 3 3 3 3 3
10 53 53 43 43 43 53 53
39 41 39 38 39 38 39 48 38 39 38 39 38 38 38 39 39 39 39 39 38 38 39 39 38 39 41 48 39 39 38 41 39 6 38 39 41 38 41 38 39 39 39 39 48 39 38 6 41 39 38 38 41 38 41 6 38 39 39 38
8 8 8 8 8 8 8
3 3 3 3 16 3 3 3 3 3 3
8 8 8 8 8 8 8
8 8 8 8 8 8 8
8 8 8 8 8 8 8
53 13 53 53 53 3 3 3 22 53 43 43 3 53 43 53
3 8 8 3 8 8 8 8 3 3 3 3 8 8 28 3 8 3 3 8 8 16
15 15 20 15 3 15 15 3 3 15 3 15 15 15 3
53 10 17 53 53 10 10 10 53 10 10 10
15 10 10 10 10 15 3 10 15 33 53 3 3 15 15 15 53 15 15 53 53 3 15 3 10 10
8 8 8 8 8 8 8
37 38 38 39 39 39 38 38 39 37 38 39 23 37 39 50 23 38 38 37 39 37 50 37 14 37 39 39 39 39 39 39 39 37 38 39 0 37 38 23 37 38 39 37 4 23 39 37 37 23 37 39 0 4 39 39 39 23 23 39 23 11 23 39 39 0 39 6 37 7 0 38 0 38 23 4 39 38 37 25 37 50 39 0 38 0 38 39 23
8 8 8 8 8 8 8
3 3 15 53 3 53 3 53 53 3
16 16 16 16 16 16 16 16 16 16 16
13 13 13 13 13 13 13 13 13
43 53 53 43 43 8 53 8 3 10 43 53 8 53 27 53 8 43 8 53 43
3 19 3 19 15 15 3 15 15 15 15 15 15 3
3 3 10 3 10 10 24 3 10 3 3 3 10 3 3 3 10 10
8 8 8 8 8 8 8
8 8 8 8 8 8 8
8 8 8 8 8 8 8
10 10 10 10 10 10 10 10
3 10 17 10 17 3 10 10 10 3 3 10
38 38 38 38 38 38 38 38 38 38 38 38 38 38 38 38 38 38 38 38 38 38 38 38 38 38 38 38 38 38 38
20 20 20 20 20 20 20 20 20 20 20 20 20 20 20
24 24 25 25 24 24 26 24 24 39 24 24 24 24 24 24 39 24 24 24 39 24 39 24 24 24 24 24 24 24 24 24
43 3 43 43 3 3 25 3 3 3 3 3 3 3 3 3 3 3 3
8 8 8 53 53 3 8 8 53 3 53 8 3 22 3 3
8 8 8 8 8 8 8
23 38 39 23 38 38 38 38 38 38 25 50 38 23 38 38 23 38 23 23 38 38 23 38 38 38 38 39 50 23 38 38 38 23 23 50 50 38 38 38 50 38 23
16 8 53 8 3 53 53 8 3 8 53 20 3 8 3
8 8 8 8 8 8 8
8 8 8 8 8 8 8
3 3 13 3 43 3 43 43 3
13 13 13 13 13 13 13 13 13
8 8 8 8 8 8 8
53 53 53 53 53 53 13 53 53
24 24 24 15 29 24 29 24 24 29 24 15 29 29 24 24 24 15 24 15 15 24 24
8 8 8 8 8 8 8
8 8 8 8 8 8 8
13 13 13 13 13 13 13 13 13
8 8 8 8 8 8 8
8 8 8 8 8 8 8
23 23 23 23 23 23 23 23 23 23 23 23 23 23 23 23 23
8 8 8 8 8 8 8
3 3 15 53 3 53 3 53 53 3
10 10 3 3 17 10 10 10 17 3 3 10
3 8 3 17 8 53 3 3 3 8 3 10 8 24 8 53 3 8
53 15 53 15 15 15 53 15 15 15 53 19 15 15
3 3 3 3 3 3 3 3 3 16 3
3 3 3 3 3 3 3 3 16 3 3
23 23 23 23 23 23 23 23 23 23 23 23 23 23 23 23 23
16 8 53 8 53 8 8 8 8 53 53
39 39 39 39 39 39 39 39 39 39 39 39 39 39 39 39 39 39 39 39 39 39 39 39 39 39 39 39 39 39 39 39
23 23 23 23 23 23 23 23 23 23 23 23 23 23 23 23 23
3 3 3 53 53 3 53 15 53 3
8 8 8 8 8 8 8
8 8 8 8 8 8 8
8 8 8 8 8 8 8
3 3 3 3 53 53 15 3 53 53
3 3 38 38 38 38 38 38 38 38 3 38 38 3 3 3 38 38 38 3 38 38 3 38 3 38 38 38 54 38 38 3 38 38 38 3 38 38 38 38 3 38 3 3 3 38
15 15 15 16 16 16 15 15 16 15 16 16 15 26 16 15 16 15 16 16
15 3 3 3 3 15 3 3 3 3
8 8 8 8 8 8 8
8 8 8 8 8 8 8
3 8 3 8 3 8 8 3 3 3 23 3 3 8 8 3 3
8 3 3 3 3 3 3 3 8 3 22 3 3 3 3 3
43 13 28 43 53 43 13 8 8 53 13 13 8 13 8 13 8 53 13 53 8 13
3 16 3 3 3 3 3 3 3 3 3
8 8 8 8 8 8 8
43 3 3 13 43 3 43 3 3
8 8 8 8 8 8 8 18 8 8 8 8 8
3 3 53 53 10 53 53 53 53 29 3 8 8 53 8 15 3 3 8 3 53 53 53
8 53 8 53 53 8 16 8 8 8 53
3 10 8 10 8 3 8 3 3 10 8 8 10 10 10 8 10 10 25
10 13 8 8 10 19 8 10 10 8 10 10 8 10
13 13 13 13 13 13 13 13 13
8 8 8 8 8 8 8
8 8 8 8 8 8 8
37 38 38 37 38 38 38 37 0 0 38 38 37 37 37 38 38 37 38 0 37 38 0 37 38 0 38 37 0 38 38 38 37 38 38 38 37 41 0 37 38 0 37 38 0 0 37 37 38 37 38
10 10 10 10 10 10 10 10
8 8 8 8 8 8 8
3 24 3 10 3 3 10 3 3 10 3 8 3 13 10 10 3 10
53 3 3 53 3 53 3 53 15 3
10 10 10 10 10 10 10 10
53 8 53 53 43 8 43
53 53 10 3 53 3 3 53 53 3 3 3 44 43 3 53 3 3 3 3 3 3 3 3 3 3 53 43 3 3 53 3 3 3 3 3
37 37 37 37 37 37 37 37 37 37 37 37 37 37 37 37 37 37 37 37 37 37 37 37 37 37 37 37 37 37
24 24 24 24 24 24 24 24 24 24 24 24 24 24 24 24 24 24
23 23 23 23 23 23 23 23 23 23 23 23 23 23 23 23 23
3 10 10 10 24 3 10 3 3 10 3 3 3 10 3 3 10 3
16 53 8 8 8 53 8 53 53 8 8
53 20 8 20 53 20 20 20 8 20 20 53 20 8 20 36 20 53 20 8 20 53 53 20 8 53 8 20 53
3 8 8 8 3 17 8 8 8 3 3 3
8 8 8 8 8 8 8
8 8 8 8 8 8 8
8 8 8 8 8 8 8
3 43 3 53 53 8 53 53 3 3 53 8 3 3 3 53 53 3 34 3 3 43 3 3 43 53 3
3 13 43 43 43 3 3 3 3
15 15 15 15 15 15 15 15 15 15
8 8 8 8 8 8 8
15 15 15 15 15 15 15 15 15 15
16 8 3 3 3 3 8 8 8 3 3
8 8 8 8 8 8 8
16 53 8 8 53 8 53 8 53 8 8
43 53 53 10 53 43 53 43
8 3 8 8 23 8 3 8 8 3 10 3 3 3 3 3 3
8 8 8 8 8 8 8
13 13 13 13 13 13 13 13 13
8 8 8 8 8 8 8
8 8 8 8 8 8 8
3 43 32 43 43 3 3 3 16 3 53
8 8 8 8 8 8 8
8 8 8 8 8 8 8
16 8 8 53 53 8 8 53 8 8 53
10 10 43 10 10 10 43 16 43 10 10
13 13 13 13 13 13 13 13 13
8 8 8 8 8 8 8
20 3 3 53 53 3 3 3 3 53 3 3 3 3 53
37 37 37 37 37 37 37 37 37 37 37 37 37 37 37 37 37 37 37 37 37 37 37 37 37 37 37 37 37 37
10 10 10 10 10 10 10 10
8 8 8 8 8 8 8
3 13 13 13 19 15 3 13 8 13 3 3 13 13
10 10 10 10 10 10 10 10
8 8 8 8 8 8 8
10 3 3 10 10 17 10 10 3 10 3 17
8 8 8 8 8 8 8
19 3 53 3 3 53 53 53 3 53 53 53 3 53
43 8 43 43 43 43 43
53 3 3 43 3 43 3 43 53 53 18 3 53
8 3 3 8 3 3 3 16 3 3 3
10 10 10 10 10 10 10 10
8 8 8 8 8 8 8
10 3 3 10 10 17 10 10 3 10 3 17
3 3 3 3 3 3 3 3 16 3 3
8 8 8 8 8 8 8
10 10 10 10 10 10 10 10
53 53 43 3 53 27 53 53 53 3 53 53 3 53 53 3 43 3 53 53 43
8 8 8 8 8 8 8
8 8 8 8 8 8 8
8 8 8 8 8 8 8
53 3 53 3 3 15 53 53 3 3
8 8 8 8 8 8 8
3 8 8 8 8 3 3 17 3 8 3 8
3 3 43 8 53 3 3 53 17 43 53 3
10 10 43 10 10 16 43 10 43 10 10
3 15 3 3 19 8 8 8 8 16 8 8 8 19
8 8 8 8 8 8 8
8 8 8 8 8 8 8
10 10 10 10 10 10 10 10
37 37 37 37 37 37 37 37 37 37 37 37 37 37 37 37 37 37 37 37 37 37 37 37 37 37 37 37 37 37
8 8 8 8 8 8 8
13 13 13 13 13 13 13 13 13
8 8 8 8 8 8 8
3 3 3 3 3 3 3 16 3 3 3
10 10 10 10 10 10 10 10
8 8 18 8 8 8 8 8 8 8 8 8 8
8 8 8 8 8 8 8
10 10 10 10 10 10 10 10
20 20 20 20 20 20 20 20 20 20 20 20 20 20 20
8 8 8 8 8 8 8
10 10 10 10 10 10 10 10
8 8 8 8 8 8 8
16 16 16 16 16 16 16 16 16 16 16
43 43 8 8 3 8 3 43 19 8 3 16 3 8
8 8 8 8 8 8 8
8 8 8 8 8 8 8
53 53 53 10 53 10 53 53
15 15 15 15 15 15 15 15 15 15
8 8 8 8 8 8 8
3 3 10 3 10 3 10 10 10 3 18 10 10
37 38 38 37 38 38 38 37 0 0 38 38 37 37 37 38 38 37 38 0 37 38 0 37 38 0 38 37 0 38 38 38 37 38 38 38 37 41 0 37 38 0 37 38 0 0 37 37 38 37 38
3 3 3 3 3 3 3 3 16 3 3
24 24 24 24 24 24 24 24 24 24 24 24 24 24 24 24 24 24
53 43 43 10 43 53 53 53
10 10 10 10 10 10 10 10
8 8 8 8 8 8 8
16 16 53 53 10 10 10 10 10 53 10
15 15 15 15 15 15 15 15 15 15
8 8 8 8 8 8 8
10 10 10 10 10 10 10 10
3 3 3 20 53 53 3 53 3 3 53 3 3 3 3
3 3 8 3 8 8 8 16 3 8 16
15 3 3 53 3 3 53 53 53 3
8 8 8 8 8 8 8
8 8 8 8 8 8 8
10 10 10 10 20 10 10 10 10 10 10 10 10 10 10
53 53 3 3 53 15 3 3 53 3
53 53 53 16 43 43 43 43 53 43 43
8 8 8 8 8 16 53 53 8 53 53
10 10 10 10 10 10 10 10
8 8 8 8 8 8 8
16 53 8 8 8 53 8 8 53 53 8
10 10 10 10 10 10 10 10
53 53 13 53 53 53 53 53 53
3 53 53 3 15 53 3 53 3 3
8 8 8 8 8 8 8
8 8 8 8 8 8 8
15 15 15 15 15 15 15 15 15 15
20 20 20 20 20 20 20 20 20 20 20 20 20 20 20
15 15 15 15 15 15 15 15 15 15
8 8 8 8 8 8 8
3 3 10 53 3 13 3 10 3 3 3 3 53 16 10 13 3 53 3 3 3 10 3 3 33 10
8 8 8 8 8 8 8
24 24 24 24 24 24 24 24 24 24 24 24 24 24 24 24 24 24
53 53 53 8 53 43 43 53 53 53 43 43 19 43
3 43 3 3 8 8 3 43 8 3 43 34 3 53 3 3 43 8 43 8 53 3 53 8 3 43 53
53 3 3 53 53 53 3 53 53 19 53 3 53 3
10 10 10 10 10 10 10 10
10 10 10 10 10 10 10 10
13 3 3 3 43 43 43 3 3
10 10 10 10 10 10 10 10
13 13 13 13 13 13 13 13 13
8 8 8 8 8 8 8
3 3 43 43 43 3 13 3 3
8 8 8 8 8 8 8
10 10 10 10 10 10 10 10
10 10 10 10 10 10 10 10
24 38 24 38 55 38 38 24 38 38 42 29 39 38 25 24 24 38 24 25 38 38 24 25 38 38 38 38 55 39 38 24 38 38 38 39 24 39 38 24 38 38 39 25 24 38 38
8 8 8 8 8 8 8
13 13 13 13 13 13 13 13 13
8 8 8 8 8 8 8
8 8 8 8 8 8 8
3 3 3 3 10 32 32 3
24 24 24 24 24 24 24 24 24 24 24 24 24 24 24 24 24 24
8 8 8 8 8 8 8
24 24 24 24 24 24 24 24 24 24 24 24 24 24 24 24 24 24
3 3 3 53 53 13 3 13 53
17 17 17 17 17 17 17 17 17 17 17 17
8 8 8 8 8 8 8 8 8 18 8 8 8
3 53 3 27 8 3 53 3 8 53 53 53 3 3 53 53 3 3 3 3 8
15 37 38 15 38 37 38 38 38 37 0 0 38 38 37 37 37 38 38 15 37 15 38 0 37 15 15 38 0 37 38 15 5 38 37 5 38 38 38 37 38 38 38 37 41 0 37 38 0 37 38 0 0 37 37 38 37 38 15
10 10 10 10 10 10 10 10
20 20 20 20 20 20 20 20 20 20 20 20 20 20 20
3 53 3 3 15 3 3 53 53 53
8 8 8 8 8 8 8
8 8 8 8 8 8 8
8 53 3 53 3 3 26 23 3 3 8 53 3 3 3 3 13 3 13 3
15 20 3 3 15 3 3 15 15 15 15 15 15 3 15
13 13 13 13 13 13 13 13 13
16 3 3 3 3 3 3 3 3 3 3
8 8 8 8 8 8 8
17 17 17 17 17 17 17 17 17 17 17 17
20 20 20 20 20 20 20 20 20 20 20 20 20 20 20
37 37 37 37 37 37 37 37 37 37 37 37 37 37 37 37 37 37 37 37 37 37 37 37 37 37 37 37 37 37
15 15 15 15 15 15 15 15 15 15
15 3 3 53 53 3 3 53 53 3
8 43 8 8 15 43 8 8 43 8
3 8 3 3 3 23 3 8 3 8 3 3 8 3 8 3 8
20 37 20 37 20 50 37 20 37 37 37 37 20 37 37 20 37 20 37 20 37 20 37 37 20 37 20 20 37 37 37 37 37 37 37 50 37 37 37 37 20 37 37
53 43 10 53 43 43 53 53
8 8 8 8 8 8 8
10 10 10 17 53 53 53 53 10 10 10 10
43 15 43 43 43 43 43 43 43 43
8 8 8 8 8 8 8
8 8 8 8 8 8 8
3 3 3 53 3 53 53 3 15 53
10 10 10 10 10 10 10 10
8 8 8 8 8 8 8
3 16 3 3 3 3 3 3 3 3 3
53 8 3 3 53 8 8 53 3 53 53 8 3 53 3 3 53 3 3 3 53 53 3 3 3 3 53 8 53 8 53 3 3 41
3 43 3 43 13 3 3 3 43
15 53 3 3 3 3 3 53 53 53
10 10 10 10 10 10 10 10
37 38 38 37 38 38 38 37 0 0 38 38 37 37 37 38 38 37 38 0 37 38 0 37 38 0 38 37 0 38 38 38 37 38 38 38 37 41 0 37 38 0 37 38 0 0 37 37 38 37 38
53 8 53 16 8 53 8 53 8 8 8
8 8 8 8 8 8 8
53 53 53 53 53 53 53 53 13
39 39 39 39 39 39 39 39 39 39 39 39 39 39 39 39 39 39 39 39 39 39 39 39 39 39 39 39 39 39 39 39
3 3 3 17 3 8 8 8 8 3 8 8
3 13 3 3 3 3 13 13 3
8 8 8 8 8 8 8
13 13 13 13 13 13 13 13 13
8 8 8 8 8 8 8
3 3 8 3 53 13 13 53 3
8 8 8 8 8 8 8
53 3 53 24 3 3 3 3 3 3 3 3 3 43 43 43 53 53
8 8 8 8 8 8 8
13 13 13 13 13 13 13 13 13
8 8 8 8 8 8 8
10 10 10 10 10 10 10 10
23 23 23 23 23 23 23 23 23 23 23 23 23 23 23 23 23
53 15 3 3 53 3 3 53 3 53
24 3 13 53 8 8 13 13 13 53 13 8 3 13 53 13 3 13
3 15 3 3 3 15 3 3 3 3
24 23 20 29 23 23 24 25 56 25 23 20 24 20 24 20 24 20 20 24 20 23 24 23 20 24 24 20 29 20 20 20 24 24 23 23 24 23 20 23 25 25 20 25 24 24 24 23
53 53 25 16 17 16 53 16 53 3 16 53 53 53 16 16 16 16 16
24 24 24 24 24 24 24 24 24 24 24 24 24 24 24 24 24 24
13 13 13 13 13 13 13 13 13
3 3 3 3 3 3 3 3 3 3 16
37 38 38 37 38 38 38 37 0 38 38 38 37 37 37 38 38 37 38 0 37 38 0 37 38 0 38 37 0 38 38 0 37 38 38 38 37 41 0 37 38 0 37 38 0 0 37 37 38 37 38
3 3 3 3 3 16 3 3 3 3 3
3 53 3 3 53 3 53 15 53 3
8 8 8 8 8 8 8
3 15 3 19 19 15 3 15 15 15 15 15 15 3
8 8 3 8 3 27 8 8 8 8 8 8 43 43 43 8 8 3 10 3 8
8 53 53 8 53 8 8
3 25 13 8 13 19 8 3 3 3 13 13 8 3 8 13 13 8 13
13 13 3 13 19 3 13 3 13 3 13 13 13 3
8 8 8 8 8 8 8
24 24 24 53 24 53 24 53 24 24 24 24 24 24 24 53 24 24 24 24 28 24
3 17 3 8 8 8 3 8 3 8 3 8
43 3 3 3 53 3 3 8 3 3 3 3 3 53 3 3 43 3 53 29 3 3 43
10 10 10 10 10 10 10 10
8 53 8 53 8 53 53
13 13 53 13 20 13 13 53 53 53 53 16 13 53 16
53 8 15 8 8 15 53 8 53 8
24 24 24 24 24 24 24 24 24 24 24 24 24 24 24 24 24 24
8 8 8 8 8 8 8
8 3 3 17 8 3 8 3 8 3 8 8
3 15 53 3 53 53 53 3 3 3
8 8 8 8 8 8 8
8 8 8 8 8 8 8
8 8 8 8 8 8 8
43 3 3 43 3 43 3 13 3
39 39 39 39 39 39 39 39 39 39 39 39 39 39 39 39 39 39 39 39 39 39 39 39 39 39 39 39 39 39 39 39
13 13 13 13 13 13 13 13 13
8 53 53 8 8 16 53 8 53 8 8
53 53 53 53 43 53 53 53 43 17 43 53
3 3 10 10 3 3 3 10 18 10 10 10 10
3 3 16 3 3 3 3 3 3 3 3
53 3 13 13 3 3 3 53 53
15 15 15 15 15 15 15 15 15 15
8 17 3 3 3 8 8 3 8 3 8 8
10 10 10 10 10 10 10 10
3 13 17 8 8 8 8 8 8 3 3 8
8 17 8 17 23 3 17 17 8 3 13 3 3 3 3 17 8 17 48 3 3 13 17 17 3 8 3 3 3 17 3 3 3 17 3 3 3 8 3 8
8 8 8 8 8 8 8
3 3 53 3 3 53 3 15 53 53
53 8 8 8 53 53 53 8 8 16 8
8 8 8 8 8 8 8
3 3 3 16 3 3 3 3 3 3 3
43 43 53 10 53 43 53 53
8 8 8 8 8 8 8
10 3 3 3 10 3 3 3 3 8 3 3 3 3 10 3 3 10 3 3 3 10 8 16 3 10 10 41 3 3 8 3 10 10
24 24 38 42 8 24 38 38 38 2 8 24 38 38 26 24 24 38 38 24 24 38 8 24 24 38 38 24 26 24 8 38 38 38 42 38 8 24 38 38 38 38 38 8 38 38 38 26 38 38 38 38 26 38
3 13 3 3 3 3 3 13 3 3 3 3 3 19
3 3 3 3 3 3 3 3 3 3 16
39 39 39 39 39 39 39 39 39 39 39 39 39 39 39 39 39 39 39 39 39 39 39 39 39 39 39 39 39 39 39 39
8 8 8 8 8 8 8
53 53 3 3 53 15 3 53 3 3
8 8 8 8 8 8 8
8 8 8 8 8 8 8
10 10 10 10 10 10 10 10
8 10 10 10 8 8 8 10 19 10 8 10 10 8
24 24 24 28 17 41 24 17 41 31 24 19 16 22 41 17 23 17 18 41 25 17 25 16 41 25 17 24 17 26 25 31 25 16
53 13 53 13 10 13 53 53 8 13 53 53 13 13 13 26 13 8 13 53
16 16 16 16 16 16 16 16 16 16 16
19 19 19 19 19 19 19 19 19 19 19 19 19 19
16 16 16 16 16 16 16 16 16 16 16
16 16 43 16 43 16 16 16 16 16 16 16 19 43
17 17 17 17 17 17 17 17 17 17 17 17
15 15 15 15 15 15 15 15 15 15
10 10 10 10 10 10 10 10
8 3 8 8 8 8 3
13 13 13 13 13 13 13 13 13
16 16 16 16 16 16 16 16 16 16 16
23 23 23 23 23 23 23 23 23 23 23 23 23 23 23 23 23
10 10 10 10 10 10 10 10
15 20 20 15 15 15 15 15 13 16 16 20 20 13 13
10 10 10 10 10 10 10 10
26 26 26 26 26 26 26 26 26 26 26 26 26 26 26 26 26 26 26 26
10 10 10 10 10 10 10 10
10 10 10 10 10 10 10 10
16 16 16 16 16 16 16 16 16 16 16
53 3 3 15 53 3 53 53 3 3
26 26 27 19 26 31 20 31 26 26 31 26 26 31 31 26 19 26 31 26 31 31 19 31 19
8 8 8 8 8 8 8
8 8 8 8 8 8 8
13 13 13 13 13 13 13 13 13
13 53 53 53 53 53 53 53 53
13 13 13 13 13 13 13 13 13
10 10 10 10 10 10 10 10
8 8 8 8 8 8 8
8 8 8 8 8 8 8
8 8 8 8 8 8 8
13 15 15 15 13 15 15 15 15 15
15 15 15 15 15 15 15 15 15 15
13 13 13 13 13 13 13 13 13
10 10 10 10 10 10 10 10
16 16 16 16 16 16 16 16 16 16 16
24 40 29 16 23 28 24 24 27 10 23 24 23 27 25 13 25 24 24 24 50 24 23 10 10 10 24 24 26 24 13 10 23 37 23 23 26 29 13 31 29 24 24
26 26 24 10 35 24 19 23 20 26 39 36 23 31 23 39 24 36 24 10 26 26 26 10 26 26 18 24 19 56 23 38 38 45 23 31 26 24 3 23 8 2 23 38 31 8 31 19 28 47 24 31 24 25
53 16 43 18 16 13 53 18 43 16 18 18 53 18 43 53 13 18 26 16
8 8 8 8 8 8 8
13 13 13 13 13 13 13 13 13
23 16 16 16 16 13 13 13 16 13 13 16 23 13 16 23 16
25 25 25 25 25 25 25 25 25 25 25 25 25 25 25 25 25 25 25
17 17 17 17 17 17 17 17 17 17 17 17
8 8 8 8 8 8 8
15 15 53 53 18 15 15 18 15 53 15 15 15
8 8 8 8 8 8 8
26 26 24 30 24 26 25 24 26 25 24 24 26 26 26 25 38 38 38 38 26 26 24 26 38 38 26 26 25 38 24
10 10 10 10 10 10 10 10
8 8 8 8 8 8 8
10 10 8 10 10 3 10 8
53 3 8 8 3 8 8
13 13 13 13 13 13 13 13 13
8 8 8 8 8 8 8
10 10 10 10 10 10 10 10
10 10 10 10 10 20 10 10 10 10 10 10 10 10 10
15 15 10 10 8 15 10 15 15 8
10 10 10 10 10 10 10 10
16 8 8 8 16 16 8 16 16 16 23 8 16 16 16 8 16
13 13 13 13 13 13 13 13 13
16 18 16 16 20 40 17 20 16 24 10 8 20 17 20 16 30 20 16 16 20 16 38 16 16 16 18 8 20 16 20 20 42 16 10
10 53 10 53 10 10 10 53 10 17 53 10
13 13 13 13 13 13 13 13 13
15 43 8 43 8 8 8 8 43 8
10 10 10 10 10 10 10 10
3 13 10 13 13 10 13 13 3 10 10 13 27 10 13 10 3 3 10 13 3
13 13 13 13 13 13 13 13 13
23 23 23 23 23 23 23 23 23 23 23 23 23 23 23 23 23
15 15 53 53 18 15 15 18 15 53 15 15 15
8 8 8 8 8 8 8
17 17 17 17 17 17 17 17 17 17 17 17
8 8 8 8 8 8 8 8 8 8 8 8 18
10 53 3 17 53 10 3 3 10 53 3 53
17 17 29 18 17 17 18 17 17 17 17 17 17 17 17 17 17 17 19 17 17 17 17
3 8 8 17 8 3 8 3 8 3 3 8
10 10 10 10 10 10 10 10
8 8 19 8 13 13 13 13 8 19 13 13 8 13
19 13 13 13 13 13 13 19 19 13 19 13 13 13
10 22 22 16 15 10 15 15 16 10 15 10 15 16 10 16
18 15 15 15 27 19 15 15 15 15 15 15 15 15 15 3 15 3 15 15 18
8 8 8 8 8 8 8
10 10 10 10 10 10 10 10
43 8 19 15 23 43 15 8 8 15 15 15 43 19 8 15 15
10 10 10 10 10 10 10 10
10 10 10 10 10 10 10 10
17 13 13 13 13 8 13 13 8 8 17 13 20 13 13
13 13 13 13 13 13 13 13 13
13 13 13 13 13 13 13 13 13
10 13 17 13 13 10 17 17 17 10 17 13
53 53 43 53 53 10 43 43
13 13 13 13 13 13 13 13 13
8 8 3 3 8 18 3 3 10 8 8 18 10
13 13 13 13 13 13 13 13 13
19 19 19 19 19 19 19 19 19 19 19 19 19 19
10 10 10 10 10 10 10 10
10 10 10 10 10 13 10 10 13 10 10 10 10 10 10 10 10 28 10 10 10 10
3 3 17 8 3 8 3 8 53 3 3 3
10 10 8 8 10 18 18 8 8 10 10 10 8
43 8 8 8 8 43 43 8 15 8
8 8 8 8 8 8 8
13 3 3 3 3 19 13 13 13 13 13 13 13 3
8 8 8 8 18 8 8 8 8 8 8 8 8
10 10 10 10 10 10 10 10
15 15 15 15 15 15 15 15 15 15
16 16 16 16 16 16 16 16 16 16 16
3 53 8 8 8 3 8
8 8 8 8 8 8 8
10 10 10 10 24 16 8 8 10 10 16 10 10 10 10 8 16 10
26 26 26 26 26 26 26 26 26 26 26 26 26 26 26 26 26 26 26 26
13 13 13 13 13 13 13 13 13
23 23 23 23 23 23 23 23 23 23 23 23 23 23 23 23 23
8 8 21 16 8 8 43 8 43 8 43
23 23 23 23 23 23 23 23 23 23 23 23 23 23 23 23 23
13 13 13 13 13 13 13 13 13
13 13 13 13 13 13 13 13 13
8 8 3 3 3 8 3 8 17 8 8 3
8 8 8 8 8 8 8
8 8 8 8 8 8 8
8 8 8 8 8 8 8
13 13 13 13 13 13 13 13 13
19 19 19 19 19 19 19 19 19 19 19 19 19 19
8 8 8 8 8 8 8
25 25 25 25 25 25 25 25 25 25 25 25 25 25 25 25 25 25 25
8 8 8 8 8 8 8
53 8 53 53 53 8 8
13 13 13 13 13 13 13 13 13
8 8 8 8 8 8 8
15 15 15 15 15 15 15 15 15 15
15 10 15 10 3 15 10 3 15 10
13 13 13 13 13 13 13 13 13
26 26 26 26 26 26 26 26 26 26 26 26 26 26 26 26 26 26 26 26
8 8 8 8 8 8 8
17 17 17 17 17 17 17 17 17 17 17 17
10 10 10 10 10 10 10 10
13 13 13 13 13 13 13 13 13
13 13 13 13 13 13 13 13 13
8 10 8 18 10 10 10 10 8 8 18 10 8
53 53 13 13 13 53 43 22 13 13 13 13 13 43 53 43
22 16 3 16 3 16 3 3 10 16 16 16 16 16 17 17
10 10 10 10 10 10 10 10
18 20 18 20 20 20 20 18 18 20 20 20 16 20 16
8 43 15 8 8 43 8 43 8 8
13 13 13 13 13 13 13 13 13
10 10 17 16 24 16 16 10 16 10 15 16 16 10 16 16 10 17
13 20 13 13 15 15 15 13 19 20 15 20 13 15 13
25 25 25 25 25 25 25 25 25 25 25 25 25 25 25 25 25 25 25
8 8 19 10 10 10 10 10 8 8 10 8 8 10
10 8 10 10 36 10 43 8 10 3 10 10 8 10 10 8 10 3 10 10 3 8 10 8 10 3 43 3 43
34 13 8 10 13 16 16 8 8 8 16 16 16 15 8 10 18 22 13 8 34 10 10 16 16 16 8
19 19 19 19 19 19 19 19 19 19 19 19 19 19
10 10 10 10 10 10 10 10
3 43 43 43 13 3 3 3 3
8 8 8 8 8 8 8
10 10 10 10 10 10 10 10
8 8 8 8 8 8 8
16 16 16 16 16 16 16 16 16 16 16
8 8 8 8 8 8 8
10 10 10 10 10 10 10 10
10 10 10 10 10 10 10 10
10 10 10 10 10 10 10 10
26 26 26 26 26 26 26 26 26 26 26 26 26 26 26 26 26 26 26 26
10 10 10 10 10 10 10 10
8 8 8 8 8 8 8
53 8 8 53 8 8 53 16 8 53 8
8 53 8 3 8 53 3 3 53 8 8 8 53 3 3 22
26 26 26 26 26 26 26 26 26 26 26 26 26 26 26 26 26 26 26 26
10 10 10 10 18 10 10 10 18 10 18 10 10
13 13 13 13 13 13 13 13 13
13 13 8 8 13 8 13 13 19 19 13 8 8 13
53 18 13 13 53 13 13 13 13 53 13 53 13
19 15 15 3 8 3 8 3 8 19 8 3 8 8
8 8 8 8 8 8 8
10 10 10 10 10 10 10 10
13 13 13 13 13 13 13 13 13
15 15 15 15 15 15 15 15 15 15
3 16 3 3 3 3 3 3 3 3 3
13 13 13 13 13 13 13 13 13
26 10 26 26 3 26 26 53 26 26 26 26 3 26 26 3 10 34 26 3 26 26 26 26 27 26 26
15 15 15 15 15 15 15 15 15 15
13 13 19 13 3 8 24 3 13 8 13 8 8 3 13 13 3 16
25 25 25 25 25 25 25 25 25 25 25 25 25 25 25 25 25 25 25
43 43 43 43 43 8 43
23 23 3 10 26 10 10 10 23 3 23 3 17 23 10 10 17 10 10 23 10 23 10 10 10 58 3 23 26 10 10 10 23 26 10 3 23 3 10 8 18 23 10 10 8 10 23 10 23 10
8 8 8 8 8 8 8
16 17 3 15 8 13 10 3 13 3 10 17
17 17 17 17 17 17 17 17 17 17 17 17
8 8 8 8 8 8 8
15 15 15 15 15 15 15 15 15 15
10 10 10 10 10 10 10 10
24 24 24 24 24 24 24 24 24 24 24 24 24 24 24 24 24 24
13 13 13 13 13 13 13 13 13
13 13 13 13 13 13 13 13 13
23 23 23 23 23 23 23 23 23 23 23 23 23 23 23 23 23
15 15 15 15 15 15 15 15 15 15
15 15 15 15 15 15 15 15 15 15
8 8 8 8 8 8 8
15 15 15 15 19 19 15 3 15 3 15 3 15 3
10 10 10 10 10 10 10 10
18 10 10 10 10 3 10 3 10 3 10 3 3
8 8 8 8 8 8 8
13 13 13 13 13 13 13 13 13
23 23 23 23 23 23 23 23 23 23 23 23 23 23 23 23 23
53 10 53 10 10 10 17 10 53 53 10 10
8 8 8 8 8 8 8
13 13 13 13 13 13 13 13 13
8 8 10 8 17 17 10 17 10 10 10 8
53 10 10 53 43 20 10 43 53 53 10 10 43 10 10
10 15 15 16 15 25 10 10 8 15 16 15 15 8 8 10 25 15 15
24 48 28 23 24 24 8 26 28 43 23 24 23 26 24 24 24 24 40 24 8 23 24 43 24 24 25 24 23 23 26 13 25 8 23 35 24 24 43 24
53 8 8 53 8 8 8 53 16 8 53
13 13 13 13 13 13 13 13 13
10 10 10 10 10 10 10 10
10 10 10 10 10 10 10 10
13 13 13 13 13 13 13 13 13
8 8 8 8 8 8 8
10 10 10 10 10 10 10 10
15 15 15 15 15 15 15 15 15 15
17 17 17 17 17 17 53 17 53 17 17 17 53 53 17 22
10 3 10 10 10 3 18 3 3 10 10 10 3
8 8 8 8 8 8 8
13 13 13 13 13 13 13 13 13
15 15 15 15 15 15 15 15 15 15
13 13 13 13 13 13 13 13 13
16 38 26 24 35 13 24 19 16 15 12 41 9 25 16 15 16 19 41 24 13 16 27 28 44 25 38 19 15 16 16 26 10 38 28 44 10 25 19 10 25 13 10 26 15 38 57 22 25 22 15 24 20 25 15 26 47 15 16 10 38 44 15 25 31 25 38 33 20 25 33 26 20 16 28 26 25 25
3 8 53 8 27 8 8 8 8 53 3 3 17 3 3 53 53 53 8 3 3
8 8 8 8 8 8 8
15 10 54 13 53 43 53 8 3 43 10 8 53 3 53 10 17 15 8 17 10 43 8 10 8 53 53 8 3 8 53 53 8 10 8 8 10 43 43 53 10 3 10 8 15 53
8 8 8 8 8 8 8
53 53 53 53 53 53 53 53 18 53 53 53 53
16 13 53 13 8 13 53 16 19 13 16 53 35 16 13 8 13 8 16 16 13 53 8 16 16 8 16 16
10 10 10 10 10 10 10 10
19 10 19 3 10 3 3 19 10 3 3 3 10 19
8 8 8 8 8 8 8
16 16 16 16 16 16 16 16 16 16 16
19 19 19 19 19 19 19 19 19 19 19 19 19 19
10 10 10 10 10 10 10 10
17 53 17 17 53 17 17 17 53 17 17 17 22 17 17 53
3 3 16 8 8 3 3 3 3 3 3
10 10 10 10 10 10 10 10
18 15 15 15 15 15 53 15 18 15 53 53 15
13 13 13 53 18 13 13 53 13 13 53 13 53
15 15 15 15 15 15 15 15 15 15
8 8 8 8 8 8 8
10 10 10 10 10 10 10 10
8 53 8 8 53 8 8 16 53 53 8
26 26 26 26 26 26 26 26 26 26 26 26 26 26 26 26 26 26 26 26
8 8 8 8 8 8 8
24 24 24 24 24 24 24 24 24 24 24 24 24 24 24 24 24 24
38 26 26 26 25 38 38 38 26 38 25 25 26 26 38 25 25 25 26 26 26 38 25 26 38 27 25 26 26 25 25
16 16 16 16 16 16 16 16 16 16 16
3 16 8 16 16 10 16 16 8 10 10
13 13 13 13 13 13 13 13 13
10 3 10 3 3 10 3 10 10 10 3 18 10
13 3 43 3 43 3 3 43 3
10 10 10 10 10 10 10 10
8 8 8 8 8 8 8
19 15 15 3 8 3 8 3 8 19 8 3 8 8
38 26 27 19 26 25 25 20 44 38 26 44 25 19 44 26 26 44 25 26 19 25 26 31 26 44 25 31 44 33 25 26 19 25 25 25
8 8 8 8 8 8 8
16 16 16 16 16 16 16 16 16 16 16
8 8 8 8 8 8 8
16 16 16 16 16 16 16 16 16 16 16
8 8 8 8 8 8 8
10 10 10 10 10 10 10 10
8 8 8 8 8 8 8
8 8 8 8 8 8 8
13 13 13 13 13 13 13 13 13
8 8 8 8 8 8 8
24 24 23 38 17 8 52 24 16 17 28 16 23 52 56 16 36 16 22 16 25 23 8 31 13 23 24 19 24 18 51 23 16 24 24 31 20 23 17 24 23 36 24 8 40 16 16 28
10 8 13 15 13 8 13 53 8 8 13 13 10 53 13 8 8 8 53 13 10 3 8 13 13 13 15 13 20 50 8 8 20 13 53 16 13 13 3 3 8 8 13
8 8 8 8 8 8 8
23 23 23 23 23 23 23 23 23 23 23 23 23 23 23 23 23
8 8 8 8 8 8 8
10 10 10 10 10 10 10 10
10 8 10 16 16 8 16 10 8 16 10
24 24 24 24 24 24 24 24 24 24 24 24 24 24 24 24 24 24
10 10 10 10 10 10 10 10
3 3 23 8 3 3 3 8 3 8 3 8 8 8 3 3 3
8 8 8 8 8 8 8
13 13 19 13 8 19 13 13 8 13 8 13 8 8
24 16 23 20 25 24 23 23 25 13 24 29 23 29 23 24 13 23 15 23 24 13 29
13 53 13 53 13 13 53 13 13 13 53 13 18
19 19 13 13 28 13 19 13 13 19 19 19 19 13 13 19 19 19 13 19 19 19
8 8 8 8 8 8 8
13 13 13 13 13 13 13 13 13
3 3 8 3 8 8 3 3 17 8 8 8
13 13 13 13 13 13 13 13 13
8 13 10 13 13 8 8 13 15 13 8 20 8 13 13
13 13 13 13 13 13 13 13 13
19 10 10 15 10 10 15 10 3 10 37 10 3 10 10 10 15 15 3 3 15 10 10 19 15 10 10 37 10 10
13 13 13 13 13 13 13 13 13
16 16 16 16 16 16 16 16 16 16 16
15 3 53 3 3 53 53 3 3 53
23 23 23 23 23 23 23 23 23 23 23 23 23 23 23 23 23
10 10 10 10 10 10 10 10
13 13 13 13 13 13 13 13 13
15 10 15 18 15 15 18 10 18 15 10 18 18
8 8 8 8 8 8 8
13 3 43 3 43 3 43 3 3
8 8 18 10 8 10 10 10 8 8 10 18 10
10 10 10 10 10 10 10 10
15 15 15 15 15 15 15 15 15 15
13 13 13 13 13 13 13 13 13
15 15 15 15 15 15 15 15 15 15
3 43 3 3 43 43 3 13 3
10 10 10 10 10 10 10 10
10 10 10 10 10 10 10 10
8 8 17 8 3 3 8 3 3 8 3 8
24 8 8 10 8 8 10 53 10 8 8 53 53 10 10 53 10 10
8 8 8 8 8 8 8
10 10 10 18 3 53 53 10 10 43 10 3 10
17 3 8 3 3 8 8 10 8 8 3 8
24 26 26 28 23 7 23 26 24 24 26 27 23 25 23 24 27 24 53 24 24 23 26 24 24 17 27 23 24 24 23 54 24 30 17 30 23 18 27 26 23 53 51 26 17 35 26 53 30 27 23 27 25 35 23 38 23 29 24 27 23 17 24
10 10 10 10 10 10 10 10
10 10 10 10 10 10 10 10
8 10 18 8 10 10 10 10 8 10 8 18 8
8 8 8 8 8 8 8
15 15 15 15 15 15 15 15 15 15
24 24 24 24 24 10 24 24 24 24 24 25 24 24 10 24 24 10 10 10 24 13 24 10 31
8 8 8 8 8 8 8
16 13 16 13 29 10 10 10 10 15 3 13 13 13 10 18 13 16 18 13 16 13 19
10 10 10 10 10 10 10 10
15 15 15 15 15 15 15 15 15 15
10 3 3 10 10 17 17 3 10 10 3 10
10 10 10 10 10 10 10 10
13 13 13 13 13 13 13 13 13
15 18 3 3 3 15 15 18 3 15 15 3 3 3 3 15 15 24
8 8 8 8 8 8 8
43 10 10 10 10 10 43 43 16 10 10
10 53 10 53 10 10 53 17 53 10 10 10
13 3 43 3 43 8 13 13 23 15 13 43 13 13 3 13 3
19 19 19 19 19 19 19 19 19 19 19 19 19 19
53 8 53 53 8 8 53
53 13 13 53 13 8 10 18 10 53 53 13 13
8 8 8 8 8 8 8
13 13 13 13 13 13 13 13 13
8 8 8 8 8 8 8
8 8 8 8 8 8 8
8 8 8 8 8 8 8
8 10 26 3 19 10 3 8 19 8 8 3 10 8 3 3 10 19 8 3
8 8 8 8 8 8 8
16 16 13 13 13 16 16 16 13 8 8
10 13 17 13 13 10 10 17 17 17 17 13
10 13 10 13 13 10 10 10 13 13 10 13 22 10 13 13
25 25 25 25 25 25 25 25 25 25 25 25 25 25 25 25 25 25 25
38 26 27 19 26 25 25 20 44 38 26 44 25 19 44 26 26 44 25 26 19 25 26 31 26 44 25 31 44 33 25 26 19 25 25 25
8 8 8 8 8 8 8
43 8 43 43 43 43 43
17 16 13 25 16 18 20 16 18 17 17 17 25 25 17 25 17 16 25
24 24 24 24 24 24 24 24 24 24 24 24 24 24 24 24 24 24
16 16 16 16 16 16 16 16 16 16 16
16 16 16 16 16 16 16 16 16 16 16
8 17 8 3 3 8 3 3 8 3 8 8
10 10 10 10 10 10 10 10
8 8 8 8 8 8 8
13 13 13 13 13 13 13 13 13
10 15 15 8 16 15 25 10 8 15 16 15 15 10 8 10 25 15 15
26 26 26 26 26 26 26 26 26 26 26 26 26 26 26 26 26 26 26 26
10 8 8 10 8 19 8 10 8 3 10 8 8 8
15 10 15 10 3 15 10 3 15 10
20 3 3 53 3 53 3 3 3 3 53 3 3 3 53
53 53 3 3 3 3 53 3 15 53
25 53 53 16 53 3 53 8 10 10 53 10 3 10 53 53 13 53 16
53 43 53 53 53 43 43 10
10 10 10 10 10 10 10 10
53 53 53 3 53 3 3 53 19 53 53 3 3 53
19 19 19 19 19 19 19 19 19 19 19 19 19 19
10 10 10 10 10 10 10 10
16 16 16 16 16 16 16 16 16 16 16
24 24 24 24 24 24 24 24 24 24 24 24 24 24 24 24 24 24
8 8 8 8 8 8 8
38 26 27 19 26 25 44 20 44 38 26 44 25 19 25 26 26 44 25 26 19 25 26 31 26 44 25 31 44 33 25 26 19 25 25 25
8 8 8 8 8 8 8
8 8 8 8 8 8 8
15 10 15 10 10 15 15 13 15 10 10 10 15 15 28 39 10 16 53 10 18 8 53 10 15 15 18 13 15 10 53 18
53 53 53 53 53 13 53 53 53
8 8 8 8 8 8 8
8 8 8 8 8 8 8
16 16 16 16 16 16 16 16 16 16 16
10 10 10 10 10 10 10 10
8 10 10 8 19 10 10 10 10 10 8 8 8 8
13 13 13 13 13 13 13 13 13
26 26 26 26 26 26 26 26 26 26 26 26 26 26 26 26 26 26 26 26
10 10 10 10 10 10 10 10
8 8 8 8 8 8 8
10 10 10 10 10 10 10 10
34 13 8 10 13 16 16 8 8 8 16 16 16 15 8 10 18 22 13 8 34 10 10 16 16 16 8
10 13 10 10 13 10 13 13 10 22 15 13 13 10 13 13
16 3 3 16 16 16 16 20 16 3 3 20 16 16 16
15 15 15 15 15 15 15 15 15 15
13 15 15 15 13 15 15 15 15 15
17 17 17 17 17 17 17 17 17 17 17 17
8 8 8 8 8 8 8
16 16 16 16 16 16 16 16 16 16 16
16 16 13 13 13 16 16 16 13 8 8
3 53 53 3 3 53 53 15 3 3
13 13 13 13 13 13 13 13 13
10 10 10 10 10 10 10 10
8 8 8 8 8 8 8
10 3 16 20 3 16 18 10 3 3 10 16 3 3 16 16 10 3 10 10 16 10 16 16 15 3 34
15 15 15 15 15 15 15 15 15 15
10 10 10 10 10 10 10 10
13 13 13 13 13 13 13 13 13
10 10 10 10 10 10 10 10
8 8 8 8 8 8 8
13 13 13 13 13 13 13 13 13
10 10 10 10 10 10 10 10
8 8 8 8 8 8 8
13 13 13 13 13 13 13 13 13
8 8 8 8 8 18 8 8 8 8 8 8 8
15 15 15 15 15 15 15 15 15 15
15 15 15 15 15 15 15 15 15 15
8 10 8 8 10 8 3 13 24 10 3 8 8 10 10 10 10 16
13 13 13 13 13 13 13 13 13
10 10 10 10 10 10 10 10
8 8 8 8 8 8 8
19 19 19 19 19 19 19 19 19 19 19 19 19 19
19 19 19 19 19 19 19 19 19 19 19 19 19 19
8 8 8 8 8 8 8
26 26 26 26 3 26 26 26 26 26 3 8 26 26 27 26 26 26 3 26 26 31 3 26 26
10 10 10 10 10 10 10 10
53 18 53 53 53 53 53 53 53 43 8 43 13
53 53 53 10 53 10 53 53
13 13 13 13 13 13 13 13 13
13 13 13 13 13 13 13 13 13
3 3 13 3 3 3 43 13 3 10 3 19 13 37 43 3 3 13 10 13 10 3 43 3 13 19 13 10 19 13
10 10 10 10 8 34 10 10 8 10 3 10 13 8 10 10 10 10 8 10 8 10 3 17 3 10 10
3 43 3 43 3 43 13 3 3
10 10 10 10 10 10 10 10
17 17 17 17 53 53 53 17 17 22 17 17 17 17 17 53
8 8 8 8 8 8 8
8 8 8 8 8 8 8
16 16 16 16 16 16 16 16 16 16 16
13 13 13 13 13 13 13 13 13
8 8 8 8 8 8 8
15 15 15 15 15 15 15 15 15 15
8 8 8 8 8 8 8
16 16 16 16 16 16 16 16 16 16 16
16 18 16 16 20 40 15 20 16 22 10 18 17 20 16 30 20 16 16 20 16 38 16 16 16 18 20 16 20 18 40 16 10
13 53 18 53 13 13 13 13 13 13 13 53 53
8 8 8 8 8 8 8
10 10 10 10 10 10 10 10
13 13 13 13 13 13 13 13 13
8 8 8 8 8 8 18 8 8 8 8 8 8
15 18 13 18 18 13 15 15 18 13 18 15 18
16 16 16 16 16 16 16 16 16 16 16
8 8 8 8 8 8 8
13 3 3 3 43 43 3 43 3
8 8 8 8 8 8 8
10 10 10 10 10 10 10 10
8 8 8 8 8 8 8
16 3 18 16 16 3 18 16 16 18 16 16 18
19 19 19 19 19 19 19 19 19 19 19 19 19 19
8 8 8 8 8 8 8
13 13 13 13 13 13 13 13 13
13 16 13 16 16 8 13 16 13 8 16 8 13 8 8 8 16 13 13 13 16 16 31 16 16
10 10 10 10 10 10 10 10
17 17 17 17 17 17 17 17 17 17 17 17
53 43 15 8 43 43 3 3 8 8
15 15 15 15 15 15 15 15 15 15
16 16 16 16 16 16 16 16 16 16 16
10 10 10 10 10 10 10 10
10 10 10 10 10 10 10 10
13 19 19 13 19 13 19 19 13 13 19 13 19 19 13 19 19 19 19 28 19 13
15 10 15 10 10 10 10 15 15 10 15 23 15 15 15 10 15
17 17 17 17 17 17 17 17 17 17 17 17
10 10 10 10 10 10 10 10
8 8 53 16 8 53 53 8 8 53 8
16 16 16 16 16 16 16 16 16 16 16
17 17 17 17 17 17 17 17 17 17 17 17
3 8 3 8 3 8 3 8 17 8 8 3
3 8 10 3 3 8 3 13 19 8 3 17 3 10 3 10 16 3 10 13 8 10 3 16 10 10 10 3 3 10 40 3 3
8 3 53 8 17 8 8 8 53 53 53 8 3 53 22 8
13 13 13 13 13 13 13 13 13
10 10 10 10 10 10 10 10
8 43 53 8 53 43 53
8 8 8 8 8 8 8
15 18 13 15 18 13 18 15 18 13 18 15 18
8 8 8 8 8 8 8
3 3 43 43 3 3 17 43 10 3 43 10
10 10 10 10 10 10 10 10
16 16 16 16 16 16 16 16 16 16 16
16 16 16 16 16 16 16 16 16 16 16
18 20 18 20 20 20 20 18 18 20 20 20 16 20 16
17 17 17 17 17 17 17 17 17 17 17 17
17 17 17 17 17 17 17 17 17 17 17 17
18 15 15 15 15 15 53 15 18 15 53 53 15
19 19 19 19 19 19 19 19 19 19 19 19 19 19
43 16 43 16 16 43 19 16 16 16 16 16 16 16
10 10 10 10 10 10 10 10
10 16 43 10 43 10 43 10 10 10 10
18 8 13 13 53 8 16 8 53 16 13 13 13 30 53 13 53 8 18 10 13 13 13 8
8 8 8 8 8 8 8
16 16 16 16 16 16 16 16 16 16 16
3 3 16 3 3 3 3 3 3 3 3
16 16 16 16 16 16 16 16 16 16 16
15 15 8 10 10 8 27 53 8 53 10 15 53 15 8 24 53 8 8 53 53
10 10 10 10 10 10 10 10
26 26 26 26 26 26 26 26 26 26 26 26 26 26 26 26 26 26 26 26