500 500 500 500 500 500 500
500 500 500 500 121 500 500 500 500 500 500 500 500
500 500 500 500 500 500 500
500 500 500 500 500 500 500
117 500 500 117 500 500 500 14 500 117
117 117 117 313 401 313 313 313
500 500 500 500 500 500 500
117 117 401 313 117 313 313 313
500 500 500 121 500 500 500 500 500 500 500 500 500
425 425 500 313 500 500 500 425 425 425 313 500 500 313 500 500 500 313 235 500 500 500
51 51 51 51 51 51 51 51
51 51 51 425 425 313 313 425 174 51 313 51 51 425 425 313 51
51 51 51 51 51 51 51 51
167 313 425 425 313 425 191 425 313 117 425 425 313 425 117 425 425 313 313 425 350 313
500 500 500 500 500 500 500
500 500 500 425 500 425 350 425 313 313 500 425 440 500 138 313
500 51 51 500 51 500 51 51 51 51 500 500 163 500
500 500 500 500 500 500 500
516 516 313 313 425 425 313 425 425
51 51 51 51 51 51 51 51
127 425 51 51 51 51 425 51 425 127 425 51
389 51 425 51 289 425 425 289 51 289 51 51 51 425 425 289 289 289 289 289 289 289 289 51
101 101 101 101 101 101 101 101 101
425 313 425 313 60 425 313 313 313 425 425 313 313 313
500 500 500 500 500 500 500
425 313 313 313 117 311 425 117 313 313 313 117 313 313 117 117 425 425 117 117 425 134
335 335 335 335 335 335 335 335 335 335 335 335 335 335 335 335 335 335 335 335 335 335 335 335 335 335 335 335 335 335 335 335 335 335 335 335 335 335
335 335 335 335 335 335 335 335 335 335 335 335 335 335 335 335 335 335 335 335 335 335 335 335 335 335 335 335 335 335 335 335 335 335 335 335 335 335
406 406 406 406 406 406 406 406 406 406 406 406 406 406 406
500 500 500 500 500 500 500
101 101 101 101 101 101 101 101 101
101 101 101 101 101 101 101 101 101
117 117 117 312 117 117 117
313 16 313 313 313 313 313 313 313 313 313 313 313
51 51 51 51 51 51 51 51
313 51 51 122 117 51 51 313 51 313 117 313 51 117 51
500 500 500 101 101 500 500 101 117 275 313 117 313 101 500 117 101 101 101 101 313 313
291 224 425 425 224 224 224 425 224 224 224 224 224 224 425 425
500 51 51 51 425 372 500 500 425 500 313 51 313 51 500 425 51 51 425 313 425 500 84 313 84 51 51 51 313 51 51 313
500 500 500 500 500 500 500
117 313 313 313 313 425 313 313 313 117 425 313 117 80 425 425 425
500 500 425 500 425 500 425 78 500 425 500 425
289 289 289 289 289 289 289 289 289 289 289 289
55 55 55 55 55 55 55 55 55 55 55 55 55 55 55 55 55 55 55 55 55 55
101 101 101 101 101 101 101 101 101
500 117 117 500 117 117 117 117 500 117 117 500 117 117 117 500 117 500 97
101 101 101 101 101 101 101 101 101
500 500 500 500 500 500 500
252 101 252 160 289 252 101 431 289 160 160 252 289 289 289 431 289 289 252 289 289 289
500 500 500 500 500 500 500
500 500 500 500 500 500 500
160 101 101 160 339 160 101 101 192 160 171 101 192 160 101 339 192
51 51 51 51 51 51 51 51
369 500 500 425 369 369 58 369 388 425 369 425 313 425 515 440 425 313 369 425 369 425 369 500 425 500 58 388 3 500 425 476 369 369 388 425
101 51 51 101 51 51 101 101 254 51 101 101 51 101 101 51
72 51 425 72 425 29 51 51 425 29 425 425 425 72 425 313 313 425 453 313 86 331 425 313 313 92
500 117 500 500 53 117 500 117 500 53 117
313 117 117 455 313 117 313 117 117 313 117
500 500 500 500 500 500 500
51 51 51 51 51 51 51 51
313 425 425 369 369 51 51 313 313 467 369 117 369 425 51 425 369 425 425 51 117 313 51 369 51 369 369 425 51 369 369 117 369 425 425 425 369 369
160 160 51 160 51 160 160 160 297 160 160 160 51 51 51 51 51
500 117 500 500 425 425 500 117 117 425 500 425 425 107 500
289 289 289 289 289 289 289 289 289 289 289 289
117 117 500 117 500 500 14 500 500 500
101 101 77 101 101 101 425 500 101 425 425 425 425 425 500 101 500 425 363 425 500 425 500 425 110 440 425 425 425
51 51 51 51 51 51 51 51
350 67 425 425 425 117 425 351 313 425 313 117 313 117 117
406 333 333 333 333 406 333 406 406 333 406 406 333 406 406 333 406 406 406 333 512 406 333 406 406 333 333
313 51 313 3 313 425 425 3 313 51 425 350 425 425 425 51 313 51 313 440 51 51 322 313 51 3 425 425
500 78 425 425 425 500 425 500 500 500 425 500
51 51 51 51 51 51 51 51
160 224 160 381 224 224 224 160 224 224 160 170 229 160 224 160 224 160 160 224
160 160 160 160 160 160 160 160 160 160
289 289 289 289 289 289 289 289 289 289 289 289
369 369 160 313 51 160 160 313 369 160 160 240 240 369 160 160 240 240 369 160 369 313 160 0 160 160 369 313 369 240 160 51 369 160 369 369 369 369
369 101 369 101 369 369 101 101 101 101 369 369 369 369 369 369 369 101 437 101 369 369
160 160 160 160 160 160 160 160 160 160
425 117 425 400 117 139 313 425 425 117 425 501 191 425 501 489 425
101 101 101 101 101 101 101 101 101
350 313 313 313 313 191 313 313 117 313 117 117 33 117 117
289 289 51 289 289 289 51 289 51 289 51 51 51 289 51 366 289 289 289
425 44 425 44 425 425 425 425 425 425
313 313 425 517 313 425 313 425 425 425
224 224 224 101 500 224 394 101 101 224 101 500 101 500 394 224 101 500 224 500 101 224 224
500 500 500 500 500 500 500
51 51 51 51 51 51 51 51
425 425 425 313 313 313 517 313 425 425
500 500 500 500 500 500 500
160 313 313 160 160 160 160 313 206 206 160 160 160
333 333 333 333 333 333 333 333 333 333 333 333 333
289 289 289 117 425 371 289 425 289 425 425 289 289 425 425 289 425 289 425 425 289 117 289 425 117
42 42 500 42 500 42 42 42
500 500 500 500 500 500 500
335 335 335 335 335 335 335 335 335 335 335 335 335 335 335 335 335 335 335 335 335 335 335 335 335 335 335 335 335 335 335 335 335 335 335 335 335 335
500 500 500 500 500 500 500
160 160 160 160 160 160 160 160 160 160
84 51 425 51 51 84 425 164 51 425 51 313 425 425 313
406 406 406 406 406 406 406 406 406 406 406 406 406 406 406
160 160 160 160 160 160 160 160 160 160
51 51 51 51 51 51 51 51
500 500 500 121 500 500 500 500 500 500 500 500 500
500 313 500 500 313 500 53 500 500 313 313
500 500 500 500 500 500 500
425 440 425 425 440 424 425
51 51 51 51 51 51 51 51
471 117 425 425 117 425 425 117 425
425 500 78 425 500 500 500 425 500 500 425 425
101 101 101 148 313 313 101 313 101 101 313 101 101
224 500 224 224 224 224 500 224 224 224 500 224 224 500 500 500 316
117 117 117 117 117 117 505 117 311 117 117 117 117 311
313 313 313 101 51 425 101 101 425 51 425 51 313 313 425 350 51 51 51 101 101 313 101 51 101 101 350 359 425
425 313 313 313 500 329 500 425 425 425 500 425 313 313 500 440 425 313 313 313 425 425 313 313 313 515 425 425 313 425 425 425 500 425
500 500 500 500 500 500 500
51 51 51 51 51 51 51 51
313 425 425 425 425 425 313 425 425 425 425 425 313 313 88
51 51 51 51 51 51 51 51
117 313 425 313 117 117 117 197 313 313 425 313 425 425 313 313 313 313 313 313 425 117 117 313 313 313 313 313
51 51 51 51 51 51 51 51
23 7 7 425 7 7 7 7 7 425 7 117 7 470 425 7 7 425 7 7 7 117 7 7 7 7 7
160 160 160 160 160 160 160 160 160 160
117 191 117 117 191 117 351
313 313 313 313 313 313 313 313 454
160 160 160 160 160 160 160 160 160 160
425 500 28 28 500 28 28 28
289 289 289 289 289 289 289 289 289 289 289 289
500 91 500 91 500 91 500 500 500 91
500 500 500 117 117 14 500 117 500 500
313 313 425 313 425 425 313 425 425 44 313 313 313 425 140 313 425 425
51 51 51 117 74 51 51 117 51 117 51
101 101 101 101 101 101 101 101 101
289 289 380 289 289 289 101 101 101 380 380 101 289 101 289 101 289 289
101 101 101 101 101 101 101 101 101
425 425 424 424 441 425 425 425
312 117 117 117 117 117 117
500 91 500 91 500 91 500 500 500 91
425 425 51 51 425 425 51 51 51 51 51 425 128
341 500 179 117 73 500 500 154 101 101 500 101 117 101 500 500 500 73 101 500 500 500 154
425 425 425 425 117 313 425 425 425 117 313 117 425 44 425 425 313 425 425 189 313 425
178 101 101 500 142 178 178 178 178 101 42
313 313 313 313 313 313 313 313 454
101 101 101 101 101 101 101 101 101
51 51 51 51 51 51 51 51
313 313 453 313 313 313 453 313
101 500 101 101 500 500 101 101 214 101 500 101 500 101 500
469 425 425 469 425 117 117 117 400 117 425 117 425 425 425 469 114
51 51 51 51 51 51 51 51
101 101 101 101 101 101 101 101 101
313 313 313 313 313 453 313 453
500 425 500 425 500 500 500 500 425 500 500 500 187 73 187
224 224 224 224 224 224 224 224 224 224 224
51 51 51 51 51 51 51 51
160 160 160 160 160 160 160 160 160 160
160 160 500 160 268 500 160 500 160 500 160 160 160 268 500
425 425 425 45 425 425 425 425 425 425 425
500 500 500 120 500 500 500 500 500 120 500 500
501 501 425 313 117 501 469 425
57 51 500 51 51 172 515 500 500 51 51 51 500 500
313 500 313 500 500 425 350 313 425 77 425 500 313 282 500 500 313 500 500 350 313 500 425 500 500
224 224 224 435 435 224 369 224 369 224 224 160 369 435 211 211 435 224 506 369 369 160 369 506 369 479
51 51 51 51 51 51 51 51
313 313 401 117 313 117 313 117
425 101 425 101 217 425 135 425 313 500 425 51 241 51 51 398 398 101 500 51 500 313 51 313 125 51 440 313 313
500 500 500 205 205 205 51 296 205 500 160 160 160 500 205 296
425 425 425 425 88 425 313 313 425 425 425 425 425 313 313
425 101 425 101 425 251 425 425 101 425 101 101 101 425 425 425 101 425 101
425 500 425 425 500 500 425 500 425 500 500 78
51 51 51 51 51 51 51 51
117 160 160 160 160 160 524 117 160 160 160 160 117 186
369 406 406 406 406 406 369 369 406 369 369 369 406 2 406 369 369 406 406 369 369 406 369 406 2 406 369
313 425 59 350 500 442 101 313 313 425 500 425 101 313 313 101 313 500 425 500 425 313 313 500 500 101 313 500 425 313 425 500 313 101 313 515 101 350 425 101 313 101 500 313 313 440 500 313 440 313
117 117 117 117 117 312 117
500 500 500 500 500 500 500 227 500 500 500 500 500 227 500 500 500
7 7 7 7 7 7 7 7 101 101 101 101 101 101 101 7 7 7 7 7 7 7 40 7 101 7 7 7
51 51 51 51 51 51 51 51
51 51 51 51 51 51 51 51
500 500 500 500 500 500 500
500 500 500 500 500 500 500
313 425 313 117 313 117 425 425 313 313 117 425 80 313 313 313 425
306 425 101 306 160 425 160 252 425 252 160 252 101 425 252 252
3 425 3 3 425 425 3 425
13 101 101 232 101 313 101 399 101 425 425 501 425 101 101 101 399
313 425 425 313 425 425 313 425 517 313
500 500 500 500 500 500 500
313 351 424 424 313 313 313
51 51 51 51 51 51 51 51
469 420 160 240 272 160 160 192 211 101 425 211 420 160 425 211 240 192 192 160 160 211 43
101 500 214 101 500 101 500 101 500 101 101 500 101 500 101
101 101 101 101 101 101 101 101 101
55 55 55 55 55 55 55 55 55 55 55 55 55 55 55 55 55 55 55 55 55 55
74 117 51 51 51 117 51 117 51 51 51
51 51 51 51 74 51 117 51 51 117 117
313 313 425 117 500 313 313 345 425 117 313 313 500 500 500 425 117 500 117 313 500 500 425 117 500 313 117 500 500 425 425 425 500 500 425 425 425
424 369 369 369 425 425 51 369 424 313 369 369 369 313 369 51 369 369 51 369 425 51 313 51 425 369 450 369 425 313 51 51
313 500 500 313 77 500 129 313 313 313 500 313 129 313
160 160 160 160 160 160 160 160 160 160
101 51 51 356 51 101 51 51 101 51 101 51 101 101 101 356 51 51 51 51 51
51 51 51 51 51 51 51 51
110 500 101 425 515 425 500 101 500 425 500 101 425 500 293 453 101 101 101 101
500 313 452 408 57 313 425 500 313 57 129 500 313 425 425 313 313 425 440 313 313 117 425 313 313 500 425 191 425 425 117 313 452 57 500 117 425 500 313 77 313 313 500 313
425 117 117 117 518 425 117 425 425 117 117 425
313 425 313 425 425 517 313 313 425 425
500 500 500 500 500 500 500
160 160 160 160 160 160 160 160 160 160
101 101 101 101 101 101 101 101 101
500 500 500 500 500 500 500
313 350 350 313 313 313 313 313 471
500 500 500 500 121 500 500 500 500 500 500 500 500
101 101 101 101 101 101 101 101 101
313 313 313 313 117 117 401 117
369 369 369 369 369 369 369 369 369 369 369 369 369 369
160 160 160 160 160 160 160 160 160 160
117 425 425 313 117 425 117 313 313 425 32 425 313
101 101 101 101 101 101 313 313 101 101 313 313 148
289 289 289 289 289 289 289 289 289 289 289 289
500 500 500 500 500 500 500
500 500 500 500 500 500 500
101 101 101 101 101 101 101 101 101
101 101 101 101 101 101 101 101 101
51 51 51 51 51 51 51 51
425 425 44 425 44 425 425 425 425 425
500 500 500 500 500 500 500
313 313 313 313 454 313 313 313 313
126 43 3 51 179 179 425 51 425 51 72 51 425
313 454 313 313 313 313 313 313 313
51 178 178 178 51 51 51 500 51 142 307 101 178 51 51 101 101 42
55 55 55 55 55 55 55 55 55 55 55 55 55 55 55 55 55 55 55 55 55 55
500 500 500 500 500 500 500 227 500 500 500 500 500 227 500 500 500
117 117 117 117 117 117 117 311 117 18 117 117 117 117 117 117 117 117
500 500 500 313 53 313 500 500 313 500 313
369 369 369 369 369 369 369 369 369 369 369 369 369 369
160 160 160 160 160 160 160 160 160 160
428 473 461 160 313 443 313 406 424 461 443 160 406 406 406 160 500 424 313 406 500 443 313 406 443 406 500
500 500 500 500 500 500 500
500 500 500 500 500 500 500
51 51 51 313 93 313 51 51 313 51 313 51
51 425 51 51 524 250 226 51 117 161 425 425 119 117 161 51 117 161
51 51 51 51 51 51 51 51
117 500 500 500 117 117 311 54 117 500 500 500
425 313 313 500 313 313 500 500 425 313 338 313 500 313 333 440 425 313 313 333 500 333 313 313 333 425 500 333 425 313 333 478 333 313 333 313 117 313 313 313 313 313 313 425 333 117 425 333 425 425 333 117
369 425 435 369 160 369 425 369 369 369 160 447 261 261 369 435 435 435 435 422
224 301 224 224 369 385 373 184 500 333 383 409 521 425 369 368 425 333 24 333 425 343 305 500 369 89 160 369 497 515 184 404 333 425 500 224 409 404 333 396 425 500 425 369 333 160 396 333
500 500 500 500 500 500 500
101 313 425 500 101 303 425 500 500 101 101 101 43 500 43 101 425 425 425 101 101 313
101 101 101 101 101 101 101 101 101
500 500 500 500 500 500 500
500 500 500 500 500 500 500
500 500 500 500 500 500 500
51 51 51 51 51 51 51 51
313 313 313 313 454 313 313 313 313
160 160 160 160 160 160 160 160 160 160
160 160 160 160 160 160 160 160 160 160
500 500 500 500 500 500 500
51 51 51 51 51 51 51 51
500 500 500 500 500 500 500
51 51 51 51 51 51 51 51
369 437 369 101 369 101 101 369 369 101 101 369 369 101 101 369 101 369 369 369 369 369
7 7 7 7 7 7 7 7 7 7 7 7 7 7 7 7 7 7 7 7
500 515 51 500 51 500 500 500 515 500 51 500 500 51 51 500 162 51 274
425 45 425 425 425 425 425 425 425 425 425
259 61 117 191 117 117 524 117 259 425 424 425 117 117 425 117 425 425
51 51 51 313 51 313 51 51 313 93 313 51
51 51 51 51 51 51 51 51
101 101 101 101 101 101 101 101 101
335 335 335 335 335 335 335 335 335 335 335 335 335 335 335 335 335 335 335 335 335 335 335 335 335 335 335 335 335 335 335 335 335 335 335 335 335 335
500 500 500 500 500 500 500
160 160 160 425 425 425 425 160 425 231 160 160 160 160 160
51 51 51 51 51 51 51 51
369 160 369 369 369 160 160 369 373 369 369 369 369 369 160 369 369 369 369 160 160 160 369 369 369 369 369 369 35 160 369 160 369 369 373 369
117 313 425 425 425 425 425 500 425 500 425 425 313 500 313 425 425 425 425 425 117 500 500 425 117 425 313 288 500
500 500 500 500 500 500 500
313 224 425 500 224 224 224 375 500 313 313 354 500 301 57 400 375 425 425 260 301 425 500 417 313 313 425 224 354 425
72 313 313 51 469 51 103 413 51 72 390 51 425 51 72 313 51 313 64 51 51 45 350 51 515 440 51 51 51 64
313 425 425 313 425 425 517 313 313 425
117 500 425 500 425 426 440 117 13 500 500 500 117 117 501 117 117 228 44 117 313 117 191 425
160 160 160 160 160 160 160 160 160 160
500 500 500 500 500 500 500
155 500 155 500 51 51 51 500 155 51 500 51
101 500 500 101 101 425 425 425 425 500 313 500 101 101 313 500 101 425 425 313 425 500 101 425 500 425 425 425 500 425 500 425 313 101 425 500 500 418 500 425
289 289 380 289 289 289 101 101 101 380 380 101 289 101 289 101 289 289
500 500 500 500 500 500 500
7 7 7 7 7 7 7 7 7 7 7 7 7 7 7 7 7 7 7 7
7 7 7 7 7 7 7 7 7 7 7 7 7 7 7 7 7 7 7 7
425 517 425 313 313 313 313 425 425 425
101 101 101 101 101 101 101 101 101
500 500 500 500 500 500 500
500 51 500 500 500 51 313 313 51 51 313 51 51 210 51 313 500 500
51 208 51 51 51 51 51 51 51 51 51 51 51 51 51
313 313 313 313 313 313 313 454 313
500 500 425 425 500 500 78 425 425 500 500 425
425 425 425 425 313 425 313 425 313 425 425 313 425 425 166 425 425 425 425 425
51 51 51 51 51 51 51 51
55 55 55 55 55 55 55 55 55 55 55 55 55 55 55 55 55 55 55 55 55 55
500 313 500 500 500 500 313 313 500 313 53
117 117 500 500 425 425 500 425 500 425 117 132 500 117 117 117 425 500
313 425 313 117 117 425 117 425 313 32 425 313 425
500 500 500 500 500 500 500
101 101 101 101 101 101 101 101 101
37 443 37 73 160 500 421 56 289 500 333 421 406 289 406 500 412 37 333 160 406 406 289 406 160 406 56 333 406 500 37 406 352
425 425 313 313 313 425 425 425 517 313
51 51 51 51 51 51 51 51
117 425 117 425 425 471 117 425 425
142 101 320 142 101 142 101 101 101 101 101 101 213 101 101 142 142
500 500 500 500 500 500 500
500 500 500 500 500 500 500
500 500 500 500 500 500 500
500 500 500 500 500 500 500
500 500 500 500 500 500 500
51 51 51 51 51 51 51 51
500 500 500 500 500 500 500
425 425 313 425 313 313 425 517 425 313
117 117 402 311 117 117 117 117 117
51 51 51 51 51 51 51 51
500 313 500 313 313 500 500 53 500 500 313
500 500 500 500 500 500 500
7 7 7 7 7 7 7 7 7 7 7 7 7 7 7 7 7 7 7 7
369 369 369 369 369 369 369 369 369 369 369 369 369 369
500 412 412 154 459 500 421 500 500 289 484 213 289 101 412 333 333 101 101 412 500 421 412 101 333 289 419
160 160 160 160 160 160 160 160 160 160
313 117 117 401 313 313 313 117
313 313 313 313 313 313 5 313 5 440
51 51 51 51 51 51 51 51
313 313 500 313 130 313 77 313 313 313 500 313 77 500 500
313 425 517 425 425 425 313 425 313 313
425 425 313 313 425 517 425 425 313 313
117 313 117 401 313 313 313 117
101 101 101 101 101 101 101 101 101
500 500 117 500 399 313 500 117 313 95 500 399 500 117 399
500 313 313 313 175 453 424 117 313 500 117 313 500 313 424 313 117 313 313 500 500 500 313
44 425 425 425 425 425 425 425 425 44
101 446 160 446 101 425 101 101 160 425 160 160 101 425 160 160 160 101 184 425 184 160 200 160 101 160 160 160 160
117 516 31 313 117 313 425 425 313 117 425 425
313 424 117 117 259 424 313 424 117 51 117 117 424 313 117 313 424 400 117 424 51 424 51 51 313 51 117 51 313 424 259 276 424 313 51 424 117 117
313 313 425 313 236 500 313 500 117 313 500 313 425 500 425 313 313 313 500 425 500 117 313 313 117 425 313
313 207 160 160 160 313 160 313 313 160 160 160 160 160
500 500 500 500 500 500 500
7 160 7 160 7 160 7 7 7 7 7 7 7 7 160 7 160 160 160 7 7 7 7 7 160 49 7 7 160
51 117 117 51 51 74 51 51 51 51 117
500 500 500 500 500 500 500
51 425 425 51 425 51 51 425 51 425 51 425 425 425 425 51 425 202
335 335 335 335 335 335 335 335 335 335 335 335 335 335 335 335 335 335 335 335 335 335 335 335 335 335 335 335 335 335 335 335 335 335 335 335 335 335
7 7 7 7 7 7 7 7 7 7 7 7 7 7 7 7 7 7 7 7
7 7 7 7 7 7 7 7 7 7 7 7 7 7 7 7 7 7 7 7
289 289 289 289 289 289 289 289 289 289 289 289
456 456 456 456 456 456 456 456 456 456 456 456 456 456 456 456 456
117 101 101 117 101 101 101 101 101 127 117 101
313 313 313 313 440 66 350 425 313 313 425 425 425 313
500 500 500 500 500 500 500
117 425 425 51 117 117 150 425 51 51 425 51 51 51 51 425
160 160 160 160 160 160 160 160 160 160
51 51 51 51 51 51 51 51
425 425 425 425 425 425 425 45 425 425 425
51 51 51 51 51 51 51 51
51 51 51 51 51 51 51 51
101 101 101 101 101 101 101 101 101
117 51 117 51 74 51 117 51 51 51 51
441 289 289 289 425 477 101 289 289 118 488 425 30 425 118 313 452 313 313 289 313 425 313 440 289 289 289 101 313 101 425 136 453 289 350 425 289 101 375 517 101
101 101 101 101 101 101 101 101 101
57 500 425 243 425 425 500 57 500 500 500 500 243 425 500 500 425 425
313 313 313 53 500 500 313 500 500 500 500
101 101 101 101 101 101 101 101 101
369 369 369 369 369 369 369 369 369 369 369 369 369 369
101 101 101 101 101 101 101 101 101
313 516 313 313 425 425 516 425 425
456 456 456 456 456 456 456 456 456 456 456 456 456 456 456 456 456
500 500 500 500 500 500 500
500 500 500 500 500 500 500
313 117 313 500 500 117 500 313 117 117 117 313 500 117 117 313 117 313 117 500 313 168 500 313
369 369 333 497 369 360 369 333 369 497 333 333 333 369 497 333 369 333 379 369 333 369 333 379
425 500 500 425 500 425 500 500 425 78 425 500
313 500 500 500 313 313 313 313 311 500 500 313 375 375 117 500 117 140
500 138 425 500 500 515 500 425 500 313 425 350 313 425 425 313
313 425 517 313 425 313 313 425 425 425
500 500 500 500 500 500 500
500 53 500 500 313 500 313 500 313 313 500
117 425 96 425 425 117 425 191 117 425 440 117 425 425 425 117 425
516 313 313 425 425 313 425 516 425
101 101 101 101 101 101 101 101 101
101 412 412 179 51 22 51 313 421 399 101 101 289 101 51 459 51 101 289 101 412 412 333 101 51 101 117 101 289 51 313 399 101 421 333 101 333 51 412 101 101 432 117
51 51 51 51 51 51 51 51
51 51 51 51 51 51 51 51
500 500 500 500 500 500 500
51 51 313 51 425 425 425 425 425 51 51 313 51 313 51 174 313
500 500 500 500 500 500 500
51 500 51 500 500 500 163 500 51 51 51 500 51 51
51 500 51 51 51 500 51 500 500 500 162 162 51
252 101 252 160 160 252 252 160 252 101 252 252
500 500 500 500 500 500 500
500 500 500 500 500 500 500
101 101 101 101 101 101 101 101 101
425 500 117 105 500 105 425 500 500 500 425 117 425
425 425 205 425 205 205 205 51 425 205 160 160 160 273 425 205
500 500 500 500 500 500 500
143 500 500 143 143 51 143 51 500 51 51
289 289 289 289 289 289 289 289 289 289 289 289
500 500 500 500 500 500 500
117 117 471 425 425 117 425 425 425
335 335 335 335 335 335 335 335 335 335 335 335 335 335 335 335 335 335 335 335 335 335 335 335 335 335 335 335 335 335 335 335 335 335 335 335 335 335
313 313 66 440 313 425 313 313 350 313 425 425 425 313
313 117 117 455 313 313 313 117 117 117 117
517 425 425 313 425 425 425 313 313 313
500 500 500 500 500 500 500
500 313 313 500 500 500 500 500 313 165 500 500 500 500 313 500 500
51 51 51 51 51 51 51 51
117 117 117 117 312 117 117
500 500 500 500 500 500 500
500 500 117 117 14 500 117 500 500 500
51 51 51 51 51 51 51 51
224 224 224 435 435 224 369 224 369 224 224 160 369 435 211 211 435 224 506 369 369 160 369 506 369 479
500 500 500 500 500 500 500
500 500 500 500 500 500 500 500 500 500 500 500 121
500 500 500 500 500 500 500
500 500 500 500 500 500 500
313 313 313 454 313 313 313 313 313
313 313 500 101 425 73 303 500 73 101 313 101 101 313 500 101 101 500 425 425 101 101
313 117 117 425 313 440 425 440 425 425 117 313 313 425 313 440 425 117 425 425 425 425 117 425 425 440 318 425 313 313 117 425 425 425 313
313 51 425 51 425 174 51 51 51 313 51 313 425 51 313 425 425
369 369 369 369 369 369 369 369 369 369 369 369 369 369
500 500 500 120 500 500 500 500 500 120 500 500
500 500 500 500 500 500 500
425 500 313 85 43 500 350 28 313 313 28 28
51 51 51 51 51 51 51 51
313 117 117 313 401 117 313 313
51 51 51 51 51 51 51 51
160 160 160 160 160 160 160 160 160 160
101 101 101 101 101 101 101 101 101
425 160 160 160 160 425 160 425 160 230 160 160 425 230
51 51 51 51 51 51 51 51
160 160 160 160 160 160 160 160 160 160
406 500 500 406 406 428 428 428 406 500 406 406 406 428 406 406 406 406
101 101 101 101 101 101 101 101 101
289 289 289 289 289 289 289 289 289 289 289 289
313 203 313 313 425 313 425 425 117 425 313 425 313 313 313 425 117 313 117 313 313 425 425 313 425 425
224 224 224 101 500 224 394 101 101 224 101 500 101 500 394 224 101 500 224 500 101 224 224
127 425 127 425 425 127 500 500 57 500 425 425
500 500 500 500 500 500 500
51 51 313 313 375 500 313 51 51 51 77 269 375 313 313 500 500 500 500 515 313 51
101 101 101 101 101 101 101 101 101
101 101 101 101 101 101 101 101 101
500 500 500 500 500 500 500
51 51 51 51 51 51 51 51
425 425 425 425 425 425 425 425 425 425 425 425 123 425 425 425
335 335 335 335 335 335 342 335 335 335 335 335 335 335 425 425 335 335 335 335 440 335 335 335 425 335 335 335 335 335 335 336 335 335 335 335 335 335 335 335 335 335 425
126 469 425 51 126 126 51 51 72 51 425
313 313 117 117 313 401 313 117
313 351 313 424 313 424 313
500 500 117 500 500 14 500 500 117 117
500 500 500 500 500 500 500
313 401 117 313 313 313 117 117
500 500 500 500 500 500 500
51 51 51 51 51 51 51 51
500 500 500 500 500 500 500
500 500 500 500 500 500 500
448 369 369 160 369 448 369 160 369 369 160 160 369 160 160 369 160 369 369 369 160 369
313 424 313 313 313 351 424
313 425 375 500 234 425 500 425 313 452 453 516 500 44 500 425 425 13 500 425
160 160 160 160 160 160 160 160 160 160
500 500 500 500 500 500 500
51 51 51 51 51 51 51 51
500 500 500 500 500 500 500
412 64 412 51 412 51 412 289 51 425 64 412 470 289 463 412 333 425 412 51 425 412 333 333 425 289 51 333
51 51 51 51 51 51 51 51
500 500 500 500 500 500 500
313 454 313 313 313 313 313 313 313
110 101 191 101 117 500 500 500 101 424 110 256 515 101 101 117 500 515 101
313 101 313 101 148 101 101 101 101 101 313 101 313
51 51 51 51 51 51 51 51
515 500 500 500 500 59 500 313 313 313 350
289 289 160 160 160 407 160 160 289 289 160 289 289 160 289 407 289 289 289 160
369 369 369 369 369 369 369 369 369 369 369 369 369 369 369 369 369 369 369 369 369 369 369 369 369 511 369
335 335 335 335 335 335 335 335 335 335 335 335 335 335 51 335 335 335 335 335 335 51 335 335 51 335 335 51 335 335 335 335 335 335 51 51 335 335 335 335 51 335 335 346 335
500 500 500 500 500 500 500
160 160 160 160 160 160 160 160 160 160
425 45 425 425 425 425 425 425 425 425 425
52 500 52 313 500 500 313 500 500 313
500 500 500 500 500 500 500
500 500 500 500 500 500 500
101 101 101 425 101 425 101 101 313 425 425 219 313 101 313 425 313 101
425 313 425 313 501 501 425 440 44 440
313 313 351 424 313 313 424
453 313 313 313 313 313 313 453
425 313 425 313 425 425 517 313 313 425
101 101 500 101 101 500 500 101 101 213 101 213 500 500
500 500 500 500 500 500 500
51 51 313 51 51 93 313 313 51 51 313 51
313 313 313 425 425 313 313 313 313 313 425 313 313 108 425 313 313 425
425 101 425 425 425 425 101 101 101 101 101 101 101 180
500 500 500 500 500 500 500
121 500 500 500 500 500 500 500 500 500 500 500 500
500 500 500 500 500 500 500
160 160 160 160 160 160 160 160 160 160
313 117 313 313 313 117 117 401
101 101 101 101 101 101 101 101 101
313 425 500 228 313 500 425 500 500 313 313 350 313 500 500 313 425 350 350 313 313 350 425 425
117 313 313 401 313 117 313 117
313 117 117 313 313 313 117 401
369 369 369 369 369 369 369 369 369 369 369 369 369 369
369 369 313 313 415 369 313 425 313 425 369 369 369 425 369 369 425 369 369 425 369 369 369
289 289 289 289 289 289 289 289 289 289 289 289
43 313 500 500 500 500 43 313 43
313 117 401 313 117 313 313 117
51 51 51 51 51 51 51 51
101 101 101 101 101 101 101 101 101
101 101 101 101 101 101 101 101 101
500 500 500 500 500 500 500
51 51 51 51 51 51 51 51
425 255 101 101 101 101 440 425 44 425 101 425 101 101 425 425 425 110
51 51 51 51 51 51 51 51
237 237 237 237 237 237 237 237 237 237 237 237 237 237 237 237 237 237 237 237 237 237 237 237 237 237 237 237 237 237 237 237
237 237 237 237 237 237 237 237 237 237 237 237 237 237 237 237 237 237 237 237 237 237 237 237 237 237 237 237 237 237 237 237
500 500 500 500 500 500 500
160 160 160 160 160 160 160 160 160 160
117 117 425 425 471 425 117 425 425
101 101 101 101 101 101 101 101 101
425 425 425 425 45 425 425 425 425 425 425
51 51 51 51 51 51 51 51
500 500 500 500 500 500 500
425 500 500 425 425 500 425 425 425 425 425 500 156 425 500 425 500
101 101 101 101 101 101 101 101 101
500 500 500 500 500 500 500
500 500 500 500 500 500 500
500 500 500 500 500 500 500
500 500 500 500 500 500 500
51 51 51 51 51 51 51 51
51 51 51 117 74 117 51 51 51 51 117
500 313 52 52 313 500 500 500 500 313
425 425 425 425 425 44 425 425 44 425
237 237 237 237 237 237 237 237 237 237 237 237 237 237 237 237 237 237 237 237 237 237 237 237 237 237 237 237 237 237 237 237
500 500 500 500 500 500 500
313 313 313 425 60 425 425 313 313 313 425 425 313 313
425 44 425 425 44 425 425 425 425 425
425 425 45 425 425 425 425 425 425 425 425
500 500 500 500 500 500 500
425 313 313 425 425 425 313 517 313 425
425 313 517 313 425 425 425 313 313 425
425 425 425 425 425 425 313 425 117 375 470 313 425 117 425 117 132 375
51 51 51 51 51 51 51 51
480 480 490 490 480 480 496 480 480 98 480 480 480 480 480 480 98 480 480 480 98 480 98 480 480 480 480 480 480 480 480 480
500 500 500 500 500 500 500
500 500 500 500 500 500 500
51 51 51 51 51 51 51 51
500 500 500 500 500 500 500
117 425 425 425 425 425 66 425 425 117 425 425 117 425
500 500 500 500 500 500 500
500 500 500 425 425 425 500 500 425 500 425 78
500 500 500 500 500 500 500
313 117 313 401 117 117 313 313
313 425 425 313 313 60 313 425 313 425 313 313 425 313
500 313 500 53 500 500 313 313 500 313 500
51 51 51 51 51 51 51 51
500 355 289 289 289 500 289 289 500 289 289 289 289 500 500 289 289 500
500 500 500 500 500 500 500
500 500 500 500 500 500 500
51 51 51 51 51 51 51 51
515 101 101 101 500 101 500 110 500 101 101 101 500 500 218
500 500 12 500 144 500 500 500 12 500 52 500 12
500 500 500 500 500 500 500
500 313 500 313 313 500 500 500 313 500 53
224 224 224 224 224 224 224 224 224 224 224
117 117 117 117 312 117 117
500 500 500 500 500 500 500
406 406 406 406 406 406 406 406 406 406 406 406 406 406 406
101 101 101 101 101 101 101 101 101
480 480 480 480 480 480 480 480 480 480 480 480 480 480 480 480 480 480
500 500 500 500 500 500 500
313 313 313 313 454 313 313 313 313
51 51 51 51 51 51 51 51
425 45 425 425 425 425 425 425 425 425 425
452 425 425 425 193 193 425 425 452 425 425 425 425 29 425 425 425
500 500 500 500 500 500 500
160 160 160 160 160 160 160 160 160 160
313 313 51 51 313 313 313 51 313 51 313 313 51 51 145 51
101 101 101 101 101 101 101 101 101
500 500 500 500 500 500 500
500 117 500 117 500 500 117 500 14 500
51 51 51 51 51 51 51 51
198 198 198 198 198 198 198 198 198 198 198 198 198 198 198 198 198 198 198 198 198 198 198 198 198 198 198 198 198 198
237 237 237 237 237 237 237 237 237 237 237 237 237 237 237 237 237 237 237 237 237 237 237 237 237 237 237 237 237 237 237 237
51 51 51 51 51 51 51 51
313 313 51 313 145 313 51 51 313 51 51 313 313 51 313 51
289 289 289 289 289 289 289 289 289 289 289 289
500 500 500 500 500 500 500
14 500 500 500 117 500 117 117 500 500
517 425 425 425 313 425 313 313 425 313
500 500 500 500 500 500 500
500 500 500 500 500 500 500
51 51 51 51 51 51 51 51
500 117 350 313 313 313 313 117 313 500 132 500 117 500 313 515 313 500
425 313 425 313 425 313 313 313 313 313 313 425 313 313 313 108 425 313
51 117 51 117 51 51 117 51 117 117 117 51 94 51
51 51 51 51 51 51 51 51
117 117 117 117 117 117 312
425 425 425 453 313 425 500 425 425 367 425 440 500 425 500 425 452 452 313 313 313 425 440 313 313 500 500 425 500 313 425 470 425 313 313 425 425 313
500 500 500 500 500 500 500
101 101 101 101 101 101 101 101 101
500 500 500 500 500 500 500
500 500 500 500 500 500 500
313 440 313 313 440 313 440
500 500 500 500 500 500 500
198 117 198 198 198 198 198 117 198 198 198 198 199 198 198 198 198 198 198 198 198 198 198 198 198 117 198 198 198 198 198 198 198
101 101 101 101 101 101 101 101 101
78 500 500 425 500 425 500 500 425 425 425 500
425 425 425 425 425 425 425 45 425 425 425
216 216 216 216 216 216 216 216 216 216 216 216 216 216 216 216 216 216 216 216 216 216 216 216 216 216 216 216 216 216 216
425 425 313 313 425 313 517 425 425 313
425 425 441 425 425 424 425 424
516 313 425 425 516 313 313 425 425
517 425 425 313 425 425 425 313 313 313
500 500 500 500 500 500 500
313 313 313 313 313 313 313 350 313 313 313 313 313 313 350 117 313 313 313 313 117 400 152
313 425 188 313 500 500 313 452 500 313 500 313 452 313 500 425 13 425 313 313
500 500 500 500 121 500 500 500 500 500 500 500 500
500 500 500 500 500 500 500
500 313 101 101 313 313 313 500 101 313 500 500 313 101 313 101 313 313 500 321 313 500 313 101 101 313 101
51 51 51 51 51 51 51 51
500 500 500 500 500 500 500
313 313 401 117 117 313 117 313
51 224 334 224 224 51 224 51 224 51 51 224 224 51 224 224 51 224
500 500 500 500 500 500 500
313 117 424 313 313 117 191 313 427
51 51 51 51 51 51 51 51
500 500 500 500 500 500 500
313 425 425 313 425 313 517 425 425 313
117 117 117 117 313 117 117 313 313 313 455
101 101 101 101 101 101 101 101 101
500 500 500 500 500 500 500
313 101 500 500 313 425 101 110 500 101 313 101 313 425 101 500 440 500 500 317 425 101 425 101
425 425 425 425 425 425 45 425 425 425 425
500 500 500 500 500 500 500
313 313 425 313 313 117 117 117 425 313 313 425 80 313 313 425 425
51 425 51 313 51 117 51 51 425 117 313 425 425 313 117 51 425 195 313 51
500 500 500 500 500 500 500
500 500 500 500 500 500 500
480 480 313 480 480 480 480 480 480 480 313 480 313 480 480 480 480 492 313 480 480 480
500 500 500 500 500 500 500
237 237 237 237 237 237 237 237 237 237 237 237 237 237 237 237 237 237 237 237 237 237 237 237 237 237 237 237 237 237 237 237
500 500 500 500 500 500 500
500 500 500 500 500 500 500
117 117 425 425 425 471 117 425 425
313 500 425 425 313 425 425 500 425 425 77 313 425 500 425 425 425 500 270 44 425 313 500 425
500 500 500 500 500 500 500
51 51 51 51 51 51 51 51
51 51 51 51 51 51 51 51
313 425 500 425 425 425 425 500 313 138 313 500 350 500 500 515
51 51 51 51 51 51 51 51
500 425 500 425 78 500 425 425 500 500 425 500
500 500 500 500 500 500 500
425 425 452 452 425 425 52 425 425 52
500 500 500 500 500 500 500
500 500 500 500 500 500 500
425 313 87 425 425 313 425 425 425 516 425 425 425 313
51 51 51 51 425 425 425 127 51 51 51 51 51 51 274 425 51 51 51
425 425 45 425 425 425 425 425 425 425 425
401 313 313 117 117 117 313 313
237 239 237 216 237 216 237 284 216 237 216 237 216 216 216 237 237 237 237 237 216 216 237 237 216 237 239 284 237 237 216 239 237 410 216 237 239 216 239 216 237 237 237 237 284 237 216 410 239 237 216 216 239 216 239 410 216 237 237 216
500 500 500 500 500 500 500
425 425 425 425 45 425 425 425 425 425 425
500 500 500 500 500 500 500
500 500 500 500 500 500 500
500 500 500 500 500 500 500
313 516 313 313 313 425 425 425 79 313 117 117 425 313 117 313
425 500 500 425 500 500 500 500 425 425 425 425 500 500 265 425 500 425 425 500 500 77
160 160 231 160 425 160 160 425 425 160 425 160 160 160 425
313 51 93 313 313 51 51 51 313 51 51 51
160 51 51 51 51 160 425 51 160 362 313 425 425 160 160 160 313 160 160 313 313 425 160 425 51 51
500 500 500 500 500 500 500
198 216 216 237 237 237 216 216 237 198 216 237 456 198 222 294 456 216 216 198 237 198 294 198 485 198 237 237 237 237 222 237 237 198 216 237 376 198 216 456 198 216 237 198 392 456 237 198 198 456 198 237 376 392 237 237 237 456 456 237 456 464 456 237 237 376 237 410 198 411 376 216 376 216 456 392 237 216 198 472 198 294 237 376 216 376 216 237 456
500 500 500 500 500 500 500
425 425 517 313 425 313 425 313 313 425
224 224 224 224 224 224 224 224 224 224 224
101 101 101 101 101 101 101 101 101
117 313 313 117 117 500 313 500 350 515 117 313 500 313 151 313 500 117 500 313 117
425 230 425 230 160 160 425 160 160 160 160 160 160 425
425 425 51 425 51 51 202 425 51 425 425 425 51 425 425 425 51 51
500 500 500 500 500 500 500
500 500 500 500 500 500 500
500 500 500 500 500 500 500
51 51 51 51 51 51 51 51
425 51 127 51 127 425 51 51 51 425 425 51
216 216 216 216 216 216 216 216 216 216 216 216 216 216 216 216 216 216 216 216 216 216 216 216 216 216 216 216 216 216 216
406 406 406 406 406 406 406 406 406 406 406 406 406 406 406
480 480 490 490 480 480 496 480 480 98 480 480 480 480 480 480 98 480 480 480 98 480 98 480 480 480 480 480 480 480 480 480
117 425 117 117 425 425 146 425 425 425 425 425 425 425 425 425 425 425 425
500 500 500 313 313 425 500 500 313 425 313 500 425 131 425 425
500 500 500 500 500 500 500
456 216 222 456 216 216 216 216 216 216 472 294 216 456 216 216 456 216 456 456 216 216 456 216 216 216 216 222 294 456 216 216 216 456 456 294 294 216 216 216 294 216 456
77 500 313 500 425 313 313 500 425 500 313 130 425 500 425
500 500 500 500 500 500 500
500 500 500 500 500 500 500
425 425 471 425 117 425 117 117 425
101 101 101 101 101 101 101 101 101
500 500 500 500 500 500 500
313 313 313 313 313 313 454 313 313
480 480 480 160 523 480 523 480 480 523 480 160 523 523 480 480 480 160 480 160 160 480 480
500 500 500 500 500 500 500
500 500 500 500 500 500 500
101 101 101 101 101 101 101 101 101
500 500 500 500 500 500 500
500 500 500 500 500 500 500
456 456 456 456 456 456 456 456 456 456 456 456 456 456 456 456 456
500 500 500 500 500 500 500
425 425 517 313 425 313 425 313 313 425
51 51 425 425 127 51 51 51 127 425 425 51
425 500 425 78 500 313 425 425 425 500 425 501 500 194 500 313 425 500
313 160 313 160 160 160 313 160 160 160 313 207 160 160
425 425 425 425 425 425 425 425 425 45 425
425 425 425 425 425 425 425 425 45 425 425
456 456 456 456 456 456 456 456 456 456 456 456 456 456 456 456 456
53 500 313 500 313 500 500 500 500 313 313
237 237 237 237 237 237 237 237 237 237 237 237 237 237 237 237 237 237 237 237 237 237 237 237 237 237 237 237 237 237 237 237
456 456 456 456 456 456 456 456 456 456 456 456 456 456 456 456 456
425 425 425 313 313 425 313 517 313 425
500 500 500 500 500 500 500
500 500 500 500 500 500 500
500 500 500 500 500 500 500
425 425 425 425 313 313 517 425 313 313
425 425 216 216 216 216 216 216 216 216 425 216 216 425 425 425 216 216 216 425 216 216 425 216 425 216 216 216 238 216 216 425 216 216 216 425 216 216 216 216 425 216 425 425 425 216
160 160 160 224 224 224 160 160 224 160 224 224 160 377 224 160 224 160 224 224
44 425 425 425 425 44 425 425 425 425
500 500 500 500 500 500 500
500 500 500 500 500 500 500
425 500 425 500 425 500 500 425 425 425 156 425 425 500 500 425 425
440 425 425 425 425 425 425 425 440 425 131 425 425 425 425 425
117 101 275 117 313 117 101 500 500 313 101 101 500 101 500 101 500 313 101 313 500 101
425 45 425 425 425 425 425 425 425 425 425
500 500 500 500 500 500 500
117 425 425 471 117 425 117 425 425
500 500 500 500 500 500 500 121 500 500 500 500 500
425 350 313 313 515 313 313 313 313 221 425 500 500 313 500 52 425 425 500 425 313 313 313
500 313 500 313 313 500 53 500 500 500 313
425 515 500 51 500 425 500 425 425 51 440 500 51 51 51 500 51 51 244
51 57 500 500 515 172 500 51 51 500 51 51 500 51
101 101 101 101 101 101 101 101 101
500 500 500 500 500 500 500
500 500 500 500 500 500 500
198 216 216 198 204 216 216 198 376 376 216 216 198 198 198 216 216 198 216 376 198 216 376 198 216 376 216 198 376 216 216 216 198 216 204 216 198 239 376 198 216 376 198 216 376 376 198 198 216 198 204
51 51 51 51 51 51 51 51
500 500 500 500 500 500 500
425 210 425 51 425 425 51 425 425 51 425 440 425 57 51 51 425 51
313 425 425 313 425 313 425 313 517 425
51 51 51 51 51 51 51 51
313 400 313 313 117 400 117
313 313 470 425 313 425 425 313 313 425 425 425 332 117 425 313 425 425 425 425 425 425 425 425 425 425 313 117 425 425 313 425 425 425 425 425
198 198 198 198 198 198 198 198 198 198 198 198 198 198 198 198 198 198 198 198 198 198 198 198 198 198 198 198 198 198
480 480 480 480 480 480 480 480 480 480 480 480 480 480 480 480 480 480
456 456 456 456 456 456 456 456 456 456 456 456 456 456 456 456 456
425 51 51 51 202 425 51 425 425 51 425 425 425 51 425 425 51 425
53 313 500 500 500 313 500 313 313 500 500
313 406 500 406 313 406 406 406 500 406 406 313 406 500 406 451 406 313 406 500 406 313 313 406 500 313 500 406 313
425 500 500 500 425 78 500 500 500 425 425 425
500 500 500 500 500 500 500
500 500 500 500 500 500 500
500 500 500 500 500 500 500
425 117 425 313 313 440 313 313 425 425 313 440 425 425 425 313 313 425 236 425 425 117 425 425 117 313 425
425 471 117 117 117 425 425 425 425
160 160 160 160 160 160 160 160 160 160
500 500 500 500 500 500 500
160 160 160 160 160 160 160 160 160 160
59 440 425 425 425 425 440 440 440 425 425
500 500 500 500 500 500 500
53 313 500 500 313 500 313 500 313 500 500
117 313 313 401 313 117 313 117
500 425 500 500 165 440 425 500 500 425 515 425 425 425 425 425 425
500 500 500 500 500 500 500
101 101 101 101 101 101 101 101 101
500 500 500 500 500 500 500
500 500 500 500 500 500 500
425 117 424 41 117 425 425 425 503 425 191
500 500 500 500 500 500 500
500 500 500 500 500 500 500
53 500 500 313 313 500 500 313 500 500 313
51 51 117 51 51 51 117 74 117 51 51
101 101 101 101 101 101 101 101 101
500 500 500 500 500 500 500
88 425 425 313 313 425 425 425 425 313 425 425 425 425 313
198 198 198 198 198 198 198 198 198 198 198 198 198 198 198 198 198 198 198 198 198 198 198 198 198 198 198 198 198 198
51 51 51 51 51 51 51 51
500 500 500 500 500 500 500
425 101 101 101 186 110 425 101 440 101 425 425 101 101
51 51 51 51 51 51 51 51
500 500 500 500 500 500 500
51 425 425 51 51 127 51 51 425 51 425 127
500 500 500 500 500 500 500
60 425 313 425 425 313 313 313 425 313 313 313 425 313
117 312 117 117 117 117 117
313 425 425 117 425 117 425 117 313 313 32 425 313
440 425 425 440 425 425 425 53 425 425 425
51 51 51 51 51 51 51 51
500 500 500 500 500 500 500
51 425 425 51 51 127 51 51 425 51 425 127
425 425 425 425 425 425 425 425 45 425 425
500 500 500 500 500 500 500
51 51 51 51 51 51 51 51
313 313 117 425 313 133 313 313 313 425 313 313 425 313 313 425 117 425 313 313 117
500 500 500 500 500 500 500
500 500 500 500 500 500 500
500 500 500 500 500 500 500
313 425 313 425 425 517 313 313 425 425
500 500 500 500 500 500 500
425 500 500 500 500 425 425 78 425 500 425 500
425 425 117 400 313 425 425 313 31 117 313 425
51 51 117 51 51 74 117 51 117 51 51
425 73 425 425 180 500 500 500 500 111 500 500 500 180
500 500 500 500 500 500 500
500 500 500 500 500 500 500
51 51 51 51 51 51 51 51
198 198 198 198 198 198 198 198 198 198 198 198 198 198 198 198 198 198 198 198 198 198 198 198 198 198 198 198 198 198
500 500 500 500 500 500 500
101 101 101 101 101 101 101 101 101
500 500 500 500 500 500 500
425 425 425 425 425 425 425 45 425 425 425
51 51 51 51 51 51 51 51
500 500 121 500 500 500 500 500 500 500 500 500 500
500 500 500 500 500 500 500
51 51 51 51 51 51 51 51
406 406 406 406 406 406 406 406 406 406 406 406 406 406 406
500 500 500 500 500 500 500
51 51 51 51 51 51 51 51
500 500 500 500 500 500 500
224 224 224 224 224 224 224 224 224 224 224
117 117 500 500 425 500 425 117 106 500 425 77 425 500
500 500 500 500 500 500 500
500 500 500 500 500 500 500
313 313 313 453 313 453 313 313
160 160 160 160 160 160 160 160 160 160
500 500 500 500 500 500 500
425 425 51 425 51 425 51 51 51 425 128 51 51
198 216 216 198 204 216 216 198 376 376 216 216 198 198 198 216 216 198 216 376 198 216 376 198 216 376 216 198 376 216 216 216 198 216 204 216 198 239 376 198 216 376 198 216 376 376 198 198 216 198 204
425 425 425 425 425 425 425 425 45 425 425
480 480 480 480 480 480 480 480 480 480 480 480 480 480 480 480 480 480
313 117 117 401 117 313 313 313
51 51 51 51 51 51 51 51
500 500 500 500 500 500 500
92 92 313 313 51 51 51 51 51 313 51
160 160 160 160 160 160 160 160 160 160
500 500 500 500 500 500 500
51 51 51 51 51 51 51 51
425 425 425 88 313 313 425 313 425 425 313 425 425 425 425
425 425 500 425 500 500 500 77 425 500 77
517 425 425 313 425 425 313 313 313 425
500 500 500 500 500 500 500
500 500 500 500 500 500 500
51 51 51 51 208 51 51 51 51 51 51 51 51 51 51
313 313 425 425 313 517 425 425 313 425
313 313 313 455 117 117 117 117 313 117 117
500 500 500 500 500 53 313 313 500 313 313
51 51 51 51 51 51 51 51
500 500 500 500 500 500 500
53 313 500 500 500 313 500 500 313 313 500
51 51 51 51 51 51 51 51
313 313 454 313 313 313 313 313 313
425 313 313 425 517 313 425 313 425 425
500 500 500 500 500 500 500
500 500 500 500 500 500 500
160 160 160 160 160 160 160 160 160 160
406 406 406 406 406 406 406 406 406 406 406 406 406 406 406
160 160 160 160 160 160 160 160 160 160
500 500 500 500 500 500 500
425 425 51 313 425 57 425 51 425 425 425 425 313 53 51 57 425 313 425 350 425 51 425 425 309 51
500 500 500 500 500 500 500
480 480 480 480 480 480 480 480 480 480 480 480 480 480 480 480 480 480
313 313 313 400 313 117 117 313 313 313 117 117 17 117
425 117 425 425 500 500 425 117 500 425 117 245 425 313 425 425 117 500 117 500 313 425 313 500 425 117 313
313 425 425 313 313 313 425 313 313 60 313 425 313 425
51 51 51 51 51 51 51 51
51 51 51 51 51 51 51 51
471 425 425 425 117 117 117 425 425
51 51 51 51 51 51 51 51
101 101 101 101 101 101 101 101 101
500 500 500 500 500 500 500
425 425 117 117 117 425 471 425 425
500 500 500 500 500 500 500
51 51 51 51 51 51 51 51
51 51 51 51 51 51 51 51
480 216 480 216 304 216 216 480 216 216 223 510 222 216 490 480 480 216 480 490 216 216 480 490 216 216 216 216 304 222 216 480 216 216 216 222 480 222 216 480 216 216 222 490 480 216 216
500 500 500 500 500 500 500
101 101 101 101 101 101 101 101 101
500 500 500 500 500 500 500
500 500 500 500 500 500 500
425 425 425 425 441 424 424 425
480 480 480 480 480 480 480 480 480 480 480 480 480 480 480 480 480 480
500 500 500 500 500 500 500
480 480 480 480 480 480 480 480 480 480 480 480 480 480 480 480 480 480
425 425 425 313 313 516 425 516 313
289 289 289 289 289 289 289 289 289 289 289 289
500 500 500 500 500 500 500 500 500 121 500 500 500
425 313 425 181 452 425 313 425 452 313 313 313 425 425 313 313 425 425 425 425 452
160 198 216 160 216 198 204 216 216 198 376 376 216 216 198 198 198 216 216 160 198 160 216 376 198 160 160 216 376 198 216 160 387 216 198 387 216 216 216 198 216 204 216 198 239 376 198 216 376 198 216 376 376 198 198 216 198 204 160
51 51 51 51 51 51 51 51
406 406 406 406 406 406 406 406 406 406 406 406 406 406 406
425 313 425 425 517 425 425 313 313 313
500 500 500 500 500 500 500
500 500 500 500 500 500 500
452 313 425 313 425 425 234 193 425 425 452 313 425 425 425 425 29 425 516 425
160 231 425 425 160 425 425 160 160 160 160 160 160 425 160
101 101 101 101 101 101 101 101 101
45 425 425 425 425 425 425 425 425 425 425
500 500 500 500 500 500 500
289 289 289 289 289 289 289 289 289 289 289 289
406 406 406 406 406 406 406 406 406 406 406 406 406 406 406
198 198 198 198 198 198 198 198 198 198 198 198 198 198 198 198 198 198 198 198 198 198 198 198 198 198 198 198 198 198
160 160 160 160 160 160 160 160 160 160
517 425 425 313 313 425 425 313 313 425
500 117 500 500 14 117 500 500 117 500
425 500 425 425 425 156 425 500 425 500 425 425 500 425 500 425 500
406 198 406 198 406 258 198 406 198 198 198 198 406 198 198 406 198 406 198 406 198 406 198 198 406 198 406 406 198 198 198 198 198 198 198 258 198 198 198 198 406 198 198
313 117 401 313 117 117 313 313
500 500 500 500 500 500 500
51 51 51 93 313 313 313 313 51 51 51 51
117 403 117 117 117 117 117 117 117 117
500 500 500 500 500 500 500
500 500 500 500 500 500 500
425 425 425 313 425 313 313 425 517 313
51 51 51 51 51 51 51 51
500 500 500 500 500 500 500
425 45 425 425 425 425 425 425 425 425 425
313 500 425 425 313 500 500 313 425 313 313 500 425 313 425 425 313 425 425 425 313 313 425 425 425 425 313 500 313 500 313 425 425 327
425 117 425 117 471 425 425 425 117
517 313 425 425 425 425 425 313 313 313
51 51 51 51 51 51 51 51
198 216 216 198 204 216 216 198 376 376 216 216 198 198 198 216 216 198 216 376 198 216 376 198 216 376 216 198 376 216 216 216 198 216 204 216 198 239 376 198 216 376 198 216 376 376 198 198 216 198 204
313 500 313 53 500 313 500 313 500 500 500
500 500 500 500 500 500 500
313 313 313 313 313 313 313 313 454
237 237 237 237 237 237 237 237 237 237 237 237 237 237 237 237 237 237 237 237 237 237 237 237 237 237 237 237 237 237 237 237
425 425 425 78 425 500 500 500 500 425 500 500
425 29 425 425 425 425 29 29 425
500 500 500 500 500 500 500
101 101 101 101 101 101 101 101 101
500 500 500 500 500 500 500
425 425 452 425 313 4 4 313 375
500 500 500 500 500 500 500
313 425 313 115 425 425 425 425 425 425 425 425 425 117 117 117 313 313
500 500 500 500 500 500 500
101 101 101 101 101 101 101 101 101
500 500 500 500 500 500 500
51 51 51 51 51 51 51 51
456 456 456 456 456 456 456 456 456 456 456 456 456 456 456 456 456
313 517 425 425 313 425 425 313 425 313
233 425 101 313 452 452 101 101 101 313 101 400 425 101 313 101 425 101
425 44 425 425 425 44 425 425 425 425
480 456 406 510 456 456 480 472 159 472 456 406 480 406 480 406 480 406 406 480 406 456 480 456 406 480 480 406 510 406 406 406 480 480 456 456 480 456 406 456 472 472 406 472 480 480 480 456
313 313 302 224 229 224 313 224 313 350 224 313 313 313 224 224 224 224 224
480 480 480 480 480 480 480 480 480 480 480 480 480 480 480 480 480 480
101 101 101 101 101 101 101 101 101
425 425 425 425 425 425 425 425 425 425 45
198 216 216 198 204 216 216 198 376 216 216 216 198 198 198 216 216 198 216 376 198 216 376 198 216 376 216 198 376 216 216 376 198 216 204 216 198 239 376 198 216 376 198 216 376 376 198 198 216 198 204
425 425 425 425 425 45 425 425 425 425 425
425 313 425 425 313 425 313 517 313 425
500 500 500 500 500 500 500
425 160 425 230 230 160 425 160 160 160 160 160 160 425
500 500 425 500 425 220 500 500 500 500 500 500 117 117 117 500 440 425 515 425 500
452 313 313 452 313 452 452
425 281 101 500 101 213 500 425 425 425 101 101 500 425 500 101 101 500 101
101 101 425 101 180 425 101 425 101 425 101 101 101 425
500 500 500 500 500 500 500
480 480 480 313 480 313 480 313 480 480 480 480 480 480 480 313 480 480 480 480 492 480
425 78 425 500 500 500 425 500 425 500 425 500
117 425 425 425 313 425 425 440 425 425 350 425 425 313 425 425 117 425 313 196 425 425 117
51 51 51 51 51 51 51 51
440 313 440 313 440 313 313
101 101 313 101 187 101 101 313 313 313 313 143 101 313 143
313 500 52 500 500 52 313 500 313 500
480 480 480 480 480 480 480 480 480 480 480 480 480 480 480 480 480 480
500 500 500 500 500 500 500
500 425 425 78 500 425 500 425 500 425 500 500
425 517 313 425 313 313 313 425 425 425
500 500 500 500 500 500 500
500 500 500 500 500 500 500
500 500 500 500 500 500 500
117 425 425 117 425 117 425 471 425
237 237 237 237 237 237 237 237 237 237 237 237 237 237 237 237 237 237 237 237 237 237 237 237 237 237 237 237 237 237 237 237
101 101 101 101 101 101 101 101 101
500 313 313 500 500 53 313 500 313 500 500
313 313 313 313 117 313 313 313 117 504 117 313
425 425 51 51 425 425 425 51 128 51 51 51 51
425 425 45 425 425 425 425 425 425 425 425
313 425 516 516 425 425 425 313 313
160 160 160 160 160 160 160 160 160 160
500 78 425 425 425 500 500 425 500 425 500 500
51 51 51 51 51 51 51 51
425 13 93 500 500 500 500 452 500 425 425 452
440 289 500 289 354 425 289 289 500 425 29 425 425 425 425 289 500 289 458 425 425 29 289 289 425 440 425 425 425 289 425 425 425 289 425 425 425 500 425 500
500 500 500 500 500 500 500
425 425 313 425 425 313 425 517 313 313
313 500 500 500 313 313 313 500 500 53 500
500 500 500 500 500 500 500
425 425 425 45 425 425 425 425 425 425 425
117 117 313 401 313 117 313 313
500 500 500 500 500 500 500
51 425 425 425 51 425 425 425 425 500 425 425 425 425 12 425 425 51 425 425 425 12 500 92 425 51 12 374 425 425 500 425 51 51
480 480 216 223 500 480 216 216 216 310 500 480 216 216 496 480 480 216 216 480 480 216 500 480 480 216 216 480 496 480 500 216 216 216 223 216 500 480 216 216 216 216 216 500 216 216 216 496 216 216 216 216 496 216
425 29 425 425 425 425 425 29 425 425 425 425 425 113
425 425 425 425 425 425 425 425 425 425 45
237 237 237 237 237 237 237 237 237 237 237 237 237 237 237 237 237 237 237 237 237 237 237 237 237 237 237 237 237 237 237 237
500 500 500 500 500 500 500
313 313 425 425 313 517 425 313 425 425
500 500 500 500 500 500 500
500 500 500 500 500 500 500
51 51 51 51 51 51 51 51
500 51 51 51 500 500 500 51 163 51 500 51 51 500
480 428 480 6 289 99 480 289 99 36 480 347 224 383 99 289 414 289 325 99 498 289 498 224 99 436 289 480 289 508 498 38 495 224
313 101 313 101 453 101 313 313 440 101 313 313 101 101 516 264 101 440 101 313
224 224 224 224 224 224 224 224 224 224 224
369 369 369 369 369 369 369 369 369 369 369 369 369 369
224 224 224 224 224 224 224 224 224 224 224
224 224 117 224 117 224 224 224 224 224 224 224 249 117
289 289 289 289 289 289 289 289 289 289 289 289
160 160 160 160 160 160 160 160 160 160
51 51 51 51 51 51 51 51
487 425 487 487 487 487 425
101 101 101 101 101 101 101 101 101
224 224 224 224 224 224 224 224 224 224 224
456 456 456 456 456 456 456 456 456 456 456 456 456 456 456 456 456
51 51 51 51 51 51 51 51
135 326 326 160 160 160 135 160 101 192 192 326 326 101 101
51 51 51 51 51 51 51 51
7 7 7 7 7 7 7 7 7 7 7 7 7 7 7 7 7 7 7 7
51 51 51 51 51 51 51 51
51 51 51 51 51 51 51 51
224 224 224 224 224 224 224 224 224 224 224
313 425 425 517 313 425 313 313 425 425
7 7 19 369 7 62 391 62 7 7 62 7 7 62 62 7 369 7 62 7 62 62 369 62 369
500 500 500 500 500 500 500
500 500 500 500 500 500 500
101 101 101 101 101 101 101 101 101
454 313 313 313 313 313 313 313 313
101 101 101 101 101 101 101 101 101
51 51 51 51 51 51 51 51
500 500 500 500 500 500 500
500 500 500 500 500 500 500
500 500 500 500 500 500 500
101 153 153 153 101 153 153 153 153 153
160 160 160 160 160 160 160 160 160 160
101 101 101 101 101 101 101 101 101
51 51 51 51 51 51 51 51
224 224 224 224 224 224 224 224 224 224 224
480 90 520 170 456 423 480 480 499 51 456 480 456 499 481 101 481 480 480 480 141 480 456 51 51 51 480 480 493 480 101 51 456 26 456 456 493 510 101 10 510 480 480
7 7 480 28 71 480 369 456 379 7 100 81 456 62 456 100 480 81 433 28 7 7 493 28 7 508 148 466 369 246 456 116 116 158 456 62 7 480 425 456 500 257 456 116 62 500 62 369 522 177 466 62 480 475
313 224 117 300 224 101 313 300 117 224 300 300 313 300 117 313 101 300 340 224
500 500 500 500 500 500 500
101 101 101 101 101 101 101 101 101
358 224 224 224 224 101 101 101 224 101 101 224 358 101 224 358 224
507 507 507 507 507 507 507 507 507 507 507 507 507 507 507 507 507 507 507
289 289 289 289 289 289 289 289 289 289 289 289
500 500 500 500 500 500 500
160 160 313 313 206 160 160 206 160 313 160 160 160
500 500 500 500 500 500 500
7 7 480 48 480 7 498 480 7 498 480 480 7 7 7 498 116 116 116 116 7 7 480 7 116 116 7 7 498 116 480
51 51 51 51 51 51 51 51
500 500 500 500 500 500 500
28 28 500 28 28 425 28 500
313 425 469 469 425 469 469
101 101 101 101 101 101 101 101 101
500 500 500 500 500 500 500
51 51 51 51 51 51 51 51
51 51 51 51 51 208 51 51 51 51 51 51 51 51 51
118 118 51 51 500 118 51 118 118 500
51 51 51 51 51 51 51 51
224 500 500 500 224 224 500 224 224 224 316 500 224 224 224 500 224
101 101 101 101 101 101 101 101 101
224 333 224 224 382 27 185 382 224 370 51 500 326 247 382 224 462 382 224 224 382 224 9 224 224 224 333 500 382 224 382 326 39 224 51
51 313 51 313 51 51 51 313 51 93 313 51
101 101 101 101 101 101 101 101 101
14 117 500 117 500 500 500 500 117 500
51 51 51 51 51 51 51 51
425 101 51 101 101 51 101 101 425 51 51 101 308 51 101 51 425 425 51 101 425
101 101 101 101 101 101 101 101 101
456 456 456 456 456 456 456 456 456 456 456 456 456 456 456 456 456
160 160 313 313 206 160 160 206 160 313 160 160 160
500 500 500 500 500 500 500
289 289 289 289 289 289 289 289 289 289 289 289
500 500 500 500 500 500 500 500 500 500 500 500 121
3 313 425 65 313 3 425 425 3 313 425 313
289 289 445 295 289 289 295 289 289 289 289 289 289 289 289 289 289 289 301 289 289 289 289
425 500 500 78 500 425 500 425 500 425 425 500
51 51 51 51 51 51 51 51
500 500 213 500 101 101 101 101 500 213 101 101 500 101
277 101 101 101 101 101 101 277 277 101 277 101 101 101
51 315 315 192 160 51 160 160 119 51 160 51 160 192 51 192
225 160 160 160 378 230 160 160 160 160 160 160 160 160 160 425 160 425 160 160 225
500 500 500 500 500 500 500
51 51 51 51 51 51 51 51
117 500 262 160 279 117 160 500 500 160 160 160 117 262 500 160 160
51 51 51 51 51 51 51 51
51 51 51 51 51 51 51 51
171 57 57 101 101 500 57 101 500 500 171 101 253 101 101
101 101 101 101 101 101 101 101 101
101 101 101 101 101 101 101 101 101
51 101 212 101 101 51 212 212 212 51 212 101
313 313 117 313 313 401 117 117
101 101 101 101 101 101 101 101 101
500 500 425 425 500 137 425 425 3 500 500 137 3
101 101 101 101 101 101 101 101 101
369 369 369 369 369 369 369 369 369 369 369 369 369 369
51 51 51 51 51 51 51 51
51 51 51 51 51 57 51 51 57 51 51 51 51 51 51 51 51 328 51 51 51 51
425 425 65 469 425 469 425 469 313 425 425 425
51 51 500 500 51 162 162 500 500 51 51 51 500
117 500 500 500 500 117 117 500 14 500
500 500 500 500 500 500 500
101 425 425 425 425 180 101 101 101 101 101 101 101 425
500 500 500 500 121 500 500 500 500 500 500 500 500
51 51 51 51 51 51 51 51
160 160 160 160 160 160 160 160 160 160
224 224 224 224 224 224 224 224 224 224 224
425 313 469 469 469 425 469
500 500 500 500 500 500 500
51 51 51 51 287 143 500 500 51 51 143 51 51 51 51 500 143 51
7 7 7 7 7 7 7 7 7 7 7 7 7 7 7 7 7 7 7 7
101 101 101 101 101 101 101 101 101
456 456 456 456 456 456 456 456 456 456 456 456 456 456 456 456 456
500 500 524 15 500 500 117 500 117 500 117
456 456 456 456 456 456 456 456 456 456 456 456 456 456 456 456 456
101 101 101 101 101 101 101 101 101
101 101 101 101 101 101 101 101 101
500 500 425 425 425 500 425 500 78 500 500 425
500 500 500 500 500 500 500
500 500 500 500 500 500 500
500 500 500 500 500 500 500
101 101 101 101 101 101 101 101 101
369 369 369 369 369 369 369 369 369 369 369 369 369 369
500 500 500 500 500 500 500
507 507 507 507 507 507 507 507 507 507 507 507 507 507 507 507 507 507 507
500 500 500 500 500 500 500
313 440 313 313 313 440 440
101 101 101 101 101 101 101 101 101
500 500 500 500 500 500 500
160 160 160 160 160 160 160 160 160 160
102 51 102 51 425 102 51 425 102 51
101 101 101 101 101 101 101 101 101
7 7 7 7 7 7 7 7 7 7 7 7 7 7 7 7 7 7 7 7
500 500 500 500 500 500 500
289 289 289 289 289 289 289 289 289 289 289 289
51 51 51 51 51 51 51 51
101 101 101 101 101 101 101 101 101
101 101 101 101 101 101 101 101 101
500 51 500 162 51 51 51 51 500 500 162 51 500
313 313 101 101 101 313 117 173 101 101 101 101 101 117 313 117
296 224 425 224 425 224 425 425 470 224 224 224 224 224 240 240
51 51 51 51 51 51 51 51
333 382 333 382 382 382 382 333 333 382 382 382 224 382 224
500 117 14 500 500 117 500 117 500 500
101 101 101 101 101 101 101 101 101
51 51 240 224 344 224 224 51 224 51 73 224 224 51 224 224 51 240
101 314 101 101 153 153 153 101 277 314 153 314 101 153 101
507 507 507 507 507 507 507 507 507 507 507 507 507 507 507 507 507 507 507
500 500 163 51 51 51 51 51 500 500 51 500 500 51
51 500 51 51 357 51 117 500 51 425 51 51 500 51 51 500 51 425 51 51 425 500 51 500 51 425 117 425 117
434 83 500 42 83 224 224 500 500 500 224 224 224 102 500 42 162 330 83 500 434 51 42 224 224 224 500
369 369 369 369 369 369 369 369 369 369 369 369 369 369
51 51 51 51 51 51 51 51
425 117 117 117 471 425 425 425 425
500 500 500 500 500 500 500
51 51 51 51 51 51 51 51
500 500 500 500 500 500 500
224 224 224 224 224 224 224 224 224 224 224
500 500 500 500 500 500 500
51 51 51 51 51 51 51 51
51 51 51 51 51 51 51 51
51 51 51 51 51 51 51 51
7 7 7 7 7 7 7 7 7 7 7 7 7 7 7 7 7 7 7 7
51 51 51 51 51 51 51 51
500 500 500 500 500 500 500
313 500 500 313 500 500 313 53 500 313 500
500 313 500 425 500 313 425 425 313 500 500 500 313 425 425 131
7 7 7 7 7 7 7 7 7 7 7 7 7 7 7 7 7 7 7 7
51 51 51 51 201 51 51 51 201 51 201 51 51
101 101 101 101 101 101 101 101 101
101 101 500 500 101 500 101 101 213 213 101 500 500 101
313 148 101 101 313 101 101 101 101 313 101 313 101
172 91 91 425 500 425 500 425 500 172 500 425 500 500
500 500 500 500 500 500 500
51 51 51 51 51 51 51 51
101 101 101 101 101 101 101 101 101
160 160 160 160 160 160 160 160 160 160
425 45 425 425 425 425 425 425 425 425 425
101 101 101 101 101 101 101 101 101
7 501 7 7 425 7 7 313 7 7 7 7 350 7 7 425 501 25 7 425 7 7 7 7 8 7 7
160 160 160 160 160 160 160 160 160 160
101 101 213 101 425 500 280 425 101 500 101 500 500 425 101 101 425 77
507 507 507 507 507 507 507 507 507 507 507 507 507 507 507 507 507 507 507
117 117 117 117 117 312 117
456 456 425 28 474 51 51 51 456 425 456 425 155 456 51 51 155 28 51 456 51 456 28 51 51 63 425 456 474 51 51 51 456 474 51 425 456 425 51 500 148 456 51 51 500 51 456 51 456 51
500 500 500 500 500 500 500
126 155 425 102 469 76 51 425 76 425 51 155
289 289 289 289 289 289 289 289 289 289 289 289
500 500 500 500 500 500 500
160 160 160 160 160 160 160 160 160 160
51 51 51 51 51 51 51 51
480 480 480 480 480 480 480 480 480 480 480 480 480 480 480 480 480 480
101 101 101 101 101 101 101 101 101
101 101 101 101 101 101 101 101 101
456 456 456 456 456 456 456 456 456 456 456 456 456 456 456 456 456
160 160 160 160 160 160 160 160 160 160
160 160 160 160 160 160 160 160 160 160
500 500 500 500 500 500 500
160 160 160 160 230 230 160 425 160 425 160 425 160 425
51 51 51 51 51 51 51 51
128 51 51 51 51 425 51 425 51 425 51 425 425
500 500 500 500 500 500 500
101 101 101 101 101 101 101 101 101
456 456 456 456 456 456 456 456 456 456 456 456 456 456 456 456 456
313 51 313 51 51 51 93 51 313 313 51 51
500 500 500 500 500 500 500
101 101 101 101 101 101 101 101 101
500 500 51 500 155 155 51 155 51 51 51 500
313 51 51 313 117 122 51 117 313 313 51 51 117 51 51
51 160 160 143 160 349 51 51 500 160 143 160 160 500 500 51 349 160 160
480 109 509 456 480 480 500 483 494 117 456 480 456 483 465 480 480 480 90 480 500 456 460 117 480 480 475 480 456 456 491 57 475 500 456 21 460 480 117 480
313 500 500 313 500 500 500 313 53 500 313
101 101 101 101 101 101 101 101 101
51 51 51 51 51 51 51 51
51 51 51 51 51 51 51 51
101 101 101 101 101 101 101 101 101
500 500 500 500 500 500 500
51 51 51 51 51 51 51 51
160 160 160 160 160 160 160 160 160 160
289 289 289 289 289 289 313 289 313 289 289 289 313 313 289 319
51 425 51 51 51 425 128 425 425 51 51 51 425
500 500 500 500 500 500 500
101 101 101 101 101 101 101 101 101
160 160 160 160 160 160 160 160 160 160
101 101 101 101 101 101 101 101 101
224 124 7 480 70 101 480 369 170 160 337 82 323 507 224 160 224 369 82 480 101 224 513 423 157 507 124 338 160 224 224 7 51 116 6 157 51 507 369 51 507 101 51 7 160 116 266 365 507 278 160 480 379 507 160 7 177 160 224 51 116 157 160 507 62 444 69 68 326 507 34 519 326 224 1 7 507 507
425 500 313 500 220 500 469 469 500 313 425 425 104 425 425 313 313 313 500 425 425
500 500 500 500 500 500 500
102 51 439 502 313 117 313 500 425 117 51 500 313 375 313 51 155 102 500 155 51 117 500 51 500 313 313 440 375 500 313 313 500 51 500 500 51 117 117 313 51 425 51 500 102 313
500 500 500 500 500 500 500
313 313 313 313 313 313 313 313 16 313 313 313 313
224 101 313 101 500 101 313 224 213 101 224 313 416 224 101 500 101 500 224 224 101 313 500 224 224 500 224 224
51 51 51 51 51 51 51 51
207 51 207 425 51 425 425 207 51 425 425 425 51 207
500 500 500 500 500 500 500
224 224 224 224 224 224 224 224 224 224 224
369 369 369 369 369 369 369 369 369 369 369 369 369 369
51 51 51 51 51 51 51 51
289 313 289 289 313 289 289 289 313 289 289 289 319 289 289 313
425 425 53 440 440 425 425 425 425 425 425
51 51 51 51 51 51 51 51
206 160 160 160 160 160 313 160 206 160 313 313 160
101 101 101 313 148 101 101 313 101 101 313 101 313
160 160 160 160 160 160 160 160 160 160
500 500 500 500 500 500 500
51 51 51 51 51 51 51 51
500 313 500 500 313 500 500 53 313 313 500
7 7 7 7 7 7 7 7 7 7 7 7 7 7 7 7 7 7 7 7
500 500 500 500 500 500 500
480 480 480 480 480 480 480 480 480 480 480 480 480 480 480 480 480 480
124 7 7 7 507 124 124 124 7 124 507 507 7 7 124 507 507 507 7 7 7 124 507 7 124 11 507 519 7 507 507
224 224 224 224 224 224 224 224 224 224 224
425 147 500 147 147 51 147 147 500 51 51
101 101 101 101 101 101 101 101 101
51 425 51 425 425 51 425 51 51 51 425 128 51
471 425 117 425 117 425 425 117 425
51 51 51 51 51 51 51 51
500 500 500 500 500 500 500
172 91 91 425 500 425 500 425 500 172 500 425 500 500
124 7 19 369 7 507 507 391 157 124 7 157 507 369 157 7 7 157 507 7 369 507 7 62 7 157 507 62 157 68 507 519 369 507 507 507
500 500 500 500 500 500 500
224 224 224 224 224 224 224 224 224 224 224
500 500 500 500 500 500 500
224 224 224 224 224 224 224 224 224 224 224
500 500 500 500 500 500 500
51 51 51 51 51 51 51 51
500 500 500 500 500 500 500
500 500 500 500 500 500 500
101 101 101 101 101 101 101 101 101
500 500 500 500 500 500 500
480 480 456 69 289 500 176 480 224 289 494 224 456 176 183 224 81 224 383 224 481 456 500 36 57 456 466 352 466 325 169 456 224 480 480 36 353 456 289 480 456 81 480 500 75 224 224 1
51 500 101 135 101 500 57 313 440 500 101 101 51 313 101 500 440 500 313 101 515 425 500 101 57 101 135 101 272 468 500 500 242 101 313 119 57 101 425 425 500 500 101
500 500 500 500 500 500 500
456 456 456 456 456 456 456 456 456 456 456 456 456 456 456 456 456
500 500 500 500 500 500 500
51 51 51 51 51 51 51 51
51 500 51 143 143 500 143 51 500 143 51
480 480 480 480 480 480 480 480 480 480 480 480 480 480 480 480 480 480
51 51 51 51 51 51 51 51
425 425 156 500 425 425 425 500 425 500 425 500 500 500 425 425 425
500 500 500 500 500 500 500
101 101 213 101 500 213 101 101 500 101 500 101 500 500
460 170 456 326 475 466 456 456 475 101 466 510 456 510 456 466 101 456 125 456 466 101 510
101 313 101 313 101 101 313 101 101 101 313 101 148
369 369 101 101 437 101 369 101 101 369 369 369 369 101 101 369 369 369 101 369 369 369
500 500 500 500 500 500 500
101 101 101 101 101 101 101 101 101
425 425 500 425 500 500 425 425 78 500 500 500
101 101 101 101 101 101 101 101 101
500 101 515 101 101 500 500 101 110 101 500 218 500 101 101
101 101 101 101 101 101 101 101 101
286 51 51 160 51 51 160 51 425 51 438 51 425 51 51 51 160 160 425 425 160 51 51 286 160 51 51 438 51 51
101 101 101 101 101 101 101 101 101
224 224 224 224 224 224 224 224 224 224 224
517 425 313 425 425 313 313 425 425 313
456 456 456 456 456 456 456 456 456 456 456 456 456 456 456 456 456
51 51 51 51 51 51 51 51
101 101 101 101 101 101 101 101 101
160 51 160 267 160 160 267 51 267 160 51 267 267
500 500 500 500 500 500 500
471 425 117 425 117 425 117 425 425
500 500 162 51 500 51 51 51 500 500 51 162 51
51 51 51 51 51 51 51 51
160 160 160 160 160 160 160 160 160 160
101 101 101 101 101 101 101 101 101
160 160 160 160 160 160 160 160 160 160
425 117 425 425 117 117 425 471 425
51 51 51 51 51 51 51 51
51 51 51 51 51 51 51 51
500 500 78 500 425 425 500 425 425 500 425 500
210 500 500 51 500 500 51 313 51 500 500 313 313 51 51 313 51 51
500 500 500 500 500 500 500
51 51 51 112 375 313 313 51 51 117 51 375 51
85 425 500 425 425 440 500 515 500 500 425 500
480 7 7 509 456 283 456 7 480 480 474 457 456 486 456 480 457 480 313 480 480 456 7 480 428 289 19 456 480 480 456 190 480 48 289 48 456 324 19 7 456 313 182 7 289 71 7 313 48 19 456 19 430 70 456 50 456 520 480 19 456 289 480
51 51 51 51 51 51 51 51
51 51 51 51 51 51 51 51
500 51 162 500 51 51 51 51 500 51 500 162 500
500 500 500 500 500 500 500
160 160 160 160 160 160 160 160 160 160
480 480 480 480 480 51 480 480 480 480 480 482 480 480 51 480 480 51 51 51 480 57 480 51 514
500 500 500 500 500 500 500
170 101 170 76 386 51 51 51 51 102 425 101 101 43 51 201 76 170 201 72 170 101 207
51 51 51 51 51 51 51 51
160 160 160 160 160 160 160 160 160 160
51 425 425 51 51 127 127 425 51 51 425 51
51 51 51 51 51 51 51 51
101 101 101 101 101 101 101 101 101
160 225 425 425 425 160 160 225 425 160 160 425 425 425 425 160 160 292
500 500 500 500 500 500 500
117 51 51 51 51 51 117 117 74 51 51
51 313 51 313 51 51 313 93 313 51 51 51
101 425 117 425 117 440 101 101 209 110 101 117 101 101 425 101 425
369 369 369 369 369 369 369 369 369 369 369 369 369 369
313 440 313 313 440 440 313
313 83 83 313 83 500 51 137 51 313 313 83 83
500 500 500 500 500 500 500
101 101 101 101 101 101 101 101 101
500 500 500 500 500 500 500
500 500 500 500 500 500 500
500 500 500 500 500 500 500
500 51 298 425 207 51 425 500 207 500 500 425 51 500 425 425 51 207 500 425
500 500 500 500 500 500 500
170 170 101 101 101 170 170 170 101 500 500
51 101 212 101 101 51 51 212 212 212 212 101
51 101 51 101 101 51 51 51 101 101 51 101 254 51 101 101
507 507 507 507 507 507 507 507 507 507 507 507 507 507 507 507 507 507 507
124 7 19 369 7 507 507 391 157 124 7 157 507 369 157 7 7 157 507 7 369 507 7 62 7 157 507 62 157 68 507 519 369 507 507 507
500 500 500 500 500 500 500
117 312 117 117 117 117 117
289 224 101 429 224 300 360 224 300 289 289 289 429 429 289 429 289 224 429
480 480 480 480 480 480 480 480 480 480 480 480 480 480 480 480 480 480
224 224 224 224 224 224 224 224 224 224 224
224 224 224 224 224 224 224 224 224 224 224
500 78 500 425 425 500 425 425 500 425 500 500
51 51 51 51 51 51 51 51
500 500 500 500 500 500 500
101 101 101 101 101 101 101 101 101
51 160 160 500 143 160 349 51 500 160 143 160 160 51 500 51 349 160 160
7 7 7 7 7 7 7 7 7 7 7 7 7 7 7 7 7 7 7 7
28 500 500 28 500 149 500 28 500 425 28 500 500 500
102 51 102 51 425 102 51 425 102 51
88 425 425 313 425 313 425 425 425 425 313 425 425 425 313
313 313 425 425 425 425 313 425 517 313
215 313 313 126 313 425 313 469 51 51 313 51 425 51 313 313 72 313 126
313 117 313 313 313 117 117 401
51 51 51 51 51 51 51 51
313 313 313 425 313 425 425 313 60 313 313 425 425 313
369 369 369 369 369 369 369 369 369 369 369 369 369 369
51 51 51 51 51 51 51 51
224 224 224 224 224 224 224 224 224 224 224
480 480 480 480 480 480 480 480 480 480 480 480 480 480 480 480 480 480
500 500 500 500 500 500 500
124 7 19 369 7 507 157 391 157 124 7 157 507 369 507 7 7 157 507 7 369 507 7 62 7 157 507 62 157 68 507 519 369 507 507 507
500 500 500 500 500 500 500
500 500 500 500 500 500 500
160 51 160 51 51 153 153 101 153 51 51 51 160 160 393 449 51 170 313 51 267 400 313 51 153 160 267 101 153 51 313 267
313 313 313 313 313 454 313 313 313
500 500 500 500 500 500 500
500 500 500 500 500 500 500
224 224 224 224 224 224 224 224 224 224 224
51 51 51 51 51 51 51 51
500 51 51 500 163 51 51 51 51 51 500 500 500 500
101 101 101 101 101 101 101 101 101
7 7 7 7 7 7 7 7 7 7 7 7 7 7 7 7 7 7 7 7
51 51 51 51 51 51 51 51
500 500 500 500 500 500 500
51 51 51 51 51 51 51 51
434 83 500 42 83 224 224 500 500 500 224 224 224 102 500 42 162 330 83 500 434 51 42 224 224 224 500
51 101 51 51 57 51 101 101 51 263 110 101 101 51 101 101
224 425 425 224 224 224 224 290 224 425 425 290 224 224 224
160 160 160 160 160 160 160 160 160 160
101 153 153 153 101 153 153 153 153 153
289 289 289 289 289 289 289 289 289 289 289 289
500 500 500 500 500 500 500
224 224 224 224 224 224 224 224 224 224 224
170 170 101 101 101 170 170 170 101 500 500
425 313 313 425 425 313 313 517 425 425
101 101 101 101 101 101 101 101 101
51 51 51 51 51 51 51 51
500 500 500 500 500 500 500
51 425 224 290 425 224 248 51 425 425 51 224 425 425 224 224 51 425 51 51 224 470 224 224 73 425 397
160 160 160 160 160 160 160 160 160 160
51 51 51 51 51 51 51 51
101 101 101 101 101 101 101 101 101
51 51 51 51 51 51 51 51
500 500 500 500 500 500 500
101 101 101 101 101 101 101 101 101
51 51 51 51 51 51 51 51
500 500 500 500 500 500 500
101 101 101 101 101 101 101 101 101
500 500 500 500 500 121 500 500 500 500 500 500 500
160 160 160 160 160 160 160 160 160 160
160 160 160 160 160 160 160 160 160 160
469 51 500 500 51 469 425 43 250 51 425 500 500 51 51 51 51 92
101 101 101 101 101 101 101 101 101
51 51 51 51 51 51 51 51
500 500 500 500 500 500 500
369 369 369 369 369 369 369 369 369 369 369 369 369 369
369 369 369 369 369 369 369 369 369 369 369 369 369 369
500 500 500 500 500 500 500
7 7 7 7 425 7 7 7 7 7 425 440 7 7 8 7 7 7 425 7 7 20 425 7 7
51 51 51 51 51 51 51 51
313 47 313 313 313 313 313 313 313 117 440 117 489
313 313 313 453 313 453 313 313
101 101 101 101 101 101 101 101 101
101 101 101 101 101 101 101 101 101
425 425 101 425 425 425 117 101 425 51 425 207 101 384 117 425 425 101 51 101 51 425 117 425 101 207 101 51 207 101
51 51 51 51 500 364 515 51 500 51 425 3 13 500 3 51 51 51 500 51 500 51 425 127 425 51 51
425 117 425 117 425 117 471 425 425
51 51 51 51 51 51 51 51
289 289 289 289 313 313 313 289 289 319 289 289 289 289 289 313
500 500 500 500 500 500 500
500 500 500 500 500 500 500
224 224 224 224 224 224 224 224 224 224 224
101 101 101 101 101 101 101 101 101
500 500 500 500 500 500 500
160 160 160 160 160 160 160 160 160 160
500 500 500 500 500 500 500
224 224 224 224 224 224 224 224 224 224 224
224 333 224 224 382 27 118 382 224 348 51 285 247 382 224 462 382 224 224 382 224 9 224 224 224 333 382 224 382 285 27 224 51
101 313 148 313 101 101 101 101 101 101 101 313 313
500 500 500 500 500 500 500
51 51 51 51 51 51 51 51
101 101 101 101 101 101 101 101 101
500 500 500 500 500 500 121 500 500 500 500 500 500
160 285 101 285 285 101 160 160 285 101 285 160 285
224 224 224 224 224 224 224 224 224 224 224
500 500 500 500 500 500 500
471 425 425 425 117 117 425 117 425
500 500 500 500 500 500 500
51 51 51 51 51 51 51 51
500 500 500 500 500 500 500
224 425 271 224 224 425 271 224 224 271 224 224 271
369 369 369 369 369 369 369 369 369 369 369 369 369 369
500 500 500 500 500 500 500
101 101 101 101 101 101 101 101 101
101 224 101 224 224 500 101 224 101 500 224 500 101 500 500 500 224 101 101 101 224 224 395 224 224
51 51 51 51 51 51 51 51
289 289 289 289 289 289 289 289 289 289 289 289
313 117 517 469 117 117 425 425 469 469
160 160 160 160 160 160 160 160 160 160
224 224 224 224 224 224 224 224 224 224 224
51 51 51 51 51 51 51 51
51 51 51 51 51 51 51 51
101 369 369 101 369 101 369 369 101 101 369 101 369 369 101 369 369 369 369 437 369 101
160 51 160 51 51 51 51 160 160 51 160 297 160 160 160 51 160
289 289 289 289 289 289 289 289 289 289 289 289
51 51 51 51 51 51 51 51
500 500 313 53 500 313 313 500 500 313 500
224 224 224 224 224 224 224 224 224 224 224
289 289 289 289 289 289 289 289 289 289 289 289
425 500 425 500 425 500 425 500 78 500 500 425
425 500 51 425 425 500 425 76 207 500 425 155 425 51 425 51 92 425 51 76 500 51 425 126 51 51 51 425 425 51 405 425 425
500 425 313 500 104 500 469 469 313 313 313 500 425 313 150 500
101 101 101 101 101 101 101 101 101
51 51 51 51 51 51 51 51
400 117 313 400 313 117 313
500 500 500 500 500 500 500
160 285 101 160 285 101 285 160 285 101 285 160 285
500 500 500 500 500 500 500
425 311 117 117 425 425 46 117 488 311 117 488
51 51 51 51 51 51 51 51
224 224 224 224 224 224 224 224 224 224 224
224 224 224 224 224 224 224 224 224 224 224
333 382 333 382 382 382 382 333 333 382 382 382 224 382 224
289 289 289 289 289 289 289 289 289 289 289 289
289 289 289 289 289 289 289 289 289 289 289 289
206 160 160 160 160 160 313 160 206 160 313 313 160
369 369 369 369 369 369 369 369 369 369 369 369 369 369
117 224 117 224 224 117 249 224 224 224 224 224 224 224
51 51 51 51 51 51 51 51
51 74 117 51 117 51 117 51 51 51 51
162 500 64 101 313 500 74 500 313 126 101 101 64 361 313 101 313 500 162 42 101 101 101 500
500 500 500 500 500 500 500
224 224 224 224 224 224 224 224 224 224 224
425 425 45 425 425 425 425 425 425 425 425
224 224 224 224 224 224 224 224 224 224 224
118 118 500 51 51 500 299 313 500 313 51 118 313 118 500 210 313 500 500 313 313
51 51 51 51 51 51 51 51
7 7 7 7 7 7 7 7 7 7 7 7 7 7 7 7 7 7 7 7