0 0 0 0 0 0 0
14 14 14 14 154 14 14 14 14 14 14 14 14
0 0 0 0 0 0 0
0 0 0 0 0 0 0
52 30 30 52 30 30 30 223 30 52
31 31 31 24 92 24 24 24
0 0 0 0 0 0 0
31 31 92 24 31 24 24 24
14 14 14 154 14 14 14 14 14 14 14 14 14
499 499 184 499 184 184 184 499 499 499 499 184 184 499 184 184 184 499 499 184 184 184
1 1 1 1 1 1 1 1
94 94 94 137 137 185 185 137 499 94 185 94 94 137 137 185 94
1 1 1 1 1 1 1 1
499 499 236 236 499 236 499 236 499 499 236 236 499 236 499 236 236 499 499 236 499 499
0 0 0 0 0 0 0
449 449 449 499 449 499 499 499 499 499 449 499 499 449 499 499
57 50 50 57 50 57 50 50 50 50 57 57 499 57
0 0 0 0 0 0 0
186 186 110 110 79 79 110 79 79
1 1 1 1 1 1 1 1
187 80 48 48 48 48 80 48 80 187 80 48
499 385 499 385 224 499 499 224 385 224 385 385 385 499 499 224 224 224 224 224 224 224 224 385
2 2 2 2 2 2 2 2 2
58 40 58 40 450 58 40 40 40 58 58 40 40 40
0 0 0 0 0 0 0
499 300 300 300 499 499 499 499 300 300 300 499 300 300 499 499 499 499 499 499 499 499
12 12 12 12 12 12 12 12 12 12 12 12 12 12 12 12 12 12 12 12 12 12 12 12 12 12 12 12 12 12 12 12 12 12 12 12 12 12
12 12 12 12 12 12 12 12 12 12 12 12 12 12 12 12 12 12 12 12 12 12 12 12 12 12 12 12 12 12 12 12 12 12 12 12 12 12
19 19 19 19 19 19 19 19 19 19 19 19 19 19 19
0 0 0 0 0 0 0
2 2 2 2 2 2 2 2 2
2 2 2 2 2 2 2 2 2
36 36 36 280 36 36 36
81 499 81 81 81 81 81 81 81 81 81 81 81
1 1 1 1 1 1 1 1
301 155 155 499 451 155 155 301 155 301 451 301 155 451 155
188 188 188 122 122 188 188 122 452 499 302 452 302 122 188 452 122 122 122 122 302 302
499 237 499 499 237 237 237 499 237 237 237 237 237 237 499 499
453 499 386 499 499 499 453 453 499 453 499 386 499 386 453 499 386 386 499 499 499 453 499 499 499 499 499 386 499 499 386 499
0 0 0 0 0 0 0
281 82 82 82 82 138 82 82 82 281 138 82 281 499 138 138 138
18 18 21 18 21 18 21 95 18 21 18 21
7 7 7 7 7 7 7 7 7 7 7 7
25 25 25 25 25 25 25 25 25 25 25 25 25 25 25 25 25 25 25 25 25 25
2 2 2 2 2 2 2 2 2
454 189 189 454 189 189 189 189 454 189 189 454 189 189 189 454 189 454 499
2 2 2 2 2 2 2 2 2
0 0 0 0 0 0 0
499 499 499 499 238 499 499 499 238 499 499 499 238 238 238 499 238 238 499 238 238 238
0 0 0 0 0 0 0
0 0 0 0 0 0 0
499 455 455 499 499 499 455 455 499 499 499 455 499 499 455 499 499
1 1 1 1 1 1 1 1
239 499 499 499 239 239 499 239 499 499 239 499 499 499 499 499 499 499 239 499 239 499 239 499 499 499 499 499 499 499 499 499 239 239 499 499
123 156 156 123 156 156 123 123 499 156 123 123 156 123 123 156
499 499 499 499 499 499 499 499 499 499 499 499 499 499 499 499 499 499 499 499 499 499 499 499 499 499
499 499 499 499 499 499 499 499 499 499 499
124 83 83 499 124 83 124 83 83 124 83
0 0 0 0 0 0 0
1 1 1 1 1 1 1 1
499 240 240 170 170 387 387 499 499 499 170 499 170 240 387 240 170 240 240 387 499 499 387 170 387 170 170 240 387 170 170 499 170 240 240 240 170 170
111 111 157 111 157 111 111 111 499 111 111 111 157 157 157 157 157
456 499 456 456 499 499 456 499 499 499 456 499 499 499 456
7 7 7 7 7 7 7 7 7 7 7 7
52 52 30 52 30 30 223 30 30 30
388 388 499 388 388 388 499 499 388 499 499 499 499 499 499 388 499 499 499 499 499 499 499 499 499 499 499 499 499
1 1 1 1 1 1 1 1
499 499 499 499 499 499 499 499 499 499 499 499 499 499 499
158 190 190 190 190 158 190 158 158 190 158 158 190 158 158 190 158 158 158 190 499 158 190 158 158 190 190
499 389 499 499 499 499 499 499 499 389 499 499 499 499 499 389 499 389 499 499 389 389 499 499 389 499 499 499
18 95 21 21 21 18 21 18 18 18 21 18
1 1 1 1 1 1 1 1
303 282 303 499 282 282 282 303 282 282 303 499 499 303 282 303 282 303 303 282
3 3 3 3 3 3 3 3 3 3
7 7 7 7 7 7 7 7 7 7 7 7
171 171 283 499 499 283 499 499 171 283 283 499 499 171 283 499 499 499 171 283 171 499 283 499 499 283 171 499 171 499 499 499 171 283 171 171 171 171
38 54 38 54 38 38 54 54 54 54 38 38 38 38 38 38 38 54 499 54 38 38
3 3 3 3 3 3 3 3 3 3
499 499 499 499 499 499 499 499 499 499 499 499 499 499 499 499 499
2 2 2 2 2 2 2 2 2
499 499 499 499 499 499 499 499 499 499 499 499 499 499 499
225 225 390 225 225 225 390 225 390 225 390 390 390 225 390 499 225 225 225
33 159 33 159 33 33 33 33 33 33
15 15 13 43 15 13 15 13 13 13
112 112 112 160 241 112 499 160 160 112 160 241 160 241 499 112 160 241 112 241 160 112 112
0 0 0 0 0 0 0
1 1 1 1 1 1 1 1
13 13 13 15 15 15 43 15 13 13
0 0 0 0 0 0 0
44 139 139 44 44 44 44 139 242 242 44 44 44
172 172 172 172 172 172 172 172 172 172 172 172 172
226 226 226 499 243 499 226 243 226 243 243 226 226 243 243 226 243 226 243 243 226 499 226 243 499
457 457 499 457 499 457 457 457
0 0 0 0 0 0 0
12 12 12 12 12 12 12 12 12 12 12 12 12 12 12 12 12 12 12 12 12 12 12 12 12 12 12 12 12 12 12 12 12 12 12 12 12 12
0 0 0 0 0 0 0
3 3 3 3 3 3 3 3 3 3
499 499 499 499 499 499 499 499 499 499 499 499 499 499 499
19 19 19 19 19 19 19 19 19 19 19 19 19 19 19
3 3 3 3 3 3 3 3 3 3
1 1 1 1 1 1 1 1
14 14 14 154 14 14 14 14 14 14 14 14 14
17 26 17 17 26 17 93 17 17 26 26
0 0 0 0 0 0 0
499 499 499 499 499 499 499
1 1 1 1 1 1 1 1
113 37 23 23 37 23 23 37 23
21 18 95 21 18 18 18 21 18 18 21 21
34 34 34 391 68 68 34 68 34 34 68 34 34
97 191 97 97 97 97 191 97 97 97 191 97 97 191 191 191 499
304 304 304 499 304 304 499 499 499 499 304 304 304 499
458 458 458 305 392 499 305 305 499 392 499 392 458 458 499 499 392 392 392 305 305 458 305 392 305 305 499 499 499
244 192 192 192 499 499 499 244 244 244 499 244 192 192 499 499 499 192 192 192 244 499 192 192 192 499 499 499 192 244 244 244 499 244
0 0 0 0 0 0 0
1 1 1 1 1 1 1 1
98 39 39 39 39 39 98 39 39 39 39 39 98 98 499
1 1 1 1 1 1 1 1
459 125 499 125 459 459 459 499 125 125 499 125 499 499 125 125 125 125 125 125 499 459 459 125 125 125 125 125
1 1 1 1 1 1 1 1
499 107 107 499 107 107 107 107 107 499 107 499 107 499 499 107 107 499 107 107 107 499 107 107 107 107 107
3 3 3 3 3 3 3 3 3 3
499 499 499 499 499 499 499
20 20 20 20 20 20 20 20 161
3 3 3 3 3 3 3 3 3 3
499 499 245 245 499 245 245 245
7 7 7 7 7 7 7 7 7 7 7 7
193 306 193 306 193 306 193 193 193 306
30 30 30 52 52 223 30 52 30 30
307 307 308 307 308 308 307 308 308 499 307 307 307 308 499 307 308 308
28 28 28 59 246 28 28 59 28 59 28
2 2 2 2 2 2 2 2 2
114 114 460 114 114 114 194 194 194 460 460 194 114 194 114 194 114 114
2 2 2 2 2 2 2 2 2
140 140 461 461 499 140 140 140
280 36 36 36 36 36 36
193 306 193 306 193 306 193 193 193 306
60 60 41 41 60 60 41 41 41 41 41 60 462
499 499 499 499 499 463 499 499 499 499 499 499 499 499 463 463 463 499 499 499 463 463 499
309 309 309 499 499 499 499 309 499 499 499 499 309 499 309 309 499 309 499 499 499 499
499 499 499 499 499 499 499 499 499 499 499
20 20 20 20 20 20 20 20 161
2 2 2 2 2 2 2 2 2
1 1 1 1 1 1 1 1
61 61 247 61 61 61 247 61
126 195 126 126 195 195 126 126 499 126 195 126 195 126 195
499 499 499 499 499 499 499 499 499 499 499 499 499 499 499 499 499
1 1 1 1 1 1 1 1
2 2 2 2 2 2 2 2 2
61 61 61 61 61 247 61 247
499 499 499 499 499 499 499 499 499 499 499 499 499 499 499
4 4 4 4 4 4 4 4 4 4 4
1 1 1 1 1 1 1 1
3 3 3 3 3 3 3 3 3 3
310 310 499 310 499 499 310 499 310 499 310 310 310 499 499
8 8 8 73 8 8 8 8 8 8 8
99 99 99 499 99 99 99 99 99 499 99 99
499 499 499 499 499 499 499 499
499 196 248 196 196 499 499 248 248 196 196 196 248 248
464 465 464 465 465 499 499 464 499 499 499 499 464 499 499 465 464 499 499 499 464 499 499 465 465
127 127 127 311 311 127 162 127 162 127 127 499 162 311 499 499 311 127 499 162 162 499 162 499 162 499
1 1 1 1 1 1 1 1
24 24 92 31 24 31 24 31
499 499 499 499 499 499 499 499 499 499 499 466 499 466 466 499 499 499 499 466 499 499 466 499 499 466 499 499 499
499 499 499 499 499 499 499 499 499 499 499 499 499 499 499 499
39 39 39 39 499 39 98 98 39 39 39 39 39 98 98
249 312 249 312 249 499 249 249 312 249 312 312 312 249 249 249 312 249 312
21 18 21 21 18 18 21 18 21 18 18 95
1 1 1 1 1 1 1 1
499 284 284 284 284 284 499 499 284 284 284 284 499 499
197 173 173 173 173 173 197 197 173 197 197 197 173 499 173 197 197 173 173 197 197 173 197 173 499 173 197
198 499 499 499 467 499 313 198 198 499 499 499 313 198 198 313 499 467 499 467 499 499 198 467 499 313 198 499 499 499 499 499 499 313 198 499 313 499 499 313 499 313 467 198 198 499 467 198 499 198
36 36 36 36 36 280 36
62 62 62 62 62 62 62 499 62 62 62 62 62 499 62 62 62
108 108 108 108 108 108 108 108 314 314 314 314 314 314 314 108 108 108 108 108 108 108 499 108 314 108 108 108
1 1 1 1 1 1 1 1
1 1 1 1 1 1 1 1
0 0 0 0 0 0 0
0 0 0 0 0 0 0
82 138 82 281 82 281 138 138 82 82 281 138 499 82 82 82 138
499 499 499 499 499 499 499 499 499 499 499 499 499 499 499 499
499 499 499 499 499 499 499 499
499 315 315 499 315 499 315 499 315 499 499 499 499 315 315 315 499
15 13 13 15 13 13 15 13 43 15
0 0 0 0 0 0 0
128 499 316 316 128 128 128
1 1 1 1 1 1 1 1
499 499 499 499 499 499 499 499 499 499 499 499 499 499 499 499 499 499 499 499 499 499 499
126 195 499 126 195 126 195 126 195 126 126 195 126 195 126
2 2 2 2 2 2 2 2 2
25 25 25 25 25 25 25 25 25 25 25 25 25 25 25 25 25 25 25 25 25 25
246 59 28 28 28 59 28 59 28 28 28
28 28 28 28 246 28 59 28 28 59 59
317 317 250 468 199 317 317 499 250 468 317 317 199 199 199 250 468 199 468 317 199 199 250 468 199 317 468 199 199 250 250 250 199 199 250 250 250
499 174 174 174 499 499 393 174 499 499 174 174 174 499 174 393 174 174 393 174 499 393 499 393 499 174 499 174 499 499 393 393
499 499 499 499 499 499 499 499 499 499 499 499 499 499
3 3 3 3 3 3 3 3 3 3
394 200 200 499 200 394 200 200 394 200 394 200 394 394 394 499 200 200 200 200 200
1 1 1 1 1 1 1 1
499 499 395 499 499 499 499 395 499 499 499 395 499 499 499 499 395 395 395 395
499 318 499 499 499 499 499 499 318 499 499 499 318 499 499 318 499 499 499 499 499 499 499 499 499 499 499 499 499 499 499 318 499 499 499 499 499 499 318 499 318 318 499 499
499 469 469 469 499 499 469 499 499 469 469 499
15 13 15 13 13 43 15 15 13 13
0 0 0 0 0 0 0
3 3 3 3 3 3 3 3 3 3
2 2 2 2 2 2 2 2 2
0 0 0 0 0 0 0
470 499 499 470 470 470 470 470 499
14 14 14 14 154 14 14 14 14 14 14 14 14
2 2 2 2 2 2 2 2 2
24 24 24 24 31 31 92 31
10 10 10 10 10 10 10 10 10 10 10 10 10 10
3 3 3 3 3 3 3 3 3 3
285 141 141 201 285 141 285 201 201 141 499 141 201
34 34 34 34 34 34 68 68 34 34 68 68 391
7 7 7 7 7 7 7 7 7 7 7 7
0 0 0 0 0 0 0
0 0 0 0 0 0 0
2 2 2 2 2 2 2 2 2
2 2 2 2 2 2 2 2 2
1 1 1 1 1 1 1 1
33 33 159 33 159 33 33 33 33 33
0 0 0 0 0 0 0
20 20 20 20 161 20 20 20 20
499 499 499 499 499 499 499 499 499 499 499 499 499
20 161 20 20 20 20 20 20 20
396 499 499 499 396 396 396 499 396 499 499 499 499 396 396 499 499 499
25 25 25 25 25 25 25 25 25 25 25 25 25 25 25 25 25 25 25 25 25 25
62 62 62 62 62 62 62 499 62 62 62 62 62 499 62 62 62
202 202 202 499 202 499 202 499 202 499 499 202 202 499 202 202 202 202
17 17 17 26 93 26 17 17 26 17 26
10 10 10 10 10 10 10 10 10 10 10 10 10 10
3 3 3 3 3 3 3 3 3 3
499 499 499 499 499 499 499 397 499 499 499 499 397 397 397 499 499 499 499 397 499 499 499 397 499 397 499
0 0 0 0 0 0 0
0 0 0 0 0 0 0
35 35 35 55 319 55 35 35 55 35 55 35
499 499 499 499 499 499 499 499 499 499 499 499 499 499 499 499 499 499
1 1 1 1 1 1 1 1
499 471 471 471 499 499 499 499 499 471 471 471
499 100 100 472 100 100 472 472 499 100 499 100 472 100 227 499 499 100 100 227 472 227 100 100 227 499 472 227 499 100 227 499 227 100 227 100 499 100 100 100 100 100 100 499 227 499 499 227 499 499 227 499
398 499 499 398 499 398 499 398 398 398 499 499 499 499 398 499 499 499 499 499
499 499 499 499 499 499 499 499 499 399 499 499 499 499 499 499 499 399 499 399 499 499 499 499 499 499 499 499 499 499 499 499 399 499 499 499 499 499 399 499 499 499 499 499 399 499 499 399
0 0 0 0 0 0 0
320 499 499 499 320 499 499 499 499 320 320 320 499 499 499 320 499 499 499 320 320 499
2 2 2 2 2 2 2 2 2
0 0 0 0 0 0 0
0 0 0 0 0 0 0
0 0 0 0 0 0 0
1 1 1 1 1 1 1 1
20 20 20 20 161 20 20 20 20
3 3 3 3 3 3 3 3 3 3
3 3 3 3 3 3 3 3 3 3
0 0 0 0 0 0 0
1 1 1 1 1 1 1 1
0 0 0 0 0 0 0
1 1 1 1 1 1 1 1
38 499 38 54 38 54 54 38 38 54 54 38 38 54 54 38 54 38 38 38 38 38
5 5 5 5 5 5 5 5 5 5 5 5 5 5 5 5 5 5 5 5
499 499 473 499 473 499 499 499 499 499 473 499 499 473 473 499 499 473 499
8 73 8 8 8 8 8 8 8 8 8
499 499 474 499 499 474 499 474 499 499 499 499 474 474 499 474 499 499
35 35 35 55 35 55 35 35 55 319 55 35
1 1 1 1 1 1 1 1
2 2 2 2 2 2 2 2 2
12 12 12 12 12 12 12 12 12 12 12 12 12 12 12 12 12 12 12 12 12 12 12 12 12 12 12 12 12 12 12 12 12 12 12 12 12 12
0 0 0 0 0 0 0
72 72 72 142 142 142 142 72 142 499 72 72 72 72 72
1 1 1 1 1 1 1 1
84 286 84 84 84 286 286 84 499 84 84 84 84 84 286 84 84 84 84 286 286 286 84 84 84 84 84 84 499 286 84 286 84 84 499 84
499 499 143 143 143 143 143 475 143 475 143 143 499 475 499 143 143 143 143 143 499 475 475 143 499 143 499 499 475
0 0 0 0 0 0 0
499 499 499 499 499 499 499 499 499 499 499 499 499 499 499 499 499 499 499 499 499 499 499 499 499 499 499 499 499 499
499 499 499 499 499 499 499 499 499 499 499 499 499 499 499 499 499 499 499 499 499 499 499 499 499 499 499 499 499 499
15 13 13 15 13 13 43 15 15 13
476 499 499 499 499 499 499 476 499 499 499 499 499 499 499 476 476 499 499 476 499 476 499 499
3 3 3 3 3 3 3 3 3 3
0 0 0 0 0 0 0
477 321 477 321 251 251 251 321 477 251 321 251
322 203 203 322 322 144 144 144 144 203 499 203 322 322 499 203 322 144 144 499 144 203 322 144 203 144 144 144 203 144 203 144 499 322 144 203 203 499 203 144
114 114 460 114 114 114 194 194 194 460 460 194 114 194 114 194 114 114
0 0 0 0 0 0 0
5 5 5 5 5 5 5 5 5 5 5 5 5 5 5 5 5 5 5 5
5 5 5 5 5 5 5 5 5 5 5 5 5 5 5 5 5 5 5 5
13 43 13 15 15 15 15 13 13 13
2 2 2 2 2 2 2 2 2
0 0 0 0 0 0 0
204 163 204 204 204 163 323 323 163 163 323 163 163 499 163 323 204 204
42 499 42 42 42 42 42 42 42 42 42 42 42 42 42
20 20 20 20 20 20 20 161 20
18 18 21 21 18 18 95 21 21 18 18 21
145 145 145 145 499 145 499 145 499 145 145 499 145 145 499 145 145 145 145 145
1 1 1 1 1 1 1 1
25 25 25 25 25 25 25 25 25 25 25 25 25 25 25 25 25 25 25 25 25 25
17 26 17 17 17 17 26 26 17 26 93
478 478 479 479 499 499 479 499 479 499 478 499 479 478 478 478 499 479
201 141 201 285 285 141 285 141 201 499 141 201 141
0 0 0 0 0 0 0
2 2 2 2 2 2 2 2 2
499 499 499 499 499 499 499 499 499 499 499 499 324 499 324 499 499 499 499 499 324 324 499 324 499 324 499 499 324 499 499 324 499
13 13 15 15 15 13 13 13 43 15
1 1 1 1 1 1 1 1
37 23 37 23 23 113 37 23 23
499 400 499 499 499 499 400 499 400 400 400 400 499 400 499 499 499
0 0 0 0 0 0 0
0 0 0 0 0 0 0
0 0 0 0 0 0 0
0 0 0 0 0 0 0
0 0 0 0 0 0 0
1 1 1 1 1 1 1 1
0 0 0 0 0 0 0
13 13 15 13 15 15 13 43 13 15
499 499 499 499 499 499 499 499 499
1 1 1 1 1 1 1 1
17 26 17 26 26 17 17 93 17 17 26
0 0 0 0 0 0 0
5 5 5 5 5 5 5 5 5 5 5 5 5 5 5 5 5 5 5 5
10 10 10 10 10 10 10 10 10 10 10 10 10 10
499 499 499 499 499 499 499 499 499 499 499 499 499 499 499 499 499 499 499 499 499 499 499 499 499 499 499
3 3 3 3 3 3 3 3 3 3
24 31 31 92 24 24 24 31
499 499 499 499 499 499 499 499 499 499
1 1 1 1 1 1 1 1
499 499 499 499 499 499 499 499 499 499 499 499 499 499 499
15 13 43 13 13 13 15 13 15 15
13 13 15 15 13 43 13 13 15 15
31 24 31 92 24 24 24 31
2 2 2 2 2 2 2 2 2
480 480 499 480 499 499 480 499 499 499 480 499 480 499 499
481 482 499 482 499 499 499 499 499 481 499 499 481 482 499 482 499 499 482 481 481 481 482
159 33 33 33 33 33 33 33 33 159
401 499 483 499 401 499 401 401 483 499 402 483 401 499 402 402 402 401 499 499 499 483 499 402 401 402 402 483 483
499 499 499 499 499 499 499 499 499 499 499 499
499 252 287 287 499 252 499 252 287 403 287 287 252 499 499 499 252 499 287 252 403 252 403 403 499 403 287 403 499 252 499 499 252 499 403 252 287 287
205 205 499 205 499 484 205 484 499 205 484 205 499 484 499 205 205 205 484 499 484 499 205 205 499 499 205
325 499 115 115 115 325 115 325 325 115 115 115 115 115
0 0 0 0 0 0 0
109 288 109 288 109 288 109 109 109 109 109 109 109 109 288 109 288 288 288 109 109 109 109 109 288 499 109 109 288
28 59 59 28 28 246 28 28 28 28 59
0 0 0 0 0 0 0
96 63 63 96 63 96 96 63 96 63 96 63 63 63 63 96 63 499
12 12 12 12 12 12 12 12 12 12 12 12 12 12 12 12 12 12 12 12 12 12 12 12 12 12 12 12 12 12 12 12 12 12 12 12 12 12
5 5 5 5 5 5 5 5 5 5 5 5 5 5 5 5 5 5 5 5
5 5 5 5 5 5 5 5 5 5 5 5 5 5 5 5 5 5 5 5
7 7 7 7 7 7 7 7 7 7 7 7
9 9 9 9 9 9 9 9 9 9 9 9 9 9 9 9 9
499 326 326 499 326 326 326 326 326 499 499 326
485 327 327 327 499 499 499 328 485 327 328 328 328 485
0 0 0 0 0 0 0
499 499 499 404 499 499 499 499 404 404 499 404 404 404 404 499
3 3 3 3 3 3 3 3 3 3
1 1 1 1 1 1 1 1
8 8 8 8 8 8 8 73 8 8 8
1 1 1 1 1 1 1 1
1 1 1 1 1 1 1 1
2 2 2 2 2 2 2 2 2
59 28 59 28 246 28 59 28 28 28 28
499 228 228 228 499 499 499 228 228 499 499 499 499 499 499 499 499 499 499 228 499 499 499 499 228 228 228 499 499 499 499 499 499 228 499 499 228 499 499 499 499
2 2 2 2 2 2 2 2 2
499 499 499 499 499 499 499 499 499 499 499 499 499 499 499 499 499 499
26 26 26 93 17 17 26 17 17 17 17
2 2 2 2 2 2 2 2 2
10 10 10 10 10 10 10 10 10 10 10 10 10 10
2 2 2 2 2 2 2 2 2
110 186 110 110 79 79 186 79 79
9 9 9 9 9 9 9 9 9 9 9 9 9 9 9 9 9
0 0 0 0 0 0 0
0 0 0 0 0 0 0
329 289 329 486 486 289 486 329 289 289 289 329 486 289 289 329 289 329 289 486 329 499 486 329
290 290 291 499 290 499 290 291 290 499 291 291 291 290 499 291 290 291 499 290 291 290 291 499
21 18 18 21 18 21 18 18 21 95 21 18
499 487 487 487 499 499 499 499 499 487 487 499 499 499 499 487 499 499
253 499 254 253 253 499 253 254 253 488 254 499 488 254 254 488
15 13 43 15 13 15 15 13 13 13
0 0 0 0 0 0 0
17 93 17 17 26 17 26 17 26 26 17
499 499 499 499 499 499 499 499 499 499 499 499 499 499 499 499 499
186 110 110 79 79 110 79 186 79
2 2 2 2 2 2 2 2 2
499 499 499 499 405 499 405 499 499 499 330 330 499 330 405 499 405 499 499 499 499 499 499 330 405 330 499 499 499 405 499 499 330 499 499 499 499 405 499 330 330 499 499
1 1 1 1 1 1 1 1
1 1 1 1 1 1 1 1
0 0 0 0 0 0 0
94 94 185 94 137 137 137 137 137 94 94 185 94 185 94 499 185
0 0 0 0 0 0 0
50 57 50 57 57 57 499 57 50 50 50 57 50 50
64 78 64 64 64 78 64 78 78 78 255 255 64
406 499 406 499 499 406 406 499 406 499 406 406
0 0 0 0 0 0 0
0 0 0 0 0 0 0
2 2 2 2 2 2 2 2 2
499 499 499 499 499 499 499 499 499 499 499 499 499
499 499 489 499 489 489 489 499 499 489 499 499 499 499 499 489
0 0 0 0 0 0 0
331 490 490 331 331 332 331 332 490 332 332
7 7 7 7 7 7 7 7 7 7 7 7
0 0 0 0 0 0 0
37 37 113 23 23 37 23 23 23
12 12 12 12 12 12 12 12 12 12 12 12 12 12 12 12 12 12 12 12 12 12 12 12 12 12 12 12 12 12 12 12 12 12 12 12 12 12
485 485 499 499 485 328 327 327 499 327 328 328 328 327
124 83 83 499 124 124 124 83 83 83 83
43 13 13 15 13 13 13 15 15 15
0 0 0 0 0 0 0
206 499 499 206 206 206 206 206 499 499 206 206 206 206 499 206 206
1 1 1 1 1 1 1 1
36 36 36 36 280 36 36
0 0 0 0 0 0 0
30 30 52 52 223 30 52 30 30 30
1 1 1 1 1 1 1 1
127 127 127 311 311 127 162 127 162 127 127 499 162 311 499 499 311 127 499 162 162 499 162 499 162 499
0 0 0 0 0 0 0
14 14 14 14 14 14 14 14 14 14 14 14 154
0 0 0 0 0 0 0
0 0 0 0 0 0 0
20 20 20 161 20 20 20 20 20
499 499 499 333 499 499 499 499 499 333 499 333 333 499 499 333 333 499 499 499 333 333
334 491 491 499 334 499 335 499 499 499 491 334 334 499 334 499 335 491 499 335 335 335 491 335 499 499 499 335 334 334 491 499 499 335 334
185 94 137 94 137 499 94 94 94 185 94 185 137 94 185 137 137
10 10 10 10 10 10 10 10 10 10 10 10 10 10
99 99 99 499 99 99 99 99 99 499 99 99
0 0 0 0 0 0 0
499 499 499 499 499 499 499 499 499 499 499 499
1 1 1 1 1 1 1 1
24 31 31 24 92 31 24 24
1 1 1 1 1 1 1 1
3 3 3 3 3 3 3 3 3 3
2 2 2 2 2 2 2 2 2
129 56 56 56 56 129 56 129 56 336 56 56 129 336
1 1 1 1 1 1 1 1
3 3 3 3 3 3 3 3 3 3
229 499 499 229 229 499 499 499 229 499 229 229 229 499 229 229 229 229
2 2 2 2 2 2 2 2 2
7 7 7 7 7 7 7 7 7 7 7 7
207 499 207 207 256 207 256 256 499 256 207 256 207 207 207 256 499 207 499 207 207 256 256 207 256 256
112 112 112 160 241 112 499 160 160 112 160 241 160 241 499 112 160 241 112 241 160 112 112
499 499 499 499 499 499 499 499 499 499 499 499
0 0 0 0 0 0 0
492 492 499 499 499 499 499 492 492 492 499 499 499 499 499 499 499 499 499 499 499 492
2 2 2 2 2 2 2 2 2
2 2 2 2 2 2 2 2 2
0 0 0 0 0 0 0
1 1 1 1 1 1 1 1
146 146 146 146 146 146 146 146 146 146 146 146 499 146 146 146
49 49 49 49 49 49 499 49 49 49 49 49 49 49 499 499 49 49 49 49 499 49 49 49 499 49 49 49 49 49 49 499 49 49 49 49 49 49 49 49 49 49 499
499 499 499 499 499 499 499 499 499 499 499
24 24 31 31 24 92 24 31
128 499 128 316 128 316 128
30 30 52 30 30 223 30 30 52 52
0 0 0 0 0 0 0
24 92 31 24 24 24 31 31
0 0 0 0 0 0 0
1 1 1 1 1 1 1 1
0 0 0 0 0 0 0
0 0 0 0 0 0 0
499 208 208 337 208 499 208 337 208 208 337 337 208 337 337 208 337 208 208 208 337 208
128 316 128 128 128 499 316
499 499 499 499 499 499 499 499 499 499 499 499 499 499 499 499 499 499 499 499
3 3 3 3 3 3 3 3 3 3
0 0 0 0 0 0 0
1 1 1 1 1 1 1 1
0 0 0 0 0 0 0
338 499 338 499 338 499 338 499 499 499 499 338 499 499 499 338 499 499 338 499 499 338 499 499 499 499 499 499
1 1 1 1 1 1 1 1
0 0 0 0 0 0 0
20 161 20 20 20 20 20 20 20
499 493 499 493 499 499 499 499 493 499 499 499 499 493 493 499 499 499 493
68 34 68 34 391 34 34 34 34 34 68 34 68
1 1 1 1 1 1 1 1
499 499 499 499 499 499 499 499 499 499 499
257 257 339 339 339 499 339 339 257 257 339 257 257 339 257 499 257 257 257 339
74 74 74 74 74 74 74 74 74 74 74 74 74 74 74 74 74 74 74 74 74 74 74 74 74 499 74
47 47 47 47 47 47 47 47 47 47 47 47 47 47 407 47 47 47 47 47 47 407 47 47 407 47 47 407 47 47 47 47 47 47 407 407 47 47 47 47 407 47 47 499 47
0 0 0 0 0 0 0
3 3 3 3 3 3 3 3 3 3
8 73 8 8 8 8 8 8 8 8 8
494 147 494 292 147 147 292 147 147 292
0 0 0 0 0 0 0
0 0 0 0 0 0 0
340 340 340 499 340 499 340 340 499 499 499 499 499 340 499 499 499 340
499 499 499 499 499 499 499 499 499 499
128 128 499 316 128 128 316
247 61 61 61 61 61 61 247
13 15 13 15 13 13 43 15 15 13
69 69 101 69 69 101 101 69 69 341 69 341 101 101
0 0 0 0 0 0 0
35 35 55 35 35 319 55 55 35 35 55 35
85 85 85 258 258 85 85 85 85 85 258 85 85 499 258 85 85 258
148 86 148 148 148 148 86 86 86 86 86 86 86 499
0 0 0 0 0 0 0
154 14 14 14 14 14 14 14 14 14 14 14 14
0 0 0 0 0 0 0
3 3 3 3 3 3 3 3 3 3
24 31 24 24 24 31 31 92
2 2 2 2 2 2 2 2 2
499 499 495 499 499 495 499 495 495 499 499 499 499 495 495 499 499 499 499 499 499 499 499 499
31 24 24 92 24 31 24 31
24 31 31 24 24 24 31 92
10 10 10 10 10 10 10 10 10 10 10 10 10 10
175 175 499 499 499 175 499 499 499 499 175 175 175 499 175 175 499 175 175 499 175 175 175
7 7 7 7 7 7 7 7 7 7 7 7
499 499 499 499 499 499 499 499 499
24 31 92 24 31 24 24 31
1 1 1 1 1 1 1 1
2 2 2 2 2 2 2 2 2
2 2 2 2 2 2 2 2 2
0 0 0 0 0 0 0
1 1 1 1 1 1 1 1
499 499 408 408 408 408 499 499 499 499 408 499 408 408 499 499 499 499
1 1 1 1 1 1 1 1
6 6 6 6 6 6 6 6 6 6 6 6 6 6 6 6 6 6 6 6 6 6 6 6 6 6 6 6 6 6 6 6
6 6 6 6 6 6 6 6 6 6 6 6 6 6 6 6 6 6 6 6 6 6 6 6 6 6 6 6 6 6 6 6
0 0 0 0 0 0 0
3 3 3 3 3 3 3 3 3 3
37 37 23 23 113 23 37 23 23
2 2 2 2 2 2 2 2 2
8 8 8 8 73 8 8 8 8 8 8
1 1 1 1 1 1 1 1
0 0 0 0 0 0 0
45 87 87 45 45 87 45 45 45 45 45 87 499 45 87 45 87
2 2 2 2 2 2 2 2 2
0 0 0 0 0 0 0
0 0 0 0 0 0 0
0 0 0 0 0 0 0
0 0 0 0 0 0 0
1 1 1 1 1 1 1 1
28 28 28 59 246 59 28 28 28 28 59
147 292 494 494 292 147 147 147 147 292
33 33 33 33 33 159 33 33 159 33
6 6 6 6 6 6 6 6 6 6 6 6 6 6 6 6 6 6 6 6 6 6 6 6 6 6 6 6 6 6 6 6
0 0 0 0 0 0 0
40 40 40 58 450 58 58 40 40 40 58 58 40 40
33 159 33 33 159 33 33 33 33 33
8 8 73 8 8 8 8 8 8 8 8
0 0 0 0 0 0 0
13 15 15 13 13 13 15 43 15 13
13 15 43 15 13 13 13 15 15 13
499 499 499 499 499 499 499 499 499 499 499 499 499 499 499 499 499 499
1 1 1 1 1 1 1 1
88 75 499 499 75 88 499 75 88 342 88 75 75 88 75 88 342 75 75 88 342 75 342 88 88 75 88 75 75 75 88 88
0 0 0 0 0 0 0
0 0 0 0 0 0 0
1 1 1 1 1 1 1 1
0 0 0 0 0 0 0
499 259 259 259 259 259 499 259 259 499 259 259 499 259
0 0 0 0 0 0 0
18 18 18 21 21 21 18 18 21 18 21 95
0 0 0 0 0 0 0
24 31 24 92 31 31 24 24
40 58 58 40 40 450 40 58 40 58 40 40 58 40
17 26 17 93 17 17 26 26 17 26 17
1 1 1 1 1 1 1 1
496 499 230 230 230 496 230 230 496 230 230 230 230 496 496 230 230 496
0 0 0 0 0 0 0
0 0 0 0 0 0 0
1 1 1 1 1 1 1 1
499 164 164 164 260 164 260 499 260 164 164 164 260 260 499
499 499 499 499 499 499 499 499 499 499 499 499 499
0 0 0 0 0 0 0
17 26 17 26 26 17 17 17 26 17 93
4 4 4 4 4 4 4 4 4 4 4
36 36 36 36 280 36 36
0 0 0 0 0 0 0
19 19 19 19 19 19 19 19 19 19 19 19 19 19 19
2 2 2 2 2 2 2 2 2
11 11 11 11 11 11 11 11 11 11 11 11 11 11 11 11 11 11
0 0 0 0 0 0 0
20 20 20 20 161 20 20 20 20
1 1 1 1 1 1 1 1
8 73 8 8 8 8 8 8 8 8 8
499 497 498 497 499 499 497 498 499 498 497 497 497 499 498 498 498
0 0 0 0 0 0 0
3 3 3 3 3 3 3 3 3 3
130 130 165 165 130 130 130 165 130 165 130 130 165 165 499 165
2 2 2 2 2 2 2 2 2
0 0 0 0 0 0 0
30 52 30 52 30 30 52 30 223 30
1 1 1 1 1 1 1 1
16 16 16 16 16 16 16 16 16 16 16 16 16 16 16 16 16 16 16 16 16 16 16 16 16 16 16 16 16 16
6 6 6 6 6 6 6 6 6 6 6 6 6 6 6 6 6 6 6 6 6 6 6 6 6 6 6 6 6 6 6 6
1 1 1 1 1 1 1 1
130 130 165 130 499 130 165 165 130 165 165 130 130 165 130 165
7 7 7 7 7 7 7 7 7 7 7 7
0 0 0 0 0 0 0
223 30 30 30 52 30 52 52 30 30
43 13 13 13 15 13 15 15 13 15
0 0 0 0 0 0 0
0 0 0 0 0 0 0
1 1 1 1 1 1 1 1
499 499 499 499 499 499 499 499 499 499 499 499 499 499 499 499 499 499
258 85 258 85 258 85 85 85 85 85 85 258 85 85 85 499 258 85
409 499 409 499 409 409 499 409 499 499 499 409 499 409
1 1 1 1 1 1 1 1
36 36 36 36 36 36 280
499 499 499 499 499 499 499 499 499 499 499 499 499 499 499 499 499 499 499 499 499 499 499 499 499 499 499 499 499 499 499 499 499 499 499 499 499 499
0 0 0 0 0 0 0
2 2 2 2 2 2 2 2 2
0 0 0 0 0 0 0
0 0 0 0 0 0 0
131 209 131 131 209 131 209
0 0 0 0 0 0 0
67 499 67 67 67 67 67 499 67 67 67 67 499 67 67 67 67 67 67 67 67 67 67 67 67 499 67 67 67 67 67 67 67
2 2 2 2 2 2 2 2 2
95 18 18 21 18 21 18 18 21 21 21 18
8 8 8 8 8 8 8 73 8 8 8
32 32 32 32 32 32 32 32 32 32 32 32 32 32 32 32 32 32 32 32 32 32 32 32 32 32 32 32 32 32 32
13 13 15 15 13 15 43 13 13 15
140 140 499 140 140 461 140 461
186 110 79 79 186 110 110 79 79
43 13 13 15 13 13 13 15 15 15
0 0 0 0 0 0 0
499 499 210 499 210 210 210 499 210 210 210 210 210 210 499 499 210 499 499 210 499 499 499
343 499 499 343 499 499 343 499 499 343 499 343 499 343 499 499 499 499 343 343
14 14 14 14 154 14 14 14 14 14 14 14 14
0 0 0 0 0 0 0
499 211 344 344 211 211 211 499 344 211 499 499 211 344 211 344 211 211 499 499 211 499 211 344 344 211 344
1 1 1 1 1 1 1 1
0 0 0 0 0 0 0
24 24 92 31 31 24 31 24
410 261 499 261 261 410 261 410 261 410 410 261 261 410 261 261 410 261
0 0 0 0 0 0 0
499 499 499 499 499 499 499 499 499
1 1 1 1 1 1 1 1
0 0 0 0 0 0 0
15 13 13 15 13 15 43 13 13 15
83 83 83 83 124 83 83 124 124 124 499
2 2 2 2 2 2 2 2 2
0 0 0 0 0 0 0
499 411 499 499 499 499 411 499 499 411 499 411 499 499 411 499 499 499 499 499 499 411 499 411
8 8 8 8 8 8 73 8 8 8 8
0 0 0 0 0 0 0
82 82 138 82 82 281 281 281 138 82 82 138 499 82 82 138 138
412 499 412 499 412 499 412 412 499 499 499 499 499 499 499 412 499 499 499 412
0 0 0 0 0 0 0
0 0 0 0 0 0 0
51 51 345 51 51 51 51 51 51 51 345 51 345 51 51 51 51 499 345 51 51 51
0 0 0 0 0 0 0
6 6 6 6 6 6 6 6 6 6 6 6 6 6 6 6 6 6 6 6 6 6 6 6 6 6 6 6 6 6 6 6
0 0 0 0 0 0 0
0 0 0 0 0 0 0
37 37 23 23 23 113 37 23 23
499 499 499 346 499 499 346 499 346 499 499 499 346 499 346 499 346 499 499 499 346 499 499 346
0 0 0 0 0 0 0
1 1 1 1 1 1 1 1
1 1 1 1 1 1 1 1
488 254 253 254 254 254 254 253 488 499 488 253 499 253 253 499
1 1 1 1 1 1 1 1
18 21 18 21 95 18 21 21 18 18 21 18
0 0 0 0 0 0 0
499 499 499 499 499 499 499 499 499 499
0 0 0 0 0 0 0
0 0 0 0 0 0 0
499 499 499 499 499 499 499 499 499 499 499 499 499 499
413 499 499 413 499 499 499 499 413 413 499 413 499 413 499 499 413 499 499
8 8 73 8 8 8 8 8 8 8 8
92 24 24 31 31 31 24 24
76 347 76 102 76 102 76 499 102 76 102 76 102 102 102 76 76 76 76 76 102 102 76 76 102 76 347 499 76 76 102 347 76 499 102 76 347 102 347 102 76 76 76 76 499 76 102 499 347 76 102 102 347 102 347 499 102 76 76 102
0 0 0 0 0 0 0
8 8 8 8 73 8 8 8 8 8 8
0 0 0 0 0 0 0
0 0 0 0 0 0 0
0 0 0 0 0 0 0
499 499 499 499 499 499 499 499 499 499 499 499 499 499 499 499
499 499 499 499 499 499 499 499 499 499 499 499 499 499 499 499 499 499 499 499 499 499
72 72 499 72 142 72 72 142 142 72 142 72 72 72 142
55 35 319 55 55 35 35 35 55 35 35 35
293 414 414 414 414 293 499 414 293 499 499 499 499 293 293 293 499 293 293 499 499 499 293 499 414 414
0 0 0 0 0 0 0
120 149 149 77 77 77 149 149 77 120 149 77 231 120 499 499 231 149 149 120 77 120 499 120 499 120 77 77 77 77 499 77 77 120 149 77 415 120 149 231 120 149 77 120 499 231 77 120 120 231 120 77 415 499 77 77 77 231 231 77 231 499 231 77 77 415 77 499 120 499 415 149 415 149 231 499 77 149 120 499 120 499 77 415 149 415 149 77 231
0 0 0 0 0 0 0
13 13 43 15 13 15 13 15 15 13
4 4 4 4 4 4 4 4 4 4 4
2 2 2 2 2 2 2 2 2
499 499 499 499 499 499 499 499 499 499 499 499 499 499 499 499 499 499 499 499 499
129 336 129 336 56 56 129 56 56 56 56 56 56 129
63 63 96 63 96 96 499 63 96 63 63 63 96 63 63 63 96 96
0 0 0 0 0 0 0
0 0 0 0 0 0 0
0 0 0 0 0 0 0
1 1 1 1 1 1 1 1
80 48 187 48 187 80 48 48 48 80 80 48
32 32 32 32 32 32 32 32 32 32 32 32 32 32 32 32 32 32 32 32 32 32 32 32 32 32 32 32 32 32 32
19 19 19 19 19 19 19 19 19 19 19 19 19 19 19
88 75 499 499 75 88 499 75 88 342 88 75 75 88 75 88 342 75 75 88 342 75 342 88 88 75 88 75 75 75 88 88
499 150 499 499 150 150 499 150 150 150 150 150 150 150 150 150 150 150 150
212 212 212 348 348 262 212 212 348 262 348 212 262 499 262 262
0 0 0 0 0 0 0
232 89 499 232 89 89 89 89 89 89 499 499 89 232 89 89 232 89 232 232 89 89 232 89 89 89 89 499 499 232 89 89 89 232 232 499 499 89 89 89 499 89 232
499 499 499 499 499 499 499 499 499 499 499 499 499 499 499
0 0 0 0 0 0 0
0 0 0 0 0 0 0
23 23 113 23 37 23 37 37 23
2 2 2 2 2 2 2 2 2
0 0 0 0 0 0 0
20 20 20 20 20 20 161 20 20
176 176 176 499 499 176 499 176 176 499 176 499 499 499 176 176 176 499 176 499 499 176 176
0 0 0 0 0 0 0
0 0 0 0 0 0 0
2 2 2 2 2 2 2 2 2
0 0 0 0 0 0 0
0 0 0 0 0 0 0
9 9 9 9 9 9 9 9 9 9 9 9 9 9 9 9 9
0 0 0 0 0 0 0
13 13 43 15 13 15 13 15 15 13
48 48 80 80 187 48 48 48 187 80 80 48
499 499 499 499 499 499 499 499 499 499 499 499 499 499 499 499 499 499
325 115 325 115 115 115 325 115 115 115 325 499 115 115
8 8 8 8 8 8 8 8 8 73 8
8 8 8 8 8 8 8 8 73 8 8
9 9 9 9 9 9 9 9 9 9 9 9 9 9 9 9 9
93 17 26 17 26 17 17 17 17 26 26
6 6 6 6 6 6 6 6 6 6 6 6 6 6 6 6 6 6 6 6 6 6 6 6 6 6 6 6 6 6 6 6
9 9 9 9 9 9 9 9 9 9 9 9 9 9 9 9 9
13 13 13 15 15 13 15 43 15 13
0 0 0 0 0 0 0
0 0 0 0 0 0 0
0 0 0 0 0 0 0
13 13 13 13 15 15 43 13 15 15
151 151 65 65 65 65 65 65 65 65 151 65 65 151 151 151 65 65 65 151 65 65 151 65 151 65 65 65 499 65 65 151 65 65 65 151 65 65 65 65 151 65 151 151 151 65
294 294 294 263 263 263 294 294 263 294 263 263 294 499 263 294 263 294 263 263
159 33 33 33 33 159 33 33 33 33
0 0 0 0 0 0 0
0 0 0 0 0 0 0
45 87 45 87 45 87 87 45 45 45 499 45 45 87 87 45 45
499 349 349 349 349 349 499 499 499 349 499 499 499 499 349 349
452 122 499 452 302 452 122 188 188 302 122 122 188 122 188 122 188 302 122 302 188 122
8 73 8 8 8 8 8 8 8 8 8
0 0 0 0 0 0 0
37 23 23 113 37 23 37 23 23
14 14 14 14 14 14 14 154 14 14 14 14 14
499 499 499 499 499 499 499 499 499 499 499 499 499 499 499 499 499 499 499 499 499 499 499
17 26 17 26 26 17 93 17 17 17 26
499 499 499 416 499 499 499 499 499 416 499 499 416 416 416 499 416 416 499
196 499 248 248 499 499 248 196 196 248 196 196 248 196
2 2 2 2 2 2 2 2 2
0 0 0 0 0 0 0
0 0 0 0 0 0 0
29 27 27 29 213 27 27 29 46 46 27 27 29 29 29 27 27 29 27 46 29 27 46 29 27 46 27 29 46 27 27 27 29 27 213 27 29 499 46 29 27 46 29 27 46 46 29 29 27 29 213
1 1 1 1 1 1 1 1
0 0 0 0 0 0 0
499 499 499 499 499 499 499 499 499 499 499 499 499 499 499 499 499 499
15 13 13 15 13 15 13 15 43 13
1 1 1 1 1 1 1 1
499 499 499 499 499 499 499
350 350 499 103 350 103 499 350 350 103 103 103 499 499 499 350 103 103 103 103 499 103 103 103 103 103 350 499 103 103 350 103 103 499 103 103
16 16 16 16 16 16 16 16 16 16 16 16 16 16 16 16 16 16 16 16 16 16 16 16 16 16 16 16 16 16
11 11 11 11 11 11 11 11 11 11 11 11 11 11 11 11 11 11
9 9 9 9 9 9 9 9 9 9 9 9 9 9 9 9 9
63 96 96 96 499 63 96 63 63 96 63 63 63 96 63 63 96 63
93 26 17 17 17 26 17 26 26 17 17
351 166 499 166 351 166 166 166 499 166 166 351 166 499 166 499 166 351 166 499 166 351 351 166 499 351 499 166 351
21 18 18 18 21 95 18 18 18 21 21 21
0 0 0 0 0 0 0
0 0 0 0 0 0 0
0 0 0 0 0 0 0
352 499 499 353 353 499 353 353 352 499 353 499 352 352 352 353 353 352 499 499 499 499 352 499 499 353 352
23 113 37 37 37 23 23 23 23
3 3 3 3 3 3 3 3 3 3
0 0 0 0 0 0 0
3 3 3 3 3 3 3 3 3 3
499 499 499 499 499 499 499 499 499 499 499
0 0 0 0 0 0 0
93 26 17 17 26 17 26 17 26 17 17
31 24 24 92 24 31 24 31
499 499 499 499 499 499 499 499 499 499 499 499 499 499 499 499 499
0 0 0 0 0 0 0
2 2 2 2 2 2 2 2 2
0 0 0 0 0 0 0
0 0 0 0 0 0 0
499 499 499 499 499 499 499 499 499 499 499
0 0 0 0 0 0 0
0 0 0 0 0 0 0
93 17 17 26 26 17 17 26 17 17 26
28 28 59 28 28 28 59 246 59 28 28
2 2 2 2 2 2 2 2 2
0 0 0 0 0 0 0
499 39 39 98 98 39 39 39 39 98 39 39 39 39 98
16 16 16 16 16 16 16 16 16 16 16 16 16 16 16 16 16 16 16 16 16 16 16 16 16 16 16 16 16 16
1 1 1 1 1 1 1 1
0 0 0 0 0 0 0
499 417 417 417 499 499 499 417 499 417 499 499 417 417
1 1 1 1 1 1 1 1
0 0 0 0 0 0 0
48 80 80 48 48 187 48 48 80 48 80 187
0 0 0 0 0 0 0
450 58 40 58 58 40 40 40 58 40 40 40 58 40
36 280 36 36 36 36 36
201 141 141 285 141 285 141 285 201 201 499 141 201
499 132 132 499 132 132 132 499 132 132 132
1 1 1 1 1 1 1 1
0 0 0 0 0 0 0
48 80 80 48 48 187 48 48 80 48 80 187
8 8 8 8 8 8 8 8 73 8 8
0 0 0 0 0 0 0
1 1 1 1 1 1 1 1
214 214 499 499 214 499 214 214 214 499 214 214 499 214 214 499 499 499 214 214 499
0 0 0 0 0 0 0
0 0 0 0 0 0 0
0 0 0 0 0 0 0
15 13 15 13 13 43 15 15 13 13
0 0 0 0 0 0 0
21 18 18 18 18 21 21 95 21 18 21 18
499 499 499 499 499 499 499 499 499 499 499 499
28 28 59 28 28 246 59 28 59 28 28
499 499 499 499 499 499 499 499 499 499 499 499 499 499
0 0 0 0 0 0 0
0 0 0 0 0 0 0
1 1 1 1 1 1 1 1
16 16 16 16 16 16 16 16 16 16 16 16 16 16 16 16 16 16 16 16 16 16 16 16 16 16 16 16 16 16
0 0 0 0 0 0 0
2 2 2 2 2 2 2 2 2
0 0 0 0 0 0 0
8 8 8 8 8 8 8 73 8 8 8
1 1 1 1 1 1 1 1
14 14 154 14 14 14 14 14 14 14 14 14 14
0 0 0 0 0 0 0
1 1 1 1 1 1 1 1
19 19 19 19 19 19 19 19 19 19 19 19 19 19 19
0 0 0 0 0 0 0
1 1 1 1 1 1 1 1
0 0 0 0 0 0 0
4 4 4 4 4 4 4 4 4 4 4
499 499 499 499 499 499 499 499 499 499 499 499 499 499
0 0 0 0 0 0 0
0 0 0 0 0 0 0
61 61 61 247 61 247 61 61
3 3 3 3 3 3 3 3 3 3
0 0 0 0 0 0 0
60 60 41 60 41 60 41 41 41 60 462 41 41
29 27 27 29 213 27 27 29 46 46 27 27 29 29 29 27 27 29 27 46 29 27 46 29 27 46 27 29 46 27 27 27 29 27 213 27 29 499 46 29 27 46 29 27 46 46 29 29 27 29 213
8 8 8 8 8 8 8 8 73 8 8
11 11 11 11 11 11 11 11 11 11 11 11 11 11 11 11 11 11
24 31 31 92 31 24 24 24
1 1 1 1 1 1 1 1
0 0 0 0 0 0 0
499 499 499 499 499 499 499 499 499 499 499
3 3 3 3 3 3 3 3 3 3
0 0 0 0 0 0 0
1 1 1 1 1 1 1 1
39 39 39 499 98 98 39 98 39 39 98 39 39 39 39
499 499 499 499 499 499 499 499 499 499 499
43 13 13 15 13 13 15 15 15 13
0 0 0 0 0 0 0
0 0 0 0 0 0 0
42 42 42 42 499 42 42 42 42 42 42 42 42 42 42
15 15 13 13 15 43 13 13 15 13
124 124 124 499 83 83 83 83 124 83 83
17 17 17 17 17 93 26 26 17 26 26
1 1 1 1 1 1 1 1
0 0 0 0 0 0 0
93 26 17 17 17 26 17 17 26 26 17
1 1 1 1 1 1 1 1
20 20 161 20 20 20 20 20 20
13 15 15 13 43 15 13 15 13 13
0 0 0 0 0 0 0
0 0 0 0 0 0 0
3 3 3 3 3 3 3 3 3 3
19 19 19 19 19 19 19 19 19 19 19 19 19 19 19
3 3 3 3 3 3 3 3 3 3
0 0 0 0 0 0 0
354 499 499 499 354 499 499 499 354 354 354 499 499 499 499 499 354 499 354 499 354 499 499 499 499 499
0 0 0 0 0 0 0
11 11 11 11 11 11 11 11 11 11 11 11 11 11 11 11 11 11
499 499 499 499 499 499 499 499 499 499 499 499 499 499
264 499 264 264 499 499 264 499 499 264 499 499 264 499 264 264 499 499 499 499 499 264 499 499 264 499 499
40 58 58 40 40 40 58 40 40 450 40 58 40 58
1 1 1 1 1 1 1 1
1 1 1 1 1 1 1 1
113 23 23 23 37 37 37 23 23
1 1 1 1 1 1 1 1
2 2 2 2 2 2 2 2 2
0 0 0 0 0 0 0
23 23 37 37 37 23 113 23 23
0 0 0 0 0 0 0
1 1 1 1 1 1 1 1
1 1 1 1 1 1 1 1
233 91 233 91 499 91 91 233 91 91 499 499 499 91 499 233 233 91 233 499 91 91 233 499 91 91 91 91 499 499 91 233 91 91 91 499 233 499 91 233 91 91 499 499 233 91 91
0 0 0 0 0 0 0
2 2 2 2 2 2 2 2 2
0 0 0 0 0 0 0
0 0 0 0 0 0 0
140 140 140 140 499 461 461 140
11 11 11 11 11 11 11 11 11 11 11 11 11 11 11 11 11 11
0 0 0 0 0 0 0
11 11 11 11 11 11 11 11 11 11 11 11 11 11 11 11 11 11
79 79 79 110 110 186 79 186 110
7 7 7 7 7 7 7 7 7 7 7 7
14 14 14 14 14 14 14 14 14 154 14 14 14
265 499 265 499 499 265 499 265 499 499 499 499 265 265 499 499 265 265 265 265 499
355 121 104 355 104 121 499 104 104 121 356 356 104 104 121 121 121 104 104 355 121 355 104 356 121 355 355 104 356 121 104 355 499 104 121 499 104 104 104 121 104 499 104 121 499 356 121 104 356 121 104 356 356 121 121 104 121 499 355
1 1 1 1 1 1 1 1
19 19 19 19 19 19 19 19 19 19 19 19 19 19 19
13 15 13 13 43 13 13 15 15 15
0 0 0 0 0 0 0
0 0 0 0 0 0 0
499 499 499 499 499 499 499 499 499 499 499 499 499 499 499 499 499 499 499 499
72 499 142 142 72 142 142 72 72 72 72 72 72 142 72
2 2 2 2 2 2 2 2 2
73 8 8 8 8 8 8 8 8 8 8
0 0 0 0 0 0 0
7 7 7 7 7 7 7 7 7 7 7 7
19 19 19 19 19 19 19 19 19 19 19 19 19 19 19
16 16 16 16 16 16 16 16 16 16 16 16 16 16 16 16 16 16 16 16 16 16 16 16 16 16 16 16 16 16
3 3 3 3 3 3 3 3 3 3
43 13 13 15 15 13 13 15 15 13
30 52 30 30 223 52 30 30 52 30
45 87 45 45 45 499 45 87 45 87 45 45 87 45 87 45 87
177 70 177 70 177 499 70 177 70 70 70 70 177 70 70 177 70 177 70 177 70 177 70 70 177 70 177 177 70 70 70 70 70 70 70 499 70 70 70 70 177 70 70
24 31 92 24 31 31 24 24
0 0 0 0 0 0 0
35 35 35 319 55 55 55 55 35 35 35 35
295 499 295 295 295 295 295 295 295 295
0 0 0 0 0 0 0
0 0 0 0 0 0 0
13 13 13 15 13 15 15 13 43 15
1 1 1 1 1 1 1 1
0 0 0 0 0 0 0
8 73 8 8 8 8 8 8 8 8 8
215 499 152 152 215 499 499 215 152 215 215 499 152 215 152 152 215 152 152 152 215 215 152 152 152 152 215 499 215 499 215 152 152 499
23 37 23 37 113 23 23 23 37
43 15 13 13 13 13 13 15 15 15
1 1 1 1 1 1 1 1
29 27 27 29 213 27 27 29 46 46 27 27 29 29 29 27 27 29 27 46 29 27 46 29 27 46 27 29 46 27 27 27 29 27 213 27 29 499 46 29 27 46 29 27 46 46 29 29 27 29 213
26 17 26 93 17 26 17 26 17 17 17
0 0 0 0 0 0 0
20 20 20 20 20 20 20 20 161
6 6 6 6 6 6 6 6 6 6 6 6 6 6 6 6 6 6 6 6 6 6 6 6 6 6 6 6 6 6 6 6
21 21 21 95 21 18 18 18 18 21 18 18
499 499 499 499 499 499 499 499 499
0 0 0 0 0 0 0
2 2 2 2 2 2 2 2 2
0 0 0 0 0 0 0
499 499 499 499 499 499 499 499 499
0 0 0 0 0 0 0
499 266 499 499 266 266 266 266 266 266 266 266 266 499 499 499 499 499
0 0 0 0 0 0 0
2 2 2 2 2 2 2 2 2
0 0 0 0 0 0 0
1 1 1 1 1 1 1 1
9 9 9 9 9 9 9 9 9 9 9 9 9 9 9 9 9
15 43 13 13 15 13 13 15 13 15
499 499 357 499 499 499 357 357 357 499 357 499 499 357 499 357 499 357
33 159 33 33 33 159 33 33 33 33
153 234 167 499 234 234 153 499 499 499 234 167 153 167 153 167 153 167 167 153 167 234 153 234 167 153 153 167 499 167 167 167 153 153 234 234 153 234 167 234 499 499 167 499 153 153 153 234
499 499 499 296 499 296 499 296 499 499 296 499 499 499 296 296 296 296 296
11 11 11 11 11 11 11 11 11 11 11 11 11 11 11 11 11 11
2 2 2 2 2 2 2 2 2
8 8 8 8 8 8 8 8 8 8 73
29 27 27 29 213 27 27 29 46 27 27 27 29 29 29 27 27 29 27 46 29 27 46 29 27 46 27 29 46 27 27 46 29 27 213 27 29 499 46 29 27 46 29 27 46 46 29 29 27 29 213
8 8 8 8 8 73 8 8 8 8 8
13 15 13 13 15 13 15 43 15 13
0 0 0 0 0 0 0
129 56 129 336 336 56 129 56 56 56 56 56 56 129
499 499 499 499 499 499 499 499 499 499 499 499 499 499 499 499 499 499 499 499 499
499 499 499 499 499 499 499
499 499 418 499 418 499 499 499 499 499 418 418 499 499 499 418 418 499 418
86 86 148 86 499 148 86 148 86 148 86 86 86 148
0 0 0 0 0 0 0
51 51 51 345 51 345 51 345 51 51 51 51 51 51 51 345 51 51 51 51 499 51
21 95 21 18 18 18 21 18 21 18 21 18
499 499 267 267 499 267 499 499 267 267 499 267 499 499 267 267 499 267 499 499 267 499 499
1 1 1 1 1 1 1 1
209 131 209 131 209 131 131
499 499 499 499 499 499 499 499 499 499 499 499 499 499 499
292 147 494 147 147 494 292 147 292 147
11 11 11 11 11 11 11 11 11 11 11 11 11 11 11 11 11 11
0 0 0 0 0 0 0
18 21 21 95 18 21 18 21 18 21 18 18
13 43 15 13 15 15 15 13 13 13
0 0 0 0 0 0 0
0 0 0 0 0 0 0
0 0 0 0 0 0 0
37 23 23 37 23 37 23 113 23
6 6 6 6 6 6 6 6 6 6 6 6 6 6 6 6 6 6 6 6 6 6 6 6 6 6 6 6 6 6 6 6
2 2 2 2 2 2 2 2 2
17 26 26 17 17 93 26 17 26 17 17
358 358 358 358 499 358 358 358 499 499 499 358
60 60 41 41 60 60 60 41 462 41 41 41 41
8 8 73 8 8 8 8 8 8 8 8
110 79 186 186 79 79 79 110 110
3 3 3 3 3 3 3 3 3 3
18 95 21 21 21 18 18 21 18 21 18 18
1 1 1 1 1 1 1 1
499 499 499 499 499 499 499 499 499 499 499 499
499 268 499 268 499 359 268 268 499 359 499 499 499 359 499 268 499 268 499 499 499 499 268 268 499 499 359 499 499 268 499 359 359 268 499 359 499 499 359 499
0 0 0 0 0 0 0
13 13 15 13 13 15 13 43 15 15
26 17 17 17 26 26 26 17 17 93 17
0 0 0 0 0 0 0
8 8 8 73 8 8 8 8 8 8 8
31 31 24 92 24 31 24 24
0 0 0 0 0 0 0
499 105 105 105 499 105 105 105 105 499 105 105 105 105 499 105 105 499 105 105 105 499 499 499 105 499 499 499 105 105 499 105 499 499
178 178 71 499 499 178 71 71 71 499 499 178 71 71 499 178 178 71 71 178 178 71 499 178 178 71 71 178 499 178 499 71 71 71 499 71 499 178 71 71 71 71 71 499 71 71 71 499 71 71 71 71 499 71
499 499 499 499 499 499 499 499 499 499 499 499 499 499
8 8 8 8 8 8 8 8 8 8 73
6 6 6 6 6 6 6 6 6 6 6 6 6 6 6 6 6 6 6 6 6 6 6 6 6 6 6 6 6 6 6 6
0 0 0 0 0 0 0
15 15 13 13 15 43 13 15 13 13
0 0 0 0 0 0 0
0 0 0 0 0 0 0
1 1 1 1 1 1 1 1
57 50 50 50 57 57 57 50 499 50 57 50 50 57
499 499 499 499 499 499 499 499 499 499 499 499 499 499 499 499 499 499 499 499 499 499 499 499 499 499 499 499 499 499 499 499 499 499
499 360 499 360 499 360 499 499 499 360 499 499 360 360 499 499 360 499 360 499
4 4 4 4 4 4 4 4 4 4 4
10 10 10 10 10 10 10 10 10 10 10 10 10 10
4 4 4 4 4 4 4 4 4 4 4
106 106 499 106 499 106 106 106 106 106 106 106 499 499
7 7 7 7 7 7 7 7 7 7 7 7
3 3 3 3 3 3 3 3 3 3
1 1 1 1 1 1 1 1
499 499 499 499 499 499 499
2 2 2 2 2 2 2 2 2
4 4 4 4 4 4 4 4 4 4 4
9 9 9 9 9 9 9 9 9 9 9 9 9 9 9 9 9
1 1 1 1 1 1 1 1
499 499 499 499 499 499 499 499 499 499 499 499 499 499 499
1 1 1 1 1 1 1 1
5 5 5 5 5 5 5 5 5 5 5 5 5 5 5 5 5 5 5 5
1 1 1 1 1 1 1 1
1 1 1 1 1 1 1 1
4 4 4 4 4 4 4 4 4 4 4
15 13 13 43 15 13 15 15 13 13
269 269 499 499 269 297 499 297 269 269 297 269 269 297 297 269 499 269 297 269 297 297 499 297 499
0 0 0 0 0 0 0
0 0 0 0 0 0 0
2 2 2 2 2 2 2 2 2
161 20 20 20 20 20 20 20 20
2 2 2 2 2 2 2 2 2
1 1 1 1 1 1 1 1
0 0 0 0 0 0 0
0 0 0 0 0 0 0
0 0 0 0 0 0 0
499 133 133 133 499 133 133 133 133 133
3 3 3 3 3 3 3 3 3 3
2 2 2 2 2 2 2 2 2
1 1 1 1 1 1 1 1
4 4 4 4 4 4 4 4 4 4 4
179 499 499 499 419 499 179 179 499 499 419 179 419 499 499 499 499 179 179 179 499 179 419 499 499 499 179 179 499 179 499 499 419 499 419 419 499 499 499 499 499 179 179
420 420 499 499 499 499 499 421 499 420 499 499 421 499 421 499 499 499 499 499 420 420 499 499 420 499 499 499 499 499 421 499 499 499 421 499 420 499 499 421 499 499 421 499 499 499 499 499 499 499 499 499 499 499
499 499 499 499 499 499 499 499 499 499 499 499 499 499 499 499 499 499 499 499
0 0 0 0 0 0 0
2 2 2 2 2 2 2 2 2
499 361 361 361 361 499 499 499 361 499 499 361 499 499 361 499 361
22 22 22 22 22 22 22 22 22 22 22 22 22 22 22 22 22 22 22
7 7 7 7 7 7 7 7 7 7 7 7
0 0 0 0 0 0 0
44 44 139 139 242 44 44 242 44 139 44 44 44
0 0 0 0 0 0 0
216 216 422 499 422 216 499 422 216 499 422 422 216 216 216 499 423 423 423 423 216 216 422 216 423 423 216 216 499 423 422
1 1 1 1 1 1 1 1
0 0 0 0 0 0 0
245 245 499 245 245 499 245 499
499 499 362 362 499 362 362
2 2 2 2 2 2 2 2 2
0 0 0 0 0 0 0
1 1 1 1 1 1 1 1
42 42 42 42 42 499 42 42 42 42 42 42 42 42 42
499 499 499 499 499 499 499 499 499 499
1 1 1 1 1 1 1 1
97 191 191 191 97 97 191 97 97 97 499 191 97 97 97 191 97
2 2 2 2 2 2 2 2 2
499 499 499 499 424 499 499 424 499 499 499 499 499 499 424 499 499 424 499 499 424 499 499 499 499 499 499 499 424 499 424 499 499 499 499
35 55 35 55 35 35 35 55 35 319 55 35
2 2 2 2 2 2 2 2 2
223 52 30 52 30 30 30 30 52 30
1 1 1 1 1 1 1 1
499 363 425 363 363 425 363 363 499 425 425 363 499 425 363 425 499 499 425 363 499
2 2 2 2 2 2 2 2 2
9 9 9 9 9 9 9 9 9 9 9 9 9 9 9 9 9
44 44 139 139 242 44 44 242 44 139 44 44 44
0 0 0 0 0 0 0
7 7 7 7 7 7 7 7 7 7 7 7
14 14 14 14 14 14 14 14 14 14 14 14 154
499 499 499 499 499 499 499 499 499 499 499 499
270 270 499 499 298 298 499 270 270 298 270 298 298 298 270 298 298 270 499 298 270 270 270
21 18 18 95 18 21 18 21 18 21 21 18
1 1 1 1 1 1 1 1
101 101 341 101 69 69 69 69 101 341 69 69 101 69
499 271 271 271 271 271 271 499 499 271 499 271 271 271
499 499 499 499 499 499 499 499 499 499 499 499 499 499 499 499
499 364 364 364 499 499 364 426 426 364 364 426 426 426 364 499 364 499 426 426 499
0 0 0 0 0 0 0
1 1 1 1 1 1 1 1
499 499 499 427 499 499 427 499 499 427 427 427 499 499 499 427 427
1 1 1 1 1 1 1 1
1 1 1 1 1 1 1 1
499 499 499 499 499 499 499 499 499 499 499 499 499 499 499
2 2 2 2 2 2 2 2 2
2 2 2 2 2 2 2 2 2
499 365 272 365 365 499 272 272 272 499 272 365
24 24 31 24 24 92 31 31
2 2 2 2 2 2 2 2 2
499 499 499 499 499 499 499 499 499 499 499 499 499
2 2 2 2 2 2 2 2 2
10 10 10 10 10 10 10 10 10 10 10 10 10 10
1 1 1 1 1 1 1 1
428 217 217 428 428 499 217 428 499 217 217 217 428 217 217 217 217 499 428 217 428 217
499 499 499 499 499 499 499 499 499 499 499 499
64 64 78 78 64 255 255 78 78 64 64 64 78
52 30 30 30 30 52 52 30 223 30
0 0 0 0 0 0 0
86 148 148 148 148 499 86 86 86 86 86 86 86 148
14 14 14 14 154 14 14 14 14 14 14 14 14
1 1 1 1 1 1 1 1
3 3 3 3 3 3 3 3 3 3
4 4 4 4 4 4 4 4 4 4 4
499 499 362 362 362 499 362
0 0 0 0 0 0 0
499 429 499 429 499 499 499 499 429 429 499 429 429 429 499 499 499 499
5 5 5 5 5 5 5 5 5 5 5 5 5 5 5 5 5 5 5 5
2 2 2 2 2 2 2 2 2
9 9 9 9 9 9 9 9 9 9 9 9 9 9 9 9 9
499 499 499 499 499 499 499 499 499 499 499
9 9 9 9 9 9 9 9 9 9 9 9 9 9 9 9 9
2 2 2 2 2 2 2 2 2
2 2 2 2 2 2 2 2 2
18 18 21 21 21 18 21 18 95 18 18 21
0 0 0 0 0 0 0
0 0 0 0 0 0 0
0 0 0 0 0 0 0
2 2 2 2 2 2 2 2 2
10 10 10 10 10 10 10 10 10 10 10 10 10 10
0 0 0 0 0 0 0
22 22 22 22 22 22 22 22 22 22 22 22 22 22 22 22 22 22 22
0 0 0 0 0 0 0
131 209 131 131 131 209 209
2 2 2 2 2 2 2 2 2
0 0 0 0 0 0 0
3 3 3 3 3 3 3 3 3 3
366 367 366 367 499 366 367 499 366 367
2 2 2 2 2 2 2 2 2
5 5 5 5 5 5 5 5 5 5 5 5 5 5 5 5 5 5 5 5
0 0 0 0 0 0 0
7 7 7 7 7 7 7 7 7 7 7 7
1 1 1 1 1 1 1 1
2 2 2 2 2 2 2 2 2
2 2 2 2 2 2 2 2 2
78 64 78 255 64 64 64 64 78 78 255 64 78
499 499 368 368 368 499 499 499 368 368 368 368 368 499 499 499
499 369 499 369 499 369 499 499 499 369 369 369 369 369 499 499
1 1 1 1 1 1 1 1
370 116 370 116 116 116 116 370 370 116 116 116 499 116 499
30 52 223 30 30 52 30 52 30 30
2 2 2 2 2 2 2 2 2
499 499 499 371 499 371 371 499 371 499 499 371 371 499 371 371 499 499
499 499 499 499 499 499 499 499 499 499 499 499 499 499 499
22 22 22 22 22 22 22 22 22 22 22 22 22 22 22 22 22 22 22
57 57 499 50 50 50 50 50 57 57 50 57 57 50
168 499 168 168 499 168 499 499 168 499 168 168 499 168 168 499 168 499 168 168 499 499 168 499 168 499 499 499 499
499 499 499 499 499 134 134 372 499 372 134 134 134 499 372 499 499 499 499 499 499 499 499 134 134 134 372
10 10 10 10 10 10 10 10 10 10 10 10 10 10
1 1 1 1 1 1 1 1
23 37 37 37 113 23 23 23 23
0 0 0 0 0 0 0
1 1 1 1 1 1 1 1
0 0 0 0 0 0 0
4 4 4 4 4 4 4 4 4 4 4
0 0 0 0 0 0 0
1 1 1 1 1 1 1 1
1 1 1 1 1 1 1 1
1 1 1 1 1 1 1 1
5 5 5 5 5 5 5 5 5 5 5 5 5 5 5 5 5 5 5 5
1 1 1 1 1 1 1 1
0 0 0 0 0 0 0
26 17 17 26 17 17 26 93 17 26 17
212 348 212 262 212 348 262 262 348 212 212 212 348 262 262 499
5 5 5 5 5 5 5 5 5 5 5 5 5 5 5 5 5 5 5 5
273 273 273 273 499 273 273 273 499 273 499 273 273
2 2 2 2 2 2 2 2 2
69 69 101 101 69 101 69 69 341 341 69 101 101 69
68 391 34 34 68 34 34 34 34 68 34 68 34
499 499 499 373 218 373 218 373 218 499 218 373 218 218
0 0 0 0 0 0 0
1 1 1 1 1 1 1 1
2 2 2 2 2 2 2 2 2
3 3 3 3 3 3 3 3 3 3
8 73 8 8 8 8 8 8 8 8 8
2 2 2 2 2 2 2 2 2
117 499 117 117 499 117 117 499 117 117 117 117 499 117 117 499 499 499 117 499 117 117 117 117 499 117 117
3 3 3 3 3 3 3 3 3 3
430 430 499 430 499 499 499 499 430 499 430 499 499 499 430 430 499 499
22 22 22 22 22 22 22 22 22 22 22 22 22 22 22 22 22 22 22
36 36 36 36 36 280 36
180 180 499 499 499 169 169 169 180 499 180 499 499 180 499 169 499 499 499 180 169 180 499 499 169 499 499 180 499 499 169 499 180 499 169 499 180 499 169 499 499 180 169 169 499 169 180 169 180 169
0 0 0 0 0 0 0
499 499 499 499 499 499 499 499 499 499 499 499
7 7 7 7 7 7 7 7 7 7 7 7
0 0 0 0 0 0 0
3 3 3 3 3 3 3 3 3 3
1 1 1 1 1 1 1 1
11 11 11 11 11 11 11 11 11 11 11 11 11 11 11 11 11 11
2 2 2 2 2 2 2 2 2
2 2 2 2 2 2 2 2 2
9 9 9 9 9 9 9 9 9 9 9 9 9 9 9 9 9
3 3 3 3 3 3 3 3 3 3
3 3 3 3 3 3 3 3 3 3
0 0 0 0 0 0 0
56 56 56 56 336 336 56 129 56 129 56 129 56 129
1 1 1 1 1 1 1 1
462 41 41 41 41 60 41 60 41 60 41 60 60
0 0 0 0 0 0 0
2 2 2 2 2 2 2 2 2
9 9 9 9 9 9 9 9 9 9 9 9 9 9 9 9 9
55 35 55 35 35 35 319 35 55 55 35 35
0 0 0 0 0 0 0
2 2 2 2 2 2 2 2 2
321 321 251 321 477 477 251 477 251 251 251 321
301 155 155 301 451 499 155 451 301 301 155 155 451 155 155
374 135 135 499 135 499 374 374 499 135 499 135 135 499 499 374 499 135 135
181 499 499 431 181 181 499 499 499 499 431 181 431 499 499 181 181 181 499 181 499 431 499 499 181 181 499 181 431 431 499 499 499 499 431 499 499 181 499 181
26 17 17 26 17 17 17 26 93 17 26
2 2 2 2 2 2 2 2 2
1 1 1 1 1 1 1 1
1 1 1 1 1 1 1 1
2 2 2 2 2 2 2 2 2
0 0 0 0 0 0 0
1 1 1 1 1 1 1 1
3 3 3 3 3 3 3 3 3 3
53 53 53 53 53 53 219 53 219 53 53 53 219 219 53 499
41 60 41 41 41 60 462 60 60 41 41 41 60
0 0 0 0 0 0 0
2 2 2 2 2 2 2 2 2
3 3 3 3 3 3 3 3 3 3
2 2 2 2 2 2 2 2 2
499 499 499 499 499 499 499 499 499 375 499 499 499 274 499 375 499 499 499 499 499 499 499 499 499 274 499 499 375 499 499 499 499 499 499 499 499 274 499 499 274 499 499 499 375 499 499 499 274 499 375 499 499 274 375 499 499 375 499 499 499 499 375 274 499 499 499 499 499 274 499 499 499 499 499 499 274 274
499 499 499 499 499 499 499 499 499 499 499 499 499 499 499 499 499 499 499 499 499
0 0 0 0 0 0 0
499 432 499 499 376 499 376 499 499 499 499 499 376 499 376 432 499 499 499 499 499 499 499 432 499 499 376 499 499 499 499 376 499 432 499 499 432 499 499 376 432 499 432 499 499 376
0 0 0 0 0 0 0
81 81 81 81 81 81 81 81 499 81 81 81 81
275 433 499 433 499 433 499 275 499 433 275 499 499 275 433 499 433 499 275 275 433 499 499 275 275 499 275 275
1 1 1 1 1 1 1 1
499 499 499 499 499 499 499 499 499 499 499 499 499 499
0 0 0 0 0 0 0
4 4 4 4 4 4 4 4 4 4 4
10 10 10 10 10 10 10 10 10 10 10 10 10 10
1 1 1 1 1 1 1 1
53 219 53 53 219 53 53 53 219 53 53 53 499 53 53 219
132 132 499 499 499 132 132 132 132 132 132
1 1 1 1 1 1 1 1
242 44 44 44 44 44 139 44 242 44 139 139 44
34 34 34 68 391 34 34 68 34 34 68 34 68
3 3 3 3 3 3 3 3 3 3
0 0 0 0 0 0 0
1 1 1 1 1 1 1 1
17 26 17 17 26 17 17 93 26 26 17
5 5 5 5 5 5 5 5 5 5 5 5 5 5 5 5 5 5 5 5
0 0 0 0 0 0 0
11 11 11 11 11 11 11 11 11 11 11 11 11 11 11 11 11 11
377 235 235 235 276 377 377 377 235 377 276 276 235 235 377 276 276 276 235 235 235 377 276 235 377 499 276 499 235 276 276
4 4 4 4 4 4 4 4 4 4 4
499 499 499 499 499 499 499 499 499 499 499
2 2 2 2 2 2 2 2 2
41 60 41 60 60 41 60 41 41 41 60 462 41
113 23 37 23 37 23 23 37 23
1 1 1 1 1 1 1 1
0 0 0 0 0 0 0
499 499 499 373 218 373 218 373 218 499 218 373 218 218
499 90 499 220 90 66 66 499 118 499 90 118 66 220 118 90 90 118 66 90 220 66 90 499 90 118 66 499 118 499 66 499 220 66 66 66
0 0 0 0 0 0 0
4 4 4 4 4 4 4 4 4 4 4
0 0 0 0 0 0 0
4 4 4 4 4 4 4 4 4 4 4
0 0 0 0 0 0 0
1 1 1 1 1 1 1 1
0 0 0 0 0 0 0
0 0 0 0 0 0 0
2 2 2 2 2 2 2 2 2
0 0 0 0 0 0 0
434 434 435 499 499 499 499 434 499 499 499 499 435 499 499 499 499 499 499 499 499 435 499 499 499 435 499 499 499 499 499 435 499 434 434 499 499 435 499 434 435 499 434 499 499 499 499 499
499 499 499 499 378 499 499 499 499 499 378 378 499 499 378 499 499 499 499 378 499 499 499 499 499 499 499 499 499 499 499 499 499 378 499 499 499 378 499 499 499 499 378
0 0 0 0 0 0 0
9 9 9 9 9 9 9 9 9 9 9 9 9 9 9 9 9
0 0 0 0 0 0 0
1 1 1 1 1 1 1 1
332 490 332 331 331 490 331 332 490 331 332
11 11 11 11 11 11 11 11 11 11 11 11 11 11 11 11 11 11
1 1 1 1 1 1 1 1
45 45 499 87 45 45 45 87 45 87 45 87 87 87 45 45 45
0 0 0 0 0 0 0
69 69 341 69 101 341 69 69 101 69 101 69 101 101
499 499 436 499 499 499 436 436 499 499 499 499 436 499 436 499 499 436 499 436 499 499 499
34 68 34 68 34 34 68 34 34 34 68 34 391
38 38 54 54 499 54 38 54 54 38 38 38 38 54 54 38 38 38 54 38 38 38
0 0 0 0 0 0 0
2 2 2 2 2 2 2 2 2
21 21 18 21 18 18 21 21 95 18 18 18
2 2 2 2 2 2 2 2 2
260 164 499 164 164 260 260 164 499 164 260 499 260 164 164
2 2 2 2 2 2 2 2 2
499 221 499 499 221 221 499 221 499 499 499 221 499 221 499 221 499 499 499 499 499 221 221 499 499 221 221 499 499 221
2 2 2 2 2 2 2 2 2
4 4 4 4 4 4 4 4 4 4 4
43 13 15 13 13 15 15 13 13 15
9 9 9 9 9 9 9 9 9 9 9 9 9 9 9 9 9
1 1 1 1 1 1 1 1
2 2 2 2 2 2 2 2 2
499 499 499 499 499 499 499 499 499 499 499 499 499
0 0 0 0 0 0 0
113 23 37 23 37 23 37 23 23
78 78 255 64 78 64 64 64 78 78 64 255 64
1 1 1 1 1 1 1 1
3 3 3 3 3 3 3 3 3 3
2 2 2 2 2 2 2 2 2
3 3 3 3 3 3 3 3 3 3
23 37 23 23 37 37 23 113 23
1 1 1 1 1 1 1 1
1 1 1 1 1 1 1 1
18 18 95 18 21 21 18 21 21 18 21 18
499 204 204 163 204 204 163 323 163 204 204 323 323 163 163 323 163 163
0 0 0 0 0 0 0
437 437 437 499 499 499 499 437 437 499 437 499 437
499 499 499 499 499 499 499 499 499 499 499 499
182 438 438 499 183 499 183 438 182 182 499 499 183 499 183 182 499 182 499 182 182 183 438 182 499 499 499 183 182 182 183 499 182 499 499 499 183 499 499 438 183 499 499 438 499 499 438 499 499 499 183 499 499 499 183 499 183 499 182 499 183 499 182
1 1 1 1 1 1 1 1
1 1 1 1 1 1 1 1
78 64 255 78 64 64 64 64 78 64 78 255 78
0 0 0 0 0 0 0
3 3 3 3 3 3 3 3 3 3
136 136 136 136 136 499 136 136 136 136 136 499 136 136 499 136 136 499 499 499 136 499 136 499 499
0 0 0 0 0 0 0
499 499 499 499 499 499 499 499 499 499 499 499 499 499 499 499 499 499 499 499 499 499 499
1 1 1 1 1 1 1 1
3 3 3 3 3 3 3 3 3 3
48 80 80 48 48 187 187 80 48 48 80 48
1 1 1 1 1 1 1 1
2 2 2 2 2 2 2 2 2
439 499 499 499 499 439 439 499 499 439 439 499 499 499 499 439 439 499
0 0 0 0 0 0 0
59 28 28 28 28 28 59 59 246 28 28
35 55 35 55 35 35 55 319 55 35 35 35
440 499 499 499 499 499 440 440 499 499 440 499 440 440 499 440 499
10 10 10 10 10 10 10 10 10 10 10 10 10 10
131 209 131 131 209 209 131
499 499 499 499 499 499 499 499 499 499 499 499 499
0 0 0 0 0 0 0
2 2 2 2 2 2 2 2 2
0 0 0 0 0 0 0
0 0 0 0 0 0 0
0 0 0 0 0 0 0
499 499 499 499 499 499 499 499 499 499 499 499 499 499 499 499 499 499 499 499
0 0 0 0 0 0 0
277 277 379 379 379 277 277 277 379 499 499
499 365 272 365 365 499 499 272 272 272 272 365
156 123 156 123 123 156 156 156 123 123 156 123 499 156 123 123
22 22 22 22 22 22 22 22 22 22 22 22 22 22 22 22 22 22 22
499 90 499 220 90 66 66 499 118 499 90 118 66 220 118 90 90 118 66 90 220 66 90 499 90 118 66 499 118 499 66 499 220 66 66 66
0 0 0 0 0 0 0
36 280 36 36 36 36 36
499 499 499 499 499 499 499 499 499 499 499 499 499 499 499 499 499 499 499
11 11 11 11 11 11 11 11 11 11 11 11 11 11 11 11 11 11
4 4 4 4 4 4 4 4 4 4 4
4 4 4 4 4 4 4 4 4 4 4
18 95 18 21 21 18 21 21 18 21 18 18
1 1 1 1 1 1 1 1
0 0 0 0 0 0 0
2 2 2 2 2 2 2 2 2
374 135 135 499 499 135 499 374 499 135 499 135 135 374 499 374 499 135 135
5 5 5 5 5 5 5 5 5 5 5 5 5 5 5 5 5 5 5 5
499 499 499 499 499 499 499 499 499 499 499 499 499 499
366 367 366 367 499 366 367 499 366 367
499 39 39 98 39 98 39 39 39 39 98 39 39 39 98
15 15 13 13 13 13 15 13 43 15
499 380 380 499 380 499 380 499 499 499 380 499 499 499 380 380 499 380 499
24 31 24 24 24 31 31 92
1 1 1 1 1 1 1 1
40 40 40 58 40 58 58 40 450 40 40 58 58 40
10 10 10 10 10 10 10 10 10 10 10 10 10 10
1 1 1 1 1 1 1 1
4 4 4 4 4 4 4 4 4 4 4
11 11 11 11 11 11 11 11 11 11 11 11 11 11 11 11 11 11
0 0 0 0 0 0 0
499 90 499 220 90 66 118 499 118 499 90 118 66 220 66 90 90 118 66 90 220 66 90 499 90 118 66 499 118 499 66 499 220 66 66 66
0 0 0 0 0 0 0
0 0 0 0 0 0 0
499 441 499 441 441 499 499 499 499 441 499 441 499 499 499 499 441 499 499 441 499 499 499 499 499 499 499 499 499 499 499 499
20 20 20 20 20 161 20 20 20
0 0 0 0 0 0 0
0 0 0 0 0 0 0
4 4 4 4 4 4 4 4 4 4 4
1 1 1 1 1 1 1 1
57 50 50 57 499 50 50 50 50 50 57 57 57 57
2 2 2 2 2 2 2 2 2
5 5 5 5 5 5 5 5 5 5 5 5 5 5 5 5 5 5 5 5
1 1 1 1 1 1 1 1
0 0 0 0 0 0 0
1 1 1 1 1 1 1 1
499 499 499 499 499 134 134 372 499 372 134 134 134 499 372 499 499 499 499 499 499 499 499 134 134 134 372
499 442 499 499 499 499 442 442 499 499 499 442 442 499 442 442
299 499 499 299 299 299 299 499 299 499 499 499 299 299 299
3 3 3 3 3 3 3 3 3 3
499 133 133 133 499 133 133 133 133 133
7 7 7 7 7 7 7 7 7 7 7 7
0 0 0 0 0 0 0
4 4 4 4 4 4 4 4 4 4 4
277 277 379 379 379 277 277 277 379 499 499
13 15 15 13 13 15 15 43 13 13
2 2 2 2 2 2 2 2 2
1 1 1 1 1 1 1 1
0 0 0 0 0 0 0
499 499 381 499 499 381 499 499 499 499 499 381 499 499 381 381 499 499 499 499 381 499 381 381 499 499 499
3 3 3 3 3 3 3 3 3 3
1 1 1 1 1 1 1 1
2 2 2 2 2 2 2 2 2
1 1 1 1 1 1 1 1
0 0 0 0 0 0 0
2 2 2 2 2 2 2 2 2
1 1 1 1 1 1 1 1
0 0 0 0 0 0 0
2 2 2 2 2 2 2 2 2
14 14 14 14 14 154 14 14 14 14 14 14 14
3 3 3 3 3 3 3 3 3 3
3 3 3 3 3 3 3 3 3 3
499 443 499 499 443 499 499 499 499 443 499 499 499 443 443 443 443 499
2 2 2 2 2 2 2 2 2
1 1 1 1 1 1 1 1
0 0 0 0 0 0 0
10 10 10 10 10 10 10 10 10 10 10 10 10 10
10 10 10 10 10 10 10 10 10 10 10 10 10 10
0 0 0 0 0 0 0
119 119 119 119 499 119 119 119 119 119 499 499 119 119 499 119 119 119 499 119 119 499 499 119 119
1 1 1 1 1 1 1 1
499 499 499 499 499 499 499 499 499 499 499 499 499
61 61 61 247 61 247 61 61
2 2 2 2 2 2 2 2 2
2 2 2 2 2 2 2 2 2
499 499 382 499 499 499 499 382 499 499 499 499 382 499 499 499 499 382 499 382 499 499 499 499 382 499 382 499 499 382
499 444 444 499 499 499 499 444 499 444 499 499 499 499 499 499 444 444 499 499 499 499 499 499 499 444 499
23 37 23 37 23 37 113 23 23
1 1 1 1 1 1 1 1
53 53 53 53 219 219 219 53 53 499 53 53 53 53 53 219
0 0 0 0 0 0 0
0 0 0 0 0 0 0
4 4 4 4 4 4 4 4 4 4 4
2 2 2 2 2 2 2 2 2
0 0 0 0 0 0 0
3 3 3 3 3 3 3 3 3 3
0 0 0 0 0 0 0
4 4 4 4 4 4 4 4 4 4 4
499 499 499 499 445 499 499 445 499 499 499 499 499 445 499 499 445 499 499 445 499 499 499 499 499 499 445 499 445 499 499 499 499
34 68 391 68 34 34 34 34 34 34 34 68 68
0 0 0 0 0 0 0
1 1 1 1 1 1 1 1
2 2 2 2 2 2 2 2 2
14 14 14 14 14 14 154 14 14 14 14 14 14
383 222 499 222 222 499 383 383 222 499 222 383 222
4 4 4 4 4 4 4 4 4 4 4
0 0 0 0 0 0 0
113 23 23 23 37 37 23 37 23
0 0 0 0 0 0 0
1 1 1 1 1 1 1 1
0 0 0 0 0 0 0
446 499 499 446 446 499 499 446 446 499 446 446 499
10 10 10 10 10 10 10 10 10 10 10 10 10 10
0 0 0 0 0 0 0
2 2 2 2 2 2 2 2 2
384 278 384 278 278 499 384 278 384 499 278 499 384 499 499 499 278 384 384 384 278 278 499 278 278
1 1 1 1 1 1 1 1
7 7 7 7 7 7 7 7 7 7 7 7
499 499 499 499 499 499 499 499 499 499
3 3 3 3 3 3 3 3 3 3
4 4 4 4 4 4 4 4 4 4 4
1 1 1 1 1 1 1 1
1 1 1 1 1 1 1 1
54 38 38 54 38 54 38 38 54 54 38 54 38 38 54 38 38 38 38 499 38 54
111 157 111 157 157 157 157 111 111 157 111 499 111 111 111 157 111
7 7 7 7 7 7 7 7 7 7 7 7
1 1 1 1 1 1 1 1
17 17 26 93 17 26 26 17 17 26 17
4 4 4 4 4 4 4 4 4 4 4
7 7 7 7 7 7 7 7 7 7 7 7
21 18 21 18 21 18 21 18 95 18 18 21
279 499 447 279 279 499 279 499 499 499 279 499 499 447 499 447 499 279 499 499 499 499 279 499 447 447 447 499 279 447 499 279 279
499 499 499 499 499 499 499 499 499 499 499 499 499 499 499 499
2 2 2 2 2 2 2 2 2
1 1 1 1 1 1 1 1
499 499 499 499 499 499 499
0 0 0 0 0 0 0
383 222 499 383 222 499 222 383 222 499 222 383 222
0 0 0 0 0 0 0
499 499 499 499 499 499 499 499 499 499 499 499
1 1 1 1 1 1 1 1
4 4 4 4 4 4 4 4 4 4 4
4 4 4 4 4 4 4 4 4 4 4
370 116 370 116 116 116 116 370 370 116 116 116 499 116 499
7 7 7 7 7 7 7 7 7 7 7 7
7 7 7 7 7 7 7 7 7 7 7 7
242 44 44 44 44 44 139 44 242 44 139 139 44
10 10 10 10 10 10 10 10 10 10 10 10 10 10
499 106 499 106 106 499 499 106 106 106 106 106 106 106
1 1 1 1 1 1 1 1
28 246 59 28 59 28 59 28 28 28 28
499 499 499 448 499 499 499 499 499 499 448 448 499 499 499 448 499 499 499 499 448 448 448 499
0 0 0 0 0 0 0
4 4 4 4 4 4 4 4 4 4 4
8 8 73 8 8 8 8 8 8 8 8
4 4 4 4 4 4 4 4 4 4 4
499 499 499 499 499 499 499 499 499 499 499 499 499 499 499 499 499 499 499 499 499
1 1 1 1 1 1 1 1
5 5 5 5 5 5 5 5 5 5 5 5 5 5 5 5 5 5 5 5