878 879 2237 1447 878 878 1814 1815 879 878 878 1447 1814 1815 879 2238 1447 879 879 2239
133 133 133 151 151 151 133 133 133 133 415 297 297 1816 1093 649 297 415 415 649 151 151 415 1093 297 297 151 133 151 151 133 649
375 650 2240 375 650 375 375 375 650 650 650 375 375 880 880 880 880 880 650 375 375
2241 1094 2242 881 1448 1449 881 1817 2243 1450 1094 881 881 881 2244 1450 2245 2246 1094 2247 1818 2248 1817 2249 2250 2251 2252 1818 1449 1450 1448 1449 1094 1448 2253
651 171 110 171 171 110 110 171 110 110 171 651 110 110
1451 1095 2254 1096 543 882 1452 1095 883 2255 543 1097 2256 543 884 1453 884 2257 1098 884 1453 883 883 543 1454 883 1096 1096 2258 1452 1095 2259 2260 1453 883 884 1451 1451 2261 1095 2262 1098 882 1454 1098 882 1452 543 2263 543 543 1097 1097 884 882 882 2264 1096 2265 1454 2266 1097 1098
0 0 0 0 0 0 0 0 0 0 0 0
27 152 35 35 27 152 27 27 27 27 35 35 35 35 27
3 3 3 3 3 3 3 3 3 3 3 3 3 3 3 3 3 3
0 0 0 0 0 0 0 0 0 0 0 0
7 13 7 7 7 7 7 13 94 13 7 13
5 5 5 5 5 5 5 5 5 5 5 5 5 5 5 5 5 5 5 5
544 544 1819 2267 1820 544 544 1820 544 1819 544 2268 544
416 416 1821 652 1455 652 652 1455 416 652 416 2269 416 652 1455 1821 652 416 416 416
1822 885 886 1456 417 1099 2270 1099 887 545 1100 1823 545 2271 2272 545 417 653 887 1457 1456 653 1101 1100 653 885 653 417 2273 653 885 2274 417 1456 887 1100 417 1102 1101 2275 417 1100 2276 886 1099 417 887 886 1102 417 1823 545 1102 1457 1457 887 1101 2277 653 1102 1099 545 886 545 1824 885 1101 545 1824 885 886 1822
5 5 5 5 5 5 5 5 5 5 5 5 5 5 5 5 5 5 5 5
546 654 546 546 888 654 654 654 546 546 546 546 888 654 654 888 888 888
109 22 43 22 43 43 22 43 109 22 22 22
655 298 298 298 655 298 298 298 655 1825 2278 655 655 655 298 298 298 298 1825
1826 1103 656 657 1458 1459 656 1104 1105 1104 656 1103 1827 1103 1105 1460 1104 1460 2279 1459 656 657 1105 2280 1105 2281 2282 2283 2284 656 656 1458 1459 1827 1826 657 2285 1458 657 657 1104 2286 1460 657 1103 2287
2288 1106 1828 1106 1461 1107 2289 1462 1107 1107 1463 2290 1462 547 547 547 1106 547 1463 1828 547 1463 1461 2291 1461 1107 547 1106 1462 547
889 658 299 299 889 658 2292 299 299 299 889 658 658 889 658 299 299 2293 658 2294 299 299 299 889
1108 1108 890 1464 890 1108 418 418 418 1464 418 418 890 1464 418 418 2295 890 418 2296 890 1108
1465 548 1829 1465 548 548 548 548 2297 1830 1830 548 548 1465 1829
3 3 3 3 3 3 3 3 3 3 3 3 3 3 3 3 3 3
1466 1466 1831 659 1466 659 659 1832 659 1831 659 659 1832
196 419 419 196 196 419 196 196 419 2298 419 196 419 419 196 196 196 196 419 196 196 196 196
133 133 133 151 151 151 133 133 133 133 415 297 297 1816 1093 649 297 415 415 649 133 151 415 1093 297 297 151 133 151 151 151 649
27 152 35 35 27 152 27 27 27 27 35 35 35 35 27
0 0 0 0 0 0 0 0 0 0 0 0
549 549 300 549 1467 300 300 300 1468 549 300 300 2299 1468 1467 300 300 2300 1468 1467 549 549 549 2301 300 300
215 2302 2303 660 215 215 1469 1833 2304 1470 660 215 660 1833 2305 215 215 215 2306 215 1469 1471 1471 1470 215 215 2307 215 660 660 2308 2309 2310 1469 660 2311 1471 215 1470 215
1109 197 420 420 197 197 197 420 420 197 197 197 1109
421 1834 891 421 421 891 891 421 2312 421 421 1834 891 421 891 421
36 36 36 422 36 36 36 36 36 36 36 36 422 36
661 301 198 198 301 198 198 301 301 198 198 1835 661 198 661 301
302 302 423 1472 302 2313 302 423 302 1472 423 302 302 423 1472 423 302 423 423 423 302 302
8 6 64 8 6 8 6 8 6 6 8 6
95 1110 114 1111 303 114 114 95 95 303 95 1110 114 303 114 114 95 114 95 1111 95 303 303 95 114 95 95 95 95 114 114
45 45 96 96 45 153 45 45 96 45 153 45 96 153 96 153 45 45 45 96 1112
892 424 424 424 892 2314 892 424 424 892 424 424 424 2315 892
1113 1836 2316 550 550 550 1113 550 1473 1836 550 1473 550 1113 1113 550 1473
44 77 77 44 44 111 44 44 77 111 44 111 77
134 172 376 1474 222 134 172 134 222 172 134 376 222 172 172 134 222 376 134
14 14 14 20 14 20 20 20 14 14 20 14 20 223
284 1475 1114 284 2317 284 284 1114 1475 284 1114 2318 284 284 1837 284 1475 2319 1114 284 284 1837 284
30 50 30 30 50 50 50 30 30 30 30 30 662 50 30 50
17 46 17 17 46 46 17 46 17 17 304 17 17
3 3 3 3 3 3 3 3 3 3 3 3 3 3 3 3 3 3
1838 285 1115 1839 285 285 1839 1840 2320 1115 2321 285 285 1838 285 1115 285 285 2322 1840 1115 2323 285 285 285 2324
663 425 893 425 893 2325 425 893 1476 425 425 663 893 893 663 1476 663 425 1476 663 425 425 663
9 9 9 9 9 9 9 9 9 9 9 9 9 9 9 9 9
18 18 18 59 59 18 426 18 18 59 59 18 18 18 18
664 665 665 1116 427 427 664 1117 666 428 428 1841 427 1842 1117 1843 428 664 427 1118 1116 1118 665 428 1844 666 1845 666
0 0 0 0 0 0 0 0 0 0 0 0
0 0 0 0 0 0 0 0 0 0 0 0
20 14 14 20 14 14 223 14 14 20 20 20 20 14
5 5 5 5 5 5 5 5 5 5 5 5 5 5 5 5 5 5 5 5
8 6 8 6 8 6 6 6 6 8 8 64
9 9 9 9 9 9 9 9 9 9 9 9 9 9 9 9 9
51 37 37 51 37 37 51 37 51 37 667 51 37 51 37
97 1477 135 97 97 224 97 97 135 224 97 135 135 224 97 135 97 224 135
1846 429 1119 429 430 668 429 668 430 668 429 1119 430 430
1120 431 431 432 432 1847 1120 431 432 1848 432 431
5 5 5 5 5 5 5 5 5 5 5 5 5 5 5 5 5 5 5 5
2326 2327 1121 894 2328 894 1121 894 1121 1849 1121 2329 894 894 1849
96 153 96 96 153 96 45 96 96 45 1112 45 153 45 45 153 45 45 45 45 45
225 136 173 136 173 136 1478 225 136 1479 225 225 173 136 173 1480 173 136
18 18 18 59 18 59 18 18 18 59 18 59 18 426 18
1122 1123 2330 1124 1123 2331 1122 1123 1124 1850 1123 1124 2332 1124 1850 2333 2334 1122 2335 1122 2336
7 7 7 7 13 7 13 13 94 7 7 13
1851 895 2337 2338 1125 2339 669 2340 896 1852 1126 895 669 2341 1125 1481 2342 1481 669 2343 2344 1853 896 1125 1853 669 1125 895 896 2345 669 895 669 1126 2346 896 896 2347 1481 1126 1126 1852 895 1851
226 226 226 226 670 670 2348 670 670 226 226 226 226 226 670 226 670 226 226
38 38 47 47 38 47 433 47 38 98 38 98 47 38 98
305 227 199 227 305 199 199 199 227 227 305 227 305 1854 227 305 199 199 199
1127 1855 1128 671 1127 671 1129 672 1856 1129 1128 671 672 672
0 0 0 0 0 0 0 0 0 0 0 0
12 12 12 19 19 12 19 12 12 19 174 12 19
115 115 115 228 115 228 228 1130 228 115 228 115 115 115 1130 228 115 115
3 3 3 3 3 3 3 3 3 3 3 3 3 3 3 3 3 3
1482 1482 1483 1483 551 1482 551 2349 673 1483 673 2350 673 551 673 673 1484 2351 1484 551 1484 551 551 673 2352 551
674 552 552 2353 1857 1485 1486 2354 1487 553 1131 1858 2355 674 1488 552 2356 552 1131 1489 1486 675 553 674 1488 1485 553 1487 1488 675 1485 553 2357 1486 675 2358 553 2359 1131 2360 1489 552 675 553 674 2361 1487 674 674 2362 1131 552 553 552 675 1489 2363 675 1857 1858 2364
1127 1855 1128 671 1127 671 1129 672 1856 1129 1128 671 672 672
5 5 5 5 5 5 5 5 5 5 5 5 5 5 5 5 5 5 5 5
5 5 5 5 5 5 5 5 5 5 5 5 5 5 5 5 5 5 5 5
77 77 44 44 111 44 44 77 111 44 44 111 77
175 1490 175 377 377 175 1491 377 175 676 175 676
1492 554 2365 554 897 2366 554 897 554 554 1492 554 1492 897 554 897 897 1859 1859
116 40 116 40 40 40 40 116 306 40 40 116 40 306 40
6 64 8 8 6 8 6 6 8 6 8 6
77 77 44 44 111 44 44 77 111 44 44 111 77
8 6 6 8 8 8 6 8 6 64 6 6
1860 1132 1493 1494 1494 1860 1494 1493 1132 1132 1132 1493
1133 1861 1495 677 1861 677 677 1495 677 2367 677 1133 1133 677 1133 1495
1134 1862 555 1134 1134 555 1862 555 555 2368 555 555 555 1134
6 6 6 8 64 6 6 8 6 8 8 8
0 0 0 0 0 0 0 0 0 0 0 0
434 307 1863 434 307 678 1496 434 307 1497 1497 678 307 307 434 307 434 1497 678 307 1496 434 1496 678 678 434 678 434 2369 2370 307 1863 307 307
1498 898 898 679 1498 679 898 679 2371 1864 898 898 2372 1498 2373 1864 679 2374 679 679
57 57 81 1499 81 57 81 81 57 81 81 1500 57 57 57 81 112 112 112 112 57 57 81 57 112 112 1501 57 1502 112 81
132 132 132 132 1503 132 132 1865 132 1866 132 132 1865 132 132 1503 1866 2375 132 1503 132 132 132 132 132 132 132
2376 1504 1135 2377 1504 1135 1135 1867 1505 1506 2378 1504 1136 1136 1507 2379 1505 1136 1505 2380 1135 1507 1506 1867 2381 2382 2383 1506 1507 1136
1868 2384 680 1508 1508 680 556 1869 2385 556 680 2386 1870 2387 2388 556 1509 2389 556 680 680 556 1509 2390 1868 1871 1509 2391 556 1871 556 2392 1869 680 1870 1508
435 681 435 681 681 681 435 2393 435 435 681 435 435 681 435 2394
200 436 200 308 436 436 436 1137 308 200 200 200 1137 200 308 308 308 200
557 557 1872 1138 1510 1873 1510 557 1511 1874 2395 1138 1511 1875 1872 1511 557 1138 557 1875 557 1874 1138 557 2396 1873 1510
1139 1139 1876 1876 1512 1877 1877 1512 1878 1139 1512 1878 1139
437 437 229 229 2397 437 229 437 229 2398 229 437 437 229 229 229 229 437 437 229 229 229
1513 2399 1140 899 1140 899 900 1879 2400 901 1880 901 900 1879 901 1514 1140 2401 901 901 1514 1881 899 1513 899 900 1513 1140 1882 1881 1880 900 1882 900 1514 899
37 37 37 51 51 37 51 37 37 51 51 667 37 37 51
9 9 9 9 9 9 9 9 9 9 9 9 9 9 9 9 9
33 65 65 33 33 65 33 65 33 902 33 33 65 33 65 33 33
78 78 78 78 438 438 78 78 78 78 78 78 78 438 1883 438 78 78 78
304 46 17 17 17 17 17 46 17 17 17 46 46
230 154 230 154 154 230 230 154 154 230 230 154 154 154
1515 439 2402 439 2403 439 439 439 439 1884 1884 439 439 1515 1515
5 5 5 5 5 5 5 5 5 5 5 5 5 5 5 5 5 5 5 5
50 50 50 30 50 30 30 30 30 30 30 50 30 662 50 30
440 2404 2405 1516 1517 1516 440 1517 1885 1516 440 440 440 1517 440 440 2406 440 1885
77 77 44 44 111 44 44 77 111 44 44 111 77
903 558 558 682 903 558 903 1518 903 558 2407 682 558 558 903 682 682 2408 558 2409 2410 682 2411 1518 1518 682 2412
3 3 3 3 3 3 3 3 3 3 3 3 3 3 3 3 3 3
216 559 559 1141 216 1141 1142 216 216 216 2413 1886 1519 1887 216 1888 1886 2414 1141 2415 1142 1143 1519 559 2416 2417 559 2418 2419 1143 216 2420 1142 559 2421 1889 1520 2422 1520 216 2423 1887 216 559 216 1141 2424 1889 559 2425 2426 1520 2427 216 1143 1888 2428 1143 216 2429 2430 1142 2431 216 1519
21 11 11 201 21 11 11 21 11 11 21 21 11 11
19 12 12 12 19 12 19 12 19 12 19 174 12
7 13 7 13 7 13 7 13 7 94 7 7
231 79 79 231 79 79 1890 79 231 79 79 79 79 79 231 79 79 79 79 231 231
378 560 378 1891 2432 1521 2433 378 2434 378 378 2435 1521 560 2436 1892 1892 2437 1893 378 1521 560 2438 378 378 560 378 560 560 1893 1891 560
2439 904 1522 904 2440 2441 1144 1144 1145 1144 1145 2442 905 1145 905 1523 1524 2443 2444 1523 904 1524 2445 1524 1522 905 1522 905 1145 904 905 904 1144 1523
0 0 0 0 0 0 0 0 0 0 0 0
561 1146 2446 1894 2447 561 561 561 561 561 1146 561 2448 1146 1146 1894
1525 906 2449 2450 1526 906 906 1526 1525 1525 1527 2451 1527 906 2452 1527 906 1526
683 2453 683 907 562 2454 907 907 683 683 562 562 683 683 562 907 2455 562 907 562 562
441 1895 1896 441 1896 441 441 441 441 441 441 1895
1147 1897 1147 2456 1528 1148 2457 1148 1528 1148 1147 1147 1148 1898 2458 1897 1898 2459 1528 2460
15 15 15 15 15 15 684 15 15 15 15 15 15 15 15
664 665 665 1116 427 427 664 1117 666 428 428 1841 427 1842 1117 1843 428 664 427 1118 1116 1118 665 428 1844 666 1845 666
4 4 4 4 4 4 4 4 4 4 4 4 4 4 4
685 563 1529 685 563 2461 1529 2462 563 685 685 563 563 1529 563 563 685 685
232 232 232 686 1899 232 232 1149 1149 686 686 232 1150 687 687 1150 687
2463 176 1530 1530 176 176 176 176 176 1151 176 1151 176 1151 176 176 176 1151 1530 176 176 176 176
7 94 13 7 7 13 7 13 7 7 13 7
1531 2464 908 1531 908 908 2465 1900 1531 1900 908 908
2466 909 1532 909 1901 1901 909 1532 909 2467 909 1532
0 0 0 0 0 0 0 0 0 0 0 0
177 178 178 178 177 177 177 177 178 688 688 178
1152 564 2468 1153 564 1152 2469 2470 1152 2471 564 1153 2472 1902 910 910 2473 910 1903 1903 2474 2475 2476 564 910 2477 564 564 2478 1152 564 1153 910 1902 1153
1533 379 379 379 1533 1904 379 379 1533 379 379 379 379 1904
442 442 442 689 2479 689 565 286 286 689 689 442 442 286 286 286 565 565 286 286 442 286 565 286 2480 442 286 689 565 565 565 2481 286 442 689
1534 1905 2482 911 1534 911 911 1906 1906 911 911 1534 1905
690 690 1535 1535 2483 690 690 2484 1536 690 690 1535 1536 1536
691 912 691 691 2485 691 912 912 2486 1154 912 691 691 2487 1154 912 2488 1154 1154
2489 1907 443 443 2490 443 2491 443 1155 566 566 1155 1907 566 2492 443 443 2493 1155 1155 566 443 566 1908 1908 566 566 443 2494
444 692 445 445 444 913 446 692 692 1909 1909 913 446 444 692 913 445 446 446 692 444 446 692 445 445 445 446 913 446 445 913 444 444 446 444 2495 444 445
4 4 4 4 4 4 4 4 4 4 4 4 4 4 4
52 41 31 31 52 31 31 52 31 31 380 41 41 41 52 41
0 0 0 0 0 0 0 0 0 0 0 0
2496 1156 1910 1911 1912 2497 2498 1156 2499 2500 2501 1156 2502 1913 1913 2503 2504 1912 2505 1156 1911 1910 2506
64 8 6 8 8 6 6 6 8 6 8 6
4 4 4 4 4 4 4 4 4 4 4 4 4 4 4
693 447 202 447 1914 202 179 179 309 179 448 447 179 448 202 447 202 179 202 693 309 447 693 179 179 202 179 693 447 2507 693 202 1537 202 693 179 448 179 1537 202 1915 309 1914 202 309 202 448 1915 309 447 448 179 179 309 448 309 202 179 448 179 179 202 448 447 309 202 309 309 1537
16 16 16 16 16 16 16 567 16 16 16 16 16
694 914 1157 914 694 1158 1157 2508 914 1159 914 915 914 915 1158 694 1157 915 694 1158 1158 2509 1157 1159 694 1159 2510 1159 694 915 915
117 42 916 42 42 42 117 42 117 117 42 42 42 42
217 1538 1160 2511 1538 1160 2512 2513 2514 217 217 2515 1539 1916 2516 917 917 2517 217 1916 1160 1540 1541 2518 217 1538 217 2519 1917 217 917 1541 2520 217 1539 2521 917 1918 217 917 217 1918 2522 217 1540 1541 1542 1542 2523 1917 1919 2524 1160 2525 1919 2526 1542 2527 1540 1539 2528 217 2529 217
8 8 6 6 64 8 6 8 8 6 6 6
3 3 3 3 3 3 3 3 3 3 3 3 3 3 3 3 3 3
57 57 81 1499 81 57 81 81 57 81 81 1500 57 57 57 81 112 112 112 112 57 57 81 57 112 112 1501 57 1502 112 81
287 287 2530 918 287 287 287 918 287 918 287 287 918 918 287 287 287
1920 449 1921 155 1922 449 449 449 155 155 155 155 155 155 155
1923 2531 695 1543 1543 695 568 2532 2533 568 695 2534 1924 2535 2536 2537 568 1544 2538 568 695 695 568 1544 2539 1923 1925 1544 2540 2541 568 1925 568 2542 2543 695 1924 1543
696 1926 919 697 569 569 569 919 696 696 919 569 569 696 697 569 2544 696 1926 919 697 919 697 697 569 696 697 2545
60 60 60 60 60 60 60 60 60 60 60 60 60 60 60 60 1927
7 7 7 13 13 7 13 94 7 7 7 13
1161 1161 698 2546 2547 920 920 698 920 698 1161 920 698 1161 698 698 920
699 2548 1545 699 1546 2549 1545 699 2550 1928 1928 1545 699 699 1546 1546 699
20 20 20 14 14 20 14 14 14 223 14 20 14 20
700 1929 1930 700 701 701 450 701 450 450 450 700
233 702 702 1162 233 1163 702 233 1931 233 233 1162 1163 233
12 19 12 19 12 174 19 19 12 12 12 12 19
4 4 4 4 4 4 4 4 4 4 4 4 4 4 4
150 150 150 150 150 703 150 150 150 150 150 150 703 703 150 150 703 150 150 2551 703 150 150 703
118 118 118 704 1164 118 118 704 1164 118 118 118 704 118 118
288 381 381 451 381 451 288 288 451 2552 381 288 1165 451 381 2553 288 451 381 381 451 288 288 381 288 288 451 2554 451 2555 381 288 1165 288 1165 1165
135 97 97 135 224 135 97 135 97 97 97 135 97 224 135 224 224 97 1477
116 40 116 40 40 40 40 116 306 40 40 116 40 306 40
9 9 9 9 9 9 9 9 9 9 9 9 9 9 9 9 9
5 5 5 5 5 5 5 5 5 5 5 5 5 5 5 5 5 5 5 5
452 1547 1547 452 1547 452 452 452 452 452 452 2556
310 453 310 453 453 310 310 310 453 310 310 2557 453 310 453 453 310 453 310
0 0 0 0 0 0 0 0 0 0 0 0
1166 705 705 2558 570 705 705 570 1166 570 705 705 2559 570 1166 570 570 570 1166
0 0 0 0 0 0 0 0 0 0 0 0
311 2560 706 2561 311 1932 2562 706 311 1933 706 1932 1934 2563 1935 2564 2565 311 311 1935 311 2566 706 2567 311 706 706 311 2568 1934 2569 311 1933 311 2570
1548 1936 2571 1167 1167 1549 1936 1549 1167 1548 1167 1548 1549
921 2572 571 571 921 2573 921 1168 571 571 571 2574 1168 571 921 1168 1168 921 571
25 39 39 39 25 25 39 25 25 25 25 707 25 39 39 25 25 39 39
98 38 38 38 38 47 47 47 98 433 98 38 47 38 47
0 0 0 0 0 0 0 0 0 0 0 0
1169 1169 2575 708 708 708 1937 1550 708 1550 1169 2576 1550 708 2577 708 1169 1937
454 156 156 156 156 454 156 156 156 156 454 454
91 119 119 91 91 119 91 922 119 923 924 91
1551 709 710 2578 710 2579 925 1170 925 2580 2581 2582 710 709 925 925 710 709 2583 709 709 709 1551 1170 2584 1170 1551 710 925 2585 2586 1170 710
926 927 927 926 926 2587 1938 926 2588 927 1938 1552 1552 2589 2590 927 927 1552 926
928 928 2591 2592 455 455 2593 2594 572 455 455 455 572 572 455 928 455 572 572 928 572 572 928 455
109 22 43 22 43 43 22 43 109 22 22 22
711 1939 456 711 312 312 312 456 711 712 312 712 456 312 456 712
929 2595 1171 1553 1172 573 573 2596 1553 1172 2597 573 1171 929 1171 2598 2599 1171 1554 2600 573 573 2601 1172 1554 1172 2602 573 1554 1553 929 929 929 573
713 2603 714 1940 713 714 1940 457 714 457 714 714 457 457 713 713 713 714 457 713 457 457 457
930 574 574 930 1173 930 1173 2604 574 1173 930 574 930 1173 574 2605 574 574
6 8 6 8 6 6 6 6 64 8 8 8
2606 931 2607 932 1555 1174 2608 931 1556 932 931 1941 2609 1175 1557 1556 932 932 2610 1174 575 932 1942 2611 575 2612 2613 1174 575 2614 575 1557 575 1175 931 1174 1941 1175 2615 1175 2616 931 2617 1558 1943 1942 2618 1556 2619 575 1558 1555 1558 1943 1557 1555 575 2620
4 4 4 4 4 4 4 4 4 4 4 4 4 4 4
180 715 180 715 180 180 180 180 715 180 180 715 715 715 2621 180 180 180 180 180 180 180
157 157 157 157 157 157 382 157 382 382 382 157 157 382 157 382 157 157 157 157 382 2622 382 157 157 382
0 0 0 0 0 0 0 0 0 0 0 0
313 203 203 313 1559 313 203 313 1559 203 203 203 1559 203 203 313 203 313 313 313 203 203 203 2623 203 313 313 203
0 0 0 0 0 0 0 0 0 0 0 0
22 43 43 22 22 109 109 43 22 22 43 22
1560 458 1944 1945 458 576 1946 576 2624 1561 458 716 576 458 576 576 2625 1562 716 2626 458 716 1946 716 2627 458 1562 716 458 2628 1561 1945 2629 716 1561 1560 576 458 1562 2630 576 1944 2631 1560
314 314 314 314 1563 314 314 314 1563 314 1563 314 314
577 1947 933 1564 577 577 577 933 1564 1947 2632 2633 577 577 933 577 1564 933 2634 933 2635
1176 1177 2636 1176 1177 934 1176 1177 2637 934 934 1177 934 2638 2639 2640 2641 934 1176
2642 1565 935 1565 935 935 1565 2643 935 2644 1948 935 2645 2646 1948
2647 578 1178 578 578 936 936 937 2648 937 936 938 2649 578 1566 938 578 1178 938 1178 2650 2651 578 2652 2653 1567 578 1949 2654 1567 1566 937 936 1178 938 1949 938 937 937 936 1566 1567 2655
1568 939 1179 1180 939 1568 1180 940 1179 2656 2657 939 940 940 940 2658 939 940 1179 1179 939 1180 2659 2660 1180 1568
2661 579 1181 1182 579 1182 459 459 2662 459 459 459 579 1569 579 579 579 459 1182 1182 459 1181 459 2663 1181 2664 1569 1181 579 1569
1570 383 1571 383 383 383 383 383 1571 1572 1572 1570 1572 383 2665 383 1571 1570 383
2666 2667 460 460 2668 1573 460 1574 460 1573 2669 460 1574 941 941 941 2670 1573 460 941 2671 460 2672 941 2673 1574 460
384 1950 1183 717 384 384 384 1950 1183 384 717 717 717 2674 1183 717 384 384 1183 384 384 717
234 99 158 158 158 99 99 234 1184 99 234 99 99 158
3 3 3 3 3 3 3 3 3 3 3 3 3 3 3 3 3 3
120 159 120 120 120 159 120 120 1951 120 120 159 120 159 159 159 120 159 159
2675 235 235 236 1952 1185 236 236 235 235 1952 236 235 236 236 235 1185 235 235 235 235 1185 1185 235 236 236 235 236 236 236 2676 236
1109 197 1109 420 197 197 197 420 420 197 197 197 420
315 580 461 315 580 580 315 461 315 1575 315 1575 315 580 580 315 315 461 461 315 1575 461 2677 580 580 461 461 461 315
942 1576 942 1186 1953 942 1186 942 942 1576 1576 1186 1186 1953
61 61 61 237 237 61 61 61 61 61 1187 61 61 237 61 61 61 61 61 237 61 1187 237 237
17 46 17 17 46 17 46 17 304 17 46 17 17
9 9 9 9 9 9 9 9 9 9 9 9 9 9 9 9 9
3 3 3 3 3 3 3 3 3 3 3 3 3 3 3 3 3 3
6 6 8 6 6 6 8 8 6 64 8 8
943 944 581 2678 943 581 944 2679 581 943 944 943 944 1954 581 581 943 1954 944 581 581
0 0 0 0 0 0 0 0 0 0 0 0
37 51 37 37 51 667 51 37 37 37 51 37 51 37 51
137 137 718 2680 137 1188 718 1188 137 718 137 1188 718 718 137 137 137 137 137 2681 137 2682 137 137 718 137 137 137 1188 137 137
2683 1577 1955 945 945 1578 1577 2684 1578 945 1577 945 1955 945 1578
0 0 0 0 0 0 0 0 0 0 0 0
316 946 946 316 946 316 946 316 1956 316 316 316 316 946 316 1956 316
0 0 0 0 0 0 0 0 0 0 0 0
1189 1579 1957 2685 582 1189 582 582 1579 1189 1579 582 582 582 2686 2687 582 1957 1189
947 317 317 947 947 947 947 317 317 2688 317 317 317 1958 2689 317 1958 317 2690 317
2691 2692 1580 1581 1580 719 1581 2693 1580 2694 719 1581 719 719 719 719 2695 2696 2697
31 31 31 31 41 52 41 41 52 52 31 31 41 41 52 380
35 35 35 27 27 152 35 27 27 27 35 152 27 27 35
2698 385 318 385 318 385 318 385 318 385 318 1959 318 720 318 720 720 318 720 318 1959 318 385 385 385 720 2699 385 720
61 61 61 237 237 61 61 61 61 61 1187 61 61 237 61 61 61 61 61 237 61 1187 237 237
138 721 721 100 100 138 100 100 138 138 100 138 100 100 138 100
9 9 9 9 9 9 9 9 9 9 9 9 9 9 9 9 9
1190 62 121 62 62 62 62 121 121 62 121 62 62 121
1582 2700 722 722 1191 1582 1191 722 1191 722 722 1191 1582 722
22 22 43 43 22 22 22 22 109 43 43 109
1847 431 1120 432 432 432 431 1120 431 431 432 1848
48 48 48 48 48 48 48 48 462 48 462 48
6 8 6 6 8 8 6 6 6 8 8 64
139 139 139 139 139 139 723 139 2701 723 139 139 1192 1192 139 139 139 139 723 139 139 139 1192 139 1192 723 139 723 723 2702 2703
0 0 0 0 0 0 0 0 0 0 0 0
115 115 115 228 115 228 115 228 228 115 228 115 1130 1130 228 115 115 115
1583 463 724 1193 463 2704 463 724 2705 463 724 1193 1193 2706 463 463 724 463 1193 463 1583 724 724 1583
177 178 177 178 177 177 177 178 688 688 178 178
12 174 19 12 19 12 12 19 12 19 12 19 12
5 5 5 5 5 5 5 5 5 5 5 5 5 5 5 5 5 5 5 5
1960 1584 2707 2708 1961 1961 2709 1585 1584 2710 1960 2711 1962 2712 2713 1585 1584 1585 1962
160 160 160 725 726 160 160 725 160 725 160 725 160 160 160 2714 160 160 726 160 160 726 725 726 726 160 2715 160 725 726 2716
319 204 204 204 319 464 464 464 319 204 204 464 1963 204 204 319 319
1194 948 948 727 1586 1587 948 1194 1194 1586 2717 727 727 1586 727 727 1964 1587 727 1194 948 1587 948 1964
1195 1195 2718 1588 1589 465 465 1195 465 465 1588 465 2719 1195 1589 1589 465 465 2720 1588 465 2721
1196 466 1590 1196 1590 466 1196 1590 466 466 466 466 466 466 1196
230 154 230 154 154 230 230 154 154 230 230 154 154 154
467 467 1197 1197 467 467 467 1197 467 2722 1965 1197 467 1965 467
36 36 36 422 36 36 36 36 36 36 36 36 422 36
1198 949 950 2723 1966 1198 1198 950 2724 949 1966 950 2725 950 950 949 1198 949 949
200 436 200 308 436 436 436 1137 308 200 200 200 1137 200 308 308 308 200
33 33 65 65 902 65 33 33 33 33 33 65 65 33 65 33 33
2726 468 468 1967 728 1199 728 2727 583 728 2728 583 728 1967 1199 583 583 468 468 583 2729 583 468 468 1199 1199 1968 1968 728 468 468 728 583 2730
729 729 729 729 1969 1591 1200 729 1591 1591 729 1200 2731 1200 1969 1200
2732 2733 2734 951 951 2735 951 2736 2737 951 2738 2739 951 2740 2741
1201 1201 320 1592 320 730 320 320 320 320 1201 2742 320 1592 730 730 1201 320 2743 2744 730 1592 320 730 320 730
19 12 12 19 19 12 12 174 12 12 19 12 19
1970 2745 731 2746 1971 1593 731 2747 1970 731 1971 1594 1593 1972 1973 2748 731 1973 1594 2749 731 2750 731 1593 1594 1972
12 12 19 174 12 19 19 19 12 12 12 12 19
289 289 289 952 289 321 321 469 321 952 321 469 289 289 321 321 321 469 289 289 469 2751 289 952 321 289 469 289 469 469 321 952 469 952 321
3 3 3 3 3 3 3 3 3 3 3 3 3 3 3 3 3 3
1974 1595 2752 2753 470 470 470 1974 732 733 470 470 733 732 733 732 470 733 1595 733 732 470 732 732 470 733 1595
181 1596 471 1596 1975 181 181 181 1975 181 471 181 181 181 2754 181 2755 471 181 181 471 181 471 1596 471 181 471 471 181 181
25 39 25 25 25 25 39 39 25 25 707 25 25 39 39 25 39 39 39
953 953 1976 472 954 472 953 472 472 1976 472 1597 2756 954 2757 1597 953 954 472 472 954 1597 953 954 472
0 0 0 0 0 0 0 0 0 0 0 0
44 77 77 111 44 44 77 44 77 44 111 111 44
584 585 2758 584 2759 734 473 1977 2760 473 1977 584 734 734 473 734 584 1978 585 473 1979 585 584 2761 585 1979 473 734 1978 734 473 585 473 585 2762 584 584 585 473 2763
2764 955 955 2765 1980 1202 2766 955 1980 2767 955 1202 1981 1202 1202 955 1981
7 7 7 7 7 94 13 13 7 13 13 7
16 16 567 16 16 16 16 16 16 16 16 16 16
1598 735 735 735 735 1203 1598 735 2768 1203 2769 1203 735 1598 1203
1982 736 736 1599 1599 1983 736 736 1204 1204 1599 1204 1204 2770 736 736 1983 1982
15 15 15 15 15 15 15 15 15 15 15 15 15 684 15
27 27 35 27 27 35 152 27 35 27 35 152 35 35 27
121 62 62 121 121 62 62 62 62 121 62 121 62 1190
956 1600 1205 322 1205 322 1206 1206 737 322 322 956 322 1600 322 956 737 322 322 1205 956 737 737 322 2771 737 1600 1205 1206 956 2772 1206 737 322
1984 738 1984 323 738 323 323 323 738 323 738 323 738 323 738 323 323 323
52 52 31 31 31 52 31 41 41 31 41 31 380 52 41 41
27 27 35 35 152 27 27 35 35 27 27 35 152 35 27
0 0 0 0 0 0 0 0 0 0 0 0
22 43 43 22 22 109 109 43 22 22 43 22
739 739 474 739 740 1207 1985 1208 740 957 740 741 1986 741 1207 1209 2773 741 957 2774 1209 1207 474 741 740 1986 739 741 740 474 957 1208 1987 1985 474 1208 474 474 1208 2775 957 2776 739 474 1209 740 1207 1209 2777 474 741 739 957 2778 1987 2779
2780 2781 742 2782 1988 586 1601 742 586 742 1988 586 1602 1601 1989 586 1990 1989 586 742 586 1990 1602 586 742 2783 742 1601 1602 2784
2785 1991 1992 1992 2786 587 1991 2787 587 1993 1210 587 587 1993 1210 1994 1210 587 587 1210 587 1994
9 9 9 9 9 9 9 9 9 9 9 9 9 9 9 9 9
3 3 3 3 3 3 3 3 3 3 3 3 3 3 3 3 3 3
21 11 21 11 11 21 11 11 21 11 11 201 21 11
35 35 35 27 27 152 35 27 27 27 35 152 27 27 35
95 1110 114 1111 303 114 114 95 95 114 95 1110 114 303 114 114 95 114 95 1111 95 303 303 95 114 95 95 95 95 114 303
58 58 58 140 58 140 58 58 140 58 58 58 1603 140 140 58 140 58
743 958 743 958 743 1604 1604 743 958 743 1604 958 2788 2789 2790 743 958
1605 1605 1605 1995 1211 2791 1211 1996 2792 2793 1997 2794 1996 1606 1606 1211 1997 1995 2795 1211 1606 2796
0 0 0 0 0 0 0 0 0 0 0 0
1607 744 2797 1212 1212 1607 2798 1607 744 1212 2799 1212 744 2800 744 744 744
122 475 122 475 475 1998 122 475 122 122 122 122 122 122 122
19 19 19 12 19 12 12 12 19 12 174 12 12
35 152 152 35 27 35 35 27 27 27 35 35 27 27 27
386 1213 1999 1213 386 2801 1999 1608 386 1608 386 1213 386 386 1608 1213 386 386 386
4 4 4 4 4 4 4 4 4 4 4 4 4 4 4
110 110 651 110 171 651 110 110 171 110 171 110 171 171
2802 745 324 324 745 745 745 745 324 324 324 324 324 745 324 324 324
0 0 0 0 0 0 0 0 0 0 0 0
0 0 0 0 0 0 0 0 0 0 0 0
959 2803 2804 2000 2000 959 2805 2806 1609 2807 1609 959 959 959 1609
7 7 13 13 7 7 7 94 7 13 7 13
41 52 41 41 31 380 31 52 31 31 31 31 52 41 52 41
14 20 14 20 14 20 14 20 223 20 14 14 14 20
6 6 8 6 8 64 6 8 8 6 6 8
2001 476 1214 2002 476 746 2001 746 476 1214 476 746 476 746 746 476 1214 746 476 476 2002 1214
747 2808 1215 748 1216 2809 2810 748 747 1215 747 1216 1216 748 748 2811 748 1216 747 748 747 1215 747 1215
588 477 477 477 1217 1217 588 588 477 477 588 1217 477 588 588 2812 477 588 477 1217
9 9 9 9 9 9 9 9 9 9 9 9 9 9 9 9 9
2813 2814 2815 960 961 1218 960 589 2816 2817 589 961 960 589 2003 960 2004 2818 589 1219 961 1218 589 1220 2005 1218 961 1219 2003 1220 2819 2820 2821 589 589 1220 961 1219 2822 1219 2004 1218 2823 1220 2005 960
65 33 33 33 65 33 33 33 65 65 33 33 65 33 33 65 902
668 429 668 430 430 1119 668 430 429 1119 1846 429 429 430
116 40 116 40 40 40 40 116 306 40 40 116 40 306 40
749 750 749 2824 749 750 962 962 2006 749 2006 962 750 750 750 750 962 749 749 1221 1221 962 1221 2825 1221
1222 1610 2826 2007 1222 963 963 1610 1610 1222 1222 963 963 2007 963
77 77 44 44 111 44 44 77 111 44 44 111 77
1223 218 1611 2008 218 2827 2828 2829 2830 2831 1612 2832 218 218 2009 1224 1223 2833 2008 2009 1223 1613 218 218 218 2834 2010 964 218 2835 1224 1224 1223 964 2836 218 218 2837 218 1613 1224 2010 2838 964 2839 2840 964 964 2841 2842 1613 2843 1612 2844 218 2845 1611 1611 1612 218
325 751 751 1225 325 325 2011 325 325 1226 751 1225 1226
965 2012 965 965 2846 965 2013 2013 1614 1614 2847 2014 1614 2014 2848 965 2012
78 78 78 78 78 1883 78 78 438 78 78 438 78 78 78 438 438 78 78
13 7 7 7 7 13 7 7 7 13 13 94
2849 478 2850 478 2015 478 2015 2851 1227 2852 478 2853 1227 2854 2016 478 1227 2855 2017 2856 2018 2857 2016 2018 478 2017 2019 1227 478 478 2019
290 290 290 590 290 590 590 290 590 290 2020 290 290 590 290 290 2020 290 590 590
456 712 711 712 312 312 711 1939 456 312 456 712 711 312 312 456
37 51 51 51 37 51 37 51 51 667 37 37 37 37 37
752 752 752 1228 2858 2859 1228 591 1228 591 752 591 752 752 591 2860 1228 591 591 591
325 751 751 1225 325 325 2011 325 325 1226 751 1225 1226
15 15 15 15 15 15 15 15 15 15 15 15 15 684 15
199 305 199 199 227 305 305 199 227 305 1854 227 227 199 305 199 227 227 199
753 966 966 2021 2861 2862 2021 966 753 753 753 753 966 753 966
35 152 152 35 27 35 35 27 27 27 35 35 27 27 27
141 141 141 141 141 141 141 141 141 141 2022 141 141 141 141 141 141 141 2022 2863 141
2023 479 2864 2024 2023 2025 479 2026 2025 479 479 479 479 479 2026 479 2024
205 205 205 205 205 205 205 205 205 205 205 205 205 205
1229 754 754 2865 754 1229 1229 1229 2866 754 754 754 2867 2027 2027
0 0 0 0 0 0 0 0 0 0 0 0
2868 2869 755 756 2870 2871 2028 755 755 756 755 756 755 2028 755 756 756 756
161 161 2029 161 161 206 206 161 206 206 206 161 161 206 206 161
291 291 1230 291 1230 291 291 291 291 1230 291 291 2872 291 291 1230
116 40 116 40 40 40 40 116 306 40 40 116 40 306 40
12 19 12 174 12 19 19 12 12 12 19 19 12
0 0 0 0 0 0 0 0 0 0 0 0
6 6 8 8 8 6 6 8 6 64 6 8
1615 1231 1232 967 1231 967 1231 1616 1615 2873 967 967 1615 2030 2874 1232 1232 1231 2875 2031 2032 1232 2876 2877 2032 2033 2034 2030 2033 1616 2878 2879 2880 1616 2881 2882 2883 2031 967 2884 2034
57 57 81 1499 81 57 81 81 57 81 81 1500 57 57 57 81 112 112 112 112 57 57 81 57 112 112 1501 57 1502 112 81
1233 1617 2885 480 1617 480 480 480 2886 1233 2035 1617 480 1233 1233 480 2887 2035 480 480
0 0 0 0 0 0 0 0 0 0 0 0
1234 326 326 1234 1234 326 1234 2036 326 2036 326 326 326 2888 326 2889 326 326
94 7 13 7 13 7 7 13 7 7 7 13
2037 1235 1236 1235 1236 1236 1236 1235 2037 2038 1235 2038
454 156 156 156 156 454 156 156 156 156 454 454
161 206 161 2029 161 161 161 206 206 206 206 161 161 206 206 161
17 17 17 46 46 17 17 17 304 17 46 46 17
48 48 462 48 48 48 48 48 48 462 48 48
2890 968 327 327 1237 327 1237 327 1237 327 327 968 968 1237 327 968 968 327 327 327
3 3 3 3 3 3 3 3 3 3 3 3 3 3 3 3 3 3
757 481 758 2891 758 1618 758 481 2892 481 758 757 481 757 757 1618 1618 757 481 481 758 481 2039 758 2039 757 2040 2040 481
482 483 482 1238 484 1238 482 483 483 484 162 162 482 162 484 162 162 162 162 483 162 484
16 16 567 16 16 16 16 16 16 16 16 16 16
0 0 0 0 0 0 0 0 0 0 0 0
43 109 109 43 43 22 22 22 22 22 43 22
177 178 178 178 177 177 177 177 178 688 688 178
759 969 2893 1619 759 328 328 2894 328 328 2895 1619 328 969 759 1619 328 328 759 328 969 969 759 328 969 759 328
207 207 485 2041 207 207 207 207 207 485 2042 485 485 2043
1239 592 1240 2044 1239 1239 592 2045 2044 592 1239 592 1240 1620 2896 1240 1620 1240 592 2897 2898 592 592 2899 1620 2045
2900 760 2901 2902 1241 760 2046 2903 970 970 970 2046 2904 1621 2905 760 1622 2906 1241 2907 970 1621 2047 2908 2047 970 2909 2910 760 760 1621 1241 2048 2911 2048 971 2912 971 971 2913 2914 1241 1622 2915 2916 971 2917 2918 2919 2920 971 2921 760 1622 2922
0 0 0 0 0 0 0 0 0 0 0 0
972 329 329 2923 1242 973 973 1623 2924 2925 2926 972 329 1243 329 329 761 761 1242 2927 1243 761 2928 761 329 972 1242 1243 973 972 973 329 1623 973 761 1243 329 761 2929 329 1623 329 972 1242
118 118 118 704 1164 118 118 704 1164 118 118 118 704 118 118
0 0 0 0 0 0 0 0 0 0 0 0
0 0 0 0 0 0 0 0 0 0 0 0
8 8 8 64 6 6 6 6 8 6 8 6
58 58 140 58 140 1603 58 140 58 58 58 140 58 58 140 140 58 58
762 1624 762 762 2049 1625 2050 593 593 2049 593 974 593 974 593 1624 1626 2930 1625 1624 762 974 762 593 974 593 974 1626 1626 1625 2931 762 2050
238 238 238 238 486 208 486 208 208 238 208 486 2051 486 208 208 208 238
763 387 387 387 2932 387 387 763 387 763 2933 387 387 763 387 763 763 2934
482 483 482 1238 484 1238 482 483 483 484 162 162 482 162 484 162 162 162 162 483 162 484
62 1190 62 62 62 62 62 121 62 121 121 121 121 62
17 17 17 17 46 46 17 17 17 17 46 46 304
1244 1245 1244 2052 2935 975 975 975 975 2936 2937 1245 1245 2938 975 2053 2052 1244 2053 2939 1244 1245 2940
110 171 110 110 171 651 110 110 651 110 171 171 110 171
14 20 20 14 20 14 20 20 14 223 14 20 14 14
1246 1247 594 1248 1248 1247 2941 2942 2943 2944 2945 1247 1246 2946 2947 594 2948 594 2949 2950 2951 2952 2054 2953 1247 2054 594 2954 2955 594 594 2956 1246 1246 594 2957 1248 1248
2958 976 1627 1249 1628 976 1627 1628 1249 1628 1629 1249 1627 1249 1629 976 976 976 1629
14 14 20 223 20 14 20 14 20 14 14 20 14 20
0 0 0 0 0 0 0 0 0 0 0 0
1922 449 449 1921 449 1920 155 155 449 155 155 155 155 155 155
0 0 0 0 0 0 0 0 0 0 0 0
5 5 5 5 5 5 5 5 5 5 5 5 5 5 5 5 5 5 5 5
209 209 209 1250 2959 1250 209 1250 209 209 209 209 209 1250 209 209 209 209 209
3 3 3 3 3 3 3 3 3 3 3 3 3 3 3 3 3 3
487 2055 487 2960 2961 487 1630 487 487 1631 1632 487 2962 1630 1632 1631 487 487 1630 1631 1632 2055 2963
977 977 488 1633 488 488 977 977 977 488 1633 488 488 2964 2965 488 2966 488 1633
233 702 702 1162 233 1163 702 233 1931 233 233 1162 1163 233
64 6 6 8 6 8 6 8 8 6 6 8
20 20 14 20 14 20 14 20 14 223 14 14 14 20
2967 764 330 330 330 764 764 765 330 330 764 2056 330 765 764 330 764 330 765 765 765 330 2056 330 765 2968
766 595 595 2969 767 2970 766 2971 767 2972 1251 2057 1252 2058 978 766 2059 2973 978 767 2057 595 1634 2974 978 596 1635 2975 1251 1252 1634 2976 767 2977 2978 2979 2980 596 2981 978 596 596 2982 2983 767 2984 1634 595 1635 1251 595 2985 2986 767 2059 2987 595 766 978 1253 1252 2988 766 1251 2989 595 2990 2991 596 766 2992 1252 2993 2994 1635 2995 2996 596 2997 1253 596 1253 2058 1253
37 51 51 37 51 37 37 37 51 37 37 37 51 667 51
1254 979 1254 1254 979 1636 1254 1636 2060 1637 979 2998 1637 979 1636 2060 979 1637
2061 1638 980 980 768 1639 768 1639 2999 768 3000 981 1638 3001 3002 981 768 3003 3004 981 1639 3005 3006 2061 768 1638 3007 981 980 980 3008 980 768 3009 3010 981
3011 489 489 597 489 489 597 489 489 597 597 489 597 597 489 597
331 331 3012 1640 331 1640 331 331 331 331 331 331 331 1640
1255 769 1255 1641 3013 769 1641 1255 769 3014 3015 769 3016 1641 3017 769 3018 769 1255
3 3 3 3 3 3 3 3 3 3 3 3 3 3 3 3 3 3
3 3 3 3 3 3 3 3 3 3 3 3 3 3 3 3 3 3
1256 332 982 332 982 3019 332 1256 982 332 332 332 332 1256 332 982 332 982 1256 332
770 333 333 3020 333 1642 2062 333 333 333 771 770 770 333 1257 771 3021 771 770 1642 1642 770 333 1257 333 333 770 1257 1257 771 771 771 2062
772 334 101 334 101 101 334 334 101 101 334 772 101 2063 101 101 101 101 772 101 101
2064 3022 3023 182 1643 1644 3024 3025 1258 1645 1646 182 3026 2065 182 182 182 1647 1648 2064 182 773 1259 2066 182 1647 182 1644 182 773 1644 2067 1259 1643 1258 182 1648 2066 1647 1648 182 773 182 2065 2068 773 2068 1258 3027 182 182 1645 1259 1645 1646 1258 1259 3028 3029 1643 1260 3030 1260 1260 2067 1260 773 773 182 3031 3032 1646
2069 2070 3033 2071 490 1649 490 3034 1650 3035 1650 490 1649 490 2071 490 3036 2069 3037 1649 490 2072 3038 2070 3039 490 1650 490 2072
598 335 598 335 335 2073 335 335 335 335 2073 598 598 598 335 598 335 335 598
7 13 13 7 13 94 7 7 13 7 7 7
983 983 1651 983 1261 3040 983 1261 983 984 984 1651 984 1651 1261 984 984 1261 3041
19 12 12 19 12 19 174 19 12 19 12 12 12
1652 985 985 1652 3042 985 1652 2074 2075 985 3043 985 3044 3045 2074 2075
219 599 599 3046 3047 219 2076 1262 774 1653 1263 1264 599 1653 3048 3049 336 336 3050 1653 219 3051 3052 986 3053 599 3054 336 219 1263 986 3055 1654 1265 1266 2077 1262 774 3056 2078 2079 1262 987 988 987 1655 3057 491 3058 2080 3059 3060 987 1266 3061 336 1656 774 1264 219 986 491 336 491 1266 1264 3062 1263 336 986 599 219 219 774 219 219 336 3063 1266 988 988 2077 3064 987 2080 3065 219 988 3066 3067 1656 3068 2076 1262 2078 1654 3069 219 3070 3071 3072 219 599 491 1263 3073 1265 3074 491 774 1264 774 2079 1655 491 988 599 3075 3076 336 3077 491 1265 3078 491 336 219 1656 3079 336 1265 3080 987 986 1655 1654
0 0 0 0 0 0 0 0 0 0 0 0
3081 1267 1657 2081 2081 3082 600 1658 1658 600 600 1657 600 1657 1267 1658 600 600 3083 600 1267 1267
0 0 0 0 0 0 0 0 0 0 0 0
3084 388 388 989 990 388 2082 775 990 775 388 775 388 775 989 2083 990 989 1268 2082 1268 775 990 990 1268 989 2083 989 388 388 388 1268 775 3085 388 3086
292 163 163 163 163 292 163 163 163 292 163 163 163 292 292 163 163 163 292 3087 163 292 292 292 163 292 292 163
1659 3088 1659 776 3089 3090 776 2084 776 2084 3091 1659 776 776 776
2085 1269 3092 3093 991 2085 1269 1269 1270 991 3094 2086 1271 991 1271 991 991 1271 3095 1270 1269 2086 1270 3096 3097 1270 1271 3098
992 2087 992 3099 1272 992 2087 992 1272 1272 992 3100 1272
389 210 389 210 210 210 210 389 210 210 389 389 389 210 210 389 3101 210 210 389 210 210 210 389
601 601 3102 1660 3103 993 1273 337 777 3104 601 337 2088 3105 993 777 993 337 777 2088 3106 3107 1273 1274 601 337 337 3108 1660 601 993 3109 1274 3110 3111 337 337 777 1661 3112 1661 2089 777 1274 601 993 337 777 3113 601 3114 3115 3116 1661 3117 337 2089 1274 337 1273 3118 3119 3120 1273 1660 3121
0 0 0 0 0 0 0 0 0 0 0 0
602 602 3122 1275 338 778 3123 3124 602 338 3125 994 994 994 338 3126 1275 1276 602 3127 994 778 778 602 3128 1276 3129 994 338 1662 338 1663 1663 3130 1276 602 338 778 338 3131 3132 1663 1662 338 1276 338 602 1275 338 3133 1662 1275 3134 778 778
0 0 0 0 0 0 0 0 0 0 0 0
116 40 116 40 40 40 40 116 306 40 40 116 40 306 40
7 7 7 7 13 94 7 13 13 13 7 7
232 232 232 686 1899 232 232 1149 1149 686 686 232 1150 687 687 1150 687
22 22 109 22 43 43 22 43 43 109 22 22
1664 492 1664 1665 492 492 492 1665 492 1665 492 492 492 1664
3 3 3 3 3 3 3 3 3 3 3 3 3 3 3 3 3 3
995 339 1666 995 1666 339 339 339 995 339 339 995 339 339 2090 2090 995 3135 1666 339 339
5 5 5 5 5 5 5 5 5 5 5 5 5 5 5 5 5 5 5 5
1667 2091 3136 1277 1277 2092 3137 3138 3139 2093 2092 1277 2091 1667 3140 2093 1277 1667 3141
2094 2095 493 239 493 239 493 239 2096 239 239 239 493
1278 1278 603 603 3142 2097 603 603 2097 1278 1278 603 603 3143 603
102 102 102 102 102 102 340 2098 340 102 102 340 340 340 102 102 102 102
2099 1668 1668 1668 779 3144 779 996 996 996 779 779 2099 779 996 779 996
997 1669 1279 2100 2101 3145 997 2102 3146 997 1279 2102 2101 2100 3147 997 1279 1669 1669 997 1279
2103 293 1280 2104 293 2105 3148 2104 1280 1280 2103 293 293 293 1280 3149 293 293 3150 2105 293 293 293 293
494 220 220 494 220 494 220 220 494 494 220 494 220 220 494 220 220 220 220 3151 220 494
495 1281 1670 495 1281 1281 495 3152 495 780 1670 495 495 1670 2106 780 780 495 2106 780 495 1281 780 780
1282 998 3153 998 1282 2107 998 2108 998 1282 3154 3155 998 2107 2108 1282
44 77 77 111 44 44 77 44 77 44 111 111 44
341 2109 123 123 123 123 341 123 123 341 123 341 123 123 341 123
1283 3156 1284 1285 1283 3157 2110 999 1285 999 999 999 1285 1284 1283 1283 1284 2110 999 1284 3158 1285
1286 1000 1671 1286 1000 1671 1286 1286 1671 1000 1000 1000
1287 390 604 390 3159 1287 2111 1672 3160 390 3161 390 3162 390 3163 1672 1287 604 3164 2112 2112 3165 3166 390 1672 604 3167 390 390 604 390 1287 604 604 2111 3168 604
0 0 0 0 0 0 0 0 0 0 0 0
700 1929 1930 700 701 701 450 701 450 450 450 700
294 294 342 342 342 342 294 3169 294 342 342 294 294 342 294 294 342 342 294 342 294 294
113 66 66 113 66 1673 66 66 113 66 66 113 113 66 113 66 66 113
11 21 11 11 11 11 21 201 11 21 11 21 21 11
91 923 119 91 924 922 119 91 119 91 119 91
0 0 0 0 0 0 0 0 0 0 0 0
343 343 343 3170 3171 1001 343 1002 1002 343 1002 1001 1001 1002 343 343 343 343 1001 1002 3172 343 1001
3173 164 164 164 164 164 1003 164 164 164 164 164 164 164 1003 164 164 1003 1003 1003 164 164
781 605 781 3174 605 1288 1288 3175 781 605 781 1288 1288 781 605 781 605 605 605 3176
5 5 5 5 5 5 5 5 5 5 5 5 5 5 5 5 5 5 5 5
0 0 0 0 0 0 0 0 0 0 0 0
26 26 26 26 26 782 26 26 142 26 26 142 142 26
32 49 32 23 49 23 32 221 23 23 32 23 49
38 47 98 38 38 98 38 98 47 47 38 433 38 47 47
143 240 143 240 143 143 391 240 240 391 143 391 143
3177 1289 1004 1674 1290 1004 1289 1004 3178 1674 1289 1004 1675 1675 1674 1290 1290 1290 3179 1004 1675 1289
23 32 32 32 221 49 23 49 23 49 23 23 32
241 1005 1676 241 241 1677 1005 241 241 1677 241 3180 241 241 2113 1005 241 1677 3181 1676 241 1676 1005 241 241 2113 1005
103 63 63 63 103 103 103 103 63 63 63 1291 63 103 63
6 64 8 6 8 6 6 8 8 6 6 8
26 26 782 26 26 142 142 26 26 26 26 142 26 26
165 165 124 104 165 124 104 104 104 124 104 124 124 104 165 1292
2 2 2 2 2 2 2 2 2 2 2 2 2 2 2 2 2 2 2 2 2 2 2 2 2 2 2
496 1293 2114 3182 1294 1678 496 496 3183 242 1678 242 242 1678 242 2114 1294 496 242 242 3184 1293 3185 496 496 1294 242 242 3186 242 1294 242 1293 496 1293 496 242 242
783 243 783 243 783 243 243 243 243 3187 783 243 243 243 243 783 243 243 783
92 344 784 92 92 344 92 344 92 1679 92 344 784 92 92 92 92 92 92 3188 344 92 344 92 92 784 784 344 92 92 92 92 92 1679 784 92 3189 1680 784 1679 344 92 92 1680 92 3190 1680 92 344 344
0 0 0 0 0 0 0 0 0 0 0 0
4 4 4 4 4 4 4 4 4 4 4 4 4 4 4
244 244 244 1006 244 1681 244 244 244 244 1006 244 1006 3191 1681 1006 1681 244 244 1006 244
1295 245 3192 245 245 1007 2115 2115 2116 245 345 1295 245 245 3193 245 1295 245 1007 1007 345 1007 345 345 345 345 1295 345 245 1007 345 3194 245 245 3195 345 245 345 2116
32 23 49 221 23 49 23 23 32 49 32 23 32
24 24 24 24 105 24 105 24 24 24 105 497
346 346 1008 346 346 1296 346 346 1296 346 3196 346 1008 1296 346 346 1296 3197 1008 1008 3198 1008
246 785 785 246 246 785 1009 246 246 1297 1009 246 785 1009 1297 1009 246 246 246 246 785 1009 1297 785 246 1297 246 3199
247 247 2117 247 1298 2117 247 1298 247 247 3200 247 247 247 1298 247 1298 247 247
1 1 1 1 1 1 1 1 1 1 1 1 1 1 1 1 1 1 1 1 1 1 1 1 1 1 1 1 1 1
4 4 4 4 4 4 4 4 4 4 4 4 4 4 4
248 144 248 392 144 144 392 144 1682 248 144 1683 248 392 144
248 248 144 144 1682 248 1683 144 248 144 392 144 392 144 392
606 347 347 606 1299 3201 1299 347 606 347 606 347 347 3202 1299 347 3203 347 1299 606 347 347 606 606
7 94 7 7 13 7 7 13 13 7 7 13
786 1684 1684 3204 1300 786 786 786 786 1684 786 1300 1300 3205 3206 1300
6 8 6 8 64 6 6 8 6 8 8 6
22 43 43 22 22 109 22 22 43 22 43 109
8 8 6 8 6 8 8 6 64 6 6 6
211 211 211 787 211 498 498 211 498 787 211 211 498 787
10 10 10 10 10 10 10 10 10 10 10 10 10
212 212 249 212 212 2118 249 249 212 212 212 249 249 249
100 138 138 138 100 721 138 100 100 100 138 721 100 100 100 138
1685 1301 1685 1302 1301 1685 3207 1302 3208 1302 1301 1302 1301
788 1686 1686 1686 1303 1303 788 788 788 1303 788 3209 788 1303
1 1 1 1 1 1 1 1 1 1 1 1 1 1 1 1 1 1 1 1 1 1 1 1 1 1 1 1 1 1
348 348 348 348 2119 348 348 348 348 348 3210 348 2119
125 125 1304 125 789 789 1304 125 125 125 789 125 3211 125 125 125 125 125 125 125 789 125 125 1304 789 125 125 1304 125 789 125
143 240 143 240 143 143 391 240 240 391 143 391 143
42 42 42 42 42 117 42 117 42 42 916 42 117 117
20 14 20 14 20 14 14 223 14 20 14 20 14 20
104 124 124 104 165 165 165 1292 124 124 104 124 165 104 104 104
42 42 117 42 42 117 117 117 42 42 42 42 42 916
8 6 6 8 6 8 8 6 6 64 8 6
67 67 53 53 790 67 53 67 53 53 67 53
250 393 250 250 68 68 68 68 68 393 68 68 393 68 68 1687 250 68
2 2 2 2 2 2 2 2 2 2 2 2 2 2 2 2 2 2 2 2 2 2 2 2 2 2 2
19 19 12 19 12 19 19 12 12 12 12 174 12
499 499 3212 499 3213 499 791 791 791 3214 499 499 499 499 791 791 791
101 334 334 772 334 772 101 101 101 334 101 334 772 101 2063 101 101 101 101 101 101
792 607 792 1688 1688 607 3215 1688 607 3216 792 607 607 792 607 1010 792 1010 1010 607 792 1010 1010
142 26 26 142 26 26 26 26 26 26 142 782 26 26
3217 793 1689 793 2120 1690 3218 793 1690 1691 3219 1691 1691 793 3220 2120 793 1689 793 1690 1689
1 1 1 1 1 1 1 1 1 1 1 1 1 1 1 1 1 1 1 1 1 1 1 1 1 1 1 1 1 1
3221 3222 3223 1692 2121 2122 2122 3224 1693 1693 2123 2121 2123 1692 1693 2124 2124 1692
251 500 251 251 251 251 251 1011 500 251 251 500 1011 1011 1011 251 500 251 1011 251 500 251 500 500 500 3225
1012 83 83 1012 83 83 83 83 83 83 3226 83 83 83 83 83 83 83 83 1012 83 83 83 83 83 83 83 1012 83 83 83 1012
4 4 4 4 4 4 4 4 4 4 4 4 4 4 4
1013 501 501 1013 794 501 501 501 1013 1305 501 1305 1305 794 501 1013 794 1013 794 501 3227 1305 794 794
213 213 213 213 394 394 394 213 394 394 213 3228 213 213 213 394 394 394 213 213 213 213 394 213
16 16 16 16 16 16 16 16 16 16 16 567 16
105 24 24 24 24 105 24 24 24 497 24 105
17 17 17 46 17 17 304 17 17 17 46 46 46
252 252 252 1306 252 252 3229 3230 252 252 252 252 1306 1306 252 1306 252 252
126 126 608 395 126 608 395 395 395 608 126 395 395 395 126 608 126 126 608 395 126 608 126 126 126 126 395 126 126 3231 126 608 126 126 126 126 126
46 17 17 17 17 304 17 17 46 17 17 46 46
11 21 21 11 11 11 201 11 11 11 11 21 21 21
253 609 253 609 253 609 609 253 253 3232 609 253 253 609 253 253 253 253 253 609
18 59 18 426 18 18 59 18 18 59 59 18 18 18 18
319 1963 204 464 319 464 204 319 319 204 204 464 464 204 204 204 319
60 60 60 60 60 60 60 60 60 60 60 60 60 60 60 1927 60
65 33 65 33 65 33 902 33 33 33 65 33 65 33 33 65 33
610 795 254 610 254 795 610 3233 610 254 1014 254 254 254 610 254 1014 254 254 795 610 795 254 795 1014 795 254 254 1014 1014 610
33 33 33 33 65 33 65 33 65 902 65 33 33 65 65 33 33
31 52 380 41 52 41 31 52 31 31 41 52 31 41 31 41
174 12 19 19 12 12 19 12 12 19 19 12 12
1015 1015 611 3234 1016 1015 3235 1016 1016 3236 611 3237 611 1016 1016 1015 1015 611 611 611 611
80 80 2125 80 80 80 80 80 80 80 80 80 80 80 80 796 80 80 796 80 796 80 80 80 80 2125 796 80 80 80 796 80 796 80 80 80
502 255 1307 502 2126 502 797 255 502 255 255 255 797 1307 2127 255 797
1 1 1 1 1 1 1 1 1 1 1 1 1 1 1 1 1 1 1 1 1 1 1 1 1 1 1 1 1 1
122 122 475 122 122 475 1998 122 475 122 122 475 122 122 122
503 798 1017 503 3238 798 503 1017 503 503 1017 798 503 798 798 1017 798 1017 503 503
0 0 0 0 0 0 0 0 0 0 0 0
23 49 49 23 49 32 23 32 32 221 23 23 32
1308 349 3239 799 349 3240 349 2128 349 349 799 3241 349 2129 2129 2130 1694 799 1308 2130 1694 349 3242 349 3243 799 3244 799 1694 349 1308 799 349 2128 1308
1695 800 800 800 800 1695 800 3245 2131 2131 2132 1695 2132 800 3246
38 47 98 47 38 98 38 47 47 47 38 38 98 38 433
106 106 106 106 106 106 106 2133 106 106 504 106 504 504 106 504 106
93 2134 93 612 93 93 93 93 93 93 3247 93 93 93 93 3248 93 612 612 612 93 93 93 93 93 93 93 2135 612 2134 93 2135 93 93 93 3249 612 93 3250 612
1835 301 198 198 198 661 301 198 661 198 301 198 301 661 198 301
0 0 0 0 0 0 0 0 0 0 0 0
1309 1309 1696 1697 3251 1310 1309 1697 1310 1696 2136 1310 2136 1309 3252 1696 1697 1310
6 6 8 8 6 6 8 8 64 6 6 8
1698 1698 1311 801 3253 3254 801 1311 801 1311 3255 801 1698 1311 801 801
25 25 39 39 39 25 25 39 707 25 25 25 39 25 39 25 39 25 39
16 16 16 16 16 16 16 16 16 16 16 16 567
84 84 84 84 84 1312 84 84 84 84 84 84 84 84 84 84 1312 1312 84 3256 84 84 84 84 84 84 84 84 84 84 1312
221 32 32 23 49 23 32 32 23 23 49 49 23
12 12 19 12 174 19 12 12 12 19 19 19 12
3257 295 505 295 295 295 505 505 505 295 295 505 505 295 295 505 295 295 505 295
8 6 64 6 6 6 6 8 6 8 8 8
54 54 54 54 54 54 54 1699 54 54 54 54 54
54 54 54 54 54 1699 54 54 54 54 54 54 54
64 6 6 6 6 6 8 8 8 6 8 8
486 238 208 208 486 208 208 208 238 238 238 486 486 208 238 238 208 2051
99 99 158 234 158 234 1184 234 158 99 99 99 99 158
1313 802 1313 1313 396 1018 396 396 396 1018 396 802 396 802 1018 3258 802 396 1018 396 1018 802 1313 802 396
803 3259 803 3260 803 803 1314 1314 1314 803 1314 803
3261 256 256 804 1019 256 804 804 1019 804 804 256 804 256 1019 256 256 1019 256 256 1019 256 256 256
1315 805 3262 3263 805 3264 613 805 613 1315 805 3265 805 805 613 1315 613 613 1315 613 613
30 30 30 30 662 30 50 50 30 50 30 50 30 50 30 50
1 1 1 1 1 1 1 1 1 1 1 1 1 1 1 1 1 1 1 1 1 1 1 1 1 1 1 1 1 1
68 250 68 68 68 250 68 68 68 68 393 250 68 1687 393 68 250 393
3266 1316 1020 1317 1020 1316 1317 1020 1317 1020 1317 3267 1316 1020 1316
806 806 806 807 807 806 807 3268 807 806 807 807 806
2 2 2 2 2 2 2 2 2 2 2 2 2 2 2 2 2 2 2 2 2 2 2 2 2 2 2
1700 350 350 506 1700 506 350 350 3269 506 506 350 350 3270 506 506 350 3271 350 506 1700 350 506 350
24 24 24 24 24 24 497 105 105 24 105 24
2137 2138 1701 1318 1318 1701 1318 2138 2137 1318 1701 3272
1702 2139 1703 2140 1704 808 2139 1703 3273 808 808 3274 1705 808 1705 1702 3275 3276 3277 1704 808 1704 2140 3278 1705 1702 1703 808
105 105 24 24 24 497 24 24 24 24 24 105
6 8 6 6 6 8 8 64 6 8 8 6
257 257 257 257 183 183 183 397 183 183 397 397
507 507 507 2141 507 1706 1706 2141 1706 507 507 507 507
1 1 1 1 1 1 1 1 1 1 1 1 1 1 1 1 1 1 1 1 1 1 1 1 1 1 1 1 1 1
127 127 127 127 258 809 258 127 809 258 127 127 258 809 127 258 258 127 127 2142
54 54 54 54 54 54 54 1699 54 54 54 54 54
922 119 924 91 119 923 119 119 91 91 91 91
13 7 13 13 94 7 7 7 13 7 7 7
10 10 10 10 10 10 10 10 10 10 10 10 10
351 351 351 810 1319 1320 508 810 810 811 810 508 810 351 351 1319 351 811 2143 508 351 3279 810 508 508 1319 351 508 1320 351 811 811 508 3280 811 3281 508 1320 3282 811 1319 3283 351 1320 2143 3284
106 504 504 504 106 2133 106 106 106 106 106 106 106 106 504 106 106
2 2 2 2 2 2 2 2 2 2 2 2 2 2 2 2 2 2 2 2 2 2 2 2 2 2 2
812 184 259 259 812 184 1707 259 184 259 184 184
1321 2144 509 509 128 509 128 128 1321 128 128 128 509 128 128 128 128
1708 1322 614 614 1708 3285 1322 614 2145 614 3286 1709 614 1709 1709 1708 1322 614 1322 2145 614
70 70 70 3287 70 1710 1021 1021 70 70 70 70 70 70 70 70 1021 1021 1021 70 70 70 3288 70 70 70 70 70 1710 1710 70 70 70 3289 70 70 3290 70 70 70 70
2146 352 107 352 352 107 107 107 107 352 107 107 107 107 107 107 352 107
353 615 615 353 615 260 260 260 353 260 260 353 353 260 353 615 353 353 615 260 353 260 260 260 260 3291 615 260 353 615
6 8 6 8 8 6 64 8 8 6 6 6
1711 813 3292 1712 1022 3293 3294 1022 1323 1712 1713 1022 616 3295 3296 813 813 3297 3298 1323 813 1022 1713 1712 616 1711 1022 1323 1713 1323 616 813 616 1711 813 616 3299 616 616
1324 1324 1714 1714 1023 1023 3300 1024 1714 3301 1324 1023 1024 2147 1023 1715 1324 1023 1715 1024 1024 1024 2147 1715 3302
1716 261 261 262 261 1717 398 1718 398 262 262 398 262 261
108 108 108 108 1325 354 108 108 1325 354 108 354 108 354 354 108 108 108 108
34 28 28 28 1326 28 28 34 28 28 34 28 28 28 34 34 28 34 34 28 34 34 34 34 34 28 1326 34 34 28 28 28 34 28 34 28 34 28 34 34 28 28 28 34 34 28 34 28 34 28 34 28 28 34 28
262 398 1716 262 1718 261 262 261 1717 261 262 261 398 398
2 2 2 2 2 2 2 2 2 2 2 2 2 2 2 2 2 2 2 2 2 2 2 2 2 2 2
263 263 264 264 264 2148 263 264 264 2149 264 263 263 263
707 25 25 39 39 39 39 25 25 25 25 39 25 25 25 39 25 39 39
510 510 510 510 3303 1327 2150 510 1327 510 510 1327 510 3304 3305 2150 1327
23 32 23 23 32 49 23 49 32 221 23 32 49
201 11 11 21 11 11 21 11 21 21 11 21 11 11
51 51 37 667 37 37 37 37 51 37 51 51 37 37 51
355 355 2151 2151 355 355 355 2152 355 2152 355 355 3306 355 355
48 48 48 48 48 462 48 48 462 48 48 48
304 17 46 17 17 17 46 46 46 17 17 17 17
3307 617 617 1719 1328 3308 1328 617 1719 3309 1719 617 1328 617 617 1328 617
2 2 2 2 2 2 2 2 2 2 2 2 2 2 2 2 2 2 2 2 2 2 2 2 2 2 2
1720 356 356 356 2153 1329 356 1330 1330 1721 3310 356 356 1329 1329 1330 3311 1721 3312 1329 3313 1721 3314 2153 356 3315 356 356 1330 1720 1720 3316 356
3317 511 1722 511 1025 511 511 1025 1722 511 1722 1025 511 1025 511 1025 3318 511
485 207 207 207 2042 2041 485 207 2043 207 485 485 207 207
185 185 2154 185 1331 3319 1331 185 185 185 3320 1723 185 1332 3321 185 2154 1331 185 1332 185 185 1332 3322 185 3323 1331 1723 185 1723 1332 185 185
814 814 2155 815 814 814 2155 814 815 3324 814 815 815 815 815
3325 1026 1333 1334 3326 1027 265 1335 1026 265 1333 1335 1027 1027 265 1027 1026 265 265 1026 265 3327 1335 1336 1334 265 1336 265 265 265 265 1333 1333 3328 1336 1027 265 1334 1026 3329 1336 1335 1334
13 13 7 7 7 7 13 13 7 7 7 94
186 512 512 512 1337 1337 186 186 186 1338 1338 186 186 186 512 1337 1338 186 512 512 1337 1338 2156 512 186 512 186 2156 3330 186 186 186 186 186
1724 3331 513 2157 1725 1028 1724 1029 1029 1724 816 816 1028 513 1029 816 1029 1029 2157 1028 1725 513 513 513 513 513 3332 1028 816 816 513 1725 1028 816
2 2 2 2 2 2 2 2 2 2 2 2 2 2 2 2 2 2 2 2 2 2 2 2 2 2 2
38 98 47 47 98 38 47 47 98 38 47 433 38 38 38
1030 1031 1726 1727 2158 1339 1032 1727 1728 1032 3333 3334 1339 1030 1032 1339 1032 1726 3335 1031 1030 1030 1030 1339 1728 1727 1031 3336 3337 1728 3338 1032 1031 1031 2158 1726
1729 3339 817 1730 817 818 817 817 818 1730 3340 3341 1730 1729 818 817 1729 818 817 818 818
257 257 397 257 257 183 183 397 183 183 397 183
819 618 819 618 618 399 399 399 618 819 3342 399 399 399 399 618 819 618 819 819 399 618 399
1033 820 820 2159 820 1731 1731 3343 1033 3344 3345 2159 820 1731 1033 1033 820 1033 820
10 10 10 10 10 10 10 10 10 10 10 10 10
821 3346 400 400 400 400 821 400 400 821 821 400 400 821 400 821
401 401 822 619 266 401 619 822 401 266 401 266 822 619 822 266 266 266 266 266 266 619 266 822 401 401 822 401 266 619 401 266 619 619 3347
1190 121 121 62 62 121 62 121 121 62 62 62 62 62
69 69 69 69 69 69 69 69 69 69 2160 69 69 69 69 69
3348 267 267 267 823 267 267 267 267 823 823 267 267 267 267 823 267 823 823
16 16 16 16 16 16 16 16 567 16 16 16 16
14 20 20 14 20 20 223 20 14 14 14 14 20 14
105 497 24 24 105 24 24 105 24 24 24 24
145 145 145 1732 145 145 1732 145 3349 145 145 145 145 1732 145 145 145 145 145 145 145 145
1340 3350 1341 1733 1733 824 1733 824 1340 3351 1340 1341 824 1340 824 1341 1341 824 824
248 248 144 144 144 392 144 1683 144 144 1682 248 392 248 392
127 2142 127 809 127 258 258 127 127 258 127 258 258 127 127 258 809 127 127 809
50 30 30 50 30 50 30 662 30 30 30 50 30 50 30 50
175 377 1491 175 377 377 175 676 676 175 175 1490
103 63 103 63 103 103 63 1291 63 63 63 63 103 103 63
166 3352 1342 166 1342 166 1034 1034 1034 166 166 166 166 166 166 1342 166 166 166 166 1034 166 1034 1342 166 166
922 119 91 924 119 91 119 91 91 91 923 119
3353 2161 1734 1035 1035 1035 1035 3354 3355 2161 1734 1734 1035
3356 402 1343 357 825 402 825 357 357 825 357 357 1343 357 402 357 1343 2162 357 402 1344 1735 825 1344 3357 1735 402 1735 402 3358 357 1344 402 825 357 402 2163 1343 2162 825 1344 402 2163
782 26 26 26 142 26 26 26 142 142 26 26 26 26
104 104 124 124 165 165 124 104 165 1292 124 104 104 165 104 124
826 514 3359 514 2164 826 1345 620 514 1345 826 620 620 826 514 514 514 620 2164 514 620 514 620 1345 826 1345 826 3360 620
1736 3361 2165 1737 3362 2165 2166 1737 1736 2167 2166 2167 3363 1736 1737 3364
1 1 1 1 1 1 1 1 1 1 1 1 1 1 1 1 1 1 1 1 1 1 1 1 1 1 1 1 1 1
10 10 10 10 10 10 10 10 10 10 10 10 10
515 2168 3365 1346 515 1738 515 515 1346 1346 515 1738 2168 515 1738 1346 515 515
18 18 18 18 426 18 18 59 59 18 59 18 18 59 18
71 71 71 71 1036 71 71 71 71 71 71 71 1739 71 71 71 71 71 1036 71 1739 71 71 71 71 71 3366 71 71 71 1739 71 71 71 1036 1036 1036 71
4 4 4 4 4 4 4 4 4 4 4 4 4 4 4
7 7 7 13 7 7 7 13 13 94 7 13
49 23 23 23 32 32 221 23 32 23 49 49 32
1347 187 187 187 187 827 187 827 187 1347 187 827 187 187 187 827 1347 187 187 187 187 827 827 3367 187 1347
124 165 124 104 165 165 104 104 124 165 1292 124 104 104 124 104
72 72 828 72 72 72 72 72 72 72 72 828 72 72 72 72 3368 72 72 72 72 72 828 72 72 72 72 72 72 828 828 72 828 72 72 72
36 36 422 36 36 36 36 422 36 36 36 36 36 36
358 621 516 516 358 621 358 621 516 358 358 516 516 516 358 621 621 516 358 516 358 621 358 358 3369 621
82 82 82 188 188 82 82 188 82 188 82 82 1740 82 188
829 829 1348 3370 829 268 829 268 829 268 1348 268 268 1348 1348 268 829 268 268 268 268 268 268
1037 1741 1037 1741 1037 1037 3371 1349 1349 1741 1349 1349 1037
2169 3372 622 3373 2169 1350 622 2170 2170 622 1350 1350 622 3374 622 622 622 1350 3375
13 13 94 13 13 7 7 7 7 7 7 7
2171 167 167 167 517 167 517 167 167 1351 167 167 1351 517 517
7 94 7 13 13 13 7 7 7 7 7 13
1038 2172 1352 1353 3376 830 1038 3377 2172 1038 1353 1352 1742 1353 1038 1742 1038 1352 1353 830 830 1352 830 830 830 1742
1354 1743 831 2173 831 831 1743 1354 3378 3379 831 2173 1743 1354 831 3380 1354 831
255 502 255 1307 502 2126 502 255 502 255 255 1307 797 797 2127 255 797
19 19 12 19 12 19 12 12 12 19 174 12 12
85 85 85 85 85 85 85 85 85 85 85 85 85 85 85 85 85 85 85 85 85 1744 1744 85 1744 85 3381 85 85 85
2174 1039 623 1039 2174 1039 623 623 623 3382 1039 1039 623 623 623
59 59 18 18 18 18 426 18 18 59 18 18 18 18 59
15 15 15 15 15 15 15 15 684 15 15 15 15 15 15
269 129 168 129 269 168 2175 129 168 168 269 168 168 269 269 168 129 129 129 129 129 129 269 129 168
23 23 32 49 32 32 221 49 49 23 23 32 23
624 270 270 624 624 624 270 270 270 270 1355 624 270 270 3383 270 1355 624 1355 270 270 270 624 1355
271 1356 271 518 359 518 1356 359 271 1357 359 359 271 1357 1358 518 271 1359 518 359 1359 2176 271 1358
360 360 360 360 1745 625 1360 1360 360 625 360 625 1360 1745 1360 625 625 360 360 360 1745 360 3384 625 625
263 263 264 2149 263 264 263 264 264 263 263 264 264 2148
2177 3385 2177 1746 3386 1040 1040 1041 1040 3387 3388 1746 1040 1041 1041 1041 1041 1040 1746 3389
79 79 79 79 79 79 79 79 79 79 231 231 79 231 79 231 1890 231 79 79 231
3390 832 361 832 832 832 361 361 361 361 361 832 361 832 361 361 361
201 21 11 11 11 11 21 21 11 21 11 11 11 21
10 10 10 10 10 10 10 10 10 10 10 10 10
82 82 82 82 188 188 188 188 82 82 1740 82 188 82 82
3391 833 1042 1042 833 519 1042 519 833 833 519 519 833 519 519 833 2178 1042 1042 519 519 2178
73 73 73 73 73 73 73 73 73 626 73 73 3392 73 1043 73 73 73 73 73 1043 626 73 626 73 73 73 626 73 1043 626 626 73 73 73 626 1043 73 73 73 73 1043
59 18 18 18 59 18 18 18 18 18 18 426 59 18 59
1 1 1 1 1 1 1 1 1 1 1 1 1 1 1 1 1 1 1 1 1 1 1 1 1 1 1 1 1 1
1361 1361 1747 1361 1748 3393 1747 1361 2179 3394 1747 1748 1748 2179 3395
74 74 74 74 74 74 189 74 74 74 74 74 834 189 189 74 74 74 74 74 834 189 189 189 834 189 3396 74 74 74 834 834 74 74 189 74 189 834 74 74 189 189 189 189 189 74 74 74 74 74 189
21 201 11 21 11 11 21 21 11 11 11 11 11 21
13 13 7 13 7 7 7 7 94 7 13 7
835 1362 835 1362 3397 835 835 835 1363 1363 1362 1363 3398 1363 835 1362 3399 3400
403 403 3401 1044 1364 272 520 403 520 836 520 403 1749 272 272 403 1045 520 1749 272 272 836 1045 1364 1045 520 272 1749 520 3402 1364 272 403 836 836 272 836 272 3403 3404 836 403 1045 1364 403 1045 272 1044 272 403 520 3405 3406 520 272 1044 3407 1044 1044
521 1046 521 1046 521 521 3408 2180 1046 1046 521 1046 521 521 521 2180
67 67 53 53 67 53 53 67 53 53 67 790
22 43 43 22 22 109 22 22 43 22 43 109
1365 1047 3409 1047 1365 1365 1750 1750 1365 3410 1047 1047 1750 1047
1751 1751 1366 1752 3411 1048 1048 1366 1048 1048 1048 1366 3412 1366 1752 1752 3413 1751
7 94 7 7 7 7 13 7 7 13 13 13
404 55 55 55 55 55 404 404 1753 55 55 55 55 55 55 55
273 405 405 2181 405 405 1367 273 273 273 273 405 3414 405 405 405 273 1367 1367 405 273 273 273 2181 273 273 1367 273
103 103 103 63 63 103 63 63 63 63 63 63 103 103 1291
398 398 262 1716 398 262 261 261 261 1717 1718 262 262 261
274 274 274 274 3415 1754 3416 274 1755 274 274 1368 274 1755 1755 274 1368 1368 1368 274 274 274 1754 1754
837 837 2182 1756 837 1756 837 1049 1756 1049 3417 1049 1049 2182 837 1049 837
45 96 96 45 45 45 153 45 153 45 153 96 153 96 45 45 96 45 45 1112 96
211 211 787 211 498 498 211 211 498 787 211 211 498 787
146 146 146 146 214 146 146 214 214 214 146 146 1369 214 214 214 1369 146
38 433 98 98 38 47 47 47 47 38 38 98 38 47 38
3418 3419 1050 296 296 296 1050 296 296 296 3420 1050 296 296 1050 296 296 1050 296
49 23 49 49 23 221 23 32 32 23 32 32 23
522 838 522 522 522 838 838 522 522 838 3421 838 838 522 522
123 123 341 341 123 123 123 123 341 341 2109 123 123 341 123 123
3422 1370 627 627 1370 627 627 2183 627 627 627 2183 1370 1370
628 628 1757 628 1758 628 628 1371 1371 1758 3423 1757 2184 628 628 1371 2184 3424 1757 1758 1371
31 52 52 41 31 52 41 31 41 31 41 41 380 52 31 31
29 29 29 29 29 29 29 29 29 29 29 29 839 29 840 840 29 29 29 2185 29 29 1372 29 1372 29 29 1373 29 29 840 1373 2186 29 839 839 29 29 2187 29 29
1479 225 173 173 136 225 173 136 1480 173 173 136 136 136 1478 225 225 136
86 629 1374 86 86 86 86 86 86 86 1374 86 86 86 86 86 86 629 86 86 1374 86 86 86 629 86 86 86 629 629 86 1374 86 629 86 86 3425 629
1 1 1 1 1 1 1 1 1 1 1 1 1 1 1 1 1 1 1 1 1 1 1 1 1 1 1 1 1 1
56 56 56 56 147 147 56 147 56 406 56 56 56 56 56 147 147 406 406 147 56
148 148 148 148 148 148 148 148 148 148 148 3426 148 148 148 148 148 148 148
841 1051 1375 3427 842 2188 842 841 841 842 2188 3428 1051 842 842 841 1375 841 1051 1051 1375 841 1375 842 1051
843 1052 843 843 1052 1052 1052 2189 843 1052 843 2189 3429 843
184 812 184 259 184 812 184 259 259 1707 184 259
19 12 174 19 12 12 19 19 12 12 19 12 12
844 844 844 3430 1759 1760 1760 1053 1053 1759 1053 1053 1376 3431 844 2190 2190 1759 1376 1053 1376 844 3432 1760 844 1376
26 142 26 26 26 26 142 782 26 26 26 26 26 142
135 135 97 97 1477 135 135 224 97 135 97 97 97 97 135 97 224 224 224
3433 630 2191 630 630 1054 1377 1378 1054 1377 630 630 1054 1054 1377 1378 630 3434 2191 1378 1377 1054 630 3435 1378
149 149 149 149 1055 1379 1055 149 149 149 1379 149 149 149 149 149 1379 149 3436 1055 149 1055 149 149 149 1055 1379 149
275 1380 362 275 275 275 275 1380 362 362 362 275 362 2192
1351 167 167 167 517 167 517 167 167 1351 167 167 2171 517 517
30 30 662 30 50 50 50 30 30 50 50 30 30 50 30 30
47 98 38 38 38 47 47 38 38 47 433 98 38 98 47
100 138 138 138 100 138 138 100 100 721 138 721 100 100 100 100
2 2 2 2 2 2 2 2 2 2 2 2 2 2 2 2 2 2 2 2 2 2 2 2 2 2 2
6 6 64 6 8 6 6 6 8 8 8 8
53 67 67 53 53 67 53 67 53 53 67 790
102 102 340 340 340 102 102 102 340 102 102 102 102 102 340 102 2098 102
146 146 146 146 146 146 214 214 214 214 146 146 214 1369 214 214 1369 146
43 22 109 22 109 22 22 22 43 43 43 22
2 2 2 2 2 2 2 2 2 2 2 2 2 2 2 2 2 2 2 2 2 2 2 2 2 2 2
3437 1381 845 1381 2193 2193 845 1056 845 3438 3439 1056 1056 1381 1056 845 845 845 1056 1381
7 94 7 7 7 13 13 13 7 13 7 7
17 17 17 46 17 17 17 17 304 46 17 46 46
4 4 4 4 4 4 4 4 4 4 4 4 4 4 4
55 55 55 55 55 404 404 1753 55 55 55 55 55 404 55 55
276 169 169 276 169 363 363 276 363 1382 169 169 1382 169 169 276 276 169 276 363 363
2 2 2 2 2 2 2 2 2 2 2 2 2 2 2 2 2 2 2 2 2 2 2 2 2 2 2
631 846 631 631 3440 1383 3441 631 846 1383 846 3442 631 846 1383 846 631 631 846 1383
632 847 1057 3443 847 847 1384 1761 1058 1058 847 1057 632 1058 3444 1384 2194 2194 1058 847 1384 1761 632 1058 1057 3445 3446 1057 632 632 1057 632 1761 632 1384 847
43 22 109 22 109 22 22 22 43 43 43 22
4 4 4 4 4 4 4 4 4 4 4 4 4 4 4
30 30 30 50 50 50 662 50 30 30 30 30 30 30 50 50
107 107 2146 107 107 107 107 107 107 352 107 107 352 352 352 107 352 107
848 2195 1385 3447 1385 1386 1762 848 3448 1385 848 1762 848 1386 848 1386 2195 1386 1385 1762 848
497 24 105 24 24 105 24 24 24 24 24 105
24 24 24 24 105 24 24 24 497 105 105 24
1387 1059 3449 1388 1387 1387 1389 1388 1389 2196 1763 1059 1387 1763 3450 3451 1388 1388 1389 3452 2196 1763 1389 1059 3453 1059 1059
849 849 1764 849 3454 3455 849 1764 1764 849 3456 849
8 6 6 6 6 8 8 8 6 64 8 6
87 850 87 87 87 87 850 87 87 87 87 87 87 87 87 87 87 850 87 87 87 87 87 87 850 87 87 850 87 850 3457 87 87
1 1 1 1 1 1 1 1 1 1 1 1 1 1 1 1 1 1 1 1 1 1 1 1 1 1 1 1 1 1
66 66 1673 66 113 66 113 66 66 66 113 113 66 113 113 66 66 113
7 7 7 13 94 7 13 13 7 13 7 7
25 25 25 25 39 25 39 39 39 25 39 39 707 25 39 25 25 39 25
269 129 129 129 269 168 269 129 269 168 129 168 168 168 129 129 168 168 129 269 129 2175 129 168 269
69 69 69 69 69 69 69 69 69 69 69 69 2160 69 69 69
407 407 407 523 407 407 523 407 523 523 523 407 3458 1765 1765 407 407 523 523 1765 523
190 408 190 524 190 851 408 851 190 524 408 851 190 190 408 190 3459 190 524 524 190 190 408 851 408 851 408 190 524 190 408 524 190 190 851 190 408 524 524
852 2197 852 1390 525 525 525 525 1390 525 852 525 3460 1390 1390 852 2197 525 852 525 852
130 130 130 1391 364 130 364 1392 364 1391 130 130 1392 130 364 364 130 130 130
55 55 55 55 404 55 55 1753 55 404 55 55 55 55 55 404
1 1 1 1 1 1 1 1 1 1 1 1 1 1 1 1 1 1 1 1 1 1 1 1 1 1 1 1 1 1
1 1 1 1 1 1 1 1 1 1 1 1 1 1 1 1 1 1 1 1 1 1 1 1 1 1 1 1 1 1
53 67 53 53 67 67 53 790 67 53 67 53
409 409 3461 409 1060 409 409 1060 1393 1060 1060 409 409 1060 1393 1393 409 409 1393
924 119 119 922 119 923 91 91 91 119 91 91
15 15 15 15 15 684 15 15 15 15 15 15 15 15 15
4 4 4 4 4 4 4 4 4 4 4 4 4 4 4
633 526 1061 1766 1061 526 633 633 526 526 633 1766 633 1061 633 3462 526 1061 526 633 526 1061 1766 526
2198 634 1394 634 1394 1394 277 3463 1767 634 2198 277 277 1768 277 277 634 277 277 277 1768 1767 634 277 634 277 1394 3464 1767 277 634 277 1768
36 36 422 36 36 36 36 422 36 36 36 36 36 36
8 6 64 6 6 8 6 6 8 8 8 6
10 10 10 10 10 10 10 10 10 10 10 10 10
191 191 191 191 191 191 527 191 527 191 191 191 527 527 527 527 527 527 3465 191 191 191 191 191
1769 1062 3466 1395 1062 1396 1396 1397 3467 1769 1395 1769 2199 1395 1062 1062 1397 1396 1397 3468 3469 1396 1395 1062 2199 1397
1770 3470 1770 1770 2200 1398 1398 1398 1771 3471 1771 1771 1398 2200
23 23 32 32 23 32 49 221 23 23 32 49 49
853 1399 853 1063 1399 3472 3473 1063 1772 853 853 1063 1399 1772 1063 3474 853 853 1772 1063 1399
2 2 2 2 2 2 2 2 2 2 2 2 2 2 2 2 2 2 2 2 2 2 2 2 2 2 2
1 1 1 1 1 1 1 1 1 1 1 1 1 1 1 1 1 1 1 1 1 1 1 1 1 1 1 1 1 1
854 2201 1773 854 1400 854 3475 854 854 528 1400 1400 528 2201 1773 3476 528 1773 528 854 528 1400 528 528 528
21 201 11 11 21 11 21 11 21 11 11 21 11 11
275 2192 362 275 275 275 275 1380 362 362 362 275 362 1380
192 192 1401 635 635 192 192 1401 192 3477 1401 192 192 192 635 192 635 192 1401 192 192 635 635 192 192 635 192
6 8 8 8 6 6 64 6 6 8 8 6
41 52 41 31 31 52 31 380 31 31 41 52 52 41 41 31
41 31 52 31 41 31 52 380 31 41 31 41 41 31 52 52
855 2202 278 365 2203 365 365 855 1402 278 278 365 278 278 278 365 1402 855
366 366 529 366 529 1774 529 3478 529 366 366 366 1774 3479 529 529 366 1774 366 529 366 366 529
1775 636 856 636 1064 636 1064 636 3480 1775 636 1064 856 856 1064 856 856 636 636 856 1064 1775
6 6 6 6 64 6 8 8 8 8 8 6
1776 1777 1776 3481 1403 2204 1404 1776 1777 1403 1404 1777 1404 3482 1403 2204 1404 1403
158 99 234 158 99 99 99 234 158 158 1184 99 99 234
170 1405 530 857 170 530 170 2205 2206 531 1405 2207 530 170 857 1406 170 170 531 531 170 857 531 530 2208 170 2209 1406
4 4 4 4 4 4 4 4 4 4 4 4 4 4 4
1065 1066 1066 1407 1065 3483 1065 1407 1778 1407 1778 1066 1066 1407 1066 3484 1065 1778 3485 1065
532 88 532 88 532 88 88 88 532 88 532 88 88 532 88 88 88 3486 88 88 88 88 532 88 88 88 88 88 88 532 88 88 88 88 88
1408 1408 1408 1779 637 1779 1409 1409 637 1408 637 1409 1409 3487 637 637 1779 637 637 3488
3489 193 193 193 193 193 533 193 193 533 533 193 193 193 533 193 193 533 533 193 193 193 533 533
858 131 131 858 131 858 131 858 131 131 131 131 131 3490 131 131 131 131 131 131 858 858 131 131 131 131 131
18 59 18 18 18 18 18 426 18 59 59 18 59 18 18
790 67 67 67 67 53 53 67 53 53 53 53
175 377 1491 175 377 377 175 676 676 175 175 1490
1067 1067 3491 1780 3492 1067 2210 3493 1780 1067 2210 1067 1780
170 1405 530 857 170 530 170 2205 2206 531 1405 2207 530 170 857 1406 170 170 531 531 170 857 531 530 2208 170 2209 1406
3494 1410 859 1411 859 1411 859 3495 1410 859 1410 1411 1411 3496 859 859 1410
249 249 212 249 212 212 249 212 212 212 2118 212 249 249
21 11 11 201 11 21 21 11 11 21 11 21 11 11
6 6 64 6 6 8 6 8 8 8 6 8
184 259 184 259 259 812 184 1707 184 184 259 812
3497 410 194 1412 1413 194 638 194 1412 194 410 3498 3499 410 410 1412 638 638 638 1413 194 1413 1412 194 1781 410 3500 194 410 194 410 194 638 3501 410 3502 194 1413 194 1781 3503 194 194 638 1781 194 638 194 410
1782 1068 1783 3504 1783 639 1414 3505 1783 2211 2212 3506 2213 1068 3507 3508 1068 1069 1414 2214 2214 2211 1069 1069 1068 2213 1068 639 1782 1782 639 1414 3509 3510 1069 1414 1069 639 2212 3511 639 639 639
406 56 56 56 147 147 56 147 56 56 56 56 56 56 56 147 147 406 406 147 56
250 1687 68 68 68 393 250 250 68 68 68 68 250 68 393 393 68 68
1784 1070 1070 1070 1785 1070 1784 2215 1785 2215 3512 1784 1070 1785
21 11 21 11 21 201 21 11 11 21 11 11 11 11
41 52 31 380 31 31 41 52 31 41 52 52 31 41 31 41
860 861 367 860 534 367 861 861 3513 367 534 860 367 861 367 861 367 534 367 860 367 860 534 367 534 534 534 367 534 861 860
3514 862 1415 3515 862 1416 1415 1071 3516 3517 1071 862 3518 1415 1416 3519 1417 1415 1417 862 1416 862 1416 1071 1417 1071 1071 1417 862
640 1418 640 863 640 640 640 1418 863 640 640 1418 863 1418 1786 1786 3520 1786 863 863 863
16 16 16 16 16 567 16 16 16 16 16 16 16
1787 1072 1072 1072 1787 3521 3522 1072 1072 2216 2217 2216 3523 1787 2217 3524
1 1 1 1 1 1 1 1 1 1 1 1 1 1 1 1 1 1 1 1 1 1 1 1 1 1 1 1 1 1
279 279 279 1788 279 279 1788 279 279 279 279 2218 1419 279 279 1419 3525 1419 1788 1419 279 2218
75 75 75 75 75 75 75 75 75 75 3526 75 1420 75 75 75 75 75 75 75 75 75 75 75 75 75 75 75 1420 75 1420 1420 75 75
2 2 2 2 2 2 2 2 2 2 2 2 2 2 2 2 2 2 2 2 2 2 2 2 2 2 2
368 411 368 368 368 411 3527 411 411 411 411 368 368 368 411 368 2219 2219 368 411 368 411
7 13 13 7 7 13 7 7 7 13 7 94
2144 128 128 509 1321 128 1321 509 128 509 128 509 128 128 128 128 128
1 1 1 1 1 1 1 1 1 1 1 1 1 1 1 1 1 1 1 1 1 1 1 1 1 1 1 1 1 1
172 134 172 222 134 222 172 172 1474 222 376 134 134 134 134 172 376 376 222
2220 2221 1073 1073 1073 2222 2220 1789 1073 2221 1789 1789 1073 2222
53 53 67 53 53 790 67 67 67 67 53 53
64 8 6 8 8 6 6 8 6 6 6 8
99 158 99 234 234 99 99 158 158 158 99 1184 234 99
3528 369 641 369 641 369 641 369 641 1421 369 1421 369 1421 641 641 369 369 641 369 369 1421
642 1422 280 3529 642 280 280 642 280 280 280 642 1422 280 280 280 642 280 1422 642 280 1422 280 642
535 864 535 3530 535 1790 1423 1423 864 535 535 1791 535 1790 1423 864 535 1791 1790 3531 1791 864 864 864 535 1423 3532
536 865 865 865 536 536 865 1792 536 1792 865 536 1792 865 536 536 3533 536
19 12 12 12 12 12 12 19 19 19 174 12 19
7 13 13 13 13 7 7 7 7 7 94 7
10 10 10 10 10 10 10 10 10 10 10 10 10
0 0 0 0 0 0 0 0 0 0 0 0
1793 1424 1425 1424 1425 1793 1425 2223 1425 1793 1424 3534 1424 3535 2223
1074 1426 1075 1076 1426 1075 1076 1075 1426 3536 1427 1074 3537 1427 3538 1076 1794 1074 1794 1426 1075 1427 1074 3539 3540 1076 1427 1074 1076 1794 1075
370 370 3541 370 370 370 2224 370 370 370 370 370 2224
537 538 1077 538 537 538 1077 537 538 1077 538 537 1077 538 537 537 537 1077 538 538 3542 537
130 130 130 1391 364 130 364 1392 364 1391 130 130 1392 130 364 364 130 130 130
47 38 38 47 38 47 38 98 47 47 98 38 433 38 98
539 1078 539 539 539 1795 1795 539 1795 1078 3543 539 1078 539 539 1078 1078
20 14 223 14 14 20 14 14 14 20 20 20 14 20
11 11 11 11 11 201 21 11 21 21 21 11 21 11
1079 1079 412 1428 3544 412 412 1428 412 1428 412 1428 3545 1079 412 1079 412 1079 412 412
48 48 48 48 48 462 48 48 462 48 48 48
143 240 143 240 143 143 391 240 240 391 143 391 143
413 413 1080 1080 3546 1080 413 413 413 3547 413 413 1080 1080 413 413
855 2202 278 365 2203 365 365 855 1402 278 278 365 278 278 278 365 1402 855
3548 643 1796 1429 643 643 643 643 1429 643 643 1429 1796 1796 1429
866 1430 644 866 866 644 866 644 3549 866 1430 1430 644 644 644 644 866 1430
1431 1432 1433 1431 645 1797 1797 3550 645 867 2225 1431 645 1797 867 2225 645 867 867 2226 867 1432 645 1433 1432 3551 645 1431 2226 3552 1433 1432 867 645 3553 1433
42 42 42 42 42 42 117 117 117 42 916 42 42 117
14 14 20 20 14 20 14 14 223 14 20 20 20 14
0 0 0 0 0 0 0 0 0 0 0 0
10 10 10 10 10 10 10 10 10 10 10 10 10
646 1434 646 646 1434 3554 1434 1434 646 646 3555 646 646
222 134 134 134 222 376 222 376 376 172 134 134 172 172 134 222 172 1474 172
0 0 0 0 0 0 0 0 0 0 0 0
0 0 0 0 0 0 0 0 0 0 0 0
49 23 32 221 32 49 49 32 32 23 23 23 23
1435 371 540 540 371 540 540 371 1435 371 371 540 1435 371 2227 540 1435 371 540 2227 371 540 371 3556 371
372 1798 1799 647 3557 372 1436 372 647 372 647 1799 1436 372 647 372 647 1436 647 647 372 1436 372 3558 372 1799 1798 372 3559 1798
58 140 58 140 58 58 58 140 140 58 58 58 58 140 140 1603 58 58
373 3560 1800 1800 648 648 373 373 1437 648 648 3561 373 373 868 868 373 648 373 1437 648 868 373 1800 1437 868 868 373 648 373 868 1437
4 4 4 4 4 4 4 4 4 4 4 4 4 4 4
239 493 493 2095 493 493 239 2096 239 2094 239 239 239
1081 281 1081 281 1801 281 1801 3562 1081 1081 281 281 281 281 281 281 1801 3563 281 1081 281 281 3564
21 11 21 201 11 11 11 21 11 21 11 21 11 11
6 6 8 8 64 8 6 6 6 6 8 8
76 76 3565 76 1802 76 76 76 3566 76 76 76 1802 76 76 1082 2228 76 76 76 1082 1802 76 76 1082 76 76 2228 76 76 76 76 76 76 76 76 1082 1082 76 76 76
42 42 117 42 42 916 117 117 42 42 42 117 42 42
159 159 120 120 120 120 159 1951 120 159 120 159 120 159 159 120 120 159 120
45 96 153 45 45 45 96 1112 153 45 96 45 45 153 96 45 45 153 96 96 45
2 2 2 2 2 2 2 2 2 2 2 2 2 2 2 2 2 2 2 2 2 2 2 2 2 2 2
108 108 108 108 1325 354 108 108 1325 354 108 354 108 354 354 108 108 108 108
29 29 29 29 29 29 29 29 29 29 29 29 839 29 840 840 29 29 29 2185 29 29 1372 29 1372 29 29 1373 29 29 840 1373 2186 29 839 839 29 29 2187 29 29
282 1083 1083 282 1438 282 282 282 1438 1083 282 282 1083 1438 1438 282 1083 282 3567 282 282 282
1480 173 173 225 225 136 1479 225 173 173 136 136 136 136 1478 225 136 173
10 10 10 10 10 10 10 10 10 10 10 10 10
276 169 169 276 169 363 363 276 363 1382 169 169 1382 169 169 276 276 169 276 363 363
49 32 49 23 23 23 32 23 32 221 32 23 49
59 18 18 18 59 18 18 18 18 18 59 59 426 18 18
66 113 66 113 66 1673 113 66 113 66 66 66 66 113 113 66 66 113
39 25 25 707 25 25 25 25 39 39 39 25 25 25 39 25 39 39 39
1084 1085 1085 1084 3568 1803 1803 1084 3569 1803 1085 1085 1084 1084 1085 3570
15 15 15 15 15 684 15 15 15 15 15 15 15 15 15
3571 2229 1439 2230 2229 1439 3572 3573 1439 1439 2230 2231 2231
1804 2232 1086 1804 1805 1086 1805 1440 1440 1086 1086 3574 1805 1806 1806 1440 1806 3575 2233 1804 2232 1440 2233 3576 1086 3577 3578
20 14 14 20 223 20 14 20 14 14 20 14 14 20
869 541 541 541 541 1087 1087 541 869 541 869 3579 1087 1087 869 1087 869 541 869 541
11 21 11 21 11 11 11 201 21 21 11 11 11 21
4 4 4 4 4 4 4 4 4 4 4 4 4 4 4
46 17 46 17 17 17 17 17 46 304 17 17 46
89 870 89 89 89 1807 870 3580 89 89 89 89 89 89 89 870 89 89 89 89 1807 89 89 89 870 89 89 89 89 89 2234 89 1807 89 870 89 2234 870
63 63 103 103 103 1291 103 103 103 63 63 63 63 63 63
414 871 871 414 414 414 871 871 414 414 871 414 414 871 3581 414
90 90 90 90 872 90 872 90 90 90 90 90 90 90 90 872 90 90 872 90 90 3582 90 90 90 872 90 90 90 872 90 90 90
7 7 13 13 7 7 94 13 7 7 13 7
201 11 21 21 11 11 21 21 11 11 11 11 11 21
873 3583 1808 873 873 873 1808 2235 873 1808 3584 873 2235
283 374 374 283 1809 283 1809 374 283 374 283 283 3585 374 374 283 1441 374 283 283 283 1441 374 1441 374 1441 1809 374 283 283
874 3586 1442 874 874 874 1442 874 1442 3587 874 1442
24 24 497 105 24 24 105 24 24 24 24 105
1443 3588 3589 1810 1088 1088 1443 1443 1089 1444 1810 1088 1810 1444 1443 1444 1444 3590 1088 1089 1089 1088 1089 1089
1445 2236 3591 1811 875 875 1090 1811 1090 875 875 1445 875 2236 1090 1090 875 1811 1445 1090 1445
271 1356 271 518 359 518 1356 359 271 1357 359 359 271 1357 1358 518 271 1359 518 359 1359 2176 271 1358
406 56 56 56 147 147 56 147 56 56 56 56 56 56 56 147 147 406 406 147 56
82 82 82 188 82 188 82 188 82 188 82 1740 82 188 82
34 28 28 28 1326 28 28 34 28 28 34 28 28 28 34 34 28 34 34 28 34 34 34 34 34 28 1326 34 34 28 28 28 34 28 34 28 34 28 34 34 28 28 28 34 34 28 34 28 34 28 34 28 28 34 28
0 0 0 0 0 0 0 0 0 0 0 0
26 26 26 26 142 782 26 26 26 26 26 142 142 26
23 49 49 32 32 23 49 23 23 23 32 32 221
257 257 397 257 183 183 183 397 257 183 183 397
4 4 4 4 4 4 4 4 4 4 4 4 4 4 4
1 1 1 1 1 1 1 1 1 1 1 1 1 1 1 1 1 1 1 1 1 1 1 1 1 1 1 1 1 1
195 195 876 876 195 195 876 1446 1446 195 877 876 195 1446 877 195 876 195 877 876 195 195 877 195 195 195 1446 877 195 195 3592 877
1091 1092 1091 542 1091 1092 1091 1812 1813 542 3593 542 3594 1092 542 1092 1812 542 1812 1813 542 1091 1092 1813 542 542