43 660 1630 964 43 43 1218 523 660 43 43 964 1218 523 660 1631 964 660 660 1632
183 183 183 203 203 203 183 183 183 183 389 314 314 1219 751 524 314 389 389 524 203 203 389 751 314 314 203 183 203 203 183 524
184 29 1633 184 29 184 184 184 29 29 29 184 184 33 33 33 33 33 29 184 184
1634 752 1635 661 965 966 661 1220 1636 967 752 661 661 661 1637 967 1638 1639 752 1640 1221 1641 1220 1642 1643 1644 1645 1221 966 967 965 966 752 965 1646
525 161 151 161 161 151 151 161 151 151 161 525 151 151
968 390 1647 390 474 662 969 390 663 1648 474 753 1649 474 664 970 664 1650 754 664 970 663 663 474 971 663 390 390 1651 969 390 1652 1653 970 663 664 968 968 1654 390 1655 754 662 971 754 662 969 474 1222 474 474 753 753 664 662 662 1656 390 1222 971 1657 753 754
0 0 0 0 0 0 0 0 0 0 0 0
51 204 63 63 51 204 51 51 51 51 63 63 63 63 51
3 3 3 3 3 3 3 3 3 3 3 3 3 3 3 3 3 3
0 0 0 0 0 0 0 0 0 0 0 0
12 8 12 12 12 12 12 8 137 8 12 8
5 5 5 5 5 5 5 5 5 5 5 5 5 5 5 5 5 5 5 5
475 475 1223 1658 1224 475 475 1224 475 1223 475 1659 475
391 391 1225 526 972 526 526 972 391 526 391 1660 391 526 972 1225 526 391 391 391
1226 665 666 973 392 393 1661 393 162 476 755 1227 476 1662 1663 476 392 527 162 974 973 527 393 755 527 665 527 392 1664 527 665 1665 392 973 162 755 392 756 393 1666 392 755 1667 666 393 392 162 666 756 392 1227 476 756 974 974 162 393 1668 527 756 393 476 666 476 1228 665 393 476 1228 665 666 1226
5 5 5 5 5 5 5 5 5 5 5 5 5 5 5 5 5 5 5 5
477 528 477 477 667 528 528 528 477 477 477 477 667 528 528 667 667 667
150 41 64 41 64 64 41 64 150 41 41 41
529 18 18 18 529 18 18 18 529 1229 1669 529 529 529 18 18 18 18 1229
1230 757 530 531 975 976 530 758 759 758 530 757 1231 757 759 977 758 977 1670 976 530 531 759 1671 759 1672 1673 1674 1675 530 530 975 976 1231 1230 531 1676 975 531 531 758 1677 977 531 757 1678
1679 113 1232 113 978 760 1680 979 760 760 980 1681 979 93 93 93 113 93 980 1232 93 980 978 1682 978 760 93 113 979 93
315 185 316 316 315 185 1233 316 316 316 315 185 185 315 185 316 316 1683 185 1684 316 316 316 315
394 394 32 532 32 394 65 65 65 532 65 65 32 532 65 65 1234 32 65 1685 32 394
981 25 1235 981 25 25 25 25 1686 1236 1236 25 25 981 1235
3 3 3 3 3 3 3 3 3 3 3 3 3 3 3 3 3 3
982 982 1237 533 982 533 533 1238 533 1237 533 533 1238
240 138 138 240 240 138 240 240 138 1687 138 240 138 138 240 240 240 240 138 240 240 240 240
183 183 183 203 203 203 183 183 183 183 389 314 314 1219 751 524 314 389 389 524 183 203 389 751 314 314 203 183 203 203 203 524
51 204 63 63 51 204 51 51 51 51 63 63 63 63 51
0 0 0 0 0 0 0 0 0 0 0 0
114 114 317 114 983 317 317 317 984 114 317 317 1688 984 983 317 317 1689 984 983 114 114 114 1690 317 317
257 1691 1692 534 257 257 985 1239 1693 986 534 257 534 1239 1694 257 257 257 1695 257 985 987 987 986 257 257 1696 257 534 534 1697 1698 1699 985 534 1700 987 257 986 257
761 241 163 163 241 241 241 163 163 241 241 241 761
205 1240 668 205 205 668 668 205 1701 205 205 1240 668 205 668 205
66 66 66 395 66 66 66 66 66 66 66 66 395 66
46 15 79 79 15 79 79 15 15 79 79 1241 46 79 46 15
32 32 97 222 32 1702 32 97 32 222 97 32 32 97 222 97 32 97 97 97 32 32
6 7 100 6 7 6 7 6 7 7 6 7
139 762 164 763 318 164 164 139 139 318 139 762 164 318 164 164 139 164 139 763 139 318 318 139 164 139 139 139 139 164 164
33 33 29 29 33 45 33 33 29 33 45 33 29 45 29 45 33 33 33 29 764
13 396 396 396 13 1703 13 396 396 13 396 396 396 1704 13
765 1242 1705 478 478 478 765 478 988 1242 478 988 478 765 765 478 988
80 115 115 80 80 152 80 80 115 152 80 152 115
36 18 85 989 19 36 18 36 19 18 36 85 19 18 18 36 19 85 36
26 26 26 22 26 22 22 22 26 26 22 26 22 264
301 186 397 301 1706 301 301 397 186 301 397 1707 301 301 1243 301 186 1708 397 301 301 1243 301
47 28 47 47 28 28 28 47 47 47 47 47 535 28 47 28
34 17 34 34 17 17 34 17 34 34 319 34 34
3 3 3 3 3 3 3 3 3 3 3 3 3 3 3 3 3 3
1244 302 766 1245 302 302 1245 1246 1709 766 1710 302 302 1244 302 766 302 302 1711 1246 766 1712 302 302 302 1713
81 206 83 206 83 1714 206 83 186 206 206 81 83 83 81 186 81 206 186 81 206 206 81
16 16 16 16 16 16 16 16 16 16 16 16 16 16 16 16 16
13 13 13 27 27 13 398 13 13 27 27 13 13 13 13
536 537 537 767 399 399 536 768 538 400 400 1247 399 1248 768 1249 400 536 399 769 767 769 537 400 1250 538 1251 538
0 0 0 0 0 0 0 0 0 0 0 0
0 0 0 0 0 0 0 0 0 0 0 0
22 26 26 22 26 26 264 26 26 22 22 22 22 26
5 5 5 5 5 5 5 5 5 5 5 5 5 5 5 5 5 5 5 5
6 7 6 7 6 7 7 7 7 6 6 100
16 16 16 16 16 16 16 16 16 16 16 16 16 16 16 16 16
14 67 67 14 67 67 14 67 14 67 539 14 67 14 67
68 990 36 68 68 19 68 68 36 19 68 36 36 19 68 36 68 19 36
1252 401 770 401 9 540 401 540 9 540 401 770 9 9
771 402 402 403 403 1253 771 402 403 1254 403 402
5 5 5 5 5 5 5 5 5 5 5 5 5 5 5 5 5 5 5 5
1715 1716 772 13 1717 13 772 13 772 1255 772 1718 13 13 1255
29 45 29 29 45 29 33 29 29 33 764 33 45 33 33 45 33 33 33 33 33
116 86 24 86 24 86 773 116 86 991 116 116 24 86 24 992 24 86
13 13 13 27 13 27 13 13 13 27 13 27 13 398 13
774 775 1719 776 775 1720 774 775 776 404 775 776 1721 776 404 1722 1723 774 1724 774 1725
12 12 12 12 8 12 8 8 137 12 12 8
1256 320 1726 1727 777 1728 541 1729 321 1257 778 320 541 1730 777 993 1731 993 541 1732 1733 1258 321 777 1258 541 777 320 321 1734 541 320 541 778 1735 321 321 1736 993 778 778 1257 320 1256
265 265 265 265 36 36 1737 36 36 265 265 265 265 265 36 265 36 265 265
14 14 13 13 14 13 405 13 14 94 14 94 13 14 94
18 36 48 36 18 48 48 48 36 36 18 36 18 1259 36 18 48 48 48
779 1260 780 542 779 542 781 543 1261 781 780 542 543 543
0 0 0 0 0 0 0 0 0 0 0 0
23 23 23 10 10 23 10 23 23 10 223 23 10
165 165 165 101 165 101 101 782 101 165 101 165 165 165 782 101 165 165
3 3 3 3 3 3 3 3 3 3 3 3 3 3 3 3 3 3
153 153 994 994 114 153 114 1738 544 994 544 1739 544 114 544 544 995 1740 995 114 995 114 114 544 1741 114
545 479 479 1742 996 997 998 1743 999 480 783 1262 996 545 1000 479 1744 479 783 1001 998 546 480 545 1000 997 480 999 1000 546 997 480 1745 998 546 1746 480 1747 783 1748 1001 479 546 480 545 1749 999 545 545 1750 783 479 480 479 546 1001 1751 546 996 1262 1752
779 1260 780 542 779 542 781 543 1261 781 780 542 543 543
5 5 5 5 5 5 5 5 5 5 5 5 5 5 5 5 5 5 5 5
5 5 5 5 5 5 5 5 5 5 5 5 5 5 5 5 5 5 5 5
115 115 80 80 152 80 80 115 152 80 80 152 115
224 1002 224 361 361 224 1003 361 224 547 224 547
85 481 1753 481 669 1754 481 669 481 481 85 481 85 669 481 669 669 1263 1263
166 73 166 73 73 73 73 166 322 73 73 166 73 322 73
7 100 6 6 7 6 7 7 6 7 6 7
115 115 80 80 152 80 80 115 152 80 80 152 115
6 7 7 6 6 6 7 6 7 100 7 7
1264 784 548 1004 1004 1264 1004 548 784 784 784 548
20 1265 1005 549 1265 549 549 1005 549 1755 549 20 20 549 20 1005
9 1266 482 9 9 482 1266 482 482 1756 482 482 482 9
7 7 7 6 100 7 7 6 7 6 6 6
0 0 0 0 0 0 0 0 0 0 0 0
117 130 1267 117 130 187 140 117 130 483 483 187 130 130 117 130 117 483 187 130 140 117 140 187 187 117 187 117 1757 1758 130 1267 130 130
1006 323 323 550 1006 550 323 550 1759 1007 323 323 1760 1006 1761 1007 550 1762 550 550
95 95 122 1008 122 95 122 122 95 122 122 1009 95 95 95 122 154 154 154 154 95 95 122 95 154 154 1010 95 1011 154 122
182 182 182 182 1012 182 182 1268 182 1269 182 182 1268 182 182 1012 1269 1763 182 1012 182 182 182 182 182 182 182
1764 1013 785 1765 1013 785 785 1270 551 1014 1766 1013 786 786 1015 1767 551 786 551 1768 785 1015 1014 1270 1769 1770 1771 1014 1015 786
1271 1772 552 1016 1016 552 484 1272 1773 484 552 1774 1273 1775 1776 484 1017 1777 484 552 552 484 1017 1778 1271 1274 1017 1779 484 1274 484 1780 1272 552 1273 1016
406 28 406 28 28 28 406 1781 406 406 28 406 406 28 406 1782
118 407 118 167 407 407 407 787 167 118 118 118 787 118 167 167 167 118
485 485 1275 788 1018 1276 1018 485 1019 1277 1783 788 1019 1278 1275 1019 485 788 485 1278 485 1277 788 485 1784 1276 1018
163 163 1279 1279 1020 1280 1280 1020 1281 163 1020 1281 163
97 97 266 266 1785 97 266 97 266 1786 266 97 97 266 266 266 266 97 97 266 266 266
1021 1787 408 670 408 670 324 1282 1788 671 1283 671 324 1282 671 1022 408 1789 671 671 1022 1284 670 1021 670 324 1021 408 1285 1284 1283 324 1285 324 1022 670
67 67 67 14 14 67 14 67 67 14 14 539 67 67 14
16 16 16 16 16 16 16 16 16 16 16 16 16 16 16 16 16
30 35 35 30 30 35 30 35 30 672 30 30 35 30 35 30 30
48 48 48 48 19 19 48 48 48 48 48 48 48 19 1286 19 48 48 48
319 17 34 34 34 34 34 17 34 34 34 17 17
267 207 267 207 207 267 267 207 207 267 267 207 207 207
1023 27 1790 27 1791 27 27 27 27 553 553 27 27 1023 1023
5 5 5 5 5 5 5 5 5 5 5 5 5 5 5 5 5 5 5 5
28 28 28 47 28 47 47 47 47 47 47 28 47 535 28 47
19 1792 1793 1024 1025 1024 19 1025 1287 1024 19 19 19 1025 19 19 1794 19 1287
115 115 80 80 152 80 80 115 152 80 80 152 115
673 486 486 554 673 486 673 155 673 486 1795 554 486 486 673 554 554 1796 486 1797 1798 554 1799 155 155 554 1800
3 3 3 3 3 3 3 3 3 3 3 3 3 3 3 3 3 3
258 487 487 789 258 789 790 258 258 258 1801 1288 1026 1289 258 1290 1288 1802 789 1803 790 791 1026 487 1804 1805 487 1806 1807 791 258 1808 790 487 1809 1291 1027 1810 1027 258 1811 1289 258 487 258 789 1812 1291 487 1813 1814 1027 1815 258 791 1290 1816 791 258 1817 1818 790 1819 258 1026
11 9 9 242 11 9 9 11 9 9 11 11 9 9
10 23 23 23 10 23 10 23 10 23 10 223 23
12 8 12 8 12 8 12 8 12 137 12 12
29 40 40 29 40 40 1292 40 29 40 40 40 40 40 29 40 40 40 40 29 29
362 488 362 1293 1820 1028 1821 362 1822 362 362 1823 1028 488 1824 1294 1294 1825 1295 362 1028 488 1826 362 362 488 362 488 488 1295 1293 488
1827 130 1029 130 1828 1829 792 792 793 792 793 1830 674 793 674 1030 1031 1831 1832 1030 130 1031 1833 1031 1029 674 1029 674 793 130 674 130 792 1030
0 0 0 0 0 0 0 0 0 0 0 0
79 409 1834 1296 1835 79 79 79 79 79 409 79 1836 409 409 1296
555 24 1837 773 1032 24 24 1032 555 555 556 1838 556 24 1297 556 24 1032
268 1839 268 168 40 1840 168 168 268 268 40 40 268 268 40 168 1841 40 168 40 40
410 1298 1299 410 1299 410 410 410 410 410 410 1298
794 1300 794 1842 156 795 1843 795 156 795 794 794 795 1301 1844 1300 1301 1845 156 1846
25 25 25 25 25 25 557 25 25 25 25 25 25 25 25
536 537 537 767 399 399 536 768 538 400 400 1247 399 1248 768 1249 400 536 399 769 767 769 537 400 1250 538 1251 538
4 4 4 4 4 4 4 4 4 4 4 4 4 4 4
558 52 1033 558 52 1847 1033 1848 52 558 558 52 52 1033 52 52 558 558
269 269 269 363 1302 269 269 796 796 363 363 269 797 559 559 797 559
1849 83 186 186 83 83 83 83 83 206 83 206 83 206 83 83 83 206 186 83 83 83 83
12 137 8 12 12 8 12 8 12 12 8 12
1034 1850 675 1034 675 675 1851 1303 1034 1303 675 675
1852 676 1035 676 1304 1304 676 1035 676 1853 676 1035
0 0 0 0 0 0 0 0 0 0 0 0
225 226 226 226 225 225 225 225 226 560 560 226
798 157 1854 799 157 798 1855 1856 798 1857 157 799 1858 1305 677 677 1859 677 1306 1306 483 1860 1861 157 677 1862 157 157 1863 798 157 799 677 1305 799
561 364 364 364 561 1307 364 364 561 364 364 364 364 1307
411 411 411 562 1864 562 157 303 303 562 562 411 411 303 303 303 157 157 303 303 411 303 157 303 1865 411 303 562 157 157 157 1866 303 411 562
1036 1308 1867 10 1036 10 10 1309 1309 10 10 1036 1308
563 563 69 69 1868 563 563 1869 1037 563 563 69 1037 1037
141 131 141 141 1870 141 131 131 1871 412 131 141 141 1872 412 131 1310 412 412
1873 1311 413 413 1874 413 1875 413 208 158 158 208 1311 158 1876 413 413 1877 208 208 158 413 158 1312 1312 158 158 413 1878
414 142 270 270 414 325 169 142 142 1313 1313 325 169 414 142 325 270 169 169 142 414 169 142 270 270 270 169 325 169 270 325 414 414 169 414 1879 414 270
4 4 4 4 4 4 4 4 4 4 4 4 4 4 4
20 15 28 28 20 28 28 20 28 28 365 15 15 15 20 15
0 0 0 0 0 0 0 0 0 0 0 0
1880 397 1314 1315 1316 1881 1882 397 1883 1884 1885 397 1886 1317 1317 1887 1888 1316 1889 397 1315 1314 1890
100 6 7 6 6 7 7 7 6 7 6 7
4 4 4 4 4 4 4 4 4 4 4 4 4 4 4
564 415 243 415 1318 243 227 227 326 227 416 415 227 416 243 415 243 227 243 564 326 415 564 227 227 243 227 564 415 1891 564 243 1038 243 564 227 416 227 1038 243 1319 326 1318 243 326 243 416 1319 326 415 416 227 227 326 416 326 243 227 416 227 227 243 416 415 326 243 326 326 1038
31 31 31 31 31 31 31 489 31 31 31 31 31
87 678 88 678 87 800 88 1892 678 801 678 74 678 74 800 87 88 74 87 800 800 1893 88 801 87 801 1894 801 87 74 74
9 75 679 75 75 75 9 75 9 9 75 75 75 75
259 1039 802 1895 1039 802 1896 1897 1898 259 259 1899 1040 1320 1900 680 680 1901 259 1320 802 1041 1042 1902 259 1039 259 1903 1321 259 680 1042 1904 259 1040 1905 680 1322 259 680 259 1322 1906 259 1041 1042 1043 1043 1907 1321 1323 1908 802 1909 1323 1910 1043 1911 1041 1040 1912 259 1913 259
6 6 7 7 100 6 7 6 6 7 7 7
3 3 3 3 3 3 3 3 3 3 3 3 3 3 3 3 3 3
95 95 122 1008 122 95 122 122 95 122 122 1009 95 95 95 122 154 154 154 154 95 95 122 95 154 154 1010 95 1011 154 122
304 304 1914 30 304 304 304 30 304 30 304 304 30 30 304 304 304
1324 209 1325 210 1326 209 209 209 210 210 210 210 210 210 210
1327 1915 565 1044 1044 565 490 1916 1917 490 565 1918 1328 1919 1920 1921 490 1045 1922 490 565 565 490 1045 1923 1327 1329 1045 1924 1925 490 1329 490 1926 1927 565 1328 1044
566 1330 132 567 159 159 159 132 566 566 132 159 159 566 567 159 1928 566 1330 132 567 132 567 567 159 566 567 1929
37 37 37 37 37 37 37 37 37 37 37 37 37 37 37 37 1331
12 12 12 8 8 12 8 137 12 12 12 8
37 37 568 1930 1931 30 30 568 30 568 37 30 568 37 568 568 30
569 1932 1046 569 1047 1933 1046 569 1934 1332 1332 1046 569 569 1047 1047 569
22 22 22 26 26 22 26 26 26 264 26 22 26 22
570 1333 1334 570 571 571 417 571 417 417 417 570
271 572 572 803 271 804 572 271 1335 271 271 803 804 271
23 10 23 10 23 223 10 10 23 23 23 23 10
4 4 4 4 4 4 4 4 4 4 4 4 4 4 4
202 202 202 202 202 89 202 202 202 202 202 202 89 89 202 202 89 202 202 1935 89 202 202 89
170 170 170 573 805 170 170 573 805 170 170 170 573 170 170
305 366 366 418 366 418 305 305 418 1936 366 305 272 418 366 1937 305 418 366 366 418 305 305 366 305 305 418 1938 418 1939 366 305 272 305 272 272
36 68 68 36 19 36 68 36 68 68 68 36 68 19 36 19 19 68 990
166 73 166 73 73 73 73 166 322 73 73 166 73 322 73
16 16 16 16 16 16 16 16 16 16 16 16 16 16 16 16 16
5 5 5 5 5 5 5 5 5 5 5 5 5 5 5 5 5 5 5 5
419 49 49 419 49 419 419 419 419 419 419 1940
327 68 327 68 68 327 327 327 68 327 327 1941 68 327 68 68 327 68 327
0 0 0 0 0 0 0 0 0 0 0 0
420 273 273 1942 48 273 273 48 420 48 273 273 1336 48 420 48 48 48 420
0 0 0 0 0 0 0 0 0 0 0 0
328 1943 574 1944 328 1337 1945 574 328 1338 574 1337 1339 1946 1340 1947 1948 328 328 1340 328 1949 574 1950 328 574 574 328 1951 1339 1952 328 1338 328 1953
1048 1341 1954 806 806 1049 1341 1049 806 1048 806 1048 1049
131 1955 48 48 131 1956 131 211 48 48 48 1957 211 48 131 211 211 131 48
18 19 19 19 18 18 19 18 18 18 18 575 18 19 19 18 18 19 19
94 14 14 14 14 13 13 13 94 405 94 14 13 14 13
0 0 0 0 0 0 0 0 0 0 0 0
807 807 1958 42 42 42 1342 1050 42 1050 807 1959 1050 42 1960 42 807 1342
421 212 212 212 212 421 212 212 212 212 421 421
133 171 171 133 133 171 133 681 171 682 683 133
1051 576 577 1961 577 1962 76 422 76 1963 1964 1965 577 576 76 76 577 576 1966 576 576 576 1051 422 1967 422 1051 577 76 1968 1969 422 577
684 131 131 684 684 1343 1344 684 1970 131 1344 274 274 1971 1345 131 131 274 684
685 685 1972 1973 143 143 1974 1975 491 143 143 143 491 491 143 685 143 491 491 685 491 491 685 143
150 41 64 41 64 64 41 64 150 41 41 41
578 1346 423 578 15 15 15 423 578 579 15 579 423 15 423 579
686 1976 808 1052 809 492 492 1977 1052 809 1978 492 808 686 808 1979 1980 808 1053 1981 492 492 1982 809 1053 809 1983 492 1053 1052 686 686 686 492
81 1984 275 1347 81 275 1347 138 275 138 275 275 138 138 81 81 81 275 138 81 138 138 138
687 52 52 687 810 687 810 1985 52 810 687 52 687 810 52 1986 52 52
7 6 7 6 7 7 7 7 100 6 6 6
1987 688 1988 689 1054 811 1989 688 1055 689 688 812 1990 813 1056 1055 689 689 1991 811 493 689 812 1992 493 1993 1994 811 493 1995 493 1056 493 813 688 811 812 813 1996 813 1997 688 1998 1057 1348 812 1999 1055 2000 493 1057 1054 1057 1348 1056 1054 493 2001
4 4 4 4 4 4 4 4 4 4 4 4 4 4 4
32 70 32 70 32 32 32 32 70 32 32 70 70 70 2002 32 32 32 32 32 32 32
213 213 213 213 213 213 367 213 367 367 367 213 213 367 213 367 213 213 213 213 367 2003 367 213 213 367
0 0 0 0 0 0 0 0 0 0 0 0
132 159 159 132 276 132 159 132 276 159 159 159 276 159 159 132 159 132 132 132 159 159 159 2004 159 132 132 159
0 0 0 0 0 0 0 0 0 0 0 0
41 64 64 41 41 150 150 64 41 41 64 41
1058 424 1349 1350 424 494 1351 494 2005 1059 424 580 494 424 494 494 2006 1060 580 2007 424 580 1351 580 2008 424 1060 580 424 2009 1059 1350 2010 580 1059 1058 494 424 1060 2011 494 1349 2012 1058
329 329 329 329 1061 329 329 329 1061 329 1061 329 329
40 1352 690 368 40 40 40 690 368 1352 2013 2014 40 40 690 40 368 690 2015 690 2016
412 814 1310 412 814 691 412 814 2017 691 691 814 691 2018 815 2019 815 691 412
2020 581 13 581 13 13 581 2021 13 2022 1353 13 2023 2024 1353
2025 495 816 495 495 692 692 172 2026 172 692 693 2027 495 1062 693 495 816 693 816 2028 2029 495 2030 2031 582 495 1354 2032 582 1062 172 692 816 693 1354 693 172 172 692 1062 582 2033
1063 330 71 817 330 1063 817 60 71 2034 818 330 60 60 60 2035 330 60 71 71 330 817 2036 2037 817 1063
2038 93 425 819 93 819 113 113 2039 113 113 113 93 1064 93 93 93 113 819 819 113 425 113 2040 425 2041 1064 425 93 1064
1065 369 1066 369 369 369 369 369 1066 1067 1067 1065 1067 369 2042 369 1066 1065 369
820 2043 426 426 2044 1068 426 155 426 1068 2045 426 155 228 228 228 2046 1068 426 228 2047 426 2048 228 1355 155 426
188 1356 65 229 188 188 188 1356 65 188 229 229 229 2049 65 229 188 188 65 188 188 229
69 22 9 9 9 22 22 69 821 22 69 22 22 9
3 3 3 3 3 3 3 3 3 3 3 3 3 3 3 3 3 3
18 68 18 18 18 68 18 18 1357 18 18 68 18 68 68 68 18 68 68
2050 189 189 277 1358 822 277 277 189 189 1358 277 189 277 277 189 822 189 189 189 189 822 822 189 277 277 189 277 277 277 2051 277
761 241 761 163 241 241 241 163 163 241 241 241 163
230 158 278 230 158 158 230 278 230 1069 230 1069 230 158 158 230 230 278 278 230 1069 278 2052 158 158 278 278 278 230
161 561 161 823 1359 161 823 161 161 561 561 823 823 1359
98 98 98 144 144 98 98 98 98 98 824 98 98 144 98 98 98 98 98 144 98 824 144 144
34 17 34 34 17 34 17 34 319 34 17 34 34
16 16 16 16 16 16 16 16 16 16 16 16 16 16 16 16 16
3 3 3 3 3 3 3 3 3 3 3 3 3 3 3 3 3 3
7 7 6 7 7 7 6 6 7 100 6 6
694 695 40 2053 694 40 695 2054 40 694 695 694 695 1360 40 40 694 1360 695 40 40
0 0 0 0 0 0 0 0 0 0 0 0
67 14 67 67 14 539 14 67 67 67 14 67 14 67 14
190 190 191 1361 190 427 191 427 190 191 190 427 191 191 190 190 190 190 190 2055 190 1362 190 190 191 190 190 190 427 190 190
2056 1070 553 13 13 1071 1070 2057 1071 13 1070 13 553 13 1071
0 0 0 0 0 0 0 0 0 0 0 0
331 696 696 331 696 331 696 331 1363 331 331 331 331 696 331 1363 331
0 0 0 0 0 0 0 0 0 0 0 0
211 274 1364 2058 496 211 496 496 274 211 274 496 496 496 2059 2060 496 1364 211
231 43 43 231 231 231 231 43 43 2061 43 43 43 523 2062 43 523 43 2063 43
2064 2065 1072 85 1072 141 85 2066 1072 2067 141 85 141 141 141 141 2068 2069 2070
28 28 28 28 15 20 15 15 20 20 28 28 15 15 20 365
63 63 63 51 51 204 63 51 51 51 63 204 51 51 63
2071 370 332 370 332 370 332 370 332 370 332 1365 332 192 332 192 192 332 192 332 1365 332 370 370 370 192 2072 370 192
98 98 98 144 144 98 98 98 98 98 824 98 98 144 98 98 98 98 98 144 98 824 144 144
193 583 583 145 145 193 145 145 193 193 145 193 145 145 193 145
16 16 16 16 16 16 16 16 16 16 16 16 16 16 16 16 16
825 99 11 99 99 99 99 11 11 99 11 99 99 11
1073 2073 22 22 826 1073 826 22 826 22 22 826 1073 22
41 41 64 64 41 41 41 41 150 64 64 150
1253 402 771 403 403 403 402 771 402 402 403 1254
84 84 84 84 84 84 84 84 428 84 428 84
7 6 7 7 6 6 7 7 7 6 6 100
87 87 87 87 87 87 191 87 2074 191 87 87 427 427 87 87 87 87 191 87 87 87 427 87 427 191 87 191 191 1362 1361
0 0 0 0 0 0 0 0 0 0 0 0
165 165 165 101 165 101 165 101 101 165 101 165 782 782 101 165 165 165
1074 429 185 827 429 2075 429 185 2076 429 185 827 827 2077 429 429 185 429 827 429 1074 185 185 1074
225 226 225 226 225 225 225 226 560 560 226 226
23 223 10 23 10 23 23 10 23 10 23 10 23
5 5 5 5 5 5 5 5 5 5 5 5 5 5 5 5 5 5 5 5
1075 1076 2078 2079 1366 1366 2080 1077 1076 2081 1075 2082 1367 1075 2083 1077 1076 1077 1367
214 214 214 87 191 214 214 87 214 87 214 87 214 214 214 2084 214 214 191 214 214 191 87 191 191 214 2085 214 87 191 2086
30 160 160 160 30 37 37 37 30 160 160 37 1368 160 160 30 30
828 697 697 584 1078 1079 697 828 828 1078 2087 584 584 1078 584 584 1369 1079 584 828 697 1079 697 1369
394 394 1234 532 229 430 430 394 430 430 532 430 2088 394 229 229 430 430 2089 532 430 2090
829 431 1080 829 1080 431 829 1080 431 431 431 431 431 431 829
267 207 267 207 207 267 267 207 207 267 267 207 207 207
209 209 27 27 209 209 209 27 209 2091 1370 27 209 1370 209
66 66 66 395 66 66 66 66 66 66 66 66 395 66
211 698 699 2092 1371 211 211 699 2093 698 1371 699 2094 699 699 698 211 698 698
118 407 118 167 407 407 407 787 167 118 118 118 787 118 167 167 167 118
30 30 35 35 672 35 30 30 30 30 30 35 35 30 35 30 30
2095 432 432 1372 585 830 585 2096 497 585 2097 497 585 1372 830 497 497 432 432 497 2098 497 432 432 830 830 1373 1373 585 432 432 585 497 2099
232 232 232 232 1374 46 20 232 46 46 232 20 2100 20 1374 20
2101 2102 1375 700 700 2103 700 2104 2105 700 1375 2106 700 2107 2108
71 71 333 586 333 102 333 333 333 333 71 2109 333 586 102 102 71 333 2110 2111 102 586 333 102 333 102
10 23 23 10 10 23 23 223 23 23 10 23 10
1376 2112 587 2113 1377 1081 587 2114 1376 587 1377 1082 1081 1378 1379 2115 587 1379 1082 2116 587 2117 587 1081 1082 1378
23 23 10 223 23 10 10 10 23 23 23 23 10
306 306 306 701 306 334 334 433 334 701 334 433 306 306 334 334 334 433 306 306 433 2118 306 701 334 306 433 306 433 433 334 701 433 701 334
3 3 3 3 3 3 3 3 3 3 3 3 3 3 3 3 3 3
820 1083 2119 2120 119 119 119 820 588 155 119 119 155 588 155 588 119 155 1083 155 588 119 588 588 119 155 1083
77 1084 434 1084 1380 77 77 77 1380 77 434 77 77 77 2121 77 2122 434 77 77 434 77 434 1084 434 77 434 434 77 77
18 19 18 18 18 18 19 19 18 18 575 18 18 19 19 18 19 19 19
335 335 1381 435 44 435 335 435 435 1381 435 371 2123 44 2124 371 335 44 435 435 44 371 335 44 435
0 0 0 0 0 0 0 0 0 0 0 0
80 115 115 152 80 80 115 80 115 80 152 152 80
498 499 2125 498 2126 589 436 1382 2127 436 1382 498 589 589 436 589 498 1383 499 436 1384 499 498 2128 499 1384 436 589 1383 589 436 499 436 499 2129 498 498 499 436 2130
2131 103 103 1385 1386 831 2132 103 1386 2133 103 831 590 831 831 103 590
12 12 12 12 12 137 8 8 12 8 8 12
31 31 489 31 31 31 31 31 31 31 31 31 31
1085 14 14 14 14 832 1085 14 2134 832 2135 832 14 1085 832
1387 591 591 1086 1086 1388 591 591 38 38 1086 38 38 2136 591 591 1388 1387
25 25 25 25 25 25 25 25 25 25 25 25 25 557 25
51 51 63 51 51 63 204 51 63 51 63 204 63 63 51
11 99 99 11 11 99 99 99 99 11 99 11 99 825
130 140 833 336 833 336 117 117 187 336 336 130 336 140 336 130 187 336 336 833 130 187 187 336 2137 187 140 833 117 130 2138 117 187 336
1389 101 1389 167 101 167 167 167 101 167 101 167 101 167 101 167 167 167
20 20 28 28 28 20 28 15 15 28 15 28 365 20 15 15
51 51 63 63 204 51 51 63 63 51 51 63 204 63 51
0 0 0 0 0 0 0 0 0 0 0 0
41 64 64 41 41 150 150 64 41 41 64 41
592 592 437 592 593 834 1390 835 593 702 593 594 1391 594 834 836 2139 594 702 2140 836 834 437 594 593 1391 592 594 593 437 702 835 1392 1390 437 835 437 437 835 2141 702 2142 592 437 836 593 834 836 2143 437 594 592 702 2144 1392 2145
2146 2147 595 2148 1393 93 1087 595 93 595 1393 93 1088 1087 1394 93 1395 1394 93 595 93 1395 1088 93 595 2149 595 1087 1088 2150
2151 1396 1397 1397 2152 500 1396 2153 500 1398 837 500 500 1398 837 1399 837 500 500 837 500 1399
16 16 16 16 16 16 16 16 16 16 16 16 16 16 16 16 16
3 3 3 3 3 3 3 3 3 3 3 3 3 3 3 3 3 3
11 9 11 9 9 11 9 9 11 9 9 242 11 9
63 63 63 51 51 204 63 51 51 51 63 204 51 51 63
139 762 164 763 318 164 164 139 139 164 139 762 164 318 164 164 139 164 139 763 139 318 318 139 164 139 139 139 139 164 318
96 96 96 42 96 42 96 96 42 96 96 96 1089 42 42 96 42 96
35 103 35 103 35 596 596 35 103 35 596 103 2154 2155 1385 35 103
1090 1090 1090 1400 65 2156 65 1401 2157 2158 1402 2159 1401 229 229 65 1402 1400 2160 65 229 2161
0 0 0 0 0 0 0 0 0 0 0 0
1091 35 2162 838 838 1091 2163 1091 35 838 2164 838 35 2165 35 35 35
173 27 173 27 27 1403 173 27 173 173 173 173 173 173 173
10 10 10 23 10 23 23 23 10 23 223 23 23
63 204 204 63 51 63 63 51 51 51 63 63 51 51 51
90 839 1404 839 90 2166 1404 85 90 85 90 839 90 90 85 839 90 90 90
4 4 4 4 4 4 4 4 4 4 4 4 4 4 4
151 151 525 151 161 525 151 151 161 151 161 151 161 161
2167 35 337 337 35 35 35 35 337 337 337 337 337 35 337 337 337
0 0 0 0 0 0 0 0 0 0 0 0
0 0 0 0 0 0 0 0 0 0 0 0
703 2168 2169 1405 1405 703 2170 2171 1092 2172 1092 703 703 703 1092
12 12 8 8 12 12 12 137 12 8 12 8
15 20 15 15 28 365 28 20 28 28 28 28 20 15 20 15
26 22 26 22 26 22 26 22 264 22 26 26 26 22
7 7 6 7 6 100 7 6 6 7 7 6
1406 146 840 1407 146 597 1406 597 146 840 146 597 146 597 597 146 840 597 146 146 1407 840
89 1408 841 185 279 2173 1233 185 89 841 89 279 279 185 185 2174 185 279 89 185 89 841 89 841
120 215 215 215 72 72 120 120 215 215 120 72 215 120 120 2175 215 120 215 72
16 16 16 16 16 16 16 16 16 16 16 16 16 16 16 16 16
2176 2177 2178 704 705 438 704 501 2179 2180 501 705 704 501 1409 704 1410 2181 501 842 705 438 501 843 1411 438 705 842 1409 843 2182 2183 2184 501 501 843 705 842 2185 842 1410 438 2186 843 1411 704
35 30 30 30 35 30 30 30 35 35 30 30 35 30 30 35 672
540 401 540 9 9 770 540 9 401 770 1252 401 401 9
166 73 166 73 73 73 73 166 322 73 73 166 73 322 73
91 371 91 2187 91 371 44 44 1412 91 1412 44 371 371 371 371 44 91 91 57 57 44 57 2188 57
844 1093 2189 1413 844 706 706 1093 1093 844 844 706 706 1413 706
115 115 80 80 152 80 80 115 152 80 80 152 115
845 260 1094 1414 260 2190 2191 2192 2193 2194 1095 2195 260 260 1415 846 845 2196 1414 1415 845 1096 260 260 260 2197 1416 707 260 2198 846 846 845 707 2199 260 260 2200 260 1096 846 1416 2201 707 2202 2203 707 707 2204 2205 1096 2206 1095 2207 260 2208 1094 1094 1095 260
338 598 598 847 338 338 1417 338 338 848 598 847 848
708 1418 708 708 2209 708 1419 1419 363 363 2210 1420 363 1420 2211 708 1418
48 48 48 48 48 1286 48 48 19 48 48 19 48 48 48 19 19 48 48
8 12 12 12 12 8 12 12 12 8 8 137
2212 439 2213 439 1421 439 1421 2214 88 2215 439 2216 88 2217 1422 439 88 2218 1423 2219 1424 2220 1422 1424 439 1423 1425 88 439 439 1425
307 307 307 502 307 502 502 307 502 307 1426 307 307 502 307 307 1426 307 502 502
423 579 578 579 15 15 578 1346 423 15 423 579 578 15 15 423
67 14 14 14 67 14 67 14 14 539 67 67 67 67 67
280 280 280 72 2221 2222 72 244 72 244 280 244 280 280 244 2223 72 244 244 244
338 598 598 847 338 338 1417 338 338 848 598 847 848
25 25 25 25 25 25 25 25 25 25 25 25 25 557 25
48 18 48 48 36 18 18 48 36 18 1259 36 36 48 18 48 36 36 48
14 709 709 1427 2224 2225 1427 709 14 14 14 14 709 14 709
63 204 204 63 51 63 63 51 51 51 63 63 51 51 51
194 194 194 194 194 194 194 194 194 194 1428 194 194 194 194 194 194 194 1428 2226 194
1429 440 2227 1430 1429 1431 440 1432 1431 440 440 440 440 440 1432 440 1430
245 245 245 245 245 245 245 245 245 245 245 245 245 245
849 14 14 2228 14 849 849 849 2229 14 14 14 2230 1433 1433
0 0 0 0 0 0 0 0 0 0 0 0
2231 2232 599 600 2233 2234 850 599 599 600 599 600 599 850 599 600 600 600
20 20 1434 20 20 79 79 20 79 79 79 20 20 79 79 20
308 308 20 308 20 308 308 308 308 20 308 308 2235 308 308 20
166 73 166 73 73 73 73 166 322 73 73 166 73 322 73
23 10 23 223 23 10 10 23 23 23 10 10 23
0 0 0 0 0 0 0 0 0 0 0 0
7 7 6 6 6 7 7 6 7 100 7 6
1097 851 852 710 851 710 851 1098 1097 2236 710 710 1097 1435 2237 852 852 851 2238 1436 1437 852 2239 2240 1437 1438 1439 1435 1438 1098 2241 2242 2243 1098 2244 2245 2246 1436 710 2247 1439
95 95 122 1008 122 95 122 122 95 122 122 1009 95 95 95 122 154 154 154 154 95 95 122 95 154 154 1010 95 1011 154 122
853 1099 2248 441 1099 441 441 441 2249 853 1440 1099 441 853 853 441 2250 1440 441 441
0 0 0 0 0 0 0 0 0 0 0 0
442 339 339 442 442 339 442 1441 339 1441 339 339 339 2251 339 2252 339 339
137 12 8 12 8 12 12 8 12 12 12 8
1442 64 854 64 854 854 854 64 1442 1443 64 1443
421 212 212 212 212 421 212 212 212 212 421 421
20 79 20 1434 20 20 20 79 79 79 79 20 20 79 79 20
34 34 34 17 17 34 34 34 319 34 17 17 34
84 84 428 84 84 84 84 84 84 428 84 84
2253 711 174 174 855 174 855 174 855 174 174 711 711 855 174 711 711 174 174 174
3 3 3 3 3 3 3 3 3 3 3 3 3 3 3 3 3 3
192 208 601 2254 601 1100 601 208 2255 208 601 192 208 192 192 1100 1100 192 208 208 601 208 1444 601 1444 192 1445 1445 208
443 444 443 856 445 856 443 444 444 445 146 146 443 146 445 146 146 146 146 444 146 445
31 31 489 31 31 31 31 31 31 31 31 31 31
0 0 0 0 0 0 0 0 0 0 0 0
64 150 150 64 64 41 41 41 41 41 64 41
225 226 226 226 225 225 225 225 226 560 560 226
104 228 1446 155 104 55 55 1355 55 55 2256 155 55 228 104 155 55 55 104 55 228 228 104 55 228 104 55
246 246 175 1447 246 246 246 246 246 175 1448 175 175 1449
71 114 857 1450 71 71 114 1451 1450 114 71 114 857 586 2257 857 586 857 114 2258 2259 114 114 2260 586 1451
2261 602 2262 2263 858 602 1452 1453 712 712 712 1452 2264 1101 2265 602 1102 2266 858 2267 712 1101 1454 1453 1454 712 2268 2269 602 602 1101 858 1455 2270 1455 713 2271 713 713 2272 2273 858 1102 2274 2275 713 2276 2277 2278 2279 713 2280 602 1102 2281
0 0 0 0 0 0 0 0 0 0 0 0
320 340 340 2282 859 321 321 1103 2283 2284 2285 320 340 860 340 340 603 603 859 2286 860 603 2287 603 340 320 859 860 321 320 321 340 1103 321 603 860 340 603 2288 340 1103 340 320 859
170 170 170 573 805 170 170 573 805 170 170 170 573 170 170
0 0 0 0 0 0 0 0 0 0 0 0
0 0 0 0 0 0 0 0 0 0 0 0
6 6 6 100 7 7 7 7 6 7 6 7
96 96 42 96 42 1089 96 42 96 96 96 42 96 96 42 42 96 96
604 1104 604 604 1456 281 1457 247 247 1456 247 76 247 76 247 1104 1105 2289 281 1104 604 76 604 247 76 247 76 1105 1105 281 2290 604 1457
42 42 42 42 38 52 38 52 52 42 52 38 1458 38 52 52 52 42
86 372 372 372 2291 372 372 86 372 86 2292 372 372 86 372 86 86 2293
443 444 443 856 445 856 443 444 444 445 146 146 443 146 445 146 146 146 146 444 146 445
99 825 99 99 99 99 99 11 99 11 11 11 11 99
34 34 34 34 17 17 34 34 34 34 17 17 319
861 862 861 1459 2294 714 714 714 714 2295 2296 862 862 2297 714 1460 1459 861 1460 2298 861 862 2299
151 161 151 151 161 525 151 151 525 151 161 161 151 161
26 22 22 26 22 26 22 22 26 264 26 22 26 26
270 863 248 446 446 863 2300 2301 2302 2303 2304 863 270 2305 2306 248 2307 248 2308 2309 2310 2311 1461 2312 863 1461 248 2313 2314 248 248 2315 270 270 248 2316 446 446
2317 715 85 19 1106 715 85 1106 19 1106 1107 19 85 19 1107 715 715 715 1107
26 26 22 264 22 26 22 26 22 26 26 22 26 22
0 0 0 0 0 0 0 0 0 0 0 0
1326 209 209 1325 209 1324 210 210 209 210 210 210 210 210 210
0 0 0 0 0 0 0 0 0 0 0 0
5 5 5 5 5 5 5 5 5 5 5 5 5 5 5 5 5 5 5 5
249 249 249 19 2318 19 249 19 249 249 249 249 249 19 249 249 249 249 249
3 3 3 3 3 3 3 3 3 3 3 3 3 3 3 3 3 3
138 1462 138 2319 2320 138 275 138 138 1108 1109 138 1463 275 1109 1108 138 138 275 1108 1109 1462 2321
131 131 19 274 19 19 131 131 131 19 274 19 19 1345 2322 19 1343 19 274
271 572 572 803 271 804 572 271 1335 271 271 803 804 271
100 7 7 6 7 6 7 6 6 7 7 6
22 22 26 22 26 22 26 22 26 264 26 26 26 22
2323 102 341 341 341 102 102 605 341 341 102 1464 341 605 102 341 102 341 605 605 605 341 1464 341 605 2324
606 503 503 2325 607 2326 606 2327 607 2328 864 1465 865 1466 716 606 1467 2329 716 607 1465 503 1110 2330 716 504 1111 2331 864 865 1110 2332 607 2333 2334 2335 1468 504 2336 716 504 504 2337 2338 607 2339 1110 503 1111 864 503 2340 2341 607 1467 2342 503 606 716 866 865 2343 606 864 1468 503 2344 2345 504 606 2346 865 2347 2348 1111 2349 2350 504 2351 866 504 866 1466 866
67 14 14 67 14 67 67 67 14 67 67 67 14 539 14
867 24 867 867 24 78 867 78 1469 1112 24 2352 1112 24 78 1469 24 1112
1470 608 717 717 609 610 609 610 1471 609 2353 718 608 1472 2354 718 609 1472 2355 718 610 2356 2357 1470 609 608 2358 718 717 717 2359 717 609 2360 2361 718
2362 205 205 79 205 205 79 205 205 79 79 205 79 79 205 79
342 342 2363 69 342 69 342 342 342 342 342 342 342 69
868 611 868 1113 2364 611 1113 868 611 2365 2366 611 2367 1113 2368 611 2369 611 868
3 3 3 3 3 3 3 3 3 3 3 3 3 3 3 3 3 3
3 3 3 3 3 3 3 3 3 3 3 3 3 3 3 3 3 3
72 174 43 174 43 2370 174 72 43 174 174 174 174 72 174 43 174 43 72 174
612 76 76 2371 76 281 1473 76 76 76 147 612 612 76 447 147 2372 147 612 281 281 612 76 447 76 76 612 447 447 147 147 147 1473
123 33 29 33 29 29 33 33 29 29 33 123 29 1474 29 29 29 29 123 29 29
1475 2373 2374 162 1114 1115 2375 2376 869 1116 1117 162 2377 1476 162 162 162 1118 1119 1475 162 613 870 1477 162 1118 162 1115 162 613 1115 1478 870 1114 869 162 1119 1477 1118 1119 162 613 162 1476 1479 613 1479 869 2378 162 162 1116 870 1116 1117 869 870 2379 2380 1114 871 2381 871 871 1478 871 613 613 162 2382 2383 1117
1480 1481 2384 1482 448 1120 448 2385 1121 2386 1121 448 1120 448 1482 448 2387 1480 2388 1120 448 1483 2389 1481 2390 448 1121 448 1483
505 343 505 343 343 1484 343 343 343 343 1484 505 505 505 343 505 343 343 505
12 8 8 12 8 137 12 12 8 12 12 12
719 719 1122 719 872 2391 719 872 719 18 18 1122 18 1122 872 18 18 872 2392
10 23 23 10 23 10 223 10 23 10 23 23 23
1123 344 344 1123 2393 344 1123 1485 873 344 2394 344 2395 2396 1485 873
261 506 506 2397 2398 261 1486 874 614 1124 875 876 506 1124 2399 2400 345 345 2401 1124 261 2402 2403 720 2404 506 2405 345 261 875 720 2406 1125 877 878 1487 874 614 2407 1488 1489 874 721 722 721 1126 2408 449 2409 1490 2410 2411 721 878 2412 345 1127 614 876 261 720 449 345 449 878 876 2413 875 345 720 506 261 261 614 261 261 345 2414 878 722 722 1487 2415 721 1490 2416 261 722 2417 2418 1127 2419 1486 874 1488 1125 2420 261 2421 2422 2423 261 506 449 875 2424 877 2425 449 614 876 614 1489 1126 449 722 506 2426 2427 345 2428 449 877 2429 449 345 261 1127 2430 345 877 2431 721 720 1126 1125
0 0 0 0 0 0 0 0 0 0 0 0
2432 879 1128 1491 1491 2433 507 1129 1129 507 507 1128 507 1128 879 1129 507 507 2434 507 879 879
0 0 0 0 0 0 0 0 0 0 0 0
2435 373 373 723 724 373 1492 615 724 615 373 615 373 615 723 1493 724 723 880 1492 880 615 724 724 880 723 1493 723 373 373 373 880 615 2436 373 2437
309 216 216 216 216 309 216 216 216 309 216 216 216 309 309 216 216 216 309 2438 216 309 309 309 216 309 309 216
1130 2439 1130 616 2440 2441 616 1494 616 1494 2442 1130 616 616 616
1495 881 2443 2444 725 1495 881 881 148 725 2445 1496 882 725 882 725 725 882 2446 148 881 1496 148 2447 2448 148 882 2449
10 1497 10 2450 883 10 1497 10 883 883 10 2451 883
195 82 195 82 82 82 82 195 82 82 195 195 195 82 82 195 2452 82 82 195 82 82 82 195
508 508 2453 1131 2454 726 884 346 617 2455 508 346 1498 2456 726 617 726 346 617 1498 2457 2458 884 885 508 346 346 2459 1131 508 726 2460 885 2461 2462 346 346 617 1132 2463 1132 1499 617 885 508 726 346 617 2464 508 2465 2466 2467 1132 2468 346 1499 885 346 884 2469 2470 2471 884 1131 2472
0 0 0 0 0 0 0 0 0 0 0 0
509 509 2473 886 347 618 2474 2475 509 347 2476 727 727 727 347 2477 886 887 509 2478 727 618 618 509 2479 887 2480 727 347 1133 347 1134 1134 2481 887 509 347 618 347 2482 2483 1134 1133 347 887 347 509 886 347 2484 1133 886 2485 618 618
0 0 0 0 0 0 0 0 0 0 0 0
166 73 166 73 73 73 73 166 322 73 73 166 73 322 73
12 12 12 12 8 137 12 8 8 8 12 12
269 269 269 363 1302 269 269 796 796 363 363 269 797 559 559 797 559
41 41 150 41 64 64 41 64 64 150 41 41
1135 450 1135 1136 450 450 450 1136 450 1136 450 450 450 1135
3 3 3 3 3 3 3 3 3 3 3 3 3 3 3 3 3 3
33 168 123 33 123 168 168 168 33 168 168 33 168 168 888 888 33 2486 123 168 168
5 5 5 5 5 5 5 5 5 5 5 5 5 5 5 5 5 5 5 5
1137 1500 2487 211 211 1501 2488 2489 2490 1502 1501 211 1500 1137 2491 1502 211 1137 2492
1503 1504 451 282 451 282 451 282 1505 282 282 282 451
889 889 510 510 2493 1506 510 510 1506 889 889 510 510 2494 510
42 42 42 42 42 42 24 1507 24 42 42 24 24 24 42 42 42 42
1508 1138 1138 1138 619 2495 619 728 728 728 619 619 1508 619 728 619 728
33 1139 45 1509 1510 2496 33 1511 2497 33 45 1511 1510 1509 2498 33 45 1139 1139 33 45
1512 310 890 1513 310 1514 2499 1513 890 890 1512 310 310 310 890 2500 310 310 2501 1514 310 310 310 310
97 262 262 97 262 97 262 262 97 97 262 97 262 262 97 262 262 262 262 2502 262 97
39 891 1140 39 891 891 39 2503 39 89 1140 39 39 1140 1515 89 89 39 1515 89 39 891 89 89
892 729 2504 729 892 1516 729 873 729 892 2505 2506 729 1516 873 892
80 115 115 152 80 80 115 80 115 80 152 152 80
15 1517 176 176 176 176 15 176 176 15 176 15 176 176 15 176
893 2507 177 894 893 2508 1518 32 894 32 32 32 894 177 893 893 177 1518 32 177 2509 894
895 730 548 895 730 548 895 895 548 730 730 730
896 374 511 374 2510 896 1519 1141 2511 374 2512 374 2513 374 2514 1141 896 511 2515 1520 1520 2516 2517 374 1141 511 2518 374 374 511 374 896 511 511 1519 2519 511
0 0 0 0 0 0 0 0 0 0 0 0
570 1333 1334 570 571 571 417 571 417 417 417 570
311 311 348 348 348 348 311 2520 311 348 348 311 311 348 311 311 348 348 311 348 311 311
52 24 24 52 24 1142 24 24 52 24 24 52 52 24 52 24 24 52
9 11 9 9 9 9 11 242 9 11 9 11 11 9
133 682 171 133 683 681 171 133 171 133 171 133
0 0 0 0 0 0 0 0 0 0 0 0
349 349 349 2521 2522 350 349 83 83 349 83 350 350 83 349 349 349 349 350 83 2523 349 350
2524 217 217 217 217 217 32 217 217 217 217 217 217 217 32 217 217 32 32 32 217 217
280 120 280 2525 120 283 283 2526 280 120 280 283 283 280 120 280 120 120 120 2527
5 5 5 5 5 5 5 5 5 5 5 5 5 5 5 5 5 5 5 5
0 0 0 0 0 0 0 0 0 0 0 0
11 11 11 11 11 620 11 11 69 11 11 69 69 11
17 56 17 10 56 10 17 263 10 10 17 10 56
14 13 94 14 14 94 14 94 13 13 14 405 14 13 13
196 284 196 284 196 196 375 284 284 375 196 375 196
2528 65 32 222 177 32 65 32 2529 222 65 32 229 229 222 177 177 177 2530 32 229 65
10 17 17 17 263 56 10 56 10 56 10 10 17
104 55 1143 104 104 1144 55 104 104 1144 104 2531 104 104 1521 55 104 1144 2532 1143 104 1143 55 104 104 1521 55
14 27 27 27 14 14 14 14 27 27 27 897 27 14 27
7 100 6 7 6 7 7 6 6 7 7 6
11 11 620 11 11 69 69 11 11 11 11 69 11 11
20 20 15 46 20 15 46 46 46 15 46 15 15 46 20 898
2 2 2 2 2 2 2 2 2 2 2 2 2 2 2 2 2 2 2 2 2 2 2 2 2 2 2
169 446 1522 2533 899 1145 169 169 2534 142 1145 142 142 1145 142 1522 899 169 142 142 2535 446 2536 169 169 899 142 142 2537 142 899 142 446 169 446 169 142 142
36 85 36 85 36 85 85 85 85 2538 36 85 85 85 85 36 85 85 36
134 351 621 134 134 351 134 351 134 1146 134 351 621 134 134 134 134 134 134 2539 351 134 351 134 134 621 621 351 134 134 134 134 134 1146 621 134 2540 1147 621 1146 351 134 134 1147 134 2541 1147 134 351 351
0 0 0 0 0 0 0 0 0 0 0 0
4 4 4 4 4 4 4 4 4 4 4 4 4 4 4
45 45 45 33 45 123 45 45 45 45 33 45 33 2542 123 33 123 45 45 33 45
900 197 2543 197 197 731 1523 1523 1524 197 135 900 197 197 2544 197 900 197 731 731 135 731 135 135 135 135 900 135 197 731 135 2545 197 197 2546 135 197 135 1524
17 10 56 263 10 56 10 10 17 56 17 10 17
8 8 8 8 49 8 49 8 8 8 49 452
32 32 233 32 32 177 32 32 177 32 2547 32 233 177 32 32 177 2548 233 233 2549 233
105 276 276 105 105 276 132 105 105 148 132 105 276 132 148 132 105 105 105 105 276 132 148 276 105 148 105 2550
141 141 815 141 19 815 141 19 141 141 2551 141 141 141 19 141 19 141 141
1 1 1 1 1 1 1 1 1 1 1 1 1 1 1 1 1 1 1 1 1 1 1 1 1 1 1 1 1 1
4 4 4 4 4 4 4 4 4 4 4 4 4 4 4
285 14 285 376 14 14 376 14 1148 285 14 1149 285 376 14
285 285 14 14 1148 285 1149 14 285 14 376 14 376 14 376
82 178 178 82 279 2552 279 178 82 178 82 178 178 2553 279 178 2554 178 279 82 178 178 82 82
12 137 12 12 8 12 12 8 8 12 12 8
46 232 232 2555 409 46 46 46 46 232 46 409 409 2556 2557 409
7 6 7 6 100 7 7 6 7 6 6 7
41 64 64 41 41 150 41 41 64 41 64 150
6 6 7 6 7 6 6 7 100 7 7 7
250 250 250 622 250 453 453 250 453 622 250 250 453 622
21 21 21 21 21 21 21 21 21 21 21 21 21
26 26 69 26 26 1525 69 69 26 26 26 69 69 69
145 193 193 193 145 583 193 145 145 145 193 583 145 145 145 193
1150 901 1150 17 901 1150 2558 17 2559 17 901 17 901
623 1151 1151 1151 9 9 623 623 623 9 623 2560 623 9
1 1 1 1 1 1 1 1 1 1 1 1 1 1 1 1 1 1 1 1 1 1 1 1 1 1 1 1 1 1
10 10 10 10 624 10 10 10 10 10 2561 10 624
74 74 88 74 198 198 88 74 74 74 198 74 2562 74 74 74 74 74 74 74 198 74 74 88 198 74 74 88 74 198 74
196 284 196 284 196 196 375 284 284 375 196 375 196
75 75 75 75 75 9 75 9 75 75 679 75 9 9
22 26 22 26 22 26 26 264 26 22 26 22 26 22
46 15 15 46 20 20 20 898 15 15 46 15 20 46 46 46
75 75 9 75 75 9 9 9 75 75 75 75 75 679
6 7 7 6 7 6 6 7 7 100 6 7
6 6 49 49 625 6 49 6 49 49 6 49
38 78 38 38 24 24 24 24 24 78 24 24 78 24 24 1152 38 24
2 2 2 2 2 2 2 2 2 2 2 2 2 2 2 2 2 2 2 2 2 2 2 2 2 2 2
10 10 23 10 23 10 10 23 23 23 23 223 23
454 454 2563 454 2564 454 286 286 286 2565 454 454 454 454 286 286 286
29 33 33 123 33 123 29 29 29 33 29 33 123 29 1474 29 29 29 29 29 29
626 251 626 1153 1153 251 2566 1153 251 2567 626 251 251 626 251 83 626 83 83 251 626 83 83
69 11 11 69 11 11 11 11 11 11 69 620 11 11
2568 29 627 29 404 123 2569 29 123 1154 2570 1154 1154 29 2571 404 29 627 29 123 627
1 1 1 1 1 1 1 1 1 1 1 1 1 1 1 1 1 1 1 1 1 1 1 1 1 1 1 1 1 1
2572 2573 1526 1155 1527 1528 1528 2574 78 78 1529 1527 1529 1155 78 1530 1530 1155
102 71 102 102 102 102 102 60 71 102 102 71 60 60 60 102 71 102 60 102 71 102 71 71 71 2575
106 126 126 106 126 126 126 126 126 126 2576 126 126 126 126 126 126 126 126 106 126 126 126 126 126 126 126 106 126 126 126 106
4 4 4 4 4 4 4 4 4 4 4 4 4 4 4
61 143 143 61 89 143 143 143 61 39 143 39 39 89 143 61 89 61 89 143 2577 39 89 89
252 252 252 252 195 195 195 252 195 195 252 2578 252 252 252 195 195 195 252 252 252 252 195 252
31 31 31 31 31 31 31 31 31 31 31 489 31
49 8 8 8 8 49 8 8 8 452 8 49
34 34 34 17 34 34 319 34 34 34 17 17 17
78 78 78 902 78 78 2579 2580 78 78 78 78 902 902 78 902 78 78
179 179 512 377 179 512 377 377 377 512 179 377 377 377 179 512 179 179 512 377 179 512 179 179 179 179 377 179 179 2581 179 512 179 179 179 179 179
17 34 34 34 34 319 34 34 17 34 34 17 17
9 11 11 9 9 9 242 9 9 9 9 11 11 11
72 120 72 120 72 120 120 72 72 2582 120 72 72 120 72 72 72 72 72 120
13 27 13 398 13 13 27 13 13 27 27 13 13 13 13
30 1368 160 37 30 37 160 30 30 160 160 37 37 160 160 160 30
37 37 37 37 37 37 37 37 37 37 37 37 37 37 37 1331 37
35 30 35 30 35 30 672 30 30 30 35 30 35 30 30 35 30
513 198 88 513 88 198 513 2583 513 88 74 88 88 88 513 88 74 88 88 198 513 198 88 198 74 198 88 88 74 74 513
30 30 30 30 35 30 35 30 35 672 35 30 30 35 35 30 30
28 20 365 15 20 15 28 20 28 28 15 20 28 15 28 15
223 23 10 10 23 23 10 23 23 10 10 23 23
168 168 514 2584 732 168 2585 732 732 2586 514 2587 514 732 732 168 168 514 514 514 514
121 121 1531 121 121 121 121 121 121 121 121 121 121 121 121 628 121 121 628 121 628 121 121 121 121 1531 628 121 121 121 628 121 628 121 121 121
455 287 903 455 1532 455 629 287 455 287 287 287 629 903 1533 287 629
1 1 1 1 1 1 1 1 1 1 1 1 1 1 1 1 1 1 1 1 1 1 1 1 1 1 1 1 1 1
173 173 27 173 173 27 1403 173 27 173 173 27 173 173 173
72 156 43 72 2588 156 72 43 72 72 43 156 72 156 156 43 156 43 72 72
0 0 0 0 0 0 0 0 0 0 0 0
10 56 56 10 56 17 10 17 17 263 10 10 17
904 352 2589 199 352 2590 352 905 352 352 199 733 352 905 905 1534 1156 199 904 1534 1156 352 2591 352 2592 199 2593 199 1156 352 904 199 352 905 904
1157 630 630 630 630 1157 630 2594 553 553 906 1157 906 630 2595
14 13 94 13 14 94 14 13 13 13 14 14 94 14 405
35 35 35 35 35 35 35 1535 35 35 37 35 37 37 35 37 35
136 1536 136 515 136 136 136 136 136 136 2596 136 136 136 136 2597 136 515 515 515 136 136 136 136 136 136 136 1537 515 1536 136 1537 136 136 136 2598 515 136 2599 515
1241 15 79 79 79 46 15 79 46 79 15 79 15 46 79 15
0 0 0 0 0 0 0 0 0 0 0 0
38 38 1158 1159 2600 907 38 1159 907 1158 1538 907 1538 38 2601 1158 1159 907
7 7 6 6 7 7 6 6 100 7 7 6
232 232 20 631 2602 2603 631 20 631 20 2604 631 232 20 631 631
18 18 19 19 19 18 18 19 575 18 18 18 19 18 19 18 19 18 19
31 31 31 31 31 31 31 31 31 31 31 31 489
127 127 127 127 127 88 127 127 127 127 127 127 127 127 127 127 88 88 127 2605 127 127 127 127 127 127 127 127 127 127 88
263 17 17 10 56 10 17 17 10 10 56 56 10
23 23 10 23 223 10 23 23 23 10 10 10 23
2606 312 215 312 312 312 215 215 215 312 312 215 215 312 312 215 312 312 215 312
6 7 100 7 7 7 7 6 7 6 6 6
17 17 17 17 17 17 17 1160 17 17 17 17 17
17 17 17 17 17 1160 17 17 17 17 17 17 17
100 7 7 7 7 7 6 6 6 7 6 6
38 42 52 52 38 52 52 52 42 42 42 38 38 52 42 42 52 1458
22 22 9 69 9 69 821 69 9 22 22 22 22 9
57 91 57 57 288 44 288 288 288 44 288 91 288 91 44 2607 91 288 44 288 44 91 57 91 288
7 2608 7 2609 7 7 908 908 908 7 908 7
2610 39 39 124 61 39 124 124 61 124 124 39 124 39 61 39 39 61 39 39 61 39 39 39
456 632 2611 2612 632 2613 516 632 516 456 632 2614 632 632 516 456 516 516 456 516 516
47 47 47 47 535 47 28 28 47 28 47 28 47 28 47 28
1 1 1 1 1 1 1 1 1 1 1 1 1 1 1 1 1 1 1 1 1 1 1 1 1 1 1 1 1 1
24 38 24 24 24 38 24 24 24 24 78 38 24 1152 78 24 38 78
2615 457 734 27 734 457 27 734 27 734 27 2616 457 734 457
56 56 56 31 31 56 31 2617 31 56 31 31 56
2 2 2 2 2 2 2 2 2 2 2 2 2 2 2 2 2 2 2 2 2 2 2 2 2 2 2
1161 178 178 39 1161 39 178 178 2618 39 39 178 178 2619 39 39 178 2620 178 39 1161 178 39 178
8 8 8 8 8 8 452 49 49 8 49 8
458 1539 1162 8 8 1162 8 1539 458 8 1162 2621
1163 1540 1164 1541 276 633 1540 1164 2622 633 633 2623 1165 633 1165 1163 2624 2625 2626 276 633 276 1541 2627 1165 1163 1164 633
49 49 8 8 8 452 8 8 8 8 8 49
7 6 7 7 7 6 6 100 7 6 6 7
289 289 289 289 234 234 234 378 234 234 378 378
163 163 163 1542 163 1166 1166 1542 1166 163 163 163 163
1 1 1 1 1 1 1 1 1 1 1 1 1 1 1 1 1 1 1 1 1 1 1 1 1 1 1 1 1 1
43 43 43 43 107 156 107 43 156 107 43 43 107 156 43 107 107 43 43 1543
17 17 17 17 17 17 17 1160 17 17 17 17 17
681 171 683 133 171 682 171 171 133 133 133 133
8 12 8 8 137 12 12 12 8 12 12 12
21 21 21 21 21 21 21 21 21 21 21 21 21
353 353 353 634 438 909 459 634 634 635 634 459 634 353 353 438 353 635 1544 459 353 2628 634 459 459 438 353 459 909 353 635 635 459 2629 635 2630 459 909 2631 635 438 2632 353 909 1544 2633
35 37 37 37 35 1535 35 35 35 35 35 35 35 35 37 35 35
2 2 2 2 2 2 2 2 2 2 2 2 2 2 2 2 2 2 2 2 2 2 2 2 2 2 2
458 6 8 8 458 6 1167 8 6 8 6 6
590 1545 37 37 103 37 103 103 590 103 103 103 37 103 103 103 103
636 45 40 40 636 2634 45 40 1546 40 2635 1168 40 1168 1168 636 45 40 45 1546 40
50 50 50 2636 50 1169 735 735 50 50 50 50 50 50 50 50 735 735 735 50 50 50 2637 50 50 50 50 50 1169 1169 50 50 50 2638 50 50 2639 50 50 50 50
1547 24 38 24 24 38 38 38 38 24 38 38 38 38 38 38 24 38
77 93 93 77 93 113 113 113 77 113 113 77 77 113 77 93 77 77 93 113 77 113 113 113 113 2640 93 113 77 93
7 6 7 6 6 7 100 6 6 7 7 7
1170 235 2641 1171 736 2642 2643 736 910 1171 1172 736 517 2644 2645 235 235 2646 2647 910 235 736 1172 1171 517 1170 736 910 1172 910 517 235 517 1170 235 517 2648 517 517
911 911 1173 1173 44 44 2649 737 1173 2650 911 44 737 1548 44 1174 911 44 1174 737 737 737 1548 1174 2651
1175 9 9 175 9 1176 236 1177 236 175 175 236 175 9
149 149 149 149 912 180 149 149 912 180 149 180 149 180 180 149 149 149 149
62 53 53 53 913 53 53 62 53 53 62 53 53 53 62 62 53 62 62 53 62 62 62 62 62 53 913 62 62 53 53 53 62 53 62 53 62 53 62 62 53 53 53 62 62 53 62 53 62 53 62 53 53 62 53
175 236 1175 175 1177 9 175 9 1176 9 175 9 236 236
2 2 2 2 2 2 2 2 2 2 2 2 2 2 2 2 2 2 2 2 2 2 2 2 2 2 2
22 22 290 290 290 1549 22 290 290 1550 290 22 22 22
575 18 18 19 19 19 19 18 18 18 18 19 18 18 18 19 18 19 19
460 460 460 460 2652 291 1551 460 291 460 460 291 460 2653 2654 1551 291
10 17 10 10 17 56 10 56 17 263 10 17 56
242 9 9 11 9 9 11 9 11 11 9 11 9 9
14 14 67 539 67 67 67 67 14 67 14 14 67 67 14
354 354 1552 1552 354 354 354 1553 354 1553 354 354 2655 354 354
84 84 84 84 84 428 84 84 428 84 84 84
319 34 17 34 34 34 17 17 17 34 34 34 34
2656 160 160 596 291 2657 291 160 596 2658 596 160 291 160 160 291 160
2 2 2 2 2 2 2 2 2 2 2 2 2 2 2 2 2 2 2 2 2 2 2 2 2 2 2
637 76 76 76 1554 914 76 422 422 637 2659 76 76 914 914 422 2660 637 2661 914 2662 637 2663 1554 76 2664 76 76 422 637 637 2665 76
2666 461 1178 461 738 461 461 738 1178 461 1178 738 461 738 461 738 2667 461
175 246 246 246 1448 1447 175 246 1449 246 175 175 246 246
76 76 1555 76 915 2668 915 76 76 76 2669 1179 76 916 2670 76 1555 915 76 916 76 76 916 2671 76 2672 915 1179 76 1179 916 76 76
14 14 1556 638 14 14 1556 14 638 2673 14 638 638 638 638
2674 172 462 917 2675 739 292 462 172 292 462 462 739 739 292 739 172 292 292 172 292 2676 462 293 917 292 293 292 292 292 292 462 462 2677 293 739 292 917 172 2678 293 462 917
8 8 12 12 12 12 8 8 12 12 12 137
140 253 253 253 733 733 140 140 140 117 117 140 140 140 253 733 117 140 253 253 733 117 1557 253 140 253 140 1557 2679 140 140 140 140 140
483 2680 117 1558 140 130 483 740 740 483 187 187 130 117 740 187 740 740 1558 130 140 117 117 117 117 117 2681 130 187 187 117 140 130 187
2 2 2 2 2 2 2 2 2 2 2 2 2 2 2 2 2 2 2 2 2 2 2 2 2 2 2
14 94 13 13 94 14 13 13 94 14 13 405 14 14 14
355 324 1180 1181 639 272 741 1181 610 741 2682 2683 272 355 741 272 741 1180 2684 324 355 355 355 272 610 1181 324 2685 2686 610 2687 741 324 324 639 1180
1182 2688 29 627 29 640 29 29 640 627 2689 2690 627 1182 640 29 1182 640 29 640 640
289 289 378 289 289 234 234 378 234 234 378 234
81 251 81 251 251 379 379 379 251 81 2691 379 379 379 379 251 81 251 81 81 379 251 379
18 36 36 1559 36 274 274 2692 18 2693 2694 1559 36 274 18 18 36 18 36
21 21 21 21 21 21 21 21 21 21 21 21 21
46 2695 47 47 47 47 46 47 47 46 46 47 47 46 47 46
380 380 253 157 199 380 157 253 380 199 380 199 253 157 253 199 199 199 199 199 199 157 199 253 380 380 253 380 199 157 380 199 157 157 2696
825 11 11 99 99 11 99 11 11 99 99 99 99 99
15 15 15 15 15 15 15 15 15 15 1560 15 15 15 15 15
2697 19 19 19 36 19 19 19 19 36 36 19 19 19 19 36 19 36 36
31 31 31 31 31 31 31 31 489 31 31 31 31
26 22 22 26 22 22 264 22 26 26 26 26 22 26
49 452 8 8 49 8 8 49 8 8 8 8
70 70 70 222 70 70 222 70 2698 70 70 70 70 222 70 70 70 70 70 70 70 70
420 1336 19 85 85 273 85 273 420 2699 420 19 273 420 273 19 19 273 273
285 285 14 14 14 376 14 1149 14 14 1148 285 376 285 376
43 1543 43 156 43 107 107 43 43 107 43 107 107 43 43 107 156 43 43 156
28 47 47 28 47 28 47 535 47 47 47 28 47 28 47 28
224 361 1003 224 361 361 224 547 547 224 224 1002
14 27 14 27 14 14 27 897 27 27 27 27 14 14 27
218 2700 71 218 71 218 60 60 60 218 218 218 218 218 218 71 218 218 218 218 60 218 60 71 218 218
681 171 133 683 171 133 171 133 133 133 682 171
2701 641 56 237 237 237 237 2702 2703 641 56 56 237
2704 381 293 172 642 381 642 172 172 642 172 172 293 172 381 172 293 1561 172 381 918 643 642 918 2705 643 381 643 381 2706 172 918 381 642 172 381 1562 293 1561 642 918 381 1562
620 11 11 11 69 11 11 11 69 69 11 11 11 11
46 46 15 15 20 20 15 46 20 898 15 46 46 20 46 15
192 294 2707 294 1563 192 278 158 294 278 192 158 158 192 294 294 294 158 1563 294 158 294 158 278 192 278 192 2708 158
1183 2709 1564 1184 2710 1564 1565 1184 1183 1566 1565 1566 2711 1183 1184 2712
1 1 1 1 1 1 1 1 1 1 1 1 1 1 1 1 1 1 1 1 1 1 1 1 1 1 1 1 1 1
21 21 21 21 21 21 21 21 21 21 21 21 21
116 1567 2713 38 116 78 116 116 38 38 116 78 1567 116 78 38 116 116
13 13 13 13 398 13 13 27 27 13 27 13 13 27 13
108 108 108 108 325 108 108 108 108 108 108 108 644 108 108 108 108 108 325 108 644 108 108 108 108 108 2714 108 108 108 644 108 108 108 325 325 325 108
4 4 4 4 4 4 4 4 4 4 4 4 4 4 4
12 12 12 8 12 12 12 8 8 137 12 8
56 10 10 10 17 17 263 10 17 10 56 56 17
71 60 60 60 60 153 60 153 60 71 60 153 60 60 60 153 71 60 60 60 60 153 153 2715 60 71
15 20 15 46 20 20 46 46 15 20 898 15 46 46 15 46
109 109 295 109 109 109 109 109 109 109 109 295 109 109 109 109 2716 109 109 109 109 109 295 109 109 109 109 109 109 295 295 109 295 109 109 109
66 66 395 66 66 66 66 395 66 66 66 66 66 66
60 114 71 71 60 114 60 114 71 60 60 71 71 71 60 114 114 71 60 71 60 114 60 60 2717 114
125 125 125 13 13 125 125 13 125 13 125 125 1185 125 13
186 186 206 2718 186 81 186 81 186 81 206 81 81 206 206 81 186 81 81 81 81 81 81
10 56 10 56 10 10 2719 624 624 56 624 624 10
1568 2720 48 2721 1568 919 48 1569 1569 48 919 919 48 2722 48 48 48 919 2723
8 8 137 8 8 12 12 12 12 12 12 12
1570 219 219 219 463 219 463 219 219 920 219 219 920 463 463
12 137 12 8 8 8 12 12 12 12 12 8
60 818 71 921 2724 153 60 2725 818 60 921 71 1186 921 60 1186 60 71 921 153 153 71 153 153 153 1186
38 78 86 850 86 86 78 38 2726 2727 86 850 78 38 86 1526 38 86
287 455 287 903 455 1532 455 287 455 287 287 903 629 629 1533 287 629
10 10 23 10 23 10 23 23 23 10 223 23 23
128 128 128 128 128 128 128 128 128 128 128 128 128 128 128 128 128 128 128 128 128 382 382 128 382 128 2728 128 128 128
906 13 25 13 906 13 25 25 25 2729 13 13 25 25 25
27 27 13 13 13 13 398 13 13 27 13 13 13 13 27
25 25 25 25 25 25 25 25 557 25 25 25 25 25 25
91 44 57 44 91 57 1571 44 57 57 91 57 57 91 91 57 44 44 44 44 44 44 91 44 57
10 10 17 56 17 17 263 56 56 10 10 17 10
82 89 89 82 82 82 89 89 89 89 39 82 89 89 2730 89 39 82 39 89 89 89 82 39
144 922 144 464 356 464 922 356 144 923 356 356 144 923 924 464 144 925 464 356 925 1572 144 924
44 44 44 44 288 254 57 57 44 254 44 254 57 288 57 254 254 44 44 44 288 44 2731 254 254
22 22 290 1550 22 290 22 290 290 22 22 290 290 1549
523 2732 523 156 1007 231 231 323 231 1573 2733 156 231 323 323 323 323 231 156 2734
40 40 40 40 40 40 40 40 40 40 29 29 40 29 40 29 1292 29 40 40 29
2735 296 30 296 296 296 30 30 30 30 30 296 30 296 30 30 30
242 11 9 9 9 9 11 11 9 11 9 9 9 11
21 21 21 21 21 21 21 21 21 21 21 21 21
125 125 125 125 13 13 13 13 125 125 1185 125 13 125 125
2736 70 32 32 70 177 32 177 70 70 177 177 70 177 177 70 1574 32 32 177 177 1574
110 110 110 110 110 110 110 110 110 518 110 110 2737 110 742 110 110 110 110 110 742 518 110 518 110 110 110 518 110 742 518 518 110 110 110 518 742 110 110 110 110 742
27 13 13 13 27 13 13 13 13 13 13 398 27 13 27
1 1 1 1 1 1 1 1 1 1 1 1 1 1 1 1 1 1 1 1 1 1 1 1 1 1 1 1 1 1
926 926 1187 926 581 2738 1187 926 1575 2739 1187 581 581 1575 2740
111 111 111 111 111 111 238 111 111 111 111 111 645 238 238 111 111 111 111 111 645 238 238 238 645 238 2741 111 111 111 645 645 111 111 238 111 238 645 111 111 238 238 238 238 238 111 111 111 111 111 238
11 242 9 11 9 9 11 11 9 9 9 9 9 11
8 8 12 8 12 12 12 12 137 12 8 12
86 116 86 116 2742 86 86 86 442 442 116 442 2743 442 86 116 2744 2745
383 383 2746 357 927 297 465 383 465 646 465 383 1188 297 297 383 357 465 1188 297 297 646 357 927 357 465 297 1188 465 1576 927 297 383 646 646 297 646 297 2747 2748 646 383 357 927 383 357 297 357 297 383 465 1576 1577 465 297 357 1577 357 357
20 15 20 15 20 20 2749 1578 15 15 20 15 20 20 20 1578
6 6 49 49 6 49 49 6 49 49 6 625
41 64 64 41 41 150 41 41 64 41 64 150
928 11 2750 11 928 928 1189 1189 928 2751 11 11 1189 11
78 78 116 555 1297 24 24 116 24 24 24 116 2752 116 555 555 2753 78
12 137 12 12 12 12 8 12 12 8 8 8
46 20 20 20 20 20 46 46 1190 20 20 20 20 20 20 20
148 384 384 1579 384 384 929 148 148 148 148 384 2754 384 384 384 148 929 929 384 148 148 148 1579 148 148 929 148
14 14 14 27 27 14 27 27 27 27 27 27 14 14 897
236 236 175 1175 236 175 9 9 9 1176 1177 175 175 9
39 39 39 39 2755 1191 2756 39 124 39 39 930 39 124 124 39 930 930 930 39 39 39 1191 1191
35 35 1580 296 35 296 35 30 296 30 2757 30 30 1580 35 30 35
33 29 29 33 33 33 45 33 45 33 45 29 45 29 33 33 29 33 33 764 29
250 250 622 250 453 453 250 250 453 622 250 250 453 622
200 200 200 200 118 200 200 118 118 118 200 200 931 118 118 118 931 200
14 405 94 94 14 13 13 13 13 14 14 94 14 13 14
2758 2759 131 313 313 313 131 313 313 313 2760 131 313 313 131 313 313 131 313
56 10 56 56 10 263 10 17 17 10 17 17 10
27 94 27 27 27 94 94 27 27 94 2761 94 94 27 27
176 176 15 15 176 176 176 176 15 15 1517 176 176 15 176 176
2762 9 26 26 9 26 26 1581 26 26 26 1581 9 9
40 40 1192 40 1193 40 40 932 932 1193 2763 1192 1582 40 40 932 1582 2764 1192 1193 932
28 20 20 15 28 20 15 28 15 28 15 15 365 20 28 28
54 54 54 54 54 54 54 54 54 54 54 54 647 54 648 648 54 54 54 1583 54 54 933 54 933 54 54 934 54 54 648 934 1584 54 647 647 54 54 1585 54 54
991 116 24 24 86 116 24 86 992 24 24 86 86 86 773 116 116 86
58 248 169 58 58 58 58 58 58 58 169 58 58 58 58 58 58 248 58 58 169 58 58 58 248 58 58 58 248 248 58 169 58 248 58 58 2765 248
1 1 1 1 1 1 1 1 1 1 1 1 1 1 1 1 1 1 1 1 1 1 1 1 1 1 1 1 1 1
92 92 92 92 201 201 92 201 92 385 92 92 92 92 92 201 201 385 385 201 92
90 90 90 90 90 90 90 90 90 90 90 2766 90 90 90 90 90 90 90
91 335 57 2767 649 1586 649 91 91 649 1586 2768 335 649 649 91 57 91 335 335 57 91 57 649 335
236 11 236 236 11 11 11 1587 236 11 236 1587 2769 236
6 458 6 8 6 458 6 8 8 1167 6 8
10 23 223 10 23 23 10 10 23 23 10 23 23
102 102 102 2770 153 1194 1194 358 358 153 358 358 466 2771 102 1588 1588 153 466 358 466 102 2772 1194 102 466
11 69 11 11 11 11 69 620 11 11 11 11 11 69
36 36 68 68 990 36 36 19 68 36 68 68 68 68 36 68 19 19 19
2773 254 1589 254 254 44 935 57 44 935 254 254 44 44 935 57 254 2774 1589 57 935 44 254 2775 57
105 105 105 105 132 148 132 105 105 105 148 105 105 105 105 105 148 105 2776 132 105 132 105 105 105 132 148 105
298 936 11 298 298 298 298 936 11 11 11 298 11 1590
920 219 219 219 463 219 463 219 219 920 219 219 1570 463 463
47 47 535 47 28 28 28 47 47 28 28 47 47 28 47 47
13 94 14 14 14 13 13 14 14 13 405 94 14 94 13
145 193 193 193 145 193 193 145 145 583 193 583 145 145 145 145
2 2 2 2 2 2 2 2 2 2 2 2 2 2 2 2 2 2 2 2 2 2 2 2 2 2 2
7 7 100 7 6 7 7 7 6 6 6 6
49 6 6 49 49 6 49 6 49 49 6 625
42 42 24 24 24 42 42 42 24 42 42 42 42 42 24 42 1507 42
200 200 200 200 200 200 118 118 118 118 200 200 118 931 118 118 931 200
64 41 150 41 150 41 41 41 64 64 64 41
2 2 2 2 2 2 2 2 2 2 2 2 2 2 2 2 2 2 2 2 2 2 2 2 2 2 2
2777 467 107 467 1591 1591 107 43 107 1573 2778 43 43 467 43 107 107 107 43 467
12 137 12 12 12 8 8 8 12 8 12 12
34 34 34 17 34 34 34 34 319 17 34 17 17
4 4 4 4 4 4 4 4 4 4 4 4 4 4 4
20 20 20 20 20 46 46 1190 20 20 20 20 20 46 20 20
299 220 220 299 220 359 359 299 359 937 220 220 937 220 220 299 299 220 299 359 359
2 2 2 2 2 2 2 2 2 2 2 2 2 2 2 2 2 2 2 2 2 2 2 2 2 2 2
244 107 244 244 2779 283 2780 244 107 283 107 2781 244 107 283 107 244 244 107 283
255 295 743 2782 295 295 272 608 355 355 295 743 255 355 2783 272 1592 1592 355 295 272 608 255 355 743 2784 2785 743 255 255 743 255 608 255 272 295
64 41 150 41 150 41 41 41 64 64 64 41
4 4 4 4 4 4 4 4 4 4 4 4 4 4 4
47 47 47 28 28 28 535 28 47 47 47 47 47 47 28 28
38 38 1547 38 38 38 38 38 38 24 38 38 24 24 24 38 24 38
29 888 45 2786 45 938 636 29 2787 45 29 636 29 938 29 938 888 938 45 636 29
452 8 49 8 8 49 8 8 8 8 8 49
8 8 8 8 49 8 8 8 452 49 49 8
939 228 2788 940 939 939 119 940 119 1593 1195 228 939 1195 2789 2790 940 940 119 2791 1593 1195 119 228 2792 228 228
650 650 1196 650 2793 2794 650 1196 1196 650 2795 650
6 7 7 7 7 6 6 6 7 100 6 7
59 147 59 59 59 59 147 59 59 59 59 59 59 59 59 59 59 147 59 59 59 59 59 59 147 59 59 147 59 147 2796 59 59
1 1 1 1 1 1 1 1 1 1 1 1 1 1 1 1 1 1 1 1 1 1 1 1 1 1 1 1 1 1
24 24 1142 24 52 24 52 24 24 24 52 52 24 52 52 24 24 52
12 12 12 8 137 12 8 8 12 8 12 12
18 18 18 18 19 18 19 19 19 18 19 19 575 18 19 18 18 19 18
91 44 44 44 91 57 91 44 91 57 44 57 57 57 44 44 57 57 44 91 44 1571 44 57 91
15 15 15 15 15 15 15 15 15 15 15 15 1560 15 15 15
184 184 184 45 184 184 45 184 45 45 45 184 2797 123 123 184 184 45 45 123 45
135 235 135 468 135 197 235 197 135 468 235 197 135 135 235 135 2798 135 468 468 135 135 235 197 235 197 235 135 468 135 235 468 135 135 197 135 235 468 468
29 1594 29 404 45 45 45 45 404 45 29 45 2799 404 404 29 1594 45 29 45 29
181 181 181 941 180 181 180 942 180 941 181 181 942 181 180 180 181 181 181
20 20 20 20 46 20 20 1190 20 46 20 20 20 20 20 46
1 1 1 1 1 1 1 1 1 1 1 1 1 1 1 1 1 1 1 1 1 1 1 1 1 1 1 1 1 1
1 1 1 1 1 1 1 1 1 1 1 1 1 1 1 1 1 1 1 1 1 1 1 1 1 1 1 1 1 1
49 6 49 49 6 6 49 625 6 49 6 49
90 90 2800 90 18 90 90 18 19 18 18 90 90 18 19 19 90 90 19
683 171 171 681 171 682 133 133 133 171 133 133
25 25 25 25 25 557 25 25 25 25 25 25 25 25 25
4 4 4 4 4 4 4 4 4 4 4 4 4 4 4
82 39 61 124 61 39 82 82 39 39 82 124 82 61 82 2801 39 61 39 82 39 61 124 39
1595 247 447 247 447 447 147 2802 1197 247 1595 147 147 1198 147 147 247 147 147 147 1198 1197 247 147 247 147 447 2803 1197 147 247 147 1198
66 66 395 66 66 66 66 395 66 66 66 66 66 66
6 7 100 7 7 6 7 7 6 6 6 7
21 21 21 21 21 21 21 21 21 21 21 21 21
61 61 61 61 61 61 143 61 143 61 61 61 143 143 143 143 143 143 2804 61 61 61 61 61
1199 330 2805 943 330 944 944 466 2806 1199 943 1199 1596 943 330 330 466 944 466 818 2807 944 943 330 1596 466
1200 2808 1200 1200 1597 945 945 945 1201 2809 1201 1201 945 1597
10 10 17 17 10 17 56 263 10 10 17 56 56
268 456 268 33 456 2810 2811 33 123 268 268 33 456 123 33 2812 268 268 123 33 456
2 2 2 2 2 2 2 2 2 2 2 2 2 2 2 2 2 2 2 2 2 2 2 2 2 2 2
1 1 1 1 1 1 1 1 1 1 1 1 1 1 1 1 1 1 1 1 1 1 1 1 1 1 1 1 1 1
91 1598 1202 91 946 91 2813 91 91 57 946 946 57 1598 1202 2814 57 1202 57 91 57 946 57 57 57
11 242 9 9 11 9 11 9 11 9 9 11 9 9
298 1590 11 298 298 298 298 936 11 11 11 298 11 936
55 55 119 519 519 55 55 119 55 2815 119 55 55 55 519 55 519 55 119 55 55 519 519 55 55 519 55
7 6 6 6 7 7 100 7 7 6 6 7
15 20 15 28 28 20 28 365 28 28 15 20 20 15 15 28
15 28 20 28 15 28 20 365 28 15 28 15 15 28 20 20
651 1599 101 360 1600 360 360 651 947 101 101 360 101 101 101 360 947 651
83 83 469 83 469 186 469 2816 469 83 83 83 186 2817 469 469 83 186 83 469 83 83 469
222 256 70 256 32 256 32 256 2818 222 256 32 70 70 32 70 70 256 256 70 32 222
7 7 7 7 100 7 6 6 6 6 6 7
1203 556 1203 2819 948 1601 949 1203 556 948 949 556 949 2820 948 1601 949 948
9 22 69 9 22 22 22 69 9 9 821 22 22 69
221 950 470 652 221 470 221 1602 951 471 950 1603 470 221 652 952 221 221 471 471 221 652 471 470 1604 221 951 952
4 4 4 4 4 4 4 4 4 4 4 4 4 4 4
231 43 43 283 231 2821 231 283 156 283 156 43 43 283 43 2822 231 156 2823 231
472 129 472 129 472 129 129 129 472 129 472 129 129 472 129 129 129 2824 129 129 129 129 472 129 129 129 129 129 129 472 129 129 129 129 129
467 467 467 1204 120 1204 72 72 120 467 120 72 72 2825 120 120 1204 120 120 2826
2827 61 61 61 61 61 39 61 61 39 39 61 61 61 39 61 61 39 39 61 61 61 39 39
104 55 55 104 55 104 55 104 55 55 55 55 55 2828 55 55 55 55 55 55 104 104 55 55 55 55 55
13 27 13 13 13 13 13 398 13 27 27 13 27 13 13
625 6 6 6 6 49 49 6 49 49 49 49
224 361 1003 224 361 361 224 547 547 224 224 1002
10 10 2829 56 2830 10 641 2831 56 10 641 10 56
221 950 470 652 221 470 221 1602 951 471 950 1603 470 221 652 952 221 221 471 471 221 652 471 470 1604 221 951 952
2832 291 286 37 286 37 286 2833 291 286 291 37 37 2834 286 286 291
69 69 26 69 26 26 69 26 26 26 1525 26 69 69
11 9 9 242 9 11 11 9 9 11 9 11 9 9
7 7 100 7 7 6 7 6 6 6 7 6
6 8 6 8 8 458 6 1167 6 6 8 458
2835 386 239 953 954 239 520 239 953 239 386 2836 2837 386 386 953 520 520 520 954 239 954 953 239 1205 386 2838 239 386 239 386 239 520 2839 386 2840 239 954 239 1205 2841 239 239 520 1205 239 520 239 386
643 744 582 2842 582 521 293 2843 582 1605 1606 2844 1607 744 2845 2846 744 745 293 1608 1608 1605 745 745 744 1607 744 521 643 643 521 293 2847 2848 745 293 745 521 1606 2849 521 521 521
385 92 92 92 201 201 92 201 92 92 92 92 92 92 92 201 201 385 385 201 92
38 1152 24 24 24 78 38 38 24 24 24 24 38 24 78 78 24 24
1206 746 746 746 1207 746 1206 1609 1207 1609 2850 1206 746 1207
11 9 11 9 11 242 11 9 9 11 9 9 9 9
15 20 28 365 28 28 15 20 28 15 20 20 28 15 28 15
87 198 74 87 88 74 198 198 2851 74 88 87 74 198 74 198 74 88 74 87 74 87 88 74 88 88 88 74 88 198 87
2852 653 955 2853 653 294 955 230 2854 2855 230 653 2856 955 294 2857 208 955 208 653 294 653 294 230 208 230 230 208 653
40 45 40 29 40 40 40 45 29 40 40 45 29 45 123 123 2858 123 29 29 29
31 31 31 31 31 489 31 31 31 31 31 31 31
1208 15 15 15 1208 2859 2860 15 15 1610 1611 1610 2861 1208 1611 2862
1 1 1 1 1 1 1 1 1 1 1 1 1 1 1 1 1 1 1 1 1 1 1 1 1 1 1 1 1 1
65 65 65 222 65 65 222 65 65 65 65 1612 956 65 65 956 2863 956 222 956 65 1612
112 112 112 112 112 112 112 112 112 112 2864 112 117 112 112 112 112 112 112 112 112 112 112 112 112 112 112 112 117 112 117 117 112 112
2 2 2 2 2 2 2 2 2 2 2 2 2 2 2 2 2 2 2 2 2 2 2 2 2 2 2
233 188 233 233 233 188 2865 188 188 188 188 233 233 233 188 233 1613 1613 233 188 233 188
12 8 8 12 12 8 12 12 12 8 12 137
1545 103 103 37 590 103 590 37 103 37 103 37 103 103 103 103 103
1 1 1 1 1 1 1 1 1 1 1 1 1 1 1 1 1 1 1 1 1 1 1 1 1 1 1 1 1 1
18 36 18 19 36 19 18 18 989 19 85 36 36 36 36 18 85 85 19
1614 1615 747 747 747 1616 1614 1209 747 1615 1209 1209 747 1616
49 49 6 49 49 625 6 6 6 6 49 49
100 6 7 6 6 7 7 6 7 7 7 6
22 9 22 69 69 22 22 9 9 9 22 821 69 22
2866 32 256 32 256 32 256 32 256 65 32 65 32 65 256 256 32 32 256 32 32 65
82 39 124 2867 82 124 124 82 124 124 124 82 39 124 124 124 82 124 39 82 124 39 124 82
119 104 119 2868 119 1210 957 957 104 119 119 654 119 1210 957 104 119 654 1210 2869 654 104 104 104 119 957 2870
38 42 42 42 38 38 42 78 38 78 42 38 78 42 38 38 2871 38
10 23 23 23 23 23 23 10 10 10 223 23 10
12 8 8 8 8 12 12 12 12 12 137 12
21 21 21 21 21 21 21 21 21 21 21 21 21
0 0 0 0 0 0 0 0 0 0 0 0
1211 457 27 457 27 1211 27 1617 27 1211 457 2872 457 2873 1617
748 958 749 74 958 749 74 749 958 2874 959 748 2875 959 2876 74 1212 748 1212 958 749 959 748 2877 2878 74 959 748 74 1212 749
237 237 2879 237 237 237 1618 237 237 237 237 237 1618
65 97 32 97 65 97 32 65 97 32 97 65 32 97 65 65 65 32 97 97 2880 65
181 181 181 941 180 181 180 942 180 941 181 181 942 181 180 180 181 181 181
13 14 14 13 14 13 14 94 13 13 94 14 405 14 94
37 30 37 37 37 296 296 37 296 30 2881 37 30 37 37 30 30
22 26 264 26 26 22 26 26 26 22 22 22 26 22
9 9 9 9 9 242 11 9 11 11 11 9 11 9
43 43 387 72 2882 387 387 72 387 72 387 72 2883 43 387 43 387 43 387 387
84 84 84 84 84 428 84 84 428 84 84 84
196 284 196 284 196 196 375 284 284 375 196 375 196
388 388 15 15 2884 15 388 388 388 2885 388 388 15 15 388 388
651 1599 101 360 1600 360 360 651 947 101 101 360 101 101 101 360 947 651
2886 25 94 27 25 25 25 25 27 25 25 27 94 94 27
78 38 52 78 78 52 78 52 2887 78 38 38 52 52 52 52 78 38
408 639 960 408 255 1213 1213 1471 255 655 1619 408 255 1213 655 1619 255 655 655 1620 655 639 255 960 639 2888 255 408 1620 2889 960 639 655 255 2890 960
75 75 75 75 75 75 9 9 9 75 679 75 75 9
26 26 22 22 26 22 26 26 264 26 22 22 22 26
0 0 0 0 0 0 0 0 0 0 0 0
21 21 21 21 21 21 21 21 21 21 21 21 21
23 961 23 23 961 2891 961 961 23 23 2892 23 23
19 36 36 36 19 85 19 85 85 18 36 36 18 18 36 19 18 989 18
0 0 0 0 0 0 0 0 0 0 0 0
0 0 0 0 0 0 0 0 0 0 0 0
56 10 17 263 17 56 56 17 17 10 10 10 10
962 44 57 57 44 57 57 44 962 44 44 57 962 44 1621 57 962 44 57 1621 44 57 44 2893 44
77 382 551 93 2894 77 425 77 93 77 93 551 425 77 93 77 93 425 93 93 77 425 77 2895 77 551 382 77 2896 382
96 42 96 42 96 96 96 42 42 96 96 96 96 42 42 1089 96 96
106 2897 1214 1214 522 522 106 106 473 522 522 2898 106 106 656 656 106 522 106 473 522 656 106 1214 473 656 656 106 522 106 656 473
4 4 4 4 4 4 4 4 4 4 4 4 4 4 4
282 451 451 1504 451 451 282 1505 282 1503 282 282 282
350 81 350 81 275 81 275 2899 350 350 81 81 81 81 81 81 275 1463 81 350 81 81 2900
11 9 11 242 9 9 9 11 9 11 9 11 9 9
7 7 6 6 100 6 7 7 7 7 6 6
50 50 2901 50 1215 50 50 50 2902 50 50 50 1215 50 50 750 1622 50 50 50 750 1215 50 50 750 50 50 1622 50 50 50 50 50 50 50 50 750 750 50 50 50
75 75 9 75 75 679 9 9 75 75 75 9 75 75
68 68 18 18 18 18 68 1357 18 68 18 68 18 68 68 18 18 68 18
33 29 45 33 33 33 29 764 45 33 29 33 33 45 29 33 33 45 29 29 33
2 2 2 2 2 2 2 2 2 2 2 2 2 2 2 2 2 2 2 2 2 2 2 2 2 2 2
149 149 149 149 912 180 149 149 912 180 149 180 149 180 180 149 149 149 149
54 54 54 54 54 54 54 54 54 54 54 54 647 54 648 648 54 54 54 1583 54 54 933 54 933 54 54 934 54 54 648 934 1584 54 647 647 54 54 1585 54 54
70 32 32 70 65 70 70 70 65 32 70 70 32 65 65 70 32 70 2903 70 70 70
992 24 24 116 116 86 991 116 24 24 86 86 86 86 773 116 86 24
21 21 21 21 21 21 21 21 21 21 21 21 21
299 220 220 299 220 359 359 299 359 937 220 220 937 220 220 299 299 220 299 359 359
56 17 56 10 10 10 17 10 17 263 17 10 56
27 13 13 13 27 13 13 13 13 13 27 27 398 13 13
24 52 24 52 24 1142 52 24 52 24 24 24 24 52 52 24 24 52
19 18 18 575 18 18 18 18 19 19 19 18 18 18 19 18 19 19 19
344 15 15 344 2904 232 232 344 2905 232 15 15 344 344 15 2906
25 25 25 25 25 557 25 25 25 25 25 25 25 25 25
2907 1623 963 1624 1623 963 2908 2909 963 963 1624 641 641
155 1625 55 155 654 55 654 119 119 55 55 1446 654 155 155 119 155 820 1626 155 1625 119 1626 2910 55 2911 2912
22 26 26 22 264 22 26 22 26 26 22 26 26 22
107 72 72 72 72 43 43 72 107 72 107 2913 43 43 107 43 107 72 107 72
9 11 9 11 9 9 9 242 11 11 9 9 9 11
4 4 4 4 4 4 4 4 4 4 4 4 4 4 4
17 34 17 34 34 34 34 34 17 319 34 34 17
58 142 58 58 58 644 142 2914 58 58 58 58 58 58 58 142 58 58 58 58 644 58 58 58 142 58 58 58 58 58 1627 58 644 58 142 58 1627 142
27 27 14 14 14 897 14 14 14 27 27 27 27 27 27
46 28 28 46 46 46 28 28 46 46 28 46 46 28 2915 46
59 59 59 59 281 59 281 59 59 59 59 59 59 59 59 281 59 59 281 59 59 2916 59 59 59 281 59 59 59 281 59 59 59
12 12 8 8 12 12 137 8 12 12 8 12
242 9 11 11 9 9 11 11 9 9 9 9 9 11
657 2917 1216 657 657 657 1216 1628 657 1216 2918 657 1628
300 77 77 300 382 300 382 77 300 77 300 300 2919 77 77 300 113 77 300 300 300 113 77 113 77 113 382 77 300 300
658 2920 8 658 658 658 8 658 8 2921 658 8
8 8 452 49 8 8 49 8 8 8 8 49
279 2922 1408 124 315 315 279 279 61 39 124 315 124 39 279 39 39 2923 315 61 61 315 61 61
45 1629 2924 123 368 368 33 123 33 368 368 45 368 1629 33 33 368 123 45 33 45
144 922 144 464 356 464 922 356 144 923 356 356 144 923 924 464 144 925 464 356 925 1572 144 924
385 92 92 92 201 201 92 201 92 92 92 92 92 92 92 201 201 385 385 201 92
125 125 125 13 125 13 125 13 125 13 125 1185 125 13 125
62 53 53 53 913 53 53 62 53 53 62 53 53 53 62 62 53 62 62 53 62 62 62 62 62 53 913 62 62 53 53 53 62 53 62 53 62 53 62 62 53 53 53 62 62 53 62 53 62 53 62 53 53 62 53
0 0 0 0 0 0 0 0 0 0 0 0
11 11 11 11 69 620 11 11 11 11 11 69 69 11
10 56 56 17 17 10 56 10 10 10 17 17 263
289 289 378 289 234 234 234 378 289 234 234 378
4 4 4 4 4 4 4 4 4 4 4 4 4 4 4
1 1 1 1 1 1 1 1 1 1 1 1 1 1 1 1 1 1 1 1 1 1 1 1 1 1 1 1 1 1
106 106 659 659 106 106 659 473 473 106 189 659 106 473 189 106 659 106 189 659 106 106 189 106 106 106 473 189 106 106 2925 189
60 358 60 71 60 358 60 1217 153 71 2926 71 2927 358 71 358 1217 71 1217 153 71 60 358 153 71 71