0 227 415 2064 0 1366 348 247 957 1366 1366 2064 1276 247 957 815 2064 957 957 1314
458 1522 1522 1517 1517 1517 458 458 1522 1522 1756 2022 2022 1615 2063 1896 2022 1756 1756 1896 1517 1517 1756 2063 2022 2022 1517 1522 1517 1517 1522 1896
305 72 462 305 72 1201 1201 1201 1791 1791 1791 1201 1201 0 0 1366 1366 1366 1791 1201 1201
596 1385 972 2005 575 1860 2005 1996 1176 1768 1385 2005 2005 2005 2056 1768 639 1927 1385 1513 1860 839 1996 1102 2103 1970 2003 1860 1860 1768 575 1860 1385 575 1987
368 79 897 79 1853 897 897 1853 897 897 1853 1238 897 897
1448 2 36 1409 134 1806 2 2 76 1884 134 1 1697 134 1366 454 1366 1593 1826 1366 454 76 76 569 1493 1826 2 1409 1908 2 1409 26 167 886 1826 1366 4 1448 628 1409 1798 1826 1806 1493 1826 1806 1409 569 1538 569 569 1385 1385 1366 1806 1806 1710 1409 1538 1493 1709 1385 1826
420 420 420 1667 1667 1667 1667 1667 1667 1667 1667 1667
901 1399 627 627 219 1399 901 901 901 901 627 627 627 627 901
50 50 50 1025 1025 1025 1025 1025 1025 1025 1025 1025 1025 1025 1025 1025 1025 1025
420 420 420 1667 1667 1667 1667 1667 1667 1667 1667 1667
134 449 134 134 569 569 569 449 657 673 569 673
107 107 107 1338 1338 1338 1338 1338 1338 1338 1338 1338 1338 1338 1338 1338 1338 1338 1338 1338
309 309 1097 1540 369 1216 1216 1362 1216 1097 1216 1290 1216
429 429 1610 1529 17 1529 1529 563 1717 1529 1717 1822 1717 1529 563 1610 1529 1717 1717 1717
1565 1806 589 1493 874 1 1861 1 0 569 1711 688 569 853 1592 569 874 597 0 1890 1493 597 1385 1711 597 1806 597 874 1870 597 1806 1520 874 1493 0 1711 874 449 1385 2028 874 1711 1591 589 1385 874 1366 589 449 874 688 569 673 1890 1890 1366 1385 1513 597 673 1385 569 589 569 1537 1806 1385 569 1537 1806 589 1565
107 107 107 1338 1338 1338 1338 1338 1338 1338 1338 1338 1338 1338 1338 1338 1338 1338 1338 1338
21 477 21 716 1817 1939 1939 1939 716 716 716 716 1817 1939 1939 1817 1817 1817
264 138 1474 138 1474 1474 597 1474 844 597 597 597
9 0 0 0 9 0 0 1366 9 1954 769 1519 1519 1519 1366 1366 1366 1366 1954
122 69 1354 1037 783 1042 1354 1561 618 1561 1354 69 679 596 618 1622 1561 1622 1377 1042 1354 1037 618 749 618 1132 1809 1413 1558 1354 1354 783 1042 679 1063 1037 1035 783 1037 1037 1561 1596 1622 1037 596 1153
38 449 1639 449 7 1841 506 1898 1841 1841 570 1981 1898 134 134 569 673 569 570 1639 569 570 1493 668 1493 1841 569 673 1898 569
73 135 376 376 73 135 652 376 1481 1481 73 578 578 1806 578 1481 1481 1730 578 1889 1481 1481 1481 1806
3 3 0 849 0 3 449 449 449 849 449 449 0 849 449 673 1738 1366 673 592 1366 1434
6 569 71 6 569 569 569 569 845 1055 1055 569 569 1474 1737
50 50 50 1025 1025 1025 1025 1025 1025 1025 1025 1025 1025 1025 1025 1025 1025 1025
273 273 62 14 923 1694 1694 1768 1694 1882 1694 1694 1768
532 214 214 532 532 214 601 601 874 710 874 601 874 874 601 601 601 601 874 601 601 601 601
458 1522 1522 1517 1517 1517 458 458 1522 1522 1756 2022 2022 1615 2063 1896 2022 1756 1756 1896 1522 1517 1756 2063 2022 2022 1517 1522 1517 1517 1517 1896
901 1399 627 627 219 1399 901 901 901 901 627 627 627 627 901
420 420 420 1667 1667 1667 1667 1667 1667 1667 1667 1667
134 134 1869 134 1578 1869 1869 1869 849 569 1869 1869 1827 849 1578 1869 1869 1092 849 1578 569 569 569 1456 1869 1869
55 239 65 912 1051 1051 587 1066 1041 246 912 1051 912 1066 976 1051 1051 1051 1598 1051 587 969 969 246 1051 1051 1087 1051 912 912 1300 1094 1010 587 912 1358 969 1051 1365 1051
330 217 1493 1493 217 895 895 1493 1493 895 895 895 1120
214 1922 2089 214 214 2089 2089 874 1239 874 874 1922 2089 874 2089 874
619 619 619 1185 619 140 619 619 619 619 619 619 1185 619
246 0 569 569 0 569 569 0 1366 569 569 291 246 569 1365 1366
0 0 214 246 0 1139 0 214 0 246 874 1366 1366 874 1365 874 1366 874 874 874 1366 1366
0 72 194 0 72 1366 1791 1366 1791 1791 1366 1791
720 817 728 2002 2013 728 728 154 720 2013 720 817 728 2013 728 728 720 728 720 2002 720 2013 2013 720 728 720 720 720 720 728 728
0 0 72 72 0 449 0 0 72 0 449 1366 1791 449 1791 673 1366 1366 1366 1791 742
0 4 1448 1448 0 252 1366 4 1448 1366 1448 1448 1448 1936 1366
954 1577 1943 909 909 909 225 909 1047 1577 909 1047 909 954 954 909 1047
417 317 317 1611 1611 1123 1611 1611 1357 1123 1611 1123 1357
72 0 246 289 449 72 0 1791 449 1366 1791 246 673 1366 1366 1791 673 1365 1791
134 134 134 1791 569 1791 1791 1791 569 569 1791 569 1791 868
420 246 1 420 2054 420 1667 1 246 1667 1 1475 1667 1667 1536 1667 246 1732 1385 1667 1667 1536 1667
305 72 305 305 72 72 1791 1201 1201 1201 1201 1201 1390 1791 1201 1791
214 449 214 214 449 449 874 673 874 874 934 874 874
50 50 50 1025 1025 1025 1025 1025 1025 1025 1025 1025 1025 1025 1025 1025 1025 1025
90 54 1022 1801 54 1046 1801 1161 1526 1022 1129 1046 1046 1188 1046 1022 1046 1046 1080 1161 1022 1245 1046 1046 1046 1682
72 449 0 449 0 344 449 1366 246 673 449 72 1366 1366 1791 246 1791 673 1365 1791 673 673 1791
39 39 39 880 880 880 880 880 880 880 880 880 880 880 880 880 880
0 0 0 449 449 0 199 1366 1366 673 673 1366 1366 1366 1366
68 547 547 1076 778 778 68 945 932 873 873 490 778 1313 945 1036 873 587 778 2080 1076 2080 547 873 1597 932 739 932
420 420 420 1667 1667 1667 1667 1667 1667 1667 1667 1667
420 420 420 1667 1667 1667 1667 1667 1667 1667 1667 1667
72 569 569 72 569 569 303 569 569 1791 1791 1791 1791 569
107 107 107 1338 1338 1338 1338 1338 1338 1338 1338 1338 1338 1338 1338 1338 1338 1338 1338 1338
0 1791 0 1791 0 1791 1791 1791 1791 1366 1366 2059
39 39 39 880 880 880 880 880 880 880 880 880 880 880 880 880 880
72 874 874 72 874 874 72 874 1791 874 1126 1791 874 1791 874
214 393 72 214 874 449 874 874 72 449 874 1791 1791 673 874 1791 874 673 1791
292 146 1735 146 449 835 655 835 449 835 655 1735 673 673
104 1409 1409 75 75 600 1924 1409 1819 1724 1819 1409
107 107 107 1338 1338 1338 1338 1338 1338 1338 1338 1338 1338 1338 1338 1338 1338 1338 1338 1338
105 512 1836 0 268 0 1836 1366 1836 967 1836 2090 1366 1366 967
72 449 72 72 449 1791 0 1791 1791 0 742 1366 673 0 0 673 1366 1366 1366 1366 1366
1 578 0 578 0 578 27 1 578 647 1385 1385 0 578 1366 907 1366 578
0 0 0 449 0 449 0 0 1366 449 1366 673 1366 1900 1366
2 1544 1212 1713 1544 1277 2 1544 1713 1536 1544 1713 1741 1713 1536 847 46 1409 1778 1409 1728
134 134 134 569 449 569 449 449 657 569 569 673
1786 1806 1135 849 151 1722 1791 1863 1366 2088 449 1806 1791 294 691 1922 1168 1922 1791 1933 737 1825 1366 691 1825 1791 691 1806 1366 1137 1791 1806 1791 449 633 1366 1366 1430 1922 673 673 2088 1806 1786
472 472 472 1843 72 72 1903 1791 1791 1843 1843 1843 1843 1843 1791 1843 1791 1843 1843
72 72 0 0 72 0 2076 1366 1791 246 1791 246 1366 1791 1365
0 72 134 72 0 134 134 569 72 1791 0 1791 1366 993 1791 1366 569 569 569
213 179 1768 151 857 691 1125 1537 1757 1125 1768 691 1537 1537
420 420 420 1667 1667 1667 1667 1667 1667 1667 1667 1667
134 134 134 0 0 569 0 569 569 1366 754 569 1366
425 425 425 646 1679 646 646 1844 646 1679 646 1679 1679 1679 1844 646 1679 1679
50 50 50 1025 1025 1025 1025 1025 1025 1025 1025 1025 1025 1025 1025 1025 1025 1025
246 246 756 756 134 246 134 663 578 756 578 1804 578 134 578 578 651 1483 651 569 651 569 569 578 811 569
135 426 426 968 440 450 1448 113 849 921 1 247 1707 135 1409 1688 1554 1688 1 777 1448 1791 921 578 1409 727 921 849 1409 1791 727 921 647 1448 1791 343 921 1494 1385 1538 777 1688 1791 921 578 1752 849 578 578 1914 1385 1688 921 1688 1791 777 1592 1791 1721 1536 1644
213 179 1768 151 857 691 1125 1537 1757 1125 1768 691 1537 1537
107 107 107 1338 1338 1338 1338 1338 1338 1338 1338 1338 1338 1338 1338 1338 1338 1338 1338 1338
107 107 107 1338 1338 1338 1338 1338 1338 1338 1338 1338 1338 1338 1338 1338 1338 1338 1338 1338
317 317 417 1611 1123 1611 1611 1357 1123 1611 1611 1123 1357
140 178 140 1512 1512 619 1736 1512 619 884 619 884
246 307 2083 307 74 431 1210 1814 1210 1210 246 1210 1365 1814 1210 1814 1814 1285 1285
476 517 476 2067 2067 2067 2067 1911 1683 2067 2067 1911 2067 1683 2067
72 194 0 0 72 1366 1791 1791 1366 1791 1366 1791
317 317 417 1611 1123 1611 1611 1357 1123 1611 1611 1123 1357
0 1791 1791 0 0 1366 1791 1366 1791 2059 1791 1791
795 1220 2057 207 900 795 900 2057 1220 1220 1220 2057
449 1839 1398 1241 1839 1241 1241 1398 1241 398 1241 449 673 1241 673 1398
449 995 1162 449 449 1162 995 1162 1162 1199 1162 1162 1162 673
72 72 72 0 2059 1791 1791 0 1791 1366 1366 1366
420 420 420 1667 1667 1667 1667 1667 1667 1667 1667 1667
449 1366 1786 449 1366 72 246 449 1366 777 777 72 1366 1366 449 1366 449 777 72 1366 246 449 246 1791 1791 673 1791 673 1057 879 1366 1786 1366 1366
61 589 589 612 61 612 589 612 299 688 589 589 1395 1790 1618 688 612 1897 612 612
109 109 1145 114 1145 1404 1145 1145 1404 1145 1145 1208 1404 1404 1404 1145 1774 1774 1774 1774 1404 1404 1145 1404 1774 1774 1472 1404 1287 1774 1145
107 107 107 1338 1474 1338 1338 1055 1338 1737 1338 1338 1055 1338 1338 6 1737 1356 1338 1474 1338 1338 1338 1338 1338 1338 1338
495 1055 1616 1480 1055 1616 1616 1424 450 1869 1378 1055 1474 1474 1131 537 727 1474 727 1636 1616 1131 1869 1424 568 761 2087 1869 1131 1474
487 535 1649 233 1295 1649 556 1336 1497 556 1649 1941 1246 1784 1761 556 1648 872 556 1649 1649 556 1648 1178 1912 1716 1648 2011 556 1716 556 2035 1336 1649 1246 1295
4 72 4 72 72 1791 4 1936 1448 1448 1791 1448 1448 1791 1448 757
221 1565 221 1888 1565 1565 1565 414 1888 915 915 915 1454 915 1888 1888 1888 915
57 57 112 1234 1400 1274 1400 1086 1830 1128 690 1234 1830 1144 1319 1830 1086 1234 1086 1144 1086 1128 1234 1086 1845 1274 1400
7 7 1708 1708 1934 272 864 1934 598 1493 1934 598 1493
214 214 619 619 1185 214 619 874 619 1560 619 874 874 619 619 619 619 874 874 619 619 619
2030 1163 449 143 449 143 1366 713 988 589 1694 589 1366 713 589 722 449 1760 589 589 722 1023 640 2030 640 1366 2030 673 890 1023 1694 1366 890 1366 722 640
214 214 214 72 72 874 72 874 874 1791 1791 1126 874 874 1791
39 39 39 880 880 880 880 880 880 880 880 880 880 880 880 880 880
0 72 72 0 0 72 0 1791 0 678 1366 1366 1791 1366 1791 1366 1366
134 134 134 134 449 449 134 134 569 569 569 569 569 449 1104 673 569 569 569
293 449 214 214 874 874 874 449 874 874 874 673 673
1595 1859 1595 1859 1859 1595 1595 1859 1859 1595 1595 1859 1859 1859
451 449 163 449 524 673 673 449 449 1786 1786 673 673 777 777
107 107 107 1338 1338 1338 1338 1338 1338 1338 1338 1338 1338 1338 1338 1338 1338 1338 1338 1338
72 72 72 1201 1791 1201 1201 1201 1201 1201 1201 1791 1201 1390 1791 1201
449 302 184 80 455 1869 449 930 1990 1869 449 449 673 930 673 673 1437 673 1990
317 317 417 1611 1123 1611 1611 1357 1123 1611 1611 1123 1357
143 1224 1224 135 143 1224 143 727 640 1224 1550 135 1224 1224 640 135 578 656 1224 1748 701 578 1259 450 727 578 1135
50 50 50 1025 1025 1025 1025 1025 1025 1025 1025 1025 1025 1025 1025 1025 1025 1025
41 1455 1455 1249 41 1249 774 41 920 920 787 1654 1850 2071 920 1340 1654 1557 1249 1415 774 1590 1850 1455 911 1796 1455 1571 644 1590 920 789 774 1455 566 735 1828 1074 1828 920 548 2071 920 1455 920 1249 833 735 1455 1992 2097 1828 1750 920 1590 1340 2078 1590 920 1600 2061 774 1322 920 1850
0 449 449 173 0 449 673 1366 449 673 1366 1366 673 673
0 569 569 569 0 569 0 569 1366 569 1366 754 569
134 449 134 449 134 449 569 673 569 657 569 569
72 134 134 72 134 134 434 569 1791 569 569 569 569 569 1791 569 569 569 569 1791 1791
427 973 427 63 1743 1147 1155 1704 1634 1704 1704 794 1147 973 1420 1498 1498 1428 660 1704 1147 973 971 1704 1704 973 1704 973 973 660 790 973
131 0 450 0 496 1520 4 4 1385 1448 1385 1328 1836 1385 1836 1493 1474 1603 693 1493 1366 1474 1696 1474 727 1836 727 1836 1385 1366 1836 1366 1448 1493
420 420 420 1667 1667 1667 1667 1667 1667 1667 1667 1667
134 1385 2054 247 1475 134 134 569 569 569 1385 569 798 1385 1385 1536
727 0 562 1538 4 0 1366 1448 450 727 849 1752 849 1366 968 849 1366 1448
135 169 135 1806 134 1311 1806 1806 578 578 134 569 578 578 569 1806 1889 569 1806 569 569
79 263 106 1853 2006 1853 1853 1853 1853 1853 1853 831
552 818 552 1193 246 666 1504 666 246 666 552 552 666 1879 975 818 1879 1499 1365 804
134 569 569 134 569 569 360 569 569 569 569 569 569 569 569
68 547 547 1076 778 778 68 945 932 873 873 490 778 1313 945 1036 873 587 778 2080 1076 2080 547 873 1597 932 739 932
532 532 532 601 601 601 601 601 601 601 601 601 601 601 601
364 134 315 364 134 873 1281 1570 569 1397 1397 569 569 1281 569 569 1397 1397
223 223 223 1922 1113 933 933 2104 2104 1922 1922 933 1445 1167 1167 1445 1167
331 0 246 246 0 0 0 0 1366 449 1366 449 1366 673 1366 0 1366 673 1365 1366 1366 1366 1366
134 203 449 134 569 449 569 673 569 569 673 569
1043 834 1444 229 1444 1444 1346 1013 1043 1013 1444 1444
1698 901 988 901 1786 1786 901 988 901 1016 901 988
420 420 420 1667 1667 1667 1667 1667 1667 1667 1667 1667
375 314 314 1278 1452 1452 1452 1452 1278 611 611 1278
88 134 522 2 134 88 1813 760 2072 1167 569 2 1629 249 1806 1806 983 1806 947 947 339 815 1880 569 1806 94 569 569 1672 2072 569 1409 1806 1786 1409
457 1485 1485 1485 457 403 1485 1485 1055 1485 1485 1485 1485 1535
306 306 306 578 2096 578 134 1667 1667 578 578 1204 1204 1667 1667 1667 134 569 1667 1667 1204 1667 569 1667 667 1204 1667 578 569 569 569 1248 1667 1204 578
6 71 193 0 1474 0 1366 1055 1055 1366 1366 1474 1737
137 137 246 246 205 589 589 767 930 589 589 1365 930 930
135 1806 135 135 1884 578 1806 1806 652 1409 1806 578 578 1079 1409 1806 1675 1409 1409
1840 1602 1213 1213 1417 1213 1701 1213 1385 134 134 1385 1602 569 1603 1213 1213 1924 1385 1385 569 1213 569 2095 2095 569 569 1213 1639
214 72 1385 1385 214 1366 673 72 72 1513 1513 1366 673 214 1791 1366 1 673 673 1791 874 673 1791 1385 1385 1385 673 1366 673 1385 1366 874 874 673 874 1465 874 1385
532 532 532 601 601 601 601 601 601 601 601 601 601 601 601
449 0 72 72 449 72 1791 449 1791 1791 555 0 1366 1366 673 1366
420 420 420 1667 1667 1667 1667 1667 1667 1667 1667 1667
1672 1 437 67 230 208 1703 1 1118 1379 726 1385 1538 1471 1471 610 1394 1089 950 1385 541 1617 576
194 0 72 0 1366 72 1791 1791 1366 1791 1366 1791
532 532 532 601 601 601 601 601 601 601 601 601 601 601 601
72 449 134 449 27 569 0 0 1806 1366 874 449 0 874 134 449 134 1366 569 72 1806 449 72 1366 1366 569 1366 1791 673 1902 1791 569 2 569 1791 1366 874 1366 1409 569 1870 1806 1538 569 1806 569 874 1870 1806 673 874 1366 1366 1806 874 1806 569 1366 874 1366 1366 569 874 673 1806 569 1806 1806 1409
72 72 72 72 72 1791 1791 677 1791 1791 1791 1791 1791
72 680 449 680 72 1972 449 1291 680 1537 680 0 680 0 1972 72 449 0 1791 1972 1972 1507 673 1537 1791 1537 1048 1537 1791 1366 1366
449 305 362 305 1201 1201 449 1201 673 673 1201 1201 1201 1201
1053 1478 1179 1419 1478 1179 1329 582 1660 56 1053 997 665 1625 1599 1856 1856 1392 1053 1625 1179 1907 1963 1337 1053 1478 1053 1164 943 1053 1856 1963 1405 1053 665 1453 1856 558 1053 1856 1053 558 1800 1053 1907 1963 1294 1294 1549 943 2045 1375 1179 1585 2045 1407 1294 944 1907 665 2042 1053 1363 1053
0 0 72 72 194 1366 1791 1366 1366 1791 1791 1791
50 50 50 1025 1025 1025 1025 1025 1025 1025 1025 1025 1025 1025 1025 1025 1025 1025
109 109 1145 114 1145 1404 1145 1145 1404 1145 1145 1208 1404 1404 1404 1145 1774 1774 1774 1774 1404 1404 1145 1404 1774 1774 1472 1404 1287 1774 1145
420 420 469 0 1667 1667 1667 0 1667 1366 1667 1667 1366 1366 1667 1667 1667
1242 1385 1566 1204 1348 1385 1385 1385 1204 1204 1204 1204 1204 1204 1204
488 536 1659 234 1302 1659 557 1352 1638 557 1659 2051 1301 718 1904 1824 557 1665 913 557 1659 1659 557 1665 1214 1919 1716 1665 2017 1439 557 1716 557 544 1387 1659 1301 1302
136 963 0 216 134 134 134 0 136 136 0 569 569 583 216 569 765 583 963 1366 888 1366 888 888 569 583 888 1584
449 449 449 449 449 449 449 673 449 449 449 673 449 449 673 673 1643
134 134 134 449 449 569 449 657 569 569 569 673
449 449 452 33 237 0 0 816 1366 816 673 1366 816 673 816 816 1366
534 499 466 584 1648 2034 1894 584 1764 1802 1802 1894 584 584 1648 1648 584
72 72 72 569 569 1791 569 569 569 868 569 1791 569 1791
1952 553 796 85 1083 1083 675 1083 675 675 675 1952
311 1565 1565 338 311 1447 1565 1233 2057 1233 1233 1330 1447 1233
134 0 134 0 134 754 1366 1366 569 569 569 569 1366
532 532 532 601 601 601 601 601 601 601 601 601 601 601 601
50 50 50 1025 1025 72 1025 1025 1025 1025 1025 1025 72 72 1025 1025 1791 1025 1025 1061 1791 1025 1025 1791
423 423 423 1097 1731 1671 1671 1097 1731 1671 1671 1671 1097 1671 1671
473 1484 1484 214 1484 214 473 473 214 1876 1484 1848 1409 874 1484 1805 1848 874 1484 1484 874 1848 1848 1484 1848 1848 874 711 874 1532 1484 1848 1409 1848 1409 1409
72 214 214 72 449 72 214 1791 874 874 874 1791 874 449 1791 449 673 874 1171
476 517 476 2067 2067 2067 2067 1911 1683 2067 2067 1911 2067 1683 2067
39 39 39 880 880 880 880 880 880 880 880 880 880 880 880 880 880
107 107 107 1338 1338 1338 1338 1338 1338 1338 1338 1338 1338 1338 1338 1338 1338 1338 1338 1338
214 246 246 214 246 214 874 874 874 874 874 891
376 214 376 214 214 376 1481 1481 874 1481 1481 1723 874 1481 874 874 1481 874 1481
420 420 420 1667 1667 1667 1667 1667 1667 1667 1667 1667
1474 597 597 1244 134 597 597 134 6 569 597 597 844 569 1474 569 569 569 1474
420 420 420 1667 1667 1667 1667 1667 1667 1667 1667 1667
58 1009 958 133 58 1200 1101 958 1093 1218 958 1200 1657 1157 1720 1195 1183 1093 1093 1720 1093 2107 958 2101 1093 958 958 1093 1192 1657 1172 1093 1218 1093 1107
2057 1478 1023 722 722 1177 1478 1177 722 2057 722 2057 1177
73 386 134 134 73 1520 1806 1 569 569 569 1870 1385 569 1806 1385 1385 1806 569
0 449 449 449 0 0 449 0 0 1366 1366 278 1366 673 449 1366 1366 673 673
246 72 72 72 1791 0 0 0 246 238 1365 1791 1366 1791 1366
420 420 420 1667 1667 1667 1667 1667 1667 1667 1667 1667
6 6 1770 72 72 72 1196 1537 1791 1537 6 876 1537 1791 590 1791 1474 1196
335 155 155 722 722 1211 722 722 722 722 1211 1211
73 1385 1385 73 73 1385 1806 2105 1385 1870 1520 1806
1565 1627 583 1464 583 1495 0 1409 0 760 2033 1525 583 1627 1366 1366 583 1627 1263 1627 1627 1627 11 1409 1629 1409 1565 583 1366 1695 1045 1409 583
197 1806 1806 197 197 1863 675 802 2057 1806 675 727 727 1115 1006 1806 1806 727 802
144 144 444 1777 214 214 770 1321 1230 874 874 874 1230 1230 874 646 874 1230 1230 646 1230 1230 646 874
264 138 1474 138 1474 1474 597 1474 844 597 597 597
285 367 151 1001 0 0 1366 691 1001 2013 1366 2013 691 1366 691 2013
75 2048 1836 1434 74 569 569 1554 1434 74 2032 569 1836 75 1836 1724 521 1836 454 1908 569 569 2084 1814 886 1814 1884 569 886 1434 1819 1819 1819 569
72 430 450 492 72 727 931 214 727 214 727 727 874 874 1791 1791 1791 727 874 1791 874 874 874
76 134 134 76 1462 76 1462 1078 569 1462 1826 569 1826 1462 569 613 569 569
72 0 72 0 72 1791 1791 1791 2059 1366 1366 1366
758 0 1111 2005 587 1474 1932 0 1860 2005 0 1996 1190 1448 1512 1860 2005 2005 528 1474 569 2005 2012 1938 569 585 894 1474 569 685 569 1512 569 4 1366 1474 1996 1448 1334 1448 1119 1366 560 1788 1786 2012 1983 1860 871 569 1788 587 1788 1786 1512 587 569 1987
532 532 532 601 601 601 601 601 601 601 601 601 601 601 601
0 72 0 72 0 0 0 0 72 0 0 1791 1791 1791 821 1366 1366 1366 1366 1366 1366 1366
39 39 39 880 880 880 305 880 305 305 1201 880 880 1201 880 1201 880 880 880 880 1201 984 1201 880 880 1201
420 420 420 1667 1667 1667 1667 1667 1667 1667 1667 1667
0 134 134 0 246 0 134 0 246 134 134 569 246 569 569 0 134 0 1366 1366 569 569 569 1284 569 1366 1366 569
420 420 420 1667 1667 1667 1667 1667 1667 1667 1667 1667
138 1474 1474 138 138 844 844 1474 597 597 1474 597
1493 214 854 1516 214 1487 850 1487 838 1573 214 597 1487 874 1487 1487 1233 810 597 899 874 597 850 597 1508 874 810 597 874 1619 1573 1516 265 597 1573 1493 1487 874 810 654 1487 854 999 1493
148 675 675 148 355 675 675 675 1231 675 1231 675 675
134 251 589 450 134 134 569 589 450 251 1186 1056 569 569 589 569 727 589 652 589 682
2 1814 37 2 1814 583 1409 1814 1889 583 583 1814 583 1121 656 1899 656 583 1409
448 450 0 450 0 0 450 181 1366 249 248 1366 540 887 1672
325 134 318 134 134 1235 1235 1366 1388 1366 1235 1814 1075 569 898 1814 569 318 1814 1371 2020 594 569 1533 2073 777 569 1718 1772 777 898 1366 1235 1371 1814 1718 1814 1366 1366 1235 898 777 1574
8 1806 449 1841 1806 8 1841 0 449 196 1884 1806 0 0 1366 1805 1806 1366 449 673 1806 1841 1989 1140 1841 1512
130 134 1 4 134 4 449 449 1566 449 449 449 134 1462 569 569 569 673 1448 1448 449 1 673 1182 1385 1513 1462 1385 569 1462
1251 1867 545 1867 1867 1867 1867 1867 545 1059 1059 1251 1059 1867 2019 1867 545 1251 1867
492 494 308 308 501 1055 1213 727 1213 1055 1307 1213 727 73 73 1806 1372 1055 1213 1806 816 1213 1098 1806 1863 727 1213
305 931 449 727 305 305 1201 931 449 1201 727 727 727 1349 673 727 1201 1201 673 1201 1201 727
246 1791 449 449 449 1791 1791 246 189 1791 1365 1791 1791 673
50 50 50 1025 1025 1025 1025 1025 1025 1025 1025 1025 1025 1025 1025 1025 1025 1025
0 214 0 0 0 214 0 1366 1127 1366 1366 874 1366 874 874 874 1366 874 874
520 72 72 136 731 1409 136 583 72 72 186 583 1791 583 583 1791 1409 1791 1791 1791 1791 1409 1409 1791 583 583 1791 583 583 583 1724 583
330 217 330 1493 895 895 895 1493 1493 895 895 895 1493
0 134 449 0 134 134 0 449 0 246 0 246 0 569 569 1366 1366 449 449 1366 246 449 978 569 569 673 673 673 1366
79 1055 79 1512 262 1853 1512 1853 1853 1055 1055 1512 1512 814
52 52 52 680 680 1027 1027 1027 1027 1027 1112 1027 1027 680 1027 1027 1027 1027 1027 680 1027 1112 680 680
214 449 214 214 449 874 449 874 934 874 673 874 874
39 39 39 880 880 880 880 880 880 880 880 880 880 880 880 880 880
50 50 50 1025 1025 1025 1025 1025 1025 1025 1025 1025 1025 1025 1025 1025 1025 1025
72 72 1366 72 1791 1791 1366 1366 1791 2059 1366 1366
74 137 134 446 74 134 137 2043 569 1814 589 1814 589 692 569 569 1814 692 589 569 569
420 420 420 1667 1667 1667 1667 1667 1667 1667 1667 1667
214 72 214 214 72 1126 1791 874 874 874 1791 874 1791 874 1791
305 305 135 1538 305 1 135 1 305 135 305 1385 578 578 1201 1201 305 1201 1201 1833 1201 647 1201 1201 578 1201 1201 1201 1385 1201 1201
1523 1982 1786 0 0 1841 1982 658 1841 1366 1982 1366 1786 1366 1841
420 420 420 1667 1667 1667 1667 1667 1667 1667 1667 1667
424 1883 1883 424 1883 424 1883 1678 1799 1678 1678 1678 1678 1883 1678 1799 1678
420 420 420 1667 1667 1667 1667 1667 1667 1667 1667 1667
1 450 995 968 1162 1 1162 1162 450 1 727 1162 1162 1162 1327 1494 1162 995 1385
73 0 0 73 73 1806 1806 0 0 1854 0 0 1366 1536 732 1366 1536 1366 540 1366
120 175 128 246 554 135 246 1156 554 663 578 1365 578 578 578 578 721 1451 1972
72 72 72 1791 0 449 0 0 449 449 1791 1791 1366 1366 673 555
141 141 141 901 901 1399 627 901 901 901 627 1399 901 901 627
43 423 422 423 422 1671 1670 1671 1670 1671 1670 1719 1670 72 1670 72 1791 1670 1791 1670 1719 1670 1671 1671 1671 1791 1746 1671 1791
52 52 52 680 680 1027 1027 1027 1027 1027 1112 1027 1027 680 1027 1027 1027 1027 1027 680 1027 1112 680 680
142 436 436 1219 1219 634 1219 1219 634 634 1219 634 1219 1219 634 1219
39 39 39 880 880 880 880 880 880 880 880 880 880 880 880 880 880
329 214 0 214 874 874 874 0 1366 874 1366 874 874 1366
102 269 72 72 11 1871 1565 1791 1565 1791 1791 1565 1871 1791
138 138 1474 1474 138 597 597 597 844 1474 1474 844
201 2 1924 75 1819 1819 2 1924 1409 1409 1819 1724
77 77 77 1836 1836 1836 1836 1836 803 1836 803 1836
72 1366 72 72 1366 1366 1791 1791 1791 1366 1366 2059
72 72 72 72 72 72 135 72 1422 135 1791 1791 1 1 1791 1791 1791 1791 578 1791 1791 1791 1385 1791 1385 578 1791 578 578 647 1538
420 420 420 1667 1667 1667 1667 1667 1667 1667 1667 1667
425 425 425 646 1679 646 1679 646 646 1679 646 1679 1844 1844 646 1679 1679 1679
187 1213 135 140 1213 513 1213 135 1429 1213 578 619 619 687 1213 1213 578 1213 619 1213 751 578 578 751
375 314 375 1278 1452 1452 1452 1278 611 611 1278 1278
134 261 0 134 0 569 569 1366 569 1366 569 1366 569
107 107 107 1338 1338 1338 1338 1338 1338 1338 1338 1338 1338 1338 1338 1338 1338 1338 1338 1338
486 232 508 1012 1070 1070 1376 1586 1174 611 1847 1650 2040 1832 1816 1586 1174 1586 2040
51 51 51 72 135 1026 1026 72 1026 72 1026 1791 1026 1026 1026 1033 1026 1026 135 1026 1026 135 1791 578 578 1026 712 1026 1791 578 1108
0 134 134 134 0 449 449 449 0 569 569 673 809 569 569 1366 1366
22 1095 1095 478 49 1831 1095 733 733 869 1393 1964 1964 869 1964 1964 1875 1831 1964 733 1095 1831 1095 1875
3 3 92 849 727 1204 1204 1434 1204 1204 849 1204 1237 1434 727 727 1204 1204 1431 849 1204 1135
2013 1500 1653 86 1653 1500 2013 1653 1500 1500 1500 1500 1500 1500 2013
1595 1859 1595 1859 1859 1595 1595 1859 1859 1595 1595 1859 1859 1859
1 1 449 449 1 1 1385 449 1 1984 1513 673 1385 1513 1385
619 619 619 1185 619 140 619 619 619 619 619 619 1185 619
1 691 951 28 1440 1 1385 951 987 691 1440 951 1505 951 951 691 1385 691 691
221 1565 221 1888 1565 1565 1565 414 1888 915 915 915 1454 915 1888 1888 1888 915
0 0 72 72 297 1791 0 0 1366 1366 1366 1791 1791 1366 1791 1366 1366
266 1296 1296 1879 736 159 736 188 981 736 743 981 736 1879 778 981 981 1296 1296 981 588 981 1296 1296 778 778 632 632 736 1296 1296 736 981 1987
450 450 450 450 931 246 449 450 246 246 727 449 1608 673 931 673
966 664 1097 1806 1806 1712 1806 1513 1228 1806 1097 1265 1806 1854 671
449 449 1668 450 1668 72 1668 1668 1668 1668 449 1782 1668 450 72 1791 673 1668 1692 1197 1791 727 1668 1791 1668 1791
0 569 569 0 0 569 569 754 569 569 1366 569 1366
1100 1612 938 747 1152 1054 938 989 161 938 1152 1258 1054 1180 1165 1279 938 1165 1258 1920 938 546 938 1054 1258 1180
134 134 0 261 569 0 1366 1366 569 569 569 569 1366
108 108 108 703 1382 1481 1481 1542 1481 703 1481 1542 1382 1382 1481 1481 1481 1542 1382 1382 1542 1589 1382 703 1481 1382 1542 1382 1542 1542 1481 703 1542 703 1481
50 50 50 1025 1025 1025 1025 1025 1025 1025 1025 1025 1025 1025 1025 1025 1025 1025
492 1281 481 873 449 449 449 492 1397 727 673 449 727 1397 450 1397 673 727 1281 727 1397 673 1397 1397 673 727 1281
0 451 214 451 1786 0 0 0 1786 0 214 0 1366 0 1305 1366 1057 874 0 1366 874 1366 874 777 874 1366 874 874 1366 1366
0 449 0 0 0 1366 449 449 0 0 2016 1366 1366 449 673 1366 449 673 673
137 137 176 214 0 214 589 214 874 681 874 777 1442 0 1479 777 589 1366 874 874 1366 777 589 1366 874
420 420 420 1667 1667 1667 1667 1667 1667 1667 1667 1667
417 317 317 1123 1611 1611 1357 1611 1357 1611 1123 1123 1611
1515 1247 2000 379 1289 72 1204 1672 551 1204 1672 1515 72 72 1204 1791 1515 2055 1247 1204 1646 1247 1515 649 1247 1646 1204 1791 2055 1791 1204 1247 1204 1247 1237 1515 1515 1247 1204 1166
527 1806 1806 1863 452 1819 333 1806 816 1098 1806 1819 1918 1819 1819 1806 1918
134 134 134 569 569 657 449 449 569 673 673 569
72 72 253 72 72 1791 1791 1791 1791 1791 1791 1791 1791
144 72 72 72 1791 191 144 1791 992 752 1788 752 1791 646 752
82 901 901 6 6 1067 901 901 449 449 1474 449 673 1221 901 901 1067 1898
134 569 569 569 569 134 134 569 569 569 569 569 569 1060 569
219 219 627 219 901 627 1399 901 627 901 627 1399 627 627 901
0 874 874 0 0 874 874 874 874 1366 874 1366 874 1002
0 246 1537 1869 1537 1869 449 449 1791 1869 1869 0 1869 246 1869 0 1791 1869 1869 1537 1366 1791 1791 1869 1414 1791 1365 1537 673 1366 1077 673 1791 1869
400 144 400 1888 646 1888 1888 1888 646 1888 646 1888 646 1888 646 1888 1888 1888
449 449 72 72 72 449 1791 0 0 1791 0 1791 555 673 1366 1366
219 219 627 627 397 901 901 627 627 901 901 627 1399 627 901
420 420 420 1667 1667 1667 1667 1667 1667 1667 1667 1667
138 1474 1474 138 138 844 844 1474 597 597 1474 597
136 136 4 136 597 1 1640 1474 597 1366 597 72 1474 72 1 673 129 72 1366 1753 673 1385 1448 1791 597 1474 583 1791 597 1448 1366 1474 886 1640 1448 1474 1448 1448 1474 1771 1366 725 583 1448 673 597 1385 673 1135 1448 1791 583 1366 844 886 1494
44 1583 40 579 64 134 979 919 134 919 1073 134 1229 979 1158 569 1030 1158 569 919 569 1030 1229 569 919 1950 919 979 1229 1189
502 363 323 1207 529 888 1369 1122 888 1786 986 888 888 1786 986 575 986 888 888 986 888 575
39 39 39 880 880 880 880 880 880 880 880 880 880 880 880 880 880
50 50 50 1025 1025 1025 1025 1025 1025 1025 1025 1025 1025 1025 1025 1025 1025 1025
0 449 0 449 449 0 449 449 1366 449 673 1739 1366 673
141 141 141 901 901 1399 627 901 901 901 627 1399 901 901 627
720 817 728 2002 2013 728 728 154 720 728 720 817 728 2013 728 728 720 728 720 2002 720 2013 2013 720 728 720 720 720 720 728 2013
420 420 420 72 1667 72 1667 1667 72 1667 1667 1667 1755 1791 1791 1667 1791 1667
72 1806 72 1806 72 727 727 1791 1806 1791 727 1806 1006 780 1863 1791 1806
89 89 89 851 449 1264 449 778 1175 1205 1514 1408 778 450 727 673 1514 851 1896 673 727 1353
420 420 420 1667 1667 1667 1667 1667 1667 1667 1667 1667
1493 72 928 1841 1841 7 668 1493 72 1841 1696 1841 1791 1981 1791 1791 1791
376 449 376 449 449 402 1481 673 1481 1481 1481 1481 1481 1481 1481
0 0 0 569 1366 569 569 569 1366 569 754 569 569
141 397 397 627 901 627 627 901 901 901 627 627 901 901 901
305 59 10 59 305 412 1537 246 1201 246 1201 1711 1201 1201 1365 1711 1201 1201 1201
532 532 532 601 601 601 601 601 601 601 601 601 601 601 601
218 218 368 897 1853 1238 897 897 1853 897 1853 897 1853 1853
460 72 376 376 72 1791 1791 1791 1481 1481 1481 1481 1481 1791 1481 1481 1481
420 420 420 1667 1667 1667 1667 1667 1667 1667 1667 1667
420 420 420 1667 1667 1667 1667 1667 1667 1667 1667 1667
1527 1655 991 1003 1003 380 1734 575 1766 1587 1766 1527 1527 1527 1766
134 134 449 449 134 569 569 657 569 673 569 673
0 449 0 0 72 555 72 449 1791 1791 1791 1791 673 1366 673 1366
134 1791 134 1791 134 1791 569 1791 868 1791 569 569 569 1791
72 72 0 72 0 2059 1791 1366 1366 1791 1791 1366
531 312 813 1582 312 1320 1948 1320 1241 813 1241 1320 1241 1320 1320 1241 813 1320 1241 1241 1582 813
72 26 1409 135 1 442 652 578 72 1409 1791 1385 1385 578 578 1662 578 1385 1791 578 1791 1409 1791 1409
134 214 214 214 449 449 134 134 874 874 569 449 874 569 569 1324 874 569 874 673
39 39 39 880 880 880 880 880 880 880 880 880 880 880 880 880 880
132 31 29 73 634 449 73 134 599 1084 134 634 1806 569 1055 1806 9 1888 569 1519 634 449 569 78 456 673 634 1519 1055 1841 1953 1628 1412 569 569 1841 634 1519 1870 1519 1519 673 705 1841 1005 1806
72 0 0 0 72 0 0 1366 72 1791 0 1366 1791 1366 1366 1791 678
212 146 212 449 449 1735 835 449 655 1735 875 655 655 673
476 517 476 2067 2067 2067 2067 1911 1683 2067 2067 1911 2067 1683 2067
72 777 72 381 1791 451 0 0 1170 1791 1170 1366 777 777 777 777 1366 1791 1791 449 449 1366 673 2053 673
946 1038 1921 1373 946 1862 1862 1038 1038 946 946 1862 1862 1373 1862
317 317 417 1611 1123 1611 1611 1357 1123 1611 1611 1123 1357
485 1052 1985 1130 1052 1191 286 1580 2066 2049 231 1133 1052 1052 738 914 1818 1250 1130 738 1818 1302 1052 1052 1052 1469 1685 1546 1052 1977 914 914 1818 1546 1461 1052 1052 970 1052 1302 914 1685 1803 1546 1621 1744 1546 1546 2050 2027 1302 1312 1143 1893 1052 1745 1985 1985 1143 1052
404 316 316 674 1556 1556 959 1556 1556 1443 1343 674 1443
150 1825 150 150 633 686 1426 1426 1922 1922 1933 2088 1922 2088 1031 686 1825
134 134 134 134 134 1104 569 569 449 569 569 449 569 569 569 673 673 569 569
449 569 569 569 569 449 569 569 569 449 673 657
886 156 1835 736 1553 156 1553 1264 449 1551 736 1479 449 1696 1217 736 673 1196 249 1386 248 1323 1217 1672 736 1786 1946 673 736 736 1946
475 475 475 925 1851 925 925 1851 925 1851 2062 1851 1851 925 1851 1851 2062 1851 925 925
691 2013 1001 2013 0 0 1001 1126 691 1366 691 2013 1001 1366 1366 691
214 72 72 72 214 1791 214 1791 1791 1126 874 874 874 874 874
135 135 135 449 663 941 449 883 449 883 578 883 578 578 883 1360 673 883 883 883
404 316 316 674 1556 1556 959 1556 1556 1443 1343 674 1443
134 134 569 569 134 569 569 569 569 569 569 569 569 1060 569
134 0 134 134 72 0 0 569 72 1366 993 1791 1791 569 1366 569 1791 1791 569
72 802 802 675 354 2057 675 802 72 1791 1791 1791 802 1791 802
141 397 397 627 901 627 627 901 901 901 627 627 901 901 901
377 1482 1482 1482 377 377 1482 1482 1482 1482 1508 1482 1482 1482 1482 1482 1482 1482 1508 1915 1482
1756 1503 1669 723 16 1747 1503 2091 1747 1503 1503 1503 1503 1503 2091 1503 723
510 510 510 2029 2029 2029 2029 2029 2029 2029 2029 2029 2029 2029
456 72 72 240 1791 456 1005 1005 1606 1791 1791 1791 1449 1979 1979
420 420 420 1667 1667 1667 1667 1667 1667 1667 1667 1667
413 340 905 627 1402 244 247 905 905 627 905 627 905 1536 905 627 627 627
449 449 283 449 449 134 134 673 569 569 569 673 673 569 569 673
420 420 449 420 449 1667 1667 1667 1667 449 1667 1667 1689 1667 1667 673
476 517 476 2067 2067 2067 2067 1911 1683 2067 2067 1911 2067 1683 2067
134 0 134 261 569 0 1366 569 569 569 1366 1366 569
420 420 420 1667 1667 1667 1667 1667 1667 1667 1667 1667
72 72 1366 1366 1366 72 1791 1366 1791 2059 1791 1366
457 960 1493 1773 960 1773 960 1626 457 1993 1773 1773 457 659 1543 1493 1493 960 1785 1283 683 1493 1885 996 683 2068 816 659 2068 1626 866 1168 576 1626 1686 1812 1823 1283 1773 1344 816
109 109 1145 114 1145 1404 1145 1145 1404 1145 1145 1208 1404 1404 1404 1145 1774 1774 1774 1774 1404 1404 1145 1404 1774 1774 1472 1404 1287 1774 1145
518 1883 523 511 1883 2041 2041 2041 276 2079 2098 1883 2041 2079 2079 2041 572 2098 2041 2041
420 420 420 1667 1667 1667 1667 1667 1667 1667 1667 1667
2 1814 1814 2 2 1814 1409 1999 1814 1999 1814 1814 1814 1697 1814 942 1814 1814
203 134 449 134 449 569 569 673 569 569 569 673
204 6 1618 6 1618 1618 1618 1474 694 1909 1474 1909
335 155 155 722 722 1211 722 722 722 722 1211 1211
449 134 449 283 449 673 449 134 569 569 569 673 673 569 569 673
214 214 214 449 449 874 874 874 934 874 673 673 874
77 77 254 1836 1836 1836 1836 1836 1836 803 1836 1836
507 274 376 376 158 1481 750 1481 158 1481 1481 1008 1008 750 1481 1008 1008 1481 1481 1481
50 50 50 1025 1025 1025 1025 1025 1025 1025 1025 1025 1025 1025 1025 1025 1025 1025
72 1 139 298 139 1769 612 1 498 1 612 72 1385 1791 1791 1769 1769 1791 1 1385 612 1385 1513 612 1513 1791 1618 1618 1385
275 1618 275 509 807 1810 1064 1618 1618 807 1241 1241 1064 1241 807 1241 1241 1241 1241 1618 1241 807
72 72 253 72 72 1791 1791 1791 1791 1791 1791 1791 1791
420 420 420 1667 1667 1667 1667 1667 1667 1667 1667 1667
6 264 264 1474 1474 597 597 597 597 597 1474 597
375 314 314 1278 1452 1452 1452 1452 1278 611 611 1278
72 1806 1006 450 72 0 0 1863 0 0 432 727 0 1806 1791 727 1366 1366 1791 1366 1806 1806 1791 1366 1806 1791 1366
215 215 1385 243 883 883 883 883 883 1385 1049 1385 1385 1554
449 134 655 1661 449 449 134 910 1661 134 673 569 655 727 1944 655 727 655 569 1006 1391 569 569 771 727 910
479 1563 48 20 1209 1563 1050 715 1815 1815 1815 1050 1865 1797 1470 1563 1745 1564 1209 1759 1815 1797 1028 717 1028 1815 781 1370 1563 1563 1797 1209 1466 762 1466 1335 1916 1335 1335 1666 1940 1209 1745 1937 1058 1335 1018 561 2106 1949 1335 630 1563 1745 1082
420 420 420 1667 1667 1667 1667 1667 1667 1667 1667 1667
1806 81 1888 1538 655 1366 1366 455 712 1776 705 73 81 1 1888 1888 589 589 655 1390 1385 589 1889 589 1888 1806 655 1385 1366 1806 1366 1888 455 1366 589 1385 1888 589 753 1888 930 1888 1806 655
423 423 423 1097 1731 1671 1671 1097 1731 1671 1671 1671 1097 1671 1671
420 420 420 1667 1667 1667 1667 1667 1667 1667 1667 1667
420 420 420 1667 1667 1667 1667 1667 1667 1667 1667 1667
0 0 0 2059 72 72 1791 1791 1366 1791 1366 1791
420 420 72 420 72 1755 1667 1791 1667 1667 1667 1791 1667 1667 1791 1791 1667 1667
364 1474 364 364 1055 246 1737 134 134 1055 134 0 569 0 569 1474 1281 1690 246 1474 1397 1366 1397 569 1366 569 1366 1281 1281 1365 873 1397 1737
72 72 72 1791 449 134 449 134 134 1791 569 449 917 673 569 569 569 1791
135 1482 1482 1482 483 1482 1482 135 1482 578 676 1482 1482 578 1482 578 578 1506
275 1618 275 509 807 1810 1064 1618 1618 807 1241 1241 1064 1241 807 1241 1241 1241 1241 1618 1241 807
214 329 214 874 874 874 874 0 874 0 1366 1366 1366 874
214 214 214 874 449 449 874 874 874 874 449 673 934
324 228 324 851 1783 675 675 675 675 954 1852 960 960 830 675 1309 851 1225 1309 863 1225 960 1383
218 1853 218 218 1853 1238 897 897 1238 897 1853 1853 897 1853
134 1791 1791 134 1791 134 1791 1791 569 868 569 1791 569 569
1 1907 134 1434 1434 1907 25 823 1253 1786 775 1907 1 1114 1756 134 1879 134 848 843 1055 1779 740 852 1907 740 569 1015 1227 569 569 1997 1385 1385 569 1733 1434 1434
396 226 246 449 2057 226 246 2057 449 2057 1269 673 1365 673 1269 955 955 955 1269
134 134 72 303 72 569 1791 569 1791 569 569 1791 569 1791
420 420 420 1667 1667 1667 1667 1667 1667 1667 1667 1667
388 1 1 1566 1385 1242 1204 1204 1385 1204 1204 1204 1204 1204 1204
420 420 420 1667 1667 1667 1667 1667 1667 1667 1667 1667
107 107 107 1338 1338 1338 1338 1338 1338 1338 1338 1338 1338 1338 1338 1338 1338 1338 1338 1338
532 532 532 449 616 449 601 673 601 601 601 601 601 673 601 601 601 601 601
50 50 50 1025 1025 1025 1025 1025 1025 1025 1025 1025 1025 1025 1025 1025 1025 1025
214 1924 214 1438 1889 214 727 874 874 777 1826 874 1006 727 1826 777 874 874 727 777 1826 1924 1299
73 73 449 450 449 449 73 1806 1806 673 450 449 449 1006 564 673 1863 673 727
311 1565 1565 338 311 1447 1565 1233 2057 1233 1233 1330 1447 1233
194 72 72 0 1791 0 1791 1366 1366 1791 1791 1366
72 72 569 72 569 1791 569 1791 569 868 569 569 569 1791
445 72 422 422 1670 72 72 888 1670 1670 1791 982 1670 888 1791 1670 1791 1670 888 888 888 1670 982 1670 888 1931
160 1261 1261 1886 1071 573 160 1858 1071 832 1446 461 1288 1963 1942 939 580 1223 1942 1071 763 1261 2099 1725 1942 1658 977 1273 1446 1288 2099 1486 1071 1995 1581 1754 1345 1658 862 1942 1658 1658 684 574 1071 1396 2099 1261 977 1446 1261 1691 861 1071 580 908 1261 939 1942 1864 1288 1742 939 1446 1342 1261 586 1117 1658 939 1706 1288 581 1687 977 699 1254 1658 1502 1864 1658 1864 1963 1864
214 72 72 214 72 214 874 874 1791 874 874 874 1791 1126 1791
146 0 146 146 0 246 655 246 1735 835 0 964 835 1366 1365 1735 1366 835
777 2 220 220 627 246 627 246 1513 627 1631 74 1409 494 1877 74 627 1006 1406 1814 1365 1998 952 777 627 1409 1520 1814 909 909 961 909 627 1226 815 1814
395 214 214 134 874 874 134 874 874 569 569 874 569 569 874 569
376 376 389 246 1481 246 1481 1481 1481 1481 1481 1481 1481 1365
10 1255 10 1922 408 1255 1922 1537 1255 1359 755 1255 1534 1922 1624 1255 577 1255 1537
50 50 50 1025 1025 1025 1025 1025 1025 1025 1025 1025 1025 1025 1025 1025 1025 1025
50 50 50 1025 1025 1025 1025 1025 1025 1025 1025 1025 1025 1025 1025 1025 1025 1025
449 376 0 376 0 463 1481 449 1366 1481 1481 1481 1481 673 1481 1366 1481 1366 673 1481
9 0 0 464 0 246 125 0 1366 1366 72 1519 1519 1366 449 72 2108 1791 1519 246 1365 1519 1366 449 1366 1366 1519 673 673 1791 1791 1791 1954
246 0 72 0 72 72 0 1366 72 1791 1366 246 72 366 1791 1791 1791 1791 1365 1791 1791
778 1256 819 0 2036 1982 304 1266 1972 1694 1055 0 2044 1494 1366 1366 1366 1639 1841 778 1366 246 1537 249 1366 1639 1366 1982 1366 1365 1982 1068 1537 2036 1972 1366 1841 1786 1639 1841 1366 246 1366 1494 1055 1365 1055 1972 1347 1366 1366 1694 1537 1694 1055 1972 1537 1124 1834 2036 1519 974 1519 1519 1068 1519 1365 1365 1366 2004 1523 1055
1134 1031 543 730 214 1841 214 1478 1945 779 1945 214 1841 874 730 874 1693 1134 2092 1841 874 1974 2057 1031 650 874 1945 874 1974
222 1681 222 1681 1681 516 1681 1681 1681 1681 1913 921 921 921 1681 921 1681 1681 921
134 449 449 134 449 203 569 569 673 569 569 569
79 79 1055 79 1512 814 1853 1512 1853 0 0 1055 0 1055 1512 1366 1366 1512 928
0 569 569 0 569 0 754 1366 569 1366 569 569 569
3 1806 1806 3 1870 1806 3 1136 452 1806 708 1806 1641 1554 1136 816
924 1473 1473 1286 1837 42 602 1384 1096 549 827 1614 1473 549 1459 1811 1184 1184 1541 549 924 773 881 1341 929 1473 812 1184 924 827 1341 1951 637 638 1537 1569 1384 1096 1065 1996 636 1384 1963 2009 1963 1966 1531 1427 1424 1838 1418 870 1963 1537 734 1184 1874 1096 1614 924 1341 1427 1184 1427 1537 1614 2026 827 1184 1341 1473 924 924 1096 924 924 1184 1187 1537 2009 2009 1569 2052 1963 1838 1632 924 2009 1019 841 1874 1552 602 1384 1996 637 595 924 1633 1293 1518 924 1473 1427 827 702 638 985 1427 1096 1614 1096 636 1966 1427 2009 1473 1240 1280 1184 1298 1427 638 1316 1427 1184 924 1874 1433 1184 638 1905 1963 1341 1966 637
420 420 420 1667 1667 1667 1667 1667 1667 1667 1667 1667
30 491 504 2102 2102 1765 1527 1609 1609 1527 1527 1967 1527 1967 1895 1609 1527 1527 1645 1527 1895 1895
420 420 420 1667 1667 1667 1667 1667 1667 1667 1667 1667
441 428 428 2047 1014 1714 1401 1317 1014 1317 1714 1317 1714 1317 2047 822 1014 2047 1788 1401 1788 1317 1014 1014 1788 2047 822 2047 1714 1714 1714 1788 1317 1232 1714 1138
420 880 880 880 880 420 880 880 880 420 880 880 880 1667 1667 880 880 880 1667 1088 880 1667 1667 1667 880 1667 1667 880
83 1416 83 1241 1346 157 1241 1528 1241 1528 553 1922 1241 1241 1241
346 153 1923 1896 1836 346 704 704 449 1836 805 2022 1841 1836 1841 1836 1836 1841 901 449 704 2022 449 2082 729 673 1841 1572
0 1877 0 1555 1409 0 1877 1366 1409 1409 1366 1892 1409
305 134 305 134 134 134 134 305 569 134 1201 1201 1201 569 569 1201 1623 569 569 1201 569 569 569 1201
111 111 1146 2065 126 1257 793 1154 1021 840 1458 1154 1749 786 1257 1021 1257 1154 1021 1749 1700 2018 793 1594 1458 1154 1154 1306 2065 1458 1257 1726 1594 1141 1194 1154 1154 1021 1829 1680 1829 1922 1021 1594 1458 1257 1154 1021 1751 1458 1332 792 1215 1829 1976 1154 1922 1594 1154 793 2001 1496 669 793 2065 1318
420 420 420 1667 1667 1667 1667 1667 1667 1667 1667 1667
110 110 121 785 1116 1727 670 829 1432 1116 1991 1866 1866 1866 1116 1380 785 1576 1432 2046 1866 1727 1727 1432 1203 1576 1151 1866 1116 2100 1116 1489 1489 1715 1576 1432 1116 1727 1116 1142 1928 1489 2100 1116 1576 1116 1432 785 1116 980 2100 785 550 1727 1727
420 420 420 1667 1667 1667 1667 1667 1667 1667 1667 1667
476 517 476 2067 2067 2067 2067 1911 1683 2067 2067 1911 2067 1683 2067
134 134 134 569 449 657 569 449 673 673 569 569
223 223 223 1922 1113 933 933 2104 2104 1922 1922 933 1445 1167 1167 1445 1167
138 138 264 597 1474 1474 597 1474 1474 844 597 597
15 1492 15 416 1492 1492 1492 1588 1492 1588 1492 1492 1492 1735
50 50 50 1025 1025 1025 1025 1025 1025 1025 1025 1025 1025 1025 1025 1025 1025 1025
0 1806 246 0 246 1806 1806 1806 0 1806 1806 1366 1806 1806 1884 1884 1366 865 1365 1806 1806
107 107 107 1338 1338 1338 1338 1338 1338 1338 1338 1338 1338 1338 1338 1338 1338 1338 1338 1338
2081 778 1619 1385 1385 1514 1175 1355 1205 851 1514 1385 778 2081 1896 851 1385 2081 1425
27 271 1 578 1385 578 1385 578 647 578 578 578 1385
2 2 1210 1210 45 1282 1210 1210 1282 1409 1409 1210 1210 1381 1210
72 72 72 1791 72 72 0 820 0 1791 1791 1366 1366 1366 1791 1791 1791 1791
390 1000 1000 1000 224 471 946 1339 1339 1339 946 946 1509 946 1339 946 1339
0 2036 449 744 1148 411 0 824 1044 1366 449 824 1148 744 1868 1366 673 2036 2036 1366 673
99 53 759 66 1034 1081 1559 1110 759 759 1173 1034 1034 1034 759 1423 1034 1034 1072 1081 1034 1034 1034 1034
214 2029 2029 214 2029 214 2029 2029 874 874 2029 874 2029 2029 874 2029 2029 2029 2029 559 2029 874
449 146 212 449 146 655 449 418 449 72 835 673 673 835 1735 72 1791 673 1735 1791 673 655 1791 1791
1853 1836 902 1836 79 1169 1836 452 1836 1853 2014 808 1836 1169 816 1853
417 317 317 1123 1611 1611 1357 1611 1357 1611 1123 1123 1611
0 419 376 376 1481 1481 0 1481 1481 1366 1481 1366 1481 1481 1366 1481
83 712 1385 662 83 1538 301 0 662 0 0 1366 662 1385 1922 1922 1385 1032 1366 1385 1292 662
347 226 2057 347 955 2057 1269 1269 2057 955 955 955
1 1704 973 1704 791 1 660 1147 1159 1704 1635 1704 27 1704 794 1147 1385 973 1421 1500 1500 1428 1743 1704 1147 973 1011 1704 1704 973 1704 1385 973 973 660 806 973
420 420 420 1667 1667 1667 1667 1667 1667 1667 1667 1667
1952 553 796 85 1083 1083 675 1083 675 675 675 1952
420 420 1481 1481 1481 1481 420 2025 1667 1481 1481 1667 1667 1481 1667 1667 1481 1481 1667 1481 1667 1667
134 0 0 134 0 353 1366 0 569 1366 1366 569 569 1366 569 1366 1366 569
449 0 449 449 449 449 0 1739 673 1366 673 1366 1366 673
73 94 1385 73 1520 2105 1385 1806 1385 1806 1385 1806
420 420 420 1667 1667 1667 1667 1667 1667 1667 1667 1667
421 421 421 1699 1795 1806 1668 0 0 1668 1366 1806 1806 1366 1668 1668 1668 1668 1806 1366 1923 1668 1806
47 39 39 880 880 880 0 880 880 880 880 880 880 880 0 880 880 1366 1366 1366 880 880
135 134 135 410 134 1 1 1538 578 569 578 1385 1385 578 569 578 569 569 569 647
107 107 107 1338 1338 1338 1338 1338 1338 1338 1338 1338 1338 1338 1338 1338 1338 1338 1338 1338
420 420 420 1667 1667 1667 1667 1667 1667 1667 1667 1667
0 0 0 0 0 1821 1366 1366 246 1366 1366 246 1365 1366
449 246 449 0 246 0 449 1607 1366 1366 673 1366 1365
72 0 246 72 72 246 1791 246 0 0 1791 2076 1791 1366 1366
223 1952 223 1952 223 933 1297 1952 1952 1297 933 1297 933
25 449 0 246 1 0 449 0 320 246 673 1366 727 727 1365 1385 1385 1385 968 1366 727 673
0 449 449 449 124 1365 0 1365 1366 1365 1366 1366 673
72 0 777 72 72 3 0 1791 72 3 72 1040 1791 1791 1567 1366 1791 1434 1367 777 1791 777 1366 1791 1791 1567 1366
72 449 449 449 72 72 1791 1791 449 449 449 2015 673 1791 673
72 194 0 72 0 1791 1791 1366 1366 1791 1791 1366
0 0 183 0 1366 246 246 0 1366 1366 1366 1365 1366 1366
449 449 0 246 449 0 246 246 246 0 246 1366 1366 246 673 1642
279 279 279 1955 1955 1955 1955 1955 1955 1955 1955 1955 1955 1955 1955 1955 1955 1955 1955 1955 1955 1955 1955 1955 1955 1955 1955
449 1434 1536 1758 1409 777 449 449 1202 1791 777 1791 1791 777 1791 247 1409 673 1791 1791 1367 1434 1663 673 673 1409 1791 1791 610 1791 1409 1791 1434 673 1434 673 1791 1791
72 1365 72 246 72 1365 246 1365 246 1901 1791 246 246 246 1365 1791 1365 1365 1791
280 0 72 280 280 0 1956 0 1956 450 1956 1366 72 1956 1956 1956 1956 1956 1956 1978 1366 1956 1366 1956 1956 1791 1791 1366 1956 1956 1956 1956 1956 450 1791 1956 1539 246 1791 727 1366 1956 1956 246 1956 1962 1365 1956 1366 1366
420 420 420 1667 1667 1667 1667 1667 1667 1667 1667 1667
532 532 532 601 601 601 601 601 601 601 601 601 601 601 601
449 449 449 0 449 1365 449 449 449 449 0 449 0 1873 1365 1366 1365 673 673 1366 673
597 1791 2043 1791 1791 1814 697 697 1536 1791 1366 597 1791 1791 610 1791 597 1791 1814 1814 1366 1814 1366 1366 1366 1366 597 1366 1791 1814 1366 652 1791 1791 1511 1366 1791 1366 1536
449 0 1365 124 0 1365 1366 1366 449 1365 673 1366 673
449 449 449 449 246 449 246 673 449 673 246 1262
0 0 73 0 1366 1 0 0 1 0 846 1366 73 1385 1366 1366 1385 1870 1806 1806 1520 1806
72 246 246 72 72 246 0 72 72 449 0 72 246 0 449 1366 1791 1791 1791 1791 246 1366 449 246 1791 673 1791 877
135 135 656 135 449 656 578 449 578 578 1149 578 578 578 673 578 673 578 578
349 349 349 603 603 603 603 603 603 603 603 603 603 603 603 603 603 603 603 603 603 603 603 603 603 603 603 603 603 603
532 532 532 601 601 601 601 601 601 601 601 601 601 601 601
3 72 3 849 72 72 849 1791 92 1434 1791 642 1434 849 1791
3 3 72 72 92 1434 642 1791 1434 1791 849 1791 849 1791 849
134 1841 1841 134 1 844 1 1841 134 1841 569 1841 1841 1350 1385 1841 1592 1841 1385 569 1841 1841 569 569
134 203 134 569 449 569 569 449 673 569 569 673
246 450 450 180 1 246 1365 1365 1365 727 1365 1 1385 968 1494 1385
72 0 72 0 194 1791 1791 1366 1791 1366 1366 1791
138 1474 1474 138 138 844 597 597 1474 597 1474 844
0 0 1791 0 1791 1366 1366 1791 2059 1791 1791 1791
312 312 312 1491 1241 1988 1988 1241 1988 1491 1241 1241 1988 1491
472 472 472 1843 1843 1843 1843 1843 1843 1843 1843 1843 1843
134 134 246 134 569 621 246 246 569 569 569 246 1365 1365
310 634 634 634 310 436 634 1219 1219 1219 634 1547 1219 1219 1219 634
453 1434 453 449 1434 453 1842 449 1738 673 1434 673 1434
85 206 206 797 449 449 1952 1952 1952 449 1952 837 1952 673
349 349 349 603 603 603 603 603 603 603 603 603 603 603 603 603 603 603 603 603 603 603 603 603 603 603 603 603 603 603
0 0 0 0 127 0 0 1366 1366 1366 1793 1366 127
0 0 449 0 1365 1365 449 0 0 0 1365 0 405 0 1366 1366 0 1366 1366 1366 1365 1366 1366 673 1365 1366 1366 673 1366 1365 1366
223 1952 223 1952 223 933 1297 1952 1952 1297 933 1297 933
305 305 305 1201 1201 449 1201 449 1201 1201 1243 1201 673 673
72 569 72 569 72 569 569 868 569 1791 569 1791 569 1791
246 0 0 246 449 449 449 172 1366 1366 246 1366 673 246 1365 1365
305 305 449 305 1201 449 449 673 1201 1201 1201 1201 1201 1243
0 1791 1791 0 1791 0 1366 1791 1791 2059 1366 1791
0 0 246 1365 91 1366 1365 1366 1365 246 1366 1365
449 246 449 449 0 0 0 0 0 246 1366 0 246 1366 1366 1926 673 1366
279 279 279 1955 1955 1955 1955 1955 1955 1955 1955 1955 1955 1955 1955 1955 1955 1955 1955 1955 1955 1955 1955 1955 1955 1955 1955
0 0 569 0 569 1366 1366 569 569 569 569 754 569
5 5 359 1462 2058 1462 578 578 578 667 1462 1462 1462 1462 578 578 578
72 0 0 246 0 246 72 72 72 1366 72 1366 246 72 826 1791 1791 1791 1791 1791 1791
137 134 137 930 930 134 205 930 134 1271 589 569 569 589 569 0 589 0 1366 569 589 1366 1366
246 0 0 246 0 0 0 1366 0 1366 246 1821 1366 1366
1520 72 849 72 1536 246 709 1791 246 4 1752 1448 1448 1791 2054 1536 1791 849 1791 1365 849
349 349 349 603 603 603 603 603 603 603 603 603 603 603 603 603 603 603 603 603 603 603 603 603 603 603 603 603 603 603
2024 1737 672 7 1055 539 539 695 246 246 1770 1055 1770 1493 1365 1537 1537 1493
72 449 72 72 72 72 72 0 449 1791 1791 449 0 0 1366 1791 449 1791 1366 1791 449 1791 449 673 673 904
0 1955 1955 0 1955 1955 1955 1955 1955 1955 288 1955 1955 1955 1955 1955 1955 1955 1955 1366 1955 1955 1955 1955 1955 1955 1955 1366 1955 1955 1955 1366
532 532 532 601 601 601 601 601 601 601 601 601 601 601 601
0 214 214 0 72 214 874 874 0 449 874 449 449 72 874 1366 72 1366 1791 874 1272 673 1791 1791
532 532 532 601 305 305 305 601 1201 1201 601 748 601 601 601 1201 1201 1201 601 601 601 601 1201 601
72 72 72 1791 1791 1791 1791 1791 1791 1791 1791 677 1791
246 449 449 449 449 246 449 449 673 70 673 1365
214 214 214 449 874 874 934 874 874 874 449 673 673
246 246 1365 248 1365 246 115 447 246 1365 1365 1365 1672 1672 1365 1672 1365 1365
0 1366 134 305 1366 134 305 305 1201 134 1366 1201 1201 1201 0 569 1366 1366 569 1201 1366 569 1366 1366 1366 0 1201 1366 1366 1637 1366 569 1366 1366 1366 1366 1366
449 874 874 874 874 293 874 874 449 874 874 673 673
449 0 0 449 449 449 173 449 673 673 673 1366 1366 1366
449 134 449 134 449 134 569 449 449 784 569 449 673 569 673 449 673 673 673 569
0 449 0 199 0 0 449 1366 1366 673 673 1366 1366 1366 1366
0 322 134 449 0 449 134 1366 1366 569 569 673 673 569 569 569 1366
449 449 449 449 449 449 449 449 449 673 449 673 449 449 673 1643 673
72 0 72 0 72 0 678 0 1366 1366 1791 1366 1791 1366 1366 1791 1366
134 246 449 134 449 246 134 918 569 449 0 449 449 449 569 673 0 673 673 1365 569 1365 673 1365 1366 1365 673 673 1366 1366 569
0 0 0 0 72 0 72 0 72 678 1791 1366 1366 1791 1791 1366 1366
72 449 258 0 449 0 72 673 1791 1791 1366 673 1791 1366 1791 1366
261 134 0 0 134 569 1366 569 569 1366 1366 569 569
73 73 1219 1467 1862 73 1268 1862 1862 1908 1219 1575 1219 1862 1862 1806 1806 1219 1219 1219 1219
350 350 365 604 604 604 604 604 604 604 604 604 604 604 604 744 604 604 744 604 744 604 604 604 604 631 744 604 604 604 744 604 744 604 604 604
1898 640 1303 82 1762 1898 1578 640 1898 640 640 640 1578 1303 2031 640 1578
349 349 349 603 603 603 603 603 603 603 603 603 603 603 603 603 603 603 603 603 603 603 603 603 603 603 603 603 603 603
376 376 449 376 1481 449 1501 1481 673 1481 1481 673 1481 1481 1481
449 1365 0 449 235 246 449 0 673 449 1366 246 673 1365 1365 1366 1365 1366 673 673
420 420 420 1667 1667 1667 1667 1667 1667 1667 1667 1667
0 1365 1365 0 1365 449 0 449 449 1607 1366 1366 673
3 0 470 72 1366 60 1366 1536 1366 1366 72 1787 0 1536 1536 1593 1434 1791 1434 1593 1434 1366 538 1366 610 1791 1364 1791 1434 1366 1434 1791 1366 1536 1434
336 310 310 1219 1219 1310 1219 1763 1786 1786 127 1310 127 1219 1331
72 0 246 0 72 246 72 0 1366 1366 1791 1791 246 1791 2076
72 72 72 72 72 1791 1791 302 1791 1791 449 1791 449 673 1791 673 1791
280 1097 280 888 280 1956 1956 1956 1956 1956 1024 1956 1956 1956 1956 1965 1956 888 888 888 1956 1956 1956 1956 1956 1956 1956 1877 888 1097 1956 1877 1956 1956 1956 1986 888 1956 1768 888
291 0 134 134 569 246 0 569 246 569 1366 569 1366 1365 569 1366
420 420 420 1667 1667 1667 1667 1667 1667 1667 1667 1667
449 449 1374 867 465 1647 673 867 1647 1374 1457 1647 1457 673 998 1374 867 1647
72 72 1366 1366 72 1791 1366 1366 2059 1791 1791 1366
450 450 449 578 495 641 578 449 578 449 768 578 727 673 578 578
0 0 449 449 449 0 0 449 2016 1366 0 1366 449 1366 673 1366 673 1366 673
72 1791 1791 72 1791 72 1791 1791 1791 1791 1791 1791 677
279 279 279 1955 1955 449 1955 1955 1955 1955 1955 1955 1955 1955 1955 1955 449 449 1955 1959 1955 1955 1955 1955 1955 1955 1955 1955 1955 1955 673
124 449 449 0 246 0 673 673 1366 1366 246 1365 1366
134 134 0 134 754 0 569 569 569 1366 1366 1366 569
515 420 214 420 1667 1667 214 874 874 1667 1667 874 874 1667 1667 874 1667 1667 874 1667
0 72 194 72 1791 1791 1791 0 1791 1366 1366 1366
449 449 449 449 449 449 673 1477 673 673 449 673 673
449 449 449 449 449 117 449 673 673 673 449 673 673
194 72 72 1791 1791 1791 0 0 1366 1791 1366 1366
449 72 134 134 449 134 569 569 72 72 1791 449 673 569 1791 1791 569 917
72 72 449 246 449 246 189 1365 673 1791 1791 1791 1791 673
449 72 449 449 1365 0 1365 1365 246 0 246 72 1365 72 0 622 1791 1365 1366 1365 1366 1791 673 1791 1365
72 447 72 165 1791 1791 248 248 1672 1791 1672 1791
295 449 449 246 0 449 246 246 0 246 1365 449 1365 449 1366 673 449 1366 673 673 1366 673 673 673
1385 634 1548 1566 634 1268 1224 634 1224 1 634 1601 634 634 1224 1385 1224 1224 1385 1224 1224
305 305 305 1201 1390 1201 72 72 1201 1791 1201 1791 1201 1791 1201 1791
349 349 349 603 603 603 603 603 603 603 603 603 603 603 603 603 603 603 603 603 603 603 603 603 603 603 603 603 603 603
0 449 0 0 0 449 0 1366 0 1366 1365 449 1366 1926 1365 1366 673 1365
190 5 1826 449 1826 5 449 1826 449 1826 673 689 1462 1826 1462
246 246 246 1791 1791 246 1791 164 1791 1365 1791 1791 1365
279 279 279 1955 1955 1955 1955 1955 1955 1955 1955 1955 1955 1955 1955 1955 1955 1955 1955 1955 1955 1955 1955 1955 1955 1955 1955
450 1841 1841 449 450 449 1841 1841 391 673 449 1841 1841 842 673 449 1841 1197 1841 673 727 1841 673 1841
449 449 449 449 449 449 1262 246 246 673 1365 673
127 930 1170 449 449 1170 449 930 127 673 1170 91
337 893 1378 1460 246 310 893 1378 1198 310 1219 1411 1656 1219 1656 1326 1007 1994 885 246 1219 1365 1460 1705 1656 1326 1378 1219
246 246 449 449 449 70 449 673 673 673 673 1365
72 1366 72 72 1791 1366 1366 2059 1791 1366 1366 1791
83 83 83 1922 655 655 655 1029 655 655 1029 1029
7 7 1493 195 1493 1005 1005 629 1005 1493 1493 1493 1493
349 349 349 603 603 603 603 603 603 603 603 603 603 603 603 603 603 603 603 603 603 603 603 603 603 603 603 603 603 603
0 0 0 0 72 246 72 0 246 72 0 1366 1791 246 1366 1791 1791 1366 1366 696
449 449 449 449 449 673 449 117 449 673 673 673 673
200 1 26 1806 1385 1870 1385 1385 1806 1806 1806 1806
449 134 449 449 657 134 569 569 673 569 569 569
472 472 472 1843 1843 1843 1843 1843 1843 1843 1843 1843 1843
0 1366 0 1365 673 1814 874 1365 246 583 246 874 1365 1366 1366 673 0 583 451 874 1366 1870 246 874 874 673 1366 874 1814 1366 583 583 874 1613 583 1908 874 1814 1135 583 673 1056 1366 1814 777 706
72 449 449 449 72 302 1791 72 72 1791 1791 1791 1791 1791 673 1791 1791
279 279 279 1955 1955 1955 1955 1955 1955 1955 1955 1955 1955 1955 1955 1955 1955 1955 1955 1955 1955 1955 1955 1955 1955 1955 1955
127 0 449 449 127 0 101 673 1366 673 1366 1366
1884 788 449 449 1806 673 1806 73 1884 1806 1806 1806 673 1806 1806 1806 1806
451 449 134 134 451 373 449 569 1567 569 1367 3 569 1434 1434 777 673 569 673 1567 569
349 349 349 884 603 1512 619 619 603 603 603 603 603 603 603 603 619 619 619 603 603 603 625 603 603 603 603 603 1512 1512 603 603 603 713 603 603 1736 603 603 603 603
236 0 449 0 1366 449 449 449 673 1366 449 449 673 673 673 673 1366 673
0 134 134 0 134 449 449 449 0 449 449 0 0 449 1366 569 0 1366 569 449 1366 449 449 673 673 1017 569 673 1366 569
72 1366 72 1366 1366 72 2059 1366 1366 1791 1791 1791
1512 246 2085 849 640 1696 712 640 2 849 1474 640 1224 1767 1592 246 246 1550 1275 1409 246 640 1474 849 1224 1512 640 1409 1474 1409 1224 1365 1224 1512 1365 1224 1779 1224 1224
140 140 930 930 0 0 459 77 930 766 619 1366 77 724 1366 967 619 1366 967 1836 1836 1836 724 967 682
25 449 449 1 449 182 727 968 727 1385 1385 727 1385 673
145 651 145 651 435 1898 651 651 1488 1898 651 1898 651 1898 1898 651 651 651 651
1961 607 607 607 990 607 607 281 607 607 1961 607 607 607 1961 1961 607 1961 1961 607 1961 1961 1961 1961 1961 607 990 1961 1961 607 607 607 1961 607 1961 607 1961 607 1961 1961 607 607 607 1961 1961 607 1961 607 1961 607 1961 607 607 1961 607
1 727 25 1 968 449 1385 449 1807 673 1385 673 727 727
279 279 279 1955 1955 1955 1955 1955 1955 1955 1955 1955 1955 1955 1955 1955 1955 1955 1955 1955 1955 1955 1955 1955 1955 1955 1955
72 72 452 816 816 210 1791 816 452 1435 816 1791 1791 1791
278 0 0 449 449 449 449 0 1366 0 1366 673 1366 1366 1366 673 1366 673 673
214 214 214 874 1039 1 247 874 1 874 874 1385 874 2054 1475 1536 1385
0 449 0 0 449 246 1366 246 449 1607 1366 673 1365
173 449 449 0 449 673 0 449 1366 1366 673 1366 673 673
72 72 214 367 214 874 874 874 1791 874 1791 1791 874 874 1791
1819 1819 2070 2070 75 1819 1819 1097 1819 1097 1819 1819 859 1819 1819
77 77 1836 1836 1836 254 1836 1836 803 1836 1836 1836
293 214 449 214 874 874 449 673 673 874 874 874 874
493 134 134 450 1385 1494 1385 134 450 828 727 569 1385 569 569 1385 569
279 279 279 1955 1955 1955 1955 1955 1955 1955 1955 1955 1955 1955 1955 1955 1955 1955 1955 1955 1955 1955 1955 1955 1955 1955 1955
450 1366 1366 1366 704 927 0 1409 1409 727 494 0 0 927 927 1409 746 727 542 927 1056 727 2064 704 1366 505 1366 1366 1409 727 727 1629 1366
394 214 454 214 1819 874 874 1819 454 874 886 1819 874 1819 874 1819 2038 874
1385 883 883 883 1049 926 1 883 1554 883 1385 1385 883 883
0 0 1674 0 1922 855 1922 0 1366 0 2069 1988 0 1448 1468 1366 1674 1922 1366 1448 1366 1366 1448 731 1366 1103 1922 1988 1366 1988 1448 1366 1366
72 72 1954 1519 72 1791 1954 1791 1519 768 1791 1519 1519 1519 1519
97 0 1462 77 1520 1826 72 1462 0 72 1462 1462 1826 1826 1791 1826 0 1791 72 1366 1791 18 1462 1385 1836 1791 1385 1791 1791 1791 1791 1462 1462 620 1385 1826 1791 1836 1366 613 1385 1462 1836
449 449 569 569 569 569 449 673 569 569 569 657
246 247 1536 247 1878 1878 1365 246 246 449 449 246 246 246 247 1878 449 1365 247 1536 341 673 127 1536 246 247 246 127 1630 1365 1365 1365 1365 1365
777 1479 449 681 246 1366 451 589 589 777 1791 1791 1366 449 589 1791 589 589 681 1366 246 449 449 449 449 673 1206 1366 1791 1791 673 1365 1366 1791
279 279 279 1955 1955 1955 1955 1955 1955 1955 1955 1955 1955 1955 1955 1955 1955 1955 1955 1955 1955 1955 1955 1955 1955 1955 1955
72 246 0 0 246 72 0 1366 246 72 1366 2076 1791 1791 1791
75 1366 2023 1841 247 2 619 1841 246 619 519 123 2 1819 619 1409 619 2023 906 1366 1819 1819 1819 1409 246 1841 1366 1640 713 1365 339 619 1366 1366 1536 2023
1519 1181 72 849 72 597 1791 1791 597 849 1792 858 849 1519 597 1791 1519 597 1791 597 597
83 83 300 1922 1922 655 655 1029 655 655 1029 655
72 134 72 134 134 305 305 305 569 72 1562 1201 1201 1201 1201 569 1791 569 1791 1791 1201 569 1201
0 72 72 247 72 450 450 296 0 342 887 1536 1791 727 1366 1366 1791 1366 1791
472 472 472 1843 1843 1843 1843 1843 1843 1843 1843 1843 1843
246 361 305 305 1201 1201 246 1201 1201 246 246 1201 1201 1365 1201 1365
305 305 246 569 1791 305 569 1365 1201 1791 1201 1791 1365 569 1365 1791 1791 1791 1791 1791 1791 569 1791 246 1201 1201 246 1201 1791 569 1201 1791 569 569 1651
329 0 0 214 214 1366 874 1366 1366 874 874 874 874 874
0 0 0 0 0 0 0 0 0 1366 2060 1366 1366 1366 1366 1366
287 449 449 449 72 449 673 449 673 72 1791 673 673 449 673 1791 673 1791 1791
72 72 1791 72 1791 1791 1791 1791 677 1791 1791 1791 1791
134 1791 1791 134 1791 1791 303 1791 569 569 569 569 1791 569
246 70 449 449 246 449 449 1365 673 673 673 673
72 72 72 246 72 72 246 72 948 72 1791 1791 1791 1365 1791 1791 1791 1791 1791 1791 1791 1791
1474 844 449 1365 1365 597 1365 597 6 903 1474 449 597 1474 597 673 673 597 597
3 3 72 72 72 849 1791 259 1791 1791 1738 1434 849 1434 849
0 327 0 246 0 72 72 0 1366 1791 1366 1791 1791 1366 1366 1791 246 1366 1366 1365
72 1201 1201 72 1201 72 1201 1390 1201 1201 1201 1791 1201 1791 1201 1791
140 1512 1736 140 1512 1512 140 884 884 619 619 713
72 449 72 449 72 1791 449 2015 449 673 673 673 1791 1791 673
214 500 449 214 449 214 0 0 1366 214 874 874 874 874 874 673 874 874 874 874 1366 874 1366 673 874 874
200 1 73 26 1385 73 1385 1806 1806 1806 1870 1385
93 1536 246 73 73 1806 1806 540 1910 1536 246 1365 1806
484 474 1385 1366 450 474 450 0 1366 450 1366 0 1385 0 1849 1366 1385 1227 1366 1849 673 246 727 673 2010 246 1849 1365 1849 1603 1366 673 1849 450 1366 1849 1857 1385 1227 727 673 1849 1857
183 0 0 0 246 0 1366 1366 246 1365 1366 1366 1366 1366
246 246 0 0 449 449 0 246 449 172 1366 246 1365 673 1365 1366
72 2 467 2 1605 72 449 134 2 449 1791 134 569 1791 1409 1409 1409 569 1605 1409 569 1409 569 673 1791 673 1791 609 569
1378 885 1702 439 1333 1702 882 1652 1378 1460 882 1460 1007 1378 1652 940
349 349 349 603 603 603 603 603 603 603 603 603 603 603 603 603 603 603 603 603 603 603 603 603 603 603 603 603 603 603
472 472 472 1843 1843 1843 1843 1843 1843 1843 1843 1843 1843
1385 1513 2008 449 1 246 1385 1385 449 673 1 246 1513 1385 1365 673 1385 1385
0 0 0 0 1900 0 1366 449 449 1366 673 1366 1366 673 1366
349 349 349 603 1366 603 603 603 603 603 603 603 246 603 603 603 603 603 1366 603 246 603 603 603 603 603 608 603 603 603 1365 603 603 603 1366 1366 1366 603
532 532 532 601 601 601 601 601 601 601 601 601 601 601 601
134 134 134 449 569 569 569 449 449 657 569 673
246 0 0 0 449 449 124 1366 673 1366 246 1365 673
449 0 0 0 0 246 0 246 0 449 0 246 1366 0 1366 1365 449 1366 0 1366 1366 1365 1365 593 1366 673
0 449 0 246 449 449 246 246 0 673 1642 1366 246 1365 1366 1365
349 349 1791 349 603 603 603 603 603 603 603 1791 603 603 603 603 615 603 603 603 603 603 1791 603 603 603 603 603 603 1791 1791 603 1791 603 603 603
619 619 1185 140 619 619 619 1185 619 619 619 619 619 619
0 134 449 449 0 134 0 134 449 0 0 449 449 673 0 569 569 449 1366 673 1366 569 1366 1366 965 569
305 305 305 0 0 1201 1201 0 1201 1366 1201 1201 1315 1201 1366
246 246 449 357 246 72 1365 72 246 72 449 1791 72 673 673 1791 1365 1791 1791 1791 1791 1791 1791
0 246 0 246 0 1366 1436 127 127 1365 127 127 1366
1448 1109 134 2023 4 75 134 1620 1620 569 1819 1819 569 1908 569 569 569 1819 1592
449 449 203 673 673 134 134 569 569 569 569 569
242 84 84 1934 1519 1934 1519 1934 1934 1091 1934 1934 1091 1519 1519
134 203 134 449 449 673 569 569 569 569 569 673
0 103 449 75 1438 1365 0 372 1918 1366 1819 449 777 1819 1366 777 1366 673 1819 1365 246 673 246 1365 1365 777
449 246 578 247 578 578 246 449 290 635 578 247 1365 673 578 610 673 578
143 1898 143 387 1898 1762 1898 640 1898 640 640 1303 1578 1578 2031 640 1578
0 0 569 0 569 1366 569 569 569 1366 754 569 569
279 279 279 1955 1955 1955 1955 1955 1955 1955 1955 1955 1955 1955 1955 1955 1955 1955 1955 1955 1955 246 246 1955 246 1955 1957 1955 1955 1955
127 0 569 0 127 0 569 569 569 270 1366 1366 569 569 569
449 449 0 0 0 0 199 1366 1366 673 1366 1366 1366 1366 673
134 569 134 134 569 569 569 569 1060 569 569 569 569 569 569
72 0 449 0 72 449 383 0 449 449 1791 673 673 1791 1791 673 0 1366 1366 1366 1366 1366 1791 1366 673
0 0 449 1365 449 449 124 1365 1365 1366 1366 673 1366
134 72 72 134 134 569 72 72 72 72 449 569 1791 1791 1160 1791 449 569 673 1791 1791 1791 569 673
149 719 149 1639 1308 1639 719 1308 149 1855 1308 1308 680 1855 1389 1639 680 2093 1639 1308 2093 1545 680 1389
0 0 0 0 246 134 449 449 0 134 0 134 449 246 673 569 569 1366 1366 1366 246 1366 936 569 569
72 72 816 1435 72 816 1791 816 816 1791 1791 816 816 2075
247 371 247 246 170 1806 1806 136 1806 610 96 246 1806 583 583 583 583 1806 1365 641
134 134 134 134 134 134 569 569 569 569 72 72 569 72 569 1791 1270 1791 569 569 1791
198 246 0 246 246 246 0 0 1366 1366 0 1365 1366 1365 1366 1366 1366
173 0 449 449 449 449 0 1366 673 1366 673 673 673 1366
472 472 472 1843 1843 1843 1843 1843 1843 1843 1843 1843 1843
305 305 305 1201 0 0 0 1366 1201 1201 1315 1201 1366 1201 1201
382 72 0 0 72 1 1366 1 1791 1791 1 1 1791 1385 1385 1791 1513 1366 1366 1385 1385 1513
349 349 349 603 603 603 603 603 603 569 603 603 617 603 1366 603 603 603 603 603 1366 569 603 569 603 603 603 569 603 1366 569 569 603 603 603 569 1366 603 603 603 603 1366
449 0 0 0 449 0 0 0 1366 1366 1366 199 673 1366 673
349 349 349 603 603 603 603 603 603 603 603 603 603 603 603 603 603 603 603 603 603 603 603 603 603 603 603 603 603 603
82 82 1907 82 450 896 1907 1898 825 1980 1907 450 727 825 1006
349 349 349 603 603 603 1366 603 603 603 603 603 1791 1366 1366 603 603 603 603 603 1791 1366 1366 1366 1791 1366 624 603 603 603 1791 1791 603 603 1366 603 1366 1791 603 603 1366 1366 1366 1366 1366 603 603 603 603 603 1366
0 173 449 0 449 449 1366 1366 673 449 673 673 673 1366
449 449 569 449 569 569 569 569 657 569 673 569
135 1385 135 1385 169 578 578 578 1409 1409 1385 1409 1520 1409 578 1385 953 1662
305 305 94 1806 74 449 214 305 214 72 214 1201 1409 449 449 1201 73 874 1409 449 449 72 73 74 1806 874 449 1409 874 1538 74 449 1201 72 1791 449 1791 449 1889 1929 1791 1201 1806 1814 1201 1806 673 73 673 1201 874 1538 1884 874 673 1806 1884 1806 1806
449 0 449 0 449 449 1740 127 1366 1366 449 1366 673 673 673 127
0 0 246 246 0 246 246 1366 246 246 1366 1476
138 1474 1474 138 138 844 597 597 1474 597 1474 844
250 0 174 0 250 1979 849 849 1979 1450 1366 1366 849 1366
246 246 1385 727 968 0 0 1385 0 1366 1366 1385 1494 1385 727 727 257 1365
134 203 134 569 569 569 449 569 569 449 673 673
246 449 449 449 449 449 246 246 1521 673 449 673 673 673 673 673
449 305 305 341 305 1201 247 449 449 449 673 1201 1361 1201 1201 1201 449 1536 1536 1201 449 449 673 1878 673 673 1536 673
72 72 72 449 449 1791 449 449 449 449 673 673 1791 1791 2015
450 450 1385 1494 450 1385 449 449 449 1807 968 1385 1385 673
449 449 449 449 92 453 326 449 246 449 673 1434 673 246 1365 673 1434 1434 1434 673 673 673 849 849
72 72 127 246 72 246 1791 0 246 0 2077 1366 1366 127 1791 1366 1791
0 72 72 0 0 0 449 1366 449 0 449 72 673 1791 0 1366 1791 1366 1366 742 1791
312 312 399 1241 1988 1988 1241 1241 1988 1491 1241 1241 1988 1491
378 378 378 1490 915 1490 1490 915 915 915 1490 1490 1781 915 915 915 1781 1490
72 238 246 246 72 0 0 1366 1366 1791 1791 1365 1791 1366 1791
98 514 73 1846 1846 1846 1806 1846 1846 1846 1857 1806 1846 1846 1806 1846 1846 1806 1846
246 0 246 246 0 1607 1366 449 449 1366 673 673 1366
449 246 449 449 449 246 246 449 673 246 116 1365 1365 673 673
376 376 0 0 376 1481 1481 1481 0 1366 1524 1481 1481 1366 1481 1481
211 449 134 134 449 569 569 127 569 569 569 127 673 673
134 134 1374 134 867 569 569 1647 1647 867 1775 1374 1457 569 569 1647 1457 998 1374 867 1647
72 449 449 0 72 449 0 72 0 1791 1366 1366 555 673 1791 1791
351 351 351 605 605 605 605 605 605 605 605 605 1852 605 1887 1887 605 605 605 2021 605 605 645 605 645 605 605 1906 605 605 1887 1906 1971 605 1852 1852 605 605 626 605 605
168 1385 0 0 135 1385 0 135 907 1366 1366 578 578 578 1538 1385 1385 578
279 134 449 279 279 1955 1955 1955 1955 1955 449 1955 1955 1955 1955 1955 1955 134 1955 1955 449 1955 1955 1955 134 1955 1955 1955 569 569 1955 673 1955 569 1955 1955 1975 569
349 349 349 603 603 603 603 603 603 603 603 603 603 603 603 603 603 603 603 603 603 603 603 603 603 603 603 603 603 603
533 533 533 623 1022 1022 623 1022 623 782 623 623 623 623 623 1022 1022 782 782 1022 623
305 305 305 1201 1201 1201 1201 1201 1201 1201 1201 1684 1201 1201 1201 1201 1201 1201 1201
72 137 449 468 136 177 136 72 1791 583 697 751 589 583 583 1791 449 1791 589 589 673 1791 673 583 589
450 0 450 450 0 0 1366 931 450 1366 450 931 1794 727
0 127 0 449 0 127 1366 449 449 1568 1366 673
0 134 261 0 134 569 1366 1366 569 569 1366 569 569
72 72 72 1554 246 1434 1434 1819 1819 246 1819 1819 1385 2074 1791 1604 1604 246 1385 1819 1385 1791 1069 1434 1791 1385
0 246 0 0 0 0 246 183 1366 1366 1366 1366 1366 1365
72 72 214 214 393 1791 1791 449 874 1791 874 874 874 874 1791 874 449 673 673
24 134 1536 134 134 0 1 449 0 1 569 569 0 1366 1385 449 569 956 1536 673 1385 1366 569 2054 673
72 72 72 72 0 449 0 72 1791 72 449 72 72 72 1791 1791 449 1791 1106 1366 1791 1366 1791 1791 1791 1366 673 1791
9 125 0 9 1519 1519 1519 1954 0 0 1366 1519 1366 591
334 84 84 1934 1519 1934 1519 1934 1934 1091 1934 1934 836 1519 1519
305 305 401 1201 72 72 1791 1201 1201 1791 1791 1201 1201 1791 1201 1201
0 246 72 72 72 0 0 1791 1791 1366 2076 246 1791 1365 1366
310 634 634 634 310 634 634 310 1219 1547 634 1547 1219 1219 1219 1219
279 279 279 1955 1955 1955 1955 1955 1955 1955 1955 1955 1955 1955 1955 1955 1955 1955 1955 1955 1955 1955 1955 1955 1955 1955 1955
72 72 194 1791 0 1791 1791 1791 0 1366 1366 1366
246 1366 1366 1365 1365 1366 1365 1366 246 246 1366 1476
72 72 0 0 0 72 1791 72 1366 72 72 1791 1791 1791 1366 1791 820 1791
378 378 378 1490 1490 1490 915 915 915 915 1490 1490 915 1781 915 915 1781 1490
1474 597 844 597 844 597 597 597 1474 1474 1474 597
279 279 279 1955 1955 1955 1955 1955 1955 1955 1955 1955 1955 1955 1955 1955 1955 1955 1955 1955 1955 1955 1955 1955 1955 1955 1955
345 3 72 3 539 539 72 0 1791 672 1677 0 1366 1434 1366 1791 1791 1791 1366 1434
134 203 134 569 569 449 449 673 569 673 569 569
214 214 214 449 874 874 874 874 934 449 874 673 673
532 532 532 601 601 601 601 601 601 601 601 601 601 601 601
449 449 449 449 449 246 246 162 673 673 449 673 673 1365 673 673
147 1236 1236 147 1236 1917 1917 147 1917 1729 1236 1236 1729 1236 1236 662 662 1236 662 1917 1917
279 279 279 1955 1955 1955 1955 1955 1955 1955 1955 1955 1955 1955 1955 1955 1955 1955 1955 1955 1955 1955 1955 1955 1955 1955 1955
215 72 215 215 926 1385 1260 883 72 1385 1791 1554 883 1791 1385 1791 883 883 1791 1385
134 72 73 1696 72 72 2 3 1819 1819 1791 73 134 1819 530 1409 1604 1604 1819 1791 1409 1434 569 1819 1806 1884 2084 1806 569 569 1806 569 1434 569 1409 1791
1474 597 844 597 844 597 597 597 1474 1474 1474 597
532 532 532 601 601 601 601 601 601 601 601 601 601 601 601
305 305 305 72 72 72 1390 1791 1201 1201 1201 1201 1201 1201 1791 1791
449 449 236 449 449 449 449 673 673 0 673 673 0 1366 1366 673 1366 673
72 1918 449 1438 449 75 777 72 370 673 1791 777 1791 1819 1791 1819 1918 1819 673 777 1791
70 449 246 449 449 246 673 449 673 673 673 1365
449 449 449 449 246 449 449 673 1262 246 1365 673
139 1806 698 1841 139 139 449 1841 449 724 967 1806 612 967 745 1899 1841 1841 449 1973 724 967 673 1806 1403 1806 1806
135 135 727 135 641 707 578 727 727 578 1056 578
0 1791 1791 1791 1791 0 0 1366 1791 2059 1366 1791
279 72 279 279 1955 1955 72 1955 1955 1955 1955 1955 1955 1955 1955 1955 1955 72 1955 1955 1955 1955 1955 1955 1791 1955 1955 1791 1955 1791 1968 1955 1955
349 349 349 603 603 603 603 603 603 603 603 603 603 603 603 603 603 603 603 603 603 603 603 603 603 603 603 603 603 603
0 0 353 0 134 1366 134 1366 0 1366 569 569 1366 569 569 1366 1366 569
134 134 134 449 657 569 449 673 569 673 569 569
0 0 0 0 449 0 449 449 449 0 449 449 2016 1366 673 1366 1366 673 1366
72 0 0 0 72 449 72 0 1791 449 0 449 449 449 0 1366 449 673 1366 1791 1366 801 1366 673 1791
0 0 0 0 0 0 1366 0 0 0 1366 1366 2060 1366 1366 1366
305 305 305 449 1201 1201 449 1201 449 449 449 1201 1304 1365 1365 1201 1201 673 673 1365 673
0 1365 0 449 0 1791 246 1791 1366 449 1365 1791 1366 1366 1365 1366 949 1366 673 673 1366 1366 246 1791 246 1791 246 1366 673 1366 1365 673 1366 1366 1791 1366 1365 673 673
72 341 72 1536 449 449 449 449 247 449 72 673 2086 1536 1536 1791 1878 673 1791 673 1791
147 147 662 443 1898 662 1898 764 1898 1510 662 662 764 662 1898 1898 662 662 662
449 449 449 449 246 449 449 162 673 246 673 673 449 673 673 1365
349 349 349 603 603 603 603 603 603 603 603 603 603 603 603 603 603 603 603 603 603 603 603 603 603 603 603 603 603 603
349 349 349 603 603 603 603 603 603 603 603 603 603 603 603 603 603 603 603 603 603 603 603 603 603 603 603 603 603 603
246 1366 1365 246 1366 1366 1365 91 1366 1365 1366 1365
305 305 407 1201 0 1201 1201 0 449 1366 1366 1201 1201 1366 449 673 1201 1201 673
26 1 1 2105 1385 1870 1806 1806 1806 1385 1806 1806
134 134 134 134 134 1060 569 569 569 569 569 569 569 569 569
532 532 532 601 601 601 601 601 601 601 601 601 601 601 601
134 449 0 246 0 449 134 134 449 449 569 246 569 0 569 860 673 1366 673 569 673 1366 1365 673
34 134 449 134 449 449 72 526 1434 134 34 72 72 777 72 72 569 72 1791 1791 777 1434 569 1791 569 1791 673 1351 1434 1791 569 1791 777
619 619 1185 140 619 619 619 1185 619 619 619 619 619 619
0 72 194 72 1791 0 1791 1791 1366 1366 1366 1791
472 472 472 1843 1843 1843 1843 1843 1843 1843 1843 1843 1843
0 0 0 0 0 1366 214 0 214 0 0 0 214 874 874 874 874 874 1222 1366 1366 1366 1366 1366
152 73 480 2 73 255 916 1 1640 700 1409 700 2057 1409 1806 1806 1 916 1385 1884 1520 916 1409 1806 2057 1385
13 185 13 1618 1090 1922 1922 1922 1988 855 1988 1988 1922 1090
0 0 449 449 0 449 246 1607 1366 1366 673 246 1365
135 1385 135 0 1385 1538 374 0 246 578 578 1366 1385 246 1366 647 578 578 1365 1366 1385
279 279 279 1955 1955 1955 1955 1955 1955 1955 1955 1955 1955 1955 1955 1955 1955 1955 1955 1955 1955 1955 1955 1955 1955 1955 1955
349 349 349 603 603 603 603 603 603 603 603 603 603 603 603 603 603 603 603 603 603 603 603 603 603 603 603 603 603 603
72 35 3 72 1409 72 1676 1791 1791 449 1409 1409 449 35 1434 856 449 1434 449 1791 673 1409 673 673 673
0 173 449 449 0 449 1366 449 1366 673 673 1366 673 673
9 241 0 9 1519 1519 1519 1954 0 1366 1366 1519 1366 1954
0 0 449 134 134 0 0 449 0 433 673 1366 1366 1366 569 1366 569 0 673 0 1366 569 569 1366 1366 569 1366
72 1366 1366 1366 72 72 2059 1791 1791 1366 1366 1791
0 449 0 72 72 449 72 258 1791 1791 1366 673 673 1366 1366 1791
0 72 449 72 0 72 449 258 1791 1366 1791 1366 1366 1791 673 673
1591 1789 646 655 745 655 655 12 1441 646 646 655 646 646 646 655 1441 1591
0 0 4 0 4 1365 1448 129 1448 0 0 0 1365 772 1448 1448 1366 1365 1366 1448 1366 1366 1448
246 134 72 134 0 134 0 569 392 246 569 1366 72 1791 1366 1791 1791 569 569 1791 1366 1365
72 72 72 1791 2059 1791 0 0 1366 1366 1366 1791
152 849 152 1450 255 2057 1979 700 849 916 1979 849 1979 1062 916 2057 1979 916
449 1791 246 449 1791 1791 1791 246 449 673 1925 1791 1791 1365
1267 1930 2005 2064 313 2005 1267 567 1881 2047 1930 889 2005 1267 2064 1756 1267 1267 2047 2047 1267 2064 2047 2005 2094 1267 1881 1756
532 532 532 601 601 601 601 601 601 601 601 601 601 601 601
73 0 0 1385 73 94 1806 1385 246 1385 246 0 1366 1385 1366 741 1806 1365 1520 1806
449 1955 449 1955 449 1955 1955 1955 449 1955 673 1955 1955 449 1955 1955 1955 1960 1955 1955 1955 1955 673 1955 1955 1955 1955 1955 1955 673 1955 1955 1955 1955 1955
3 3 3 849 134 849 449 449 134 1434 134 449 673 892 569 569 849 569 569 1738
356 0 0 0 0 1366 449 0 0 449 673 1366 1366 1366 449 1366 1366 673 449 1366 1366 1366 673 673
72 0 0 72 0 72 0 1791 0 0 0 0 0 937 1366 1366 1366 1366 1366 1366 1791 1791 1366 1366 1366 1366 1366
0 449 0 0 0 0 0 1900 1366 449 673 1366 673 1366 1366
91 0 0 1366 1366 246 246 1366 246 246 1365 1365
140 1512 1736 140 1512 1512 140 884 884 619 619 713
0 0 1004 246 100 1366 1536 1673 246 1366 1536 1366 1365
1267 1930 2005 2064 313 2005 1267 567 1881 2047 1930 889 2005 1267 2064 1756 1267 1267 2047 2047 1267 2064 2047 2005 2094 1267 1881 1756
27 1 578 449 578 449 578 328 1385 578 1385 673 673 647 578 578 1385
246 246 569 246 569 569 246 569 569 569 202 569 1365 1365
0 449 449 173 449 0 1366 449 673 1366 673 1366 673 673
72 72 194 1791 1791 0 1791 0 1366 1366 1791 1366
0 449 0 449 449 127 0 1568 1366 1366 673 127
1055 305 0 449 1385 0 888 0 449 0 305 1808 497 1201 1201 673 888 888 888 1 1366 1385 673 1366 450 1201 1494 1366 1201 0 1201 1366 888 931 1201 1227 1366 1385 1366 727 1020 1366 1366 888 727 1366 888 1366 1201
246 1819 451 726 451 1219 1385 525 777 776 816 19 1099 1819 1252 1467 1819 1862 1385 247 1536 776 1862 1862 1819 1099 1819 1219 246 1365 1219 1385 1554 2037 1862 1385 1862 1219 816 1786 1219 1219 1219
32 533 533 623 1022 1022 623 1022 623 623 623 623 623 623 623 1022 1022 782 782 1022 623
449 245 0 0 0 246 449 673 0 1366 1366 1366 673 1366 246 1365 1366 1366
319 438 438 1647 867 1647 1374 1457 867 1457 998 1374 1647 867
0 449 0 449 0 1739 1366 449 673 1366 449 673 673 673
0 449 72 258 72 1791 0 449 1791 1366 673 673 1791 1366 1791 1366
72 246 0 72 449 0 246 246 409 0 449 1791 0 246 1366 1365 1366 449 1366 1791 1366 1791 449 1366 673 673 673 1366 673 1365 1791
95 135 74 489 135 2 1814 0 1675 652 0 578 1889 1814 1409 1520 1385 1814 1385 578 1409 578 1409 1366 1385 1366 1366 1385 578
134 449 134 72 134 569 569 449 72 569 569 449 72 673 246 246 935 1365 1791 1791 1791
72 72 72 72 1791 677 1791 72 1791 1791 1791 1791 1791
76 0 0 0 76 1479 97 1366 1366 1935 816 1935 1168 1826 816 714
349 349 349 603 603 603 603 603 603 603 603 603 603 603 603 603 603 603 603 603 603 603 603 603 603 603 603 603 603 603
449 449 449 246 449 449 246 449 449 449 673 341 247 449 673 1536 1664 1536 1365 1536 673 1878
349 349 349 603 603 603 603 603 603 603 606 603 449 603 603 603 603 603 603 603 603 603 603 603 603 603 603 603 449 603 673 673 603 603
279 279 279 1955 1955 1955 1955 1955 1955 1955 1955 1955 1955 1955 1955 1955 1955 1955 1955 1955 1955 1955 1955 1955 1955 1955 1955
73 305 1806 1806 1806 305 482 1201 1201 1201 1201 1806 73 1806 1201 1806 1884 1884 1806 1201 1806 1201
134 449 449 134 134 449 569 569 569 673 569 657
321 73 73 449 1884 1806 1884 449 73 673 1806 673 1806 1806 1806 1806 1806
349 349 349 603 603 603 603 603 603 603 603 603 603 603 603 603 603 603 603 603 603 603 603 603 603 603 603 603 603 603
0 72 0 449 72 449 0 1366 571 673 246 1791 1791 1791 1791 1366 246 1365 673
2036 661 1267 1267 1267 1368 87 1530 1267 661 1530 1530 1267 1368
246 246 0 246 246 1476 0 1366 1366 1366 246 1365
194 0 72 0 1366 72 1791 1366 1791 1791 1791 1366
72 449 72 246 246 72 1791 449 449 673 1791 1925 1365 1791
385 0 134 0 134 0 569 1366 569 449 0 449 1366 673 569 569 1366 1366 569 1366 1366 673
134 449 246 332 134 1365 246 569 246 246 246 569 449 1365 1365 246 569 1365 673 569 1365 673 1365 569
449 72 449 384 449 454 1055 1055 72 673 449 246 673 454 1055 1791 673 246 886 1780 1365 1791 1791 1791 673 1055 1463
449 72 72 72 449 449 1791 1365 449 1365 1791 449 1365 1791 673 449 2039 673
0 569 569 569 569 569 569 0 0 1366 754 569 1366
134 449 449 449 673 134 134 569 569 569 657 569
472 472 472 1843 1843 1843 1843 1843 1843 1843 1843 1843 1843
420 420 420 1667 1667 1667 1667 1667 1667 1667 1667 1667
455 1462 449 1462 449 455 449 539 673 455 1462 1891 1462 2007 539
76 1462 1806 0 1462 1806 0 1806 1462 1870 1448 76 1579 1448 190 0 1462 1826 1462 1462 1806 1448 1826 1325 1947 1366 1448 1826 1366 1462 1806
73 73 260 1806 73 73 1884 1806 1806 1806 1806 1806 1884
449 214 0 214 449 214 0 449 874 0 874 449 1366 874 449 449 673 1366 874 874 1105 673
147 147 662 443 1898 662 1898 764 1898 1510 662 662 764 662 1898 1898 662 662 662
0 72 72 0 72 0 1791 246 1366 1366 246 1791 2076 1791 1365
449 0 449 449 449 246 246 449 246 0 192 673 1366 673 673 1366 1366
72 134 303 134 569 72 569 569 569 1791 1791 1791 569 1791
449 449 449 673 449 1739 0 449 0 1366 1366 673 1366 673
0 0 455 449 289 930 930 449 930 673 930 673 119 1366 930 1366 930 1366 930 930
77 77 1836 1836 1836 254 1836 1836 803 1836 1836 1836
223 1952 223 1952 223 933 1297 1952 1952 1297 933 1297 933
930 930 0 0 1820 0 930 930 930 2076 930 930 1366 1366 930 930
1591 1789 646 655 745 655 655 12 1441 646 646 655 646 646 646 655 1441 1591
253 134 246 449 134 569 569 569 449 569 569 673 246 1365 673
246 449 134 246 246 134 246 134 282 1365 449 673 569 569 569 569 1365 673
449 247 1385 449 569 1434 1434 1513 569 727 1006 449 569 1434 727 1006 569 727 727 341 727 247 569 1385 1536 1620 569 673 1878 1538 1385 1536 727 569 1150 1385
305 305 305 1201 1201 1201 449 449 449 1201 1243 1201 1201 673
134 134 1791 1791 134 1791 569 569 868 569 1791 1791 1791 569
420 420 420 1667 1667 1667 1667 1667 1667 1667 1667 1667
472 472 472 1843 1843 1843 1843 1843 1843 1843 1843 1843 1843
134 248 134 134 248 447 1672 1672 569 569 648 569 569
449 72 72 72 449 246 449 246 246 0 1791 1791 0 0 1791 673 1366 571 1366
420 420 420 1667 1667 1667 1667 1667 1667 1667 1667 1667
420 420 420 1667 1667 1667 1667 1667 1667 1667 1667 1667
246 0 449 124 449 246 1365 673 673 0 1366 1366 1366
455 0 449 449 0 449 449 0 930 0 0 449 455 0 23 673 930 1366 449 1410 1366 673 1366 653 1366
0 246 450 134 1494 0 1 0 134 0 134 450 1 1366 569 0 569 1385 569 569 0 1385 1366 493 1366 727 246 1366 1085 1365
420 72 420 72 420 1667 1667 72 1791 1667 1667 1667 1667 1791 1791 1755 1667 1667
0 503 455 455 134 134 0 0 449 569 569 753 1366 0 589 589 1366 569 1366 449 569 589 1366 930 673 589 589 1366 569 1366 589 673
532 532 532 601 601 601 601 601 601 601 601 601 601 601 601
135 1 1 271 1385 1385 135 647 578 1538 578 578 578
73 72 73 72 450 72 450 406 1806 1806 72 1791 1791 1791 1791 1791 727 1006 1791 1806 1791 1791 1863
0 449 0 173 449 449 449 1366 673 1366 673 1366 673 673
72 72 0 0 194 1366 1791 1791 1791 1791 1366 1366
349 349 524 349 451 603 603 603 614 603 603 603 777 603 603 1366 1786 603 603 603 1366 777 603 603 1366 603 603 1786 603 603 603 603 603 603 603 603 1366 1366 603 603 603
305 305 449 305 1201 1243 449 673 1201 1201 1201 673 1201 1201
214 214 0 0 0 0 214 1127 1366 874 0 874 1366 874 874 1366 1366 874 1366
0 72 449 0 0 0 72 352 449 1366 1791 1366 1366 673 1791 1366 1366 673 1791 1791 1366
279 279 279 1955 1955 1955 1955 1955 1955 1955 1955 1955 1955 1955 1955 1955 1955 1955 1955 1955 1955 1955 1955 1955 1955 1955 1955
145 651 145 651 435 1898 651 651 1488 1898 651 1898 651 1898 1898 651 651 651 651
351 351 351 605 605 605 605 605 605 605 605 605 1852 605 1887 1887 605 605 605 2021 605 605 645 605 645 605 605 1906 605 605 1887 1906 1971 605 1852 1852 605 605 626 605 605
72 0 0 72 449 72 72 1791 449 0 72 1791 1366 449 673 72 1366 1791 860 1791 1791 1791
358 0 0 1 1 135 647 1385 1366 1366 578 578 578 578 1538 1385 578 1366
472 472 472 1843 1843 1843 1843 1843 1843 1843 1843 1843 1843
147 1236 1236 147 1236 1917 1917 147 1917 1729 1236 1236 1729 1236 1236 662 662 1236 662 1917 1917
246 449 246 0 0 0 449 1366 449 124 673 1366 1365
449 0 0 0 449 0 0 0 1366 1366 449 673 1900 1366 1366
0 134 0 134 0 353 569 1366 569 1366 1366 0 1366 569 569 1366 1366 569
449 0 0 278 0 0 1366 1366 449 449 673 1366 1366 1366 673 1366 449 673 673
73 0 0 73 267 450 450 1806 1006 727 1366 1366 1806 1806 1366 1863
134 569 569 134 569 360 569 569 569 569 569 569 569 569 569
171 153 256 2057 704 922 610 962 922 922 2057 1536 1536
450 453 0 450 1365 0 1365 449 449 0 1366 1006 1365 450 450 449 727 492 1877 727 453 673 1877 0 1366 565 1056
72 134 134 72 303 1791 569 1791 569 569 1791 569 569 1791
72 449 449 449 449 0 0 449 72 449 72 643 1366 1366 1791 1366 1791 673 1791 673
449 0 449 0 449 449 449 173 1366 1366 673 673 673 1366
532 532 532 601 601 601 601 601 601 601 601 601 601 601 601
449 874 449 874 874 874 874 874 449 934 874 874 673
279 72 279 279 1955 1365 72 1969 1955 1955 1955 1955 1955 1955 1955 1791 1955 1955 1955 1955 1365 1955 1955 1955 1791 1955 1955 1955 1955 1955 127 1955 1365 1955 1791 1955 127 1791
449 449 72 72 72 209 1791 1791 1791 449 449 673 673 673 673
246 72 72 246 246 246 72 1791 246 246 1791 246 246 1791 1872 1365
279 279 279 1955 246 1955 246 1955 1955 1955 1955 1955 1955 1955 1955 246 1955 1955 246 1955 1955 1958 1955 1955 1955 246 1955 1955 1955 1365 1955 1955 1955
134 134 449 449 134 569 657 673 569 569 673 569
173 449 0 0 449 449 1366 1366 449 673 673 673 673 1366
136 284 3 136 583 583 3 1604 583 1434 725 583 1604
72 0 0 72 1365 72 1365 0 72 0 72 72 994 1366 1366 1791 449 1366 1791 1791 1791 449 1366 673 1366 673 1365 1366 1791 1791
452 118 449 452 816 816 449 816 673 1435 816 673
449 449 70 246 449 449 246 673 673 673 673 1365
1385 1870 1520 1365 1806 1806 1 1385 0 449 1365 1806 1365 449 1385 449 673 799 1806 0 1366 1806 1366 1366
449 492 277 1365 450 727 0 1365 0 727 727 449 727 931 1366 1366 727 1365 673 1366 673
149 719 149 1639 1308 1639 719 1308 149 1855 1308 1308 680 1855 1389 1639 680 2093 1639 1308 2093 1545 680 1389
32 533 533 623 1022 1022 623 1022 623 623 623 623 623 623 623 1022 1022 782 782 1022 623
305 305 305 0 1201 0 1201 0 1201 1366 1201 1315 1201 1366 1201
1961 607 607 607 990 607 607 281 607 607 1961 607 607 607 1961 1961 607 1961 1961 607 1961 1961 1961 1961 1961 607 990 1961 1961 607 607 607 1961 607 1961 607 1961 607 1961 1961 607 607 607 1961 1961 607 1961 607 1961 607 1961 607 607 1961 607
420 420 420 1667 1667 1667 1667 1667 1667 1667 1667 1667
0 0 0 0 246 1821 1366 0 1366 1366 1366 246 1365 1366
0 246 246 449 449 0 246 0 1366 1366 449 673 1607
83 83 300 1922 655 655 655 1029 1922 655 655 1029
532 532 532 601 601 601 601 601 601 601 601 601 601 601 601
349 349 349 603 603 603 603 603 603 603 603 603 603 603 603 603 603 603 603 603 603 603 603 603 603 603 603 603 603 603
0 0 246 246 0 0 246 449 449 0 72 246 0 449 72 0 246 0 72 246 0 1366 1791 1366 1366 1366 673 1791 1366 1366 878 1791
0 75 0 449 0 75 1366 886 246 449 166 449 800 1819 673 1819 886 449 886 246 673 1366 1819 1365 673 673