702 157 456 815 702 702 308 182 157 702 702 815 308 182 157 305 815 157 157 322
513 513 513 364 364 364 513 513 513 513 702 815 815 453 695 702 815 702 702 702 364 364 702 695 815 815 364 513 364 364 513 702
255 815 526 255 815 255 255 255 815 815 815 255 255 702 702 702 702 702 815 255 255
816 702 145 815 815 702 815 702 234 702 702 815 815 815 728 702 9 662 702 728 702 98 702 211 782 700 702 702 702 702 815 702 702 815 702
350 815 157 815 815 157 157 815 157 157 815 350 157 157
702 702 741 702 68 815 702 702 815 844 68 702 760 68 702 513 702 740 815 702 513 815 815 68 702 815 702 702 844 702 702 728 70 513 815 702 702 702 124 702 814 815 815 702 815 815 702 68 728 68 68 702 702 702 815 815 760 702 728 702 741 702 815
458 458 458 458 458 458 458 458 458 458 458 458
157 408 68 68 157 408 157 157 157 157 68 68 68 68 157
770 770 770 770 770 770 770 770 770 770 770 770 770 770 770 770 770 770
458 458 458 458 458 458 458 458 458 458 458 458
68 513 68 68 68 68 68 513 149 513 68 513
15 15 15 15 15 15 15 15 15 15 15 15 15 15 15 15 15 15 15 15
255 255 513 633 349 255 255 349 255 513 255 285 255
458 458 407 364 708 364 364 708 458 364 458 529 458 364 708 407 364 458 458 458
702 815 68 702 157 702 760 702 702 68 782 99 68 196 728 68 157 68 702 9 702 68 702 782 68 815 68 157 844 68 815 728 157 702 702 782 157 513 702 49 157 782 702 68 702 157 702 68 513 157 99 68 513 9 9 702 702 728 68 513 702 68 68 68 702 815 702 68 702 815 68 702
15 15 15 15 15 15 15 15 15 15 15 15 15 15 15 15 15 15 15 15
721 552 721 721 458 552 552 552 721 721 721 721 458 552 552 458 458 458
196 68 702 68 702 702 68 702 196 68 68 68
702 702 702 702 702 702 702 702 702 54 299 702 702 702 702 702 702 702 54
51 815 255 157 63 133 255 364 815 364 255 815 815 815 815 407 364 407 309 133 255 157 815 815 815 235 542 285 366 255 255 63 133 815 51 157 99 63 157 157 364 385 407 157 815 184
740 513 702 513 702 815 609 815 815 815 83 9 815 68 68 68 513 68 83 702 68 83 702 135 702 815 68 513 815 68
815 68 364 364 815 68 83 364 364 364 815 68 68 815 68 364 364 640 68 844 364 364 364 815
702 702 702 513 702 702 513 513 513 513 513 513 702 513 513 513 845 702 513 292 702 702
702 68 816 702 68 68 68 68 260 513 513 68 68 702 816
770 770 770 770 770 770 770 770 770 770 770 770 770 770 770 770 770 770
214 214 782 702 214 702 702 702 702 782 702 702 702
669 157 157 669 669 157 669 669 157 735 157 669 157 157 669 669 669 669 157 669 669 669 669
513 513 513 364 364 364 513 513 513 513 702 815 815 453 695 702 815 702 702 702 513 364 702 695 815 815 364 513 364 364 364 702
157 408 68 68 157 408 157 157 157 157 68 68 68 68 157
458 458 458 458 458 458 458 458 458 458 458 458
68 68 815 68 702 815 815 815 513 68 815 815 845 513 702 815 815 311 513 702 68 68 68 561 815 815
770 167 802 743 770 770 815 780 796 182 743 770 743 780 750 770 770 770 154 770 815 751 751 182 770 770 788 770 743 743 0 83 764 815 743 45 751 770 182 770
286 157 702 702 157 157 157 702 702 157 157 157 286
157 815 63 157 157 63 63 157 402 157 157 815 63 157 63 157
68 68 68 335 68 68 68 68 68 68 68 68 335 68
182 702 68 68 702 68 68 702 702 68 68 239 182 68 182 702
702 702 157 182 702 428 702 157 702 182 157 702 702 157 182 157 702 157 157 157 702 702
702 815 125 702 815 702 815 702 815 815 702 815
68 99 68 707 815 68 68 68 68 815 68 99 68 815 68 68 68 68 68 707 68 815 815 68 68 68 68 68 68 68 68
702 702 815 815 702 513 702 702 815 702 513 702 815 513 815 513 702 702 702 815 328
702 702 702 702 702 189 702 702 702 702 702 702 702 65 702
157 516 702 157 157 157 157 157 212 516 157 212 157 157 157 157 212
452 255 255 452 452 157 452 452 255 157 452 157 255
815 702 182 241 513 815 702 815 513 702 815 182 513 702 702 815 513 182 815
68 68 68 815 68 815 815 815 68 68 815 68 815 259
458 182 702 458 305 458 458 702 182 458 702 728 458 458 182 458 182 592 702 458 458 182 458
255 815 255 255 815 815 815 255 255 255 255 255 424 815 255 815
157 513 157 157 513 513 157 513 157 157 236 157 157
770 770 770 770 770 770 770 770 770 770 770 770 770 770 770 770 770 770
842 770 157 450 770 770 450 832 306 157 809 770 770 842 770 157 770 770 779 832 157 40 770 770 770 395
815 513 702 513 702 315 513 702 182 513 513 815 702 702 815 182 815 513 182 815 513 513 815
743 743 743 743 743 743 743 743 743 743 743 743 743 743 743 743 743
702 702 702 513 513 702 138 702 702 513 513 702 702 702 702
815 815 815 224 68 68 815 68 68 68 68 573 68 256 68 109 68 815 68 710 224 710 815 68 454 68 33 68
458 458 458 458 458 458 458 458 458 458 458 458
458 458 458 458 458 458 458 458 458 458 458 458
815 68 68 815 68 68 259 68 68 815 815 815 815 68
15 15 15 15 15 15 15 15 15 15 15 15 15 15 15 15 15 15 15 15
702 815 702 815 702 815 815 815 815 702 702 125
743 743 743 743 743 743 743 743 743 743 743 743 743 743 743 743 743
815 157 157 815 157 157 815 157 815 157 351 815 157 815 157
157 411 815 157 157 513 157 157 815 513 157 815 815 513 157 815 157 513 815
237 68 702 68 513 158 68 158 513 158 68 702 513 513
9 702 702 815 815 149 9 702 815 760 815 702
15 15 15 15 15 15 15 15 15 15 15 15 15 15 15 15 15 15 15 15
9 633 815 702 216 702 815 702 815 513 815 84 702 702 513
815 513 815 815 513 815 702 815 815 702 328 702 513 702 702 513 702 702 702 702 702
702 68 702 68 702 68 728 702 68 83 702 702 702 68 702 339 702 68
702 702 702 513 702 513 702 702 702 513 702 513 702 138 702
702 364 157 485 364 184 702 364 485 182 364 485 515 485 182 305 760 702 604 702 501
68 68 68 68 513 68 513 513 149 68 68 513
182 815 580 513 68 723 815 844 702 33 513 815 815 235 68 815 580 815 815 782 83 702 702 68 702 815 68 815 702 666 815 815 815 513 54 702 702 425 815 513 513 33 815 182
552 552 552 552 815 815 637 815 815 552 552 552 552 552 815 552 815 552 552
815 815 702 702 815 702 161 702 815 182 815 182 702 815 182
702 815 68 815 702 68 68 68 815 815 702 815 702 376 815 702 68 68 68
158 99 702 68 158 68 296 702 740 296 702 68 702 702
458 458 458 458 458 458 458 458 458 458 458 458
68 68 68 702 702 68 702 68 68 702 197 68 702
458 458 458 68 458 68 68 617 68 458 68 458 458 458 617 68 458 458
770 770 770 770 770 770 770 770 770 770 770 770 770 770 770 770 770 770
182 182 122 122 68 182 68 83 68 122 68 702 68 68 68 68 68 585 68 68 68 68 68 68 134 68
68 458 458 580 473 513 702 27 513 157 702 182 465 68 702 458 728 458 702 513 702 815 157 68 702 513 157 513 702 815 513 157 83 702 815 305 157 728 702 728 513 458 815 157 68 845 513 68 68 644 702 458 157 458 815 513 728 815 473 182 666
158 99 702 68 158 68 296 702 740 296 702 68 702 702
15 15 15 15 15 15 15 15 15 15 15 15 15 15 15 15 15 15 15 15
15 15 15 15 15 15 15 15 15 15 15 15 15 15 15 15 15 15 15 15
255 255 452 452 157 452 452 255 157 452 452 157 255
68 99 68 702 702 68 740 702 68 213 68 213
182 255 34 255 815 467 255 815 255 255 182 255 182 815 255 815 815 285 285
552 643 552 643 643 643 643 552 364 643 643 552 643 364 643
815 125 702 702 815 702 815 815 702 815 702 815
255 255 452 452 157 452 452 255 157 452 452 157 255
702 815 815 702 702 702 815 702 815 125 815 815
68 295 815 146 146 68 146 815 295 295 295 815
513 702 348 255 702 255 255 348 255 409 255 513 513 255 513 348
513 157 247 513 513 247 157 247 247 323 247 247 247 513
815 815 815 702 125 815 815 702 815 702 702 702
458 458 458 458 458 458 458 458 458 458 458 458
513 702 182 513 702 815 182 513 702 513 513 815 702 702 513 702 513 513 815 702 182 513 182 815 815 513 815 513 666 508 702 182 702 702
782 68 68 68 782 68 68 68 250 99 68 68 489 782 702 99 68 760 68 68
15 15 770 29 770 15 770 770 15 770 770 803 15 15 15 770 181 181 181 181 15 15 770 15 181 181 50 15 826 181 770
15 15 15 15 702 15 15 513 15 816 15 15 513 15 15 702 816 46 15 702 15 15 15 15 15 15 15
580 513 452 347 513 452 452 284 513 815 255 513 702 702 157 693 513 702 513 457 452 157 815 284 31 132 6 815 157 702
564 690 364 157 157 364 643 77 183 643 364 569 68 449 397 643 364 749 643 364 364 643 364 26 564 364 364 552 643 364 643 622 77 364 68 157
702 815 702 815 815 815 702 65 702 702 815 702 702 815 702 251
157 702 157 815 702 702 702 443 815 157 157 157 443 157 815 815 815 157
770 770 24 157 60 3 60 770 364 793 655 157 364 800 24 364 770 157 770 800 770 793 157 770 398 3 60
702 702 702 702 815 214 214 815 83 702 815 83 702
157 157 68 68 335 157 68 157 68 583 68 157 157 68 68 68 68 157 157 68 68 68
815 258 513 68 513 68 702 99 196 68 702 68 702 99 68 68 513 711 68 68 68 224 68 815 68 702 815 513 185 224 702 702 185 702 68 68
157 157 157 815 815 157 815 157 157 815 815 351 157 157 815
743 743 743 743 743 743 743 743 743 743 743 743 743 743 743 743 743
702 815 815 702 702 815 702 815 702 252 702 702 815 702 815 702 702
68 68 68 68 513 513 68 68 68 68 68 68 68 513 404 513 68 68 68
236 513 157 157 157 157 157 513 157 157 157 513 513
364 571 364 571 571 364 364 571 571 364 364 571 571 571
513 513 74 513 666 513 513 513 513 182 182 513 513 513 513
15 15 15 15 15 15 15 15 15 15 15 15 15 15 15 15 15 15 15 15
815 815 815 255 815 255 255 255 255 255 255 815 255 424 815 255
513 262 111 815 513 815 513 513 33 815 513 513 513 513 513 513 513 513 33
255 255 452 452 157 452 452 255 157 452 452 157 255
68 255 255 68 68 255 68 513 68 255 476 68 255 255 68 68 68 83 255 652 83 68 274 513 513 68 580
770 770 770 770 770 770 770 770 770 770 770 770 770 770 770 770 770 770
743 15 15 770 743 770 627 743 743 743 621 120 364 458 743 68 120 78 770 847 627 91 364 15 698 192 15 89 498 91 743 685 627 15 537 510 179 761 179 743 496 458 743 15 743 770 642 510 15 266 441 179 131 743 91 68 384 91 743 82 318 627 801 743 364
702 513 513 86 702 513 513 702 513 513 702 702 513 513
702 68 68 68 702 68 702 68 702 68 702 197 68
68 513 68 513 68 513 68 513 68 149 68 68
815 68 68 815 68 68 479 68 815 68 68 68 68 68 815 68 68 68 68 815 815
458 157 458 791 473 157 146 458 475 458 458 9 157 157 295 365 365 294 815 458 157 157 68 458 458 157 458 157 157 815 791 157
65 702 513 702 580 728 702 702 702 702 702 606 815 702 815 702 702 728 136 702 702 702 741 702 513 815 513 815 702 702 815 702 702 702
458 458 458 458 458 458 458 458 458 458 458 458
68 702 305 182 728 68 68 68 68 68 702 68 251 702 702 182
513 702 228 728 702 702 702 702 513 513 513 845 513 702 580 513 702 702
68 83 68 815 68 490 815 815 68 68 68 68 68 68 68 815 844 68 815 68 68
815 196 9 815 9 815 815 815 815 815 815 196
815 109 815 258 182 68 478 68 182 68 815 815 68 702 195 109 702 455 182 109
68 68 68 68 68 68 336 68 68 68 68 68 68 68 68
815 815 815 224 68 68 815 68 68 68 68 573 68 256 68 109 68 815 68 710 224 710 815 68 454 68 33 68
669 669 669 669 669 669 669 669 669 669 669 669 669 669 669
332 68 255 332 68 68 255 535 68 332 332 68 68 255 68 68 332 332
157 157 157 815 224 157 157 33 33 815 815 157 425 513 513 425 513
301 702 182 182 702 702 702 702 702 513 702 513 702 513 702 702 702 513 182 702 702 702 702
68 149 513 68 68 513 68 513 68 68 513 68
157 68 365 157 365 365 294 146 157 146 365 365
666 157 194 157 182 182 157 194 157 235 157 194
458 458 458 458 458 458 458 458 458 458 458 458
365 255 255 255 365 365 365 365 255 815 815 255
815 68 663 702 68 815 702 109 815 512 68 702 741 182 815 815 213 815 195 195 305 305 728 68 815 844 68 68 182 815 68 702 815 182 702
513 364 364 364 513 422 364 364 513 364 364 364 364 422
255 255 255 68 768 68 68 458 458 68 68 255 255 458 458 458 68 68 458 458 255 458 68 458 83 255 458 68 68 68 68 274 458 255 68
702 816 126 702 702 702 702 513 513 702 702 702 816
68 68 182 182 148 68 68 188 513 68 68 182 513 513
68 815 68 68 844 68 815 815 83 702 815 68 68 404 702 815 741 702 702
759 702 255 255 350 255 661 255 702 68 68 702 702 68 728 255 255 9 702 702 68 255 68 64 64 68 68 255 702
157 815 702 702 157 702 513 815 815 728 728 702 513 157 815 702 702 513 513 815 157 513 815 702 702 702 513 702 513 702 702 157 157 513 157 653 157 702
669 669 669 669 669 669 669 669 669 669 669 669 669 669 669
513 702 815 815 513 815 815 513 815 815 200 702 702 702 513 702
458 458 458 458 458 458 458 458 458 458 458 458
182 702 475 815 157 146 599 702 169 295 305 702 728 365 365 305 294 157 83 702 815 475 844
125 702 815 702 702 815 815 815 702 815 702 815
669 669 669 669 669 669 669 669 669 669 669 669 669 669 669
815 513 68 513 728 68 702 702 815 702 157 513 702 157 68 513 68 702 68 815 815 513 815 702 702 68 702 815 513 5 815 68 702 68 815 702 157 702 702 68 844 815 728 68 815 68 157 844 815 513 157 702 702 815 157 815 68 702 157 702 702 68 157 513 815 68 815 815 702
815 815 815 815 815 815 815 187 815 815 815 815 815
815 68 513 68 815 815 513 367 68 702 68 702 68 702 815 815 513 702 815 815 815 618 513 702 815 702 249 702 815 702 702
513 255 335 255 255 255 513 255 513 513 255 255 255 255
770 513 770 48 513 770 83 588 141 770 770 746 815 118 116 458 458 43 770 118 770 815 364 840 770 513 770 792 67 770 458 364 28 770 815 52 458 537 770 458 770 537 205 770 815 364 823 823 81 67 458 17 770 210 458 20 823 725 815 815 394 770 4 770
702 702 815 815 125 702 815 702 702 815 815 815
770 770 770 770 770 770 770 770 770 770 770 770 770 770 770 770 770 770
15 15 770 29 770 15 770 770 15 770 770 803 15 15 15 770 181 181 181 181 15 15 770 15 181 181 50 15 826 181 770
458 458 543 702 458 458 458 702 458 702 458 458 702 702 458 458 458
274 702 728 255 386 702 702 702 255 255 255 255 255 255 255
564 691 364 157 157 364 643 76 319 643 364 634 68 815 540 442 643 364 765 643 364 364 643 364 42 564 364 364 552 168 643 364 643 658 93 364 68 157
68 184 702 157 68 68 68 702 68 68 702 68 68 68 157 68 110 68 184 702 157 702 157 157 68 68 157 641
513 513 513 513 513 513 513 513 513 513 513 513 513 513 513 513 115
68 68 68 513 513 68 513 149 68 68 68 513
513 513 513 741 163 702 702 513 702 513 513 702 513 513 513 513 702
688 584 537 688 364 616 537 688 432 458 458 537 688 688 364 364 688
815 815 815 68 68 815 68 68 68 259 68 815 68 815
815 33 109 815 257 257 68 257 68 68 68 815
255 702 702 294 255 400 702 255 816 255 255 294 400 255
68 702 68 702 68 197 702 702 68 68 68 68 702
669 669 669 669 669 669 669 669 669 669 669 669 669 669 669
770 770 770 770 770 815 770 770 770 770 770 770 815 815 770 770 815 770 770 822 815 770 770 815
458 458 458 513 523 458 458 513 523 458 458 458 513 458 458
552 364 364 157 364 157 552 552 157 572 364 552 702 157 364 760 552 157 364 364 157 552 552 364 552 552 157 828 157 399 364 552 702 552 702 702
815 157 157 815 513 815 157 815 157 157 157 815 157 513 815 513 513 157 411
552 643 552 643 643 643 643 552 364 643 643 552 643 364 643
743 743 743 743 743 743 743 743 743 743 743 743 743 743 743 743 743
15 15 15 15 15 15 15 15 15 15 15 15 15 15 15 15 15 15 15 15
157 182 182 157 182 157 157 157 157 157 157 196
364 157 364 157 157 364 364 364 157 364 364 597 157 364 157 157 364 157 364
458 458 458 458 458 458 458 458 458 458 458 458
702 68 68 435 68 68 68 68 702 68 68 68 196 68 702 68 68 68 702
458 458 458 458 458 458 458 458 458 458 458 458
770 753 743 66 770 824 772 743 770 68 743 824 155 797 177 836 804 770 770 177 770 495 743 522 770 743 743 770 811 155 804 770 68 770 774
815 513 224 68 68 286 513 286 68 815 68 815 286
815 388 68 68 815 728 815 702 68 68 68 844 702 68 815 702 702 815 68
702 513 513 513 702 702 513 702 702 702 702 218 702 513 513 702 702 513 513
182 815 815 815 815 702 702 702 182 161 182 815 702 815 702
458 458 458 458 458 458 458 458 458 458 458 458
702 702 816 815 815 815 513 702 815 702 702 312 702 815 125 815 702 513
295 68 68 68 68 295 68 68 68 68 295 295
815 702 702 815 815 702 815 136 702 844 728 815
702 702 68 579 68 633 702 702 702 110 54 636 68 702 702 702 68 702 513 702 702 702 702 702 739 702 702 68 702 727 273 702 68
133 815 815 133 133 844 68 133 815 815 68 513 513 404 580 815 815 513 133
68 68 487 651 157 157 99 285 255 157 157 157 255 255 157 68 157 255 255 68 255 255 68 157
196 68 702 68 702 702 68 702 196 68 68 68
224 352 68 224 702 702 702 68 224 815 702 815 68 702 68 815
815 70 815 702 815 68 68 728 702 815 34 68 815 815 815 760 656 815 513 844 68 68 55 815 513 815 844 68 513 702 815 815 815 68
815 470 513 580 815 513 580 157 513 157 513 513 157 157 815 815 815 513 157 815 157 157 157
815 68 68 815 702 815 702 375 68 702 815 68 815 702 68 124 68 68
815 702 815 702 815 815 815 815 125 702 702 702
65 702 211 815 815 702 702 702 702 815 702 702 234 702 702 702 815 815 666 702 68 815 702 662 68 837 149 702 68 65 68 702 68 702 702 702 702 702 513 702 211 702 782 702 182 702 65 702 98 68 702 815 702 182 702 815 68 702
669 669 669 669 669 669 669 669 669 669 669 669 669 669 669
702 815 702 815 702 702 702 702 815 702 702 815 815 815 369 702 702 702 702 702 702 702
743 743 743 743 743 743 255 743 255 255 255 743 743 255 743 255 743 743 743 743 255 834 255 743 743 255
458 458 458 458 458 458 458 458 458 458 458 458
702 68 68 702 182 702 68 702 182 68 68 68 182 68 68 702 68 702 702 702 68 68 68 546 68 702 702 68
458 458 458 458 458 458 458 458 458 458 458 458
68 702 702 68 68 196 196 702 68 68 702 68
702 157 68 385 157 364 68 364 83 454 157 68 364 157 364 364 256 68 68 83 157 68 68 68 373 157 68 68 157 728 454 385 196 68 454 702 364 157 68 850 364 68 110 702
68 68 68 68 322 68 68 68 322 68 322 68 68
68 182 68 513 68 68 68 68 513 182 436 580 68 68 68 68 513 68 83 68 110
702 815 741 702 815 68 702 815 844 68 68 815 68 411 83 844 83 68 702
511 513 702 513 702 702 513 104 702 182 182 702 305 580 182
272 68 255 68 68 247 247 702 248 702 247 815 157 68 68 815 68 255 815 255 673 808 68 363 6 513 68 484 666 513 68 702 247 255 815 484 815 702 702 247 68 513 421
702 815 513 815 815 702 815 702 513 135 844 815 702 702 702 760 815 702 513 513 815 815 9 493 815 702
65 68 702 702 68 702 513 513 728 513 513 513 68 702 68 68 68 513 702 702 513 702 513 539 702 728 702 702 68 702
223 552 692 552 552 552 552 552 692 157 157 223 157 552 628 552 692 223 552
580 580 255 255 594 513 255 513 255 513 580 255 513 815 815 815 350 513 255 815 513 255 580 815 844 513 255
255 580 513 513 255 255 255 580 513 255 513 513 513 461 513 513 255 255 513 255 255 513
182 815 513 513 513 815 815 182 113 815 182 815 815 513
770 770 770 770 770 770 770 770 770 770 770 770 770 770 770 770 770 770
702 157 702 702 702 157 702 702 404 702 702 157 702 157 157 157 702 157 157
650 815 815 68 110 702 68 68 815 815 110 68 815 68 68 815 702 815 815 815 815 702 702 815 68 68 815 68 68 68 760 68
286 157 286 702 157 157 157 702 702 157 157 157 702
702 68 513 702 68 68 702 513 702 182 702 182 702 68 68 702 702 513 513 702 182 513 472 68 68 513 513 513 702
815 513 815 702 198 815 702 815 815 513 513 702 702 198
770 770 770 68 68 770 770 770 770 770 839 770 770 68 770 770 770 770 770 68 770 839 68 68
157 513 157 157 513 157 513 157 236 157 513 157 157
743 743 743 743 743 743 743 743 743 743 743 743 743 743 743 743 743
770 770 770 770 770 770 770 770 770 770 770 770 770 770 770 770 770 770
815 815 702 815 815 815 702 702 815 125 702 702
815 68 68 504 815 68 68 34 68 815 68 815 68 99 68 68 815 99 68 68 68
458 458 458 458 458 458 458 458 458 458 458 458
157 815 157 157 815 351 815 157 157 157 815 157 815 157 815
255 255 68 728 255 702 68 702 255 68 255 702 68 68 255 255 255 255 255 717 255 83 255 255 68 255 255 255 702 255 255
666 33 182 702 702 815 33 199 815 702 33 702 182 702 815
458 458 458 458 458 458 458 458 458 458 458 458
458 815 815 458 815 458 815 458 581 458 458 458 458 815 458 581 458
458 458 458 458 458 458 458 458 458 458 458 458
702 513 157 580 247 702 247 247 513 702 513 247 247 247 435 728 247 157 702
815 702 702 815 815 815 815 702 702 844 702 702 702 182 300 702 182 702 305 702
33 99 63 182 63 68 182 404 63 83 68 182 68 68 68 68 110 513 815
815 815 815 815 702 513 702 702 513 513 815 815 702 702 513 200
68 68 68 157 157 408 68 157 157 157 68 408 157 157 68
755 458 458 458 458 458 458 458 458 458 458 473 458 815 458 815 815 458 815 458 473 458 458 458 458 815 486 458 815
770 770 770 68 68 770 770 770 770 770 839 770 770 68 770 770 770 770 770 68 770 839 68 68
68 476 476 255 255 68 255 255 68 68 255 68 255 255 68 255
743 743 743 743 743 743 743 743 743 743 743 743 743 743 743 743 743
287 157 702 157 157 157 157 702 702 157 702 157 157 702
9 215 815 815 702 9 702 815 702 815 815 702 9 815
68 68 702 702 68 68 68 68 196 702 702 196
149 702 9 815 815 815 702 9 702 702 815 760
815 815 815 815 815 815 815 815 186 815 186 815
815 702 815 815 702 702 815 815 815 702 702 125
815 815 815 815 815 815 68 815 625 68 815 815 702 702 815 815 815 815 68 815 815 815 702 815 702 68 815 68 68 83 728
458 458 458 458 458 458 458 458 458 458 458 458
458 458 458 68 458 68 458 68 68 458 68 458 617 617 68 458 458 458
109 255 68 68 255 640 255 68 350 255 68 68 68 83 255 255 68 255 68 255 109 68 68 109
365 255 365 255 365 365 365 255 815 815 255 255
68 197 702 68 702 68 68 702 68 702 68 702 68
15 15 15 15 15 15 15 15 15 15 15 15 15 15 15 15 15 15 15 15
565 157 620 106 121 121 223 364 157 815 565 406 660 541 541 364 157 364 660
770 770 770 815 68 770 770 815 770 815 770 815 770 770 770 775 770 770 68 770 770 68 815 68 68 770 83 770 815 68 22
702 68 68 68 702 513 513 513 702 68 68 513 277 68 68 702 702
721 157 157 552 769 458 157 721 721 769 248 552 552 769 552 552 500 458 552 721 157 458 157 500
702 702 845 513 513 255 255 702 255 255 513 255 274 702 513 513 255 255 505 513 255 580
815 364 502 815 502 364 815 502 364 364 364 364 364 364 815
364 571 364 571 571 364 364 571 571 364 364 571 571 571
702 702 513 513 702 702 702 513 702 152 728 513 702 728 702
68 68 68 335 68 68 68 68 68 68 68 68 335 68
702 68 157 728 400 702 702 157 169 68 400 157 503 157 157 68 702 68 68
157 702 157 815 702 702 702 443 815 157 157 157 443 157 815 815 815 157
702 702 815 815 252 815 702 702 702 702 702 815 815 702 815 702 702
195 255 255 702 68 68 68 109 157 68 64 157 68 702 68 157 157 255 255 157 9 157 255 255 68 68 745 745 68 255 255 68 157 702
513 513 513 513 580 182 513 513 182 182 513 513 87 513 580 513
305 199 513 815 815 817 815 728 633 815 513 633 815 844 182
513 513 458 513 458 815 458 458 458 458 513 647 458 513 815 815 513 458 465 580 815 513 458 815 458 815
702 68 68 702 702 68 68 197 68 68 702 68 702
68 294 743 689 827 772 743 752 68 743 827 157 772 848 838 40 743 838 157 442 743 615 743 772 157 848
68 68 702 197 68 702 702 702 68 68 68 68 702
15 15 15 627 15 364 364 92 364 627 364 92 15 15 364 364 364 92 15 15 92 144 15 627 364 15 92 15 92 92 364 627 92 627 364
770 770 770 770 770 770 770 770 770 770 770 770 770 770 770 770 770 770
580 255 562 68 513 513 513 580 332 513 513 513 513 332 513 332 513 513 255 513 332 513 332 332 513 513 255
702 513 157 513 182 702 702 702 182 702 157 702 702 702 563 702 666 157 702 702 157 702 157 513 157 702 157 157 702 702
702 513 702 702 702 702 513 513 702 702 218 702 702 513 513 702 513 513 513
68 68 99 157 702 157 68 157 157 99 157 513 560 702 666 513 68 702 157 157 702 513 68 702 157
458 458 458 458 458 458 458 458 458 458 458 458
452 255 255 157 452 452 255 452 255 452 157 157 452
364 255 675 364 274 815 255 182 782 255 182 364 815 815 255 815 364 702 255 255 466 255 364 813 255 466 255 815 702 815 255 255 255 255 274 364 364 255 255 415
666 815 815 844 513 815 298 815 513 580 815 815 9 815 815 815 9
68 68 68 68 68 149 513 513 68 513 513 68
815 815 187 815 815 815 815 815 815 815 815 815 815
68 815 815 815 815 122 68 815 310 122 702 122 815 68 122
816 157 157 702 702 224 157 157 513 513 702 513 513 403 157 157 224 816
68 68 68 68 68 68 68 68 68 68 68 68 68 336 68
157 157 68 157 157 68 408 157 68 157 68 408 68 68 157
702 157 157 702 702 157 157 157 157 702 157 702 157 287
702 182 702 815 702 815 513 513 815 815 815 702 815 182 815 702 815 815 815 702 702 815 815 815 606 815 182 702 513 702 311 513 815 815
426 68 426 815 68 815 815 815 68 815 68 815 68 815 68 815 815 815
513 513 815 815 815 513 815 702 702 815 702 815 200 513 702 702
157 157 68 68 408 157 157 68 68 157 157 68 408 68 157
458 458 458 458 458 458 458 458 458 458 458 458
68 702 702 68 68 196 196 702 68 68 702 68
68 68 702 68 68 702 740 702 68 702 68 815 702 815 702 513 65 815 702 766 513 702 702 815 68 702 68 815 68 702 702 702 513 740 702 702 702 702 702 845 702 110 68 702 513 68 702 513 580 702 815 68 702 196 513 728
750 294 743 613 799 68 758 743 68 743 799 68 157 758 849 68 775 849 68 743 68 775 157 68 743 499 743 758 157 41
598 334 274 274 666 157 334 235 157 182 157 157 157 182 157 815 157 157 157 157 157 815
743 743 743 743 743 743 743 743 743 743 743 743 743 743 743 743 743
770 770 770 770 770 770 770 770 770 770 770 770 770 770 770 770 770 770
702 513 702 513 513 702 513 513 702 513 513 86 702 513
68 68 68 157 157 408 68 157 157 157 68 408 157 157 68
68 99 68 707 815 68 68 68 68 68 68 99 68 815 68 68 68 68 68 707 68 815 815 68 68 68 68 68 68 68 815
458 458 458 815 458 815 458 458 815 458 458 458 582 815 815 458 815 458
815 815 815 815 815 513 513 815 815 815 513 815 580 277 844 815 815
815 815 815 122 513 580 513 68 275 286 513 461 68 513 513 513 513 122 702 513 513 351
458 458 458 458 458 458 458 458 458 458 458 458
702 815 325 815 815 702 135 702 815 815 740 815 815 9 815 815 815
364 513 364 513 513 423 364 513 364 364 364 364 364 364 364
702 702 702 68 702 68 68 68 702 68 197 68 68
68 408 408 68 157 68 68 157 157 157 68 68 157 157 157
255 782 702 782 255 444 702 182 255 182 255 782 255 255 182 782 255 255 255
669 669 669 669 669 669 669 669 669 669 669 669 669 669 669
157 157 350 157 815 350 157 157 815 157 815 157 815 815
516 815 364 364 815 815 815 815 364 364 364 364 364 815 364 364 364
458 458 458 458 458 458 458 458 458 458 458 458
458 458 458 458 458 458 458 458 458 458 458 458
364 449 106 121 121 364 515 815 541 406 541 364 364 364 541
68 68 513 513 68 68 68 149 68 513 68 513
702 513 702 702 815 200 815 513 815 815 815 815 513 702 513 702
68 815 68 815 68 815 68 815 259 815 68 68 68 815
815 815 702 815 702 125 815 702 702 815 815 702
667 255 68 453 255 255 667 255 255 68 255 255 255 255 255 255 68 255 255 255 453 68
815 728 702 68 702 492 83 68 815 702 815 702 702 68 68 741 68 702 815 68 815 702 815 702
68 157 157 157 513 513 68 68 157 157 68 513 157 68 68 460 157 68 157 513
743 743 743 743 743 743 743 743 743 743 743 743 743 743 743 743 743
65 733 728 815 68 513 815 68 101 276 68 68 815 68 513 815 702 816 68 702 68 513 68 815 513 513 68 702 513 815 9 728 633 68 68 815 68 702 844 702 702 513 83 815 513 815
815 702 702 702 815 702 702 702 815 815 702 702 815 702 702 815 252
158 68 158 513 513 702 158 513 68 702 237 68 68 513
552 643 552 643 643 643 643 552 364 643 643 552 643 364 643
815 513 815 379 815 513 702 702 666 815 666 702 513 513 513 513 702 815 815 513 513 702 513 182 513
157 212 702 386 157 815 815 212 212 157 157 815 815 386 815
255 255 452 452 157 452 452 255 157 452 452 157 255
565 770 570 68 770 830 223 294 602 607 157 18 770 770 684 68 565 1 68 684 565 157 770 770 770 94 364 364 770 521 68 68 565 364 209 770 770 781 770 157 68 364 383 364 417 283 364 364 614 550 157 16 157 497 770 364 570 570 157 770
421 255 255 815 421 421 68 421 421 332 255 815 332
68 702 68 68 54 68 425 425 815 815 782 33 815 33 235 68 702
68 68 68 68 68 404 68 68 513 68 68 513 68 68 68 513 513 68 68
513 68 68 68 68 513 68 68 68 513 513 149
513 68 737 68 702 68 702 578 513 625 68 666 513 736 295 68 513 511 182 579 182 320 295 182 68 182 8 513 68 68 8
552 552 552 157 552 157 157 552 157 552 683 552 552 157 552 552 683 552 157 157
68 815 224 815 702 702 224 352 68 702 68 815 224 702 702 68
157 815 815 815 157 815 157 815 815 351 157 157 157 157 157
68 68 68 513 83 169 513 157 513 157 68 157 68 68 157 468 513 157 157 157
421 255 255 815 421 421 68 421 421 332 255 815 332
68 68 68 68 68 68 68 68 68 68 68 68 68 336 68
68 702 68 68 815 702 702 68 815 702 376 815 815 68 702 68 815 815 68
815 133 133 68 324 815 68 133 815 815 815 815 133 815 133
68 408 408 68 157 68 68 157 157 157 68 68 157 157 157
364 364 364 364 364 364 364 364 364 364 373 364 364 364 364 364 364 364 373 670 364
702 364 502 83 702 553 364 815 553 364 364 364 364 364 815 364 83
627 627 627 627 627 627 627 627 627 627 627 627 627 627
513 815 815 173 815 513 513 513 784 815 815 815 728 182 182
458 458 458 458 458 458 458 458 458 458 458 458
443 305 157 68 408 169 182 157 157 68 157 68 157 182 157 68 68 68
513 513 227 513 513 68 68 513 68 68 68 513 513 68 68 513
458 458 513 458 513 458 458 458 458 513 458 458 524 458 458 513
552 643 552 643 643 643 643 552 364 643 643 552 643 364 643
68 702 68 197 68 702 702 68 68 68 702 702 68
458 458 458 458 458 458 458 458 458 458 458 458
815 815 702 702 702 815 815 702 815 125 815 702
513 157 702 458 157 458 157 364 513 595 458 458 513 714 286 702 702 157 465 308 719 702 666 169 719 815 513 714 815 364 14 580 844 364 422 485 501 308 458 322 513
15 15 770 29 770 15 770 770 15 770 770 803 15 15 15 770 181 181 181 181 15 15 770 15 181 181 50 15 826 181 770
643 815 659 627 815 627 627 627 213 643 33 815 627 643 643 627 704 33 627 627
458 458 458 458 458 458 458 458 458 458 458 458
702 815 815 702 702 815 702 34 815 34 815 815 815 760 815 353 815 815
149 68 513 68 513 68 68 513 68 68 68 513
149 702 702 702 702 702 702 702 149 9 702 9
295 68 68 68 68 295 68 68 68 68 295 295
513 68 513 227 513 513 513 68 68 68 68 513 513 68 68 513
157 157 157 513 513 157 157 157 236 157 513 513 157
815 815 186 815 815 815 815 815 815 186 815 815
623 212 364 364 68 364 68 364 68 364 364 212 212 68 364 212 212 364 364 364
770 770 770 770 770 770 770 770 770 770 770 770 770 770 770 770 770 770
815 702 68 250 68 782 68 702 586 702 68 815 702 815 815 782 782 815 702 702 68 702 728 68 728 815 702 702 702
212 702 212 630 68 630 212 702 702 68 255 255 212 255 68 255 255 255 255 702 255 68
815 815 187 815 815 815 815 815 815 815 815 815 815
458 458 458 458 458 458 458 458 458 458 458 458
702 196 196 702 702 68 68 68 68 68 702 68
365 255 255 255 365 365 365 365 255 815 815 255
815 815 580 513 815 702 702 844 702 702 481 513 702 815 815 513 702 702 815 702 815 815 815 702 815 815 702
157 157 702 169 157 157 157 157 157 702 296 702 702 728
513 68 68 702 513 513 68 195 702 68 513 68 68 513 783 68 513 68 68 580 545 68 68 109 513 195
549 364 767 718 157 364 821 679 458 458 458 821 567 364 321 364 364 204 157 483 458 364 121 679 121 458 729 80 364 364 364 157 293 699 293 255 608 255 255 307 496 157 364 534 106 255 794 815 612 635 255 654 364 364 68
458 458 458 458 458 458 458 458 458 458 458 458
815 815 815 728 68 702 702 513 83 731 83 815 815 702 815 815 68 68 68 426 702 68 844 68 815 815 68 702 702 815 702 815 513 702 68 702 815 68 148 815 513 815 815 68
458 458 458 513 523 458 458 513 523 458 458 458 513 458 458
458 458 458 458 458 458 458 458 458 458 458 458
458 458 458 458 458 458 458 458 458 458 458 458
702 702 702 125 815 815 815 815 702 815 702 815
458 458 815 458 815 582 458 815 458 458 458 815 458 458 815 815 458 458
332 702 332 332 513 182 816 68 68 513 68 702 68 702 68 702 255 671 182 702 332 702 332 68 702 68 702 255 255 182 68 332 816
815 815 815 815 513 68 513 68 68 815 68 513 339 513 68 68 68 815
68 364 364 364 557 364 364 68 364 68 83 364 364 68 364 68 68 373
212 702 212 630 68 630 212 702 702 68 255 255 212 255 68 255 255 255 255 702 255 68
157 287 157 157 157 157 157 702 157 702 702 702 702 157
157 157 157 157 513 513 157 157 157 157 513 513 236
274 157 274 122 648 68 68 68 68 158 702 157 157 64 68 322 122 274 322 109 274 157 335
157 815 157 157 815 350 157 157 350 157 815 815 157 815
68 815 815 68 815 68 815 815 68 259 68 815 68 68
702 815 68 702 702 815 728 122 335 182 305 815 702 249 702 68 702 68 415 148 513 845 68 134 815 68 68 195 580 68 68 845 702 702 68 712 702 702
411 157 182 513 815 157 182 815 513 815 308 513 182 513 308 157 157 157 308
68 68 815 259 815 68 815 68 815 68 68 815 68 815
458 458 458 458 458 458 458 458 458 458 458 458
386 702 702 728 702 274 255 255 702 255 255 255 255 255 255
458 458 458 458 458 458 458 458 458 458 458 458
15 15 15 15 15 15 15 15 15 15 15 15 15 15 15 15 15 15 15 15
669 669 669 513 694 513 669 513 669 669 669 669 669 513 669 669 669 669 669
770 770 770 770 770 770 770 770 770 770 770 770 770 770 770 770 770 770
157 9 157 666 844 157 513 157 157 513 815 157 580 513 815 513 157 157 513 513 815 9 491
815 815 513 513 513 513 815 815 815 513 513 513 513 580 241 513 844 513 513
255 702 702 294 255 400 702 255 816 255 255 294 400 255
125 815 815 702 815 702 815 702 702 815 815 702
815 815 68 815 68 815 68 815 68 259 68 68 68 815
486 815 458 458 458 815 815 157 458 458 815 184 458 157 815 458 815 458 157 157 157 458 184 458 157 706
68 770 770 396 743 532 68 206 743 626 157 520 157 364 364 68 458 776 364 743 520 770 364 140 364 364 68 820 157 157 364 61 743 282 88 271 825 364 687 364 364 364 537 381 743 108 364 770 68 157 770 119 682 743 458 686 770 68 364 364 157 143 68 157 825 770 451 95 364 68 193 157 589 117 68 672 798 364 59 364 364 364 364 364
157 815 815 157 815 157 157 157 815 157 157 157 815 351 815
68 702 68 68 702 182 68 182 702 158 702 326 158 702 182 702 702 158
513 702 157 157 68 182 68 182 728 68 677 815 702 580 182 815 68 580 408 815 182 10 169 513 68 702 728 815 157 157 169 157 68 512 305 815
409 157 157 68 157 157 68 157 157 68 68 157 68 68 157 68
364 364 400 182 364 182 364 364 364 364 364 364 364 182
702 255 702 815 434 255 815 702 255 294 69 255 454 815 538 255 33 255 702
770 770 770 770 770 770 770 770 770 770 770 770 770 770 770 770 770 770
770 770 770 770 770 770 770 770 770 770 770 770 770 770 770 770 770 770
513 364 702 364 702 525 364 513 702 364 364 364 364 513 364 702 364 702 513 364
702 702 702 536 702 182 54 702 702 702 815 702 702 702 513 815 854 815 702 182 182 702 702 513 702 702 702 513 513 815 815 815 54
182 702 815 702 815 815 702 702 815 815 702 182 815 355 815 815 815 815 182 815 815
68 276 123 702 815 33 259 665 815 702 513 702 19 728 702 702 702 702 815 68 702 182 702 182 702 702 702 33 702 182 33 236 702 815 815 702 815 182 702 815 702 182 702 728 513 182 513 815 367 702 702 702 702 702 513 815 702 249 702 815 702 185 702 702 236 702 182 182 702 760 666 513
513 235 34 99 157 815 157 513 815 111 815 157 815 157 99 157 661 513 70 815 157 9 815 235 63 157 815 157 9
157 458 157 458 458 644 458 458 458 458 644 157 157 157 458 157 458 458 157
68 513 513 68 513 149 68 68 513 68 68 68
815 815 513 815 702 198 815 702 815 702 702 513 702 513 702 702 702 702 327
702 68 68 702 68 702 197 702 68 702 68 68 68
702 815 815 702 844 815 702 633 513 815 239 815 760 728 633 513
743 15 15 786 202 743 458 770 743 364 627 91 15 364 852 176 770 770 258 364 743 509 681 255 657 15 518 770 743 627 255 364 568 815 702 68 770 743 756 702 382 770 364 458 364 364 79 255 284 364 835 685 364 702 548 770 180 743 91 743 255 255 770 255 702 91 281 627 770 255 15 743 743 743 743 743 770 747 702 458 458 68 303 364 364 90 743 458 195 109 180 331 458 770 702 568 392 743 431 771 23 743 15 255 627 601 815 619 255 743 91 743 382 364 255 458 15 851 805 770 730 255 815 778 255 770 743 180 841 770 815 203 364 255 364 568
458 458 458 458 458 458 458 458 458 458 458 458
732 571 603 674 674 474 364 364 364 364 364 603 364 603 571 364 364 364 364 364 571 571
458 458 458 458 458 458 458 458 458 458 458 458
473 458 458 815 157 458 294 255 157 255 458 255 458 255 815 812 157 815 702 294 702 255 157 157 702 815 812 815 458 458 458 702 255 224 458 184
458 743 743 743 743 458 743 743 743 458 743 743 743 458 458 743 743 743 458 25 743 458 458 458 743 458 458 743
815 333 815 255 294 69 255 454 255 454 33 815 255 255 255
309 68 844 702 815 309 68 68 513 815 186 815 815 815 815 815 815 815 158 513 68 815 513 844 83 513 815 624
702 182 702 760 702 702 182 702 702 702 702 102 702
255 68 255 68 68 68 68 255 68 68 255 255 255 68 68 255 631 68 68 255 68 68 68 255
15 15 763 53 58 770 627 770 743 642 15 770 142 519 770 743 770 770 743 142 129 304 627 91 15 770 770 810 53 15 770 156 91 757 789 770 770 743 178 207 178 815 743 91 15 770 770 743 702 15 831 531 773 178 268 770 815 91 770 627 267 21 430 627 53 795
458 458 458 458 458 458 458 458 458 458 458 458
15 15 44 627 770 364 697 642 15 770 514 458 458 458 770 2 627 91 15 533 458 364 364 15 806 91 787 458 770 393 770 47 47 130 91 15 770 364 770 777 269 47 393 770 91 770 15 627 770 724 393 627 551 364 364
458 458 458 458 458 458 458 458 458 458 458 458
552 643 552 643 643 643 643 552 364 643 643 552 643 364 643
68 68 68 68 513 149 68 513 513 513 68 68
157 157 157 815 224 157 157 33 33 815 815 157 425 513 513 425 513
68 68 196 68 702 702 68 702 702 196 68 68
702 364 702 453 364 364 364 453 364 453 364 364 364 702
770 770 770 770 770 770 770 770 770 770 770 770 770 770 770 770 770 770
702 815 182 702 182 815 815 815 702 815 815 702 815 815 844 844 702 362 182 815 815
15 15 15 15 15 15 15 15 15 15 15 15 15 15 15 15 15 15 15 15
815 68 728 702 702 513 275 351 286 122 513 702 68 815 702 122 702 815 444
728 214 702 68 702 68 702 68 83 68 68 68 702
702 702 255 255 760 285 255 255 285 702 702 255 255 401 255
815 815 815 815 815 815 702 312 702 815 815 702 702 702 815 815 815 815
400 157 157 157 157 553 157 294 294 294 157 157 400 157 294 157 294
702 815 513 68 275 446 702 122 224 702 513 122 275 68 702 702 513 815 815 702 513
853 770 68 807 770 790 270 807 68 68 853 770 770 770 68 208 770 770 785 790 770 770 770 770
157 627 627 157 627 157 627 627 157 157 627 157 627 627 157 627 627 627 627 722 627 157
513 68 158 513 68 68 513 462 513 815 158 513 513 158 702 815 815 513 702 815 513 68 815 815
815 815 288 815 815 633 815 513 815 815 34 186 815 633 513 815
452 255 255 157 452 452 255 452 255 452 157 157 452
702 459 364 364 364 364 702 364 364 702 364 702 364 364 702 364
815 83 702 68 815 728 249 702 68 702 702 702 68 702 815 815 702 249 702 702 469 68
308 157 815 308 157 815 308 308 815 157 157 157
702 458 157 458 791 702 815 157 146 458 475 458 728 458 9 157 702 157 295 365 365 294 473 458 157 157 83 458 458 157 458 702 157 157 815 829 157
458 458 458 458 458 458 458 458 458 458 458 458
815 33 109 815 257 257 68 257 68 68 68 815
458 458 364 364 364 364 458 705 458 364 364 458 458 364 458 458 364 364 458 364 458 458
68 702 702 68 702 326 702 702 68 702 702 68 68 702 68 702 702 68
513 702 513 513 513 513 702 86 513 702 513 702 702 513
815 844 702 815 728 136 702 815 702 815 702 815
458 458 458 458 458 458 458 458 458 458 458 458
458 458 458 465 638 815 458 702 702 458 702 815 815 702 458 458 458 458 815 702 844 458 815
762 743 743 743 743 743 702 743 743 743 743 743 743 743 702 743 743 702 702 702 743 743
68 68 68 445 68 702 702 728 68 68 68 702 702 68 68 68 68 68 68 83
15 15 15 15 15 15 15 15 15 15 15 15 15 15 15 15 15 15 15 15
458 458 458 458 458 458 458 458 458 458 458 458
702 702 702 702 702 103 702 702 182 702 702 182 182 702
513 182 513 702 182 702 513 57 702 702 513 702 182
815 702 182 815 815 182 815 182 702 702 815 161 815 702 702
157 815 157 815 157 157 334 815 815 334 157 334 157
728 513 702 182 702 702 513 702 263 182 513 702 513 513 182 702 702 702 580 702 513 513
702 513 513 513 57 182 702 182 702 182 702 702 513
815 702 513 815 815 702 702 815 815 702 815 494 815 815 740 702 815 702 666 513 815 513 702 815 815 740 702
815 513 513 513 815 815 815 815 513 513 513 152 513 815 513
815 125 702 815 702 815 815 702 702 815 815 702
702 702 103 702 702 182 182 702 702 702 702 182 702 702
513 513 702 182 513 702 182 182 182 702 182 702 702 182 513 87
220 220 220 220 220 220 220 220 220 220 220 220 220 220 220 220 220 220 220 220 220 220 220 220 220 220 220
513 702 182 784 702 513 513 513 611 815 513 815 815 513 815 182 702 513 815 815 666 702 760 513 513 702 815 815 305 815 702 815 702 513 702 513 815 815
815 182 815 182 815 182 182 182 182 153 815 182 182 182 182 815 182 182 815
220 702 815 220 220 702 220 702 220 513 220 702 815 220 220 220 220 220 220 280 702 220 702 220 220 815 815 702 220 220 220 220 220 513 815 220 580 182 815 513 702 220 220 182 220 221 182 220 702 702
458 458 458 458 458 458 458 458 458 458 458 458
669 669 669 669 669 669 669 669 669 669 669 669 669 669 669
513 513 513 702 513 182 513 513 513 513 702 513 702 201 182 702 182 513 513 702 513
68 815 34 815 815 815 99 99 182 815 702 68 815 815 305 815 68 815 815 815 702 815 702 702 702 702 68 702 815 815 702 83 815 815 678 702 815 702 182
513 702 182 57 702 182 702 702 513 182 513 702 513
513 513 513 513 182 513 182 513 513 513 182 818
702 702 815 702 702 702 702 702 702 702 377 702 815 702 702 702 702 844 815 815 728 815
815 182 182 815 815 182 702 815 815 513 702 815 182 702 513 702 815 815 815 815 182 702 513 182 815 513 815 439
68 68 83 68 513 83 68 513 68 68 411 68 68 68 513 68 513 68 68
317 317 317 317 317 317 317 317 317 317 317 317 317 317 317 317 317 317 317 317 317 317 317 317 317 317 317 317 317 317
669 669 669 669 669 669 669 669 669 669 669 669 669 669 669
702 815 702 513 815 815 513 815 845 702 815 199 702 513 815
702 702 815 815 845 702 199 815 702 815 513 815 513 815 513
68 815 815 68 702 197 702 815 68 815 68 815 815 530 702 815 728 815 702 68 815 815 68 68
68 149 68 68 513 68 68 513 513 68 68 513
182 513 513 105 702 182 182 182 182 513 182 702 702 580 728 702
815 702 815 702 125 815 815 702 815 702 702 815
68 702 702 68 68 196 68 68 702 68 702 196
702 702 815 702 815 702 702 815 125 815 815 815
255 255 255 418 255 815 815 255 815 418 255 255 815 418
552 552 552 552 552 552 552 552 552 552 552 552 552
68 68 182 68 68 151 182 182 68 68 68 182 182 182
255 68 68 68 255 476 68 255 255 255 68 476 255 255 255 68
513 702 513 513 702 513 85 513 845 513 702 513 702
815 147 147 147 513 513 815 815 815 513 815 226 815 513
317 317 317 317 317 317 317 317 317 317 317 317 317 317 317 317 317 317 317 317 317 317 317 317 317 317 317 317 317 317
702 702 702 702 701 702 702 702 702 702 73 702 701
702 702 513 702 182 182 513 702 702 702 182 702 440 702 702 702 702 702 702 702 182 702 702 513 182 702 702 513 702 182 702
157 815 157 815 157 157 334 815 815 334 157 334 157
255 255 255 255 255 513 255 513 255 255 335 255 513 513
815 68 815 68 815 68 68 259 68 815 68 815 68 815
182 702 702 182 513 513 513 87 702 702 182 702 513 182 182 182
255 255 513 255 255 513 513 513 255 255 255 255 255 335
702 815 815 702 815 702 702 815 815 125 702 815
702 702 182 182 846 702 182 702 182 182 702 182
513 182 513 513 702 702 702 702 702 182 702 702 182 702 702 175 513 702
220 220 220 220 220 220 220 220 220 220 220 220 220 220 220 220 220 220 220 220 220 220 220 220 220 220 220
702 702 68 702 68 702 702 68 68 68 68 197 68
702 702 338 702 71 702 68 68 68 83 702 702 702 702 68 68 68
815 702 702 182 702 182 815 815 815 702 815 702 182 815 355 815 815 815 815 815 815
68 68 68 513 513 68 148 513 68 491 68 68 68 68 68 702 68 702 702 68 68 702 702
182 702 702 182 702 702 702 702 702 702 182 103 702 702
728 815 513 815 182 182 291 815 182 702 845 702 702 815 305 182 815 513 815 182 513
317 317 317 317 317 317 317 317 317 317 317 317 317 317 317 317 317 317 317 317 317 317 317 317 317 317 317 317 317 317
65 817 416 702 513 182 182 228 182 182 816 513 816 702 182 702 702 702
815 513 815 815 815 815 815 702 513 815 815 513 702 702 702 815 513 815 702 815 513 815 513 513 513 438
702 220 220 702 220 220 220 220 220 220 232 220 220 220 220 220 220 220 220 702 220 220 220 220 220 220 220 702 220 220 220 702
669 669 669 669 669 669 669 669 669 669 669 669 669 669 669
702 157 157 702 815 157 157 157 702 513 157 513 513 815 157 702 815 702 815 157 506 513 815 815
669 669 669 669 255 255 255 669 255 255 669 754 669 669 669 255 255 255 669 669 669 669 255 669
815 815 815 815 815 815 815 815 815 815 815 187 815
182 513 513 513 513 182 513 513 513 818 513 182
157 157 157 513 157 157 236 157 157 157 513 513 513
182 182 182 182 182 182 39 511 182 182 182 182 182 182 182 182 182 182
702 702 68 255 702 68 255 255 255 68 702 255 255 255 702 68 702 702 68 255 702 68 702 702 702 702 255 702 702 696 702 68 702 702 702 702 702
513 157 157 157 157 236 157 157 513 157 157 513 513
513 702 702 513 513 513 86 513 513 513 513 702 702 702
513 68 513 68 513 68 68 513 513 300 68 513 513 68 513 513 513 513 513 68
702 513 702 138 702 702 513 702 702 513 513 702 702 702 702
702 277 68 513 702 513 68 702 702 68 68 513 513 68 68 68 702
513 513 513 513 513 513 513 513 513 513 513 513 513 513 513 115 513
815 702 815 702 815 702 252 702 702 702 815 702 815 702 702 815 702
68 182 513 68 513 182 68 464 68 513 702 513 513 513 68 513 702 513 513 182 68 182 513 182 702 182 513 513 702 702 68
702 702 702 702 815 702 815 702 815 252 815 702 702 815 815 702 702
815 513 200 702 513 702 815 513 815 815 702 513 815 702 815 702
197 68 702 702 68 68 702 68 68 702 702 68 68
815 815 255 423 815 815 274 815 815 844 255 558 255 815 815 815 815 255 255 255 255
317 317 346 317 317 317 317 317 317 317 317 317 317 317 317 68 317 317 68 317 68 317 317 317 317 346 68 317 317 317 68 317 68 317 317 317
815 68 387 815 740 815 702 68 815 68 68 68 702 387 9 68 702
317 317 317 317 317 317 317 317 317 317 317 317 317 317 317 317 317 317 317 317 317 317 317 317 317 317 317 317 317 317
364 364 513 364 364 513 423 364 513 364 364 513 364 364 364
513 182 702 513 165 182 513 702 513 513 702 182 513 182 182 702 182 702 513 513
458 458 458 458 458 458 458 458 458 458 458 458
702 182 182 702 182 513 702 513 513 57 702 702 513
702 702 554 815 702 784 702 182 702 702 815 305 702 182 182 740 702 815 702 740 702 702 701 702 305 815 62 815 702 702 702 815 702 182 702
294 255 255 255 255 294 255 666 182 182 701 294 701 255 351
815 702 182 702 815 182 815 702 702 702 815 815 182 815 161
815 815 815 815 815 815 815 261 815 815 513 815 513 513 815 513 815
220 513 220 157 220 220 220 220 220 220 235 220 220 220 220 221 220 157 157 157 220 220 220 220 220 220 220 182 157 513 220 182 220 220 220 265 157 220 703 157
239 702 68 68 68 182 702 68 182 68 702 68 702 182 68 702
458 458 458 458 458 458 458 458 458 458 458 458
513 513 255 68 535 474 513 68 474 255 332 474 332 513 68 255 68 474
815 815 702 702 815 815 702 702 125 815 815 702
513 513 513 68 580 83 68 513 68 513 239 68 513 513 68 68
702 702 513 513 513 702 702 513 218 702 702 702 513 702 513 702 513 702 513
815 815 815 815 815 815 815 815 815 815 815 815 187
220 220 220 220 220 513 220 220 220 220 220 220 220 220 220 220 513 513 220 230 220 220 220 220 220 220 220 220 220 220 513
57 513 513 702 182 702 513 513 702 702 182 182 702
68 68 702 68 197 702 68 68 68 702 702 702 68
645 458 157 458 458 458 157 157 157 458 458 157 157 458 458 157 458 458 157 458
702 815 125 815 815 815 815 702 815 702 702 702
513 513 513 513 513 513 513 37 513 513 513 513 513
513 513 513 513 513 37 513 513 513 513 513 513 513
125 815 815 815 815 815 702 702 702 815 702 702
513 815 68 68 513 68 68 68 815 815 815 513 513 68 815 815 68 339
815 815 513 182 513 182 113 182 513 815 815 815 815 513
513 815 513 513 182 702 182 182 182 702 182 815 182 815 702 316 815 182 702 182 702 815 513 815 182
815 511 815 72 815 815 182 182 182 815 182 815
244 513 513 182 702 513 182 182 702 182 182 513 182 513 702 513 513 702 513 513 702 513 513 513
702 68 476 728 68 274 255 68 255 702 68 566 68 68 255 702 255 255 702 255 255
255 255 255 255 424 255 815 815 255 815 255 815 255 815 255 815
317 317 317 317 317 317 317 317 317 317 317 317 317 317 317 317 317 317 317 317 317 317 317 317 317 317 317 317 317 317
702 513 702 702 702 513 702 702 702 702 182 513 702 175 182 702 513 182
124 702 815 513 815 702 513 815 513 815 513 199 702 815 702
182 182 182 815 815 182 815 73 815 182 815 815 182
220 220 220 220 220 220 220 220 220 220 220 220 220 220 220 220 220 220 220 220 220 220 220 220 220 220 220
513 815 815 513 513 513 815 815 413 513 513 815 815 197 513 513 815 580 815 513 513 815 513 815
513 513 513 513 513 513 818 182 182 513 182 513
701 513 665 513 513 665 513 513 701 513 665 846
294 68 255 332 182 255 68 255 171 255 255 416 474 255 474 294 68 715 182 182 255 182 332 524 474 294 255 255
182 182 513 513 513 818 513 513 513 513 513 182
815 702 815 815 815 702 702 125 815 702 702 815
815 815 815 815 68 68 68 249 68 68 249 249
702 702 702 137 702 513 513 137 513 702 702 702 702
317 317 317 317 317 317 317 317 317 317 317 317 317 317 317 317 317 317 317 317 317 317 317 317 317 317 317 317 317 317
702 702 702 702 815 182 815 702 182 815 702 702 815 182 702 815 815 702 702 290
513 513 513 513 513 513 513 37 513 513 513 513 513
136 702 728 815 702 844 702 702 815 815 815 815
513 68 513 513 149 68 68 68 513 68 68 68
552 552 552 552 552 552 552 552 552 552 552 552 552
702 702 702 182 513 815 157 182 182 68 182 157 182 702 702 513 702 68 513 157 702 844 182 157 157 513 702 157 815 702 68 68 157 720 68 844 157 815 580 68 513 580 702 815 513 100
815 513 513 513 815 261 815 815 815 815 815 815 815 815 513 815 815
220 220 220 220 220 220 220 220 220 220 220 220 220 220 220 220 220 220 220 220 220 220 220 220 220 220 220
701 702 513 513 701 702 12 513 702 513 702 702
844 277 513 513 815 513 815 815 844 815 815 815 513 815 815 815 815
513 513 68 68 513 368 513 68 740 68 666 702 68 702 702 513 513 68 513 740 68
317 317 317 213 317 702 68 68 317 317 317 317 317 317 317 317 68 68 68 317 317 317 360 317 317 317 317 317 702 702 317 317 317 99 317 317 740 317 317 317 317
164 702 513 702 702 513 513 513 513 702 513 513 513 513 513 513 702 513
702 68 68 702 68 513 513 513 702 513 513 702 702 513 702 68 702 702 68 513 702 513 513 513 513 507 68 513 702 68
815 702 815 702 702 815 125 702 702 815 815 815
702 182 71 513 68 741 83 68 702 513 702 68 255 713 728 182 182 476 274 702 182 68 702 513 255 702 68 702 702 702 255 182 255 702 182 255 845 255 255
68 68 513 513 702 702 517 815 513 148 68 702 815 99 702 513 68 702 513 815 815 815 99 513 112
728 513 513 702 513 103 513 580 513 702 702 513 702 513
68 68 68 68 477 815 68 68 477 815 68 815 68 815 815 68 68 68 68
220 317 317 317 600 317 317 220 317 317 220 317 317 317 220 220 317 220 220 317 220 220 220 220 220 317 600 220 220 317 317 317 220 317 220 317 220 317 220 220 317 317 317 220 220 317 220 317 220 317 220 317 317 220 317
702 513 728 702 580 513 702 513 103 513 702 513 513 513
220 220 220 220 220 220 220 220 220 220 220 220 220 220 220 220 220 220 220 220 220 220 220 220 220 220 220
815 815 513 513 513 151 815 513 513 741 513 815 815 815
218 702 702 513 513 513 513 702 702 702 702 513 702 702 702 513 702 513 513
157 157 157 157 338 702 182 157 702 157 157 702 157 305 728 182 702
702 513 702 702 513 182 702 182 513 57 702 513 182
86 513 513 702 513 513 702 513 702 702 513 702 513 513
815 815 157 351 157 157 157 157 815 157 815 815 157 157 815
815 815 70 70 815 815 815 513 815 513 815 815 260 815 815
815 815 815 815 815 186 815 815 186 815 815 815
236 157 513 157 157 157 513 513 513 157 157 157 157
580 68 68 513 702 728 702 68 513 289 513 68 702 68 68 702 68
220 220 220 220 220 220 220 220 220 220 220 220 220 220 220 220 220 220 220 220 220 220 220 220 220 220 220
513 702 702 702 68 184 702 702 702 513 580 702 702 184 184 702 83 513 844 184 580 513 815 68 702 610 702 702 702 513 513 741 702
410 157 513 157 815 157 157 815 513 157 513 815 157 815 157 815 70 157
702 157 157 157 296 169 702 157 728 157 702 702 157 157
702 702 702 702 815 170 815 702 702 702 65 815 702 702 632 702 702 815 702 702 702 702 702 110 702 287 815 815 702 815 702 702 702
815 815 54 702 815 815 54 815 702 238 815 702 702 702 702
844 702 702 815 728 815 815 702 702 815 702 702 815 815 815 815 702 815 815 702 815 709 702 702 815 815 702 815 815 815 815 702 702 124 702 815 815 815 702 124 702 702 815
513 513 68 68 68 68 513 513 68 68 68 149
182 182 182 182 305 305 182 182 182 513 513 182 182 182 182 305 513 182 182 182 305 513 701 182 182 182 182 701 264 182 182 182 182 182
513 666 513 99 182 702 513 68 68 513 815 815 702 513 68 815 68 68 99 702 182 513 513 513 513 513 575 702 815 815 513 182 702 815
220 220 220 220 220 220 220 220 220 220 220 220 220 220 220 220 220 220 220 220 220 220 220 220 220 220 220
815 182 702 702 182 815 702 702 182 815 702 161 815 815 815
815 702 33 815 182 702 68 815 182 68 649 55 702 815 68 702 68 33 171 702 815 815 815 702 182 815 702 741 99 182 305 68 702 702 182 33
702 436 815 513 815 68 815 815 68 513 845 196 513 702 68 815 702 68 815 68 68
815 815 249 815 815 68 68 249 68 68 249 68
815 68 815 68 68 255 255 255 68 815 592 255 255 255 255 68 815 68 815 815 255 68 255
702 815 815 182 815 513 513 253 702 305 580 182 815 513 702 702 815 702 815
552 552 552 552 552 552 552 552 552 552 552 552 552
182 337 255 255 255 255 182 255 255 182 182 255 255 182 255 182
255 255 182 68 815 255 68 182 255 815 255 815 182 68 182 815 815 815 815 815 815 68 815 182 255 255 182 255 815 68 255 815 68 68 680
287 702 702 157 157 702 157 702 702 157 157 157 157 157
702 702 702 702 702 702 702 702 702 702 190 702 702 702 702 702
229 513 513 513 815 513 513 513 513 815 815 513 513 513 513 815 513 815 815
815 815 815 815 815 815 815 815 187 815 815 815 815
68 815 815 68 815 815 259 815 68 68 68 68 815 68
182 818 513 513 182 513 513 182 513 513 513 513
815 815 815 182 815 815 182 815 405 815 815 815 815 182 815 815 815 815 815 815 815 815
702 196 513 182 182 68 182 68 702 313 702 513 68 702 68 513 513 68 68
702 702 815 815 815 513 815 199 815 815 845 702 513 702 513
702 290 702 182 702 815 815 702 702 815 702 815 815 702 702 815 182 702 702 182
815 255 255 815 255 815 255 424 255 255 255 815 255 815 255 815
68 702 740 68 702 702 68 213 213 68 68 99
815 513 815 513 815 815 513 152 513 513 513 513 815 815 513
157 593 513 157 513 157 702 702 702 157 157 157 157 157 157 513 157 157 157 157 702 157 702 513 157 157
136 702 815 728 702 815 702 815 815 815 844 702
844 182 182 815 815 815 815 305 85 182 182 182 815
556 552 702 702 513 552 513 702 702 513 702 702 702 702 552 702 702 580 702 552 513 182 513 513 744 182 552 182 552 728 702 513 552 513 702 552 556 702 580 513 513 552 556
103 702 702 702 182 702 702 702 182 182 702 702 702 702
182 182 702 702 513 513 702 182 513 87 702 182 182 513 182 702
815 702 547 702 760 815 513 68 702 513 815 68 68 815 702 702 702 68 760 702 68 702 68 513 815 513 815 182 68
255 182 524 474 416 524 68 474 255 332 68 332 68 255 474 99
317 317 317 317 317 317 317 317 317 317 317 317 317 317 317 317 317 317 317 317 317 317 317 317 317 317 317 317 317 317
552 552 552 552 552 552 552 552 552 552 552 552 552
702 728 191 513 702 182 702 702 513 513 702 182 728 702 182 513 702 702
702 702 702 702 138 702 702 513 513 702 513 702 702 513 702
317 317 317 317 702 317 317 317 317 317 317 317 182 317 317 317 317 317 702 317 182 317 317 317 317 317 330 317 317 317 182 317 317 317 702 702 702 317
669 669 669 669 669 669 669 669 669 669 669 669 669 669 669
68 68 68 513 68 68 68 513 513 149 68 513
182 702 702 702 513 513 57 702 513 702 182 182 513
513 702 702 702 702 182 702 182 702 513 702 182 702 702 702 182 513 702 702 702 702 182 182 342 702 513
702 513 702 182 513 513 182 182 702 513 87 702 182 182 702 182
317 317 815 317 317 317 317 317 317 317 317 815 317 317 317 317 344 317 317 317 317 317 815 317 317 317 317 317 317 815 815 317 815 317 317 317
68 68 335 68 68 68 68 335 68 68 68 68 68 68
702 68 513 513 702 68 702 68 513 702 702 513 513 513 702 68 68 513 702 513 702 68 702 702 447 68
255 255 255 702 702 255 255 702 255 702 255 255 374 255 702
182 182 513 340 182 815 182 815 182 815 513 815 815 513 513 815 182 815 815 815 815 815 815
702 182 702 182 702 702 819 701 701 182 701 701 702
702 411 68 30 702 815 68 738 738 68 815 815 68 843 68 68 68 815 726
513 513 149 513 513 68 68 68 68 68 68 68
170 815 815 815 702 815 702 815 815 297 815 815 297 702 702
68 149 68 513 513 513 68 68 68 68 68 513
702 9 513 815 666 182 702 371 9 702 815 513 513 815 702 513 702 513 815 182 182 513 182 182 182 513
513 182 68 182 68 68 182 513 240 83 68 182 182 513 68 305 513 68
68 815 68 387 815 740 815 68 815 68 68 387 702 702 9 68 702
702 702 68 702 68 702 68 68 68 702 197 68 68
220 220 220 220 220 220 220 220 220 220 220 220 220 220 220 220 220 220 220 220 220 182 182 220 182 220 222 220 220 220
701 702 68 702 701 702 68 68 68 216 702 702 68 68 68
513 513 702 702 702 702 138 702 702 513 702 702 702 702 513
68 68 68 68 68 68 68 68 336 68 68 68 68 68 68
815 702 513 702 815 513 390 702 513 513 815 513 513 815 815 513 702 702 702 702 702 702 815 702 513
702 702 513 182 513 513 57 182 182 702 702 513 702
68 815 815 68 68 68 815 815 815 815 513 68 815 815 480 815 513 68 513 815 815 815 68 513
68 32 68 702 255 702 32 255 68 646 255 255 68 646 293 702 68 815 702 255 815 433 68 293
702 702 702 702 182 68 513 513 702 68 702 68 513 182 513 68 68 702 702 702 182 702 420 68 68
815 815 513 741 815 513 815 513 513 815 815 513 513 151
182 361 182 182 83 815 815 68 815 305 844 182 815 68 68 68 68 815 182 83
68 68 68 68 68 68 68 68 68 68 815 815 68 815 68 815 479 815 68 68 815
139 182 702 182 182 182 702 702 702 702 702 182 702 182 702 702 702
86 702 513 513 513 513 702 702 513 702 513 513 513 702
552 552 552 552 552 552 552 552 552 552 552 552 552
255 255 255 255 702 702 702 702 255 255 374 255 702 255 255
377 815 702 702 815 702 702 702 815 815 702 702 815 702 702 815 728 702 702 702 702 728
317 317 317 317 317 317 317 317 317 68 317 317 359 317 702 317 317 317 317 317 702 68 317 68 317 317 317 68 317 702 68 68 317 317 317 68 702 317 317 317 317 702
513 702 702 702 513 702 702 702 702 702 702 138 513 702 513
317 317 317 317 317 317 317 317 317 317 317 317 317 317 317 317 317 317 317 317 317 317 317 317 317 317 317 317 317 317
815 815 815 815 513 260 815 815 170 844 815 513 513 170 580
317 317 317 317 317 317 702 317 317 317 317 317 815 702 702 317 317 317 317 317 815 702 702 702 815 702 372 317 317 317 815 815 317 317 702 317 702 815 317 317 702 702 702 702 702 317 317 317 317 317 702
702 86 513 702 513 513 702 702 513 513 513 513 513 702
513 513 68 513 68 68 68 68 149 68 513 68
68 702 68 702 83 68 68 68 702 702 702 702 728 702 68 702 353 741
255 255 844 815 815 513 157 255 157 815 157 255 702 513 513 255 815 157 702 513 513 815 815 815 815 157 513 702 157 728 815 513 255 815 815 513 815 513 844 833 815 255 815 815 255 815 513 815 513 255 157 728 844 157 513 815 844 815 815
513 702 513 702 513 513 105 701 702 702 513 702 513 513 513 701
702 702 182 182 702 182 182 702 182 182 702 846
68 702 702 68 68 196 68 68 702 68 702 196
182 702 86 702 182 182 513 513 182 742 702 702 513 702
182 182 702 513 580 702 702 702 702 702 702 702 728 702 513 513 191 182
68 149 68 68 68 68 513 68 68 513 513 513
182 513 513 513 513 513 182 182 75 513 513 513 513 513 513 513
513 255 255 305 255 255 182 513 513 513 513 255 527 255 255 255 513 182 182 255 513 513 513 305 513 513 182 513
815 815 815 513 513 815 513 513 513 513 513 513 815 815 152
513 513 702 728 513 702 513 513 513 103 580 702 702 513
513 513 513 513 845 513 279 513 182 513 513 702 513 182 182 513 702 702 702 513 513 513 513 513
815 815 701 182 815 182 815 702 182 702 174 702 702 701 815 702 815
702 815 815 702 702 702 513 702 513 702 513 815 513 815 702 702 815 702 702 328 815
255 255 418 255 815 815 255 255 815 418 255 255 815 418
364 364 364 364 157 364 364 157 157 157 364 364 596 157 157 157 596 364
815 161 182 182 815 702 702 702 702 815 815 182 815 702 815
844 639 815 552 552 552 815 552 552 552 556 815 552 552 815 552 552 815 552
182 702 182 182 702 57 702 513 513 702 513 513 702
513 182 513 513 513 182 182 513 513 182 38 182 182 513 513
364 364 702 702 364 364 364 364 702 702 459 364 364 702 364 364
160 513 68 68 513 68 68 701 68 68 68 701 513 513
68 68 255 68 68 68 68 474 474 68 629 255 332 68 68 474 332 68 255 68 474
815 513 513 702 815 513 702 815 702 815 702 702 200 513 815 815
317 317 317 317 317 317 317 317 317 317 317 317 702 317 702 702 317 317 317 740 317 317 358 317 358 317 317 702 317 317 702 702 740 317 702 702 317 317 54 317 317
83 702 702 702 68 702 702 68 339 702 702 68 68 68 728 702 702 68
220 68 513 220 220 220 220 220 220 220 513 220 220 220 220 220 220 68 220 220 513 220 220 220 68 220 220 220 68 68 220 513 220 68 220 220 254 68
317 317 317 317 317 317 317 317 317 317 317 317 317 317 317 317 317 317 317 317 317 317 317 317 317 317 317 317 317 317
669 669 669 669 157 157 669 157 669 734 669 669 669 669 669 157 157 734 734 157 669
255 255 255 255 255 255 255 255 255 255 255 590 255 255 255 255 255 255 255
815 68 513 544 68 99 68 815 815 68 99 110 68 68 68 815 513 815 68 68 513 815 513 68 68
513 702 513 513 702 702 702 580 513 702 513 580 103 513
702 701 702 513 702 701 702 513 513 12 702 513
702 68 197 702 68 68 702 702 68 68 702 68 68
815 815 815 728 182 702 702 815 815 182 815 815 702 55 815 740 740 182 702 815 702 815 471 702 815 702
702 182 702 702 702 702 182 103 702 702 702 702 702 182
815 815 157 157 411 815 815 513 157 815 157 157 157 157 815 157 513 513 513
728 68 182 68 68 702 702 513 702 702 68 68 702 702 702 513 68 429 182 513 702 702 68 305 513
815 815 815 815 702 513 702 815 815 815 513 815 815 815 815 815 513 815 527 702 815 702 815 815 815 702 513 815
702 54 702 702 702 702 702 54 702 702 702 702 702 172
297 815 815 815 702 815 702 815 815 297 815 815 170 702 702
255 255 424 255 815 815 815 255 255 815 815 255 255 815 255 255
702 182 815 815 815 702 702 815 815 702 161 182 815 182 702
255 68 68 68 255 68 68 255 255 476 68 476 255 255 255 255
220 220 220 220 220 220 220 220 220 220 220 220 220 220 220 220 220 220 220 220 220 220 220 220 220 220 220
815 815 125 815 702 815 815 815 702 702 702 702
182 702 702 182 182 702 182 702 182 182 702 846
815 815 702 702 702 815 815 815 702 815 815 815 815 815 702 815 312 815
364 364 364 364 364 364 157 157 157 157 364 364 157 596 157 157 596 364
702 68 196 68 196 68 68 68 702 702 702 68
220 220 220 220 220 220 220 220 220 220 220 220 220 220 220 220 220 220 220 220 220 220 220 220 220 220 220
314 702 815 702 182 182 815 702 815 416 817 702 702 702 702 815 815 815 702 702
68 149 68 68 68 513 513 513 68 513 68 68
157 157 157 513 157 157 157 157 236 513 157 513 513
669 669 669 669 669 669 669 669 669 669 669 669 669 669 669
513 513 513 513 513 182 182 75 513 513 513 513 513 182 513 513
68 255 255 68 255 815 815 68 815 591 255 255 591 255 255 68 68 255 68 815 815
220 220 220 220 220 220 220 220 220 220 220 220 220 220 220 220 220 220 220 220 220 220 220 220 220 220 220
157 815 157 157 169 702 456 157 815 702 815 728 157 815 702 815 157 157 815 702
68 815 815 741 815 815 702 702 815 815 815 815 68 815 668 702 740 740 815 815 702 702 68 815 815 844 55 815 68 68 815 68 702 68 702 815
702 68 196 68 196 68 68 68 702 702 702 68
669 669 669 669 669 669 669 669 669 669 669 669 669 669 669
255 255 255 815 815 815 424 815 255 255 255 255 255 255 815 815
513 513 164 513 513 513 513 513 513 702 513 513 702 702 702 513 702 513
815 9 513 666 513 815 513 815 362 513 815 513 815 815 815 815 9 815 513 513 815
818 513 182 513 513 182 513 513 513 513 513 182
513 513 513 513 182 513 513 513 818 182 182 513
68 815 107 815 68 68 513 815 513 97 513 815 68 513 96 844 815 815 513 843 97 513 513 815 562 815 815
68 68 513 68 83 159 68 513 513 68 580 68
702 815 815 815 815 702 702 702 815 125 702 815
220 815 220 220 220 220 815 220 220 220 220 220 220 220 220 220 220 815 220 220 220 220 220 220 815 220 220 815 220 815 245 220 220
317 317 317 317 317 317 317 317 317 317 317 317 317 317 317 317 317 317 317 317 317 317 317 317 317 317 317 317 317 317
702 702 326 702 68 702 68 702 702 702 68 68 702 68 68 702 702 68
68 68 68 513 149 68 513 513 68 513 68 68
702 702 702 702 513 702 513 513 513 702 513 513 218 702 513 702 702 513 702
815 702 702 702 815 513 815 702 815 513 702 513 513 513 702 702 513 513 702 815 702 390 702 513 815
702 702 702 702 702 702 702 702 702 702 702 702 190 702 702 702
255 255 255 513 255 255 513 255 513 513 513 255 427 182 182 255 255 513 513 182 513
702 182 702 513 702 815 182 815 702 513 182 815 702 702 182 702 555 702 513 513 702 702 182 815 182 815 182 702 513 702 182 513 702 702 815 702 182 513 513
815 305 815 182 513 513 513 513 182 513 815 513 243 182 182 815 305 513 815 513 815
68 68 68 488 815 68 815 99 815 488 68 68 99 68 815 815 68 68 68
513 513 513 513 182 513 513 75 513 182 513 513 513 513 513 182
317 317 317 317 317 317 317 317 317 317 317 317 317 317 317 317 317 317 317 317 317 317 317 317 317 317 317 317 317 317
317 317 317 317 317 317 317 317 317 317 317 317 317 317 317 317 317 317 317 317 317 317 317 317 317 317 317 317 317 317
182 702 182 182 702 702 182 846 702 182 702 182
255 255 435 255 702 255 255 702 513 702 702 255 255 702 513 513 255 255 513
728 702 702 136 702 844 815 815 815 702 815 815
68 68 68 68 68 336 68 68 68 68 68 68 68 68 68
669 669 669 669 669 669 669 669 669 669 669 669 669 669 669
68 513 702 182 702 513 68 68 513 513 68 182 68 702 68 378 513 702 513 68 513 702 182 513
740 68 513 68 513 513 815 666 702 68 740 815 815 513 815 815 68 815 815 815 513 702 68 815 68 815 513 610 702 815 68 815 513
68 68 335 68 68 68 68 335 68 68 68 68 68 68
702 815 125 815 815 702 815 815 702 702 702 815
552 552 552 552 552 552 552 552 552 552 552 552 552
702 702 702 702 702 702 157 702 157 702 702 702 157 157 157 157 157 157 492 702 702 702 702 702
68 815 561 702 815 184 184 702 741 68 702 68 815 702 815 815 702 184 702 844 728 184 702 815 815 702
702 110 702 702 287 815 815 815 815 170 815 815 815 287
702 702 513 513 702 513 182 57 702 702 513 182 182
68 702 68 702 702 728 368 702 182 68 68 702 702 182 702 83 68 68 182 702 702
220 220 220 220 220 220 220 220 220 220 220 220 220 220 220 220 220 220 220 220 220 220 220 220 220 220 220
317 317 317 317 317 317 317 317 317 317 317 317 317 317 317 317 317 317 317 317 317 317 317 317 317 317 317 317 317 317
815 740 702 815 702 815 760 815 815 513 702 702 513 740 702 414 513 702 513 815 513 702 513 513 513
702 86 513 513 702 513 702 513 702 513 513 702 513 513
702 172 702 702 702 702 702 54 702 702 702 702 702 54
702 702 513 68 68 702 702 513 702 481 513 702 702 702 68 702 68 702 513 702 702 68 68 702 702 68 702
815 702 702 702 815 815 125 815 815 702 702 815
702 513 702 815 815 513 815 200 815 815 702 513 513 702 702 815
702 815 513 815 702 815 513 200 815 702 815 702 702 815 513 513
702 740 68 68 99 68 68 702 443 68 68 68 68 68 68 68 443 702
702 702 702 702 702 182 702 65 702 702 702 702 182 356 702 702 702 182 702 702 702 702 702
182 68 815 68 702 68 702 68 412 182 68 702 815 815 702 815 815 68 68 815 702 182
815 815 815 815 125 815 702 702 702 702 702 815
68 513 68 742 184 815 182 68 513 184 182 513 182 339 184 815 182 184
513 815 182 513 815 815 815 182 513 513 113 815 815 182
255 676 815 815 255 815 255 9 740 815 676 170 815 255 815 702 255 255 815 815 255 815 815 815 9 255 740 702
669 669 669 669 669 669 669 669 669 669 669 669 669 669 669
815 702 702 702 815 844 815 702 182 702 182 702 702 702 702 300 815 182 728 815
513 220 513 220 513 220 220 220 513 220 513 220 220 513 220 220 220 233 220 220 220 220 513 220 220 220 220 220 220 513 220 220 220 220 220
702 702 702 513 68 513 513 513 68 702 68 513 513 354 68 68 513 68 68 845
341 702 702 702 702 702 513 702 702 513 513 702 702 702 513 702 702 513 513 702 702 702 513 513
815 702 702 815 702 815 702 815 702 702 702 702 702 463 702 702 702 702 702 702 815 815 702 702 702 702 702
702 513 702 702 702 702 702 138 702 513 513 702 513 702 702
846 702 702 702 702 182 182 702 182 182 182 182
68 702 740 68 702 702 68 213 213 68 68 99
702 702 701 182 13 702 182 305 182 702 182 702 182
255 676 815 815 255 815 255 9 740 815 676 170 815 255 815 702 255 255 815 815 255 815 815 815 9 255 740 702
728 702 68 513 68 513 68 289 702 68 702 513 513 83 68 68 702
182 182 68 182 68 68 182 68 68 68 151 68 182 182
702 513 513 86 513 702 702 513 513 702 513 702 513 513
815 815 125 815 815 702 815 702 702 702 815 702
702 513 702 513 513 701 702 12 702 702 513 701
513 255 702 513 702 702 157 702 513 702 255 748 580 255 255 513 157 157 157 702 702 702 513 702 513 255 728 702 255 702 255 702 157 580 255 580 702 702 702 513 235 702 702 157 513 702 157 702 255
182 815 513 305 513 255 702 666 513 416 513 716 633 815 274 423 815 815 702 182 182 416 815 815 815 633 815 255 182 182 255 702 728 55 815 702 815 255 513 182 255 255 255
734 669 669 669 157 157 669 157 669 669 669 669 669 669 669 157 157 734 734 157 669
513 175 702 702 702 182 513 513 702 702 702 702 513 702 182 182 702 702
255 474 474 474 68 474 255 332 68 332 68 255 474 68
702 513 702 513 702 86 702 513 513 702 513 513 513 513
702 513 815 200 815 815 702 513 815 702 513 513 815 702 815 702
815 182 702 815 513 702 182 182 448 702 513 815 702 182 702 182 702 513 702 815 702 815 513 702 513 513 513 702 513 182 815
844 68 815 574 68 702 815 702 741 83 702 68 844 815 702 728 702 815 702 68 702 68 702 702 702 702 702 702 68
68 513 68 815 68 68 68 513 815 68 68 513 815 513 182 182 368 182 815 815 815
815 815 815 815 815 187 815 815 815 815 815 815 815
815 702 702 702 815 664 843 702 702 7 513 7 577 815 513 239
317 317 317 317 317 317 317 317 317 317 317 317 317 317 317 317 317 317 317 317 317 317 317 317 317 317 317 317 317 317
513 513 513 182 513 513 182 513 513 513 513 305 182 513 513 182 166 182 182 182 513 305
317 317 317 317 317 317 317 317 317 317 329 317 513 317 317 317 317 317 317 317 317 317 317 317 317 317 317 317 513 317 513 513 317 317
220 220 220 220 220 220 220 220 220 220 220 220 220 220 220 220 220 220 220 220 220 220 220 220 220 220 220
815 255 815 815 815 255 559 255 255 255 255 815 815 815 255 815 844 844 815 255 815 255
68 513 513 68 68 513 68 68 68 513 68 149
277 815 815 513 844 815 844 513 815 513 815 513 815 815 815 815 815
317 317 317 317 317 317 317 317 317 317 317 317 317 317 317 317 317 317 317 317 317 317 317 317 317 317 317 317 317 317
702 815 702 513 815 513 702 702 241 513 182 815 815 815 815 702 182 182 513
815 32 255 255 255 293 815 433 255 32 433 433 255 293
182 182 702 182 182 846 702 702 702 702 182 182
125 702 815 702 702 815 815 702 815 815 815 702
815 513 815 182 182 815 815 513 513 513 815 113 182 815
389 702 68 702 68 702 68 702 68 513 702 513 702 513 68 68 702 702 68 702 702 513
68 513 182 302 68 182 182 68 182 182 182 68 513 182 182 182 68 182 513 68 182 513 182 68
513 815 513 391 513 513 513 513 815 513 513 182 513 513 513 815 513 182 513 11 182 815 815 815 513 513 728
513 815 815 815 513 513 815 182 513 182 815 513 182 815 513 513 191 513
702 68 68 68 68 68 68 702 702 702 197 68 702
68 513 513 513 513 68 68 68 68 68 149 68
552 552 552 552 552 552 552 552 552 552 552 552 552
458 458 458 458 458 458 458 458 458 458 458 458
513 702 513 702 513 513 513 182 513 513 702 56 702 127 182
815 702 815 702 702 815 702 815 702 844 702 815 728 702 124 702 702 815 702 702 815 702 815 587 65 702 702 815 702 702 815
815 815 197 815 815 815 844 815 815 815 815 815 844
513 157 702 157 513 157 702 513 157 702 157 513 702 157 513 513 513 702 157 157 419 513
68 68 68 488 815 68 815 99 815 488 68 68 99 68 815 815 68 68 68
702 815 815 702 815 702 815 182 702 702 182 815 161 815 182
513 702 513 513 513 182 182 513 182 702 128 513 702 513 513 702 702
815 68 259 68 68 815 68 68 68 815 815 815 68 815
513 513 513 513 513 86 702 513 702 702 702 513 702 513
702 702 513 513 242 513 513 513 513 513 513 513 35 702 513 702 513 702 513 513
815 815 815 815 815 186 815 815 186 815 815 815
157 815 157 815 157 157 334 815 815 334 157 334 157
513 513 702 702 35 702 513 513 513 162 513 513 702 702 513 513
702 740 68 68 99 68 68 702 443 68 68 68 68 68 68 68 443 702
189 68 182 513 68 68 68 68 513 68 68 513 182 182 513
182 513 68 182 182 68 182 68 228 182 513 513 68 68 68 68 182 513
513 182 702 513 68 702 702 728 68 513 580 513 68 702 513 580 68 513 513 305 513 182 68 702 182 741 68 513 305 728 702 182 513 68 576 702
255 255 255 255 255 255 513 513 513 255 335 255 255 513
68 68 815 815 68 815 68 68 259 68 815 815 815 68
458 458 458 458 458 458 458 458 458 458 458 458
552 552 552 552 552 552 552 552 552 552 552 552 552
68 182 68 68 182 511 182 182 68 68 150 68 68
513 815 815 815 513 182 513 182 182 702 815 815 702 702 815 513 702 241 702
458 458 458 458 458 458 458 458 458 458 458 458
458 458 458 458 458 458 458 458 458 458 458 458
182 702 513 57 513 182 182 513 513 702 702 702 702
513 702 513 513 702 513 513 702 513 702 702 513 513 702 728 513 513 702 513 728 702 513 702 357 702
702 182 513 68 728 702 702 702 68 702 68 513 702 702 68 702 68 702 68 68 702 702 702 580 702 513 182 702 528 182
458 815 458 815 458 458 458 815 815 458 458 458 458 815 815 582 458 458
702 605 513 513 68 68 702 702 513 68 68 148 702 702 68 68 702 68 702 513 68 68 702 513 513 68 68 702 68 702 68 513
669 669 669 669 669 669 669 669 669 669 669 669 669 669 669
68 702 702 214 702 702 68 83 68 728 68 68 68
815 815 815 815 513 815 513 437 815 815 815 815 815 815 815 815 513 580 815 815 815 815 844
702 513 702 86 513 513 513 702 513 702 513 702 513 513
815 815 702 702 125 702 815 815 815 815 702 702
317 317 666 317 513 317 317 317 345 317 317 317 513 317 317 702 182 317 317 317 702 513 317 317 702 317 317 182 317 317 317 317 317 317 317 317 702 702 317 317 317
255 255 513 255 255 335 513 513 255 255 255 513 255 255
157 157 702 702 702 702 157 404 702 157 702 157 702 157 157 702 702 157 702
702 815 513 702 702 702 815 328 513 702 815 702 702 513 815 702 702 513 815 815 702
220 220 220 220 220 220 220 220 220 220 220 220 220 220 220 220 220 220 220 220 220 220 220 220 220 220 220
68 68 68 68 477 815 68 68 477 815 68 815 68 815 815 68 68 68 68
317 317 317 317 317 317 317 317 317 317 317 317 702 317 702 702 317 317 317 740 317 317 358 317 358 317 317 702 317 317 702 702 740 317 702 702 317 317 54 317 317
815 702 702 815 513 815 815 815 513 702 815 815 702 513 513 815 702 815 377 815 815 815
339 702 702 702 702 68 83 702 702 702 68 68 68 68 728 702 68 702
552 552 552 552 552 552 552 552 552 552 552 552 552
68 255 255 68 255 815 815 68 815 591 255 255 591 255 255 68 68 255 68 815 815
182 513 182 702 702 702 513 702 513 57 513 702 182
513 702 702 702 513 702 702 702 702 702 513 513 138 702 702
702 68 702 68 702 326 68 702 68 702 702 702 702 68 68 702 702 68
513 702 702 218 702 702 702 702 513 513 513 702 702 702 513 702 513 513 513
815 702 702 815 217 513 513 815 580 513 702 702 815 815 702 844
68 68 68 68 68 336 68 68 68 68 68 68 68 68 68
83 68 184 815 68 184 305 236 184 184 815 182 182
513 513 702 513 182 702 182 513 513 702 702 580 182 513 513 513 513 580 182 513 513 513 182 703 702 343 580
815 68 68 815 259 815 68 815 68 68 815 68 68 815
815 513 513 513 513 702 702 513 815 513 815 278 702 702 815 702 815 513 815 513
513 702 513 702 513 513 513 86 702 702 513 513 513 702
669 669 669 669 669 669 669 669 669 669 669 669 669 669 669
513 157 513 157 157 157 157 157 513 236 157 157 513
220 815 220 220 220 182 815 246 220 220 220 220 220 220 220 815 220 220 220 220 182 220 220 220 815 220 220 220 220 220 701 220 182 220 815 220 701 815
513 513 815 815 815 152 815 815 815 513 513 513 513 513 513
182 815 815 182 182 182 815 815 182 182 815 182 182 815 114 182
220 220 220 220 182 220 182 220 220 220 220 220 220 220 220 182 220 220 182 220 220 231 220 220 220 182 220 220 220 182 220 220 220
68 68 513 513 68 68 149 513 68 68 513 68
86 513 702 702 513 513 702 702 513 513 513 513 513 702
68 225 702 68 68 68 702 740 68 702 110 68 740
815 702 702 815 182 815 182 702 815 702 815 815 507 702 702 815 513 702 815 815 815 513 702 513 702 513 182 702 815 815
513 36 513 513 513 513 513 513 513 741 513 513
513 513 818 182 513 513 182 513 513 513 513 182
702 844 728 182 815 815 702 702 702 513 182 815 182 513 702 513 513 370 815 702 702 815 702 702
513 580 219 182 513 513 702 182 702 513 513 513 513 580 702 702 513 182 513 702 513
68 32 68 702 255 702 32 255 68 646 255 255 68 646 293 702 68 815 702 255 815 433 68 293
734 669 669 669 157 157 669 157 669 669 669 669 669 669 669 157 157 734 734 157 669
255 255 255 702 255 702 255 702 255 702 255 374 255 702 255
220 317 317 317 600 317 317 220 317 317 220 317 317 317 220 220 317 220 220 317 220 220 220 220 220 317 600 220 220 317 317 317 220 317 220 317 220 317 220 220 317 317 317 220 220 317 220 317 220 317 220 317 317 220 317
458 458 458 458 458 458 458 458 458 458 458 458
702 702 702 702 182 103 702 702 702 702 702 182 182 702
702 182 182 513 513 702 182 702 702 702 513 513 57
815 815 249 815 68 68 68 249 815 68 68 249
669 669 669 669 669 669 669 669 669 669 669 669 669 669 669
317 317 317 317 317 317 317 317 317 317 317 317 317 317 317 317 317 317 317 317 317 317 317 317 317 317 317 317 317 317
702 702 182 182 702 702 182 513 513 702 815 182 702 513 815 702 182 702 815 182 702 702 815 702 702 702 513 815 702 702 482 815
702 815 702 513 702 815 702 513 182 513 70 513 380 815 513 815 513 513 513 182 513 702 815 182 513 513