0 0
1 1
2 0
3 1
4 1
5 1
6 1
7 1
8 1
9 1
10 0
11 1
12 1
13 1
14 0
15 0
16 0
17 0
18 0
19 1
20 0
21 1
22 0
23 0
24 0
25 0
26 1
27 1
28 1
29 1
30 1
31 0
32 1
33 0
34 0
35 1
36 1
37 1
38 1
39 0
40 1
41 0
42 0
43 1
44 0
45 0
46 1
47 0
48 1
49 0
50 1
51 0
52 1
53 0
54 1
55 1
56 1
57 1
58 1
59 1
60 1
61 1
62 1
63 0
64 1
65 0
66 1
67 1
68 1
69 0
70 1
71 0
72 0
73 0
74 0
75 1
76 1
77 0
78 0
79 0
80 0
81 0
82 0
83 1
84 1
85 0
86 1
87 1
88 0
89 0
90 1
91 0
92 0
93 1
94 0
95 1
96 1
97 0
98 0
99 0
100 0
101 1
102 1
103 0
104 1
105 1
106 1
107 1
108 0
109 1
110 0
111 1
112 1
113 0
114 0
115 1
116 1
117 1
118 1
119 1
120 0
121 0
122 1
123 1
124 1
125 0
126 1
127 1
128 0
129 1
130 1
131 1
132 0
133 0
134 0
135 0
136 1
137 1
138 1
139 0
140 0
141 1
142 1
143 0
144 1
145 1
146 1
147 0
148 1
149 1
150 0
151 0
152 0
153 1
154 0
155 1
156 0
157 0
158 1
159 0
160 0
161 1
162 1
163 0
164 0
165 0
166 1
167 1
168 1
169 1
170 0
171 1
172 0
173 1
174 0
175 0
176 0
177 1
178 1
179 1
180 0
181 0
182 0
183 1
184 0
185 1
186 0
187 1
188 1
189 0
190 0
191 1
192 0
193 0
194 1
195 0
196 0
197 0
198 0
199 0
200 1
201 0
202 0
203 0
204 0
205 1
206 0
207 0
208 1
209 1
210 0
211 1
212 1
213 0
214 1
215 0
216 0
217 0
218 1
219 1
220 1
221 1
222 0
223 1
224 0
225 0
226 0
227 0
228 0
229 0
230 0
231 0
232 0
233 0
234 1
235 0
236 0
237 0
238 0
239 0
240 0
241 0
242 0
243 1
244 0
245 0
246 0
247 0
248 1
249 0
250 1
251 1
252 0
253 0
254 0
255 0
256 0
257 0
258 1
259 1
260 0
261 0
262 1
263 0
264 0
265 0
266 0
267 0
268 1
269 0
270 1
271 0
272 0
273 1
274 0
275 0
276 0
277 1
278 0
279 1
280 1
281 0
282 0
283 0
284 0
285 1
286 1
287 0
288 0
289 1
290 1
291 0
292 0
293 0
294 1
295 1
296 1
297 1
298 1
299 0
300 1
301 0
302 1
303 1
304 1
305 1
306 1
307 1
308 0
309 1
310 1
311 0
312 0
313 0
314 1
315 1
316 1
317 0
318 0
319 1
320 1
321 1
322 1
323 1
324 0
325 0
326 1
327 0
328 1
329 1
330 0
331 1
332 0
333 1
334 0
335 0
336 0
337 0
338 0
339 0
340 0
341 0
342 1
343 1
344 1
345 1
346 0
347 0
348 1
349 0
350 0
351 0
352 0
353 1
354 1
355 0
356 1
357 1
358 0
359 0
360 1
361 1
362 1
363 0
364 1
365 1
366 0
367 0
368 1
369 0
370 0
371 0
372 1
373 1
374 0
375 1
376 0
377 0
378 1
379 0
380 0
381 1
382 0
383 1
384 1
385 1
386 1
387 1
388 0
389 1
390 0
391 1
392 0
393 1
394 1
395 0
396 0
397 1
398 1
399 0
400 0
401 0
402 1
403 1
404 1
405 0
406 0
407 0
408 0
409 0
410 0
411 1
412 1
413 0
414 1
415 1
416 0
417 0
418 0
419 1
420 0
421 1
422 0
423 0
424 0
425 1
426 0
427 1
428 1
429 1
430 1
431 1
432 1
433 0
434 0
435 0
436 0
437 0
438 0
439 1
440 1
441 1
442 0
443 1
444 1
445 0
446 0
447 0
448 1
449 0
450 0
451 0
452 1
453 1
454 0
455 0
456 0
457 1
458 0
459 0
460 0
461 1
462 0
463 0
464 0
465 1
466 0
467 0
468 1
469 1
470 1
471 0
472 0
473 0
474 0
475 1
476 1
477 0
478 0
479 1
480 1
481 1
482 0
483 1
484 0
485 1
486 0
487 1
488 0
489 1
490 1
491 0
492 0
493 0
494 1
495 0
496 1
497 0
498 1
499 0
500 0
501 0
502 0
503 0
504 0
505 1
506 1
507 1
508 0
509 0
510 0
511 0
512 0
513 1
514 0
515 1
516 1
517 0
518 1
519 0
520 1
521 0
522 0
523 0
524 0
525 0
526 1
527 1
528 1
529 0
530 0
531 1
532 1
533 0
534 0
535 1
536 1
537 0
538 1
539 0
540 1
541 1
542 0
543 1
544 0
545 1
546 1
547 1
548 0
549 1
550 0
551 1
552 0
553 0
554 0
555 0
556 1
557 1
558 0
559 0
560 0
561 1
562 0
563 0
564 1
565 0
566 1
567 1
568 0
569 0
570 1
571 0
572 1
573 0
574 1
575 1
576 1
577 1
578 0
579 0
580 0
581 0
582 0
583 0
584 0
585 0
586 1
587 1
588 1
589 1
590 0
591 0
592 0
593 0
594 1
595 1
596 1
597 0
598 1
599 0
600 0
601 0
602 1
603 0
604 1
605 0
606 1
607 1
608 1
609 0
610 1
611 1
612 0
613 1
614 0
615 1
616 0
617 1
618 0
619 0
620 0
621 0
622 1
623 1
624 0
625 1
626 1
627 0
628 1
629 1
630 1
631 1
632 1
633 0
634 0
635 0
636 0
637 0
638 0
639 1
640 0
641 0
642 0
643 0
644 0
645 0
646 0
647 1
648 0
649 0
650 0
651 0
652 0
653 1
654 1
655 1
656 1
657 1
658 0
659 1
660 1
661 0
662 0
663 0
664 0
665 1
666 0
667 1
668 0
669 0
670 1
671 1
672 0
673 0
674 0
675 1
676 0
677 0
678 0
679 0
680 1
681 1
682 0
683 0
684 0
685 0
686 0
687 1
688 0
689 0
690 0
691 0
692 0
693 1
694 1
695 0
696 0
697 0
698 0
699 1
700 1
701 1
702 0
703 0
704 1
705 0
706 1
707 1
708 0
709 1
710 1
711 1
712 1
713 0
714 1
715 0
716 0
717 0
718 0
719 0
720 1
721 0
722 0
723 1
724 1
725 0
726 0
727 0
728 1
729 1
730 0
731 1
732 0
733 0
734 1
735 0
736 1
737 0
738 1
739 0
740 0
741 1
742 0
743 0
744 0
745 1
746 1
747 0
748 0
749 0
750 0
751 0
752 1
753 0
754 0
755 1
756 1
757 0
758 0
759 1
760 0
761 0
762 1
763 0
764 0
765 1
766 1
767 0
768 0
769 1
770 1
771 1
772 0
773 1
774 1
775 1
776 0
777 0
778 0
779 1
780 0
781 1
782 0
783 1
784 0
785 0
786 1
787 0
788 0
789 1
790 0
791 0
792 0
793 1
794 0
795 1
796 0
797 1
798 0
799 0
800 1
801 1
802 1
803 1
804 0
805 1
806 0
807 1
808 0
809 0
810 0
811 0
812 0
813 0
814 1
815 0
816 0
817 1
818 1
819 1
820 1
821 1
822 1
823 0
824 0
825 0
826 1
827 1
828 1
829 1
830 0
831 0
832 0
833 1
834 1
835 0
836 1
837 1
838 0
839 0
840 1
841 0
842 0
843 0
844 1
845 0
846 0
847 0
848 0
849 0
850 0
851 0
852 1
853 1
854 0
855 0
856 0
857 0
858 0
859 0
860 1
861 1
862 1
863 0
864 0
865 0
866 1
867 1
868 1
869 1
870 1
871 1
872 0
873 0
874 1
875 1
876 1
877 0
878 1
879 0
880 0
881 0
882 1
883 0
884 1
885 0
886 0
887 1
888 0
889 1
890 0
891 0
892 0
893 1
894 0
895 1
896 1
897 0
898 1
899 1
900 0
901 0
902 0
903 1
904 0
905 0
906 1
907 1
908 1
909 1
910 1
911 1
912 1
913 0
914 0
915 0
916 0
917 0
918 1
919 1
920 1
921 1
922 0
923 1
924 1
925 0
926 0
927 1
928 0
929 0
930 1
931 1
932 0
933 1
934 1
935 0
936 0
937 0
938 0
939 1
940 0
941 1
942 0
943 0
944 1
945 0
946 0
947 1
948 0
949 1
950 0
951 0
952 1
953 0
954 1
955 0
956 0
957 1
958 0
959 0
960 1
961 0
962 0
963 0
964 0
965 1
966 1
967 0
968 1
969 1
970 1
971 1
972 1
973 0
974 0
975 1
976 0
977 0
978 1
979 1
980 1
981 1
982 0
983 1
984 0
985 1
986 1
987 0
988 1
989 0
990 0
991 1
992 0
993 0
994 1
995 1
996 0
997 1
998 1
999 0
1000 1
1001 1
1002 0
1003 1
1004 1
1005 0
1006 0
1007 0
1008 0
1009 1
1010 1
1011 1
1012 0
1013 0
1014 0
1015 0
1016 1
1017 0
1018 1
1019 0
1020 0
1021 0
1022 0
1023 1
1024 0
1025 0
1026 1
1027 0
1028 0
1029 1
1030 1
1031 1
1032 0
1033 0
1034 1
1035 0
1036 0
1037 1
1038 1
1039 1
1040 1
1041 0
1042 1
1043 0
1044 1
1045 0
1046 1
1047 1
1048 1
1049 1
1050 1
1051 0
1052 1
1053 0
1054 0
1055 1
1056 1
1057 0
1058 1
1059 0
1060 0
1061 1
1062 0
1063 0
1064 1
1065 1
1066 0
1067 1
1068 0
1069 0
1070 0
1071 0
1072 0
1073 0
1074 0
1075 0
1076 1
1077 1
1078 0
1079 0
1080 1
1081 0
1082 0
1083 1
1084 1
1085 1
1086 1
1087 1
1088 1
1089 1
1090 1
1091 0
1092 0
1093 0
1094 0
1095 0
1096 0
1097 0
1098 1
1099 0
1100 0
1101 0
1102 1
1103 0
1104 0
1105 1
1106 1
1107 1
1108 0
1109 1
1110 1
1111 1
1112 1
1113 1
1114 1
1115 0
1116 1
1117 0
1118 0
1119 1
1120 0
1121 0
1122 0
1123 1
1124 0
1125 0
1126 1
1127 0
1128 1
1129 0
1130 0
1131 0
1132 1
1133 1
1134 1
1135 1
1136 0
1137 1
1138 0
1139 1
1140 0
1141 0
1142 1
1143 0
1144 1
1145 1
1146 1
1147 0
1148 1
1149 0
1150 1
1151 1
1152 0
1153 1
1154 0
1155 0
1156 1
1157 1
1158 0
1159 1
1160 1
1161 0
1162 1
1163 0
1164 0
1165 1
1166 1
1167 1
1168 0
1169 1
1170 0
1171 0
1172 1
1173 0
1174 0
1175 1
1176 1
1177 0
1178 0
1179 0
1180 0
1181 0
1182 1
1183 0
1184 1
1185 1
1186 1
1187 1
1188 0
1189 0
1190 1
1191 1
1192 0
1193 1
1194 0
1195 1
1196 0
1197 0
1198 0
1199 1
1200 0
1201 0
1202 1
1203 0
1204 1
1205 1
1206 0
1207 0
1208 1
1209 0
1210 0
1211 1
1212 1
1213 0
1214 0
1215 1
1216 0
1217 0
1218 0
1219 1
1220 1
1221 0
1222 1
1223 1
1224 0
1225 0
1226 1
1227 1
1228 0
1229 1
1230 0
1231 0
1232 0
1233 0
1234 1
1235 0
1236 1
1237 1
1238 1
1239 1
1240 1
1241 0
1242 1
1243 1
1244 1
1245 0
1246 0
1247 0
1248 1
1249 1
1250 1
1251 1
1252 1
1253 0
1254 1
1255 0
1256 1
1257 0
1258 1
1259 0
1260 0
1261 1
1262 0
1263 0
1264 0
1265 1
1266 0
1267 0
1268 0
1269 1
1270 0
1271 1
1272 0
1273 0
1274 1
1275 1
1276 0
1277 1
1278 0
1279 0
1280 0
1281 0
1282 1
1283 1
1284 1
1285 0
1286 0
1287 1
1288 0
1289 0
1290 1
1291 0
1292 0
1293 0
1294 0
1295 0
1296 0
1297 0
1298 1
1299 1
1300 0
1301 0
1302 0
1303 0
1304 0
1305 1
1306 0
1307 0
1308 0
1309 0
1310 1
1311 0
1312 0
1313 1
1314 0
1315 0
1316 1
1317 0
1318 1
1319 0
1320 1
1321 1
1322 0
1323 0
1324 0
1325 1
1326 0
1327 0
1328 0
1329 0
1330 1
1331 0
1332 1
1333 0
1334 0
1335 0
1336 0
1337 0
1338 1
1339 1
1340 0
1341 1
1342 0
1343 0
1344 1
1345 0
1346 0
1347 1
1348 1
1349 1
1350 1
1351 1
1352 0
1353 0
1354 0
1355 1
1356 0
1357 1
1358 0
1359 0
1360 0
1361 1
1362 1
1363 1
1364 0
1365 1
1366 1
1367 0
1368 0
1369 0
1370 0
1371 0
1372 1
1373 0
1374 0
1375 0
1376 1
1377 0
1378 0
1379 0
1380 0
1381 1
1382 0
1383 1
1384 0
1385 0
1386 1
1387 1
1388 0
1389 0
1390 1
1391 0
1392 1
1393 0
1394 0
1395 1
1396 0
1397 0
1398 0
1399 0
1400 1
1401 0
1402 1
1403 0
1404 0
1405 0
1406 0
1407 0
1408 1
1409 0
1410 0
1411 0
1412 0
1413 0
1414 0
1415 0
1416 1
1417 0
1418 1
1419 1
1420 1
1421 1
1422 0
1423 0
1424 1
1425 1
1426 0
1427 0
1428 1
1429 0
1430 1
1431 0
1432 0
1433 0
1434 0
1435 0
1436 0
1437 0
1438 0
1439 0
1440 0
1441 0
1442 0
1443 0
1444 1
1445 1
1446 0
1447 0
1448 0
1449 1
1450 1
1451 1
1452 0
1453 1
1454 0
1455 0
1456 1
1457 0
1458 1
1459 0
1460 0
1461 0
1462 0
1463 1
1464 1
1465 1
1466 0
1467 1
1468 1
1469 0
1470 1
1471 0
1472 0
1473 1
1474 0
1475 0
1476 0
1477 1
1478 1
1479 1
1480 1
1481 1
1482 0
1483 1
1484 0
1485 1
1486 1
1487 0
1488 1
1489 0
1490 0
1491 0
1492 1
1493 0
1494 0
1495 1
1496 0
1497 0
1498 0
1499 1
1500 1
1501 0
1502 0
1503 1
1504 0
1505 0
1506 1
1507 1
1508 1
1509 0
1510 0
1511 1
1512 0
1513 0
1514 1
1515 1
1516 1
1517 1
1518 1
1519 1
1520 0
1521 1
1522 1
1523 0
1524 0
1525 1
1526 0
1527 0
1528 1
1529 0
1530 1
1531 0
1532 0
1533 0
1534 0
1535 0
1536 1
1537 1
1538 0
1539 0
1540 0
1541 0
1542 0
1543 1
1544 1
1545 0
1546 0
1547 1
1548 1
1549 1
1550 1
1551 0
1552 1
1553 1
1554 0
1555 1
1556 0
1557 0
1558 1
1559 1
1560 0
1561 0
1562 0
1563 0
1564 0
1565 0
1566 0
1567 0
1568 0
1569 0
1570 0
1571 1
1572 1
1573 0
1574 0
1575 1
1576 1
1577 1
1578 0
1579 0
1580 0
1581 0
1582 0
1583 0
1584 1
1585 1
1586 0
1587 0
1588 1
1589 1
1590 1
1591 0
1592 1
1593 0
1594 0
1595 1
1596 0
1597 0
1598 0
1599 0
1600 0
1601 1
1602 1
1603 0
1604 0
1605 0
1606 0
1607 1
1608 1
1609 0
1610 0
1611 0
1612 0
1613 0
1614 1
1615 0
1616 0
1617 0
1618 0
1619 1
1620 1
1621 1
1622 1
1623 0
1624 0
1625 1
1626 1
1627 1
1628 0
1629 0
1630 1
1631 0
1632 0
1633 0
1634 0
1635 1
1636 0
1637 0
1638 0
1639 1
1640 0
1641 0
1642 0
1643 0
1644 0
1645 1
1646 1
1647 0
1648 0
1649 0
1650 1
1651 0
1652 1
1653 1
1654 1
1655 0
1656 1
1657 1
1658 1
1659 1
1660 0
1661 1
1662 0
1663 0
1664 1
1665 0
1666 1
1667 0
1668 0
1669 0
1670 1
1671 0
1672 0
1673 1
1674 1
1675 0
1676 0
1677 1
1678 0
1679 0
1680 1
1681 0
1682 0
1683 0
1684 0
1685 1
1686 1
1687 0
1688 0
1689 0
1690 0
1691 1
1692 0
1693 1
1694 0
1695 0
1696 0
1697 0
1698 0
1699 1
1700 0
1701 1
1702 1
1703 1
1704 0
1705 0
1706 1
1707 0
1708 0
1709 1
1710 1
1711 1
1712 0
1713 1
1714 0
1715 0
1716 0
1717 1
1718 1
1719 0
1720 1
1721 0
1722 0
1723 0
1724 0
1725 0
1726 0
1727 0
1728 0
1729 0
1730 0
1731 1
1732 0
1733 0
1734 1
1735 0
1736 1
1737 0
1738 1
1739 1
1740 0
1741 0
1742 0
1743 0
1744 0
1745 0
1746 1
1747 0
1748 0
1749 1
1750 0
1751 1
1752 0
1753 0
1754 1
1755 0
1756 1
1757 1
1758 1
1759 1
1760 1
1761 0
1762 0
1763 1
1764 1
1765 0
1766 0
1767 1
1768 0
1769 1
1770 0
1771 1
1772 0
1773 1
1774 0
1775 1
1776 0
1777 0
1778 1
1779 1
1780 1
1781 1
1782 1
1783 0
1784 0
1785 1
1786 0
1787 0
1788 1
1789 1
1790 1
1791 0
1792 0
1793 1
1794 1
1795 1
1796 1
1797 1
1798 0
1799 0
1800 1
1801 0
1802 1
1803 0
1804 1
1805 0
1806 0
1807 1
1808 1
1809 0
1810 1
1811 0
1812 1
1813 0
1814 1
1815 1
1816 0
1817 1
1818 0
1819 0
1820 1
1821 0
1822 0
1823 0
1824 1
1825 0
1826 1
1827 0
1828 0
1829 0
1830 0
1831 1
1832 0
1833 0
1834 0
1835 1
1836 1
1837 0
1838 1
1839 0
1840 1
1841 1
1842 0
1843 0
1844 1
1845 1
1846 1
1847 0
1848 0
1849 0
1850 1
1851 1
1852 1
1853 0
1854 0
1855 0
1856 1
1857 0
1858 0
1859 0
1860 1
1861 0
1862 0
1863 1
1864 1
1865 0
1866 0
1867 0
1868 1
1869 0
1870 0
1871 1
1872 0
1873 0
1874 0
1875 1
1876 0
1877 0
1878 0
1879 1
1880 1
1881 1
1882 0
1883 0
1884 0
1885 0
1886 0
1887 0
1888 0
1889 1
1890 1
1891 0
1892 0
1893 1
1894 0
1895 0
1896 1
1897 0
1898 1
1899 0
1900 1
1901 1
1902 0
1903 0
1904 0
1905 1
1906 1
1907 0
1908 0
1909 1
1910 0
1911 1
1912 1
1913 0
1914 1
1915 1
1916 0
1917 1
1918 1
1919 0
1920 1
1921 0
1922 1
1923 0
1924 0
1925 1
1926 1
1927 1
1928 0
1929 0
1930 1
1931 1
1932 1
1933 0
1934 0
1935 1
1936 0
1937 1
1938 1
1939 0
1940 0
1941 1
1942 1
1943 1
1944 1
1945 0
1946 1
1947 0
1948 0
1949 1
1950 0
1951 1
1952 0
1953 1
1954 1
1955 1
1956 1
1957 0
1958 1
1959 0
1960 0
1961 0
1962 0
1963 1
1964 0
1965 1
1966 0
1967 0
1968 0
1969 0
1970 1
1971 1
1972 1
1973 1
1974 1
1975 0
1976 1
1977 0
1978 1
1979 0
1980 0
1981 0
1982 1
1983 1
1984 0
1985 0
1986 0
1987 1
1988 1
1989 1
1990 0
1991 0
1992 0
1993 1
1994 0
1995 0
1996 0
1997 0
1998 0
1999 0
2000 0
2001 0
2002 0
2003 0
2004 1
2005 0
2006 1
2007 0
2008 1
2009 1
2010 0
2011 1
2012 0
2013 1
2014 0
2015 1
2016 0
2017 0
2018 0
2019 0
2020 0
2021 0
2022 0
2023 1
2024 1
2025 0
2026 1
2027 1
2028 0
2029 0
2030 0
2031 1
2032 0
2033 0
2034 1
2035 1
2036 1
2037 0
2038 1
2039 1
2040 0
2041 0
2042 1
2043 0
2044 0
2045 1
2046 0
2047 0
2048 0
2049 1
2050 1
2051 0
2052 0
2053 1
2054 0
2055 0
2056 1
2057 1
2058 1
2059 0
2060 0
2061 1
2062 0
2063 0
2064 0
2065 1
2066 0
2067 0
2068 0
2069 1
2070 0
2071 0
2072 1
2073 1
2074 0
2075 0
2076 0
2077 0
2078 1
2079 0
2080 0
2081 0
2082 1
2083 1
2084 0
2085 1
2086 0
2087 1
2088 0
2089 0
2090 0
2091 1
2092 0
2093 1
2094 1
2095 1
2096 1
2097 0
2098 1
2099 0
2100 0
2101 0
2102 1
2103 0
2104 0
2105 0
2106 0
2107 0
2108 0
2109 1
2110 1
2111 0
2112 1
2113 0
2114 0
2115 0
2116 0
2117 0
2118 0
2119 1
2120 1
2121 0
2122 1
2123 0
2124 0
2125 1
2126 1
2127 0
2128 0
2129 1
2130 0
2131 0
2132 0
2133 1
2134 0
2135 0
2136 1
2137 0
2138 1
2139 0
2140 0
2141 1
2142 0
2143 1
2144 1
2145 0
2146 1
2147 1
2148 1
2149 0
2150 1
2151 0
2152 0
2153 1
2154 0
2155 0
2156 1
2157 1
2158 1
2159 1
2160 1
2161 0
2162 0
2163 0
2164 1
2165 1
2166 0
2167 1
2168 0
2169 0
2170 1
2171 0
2172 0
2173 1
2174 1
2175 1
2176 1
2177 1
2178 1
2179 0
2180 1
2181 1
2182 0
2183 1
2184 0
2185 1
2186 0
2187 1
2188 1
2189 1
2190 0
2191 0
2192 1
2193 1
2194 1
2195 0
2196 1
2197 0
2198 0
2199 0
2200 0
2201 1
2202 0
2203 0
2204 0
2205 0
2206 0
2207 1
2208 0
2209 0
2210 1
2211 1
2212 1
2213 1
2214 0
2215 0
2216 1
2217 1
2218 1
2219 0
2220 0
2221 0
2222 0
2223 1
2224 0
2225 0
2226 0
2227 1
2228 1
2229 1
2230 1
2231 1
2232 0
2233 1
2234 1
2235 0
2236 1
2237 1
2238 1
2239 1
2240 0
2241 0
2242 0
2243 1
2244 1
2245 1
2246 0
2247 0
2248 0
2249 0
2250 0
2251 1
2252 1
2253 0
2254 0
2255 1
2256 0
2257 0
2258 1
2259 0
2260 0
2261 1
2262 1
2263 1
2264 0
2265 1
2266 0
2267 0
2268 1
2269 0
2270 1
2271 0
2272 0
2273 1
2274 0
2275 1
2276 0
2277 1
2278 0
2279 1
2280 1
2281 0
2282 0
2283 1
2284 1
2285 1
2286 0
2287 1
2288 0
2289 0
2290 0
2291 1
2292 1
2293 1
2294 0
2295 0
2296 0
2297 0
2298 1
2299 1
2300 0
2301 0
2302 1
2303 1
2304 1
2305 0
2306 1
2307 0
2308 0
2309 0
2310 1
2311 1
2312 1
2313 1
2314 0
2315 1
2316 0
2317 0
2318 1
2319 0
2320 1
2321 1
2322 1
2323 1
2324 0
2325 0
2326 1
2327 0
2328 0
2329 0
2330 0
2331 1
2332 0
2333 0
2334 1
2335 1
2336 1
2337 0
2338 0
2339 0
2340 1
2341 0
2342 1
2343 0
2344 1
2345 1
2346 0
2347 0
2348 0
2349 0
2350 1
2351 0
2352 1
2353 1
2354 1
2355 0
2356 0
2357 1
2358 0
2359 1
2360 1
2361 0
2362 0
2363 1
2364 0
2365 1
2366 0
2367 0
2368 1
2369 1
2370 1
2371 0
2372 1
2373 1
2374 0
2375 1
2376 0
2377 0
2378 0
2379 1
2380 0
2381 1
2382 1
2383 0
2384 0
2385 0
2386 1
2387 0
2388 0
2389 1
2390 1
2391 0
2392 1
2393 0
2394 1
2395 0
2396 0
2397 0
2398 0
2399 0
2400 1
2401 1
2402 0
2403 0
2404 0
2405 0
2406 1
2407 1
2408 0
2409 0
2410 0
2411 0
2412 1
2413 1
2414 1
2415 0
2416 0
2417 0
2418 1
2419 1
2420 1
2421 0
2422 1
2423 1
2424 1
2425 1
2426 0
2427 0
2428 1
2429 1
2430 1
2431 1
2432 1
2433 0
2434 0
2435 1
2436 0
2437 0
2438 1
2439 0
2440 1
2441 1
2442 1
2443 1
2444 0
2445 0
2446 1
2447 0
2448 0
2449 1
2450 0
2451 1
2452 1
2453 1
2454 0
2455 1
2456 0
2457 0
2458 0
2459 0
2460 1
2461 1
2462 1
2463 1
2464 1
2465 0
2466 0
2467 0
2468 0
2469 0
2470 1
2471 1
2472 0
2473 0
2474 0
2475 1
2476 0
2477 0
2478 0
2479 0
2480 0
2481 0
2482 1
2483 0
2484 0
2485 1
2486 0
2487 1
2488 0
2489 0
2490 1
2491 0
2492 0
2493 0
2494 1
2495 1
2496 0
2497 0
2498 1
2499 1
2500 1
2501 0
2502 0
2503 1
2504 1
2505 0
2506 1
2507 1
2508 1
2509 1
2510 0
2511 0
2512 0
2513 1
2514 1
2515 1
2516 1
2517 0
2518 1
2519 0
2520 1
2521 1
2522 0
2523 0
2524 1
2525 0
2526 0
2527 0
2528 1
2529 0
2530 0
2531 1
2532 1
2533 0
2534 1
2535 1
2536 0
2537 0
2538 1
2539 0
2540 1
2541 1
2542 0
2543 0
2544 1
2545 1
2546 0
2547 0
2548 1
2549 0
2550 1
2551 1
2552 0
2553 0
2554 0
2555 0
2556 1
2557 0
2558 1
2559 1
2560 1
2561 1
2562 0
2563 1
2564 0
2565 1
2566 1
2567 1
2568 1
2569 1
2570 1
2571 0
2572 1
2573 0
2574 0
2575 0
2576 0
2577 0
2578 0
2579 0
2580 1
2581 0
2582 0
2583 0
2584 0
2585 0
2586 0
2587 0
2588 0
2589 1
2590 0
2591 1
2592 0
2593 1
2594 1
2595 1
2596 1
2597 0
2598 0
2599 1
2600 1
2601 1
2602 0
2603 0
2604 1
2605 0
2606 0
2607 1
2608 1
2609 0
2610 1
2611 0
2612 0
2613 0
2614 1
2615 1
2616 1
2617 1
2618 0
2619 0
2620 0
2621 1
2622 0
2623 0
2624 1
2625 0
2626 0
2627 1
2628 0
2629 0
2630 0
2631 1
2632 0
2633 1
2634 1
2635 0
2636 0
2637 1
2638 1
2639 0
2640 1
2641 1
2642 0
2643 1
2644 0
2645 0
2646 0
2647 0
2648 0
2649 0
2650 0
2651 1
2652 0
2653 0
2654 0
2655 0
2656 1
2657 1
2658 1
2659 0
2660 0
2661 1
2662 1
2663 1
2664 1
2665 0
2666 1
2667 1
2668 1
2669 1
2670 1
2671 0
2672 0
2673 1
2674 0
2675 0
2676 1
2677 1
2678 1
2679 0
2680 0
2681 1
2682 1
2683 0
2684 1
2685 0
2686 1
2687 0
2688 0
2689 1
2690 1
2691 0
2692 0
2693 0
2694 0
2695 1
2696 0
2697 1
2698 0
2699 0
2700 0
2701 1
2702 1
2703 0
2704 1
2705 0
2706 0
2707 0
2708 1
2709 1
2710 0
2711 0
2712 1
2713 0
2714 0
2715 1
2716 0
2717 1
2718 1
2719 1
2720 1
2721 1
2722 0
2723 1
2724 0
2725 1
2726 1
2727 0
2728 0
2729 1
2730 1
2731 0
2732 1
2733 0
2734 0
2735 0
2736 1
2737 1
2738 1
2739 0
2740 1
2741 0
2742 1
2743 0
2744 1
2745 0
2746 0
2747 0
2748 0
2749 1
2750 1
2751 0
2752 0
2753 1
2754 1
2755 0
2756 1
2757 0
2758 1
2759 0
2760 1
2761 1
2762 0
2763 1
2764 0
2765 1
2766 1
2767 0
2768 1
2769 1
2770 1
2771 1
2772 0
2773 0
2774 1
2775 0
2776 0
2777 0
2778 0
2779 0
2780 1
2781 0
2782 1
2783 0
2784 0
2785 1
2786 0
2787 0
2788 1
2789 0
2790 1
2791 0
2792 1
2793 0
2794 1
2795 1
2796 0
2797 1
2798 0
2799 1
2800 0
2801 1
2802 1
2803 0
2804 0
2805 0
2806 0
2807 0
2808 1
2809 1
2810 1
2811 0
2812 1
2813 1
2814 0
2815 0
2816 0
2817 0
2818 0
2819 1
2820 1
2821 1
2822 1
2823 1
2824 1
2825 0
2826 0
2827 1
2828 1
2829 0
2830 1
2831 0
2832 0
2833 0
2834 1
2835 1
2836 0
2837 0
2838 0
2839 1
2840 0
2841 1
2842 1
2843 0
2844 0
2845 0
2846 1
2847 0
2848 1
2849 0
2850 1
2851 1
2852 0
2853 0
2854 1
2855 0
2856 1
2857 0
2858 0
2859 0
2860 0
2861 1
2862 0
2863 0
2864 1
2865 0
2866 0
2867 0
2868 0
2869 1
2870 1
2871 1
2872 0
2873 0
2874 1
2875 1
2876 1
2877 1
2878 1
2879 1
2880 1
2881 0
2882 1
2883 1
2884 1
2885 0
2886 0
2887 0
2888 1
2889 1
2890 0
2891 0
2892 0
2893 1
2894 0
2895 1
2896 0
2897 0
2898 0
2899 1
2900 1
2901 1
2902 0
2903 0
2904 0
2905 0
2906 0
2907 0
2908 1
2909 1
2910 1
2911 0
2912 0
2913 1
2914 1
2915 0
2916 0
2917 0
2918 0
2919 0
2920 0
2921 0
2922 1
2923 0
2924 0
2925 0
2926 1
2927 0
2928 0
2929 1
2930 0
2931 0
2932 0
2933 1
2934 1
2935 0
2936 0
2937 0
2938 0
2939 1
2940 0
2941 0
2942 0
2943 0
2944 0
2945 0
2946 1
2947 0
2948 0
2949 1
2950 0
2951 1
2952 0
2953 0
2954 1
2955 1
2956 0
2957 0
2958 0
2959 1
2960 0
2961 1
2962 1
2963 0
2964 1
2965 0
2966 0
2967 1
2968 1
2969 0
2970 0
2971 1
2972 0
2973 1
2974 0
2975 0
2976 0
2977 1
2978 0
2979 1
2980 0
2981 0
2982 0
2983 0
2984 0
2985 0
2986 1
2987 0
2988 0
2989 0
2990 1
2991 0
2992 0
2993 0
2994 1
2995 1
2996 1
2997 0
2998 0
2999 0
3000 1
3001 0
3002 1
3003 0
3004 0
3005 1
3006 1
3007 0
3008 1
3009 0
3010 1
3011 0
3012 1
3013 0
3014 0
3015 0
3016 0
3017 0
3018 1
3019 1
3020 0
3021 1
3022 0
3023 0
3024 0
3025 1
3026 0
3027 0
3028 0
3029 1
3030 0
3031 1
3032 1
3033 0
3034 1
3035 1
3036 0
3037 1
3038 0
3039 1
3040 0
3041 0
3042 1
3043 1
3044 0
3045 1
3046 0
3047 0
3048 1
3049 1
3050 0
3051 0
3052 1
3053 1
3054 0
3055 0
3056 0
3057 0
3058 0
3059 0
3060 0
3061 1
3062 0
3063 1
3064 1
3065 1
3066 0
3067 1
3068 1
3069 1
3070 0
3071 0
3072 0
3073 0
3074 0
3075 0
3076 0
3077 0
3078 1
3079 1
3080 0
3081 1
3082 1
3083 0
3084 1
3085 1
3086 1
3087 1
3088 0
3089 0
3090 1
3091 0
3092 0
3093 0
3094 1
3095 1
3096 1
3097 1
3098 0
3099 0
3100 1
3101 0
3102 0
3103 1
3104 1
3105 1
3106 0
3107 1
3108 0
3109 1
3110 0
3111 0
3112 0
3113 1
3114 1
3115 0
3116 0
3117 1
3118 1
3119 1
3120 0
3121 0
3122 0
3123 0
3124 0
3125 0
3126 0
3127 0
3128 0
3129 0
3130 0
3131 0
3132 0
3133 0
3134 1
3135 0
3136 0
3137 0
3138 0
3139 1
3140 0
3141 0
3142 1
3143 0
3144 1
3145 1
3146 1
3147 0
3148 1
3149 1
3150 0
3151 1
3152 0
3153 1
3154 1
3155 1
3156 1
3157 1
3158 0
3159 0
3160 1
3161 0
3162 0
3163 0
3164 0
3165 0
3166 0
3167 1
3168 1
3169 0
3170 0
3171 1
3172 0
3173 0
3174 1
3175 0
3176 0
3177 0
3178 0
3179 0
3180 1
3181 1
3182 1
3183 0
3184 1
3185 1
3186 1
3187 0
3188 0
3189 0
3190 0
3191 0
3192 0
3193 0
3194 1
3195 0
3196 1
3197 0
3198 0
3199 0
3200 0
3201 0
3202 0
3203 0
3204 1
3205 0
3206 0
3207 0
3208 1
3209 1
3210 1
3211 0
3212 1
3213 1
3214 1
3215 1
3216 1
3217 1
3218 1
3219 0
3220 0
3221 1
3222 0
3223 0
3224 0
3225 1
3226 1
3227 1
3228 0
3229 0
3230 0
3231 0
3232 0
3233 1
3234 0
3235 1
3236 0
3237 1
3238 1
3239 1
3240 1
3241 1
3242 1
3243 0
3244 1
3245 1
3246 0
3247 0
3248 0
3249 0
3250 1
3251 1
3252 1
3253 0
3254 0
3255 0
3256 1
3257 1
3258 0
3259 0
3260 0
3261 0
3262 0
3263 0
3264 0
3265 0
3266 1
3267 0
3268 1
3269 0
3270 0
3271 0
3272 0
3273 0
3274 0
3275 0
3276 0
3277 0
3278 0
3279 0
3280 1
3281 0
3282 1
3283 1
3284 0
3285 0
3286 0
3287 0
3288 0
3289 1
3290 1
3291 0
3292 0
3293 1
3294 1
3295 0
3296 1
3297 1
3298 1
3299 0
3300 1
3301 0
3302 0
3303 0
3304 1
3305 0
3306 0
3307 1
3308 1
3309 1
3310 1
3311 0
3312 1
3313 0
3314 1
3315 0
3316 0
3317 0
3318 1
3319 0
3320 1
3321 0
3322 0
3323 0
3324 1
3325 0
3326 1
3327 0
3328 0
3329 1
3330 1
3331 1
3332 1
3333 0
3334 1
3335 0
3336 1
3337 1
3338 0
3339 0
3340 1
3341 1
3342 0
3343 0
3344 1
3345 1
3346 0
3347 0
3348 1
3349 1
3350 1
3351 0
3352 1
3353 1
3354 0
3355 0
3356 0
3357 0
3358 1
3359 1
3360 0
3361 0
3362 0
3363 0
3364 0
3365 0
3366 0
3367 0
3368 0
3369 0
3370 0
3371 1
3372 0
3373 1
3374 1
3375 1
3376 0
3377 0
3378 0
3379 1
3380 1
3381 1
3382 0
3383 0
3384 0
3385 0
3386 0
3387 0
3388 0
3389 0
3390 0
3391 0
3392 1
3393 0
3394 0
3395 1
3396 1
3397 0
3398 0
3399 0
3400 0
3401 0
3402 0
3403 1
3404 1
3405 1
3406 0
3407 1
3408 0
3409 0
3410 0
3411 1
3412 0
3413 1
3414 1
3415 1
3416 0
3417 1
3418 1
3419 1
3420 0
3421 0
3422 1
3423 0
3424 0
3425 0
3426 0
3427 1
3428 1
3429 1
3430 1
3431 1
3432 1
3433 0
3434 0
3435 0
3436 0
3437 0
3438 0
3439 0
3440 1
3441 1
3442 1
3443 1
3444 0
3445 1
3446 0
3447 1
3448 1
3449 0
3450 0
3451 1
3452 0
3453 0
3454 1
3455 0
3456 0
3457 1
3458 0
3459 0
3460 0
3461 0
3462 0
3463 1
3464 0
3465 1
3466 1
3467 0
3468 0
3469 0
3470 0
3471 1
3472 0
3473 1
3474 1
3475 0
3476 1
3477 1
3478 0
3479 0
3480 0
3481 1
3482 1
3483 0
3484 0
3485 0
3486 1
3487 1
3488 1
3489 0
3490 1
3491 0
3492 1
3493 0
3494 0
3495 0
3496 1
3497 1
3498 1
3499 0
3500 0
3501 1
3502 1
3503 0
3504 0
3505 0
3506 0
3507 0
3508 0
3509 1
3510 1
3511 0
3512 0
3513 1
3514 0
3515 0
3516 1
3517 0
3518 1
3519 1
3520 0
3521 0
3522 1
3523 0
3524 1
3525 1
3526 1
3527 1
3528 1
3529 0
3530 0
3531 0
3532 0
3533 0
3534 1
3535 1
3536 0
3537 0
3538 1
3539 0
3540 0
3541 0
3542 0
3543 0
3544 0
3545 0
3546 1
3547 0
3548 0
3549 0
3550 1
3551 1
3552 0
3553 1
3554 1
3555 1
3556 0
3557 1
3558 0
3559 0
3560 1
3561 1
3562 0
3563 0
3564 0
3565 1
3566 0
3567 0
3568 1
3569 0
3570 1
3571 0
3572 0
3573 1
3574 1
3575 1
3576 0
3577 0
3578 1
3579 1
3580 0
3581 0
3582 0
3583 1
3584 0
3585 0
3586 0
3587 0
3588 0
3589 1
3590 0
3591 0
3592 1
3593 1
3594 1
3595 0
3596 1
3597 0
3598 0
3599 0
3600 0
3601 0
3602 1
3603 0
3604 1
3605 1
3606 0
3607 0
3608 0
3609 1
3610 1
3611 1
3612 0
3613 0
3614 0
3615 0
3616 0
3617 0
3618 1
3619 0
3620 1
3621 0
3622 1
3623 0
3624 0
3625 1
3626 1
3627 0
3628 1
3629 1
3630 0
3631 0
3632 1
3633 1
3634 0
3635 1
3636 1
3637 0
3638 0
3639 1
3640 0
3641 0
3642 0
3643 1
3644 0
3645 1
3646 0
3647 1
3648 0
3649 0
3650 1
3651 0
3652 1
3653 0
3654 0
3655 0
3656 0
3657 0
3658 1
3659 1
3660 0
3661 0
3662 0
3663 0
3664 0
3665 0
3666 0
3667 0
3668 0
3669 1
3670 0
3671 1
3672 0
3673 1
3674 0
3675 1
3676 0
3677 0
3678 0
3679 0
3680 0
3681 0
3682 0
3683 1
3684 1
3685 1
3686 0
3687 1
3688 1
3689 1
3690 1
3691 1
3692 0
3693 1
3694 1
3695 0
3696 0
3697 1
3698 0
3699 0
3700 1
3701 0
3702 1
3703 0
3704 1
3705 1
3706 0
3707 0
3708 1
3709 0
3710 1
3711 0
3712 0
3713 0
3714 1
3715 0
3716 0
3717 1
3718 0
3719 0
3720 1
3721 0
3722 1
3723 0
3724 1
3725 1
3726 1
3727 0
3728 1
3729 0
3730 0
3731 1
3732 0
3733 0
3734 0
3735 0
3736 1
3737 0
3738 0
3739 0
3740 0
3741 0
3742 0
3743 1
3744 1
3745 0
3746 1
3747 0
3748 0
3749 0
3750 0
3751 1
3752 0
3753 0
3754 0
3755 0
3756 0
3757 1
3758 1
3759 1
3760 1
3761 0
3762 1
3763 1
3764 1
3765 0
3766 1
3767 1
3768 0
3769 0
3770 0
3771 0
3772 0
3773 0
3774 0
3775 0
3776 1
3777 0
3778 1
3779 0
3780 0
3781 1
3782 1
3783 0
3784 1
3785 1
3786 0
3787 1
3788 0
3789 1
3790 1
3791 0
3792 1
3793 0
3794 1
3795 0
3796 0
3797 0
3798 1
3799 0
3800 0
3801 0
3802 1
3803 0
3804 0
3805 1
3806 1
3807 0
3808 1
3809 1
3810 0
3811 0
3812 0
3813 0
3814 1
3815 0
3816 0
3817 1
3818 0
3819 1
3820 1
3821 0
3822 1
3823 0
3824 0
3825 0
3826 0
3827 1
3828 0
3829 0
3830 0
3831 0
3832 1
3833 1
3834 1
3835 1
3836 0
3837 1
3838 1
3839 1
3840 0
3841 0
3842 1
3843 1
3844 0
3845 0
3846 0
3847 0
3848 1
3849 1
3850 0
3851 0
3852 0
3853 1
3854 1
3855 1
3856 0
3857 0
3858 1
3859 0
3860 0
3861 0
3862 1
3863 1
3864 1
3865 1
3866 0
3867 0
3868 0
3869 1
3870 0
3871 1
3872 0
3873 1
3874 1
3875 1
3876 1
3877 0
3878 0
3879 1
3880 1
3881 0
3882 0
3883 1
3884 0
3885 1
3886 1
3887 0
3888 1
3889 1
3890 0
3891 1
3892 1
3893 0
3894 1
3895 1
3896 1
3897 1
3898 0
3899 1
3900 1
3901 0
3902 0
3903 1
3904 0
3905 1
3906 0
3907 1
3908 1
3909 1
3910 0
3911 1
3912 0
3913 0
3914 0
3915 1
3916 0
3917 0
3918 0
3919 1
3920 1
3921 0
3922 1
3923 1
3924 1
3925 1
3926 0
3927 0
3928 0
3929 0
3930 0
3931 0
3932 0
3933 1
3934 1
3935 0
3936 1
3937 1
3938 0
3939 1
3940 1
3941 0
3942 1
3943 0
3944 0
3945 0
3946 1
3947 1
3948 0
3949 0
3950 0
3951 1
3952 0
3953 0
3954 0
3955 1
3956 1
3957 1
3958 1
3959 0
3960 1
3961 1
3962 1
3963 0
3964 1
3965 1
3966 0
3967 1
3968 1
3969 1
3970 0
3971 1
3972 1
3973 0
3974 1
3975 0
3976 0
3977 0
3978 0
3979 0
3980 0
3981 1
3982 1
3983 0
3984 0
3985 1
3986 0
3987 0
3988 1
3989 0
3990 0
3991 0
3992 0
3993 0
3994 0
3995 1
3996 0
3997 1
3998 0
3999 0
4000 1
4001 1
4002 1
4003 1
4004 1
4005 0
4006 0
4007 0
4008 0
4009 0
4010 1
4011 1
4012 1
4013 0
4014 1
4015 1
4016 0
4017 0
4018 1
4019 0
4020 0
4021 0
4022 1
4023 0
4024 0
4025 0
4026 0
4027 0
4028 1
4029 0
4030 1
4031 1
4032 1
4033 1
4034 0
4035 1
4036 1
4037 0
4038 1
4039 1
4040 0
4041 1
4042 0
4043 1
4044 0
4045 0
4046 0
4047 1
4048 0
4049 0
4050 0
4051 1
4052 1
4053 1
4054 1
4055 1
4056 1
4057 0
4058 0
4059 1
4060 0
4061 0
4062 1
4063 0
4064 1
4065 1
4066 0
4067 0
4068 0
4069 0
4070 1
4071 1
4072 0
4073 1
4074 1
4075 1
4076 0
4077 1
4078 1
4079 1
4080 1
4081 0
4082 1
4083 0
4084 0
4085 1
4086 1
4087 0
4088 0
4089 0
4090 0
4091 1
4092 1
4093 0
4094 0
4095 1
4096 0
4097 0
4098 0
4099 1
4100 0
4101 1
4102 1
4103 0
4104 1
4105 0
4106 0
4107 0
4108 1
4109 1
4110 0
4111 1
4112 0
4113 1
4114 0
4115 1
4116 1
4117 0
4118 0
4119 0
4120 0
4121 1
4122 1
4123 0
4124 0
4125 1
4126 1
4127 0
4128 0
4129 1
4130 1
4131 0
4132 0
4133 1
4134 1
4135 0
4136 0
4137 0
4138 0
4139 1
4140 0
4141 0
4142 1
4143 0
4144 1
4145 1
4146 0
4147 1
4148 0
4149 1
4150 1
4151 1
4152 1
4153 0
4154 0
4155 1
4156 0
4157 1
4158 0
4159 0
4160 1
4161 1
4162 1
4163 0
4164 0
4165 1
4166 0
4167 0
4168 1
4169 1
4170 0
4171 0
4172 1
4173 0
4174 1
4175 0
4176 1
4177 0
4178 1
4179 0
4180 1
4181 0
4182 0
4183 0
4184 1
4185 0
4186 0
4187 1
4188 1
4189 1
4190 0
4191 1
4192 0
4193 0
4194 1
4195 0
4196 0
4197 0
4198 1
4199 1
4200 1
4201 0
4202 0
4203 1
4204 1
4205 1
4206 1
4207 1
4208 0
4209 1
4210 0
4211 1
4212 0
4213 1
4214 1
4215 0
4216 0
4217 0
4218 1
4219 1
4220 0
4221 1
4222 1
4223 1
4224 1
4225 0
4226 1
4227 0
4228 1
4229 1
4230 0
4231 1
4232 0
4233 0
4234 1
4235 1
4236 1
4237 0
4238 0
4239 1
4240 1
4241 0
4242 0
4243 0
4244 0
4245 0
4246 1
4247 0
4248 0
4249 1
4250 0
4251 0
4252 0
4253 0
4254 0
4255 0
4256 0
4257 1
4258 1
4259 0
4260 1
4261 0
4262 1
4263 1
4264 0
4265 0
4266 1
4267 1
4268 0
4269 1
4270 0
4271 1
4272 0
4273 1
4274 1
4275 0
4276 1
4277 0
4278 1
4279 0
4280 1
4281 0
4282 0
4283 0
4284 0
4285 0
4286 0
4287 1
4288 1
4289 1
4290 0
4291 1
4292 0
4293 0
4294 0
4295 0
4296 1
4297 1
4298 1
4299 0
4300 0
4301 0
4302 1
4303 0
4304 1
4305 1
4306 1
4307 0
4308 0
4309 1
4310 1
4311 1
4312 0
4313 1
4314 1
4315 1
4316 1
4317 1
4318 0
4319 0
4320 1
4321 0
4322 1
4323 0
4324 0
4325 0
4326 1
4327 1
4328 0
4329 1
4330 0
4331 1
4332 1
4333 1
4334 1
4335 0
4336 0